,index,time,open,high,low,close,volume
0,126,2019-06-13 10:00:00,36.776877368,36.776877368,36.2540301307,36.2540301307,203
1,125,2019-06-13 13:30:00,36.5499813971,36.5499813971,36.5499813971,36.5499813971,184
2,124,2019-06-13 14:30:00,36.756752681900004,36.756752681900004,36.756752681900004,36.756752681900004,114
3,123,2019-06-13 15:00:00,36.7472822414,36.7472822414,36.5006561861,36.5006561861,974
4,122,2019-06-13 15:30:00,36.5302513127,36.5302513127,36.5006561861,36.5006561861,301
5,121,2019-06-13 16:00:00,36.5302513127,36.6880919881,36.5006561861,36.5302513127,1651
6,120,2019-06-14 10:30:00,36.184974835300004,36.184974835300004,36.184974835300004,36.184974835300004,100
7,119,2019-06-14 11:30:00,36.5105212283,36.5105212283,36.5006561861,36.5006561861,1013
8,118,2019-06-14 14:00:00,36.6141041715,36.6141041715,36.6141041715,36.6141041715,100
9,117,2019-06-14 15:00:00,36.5006561861,36.520386270500005,36.5006561861,36.520386270500005,551
10,116,2019-06-14 15:30:00,36.520386270500005,36.520386270500005,36.5006561861,36.5006561861,1580
11,115,2019-06-14 16:00:00,35.8890235689,35.8890235689,35.8890235689,35.8890235689,122
12,114,2019-06-17 10:00:00,36.4014460074,36.4014460074,36.4014460074,36.4014460074,100
13,113,2019-06-17 11:00:00,36.4014460074,36.4014460074,36.4014460074,36.4014460074,100
14,112,2019-06-17 15:00:00,36.5992799531,36.5992799531,36.5992799531,36.5992799531,103
15,111,2019-06-17 15:30:00,36.6091716504,36.6091716504,36.6091716504,36.6091716504,320
16,110,2019-06-17 16:00:00,36.905922568899996,36.905922568899996,36.5992799531,36.5992799531,1218
17,109,2019-06-17 18:00:00,36.6091716504,36.6091716504,36.6091716504,36.6091716504,130
18,108,2019-06-18 10:00:00,34.996824993000004,36.0156698133,34.996824993000004,35.8376192622,529
19,107,2019-06-18 10:30:00,35.906861143200004,35.906861143200004,35.184767241399996,35.184767241399996,1330
20,106,2019-06-18 12:00:00,35.204550636,35.3331427007,34.3714718907,34.3714718907,632
21,105,2019-06-18 12:30:00,34.2153809075,35.0957419658,34.2153809075,35.0067166903,7137
22,104,2019-06-18 13:00:00,35.2639008197,35.2639008197,35.2441174251,35.2441174251,407
23,103,2019-06-18 13:30:00,35.2441174251,35.3529260952,35.2441174251,35.3529260952,465
24,102,2019-06-18 14:30:00,35.412276279000004,35.412276279000004,35.3034676088,35.3034676088,601
25,101,2019-06-18 15:30:00,35.6842979543,35.6842979543,35.6842979543,35.6842979543,103
26,100,2019-06-18 16:00:00,35.5705434355,35.5705434355,35.5705434355,35.5705434355,112
27,99,2019-06-19 14:30:00,35.6740105891,35.8333658324,35.283684214299996,35.283684214299996,1533
28,98,2019-06-19 15:00:00,35.4204863877,35.5003123848,35.2441174251,35.3628177925,1095
29,97,2019-06-19 15:30:00,35.4617347654,35.4617347654,35.4617347654,35.4617347654,142
30,96,2019-06-19 16:00:00,35.2935759115,35.4617347654,34.7000740745,34.719857469000004,2407
31,95,2019-06-20 10:00:00,34.6209404962,34.690182377199996,34.6209404962,34.690182377199996,505
32,94,2019-06-20 10:30:00,35.0561751767,35.0561751767,35.0166083876,35.0561751767,804
33,93,2019-06-20 11:00:00,35.0561751767,35.066066874,35.0561751767,35.066066874,698
34,92,2019-06-20 11:30:00,35.0759585713,35.0759585713,35.0759585713,35.0759585713,100
35,91,2019-06-20 12:00:00,35.0759585713,35.0759585713,35.0759585713,35.0759585713,201
36,90,2019-06-20 12:30:00,35.0759585713,35.0858502686,35.0759585713,35.0858502686,1400
37,89,2019-06-20 13:00:00,35.1254170577,35.1254170577,35.1254170577,35.1254170577,100
38,88,2019-06-20 13:30:00,35.1649838468,35.2144423333,35.1649838468,35.2144423333,300
39,87,2019-06-20 14:00:00,35.2144423333,35.273792517,35.2144423333,35.273792517,500
40,86,2019-06-20 14:30:00,35.2935759115,35.2935759115,35.2935759115,35.2935759115,200
41,85,2019-06-20 15:00:00,35.2935759115,35.3034676088,35.2935759115,35.3034676088,500
42,84,2019-06-20 15:30:00,35.313359306100004,35.5161391004,35.313359306100004,35.5161391004,2198
43,83,2019-06-20 16:00:00,35.4716264627,35.4716264627,34.6209404962,34.650615588,4321
44,82,2019-06-21 10:00:00,34.6407238908,38.1720598214,34.6209404962,34.6605072853,8216
45,81,2019-06-21 10:30:00,34.7000740745,34.7000740745,34.690182377199996,34.7000740745,643
46,80,2019-06-21 13:00:00,34.78909935,34.7989910473,34.7792076527,34.7989910473,734
47,79,2019-06-21 15:00:00,34.8286661392,34.8286661392,34.7989910473,34.7989910473,350
48,78,2019-06-21 16:00:00,35.0759585713,35.0759585713,34.4923484315,34.4923484315,260
49,77,2019-06-24 10:00:00,34.1164639347,34.4428899451,34.1164639347,34.4428899451,497
50,76,2019-06-24 11:00:00,34.6802906799,34.6802906799,34.670398982600005,34.670398982600005,1698
51,75,2019-06-24 11:30:00,34.670398982600005,34.818774441900004,34.5714820098,34.818774441900004,6759
52,74,2019-06-24 12:00:00,34.868232928299996,34.927583112,34.858341231,34.927583112,1895
53,73,2019-06-24 12:30:00,35.2144423333,35.2144423333,35.2144423333,35.2144423333,325
54,72,2019-06-24 14:00:00,35.4320596735,35.4617347654,35.4320596735,35.4617347654,347
55,71,2019-06-24 15:30:00,35.1155253604,35.283684214299996,34.868232928299996,35.1452004523,1976
56,70,2019-06-24 16:00:00,35.0265000849,35.1748755441,34.868232928299996,35.1748755441,870
57,69,2019-06-25 10:00:00,34.6209404962,34.868232928299996,34.6209404962,34.868232928299996,1039
58,68,2019-06-25 14:00:00,35.1699296955,35.3180084038,35.1699296955,35.3180084038,1026
59,67,2019-06-25 15:00:00,35.313359306100004,35.313359306100004,35.1649838468,35.1649838468,772
60,66,2019-06-25 15:30:00,35.1748755441,35.4581737544,35.1748755441,35.4581737544,663
61,65,2019-06-25 16:00:00,35.1155253604,35.3628177925,34.7396408636,35.204550636,2602
62,64,2019-06-25 16:30:00,34.858341231,34.858341231,34.858341231,34.858341231,439
63,63,2019-06-26 10:00:00,34.9473665066,34.9473665066,34.9473665066,34.9473665066,101
64,62,2019-06-26 15:30:00,34.996824993000004,35.1748755441,34.996824993000004,35.1748755441,345
65,61,2019-06-26 16:00:00,35.0759585713,35.0759585713,34.1955975129,34.1955975129,2089
66,60,2019-06-27 10:00:00,34.373648064099996,34.4231065505,34.3241895776,34.3241895776,1176
67,59,2019-06-27 11:00:00,34.3241895776,34.3241895776,34.3241895776,34.3241895776,1010
68,58,2019-06-27 11:30:00,34.3439729722,34.3439729722,34.3340812749,34.3340812749,4394
69,57,2019-06-27 12:30:00,34.591265404299996,34.7495325609,34.581373707,34.719857469000004,1210
70,56,2019-06-27 13:00:00,35.204550636,35.204550636,35.204550636,35.204550636,100
71,55,2019-06-27 13:30:00,35.066066874,35.1056336631,35.066066874,35.066066874,1085
72,54,2019-06-27 14:30:00,35.066066874,35.066066874,35.066066874,35.066066874,203
73,53,2019-06-27 15:00:00,35.066066874,35.066066874,35.066066874,35.066066874,100
74,52,2019-06-27 15:30:00,35.3084134575,35.3084134575,35.066066874,35.066066874,500
75,51,2019-06-27 16:00:00,34.6011571016,34.8039368959,33.780146226999996,34.4923484315,4536
76,50,2019-06-28 10:00:00,35.0166083876,35.313359306100004,35.0166083876,35.313359306100004,1201
77,49,2019-06-28 10:30:00,35.4617347654,35.629893619200004,35.4617347654,35.6101102246,1392
78,48,2019-06-28 13:00:00,35.629893619200004,35.629893619200004,35.629893619200004,35.629893619200004,105
79,47,2019-06-28 13:30:00,35.6200019219,35.6200019219,35.6200019219,35.6200019219,100
80,46,2019-06-28 14:00:00,35.6595687111,35.6595687111,35.6595687111,35.6595687111,100
81,45,2019-06-28 14:30:00,35.6101102246,35.6101102246,35.4815181599,35.4815181599,633
82,44,2019-06-28 15:30:00,35.4914098572,35.4914098572,35.4914098572,35.4914098572,140
83,43,2019-06-28 16:00:00,35.4320596735,37.0147312391,35.135308755,36.8564640825,8276
84,42,2019-06-28 16:30:00,36.9949478445,36.9949478445,36.9949478445,36.9949478445,6978
85,41,2019-06-28 17:00:00,36.9949478445,36.9949478445,36.9949478445,36.9949478445,216500
86,40,2019-07-01 10:00:00,37.0147312391,37.0147312391,37.0147312391,37.0147312391,176
87,39,2019-07-01 13:00:00,37.1927817902,38.221518307800004,37.1927817902,38.221518307800004,1801
88,38,2019-07-01 13:30:00,38.2413017024,38.2413017024,38.2413017024,38.2413017024,210
89,37,2019-07-01 14:30:00,38.4787024372,38.4885941345,38.2808684915,38.2808684915,423
90,36,2019-07-01 15:30:00,37.8555255083,37.8555255083,37.8357421137,37.8357421137,436
91,35,2019-07-01 16:00:00,37.8357421137,38.57761941,37.8357421137,38.57761941,2060
92,34,2019-07-02 10:00:00,38.2808684915,38.854586934000004,38.2314100051,38.854586934000004,833
93,33,2019-07-02 16:00:00,39.3021862361,39.4381970738,39.200796339,39.4381970738,563
94,32,2019-07-03 10:00:00,39.4678721656,39.4678721656,39.4678721656,39.4678721656,100
95,31,2019-07-03 10:30:00,39.5173306521,39.5173306521,38.725994869299996,38.725994869299996,1961
96,30,2019-07-03 11:00:00,38.8249118421,38.8249118421,37.7368251408,37.7368251408,3108
97,29,2019-07-03 11:30:00,37.6477998653,37.6576915626,37.6477998653,37.6576915626,1202
98,28,2019-07-03 12:30:00,38.0137926648,38.0137926648,37.6576915626,37.693301672800004,770
99,27,2019-07-03 13:00:00,37.984117573,39.764623084200004,37.984117573,38.538052620900004,4020
100,26,2019-07-03 13:30:00,38.8644786313,38.8644786313,38.8644786313,38.8644786313,165
101,25,2019-07-05 10:00:00,38.7457782639,39.3096050091,38.2039110866,39.3096050091,869
102,24,2019-07-05 10:30:00,39.3689551928,39.448088771100004,39.3590634955,39.448088771100004,1239
103,23,2019-07-05 12:00:00,39.4381970738,39.448088771100004,39.4381970738,39.448088771100004,500
104,22,2019-07-05 12:30:00,39.3887385874,39.3887385874,39.3887385874,39.3887385874,100
105,21,2019-07-05 14:30:00,40.0479212944,40.0479212944,40.0479212944,40.0479212944,195
106,20,2019-07-05 16:00:00,39.393684436,39.3986302847,39.393684436,39.3986302847,200
107,19,2019-07-08 10:00:00,38.9436122096,38.9436122096,38.9436122096,38.9436122096,354
108,18,2019-07-08 16:00:00,38.3204352806,38.8644786313,38.2511933996,38.8644786313,1227
109,17,2019-07-09 10:30:00,37.7368251408,39.7047783156,37.229381070100004,39.3887385874,523
110,16,2019-07-09 14:30:00,38.805128447600005,38.805128447600005,38.1840287751,38.1840287751,200
111,15,2019-07-09 15:30:00,38.805128447600005,38.805128447600005,38.805128447600005,38.805128447600005,149
112,14,2019-07-09 16:30:00,38.923828815,38.923828815,38.923828815,38.923828815,179
113,13,2019-07-10 10:00:00,38.8743703286,38.8743703286,38.8743703286,38.8743703286,107
114,12,2019-07-10 12:30:00,38.8644786313,39.1513378525,38.8644786313,39.1513378525,1045
115,11,2019-07-10 13:00:00,39.1117710634,39.1513378525,39.1117710634,39.1513378525,439
116,10,2019-07-10 14:00:00,39.071412938499996,39.071412938499996,39.071412938499996,39.071412938499996,101
117,9,2019-07-10 15:30:00,39.032637485100004,39.032637485100004,39.032637485100004,39.032637485100004,501
118,8,2019-07-10 16:00:00,38.6369695937,38.6369695937,38.6369695937,38.6369695937,103
119,7,2019-07-11 10:00:00,38.2583154217,38.2583154217,38.2583154217,38.2583154217,605
120,6,2019-07-11 10:30:00,38.4565450353,38.4565450353,38.4565450353,38.4565450353,105
121,5,2019-07-11 11:00:00,38.5482410691,38.5482410691,38.5482410691,38.5482410691,100
122,4,2019-07-11 13:30:00,38.854586934000004,38.854586934000004,38.854586934000004,38.854586934000004,182
123,3,2019-07-11 16:00:00,39.0524208797,39.0524208797,38.4589190426,38.4589190426,288
124,2,2019-07-12 10:00:00,38.9732873014,38.9732873014,38.9732873014,38.9732873014,120
125,1,2019-07-12 13:30:00,39.27003822,39.27003822,39.27003822,39.27003822,110
126,0,2019-07-12 16:00:00,39.0524208797,39.0524208797,38.132493032199996,38.2808684915,1558
