,index,time,open,high,low,close,volume
0,140,2019-09-11 10:00:00,35.4320596735,35.4320596735,35.4320596735,35.4320596735,200
1,139,2019-09-11 10:30:00,36.0849116943,36.124478483400004,36.0849116943,36.124478483400004,308
2,138,2019-09-11 13:30:00,36.483151426999996,36.490471283000005,36.1477239721,36.2036120617,815
3,137,2019-09-11 14:00:00,36.490471283000005,36.490471283000005,36.490471283000005,36.490471283000005,105
4,136,2019-09-11 14:30:00,36.500362980300004,36.500362980300004,36.3569333696,36.500362980300004,365
5,135,2019-09-11 16:00:00,36.094803391599996,36.391554310100005,36.094803391599996,36.391554310100005,619
6,134,2019-09-12 10:00:00,35.9761030242,35.9761030242,35.5423520982,35.5423520982,446
7,133,2019-09-12 10:30:00,36.056423606100005,36.056423606100005,36.056423606100005,36.056423606100005,173
8,132,2019-09-12 11:00:00,36.094803391599996,36.094803391599996,36.094803391599996,36.094803391599996,145
9,131,2019-09-12 11:30:00,36.2926373373,36.2926373373,36.2926373373,36.2926373373,102
10,130,2019-09-12 12:30:00,36.1413932858,36.1413932858,36.1413932858,36.1413932858,497
11,129,2019-09-12 15:00:00,36.1046950889,36.3606922146,36.1046950889,36.3606922146,741
12,128,2019-09-12 15:30:00,36.6784135314,36.8070055961,36.6784135314,36.8070055961,773
13,127,2019-09-12 16:00:00,36.816897293400004,36.9850561472,36.7674388069,36.816897293400004,925
14,126,2019-09-13 10:00:00,36.1145867862,37.0937659004,36.1145867862,36.213503759,318
15,125,2019-09-13 10:30:00,36.421229402,36.421229402,36.421229402,36.421229402,100
16,124,2019-09-13 11:00:00,36.4805795857,36.4805795857,36.4805795857,36.4805795857,200
17,123,2019-09-13 11:30:00,36.5201463748,36.5300380721,36.5201463748,36.5300380721,202
18,122,2019-09-13 12:00:00,36.5102546775,36.7278720178,36.5102546775,36.6091716504,397
19,121,2019-09-13 13:00:00,36.539929769400004,36.539929769400004,36.539929769400004,36.539929769400004,200
20,120,2019-09-13 13:30:00,36.500362980300004,36.500362980300004,36.500362980300004,36.500362980300004,101
21,119,2019-09-13 14:00:00,36.8070055961,36.8070055961,36.539929769400004,36.539929769400004,202
22,118,2019-09-13 14:30:00,36.539929769400004,36.8070055961,36.539929769400004,36.7971138988,404
23,117,2019-09-13 15:00:00,36.559713164,36.559713164,36.5300380721,36.5300380721,577
24,116,2019-09-13 15:30:00,36.5041218252,36.539929769400004,36.500362980300004,36.539929769400004,305
25,115,2019-09-13 16:00:00,36.5300380721,36.5300380721,36.4014460074,36.4014460074,488
26,114,2019-09-16 10:00:00,36.223395456300004,36.223395456300004,35.4815181599,35.4815181599,422
27,113,2019-09-16 12:00:00,36.0849116943,36.0849116943,36.0849116943,36.0849116943,336
28,112,2019-09-16 13:30:00,36.1640452726,36.3124207319,36.1640452726,36.2530705481,656
29,111,2019-09-16 15:30:00,36.0849116943,36.0849116943,36.0849116943,36.0849116943,101
30,110,2019-09-16 16:00:00,36.3124207319,36.3124207319,36.1343701807,36.1937203644,2012
31,109,2019-09-17 13:30:00,36.4669290434,36.4669290434,36.0802625966,36.0802625966,1022
32,108,2019-09-17 14:30:00,36.28274564,36.28274564,36.28274564,36.28274564,107
33,107,2019-09-17 15:30:00,36.2975831859,36.3025290346,36.005778116,36.2975831859,903
34,106,2019-09-17 16:00:00,36.2975831859,36.3124207319,36.2975831859,36.3124207319,323
35,105,2019-09-18 10:00:00,36.2332871536,36.2332871536,35.4617347654,35.4617347654,300
36,104,2019-09-18 14:00:00,36.213503759,36.213503759,36.213503759,36.213503759,212
37,103,2019-09-18 15:00:00,36.1492077267,36.1492077267,36.0849116943,36.0849116943,309
38,102,2019-09-18 16:00:00,36.1640452726,36.213503759,36.0651282997,36.1046950889,1198
39,101,2019-09-18 16:30:00,36.1046950889,36.1046950889,36.1046950889,36.1046950889,602
40,100,2019-09-19 10:00:00,35.273792517,35.273792517,35.273792517,35.273792517,222
41,99,2019-09-19 12:30:00,36.3223124291,36.3223124291,36.144261878,36.144261878,414
42,98,2019-09-19 15:00:00,36.351987521,36.351987521,36.1046950889,36.1046950889,680
43,97,2019-09-19 16:00:00,35.8942986876,36.2036120617,35.8942986876,36.2036120617,420
44,96,2019-09-20 10:00:00,36.351987521,36.351987521,36.0540495988,36.0540495988,6241
45,95,2019-09-20 11:00:00,36.1724532153,36.1724532153,36.1724532153,36.1724532153,361
46,94,2019-09-20 12:00:00,35.9558250447,35.9558250447,35.9464279323,35.9464279323,413
47,93,2019-09-20 12:30:00,35.9495932755,35.9495932755,35.9495932755,35.9495932755,535
48,92,2019-09-20 13:00:00,35.8870777486,35.8870777486,35.8870777486,35.8870777486,201
49,91,2019-09-20 13:30:00,35.7683773812,35.7683773812,35.7485939866,35.7485939866,1537
50,90,2019-09-20 14:30:00,35.8574026568,35.8574026568,35.8574026568,35.8574026568,100
51,89,2019-09-20 16:00:00,35.9761030242,35.9761030242,35.4221679762,35.7980524731,884
52,88,2019-09-23 10:00:00,35.580435132800005,35.8969694459,35.580435132800005,35.7584856839,1144
53,87,2019-09-23 15:00:00,35.798942725799996,35.798942725799996,35.798942725799996,35.798942725799996,185
54,86,2019-09-23 15:30:00,35.7560127596,35.7560127596,35.7090271975,35.7090271975,230
55,85,2019-09-23 16:00:00,36.0552366025,36.0552366025,35.6595687111,35.679352105599996,1418
56,84,2019-09-23 16:30:00,35.6496770138,35.6496770138,35.6496770138,35.6496770138,167
57,83,2019-09-24 10:00:00,35.9167528405,35.9167528405,35.2441174251,35.2441174251,570
58,82,2019-09-24 13:00:00,35.2342257278,35.2342257278,35.2342257278,35.2342257278,561
59,81,2019-09-24 14:00:00,35.2886300629,35.2886300629,35.2886300629,35.2886300629,168
60,80,2019-09-25 10:00:00,35.4419513708,35.4419513708,35.4419513708,35.4419513708,106
61,79,2019-09-25 11:00:00,35.4419513708,35.4419513708,35.4419513708,35.4419513708,184
62,78,2019-09-25 12:30:00,35.4419513708,35.5705434355,35.4118806111,35.5705434355,1398
63,77,2019-09-25 13:30:00,36.2332871536,36.2332871536,36.2332871536,36.2332871536,200
64,76,2019-09-25 14:00:00,35.600218527399996,36.411337704699996,35.600218527399996,36.411337704699996,1167
65,75,2019-09-25 14:30:00,36.1739369699,36.1739369699,35.8475109595,35.9266445378,735
66,74,2019-09-25 15:00:00,36.3420958237,36.3420958237,36.3420958237,36.3420958237,100
67,73,2019-09-25 16:00:00,35.9859947215,35.9859947215,35.600218527399996,35.600218527399996,692
68,72,2019-09-26 10:00:00,35.8771860513,35.8771860513,35.8771860513,35.8771860513,200
69,71,2019-09-26 11:30:00,35.5606517382,35.5606517382,35.4914098572,35.501301554499996,643
70,70,2019-09-26 12:00:00,35.7881607758,35.7881607758,35.7881607758,35.7881607758,100
71,69,2019-09-26 12:30:00,35.7584856839,35.7584856839,35.7584856839,35.7584856839,103
72,68,2019-09-26 15:30:00,35.6397853165,35.6397853165,35.5606517382,35.580435132800005,1878
73,67,2019-09-26 16:00:00,35.8771860513,35.8771860513,35.3628177925,35.4221679762,348
74,66,2019-09-27 10:00:00,35.5111932518,35.5111932518,35.5111932518,35.5111932518,200
75,65,2019-09-27 12:00:00,35.5111932518,35.5111932518,35.3920972165,35.4518430681,1220
76,64,2019-09-27 13:00:00,35.4716264627,35.4716264627,35.4716264627,35.4716264627,503
77,63,2019-09-27 13:30:00,35.4716264627,35.4815181599,35.4716264627,35.4815181599,378
78,62,2019-09-27 14:00:00,35.4221679762,35.4221679762,35.4186069652,35.4221679762,400
79,61,2019-09-27 15:00:00,35.1946589387,35.1946589387,35.1946589387,35.1946589387,112
80,60,2019-09-30 10:00:00,34.611543383800004,34.7297491663,34.611543383800004,34.7297491663,427
81,59,2019-09-30 10:30:00,34.5615903125,34.5615903125,34.5615903125,34.5615903125,110
82,58,2019-09-30 11:00:00,34.6308321935,34.6308321935,34.6308321935,34.6308321935,213
83,57,2019-09-30 12:30:00,34.7495325609,34.7495325609,34.7495325609,34.7495325609,100
84,56,2019-09-30 13:00:00,34.769315955500005,34.769315955500005,34.7495325609,34.7495325609,561
85,55,2019-09-30 14:00:00,35.0363917821,35.0363917821,35.0166083876,35.0166083876,300
86,54,2019-09-30 14:30:00,35.273792517,35.273792517,35.2547015412,35.2688466683,795
87,53,2019-09-30 15:00:00,35.1946589387,35.313359306100004,35.1946589387,35.313359306100004,1259
88,52,2019-09-30 16:00:00,35.315337645599996,35.3529260952,35.315337645599996,35.3529260952,605
89,51,2019-10-01 10:00:00,35.5606517382,35.5606517382,35.5606517382,35.5606517382,200
90,50,2019-10-01 10:30:00,35.5705434355,35.9761030242,35.5705434355,35.936536235,1291
91,49,2019-10-01 11:30:00,36.0453449052,36.0453449052,36.0453449052,36.0453449052,387
92,48,2019-10-01 12:30:00,36.3816626128,36.3816626128,36.3816626128,36.3816626128,113
93,47,2019-10-01 13:00:00,36.391554310100005,36.589388255799996,36.3025290346,36.3025290346,727
94,46,2019-10-01 14:30:00,36.3124207319,36.3124207319,36.3124207319,36.3124207319,127
95,45,2019-10-01 15:30:00,36.3124207319,36.3618792183,36.3124207319,36.351987521,1964
96,44,2019-10-01 16:00:00,36.698196926,36.8663557798,36.698196926,36.8663557798,1392
97,43,2019-10-02 10:00:00,36.9553810554,36.9553810554,36.9553810554,36.9553810554,976
98,42,2019-10-02 13:30:00,36.9850561472,36.9850561472,36.5102546775,36.6951304998,1293
99,41,2019-10-02 14:30:00,37.2719153685,37.2719153685,37.2719153685,37.2719153685,100
100,40,2019-10-02 15:30:00,37.1927817902,37.1927817902,37.1927817902,37.1927817902,100
101,39,2019-10-02 16:00:00,37.004839541799996,37.133431606500004,36.7080886232,36.905922568899996,1399
102,38,2019-10-03 10:00:00,37.034514633600004,37.0641897255,37.034514633600004,37.0641897255,367
103,37,2019-10-03 11:30:00,37.1977276388,37.1977276388,37.1977276388,37.1977276388,200
104,36,2019-10-03 12:00:00,37.133431606500004,37.400507433200005,37.133431606500004,37.3906157359,871
105,35,2019-10-03 12:30:00,37.3906157359,37.3906157359,37.3906157359,37.3906157359,600
106,34,2019-10-03 13:00:00,37.77639193,37.77639193,37.77639193,37.77639193,100
107,33,2019-10-03 14:00:00,37.7961753245,37.900038146,37.7961753245,37.900038146,766
108,32,2019-10-03 15:30:00,38.132493032199996,38.1423847295,37.7997363356,37.9593883297,1222
109,31,2019-10-03 16:00:00,37.7961753245,37.9643341784,37.7961753245,37.9643341784,312
110,30,2019-10-04 10:30:00,40.1977805083,40.1977805083,38.923828815,39.2265147519,572
111,29,2019-10-04 11:00:00,39.2395717923,39.2395717923,39.2395717923,39.2395717923,101
112,28,2019-10-04 12:30:00,39.6459227168,39.6459227168,39.2799299172,39.2799299172,220
113,27,2019-10-04 13:30:00,39.042529182399996,39.259750854800004,38.8644786313,39.259750854800004,457
114,26,2019-10-04 14:00:00,39.1018793661,39.1018793661,38.9757602257,39.0845688959,1080
115,25,2019-10-04 14:30:00,38.7952367503,38.7952367503,38.716103172,38.716103172,427
116,24,2019-10-04 15:00:00,38.8249118421,39.3046591605,38.7952367503,38.8743703286,2179
117,23,2019-10-04 15:30:00,38.9080020993,38.9080020993,38.9080020993,38.9080020993,100
118,22,2019-10-04 16:00:00,38.8990995718,38.8990995718,38.8990995718,38.8990995718,100
119,21,2019-10-07 10:00:00,38.7655616584,38.7655616584,38.7655616584,38.7655616584,200
120,20,2019-10-07 10:30:00,38.3896771616,38.3896771616,38.3896771616,38.3896771616,113
121,19,2019-10-07 13:30:00,38.6655565989,38.6655565989,38.6655565989,38.6655565989,517
122,18,2019-10-07 15:30:00,39.057366728299996,39.4283053765,39.057366728299996,39.4283053765,569
123,17,2019-10-07 16:00:00,39.2304714308,39.5272223494,39.2304714308,39.5074389548,1039
124,16,2019-10-08 10:00:00,39.27003822,39.27003822,39.27003822,39.27003822,270
125,15,2019-10-08 11:30:00,39.3816165653,39.3816165653,39.3816165653,39.3816165653,229
126,14,2019-10-08 12:30:00,39.3299819055,39.3299819055,39.3299819055,39.3299819055,223
127,13,2019-10-08 14:00:00,38.993070696,38.993070696,38.993070696,38.993070696,200
128,12,2019-10-08 15:30:00,38.993070696,38.993070696,38.993070696,38.993070696,104
129,11,2019-10-08 16:00:00,39.220579733499996,40.7735762072,38.9337205123,39.537114046599996,11432
130,10,2019-10-09 10:00:00,39.4085219819,39.4085219819,39.4085219819,39.4085219819,528
131,9,2019-10-09 10:30:00,38.993070696,39.0820959715,38.993070696,39.0722042743,501
132,8,2019-10-09 12:30:00,39.0820959715,39.0820959715,39.0820959715,39.0820959715,200
133,7,2019-10-09 13:30:00,39.0177999392,39.0177999392,39.0177999392,39.0177999392,200
134,6,2019-10-09 16:00:00,38.9782331501,39.7052729005,38.2413017024,38.9040454204,8696
135,5,2019-10-10 10:00:00,39.0722042743,39.0722042743,38.6369695937,38.6369695937,476
136,4,2019-10-10 12:30:00,39.0820959715,39.3590634955,39.0820959715,39.3590634955,820
137,3,2019-10-10 14:00:00,38.7952367503,39.171121247100004,38.6715905342,38.6715905342,540
138,2,2019-10-10 14:30:00,38.3781038758,38.3781038758,38.3781038758,38.3781038758,255
139,1,2019-10-10 15:00:00,38.646861291,38.646861291,38.646861291,38.646861291,102
140,0,2019-10-10 16:00:00,38.409460556199996,38.57761941,38.1423847295,38.221518307800004,1526
