,index,time,open,high,low,close,volume
0,127,2020-03-09 10:00:00,110.08508863899999,110.08508863899999,110.08508863899999,110.08508863899999,344
1,126,2020-03-09 11:00:00,109.74516997100001,109.74516997100001,109.74516997100001,109.74516997100001,194
2,125,2020-03-09 11:30:00,108.09413644,108.85166947200001,108.09413644,108.85166947200001,1735
3,124,2020-03-09 12:00:00,108.74483789,108.74483789,108.74483789,108.74483789,100
4,123,2020-03-09 12:30:00,109.14302833,109.50237092200001,108.939077129,108.939077129,375
5,122,2020-03-09 13:00:00,108.715702005,108.715702005,105.811825383,107.60853834299999,892
6,121,2020-03-09 13:30:00,107.69594600100001,107.899897201,107.69594600100001,107.899897201,403
7,120,2020-03-09 14:00:00,106.715037844,106.715037844,105.782689497,106.65676607200001,830
8,119,2020-03-09 15:00:00,105.92836892700001,105.92836892700001,105.92836892700001,105.92836892700001,150
9,118,2020-03-09 15:30:00,106.666478034,106.666478034,106.666478034,106.666478034,100
10,117,2020-03-09 16:00:00,107.346315371,108.01877161600001,106.841293349,106.841293349,577
11,116,2020-03-09 16:30:00,107.098271862,107.098271862,107.098271862,107.098271862,22000
12,115,2020-03-10 10:00:00,109.570354656,109.570354656,109.570354656,109.570354656,200
13,114,2020-03-10 11:00:00,108.288375679,108.414631184,108.278663717,108.414631184,2226
14,113,2020-03-10 11:30:00,108.414631184,108.414631184,108.414631184,108.414631184,155
15,112,2020-03-10 12:00:00,106.870429235,107.09380436,106.78302157799999,106.94812493100001,2525
16,111,2020-03-10 12:30:00,106.986972779,107.705657962,106.986972779,107.64738619100001,1300
17,110,2020-03-10 14:30:00,107.054956512,107.054956512,107.054956512,107.054956512,125
18,109,2020-03-10 15:00:00,107.49199479999999,107.802777582,107.49199479999999,107.802777582,300
19,108,2020-03-10 15:30:00,109.065332635,109.69661016100001,109.065332635,109.570354656,900
20,107,2020-03-10 16:00:00,109.70632212299999,110.269615916,109.70632212299999,110.269615916,2128
21,106,2020-03-10 16:30:00,110.22290137899999,110.22290137899999,110.22290137899999,110.22290137899999,40000
22,105,2020-03-11 10:30:00,108.065000554,108.065000554,107.375451256,107.375451256,1004
23,104,2020-03-11 11:00:00,106.58878233899999,107.084092398,106.58878233899999,107.084092398,800
24,103,2020-03-11 11:30:00,107.054956512,107.64738619100001,107.054956512,107.64738619100001,210
25,102,2020-03-11 13:00:00,107.22977182700001,107.22977182700001,107.22977182700001,107.22977182700001,125
26,101,2020-03-11 13:30:00,106.979591688,106.979591688,106.979591688,106.979591688,191
27,100,2020-03-11 15:30:00,105.637010068,105.637010068,105.25824355200001,105.423346906,388
28,99,2020-03-11 16:00:00,105.660804375,105.93808088899999,105.660804375,105.93808088899999,377
29,98,2020-03-11 16:30:00,106.286448964,106.286448964,106.286448964,106.286448964,40000
30,97,2020-03-12 10:00:00,101.082099916,101.082099916,99.54760992920001,99.54760992920001,702
31,96,2020-03-12 11:00:00,99.8001209398,99.8001209398,99.8001209398,99.8001209398,180
32,95,2020-03-12 11:30:00,99.40193050010001,99.411642462,99.40193050010001,99.411642462,273
33,94,2020-03-12 12:00:00,99.3630826523,99.3727946142,96.1921270775,96.1921270775,591
34,93,2020-03-12 13:00:00,99.3145228426,99.3145228426,99.3145228426,99.3145228426,400
35,92,2020-03-12 14:00:00,99.0134520223,99.0134520223,99.0134520223,99.0134520223,183
36,91,2020-03-12 14:30:00,98.4695821534,98.4695821534,96.8379725468,96.8379725468,604
37,90,2020-03-12 15:00:00,97.4595381112,97.4595381112,97.4595381112,97.4595381112,220
38,89,2020-03-12 15:30:00,97.3332826059,97.3332826059,97.3332826059,97.3332826059,100
39,88,2020-03-12 16:00:00,97.0613476715,98.0908156376,95.9930318576,95.9930318576,828
40,87,2020-03-13 10:00:00,97.93542424649999,97.93542424649999,97.0127878618,97.69262519790001,818
41,86,2020-03-13 11:00:00,99.7806970159,99.7806970159,99.7806970159,99.7806970159,150
42,85,2020-03-13 12:00:00,96.0901514771,96.0901514771,96.0901514771,96.0901514771,100
43,84,2020-03-13 13:00:00,97.4206902634,97.4206902634,97.4206902634,97.4206902634,100
44,83,2020-03-13 14:00:00,98.63468550649999,98.63468550649999,98.63468550649999,98.63468550649999,100
45,82,2020-03-13 15:00:00,98.6443974684,98.6443974684,98.6443974684,98.6443974684,100
46,81,2020-03-16 10:00:00,95.1092433207,95.1092433207,95.1092433207,95.1092433207,302
47,80,2020-03-16 10:30:00,92.2150786613,94.526525604,92.2150786613,94.526525604,2341
48,79,2020-03-16 11:30:00,97.7023371598,97.7023371598,97.7023371598,97.7023371598,234
49,78,2020-03-16 13:00:00,93.128003084,93.128003084,93.128003084,93.128003084,184
50,77,2020-03-16 14:00:00,90.1367188052,90.1367188052,90.1367188052,90.1367188052,204
51,76,2020-03-16 15:00:00,89.5151532408,89.5151532408,89.5151532408,89.5151532408,106
52,75,2020-03-16 16:00:00,85.6109445391,85.6109445391,85.2030421375,85.2030421375,310
53,74,2020-03-17 10:00:00,85.24188998529999,85.24188998529999,85.24188998529999,85.24188998529999,175
54,73,2020-03-17 11:00:00,87.028890983,87.1512617035,87.028890983,87.028890983,570
55,72,2020-03-17 11:30:00,89.2820661541,89.35004988770001,89.2820661541,89.35004988770001,760
56,71,2020-03-17 12:30:00,90.89425183680001,90.89425183680001,90.8262681032,90.8262681032,325
57,70,2020-03-17 13:30:00,90.6805886741,90.685444655,90.6805886741,90.6805886741,767
58,69,2020-03-17 14:00:00,91.45754562959999,91.4624016106,91.45754562959999,91.4624016106,551
59,68,2020-03-17 14:30:00,92.2539265091,94.0700633926,92.2539265091,93.18627485569999,2023
60,67,2020-03-17 15:00:00,90.4868350333,90.4868350333,90.165854691,90.165854691,385
61,66,2020-03-17 16:00:00,90.3698058919,92.19565473739999,90.3698058919,92.19565473739999,1165
62,65,2020-03-18 10:00:00,90.2532623485,90.2532623485,87.7767120527,87.7767120527,523
63,64,2020-03-18 10:30:00,88.36914173129999,88.36914173129999,88.36914173129999,88.36914173129999,516
64,63,2020-03-18 11:30:00,86.4753091522,86.4753091522,86.4753091522,86.4753091522,513
65,62,2020-03-18 13:00:00,84.0084708183,84.0084708183,84.0084708183,84.0084708183,500
66,61,2020-03-18 14:00:00,81.61932818,81.61932818,81.61932818,81.61932818,240
67,60,2020-03-18 14:30:00,83.1052583575,83.3092095583,83.1052583575,83.3092095583,660
68,59,2020-03-19 10:00:00,79.8129032584,80.580148252,79.8129032584,80.580148252,598
69,58,2020-03-19 10:30:00,81.96895881,81.96895881,80.59957217590001,80.59957217590001,275
70,57,2020-03-19 11:00:00,81.9009750764,81.9009750764,81.3182573598,81.3182573598,71957
71,56,2020-03-19 11:30:00,83.4160411397,83.4160411397,83.3966172158,83.3966172158,300
72,55,2020-03-19 14:30:00,78.64746782510001,78.64746782510001,78.64746782510001,78.64746782510001,338
73,54,2020-03-19 15:30:00,81.19200185449999,81.19200185449999,81.19200185449999,81.19200185449999,163
74,53,2020-03-19 16:00:00,82.6973559558,83.6782641122,82.6973559558,83.6782641122,705
75,52,2020-03-20 10:00:00,81.4250889411,82.5516765267,81.4250889411,82.5516765267,400
76,51,2020-03-20 11:30:00,88.2040383783,88.2040383783,88.2040383783,88.2040383783,110
77,50,2020-03-20 12:30:00,88.7284843233,88.7284843233,88.7284843233,88.7284843233,168
78,49,2020-03-20 14:30:00,90.53490924489999,90.53490924489999,90.53490924489999,90.53490924489999,170
79,48,2020-03-20 15:00:00,90.2338384246,90.2338384246,90.2338384246,90.2338384246,200
80,47,2020-03-20 15:30:00,88.3302938835,88.34000584549999,88.3302938835,88.34000584549999,815
81,46,2020-03-23 10:00:00,88.34000584549999,93.6136011813,88.34000584549999,93.6136011813,645
82,45,2020-03-23 11:00:00,91.83631214540002,91.83631214540002,90.9233877227,90.9233877227,523
83,44,2020-03-23 11:30:00,90.0784470335,90.0784470335,90.0784470335,90.0784470335,295
84,43,2020-03-23 12:00:00,89.13638672489999,89.13638672489999,87.728152243,88.09720679690001,755
85,42,2020-03-23 12:30:00,88.252598188,88.252598188,88.252598188,88.252598188,250
86,41,2020-03-23 13:30:00,89.8744958327,89.8744958327,88.6702125516,88.6702125516,240
87,40,2020-03-23 14:30:00,89.5151532408,89.5151532408,89.5151532408,89.5151532408,288
88,39,2020-03-23 15:00:00,90.5640451307,90.5640451307,90.5640451307,90.5640451307,205
89,38,2020-03-23 15:30:00,90.9816594943,90.9816594943,90.3795178538,90.3795178538,375
90,37,2020-03-23 16:00:00,91.3410020863,91.3410020863,91.3410020863,91.3410020863,390
91,36,2020-03-24 10:00:00,93.2833944752,97.1681792529,93.2833944752,97.1681792529,600
92,35,2020-03-24 15:00:00,94.36142225100001,94.36142225100001,94.36142225100001,94.36142225100001,100
93,34,2020-03-24 16:00:00,95.8959122382,95.8959122382,95.8959122382,95.8959122382,100
94,33,2020-03-25 10:00:00,96.0279949206,96.0279949206,93.6038892193,93.6038892193,490
95,32,2020-03-25 10:30:00,95.87940190290001,95.87940190290001,95.6880762526,95.6880762526,400
96,31,2020-03-25 11:00:00,98.08110367559999,98.08110367559999,98.08110367559999,98.08110367559999,119
97,30,2020-03-25 11:30:00,98.44044626760001,98.44044626760001,98.39188645790001,98.44044626760001,662
98,29,2020-03-25 12:30:00,98.6443974684,98.6443974684,98.6443974684,98.6443974684,100
99,28,2020-03-25 16:00:00,99.5767458151,99.5767458151,99.1591314515,99.1591314515,200
100,27,2020-03-26 13:30:00,101.94743572600001,101.94743572600001,101.94743572600001,101.94743572600001,100
101,26,2020-03-26 16:00:00,103.111899963,103.111899963,103.111899963,103.111899963,126
102,25,2020-03-27 10:00:00,101.577409976,101.577409976,101.577409976,101.577409976,503
103,24,2020-03-27 10:30:00,102.281527217,102.281527217,101.80078509999998,101.80078509999998,582
104,23,2020-03-27 11:00:00,101.295763079,101.630825766,101.295763079,101.630825766,312
105,22,2020-03-27 11:30:00,102.53889420799999,102.53889420799999,102.53889420799999,102.53889420799999,100
106,21,2020-03-27 12:00:00,101.431730546,101.431730546,101.431730546,101.431730546,222
107,20,2020-03-27 14:00:00,101.975600415,101.975600415,101.975600415,101.975600415,170
108,19,2020-03-27 15:30:00,104.772645455,104.772645455,104.772645455,104.772645455,125
109,18,2020-03-27 16:00:00,104.277335396,104.277335396,104.180215777,104.180215777,240
110,17,2020-03-30 12:00:00,101.975600415,101.975600415,101.975600415,101.975600415,500
111,16,2020-03-30 15:00:00,103.54893825,103.54893825,103.539226288,103.539226288,400
112,15,2020-03-30 16:00:00,104.43272678700001,105.753553612,104.43272678700001,105.753553612,400
113,14,2020-03-31 13:00:00,102.50975832200001,102.50975832200001,102.50975832200001,102.50975832200001,134
114,13,2020-03-31 14:00:00,102.577742056,102.577742056,102.577742056,102.577742056,127
115,12,2020-04-01 10:00:00,100.009899318,100.009899318,100.009899318,100.009899318,125
116,11,2020-04-01 12:30:00,100.00407214100001,100.46053435200001,100.00407214100001,100.46053435200001,554
117,10,2020-04-01 13:30:00,100.042919988,100.34399080899999,100.042919988,100.34399080899999,200
118,9,2020-04-01 14:00:00,100.742181248,101.004404221,100.742181248,101.004404221,306
119,8,2020-04-01 16:00:00,99.93608840700001,99.93608840700001,99.93608840700001,99.93608840700001,100
120,7,2020-04-02 11:00:00,102.05329611100001,102.05329611100001,102.05329611100001,102.05329611100001,132
121,6,2020-04-02 11:30:00,101.80078509999998,101.80078509999998,101.80078509999998,101.80078509999998,200
122,5,2020-04-02 13:30:00,100.63534966700001,100.63534966700001,100.63534966700001,100.63534966700001,100
123,4,2020-04-02 14:30:00,99.06201183200001,99.06201183200001,99.06201183200001,99.06201183200001,100
124,3,2020-04-02 16:00:00,98.6638213923,98.6638213923,98.6638213923,98.6638213923,211
125,2,2020-04-03 11:00:00,98.6638213923,98.6638213923,98.6638213923,98.6638213923,216
126,1,2020-04-06 15:30:00,101.45115447,101.45115447,101.45115447,101.45115447,235
127,0,2020-04-07 11:00:00,106.821869426,106.821869426,106.724749806,106.724749806,701
