,index,time,open,high,low,close,volume
0,137,2020-08-06 12:30:00,23.981101814499997,24.278349676999998,23.981101814499997,24.278349676999998,450
1,136,2020-08-06 14:00:00,24.0330146964,24.0428280956,23.8563735104,24.0428280956,500
2,135,2020-08-06 15:00:00,24.0428280956,24.0428280956,24.0428280956,24.0428280956,540
3,134,2020-08-06 16:00:00,24.1360553883,24.229282680900003,23.9937610995,24.229282680900003,825
4,133,2020-08-06 16:30:00,23.552158134499997,23.552158134499997,23.552158134499997,23.552158134499997,400
5,132,2020-08-07 13:00:00,24.2762888632,24.2762888632,24.2762888632,24.2762888632,200
6,131,2020-08-07 14:00:00,24.278349676999998,24.278349676999998,24.160000082399996,24.160000082399996,250
7,130,2020-08-07 15:00:00,24.278349676999998,24.631632049,24.278349676999998,24.3862970684,1752
8,129,2020-08-10 10:00:00,24.36667027,24.562938254400002,24.36667027,24.562938254400002,730
9,128,2020-08-10 10:30:00,24.5531248552,24.5531248552,24.5531248552,24.5531248552,139
10,127,2020-08-10 11:00:00,24.5531248552,24.641445448200002,24.5531248552,24.631632049,1078
11,126,2020-08-10 13:00:00,24.5187779579,24.5187779579,24.5187779579,24.5187779579,125
12,125,2020-08-10 14:00:00,24.5334980568,24.5334980568,24.5333999228,24.5334980568,600
13,124,2020-08-10 15:30:00,24.5138712583,24.6512588475,24.5138712583,24.6512588475,1095
14,123,2020-08-10 16:00:00,24.6708856459,24.6708856459,24.6708856459,24.6708856459,100
15,122,2020-08-11 10:00:00,24.562938254400002,24.562938254400002,24.562938254400002,24.562938254400002,240
16,121,2020-08-11 13:00:00,24.543311455999998,24.543311455999998,24.543311455999998,24.543311455999998,100
17,120,2020-08-11 14:00:00,24.5334980568,24.7739263377,24.5334980568,24.7739263377,1375
18,119,2020-08-11 14:30:00,24.7739263377,24.7739263377,24.543311455999998,24.666077080300003,731
19,118,2020-08-11 15:30:00,24.543311455999998,24.666077080300003,24.543311455999998,24.666077080300003,200
20,117,2020-08-11 16:00:00,24.808273235,24.808273235,24.808273235,24.808273235,400
21,116,2020-08-11 16:30:00,24.278349676999998,24.278349676999998,24.278349676999998,24.278349676999998,1015
22,115,2020-08-12 10:00:00,24.5334980568,24.5334980568,24.5334980568,24.5334980568,226
23,114,2020-08-12 12:30:00,24.543311455999998,24.543311455999998,24.543311455999998,24.543311455999998,265
24,113,2020-08-12 13:00:00,24.4255506653,24.4353640646,23.9054405065,24.3184864798,785
25,112,2020-08-12 13:30:00,24.4353640646,24.4746176614,23.9054405065,23.9054405065,5957
26,111,2020-08-12 14:00:00,24.2243759813,24.2243759813,24.2243759813,24.2243759813,125
27,110,2020-08-12 16:00:00,24.415737266100003,24.415737266100003,24.415737266100003,24.415737266100003,120
28,109,2020-08-13 10:00:00,24.523684657600004,24.523684657600004,24.406512670799998,24.5138712583,302
29,108,2020-08-13 10:30:00,24.504057859099998,24.504057859099998,24.5023895812,24.5023895812,399
30,107,2020-08-13 11:00:00,24.3961104677,24.450084163400003,24.3961104677,24.450084163400003,1619
31,106,2020-08-13 15:00:00,24.3274166731,24.3274166731,24.268536277800003,24.268536277800003,225
32,105,2020-08-13 15:30:00,24.2243759813,24.2243759813,24.2243759813,24.2243759813,125
33,104,2020-08-14 10:00:00,23.537438035700003,24.5334980568,23.537438035700003,24.420742099699996,525
34,103,2020-08-14 16:00:00,24.3862970684,24.3862970684,24.3862970684,24.3862970684,207
35,102,2020-08-17 10:00:00,24.5334980568,24.5334980568,23.7922920135,24.5334980568,600
36,101,2020-08-17 10:30:00,24.4071014748,24.523684657600004,24.4071014748,24.523684657600004,250
37,100,2020-08-17 13:00:00,24.3862970684,24.3862970684,24.3862970684,24.3862970684,1210
38,99,2020-08-17 15:00:00,24.3862970684,24.3862970684,24.3862970684,24.3862970684,150
39,98,2020-08-17 16:30:00,24.295032455700003,24.295032455700003,24.295032455700003,24.295032455700003,1226
40,97,2020-08-18 10:00:00,24.3862970684,24.4059238669,23.998667799099998,24.3862970684,1990
41,96,2020-08-18 10:30:00,24.3862970684,24.3862970684,24.3862970684,24.3862970684,498
42,95,2020-08-18 11:00:00,24.3813903688,24.3813903688,24.376483669200002,24.376483669200002,574
43,94,2020-08-18 11:30:00,24.376483669200002,24.376483669200002,24.376483669200002,24.376483669200002,124
44,93,2020-08-18 15:30:00,24.376483669200002,24.376483669200002,24.376483669200002,24.376483669200002,310
45,92,2020-08-18 16:00:00,24.376483669200002,24.376483669200002,24.376483669200002,24.376483669200002,448
46,91,2020-08-18 16:30:00,24.2881630762,24.2881630762,24.2881630762,24.2881630762,3304
47,90,2020-08-19 10:30:00,24.3372300723,24.3372300723,24.3372300723,24.3372300723,275
48,89,2020-08-19 11:00:00,24.3274166731,24.3274166731,24.2093614805,24.2093614805,300
49,88,2020-08-19 12:30:00,23.8956271073,23.8956271073,23.8956271073,23.8956271073,100
50,87,2020-08-19 14:00:00,24.3372300723,24.3372300723,24.3371319383,24.3371319383,300
51,86,2020-08-19 15:00:00,24.3372300723,24.3372300723,24.3341879186,24.3341879186,337
52,85,2020-08-20 10:00:00,24.3095562865,24.668922966100002,24.3095562865,24.5334980568,1262
53,84,2020-08-20 10:30:00,24.464804262199998,24.464804262199998,24.464804262199998,24.464804262199998,205
54,83,2020-08-20 11:00:00,24.4451774638,24.4451774638,24.4353640646,24.4353640646,341
55,82,2020-08-20 12:00:00,24.356856870799998,24.356856870799998,24.0428280956,24.167850801700002,51509
56,81,2020-08-20 12:30:00,23.9201606054,23.9201606054,23.9201606054,23.9201606054,50000
57,80,2020-08-20 13:00:00,24.1507754871,24.1935619077,24.1213352894,24.1213352894,2350
58,79,2020-08-20 13:30:00,24.0624548941,24.631632049,24.0624548941,24.3862970684,6150
59,78,2020-08-20 14:00:00,24.464804262199998,24.5727516537,24.464804262199998,24.5727516537,750
60,77,2020-08-20 16:00:00,24.504057859099998,24.504057859099998,23.8307605384,23.9348807042,13306
61,76,2020-08-21 10:00:00,24.1115218902,24.1115218902,24.1115218902,24.1115218902,600
62,75,2020-08-21 11:00:00,24.170402285500003,24.170402285500003,24.170402285500003,24.170402285500003,314
63,74,2020-08-21 11:30:00,24.1409620879,24.1409620879,24.1409620879,24.1409620879,125
64,73,2020-08-21 12:30:00,24.091895091799998,24.1213352894,23.8266389108,24.052641494899998,3830
65,72,2020-08-21 13:00:00,24.0428280956,24.0428280956,24.0428280956,24.0428280956,1200
66,71,2020-08-21 16:00:00,24.0428280956,24.0428280956,24.013387898,24.0428280956,8482
67,70,2020-08-24 10:00:00,24.2390960801,24.2489094793,24.2390960801,24.2489094793,326
68,69,2020-08-24 11:00:00,24.2489094793,24.2489094793,24.209655882399996,24.2489094793,1050
69,68,2020-08-24 11:30:00,24.356856870799998,24.356856870799998,24.356856870799998,24.356856870799998,103
70,67,2020-08-24 13:00:00,24.268536277800003,24.2881630762,24.2587228785,24.278349676999998,3245
71,66,2020-08-24 13:30:00,24.2881630762,24.2881630762,24.2881630762,24.2881630762,654
72,65,2020-08-24 15:00:00,24.352931511100003,24.3862970684,24.352931511100003,24.380409028899997,2600
73,64,2020-08-24 16:00:00,24.356856870799998,24.379427689,24.356856870799998,24.376483669200002,921
74,63,2020-08-25 10:00:00,24.5334980568,24.5334980568,24.317603273899998,24.317603273899998,960
75,62,2020-08-25 11:00:00,24.356856870799998,24.356856870799998,24.234189380500002,24.275896327199998,1086
76,61,2020-08-25 14:00:00,24.356856870799998,24.356856870799998,24.356856870799998,24.356856870799998,186
77,60,2020-08-25 14:30:00,24.3470434715,24.356856870799998,24.3470434715,24.356856870799998,425
78,59,2020-08-25 15:00:00,24.3372300723,24.3372300723,24.3372300723,24.3372300723,100
79,58,2020-08-25 16:00:00,24.2881630762,24.3372300723,24.2852190564,24.3370338043,3854
80,57,2020-08-25 16:30:00,24.2881630762,24.2881630762,24.2881630762,24.2881630762,360
81,56,2020-08-26 10:00:00,24.2390960801,24.2979764754,23.660105526,24.1796268808,754
82,55,2020-08-26 10:30:00,23.983947700300003,23.983947700300003,23.935076972199997,23.935076972199997,1600
83,54,2020-08-26 11:00:00,24.003574498800003,24.3861989344,24.003574498800003,24.2389979461,5394
84,53,2020-08-26 11:30:00,24.3372300723,24.3372300723,24.3372300723,24.3372300723,124
85,52,2020-08-26 13:30:00,24.2881630762,24.2881630762,24.2881630762,24.2881630762,124
86,51,2020-08-26 15:00:00,24.2489094793,24.2489094793,24.209655882399996,24.209655882399996,1210
87,50,2020-08-26 16:00:00,24.1213352894,24.1605888863,24.1213352894,24.1605888863,624
88,49,2020-08-27 11:00:00,24.317603273899998,24.317603273899998,24.317603273899998,24.317603273899998,168
89,48,2020-08-27 12:00:00,24.268536277800003,24.268536277800003,24.268536277800003,24.268536277800003,120
90,47,2020-08-27 12:30:00,24.190127218,24.1998424832,24.190127218,24.1998424832,700
91,46,2020-08-27 13:00:00,24.1998424832,24.2243759813,24.1654955859,24.1654955859,1072
92,45,2020-08-27 14:30:00,24.1605888863,24.1605888863,24.1605888863,24.1605888863,100
93,44,2020-08-27 16:00:00,24.1605888863,24.170402285500003,24.1605888863,24.170402285500003,248
94,43,2020-08-28 11:00:00,24.1507754871,24.1507754871,24.1507754871,24.1507754871,218
95,42,2020-08-28 12:00:00,24.1605888863,24.1605888863,24.1605888863,24.1605888863,391
96,41,2020-08-28 13:00:00,24.170402285500003,24.170402285500003,24.1605888863,24.1605888863,291
97,40,2020-08-28 13:30:00,24.2390960801,24.2390960801,24.2390960801,24.2390960801,165
98,39,2020-08-28 15:30:00,24.084044372399998,24.1409620879,24.0820816925,24.0820816925,650
99,38,2020-08-28 16:00:00,24.0428280956,24.0624548941,24.013387898,24.0624548941,2268
100,37,2020-08-31 10:00:00,24.1409620879,24.1409620879,24.1409620879,24.1409620879,786
101,36,2020-08-31 10:30:00,23.9054405065,23.9054405065,23.9054405065,23.9054405065,187
102,35,2020-08-31 11:00:00,23.925067305,23.925067305,23.915253905700002,23.915253905700002,529
103,34,2020-08-31 11:30:00,23.8760003089,23.8858137081,23.836746711999997,23.836746711999997,1239
104,33,2020-08-31 12:00:00,23.836746711999997,23.836746711999997,23.797493115100004,23.797493115100004,310
105,32,2020-08-31 12:30:00,23.8465601112,23.8465601112,23.836746711999997,23.8465601112,508
106,31,2020-08-31 13:30:00,23.6699189252,23.689545723600002,23.6699189252,23.689545723600002,995
107,30,2020-08-31 14:00:00,23.7876797159,23.7876797159,23.7091725221,23.7091725221,1743
108,29,2020-08-31 14:30:00,23.6993591228,23.7091725221,23.6993591228,23.6993591228,1708
109,28,2020-08-31 15:00:00,23.6993591228,23.6993591228,23.6993591228,23.6993591228,500
110,27,2020-08-31 15:30:00,23.7680529174,23.7876797159,23.608094510100003,23.6797323244,1559
111,26,2020-08-31 16:00:00,23.6797323244,23.6797323244,22.4236172239,23.552158134499997,10171
112,25,2020-09-01 10:00:00,23.689545723600002,23.689545723600002,23.611038529800002,23.6699189252,1902
113,24,2020-09-01 12:00:00,23.689545723600002,23.689545723600002,23.689545723600002,23.689545723600002,600
114,23,2020-09-01 13:00:00,23.6797323244,23.6797323244,23.6797323244,23.6797323244,201
115,22,2020-09-01 13:30:00,23.689545723600002,23.689545723600002,23.689545723600002,23.689545723600002,300
116,21,2020-09-01 14:00:00,23.689545723600002,23.6993591228,23.689545723600002,23.6993591228,301
117,20,2020-09-01 14:30:00,23.689545723600002,23.758239518200003,23.689545723600002,23.758239518200003,301
118,19,2020-09-01 15:30:00,23.6699189252,23.6699189252,23.650292126700002,23.650292126700002,480
119,18,2020-09-01 16:00:00,23.650292126700002,23.689545723600002,23.650292126700002,23.689545723600002,232
120,17,2020-09-02 10:30:00,23.689545723600002,23.689545723600002,23.689545723600002,23.689545723600002,100
121,16,2020-09-02 14:30:00,23.571784933000004,23.571784933000004,23.552158134499997,23.552158134499997,326
122,15,2020-09-02 15:00:00,23.463837541500002,23.463837541500002,23.463837541500002,23.463837541500002,132
123,14,2020-09-02 16:00:00,23.503091138400002,23.503091138400002,23.503091138400002,23.503091138400002,400
124,13,2020-09-03 10:30:00,23.5325313361,23.5325313361,23.5325313361,23.5325313361,1080
125,12,2020-09-03 11:00:00,23.2871963555,23.2871963555,23.238129359400002,23.238129359400002,1669
126,11,2020-09-03 11:30:00,23.1890623633,23.1890623633,22.8796458858,22.8796458858,2168
127,10,2020-09-03 12:00:00,23.002607778,23.002607778,23.002607778,23.002607778,100
128,9,2020-09-03 14:30:00,23.0614881734,23.1988757625,23.0614881734,23.1890623633,1392
129,8,2020-09-03 15:00:00,23.1596221656,23.1596221656,23.090928371,23.1203685687,2500
130,7,2020-09-03 15:30:00,23.0124211773,23.0124211773,23.002607778,23.0124211773,2409
131,6,2020-09-03 16:00:00,23.002607778,23.051674774099997,22.8946603866,22.8946603866,2363
132,5,2020-09-04 10:00:00,22.9339139835,22.9339139835,22.9339139835,22.9339139835,228
133,4,2020-09-04 12:30:00,22.845593390500003,22.845593390500003,22.845593390500003,22.845593390500003,675
134,3,2020-09-04 13:30:00,23.0614881734,23.0614881734,23.0614881734,23.0614881734,745
135,2,2020-09-04 15:00:00,23.1596221656,23.1596221656,23.1596221656,23.1596221656,500
136,1,2020-09-04 15:30:00,23.1596221656,23.1596221656,23.1596221656,23.1596221656,600
137,0,2020-09-04 16:00:00,23.2086891617,23.2086891617,23.2086891617,23.2086891617,500
