,index,time,open,high,low,close,volume
0,126,2018-10-16 10:00:00,293.603436723,293.603436723,293.603436723,293.603436723,100
1,125,2018-10-16 12:00:00,291.907339034,291.93411952400004,291.907339034,291.907339034,700
2,124,2018-10-16 13:00:00,293.692705022,293.692705022,293.447217199,293.447217199,412
3,123,2018-10-16 13:30:00,293.42490012400003,293.42490012400003,293.42490012400003,293.42490012400003,501
4,122,2018-10-16 14:30:00,293.603436723,293.603436723,293.603436723,293.603436723,100
5,121,2018-10-16 15:00:00,295.47807101,296.475644256,295.47807101,296.475644256,224
6,120,2018-10-16 16:00:00,296.678729637,296.87065648099997,295.674461269,295.674461269,803
7,119,2018-10-17 10:00:00,296.370754004,296.370754004,296.370754004,296.370754004,114
8,118,2018-10-17 11:30:00,296.17882716,296.17882716,296.17882716,296.17882716,100
9,117,2018-10-17 13:00:00,296.817095501,297.263436998,296.817095501,297.263436998,563
10,116,2018-10-17 13:30:00,295.57626613900004,297.245583338,295.57626613900004,297.245583338,336
11,115,2018-10-17 14:00:00,295.031729513,295.031729513,295.031729513,295.031729513,321
12,114,2018-10-17 15:30:00,295.47807101,295.656607609,295.47807101,295.656607609,200
13,113,2018-10-17 16:00:00,295.152241717,295.201339282,295.152241717,295.201339282,1018
14,112,2018-10-18 10:00:00,294.594314846,294.594314846,294.594314846,294.594314846,100
15,111,2018-10-18 11:30:00,295.835144208,295.835144208,295.835144208,295.835144208,200
16,110,2018-10-18 15:00:00,293.014265947,293.014265947,293.014265947,293.014265947,273
17,109,2018-10-18 15:30:00,293.253058648,293.380265974,293.253058648,293.380265974,200
18,108,2018-10-18 16:00:00,293.264217185,293.264217185,292.353680531,292.353680531,584
19,107,2018-10-19 10:00:00,294.531827037,294.531827037,294.531827037,294.531827037,420
20,106,2018-10-19 12:30:00,294.50058313200003,295.210266112,294.50058313200003,295.210266112,200
21,105,2018-10-19 13:30:00,292.032314653,292.032314653,292.032314653,292.032314653,100
22,104,2018-10-19 15:00:00,294.433631907,294.433631907,294.433631907,294.433631907,215
23,103,2018-10-19 15:30:00,292.987485457,292.987485457,292.987485457,292.987485457,100
24,102,2018-10-19 16:00:00,292.148363443,294.58538801599997,292.148363443,294.58538801599997,584
25,101,2018-10-22 10:00:00,295.174558792,295.174558792,295.174558792,295.174558792,122
26,100,2018-10-22 10:30:00,294.763924615,295.43343686,294.763924615,295.43343686,213
27,99,2018-10-22 12:00:00,295.924412507,295.924412507,295.48699784,295.48699784,370
28,98,2018-10-22 16:00:00,294.763924615,294.897827064,294.32650994799997,294.897827064,1022
29,97,2018-10-23 10:00:00,294.710363635,294.710363635,294.710363635,294.710363635,257
30,96,2018-10-23 10:30:00,294.58538801599997,294.58538801599997,294.58538801599997,294.58538801599997,857
31,95,2018-10-23 11:00:00,297.165241869,297.165241869,294.603241676,295.004949023,924
32,94,2018-10-23 12:00:00,295.46914418,295.924412507,295.46914418,295.924412507,495
33,93,2018-10-23 12:30:00,296.460022304,297.263436998,296.460022304,297.263436998,350
34,92,2018-10-23 13:30:00,293.326704995,293.326704995,293.326704995,293.326704995,315
35,91,2018-10-23 14:00:00,296.370754004,296.370754004,296.370754004,296.370754004,100
36,90,2018-10-23 14:30:00,295.71016858900003,295.71016858900003,295.71016858900003,295.71016858900003,100
37,89,2018-10-23 16:00:00,296.120802766,296.120802766,296.120802766,296.120802766,237
38,88,2018-10-24 10:00:00,296.040461296,297.263436998,296.040461296,296.370754004,671
39,87,2018-10-24 13:30:00,293.86231479099996,294.871046574,293.86231479099996,294.871046574,280
40,86,2018-10-24 14:00:00,295.031729513,295.031729513,294.746070955,294.746070955,348
41,85,2018-10-24 14:30:00,294.58538801599997,294.594314846,294.58538801599997,294.594314846,1073
42,84,2018-10-24 15:30:00,294.58538801599997,294.58538801599997,294.58538801599997,294.58538801599997,601
43,83,2018-10-24 16:00:00,296.370754004,296.370754004,293.692705022,294.58538801599997,1016
44,82,2018-10-25 10:00:00,295.54948565,295.54948565,295.120997813,295.120997813,218
45,81,2018-10-25 11:00:00,295.674461269,295.674461269,295.674461269,295.674461269,284
46,80,2018-10-25 11:30:00,295.47807101,295.47807101,295.47807101,295.47807101,198
47,79,2018-10-25 12:30:00,295.57626613900004,295.57626613900004,295.57626613900004,295.57626613900004,100
48,78,2018-10-25 14:00:00,296.335046684,296.335046684,295.594119799,295.594119799,367
49,77,2018-10-25 15:30:00,297.07597356900004,297.07597356900004,296.35290034400003,296.35290034400003,210
50,76,2018-10-25 16:00:00,295.022802683,296.98670527,295.022802683,296.98670527,382
51,75,2018-10-26 10:00:00,294.58538801599997,294.58538801599997,292.139436613,292.139436613,749
52,74,2018-10-26 11:30:00,291.460997537,291.460997537,291.460997537,291.460997537,100
53,73,2018-10-26 12:00:00,291.79575366,292.179607347,291.79575366,292.179607347,643
54,72,2018-10-26 12:30:00,293.058900096,294.973883655,293.058900096,294.973883655,282
55,71,2018-10-26 13:30:00,293.246363525,295.47807101,292.36260736099996,294.85319291400003,1782
56,70,2018-10-26 14:30:00,294.58538801599997,294.58538801599997,294.58538801599997,294.58538801599997,110
57,69,2018-10-26 16:00:00,290.702216992,292.11265612299997,290.577241373,290.577241373,1448
58,68,2018-10-26 16:30:00,291.246753619,291.246753619,291.246753619,291.246753619,100
59,67,2018-10-29 10:00:00,297.96865656299997,297.96865656299997,294.406851417,294.406851417,400
60,66,2018-10-29 10:30:00,292.264412232,293.692258681,292.264412232,293.692258681,480
61,65,2018-10-29 12:00:00,293.317778165,293.491851349,293.290997675,293.491851349,676
62,64,2018-10-29 12:30:00,292.800022028,292.800022028,292.800022028,292.800022028,439
63,63,2018-10-29 16:00:00,288.028631425,288.028631425,288.028631425,288.028631425,450
64,62,2018-10-30 10:00:00,290.461192584,292.175143932,290.398704774,292.175143932,871
65,61,2018-10-30 10:30:00,291.01465604,291.14855848900004,291.01465604,291.01465604,652
66,60,2018-10-30 11:00:00,289.238216882,289.238216882,289.229290052,289.238216882,636
67,59,2018-10-30 13:30:00,289.229290052,289.229290052,289.229290052,289.229290052,104
68,58,2018-10-30 16:00:00,289.193582732,289.193582732,288.327680228,288.327680228,475
69,57,2018-10-31 10:00:00,290.961095061,292.197639544,288.29197290900004,292.197639544,333
70,56,2018-10-31 10:30:00,290.121973046,290.121973046,290.121973046,290.121973046,301
71,55,2018-10-31 11:00:00,290.121973046,290.26033891,280.66846014,281.195143106,5450
72,54,2018-10-31 11:30:00,282.712704196,283.212606673,282.703777366,282.980509094,1376
73,53,2018-10-31 12:00:00,282.980509094,285.65855807599996,282.980509094,285.65855807599996,1030
74,52,2018-10-31 12:30:00,283.873192088,286.51553375099996,283.873192088,284.75694825200003,4036
75,51,2018-10-31 13:00:00,284.051728687,284.051728687,284.051728687,284.051728687,230
76,50,2018-10-31 13:30:00,284.872997042,285.65855807599996,284.686426296,285.65855807599996,971
77,49,2018-10-31 14:30:00,284.766767765,284.97565558599996,284.75694825200003,284.765875082,1162
78,48,2018-10-31 16:00:00,282.1770944,282.971582264,281.195143106,281.212996766,768
79,47,2018-10-31 16:30:00,281.204069936,281.204069936,281.204069936,281.204069936,415
80,46,2018-11-01 10:00:00,281.802167542,282.980509094,281.802167542,282.980509094,211
81,45,2018-11-01 10:30:00,281.81136217700003,281.81136217700003,281.81136217700003,281.81136217700003,100
82,44,2018-11-01 11:00:00,281.427240685,282.052118781,281.427240685,282.052118781,1163
83,43,2018-11-01 11:30:00,282.980509094,282.980509094,282.980509094,282.980509094,100
84,42,2018-11-01 12:00:00,282.08782610000003,282.08782610000003,279.418703948,280.963045528,2500
85,41,2018-11-01 13:00:00,281.212996766,281.212996766,280.302460112,280.302460112,818
86,40,2018-11-01 14:00:00,281.94499682099996,282.226191964,281.94499682099996,282.226191964,419
87,39,2018-11-01 16:00:00,284.973156073,284.973156073,282.48060661799997,282.48060661799997,765
88,38,2018-11-02 10:00:00,283.002351552,283.002351552,283.002351552,283.002351552,352
89,37,2018-11-02 10:30:00,283.455155314,283.455155314,283.455155314,283.455155314,124
90,36,2018-11-02 11:30:00,280.73833273900004,280.73833273900004,280.73833273900004,280.73833273900004,100
91,35,2018-11-02 12:30:00,280.73833273900004,282.08768795099996,280.73833273900004,282.08768795099996,292
92,34,2018-11-02 13:30:00,278.707960668,278.707960668,278.707960668,278.707960668,200
93,33,2018-11-02 14:30:00,281.209158091,281.209158091,281.209158091,281.209158091,100
94,32,2018-11-02 15:30:00,286.958950828,286.958950828,278.936173765,278.936173765,202
95,31,2018-11-02 16:00:00,282.880094536,282.880094536,282.22352908,282.22352908,624
96,30,2018-11-02 16:30:00,281.471874834,281.471874834,281.471874834,281.471874834,444
97,29,2018-11-05 10:00:00,281.852229995,281.852229995,281.852229995,281.852229995,100
98,28,2018-11-05 10:30:00,281.579823251,281.579823251,280.34892150400003,280.75644489,3005
99,27,2018-11-05 11:00:00,282.093121597,282.093121597,282.093121597,282.093121597,100
100,26,2018-11-05 15:00:00,281.64394026400004,284.650557247,281.64394026400004,284.360762839,3895
101,25,2018-11-05 15:30:00,283.76306187299997,286.371211545,283.76306187299997,286.371211545,200
102,24,2018-11-05 16:00:00,284.460379667,284.460379667,283.13819268,283.13819268,901
103,23,2018-11-06 10:00:00,281.227360803,281.227360803,280.013846719,280.013846719,227
104,22,2018-11-06 10:30:00,278.021510164,283.818303932,278.021510164,282.54049171400004,3274
105,21,2018-11-06 11:30:00,284.27020208700003,284.369818914,283.455155314,283.726837572,2554
106,20,2018-11-06 14:30:00,285.257314289,285.257314289,285.257314289,285.257314289,100
107,19,2018-11-06 15:00:00,285.085248859,285.085248859,285.085248859,285.085248859,100
108,18,2018-11-07 10:00:00,283.002351552,283.002351552,283.002351552,283.002351552,306
109,17,2018-11-07 12:00:00,283.91701515200003,285.701243098,283.011407627,285.701243098,400
110,16,2018-11-07 12:30:00,285.26184232599996,285.26184232599996,285.26184232599996,285.26184232599996,300
111,15,2018-11-07 16:00:00,285.266370364,286.878351759,285.266370364,286.878351759,828
112,14,2018-11-08 10:00:00,286.507052673,286.507052673,284.27020208700003,284.27020208700003,300
113,13,2018-11-08 12:00:00,285.266370364,285.266370364,285.266370364,285.266370364,204
114,12,2018-11-08 16:00:00,288.78918363599996,288.78918363599996,287.874520036,287.874520036,380
115,11,2018-11-09 10:00:00,288.66239858299997,288.66239858299997,288.66239858299997,288.66239858299997,111
116,10,2018-11-09 13:30:00,287.983192939,288.155258369,286.443660147,286.443660147,1317
117,9,2018-11-09 16:00:00,287.84735181,288.490333153,287.84735181,288.490333153,956
118,8,2018-11-12 10:00:00,288.417884551,288.417884551,288.417884551,288.417884551,100
119,7,2018-11-12 14:00:00,289.726487425,289.803464064,289.726487425,289.798936027,552
120,6,2018-11-12 16:00:00,290.672847288,290.672847288,289.251043474,289.251043474,200
121,5,2018-11-13 10:00:00,288.93408084,288.93408084,287.349267671,287.349267671,200
122,4,2018-11-13 10:30:00,286.353099394,286.353099394,285.266460925,285.266460925,1048
123,3,2018-11-13 15:00:00,288.752959335,288.752959335,288.752959335,288.752959335,170
124,2,2018-11-13 16:00:00,285.41126756799997,286.045192836,285.41126756799997,286.045192836,480
125,1,2018-11-14 10:00:00,287.29493122,287.29493122,287.29493122,287.29493122,100
126,0,2018-11-14 16:00:00,284.496603968,287.63906207900004,284.01663198,286.171977889,1601
