,index,time,open,high,low,close,volume
0,142,2020-03-09 13:30:00,14.102162831700001,14.102162831700001,14.102162831700001,14.102162831700001,100
1,141,2020-03-09 15:00:00,13.9245288702,13.9245288702,13.9245288702,13.9245288702,100
2,140,2020-03-09 16:00:00,13.6186037143,13.6186037143,13.6186037143,13.6186037143,200
3,139,2020-03-10 12:30:00,14.0034772976,14.0034772976,14.0034772976,14.0034772976,100
4,138,2020-03-10 15:00:00,14.1120313851,14.1120313851,14.1120313851,14.1120313851,100
5,137,2020-03-10 15:30:00,14.309402453499999,14.398219434200001,14.309402453499999,14.398219434200001,1066
6,136,2020-03-11 11:30:00,14.092294278299999,14.092294278299999,14.092294278299999,14.092294278299999,4400
7,135,2020-03-11 12:00:00,14.0626886181,14.0626886181,14.0330829578,14.0330829578,340
8,134,2020-03-11 12:30:00,14.151505598800002,14.151505598800002,14.151505598800002,14.151505598800002,200
9,133,2020-03-11 13:30:00,14.0528200646,14.0528200646,14.0528200646,14.0528200646,200
10,132,2020-03-11 14:00:00,14.200848365899999,14.200848365899999,14.200848365899999,14.200848365899999,100
11,131,2020-03-11 16:00:00,13.9442659771,13.9442659771,13.9442659771,13.9442659771,200
12,130,2020-03-12 10:00:00,13.6778150348,13.6778150348,13.0857018299,13.0857018299,400
13,129,2020-03-12 10:30:00,12.829119441,12.829119441,12.1975320224,12.4935886249,840
14,128,2020-03-12 11:00:00,12.6712225864,12.6712225864,12.6218798193,12.6218798193,300
15,127,2020-03-12 11:30:00,12.4787857948,12.4787857948,12.4787857948,12.4787857948,300
16,126,2020-03-12 12:00:00,12.3258232168,12.3258232168,12.3258232168,12.3258232168,100
17,125,2020-03-12 13:00:00,12.3554288771,12.3554288771,12.3554288771,12.3554288771,177
18,124,2020-03-12 13:30:00,12.6120112659,12.829119441,12.6120112659,12.6810911398,1366
19,123,2020-03-12 14:00:00,12.5330628386,12.6712225864,12.5330628386,12.6712225864,300
20,122,2020-03-12 15:00:00,12.6662883097,12.829119441,12.5365168323,12.5365168323,1634
21,121,2020-03-13 10:00:00,12.6317483727,13.1153074901,12.6317483727,13.0807675532,636
22,120,2020-03-13 10:30:00,12.919614075899998,12.919614075899998,12.918232478399998,12.918232478399998,200
23,119,2020-03-13 11:30:00,12.9179364218,12.927804975199999,12.9179364218,12.927804975199999,289
24,118,2020-03-13 13:00:00,13.016621956,13.1251760435,13.016621956,13.1251760435,2553
25,117,2020-03-13 13:30:00,12.946456541199998,12.946456541199998,12.946456541199998,12.946456541199998,126
26,116,2020-03-13 15:30:00,12.927804975199999,12.927804975199999,12.927804975199999,12.927804975199999,100
27,115,2020-03-13 16:00:00,13.0857018299,13.0857018299,13.0857018299,13.0857018299,100
28,114,2020-03-16 10:00:00,12.4837200715,12.4837200715,12.187663469,12.187663469,235
29,113,2020-03-16 10:30:00,11.9014754199,11.9705552938,11.9014754199,11.9014754199,736
30,112,2020-03-16 11:00:00,11.9014754199,11.9014754199,11.9014754199,11.9014754199,340
31,111,2020-03-16 11:30:00,12.0889779348,12.0889779348,12.0889779348,12.0889779348,100
32,110,2020-03-16 13:30:00,11.644893031099999,11.7929213323,11.546207496900001,11.546207496900001,2727
33,109,2020-03-16 14:00:00,11.546207496900001,11.546207496900001,11.546207496900001,11.546207496900001,100
34,108,2020-03-16 14:30:00,11.536338943499999,11.536338943499999,11.516601836700001,11.516601836700001,285
35,107,2020-03-16 15:00:00,11.2600194479,11.329099321800001,10.5790892622,11.1712024671,3870
36,106,2020-03-17 10:00:00,11.6350244777,11.6843672448,11.6054188174,11.625155924300001,1500
37,105,2020-03-17 10:30:00,11.783052778900002,12.1087150417,11.7731842255,12.1087150417,700
38,104,2020-03-17 11:00:00,12.1481892553,12.1481892553,12.1481892553,12.1481892553,251
39,103,2020-03-17 12:00:00,12.0988464882,12.3949030907,12.0988464882,12.3949030907,206
40,102,2020-03-17 13:00:00,12.1094058404,12.1094058404,12.1094058404,12.1094058404,100
41,101,2020-03-17 13:30:00,12.2666118963,12.3949030907,12.2666118963,12.3949030907,208
42,100,2020-03-17 14:00:00,12.3949030907,12.6514854796,12.2962175566,12.6203008508,2916
43,99,2020-03-17 14:30:00,12.858725101300001,12.858725101300001,12.858725101300001,12.858725101300001,100
44,98,2020-03-17 15:00:00,13.1350445969,13.144913150399999,12.8489552334,12.8972124596,640
45,97,2020-03-17 15:30:00,12.848856547899999,12.848856547899999,12.6218798193,12.6218798193,800
46,96,2020-03-17 16:00:00,12.8389879945,12.873527931400002,12.276480449700001,12.276480449700001,3481
47,95,2020-03-18 10:00:00,11.457390516199998,12.029766614300001,10.8751458646,12.029766614300001,3598
48,94,2020-03-18 10:30:00,12.3159546634,12.5725370522,12.2863490032,12.5725370522,500
49,93,2020-03-18 11:00:00,12.661354033,12.848856547899999,12.3133888395,12.848856547899999,600
50,92,2020-03-18 11:30:00,12.829119441,12.829119441,12.829119441,12.829119441,189
51,91,2020-03-18 12:00:00,12.5827016622,12.5827016622,12.1777949156,12.1777949156,448
52,90,2020-03-18 12:30:00,12.059372274600001,12.2468747895,11.674498691300002,12.2370062361,2700
53,89,2020-03-18 13:30:00,12.1359522491,12.1359522491,12.1359522491,12.1359522491,200
54,88,2020-03-18 14:30:00,11.9413443757,12.0220691427,11.940949633599999,11.940949633599999,810
55,87,2020-03-18 15:30:00,12.138320701900001,12.138320701900001,12.138320701900001,12.138320701900001,100
56,86,2020-03-18 16:00:00,12.069240828,12.069240828,10.836954562899999,12.0198980609,9510
57,85,2020-03-19 10:00:00,11.2501508945,11.842264099400001,11.2501508945,11.5264703901,5716
58,84,2020-03-19 10:30:00,11.6004845407,11.6004845407,11.6004845407,11.6004845407,100
59,83,2020-03-19 11:00:00,11.723841458399999,11.723841458399999,11.723841458399999,11.723841458399999,296
60,82,2020-03-19 11:30:00,11.4410087175,11.4410087175,11.4410087175,11.4410087175,364
61,81,2020-03-19 12:00:00,11.8160137473,12.187663469,11.8027898858,11.9952266774,6940
62,80,2020-03-19 12:30:00,11.9668052435,11.9902924007,11.9668052435,11.9902924007,700
63,79,2020-03-19 14:00:00,12.1087150417,12.4047716441,12.1087150417,12.3949030907,13758
64,78,2020-03-19 14:30:00,12.4047716441,12.4047716441,12.4047716441,12.4047716441,200
65,77,2020-03-19 16:00:00,12.1185835951,12.2370062361,12.1185835951,12.2370062361,496
66,76,2020-03-20 10:00:00,12.0889779348,12.2074005758,11.9606867404,12.2074005758,3950
67,75,2020-03-20 10:30:00,12.2370062361,12.2370062361,12.2370062361,12.2370062361,100
68,74,2020-03-20 13:00:00,12.0988464882,12.0988464882,12.0988464882,12.0988464882,100
69,73,2020-03-20 13:30:00,12.069240828,12.3356917702,12.069240828,12.2540788335,2400
70,72,2020-03-20 14:00:00,12.2074005758,12.2172691292,12.2074005758,12.2172691292,300
71,71,2020-03-20 15:00:00,12.167926362200001,12.167926362200001,12.167926362200001,12.167926362200001,500
72,70,2020-03-20 15:30:00,11.6844659303,11.6844659303,11.6844659303,11.6844659303,100
73,69,2020-03-20 16:00:00,11.8817383131,11.8817383131,11.8817383131,11.8817383131,100
74,68,2020-03-23 10:00:00,11.595550264000002,11.7929213323,11.595550264000002,11.7929213323,300
75,67,2020-03-23 11:00:00,11.348836428599999,11.3828829379,10.815934544100001,11.102122593199999,12400
76,66,2020-03-23 11:30:00,11.102122593199999,11.210676680799999,11.0922540398,11.1712024671,3700
77,65,2020-03-23 12:00:00,10.835671650999998,10.9047515249,10.835671650999998,10.9047515249,300
78,64,2020-03-23 12:30:00,10.683893299400001,10.944225738599998,10.683893299400001,10.894882971500001,675
79,63,2020-03-23 13:00:00,11.052779826099998,11.052779826099998,11.052779826099998,11.052779826099998,100
80,62,2020-03-23 15:00:00,11.102122593199999,11.131728253499999,11.102122593199999,11.131728253499999,200
81,61,2020-03-23 15:30:00,10.984982864200001,11.1712024671,10.921725436800001,11.1712024671,654
82,60,2020-03-23 16:00:00,11.1514653603,11.1514653603,11.1415968069,11.1415968069,1000
83,59,2020-03-24 10:00:00,11.1415968069,11.1415968069,11.1415968069,11.1415968069,404
84,58,2020-03-24 10:30:00,11.4968647299,11.4968647299,11.4968647299,11.4968647299,400
85,57,2020-03-24 12:30:00,10.965443128399999,10.965443128399999,10.965443128399999,10.965443128399999,275
86,56,2020-03-24 13:00:00,11.427784855899999,11.5019963776,11.427784855899999,11.5019963776,608
87,55,2020-03-24 14:00:00,11.6054188174,11.6054188174,11.6054188174,11.6054188174,100
88,54,2020-03-24 14:30:00,11.536338943499999,11.536338943499999,11.4968647299,11.4968647299,500
89,53,2020-03-24 15:00:00,11.565944603800002,11.570878880499999,11.565944603800002,11.565944603800002,1100
90,52,2020-03-24 16:00:00,11.565944603800002,11.565944603800002,11.565944603800002,11.565944603800002,305
91,51,2020-03-25 10:00:00,11.6646301379,11.6646301379,11.644893031099999,11.644893031099999,300
92,50,2020-03-25 11:00:00,11.6054188174,11.6054188174,11.6054188174,11.6054188174,100
93,49,2020-03-25 11:30:00,12.049503721199999,12.049503721199999,12.049503721199999,12.049503721199999,100
94,48,2020-03-25 12:00:00,11.9310810802,12.0198980609,11.9310810802,12.0198980609,400
95,47,2020-03-25 12:30:00,11.9902924007,11.9902924007,11.9804238473,11.9804238473,500
96,46,2020-03-25 13:00:00,12.3159546634,12.3159546634,12.3159546634,12.3159546634,275
97,45,2020-03-25 14:00:00,12.5034571783,12.5034571783,12.5034571783,12.5034571783,1500
98,44,2020-03-25 14:30:00,12.3356917702,12.3356917702,12.3356917702,12.3356917702,200
99,43,2020-03-25 15:30:00,12.5725370522,12.5725370522,12.2938491037,12.2938491037,1090
100,42,2020-03-26 10:00:00,12.3356917702,12.385034537300001,12.3258232168,12.385034537300001,35842
101,41,2020-03-26 11:30:00,12.439311581099998,12.439311581099998,12.439311581099998,12.439311581099998,200
102,40,2020-03-26 12:30:00,12.829119441,12.829119441,12.829119441,12.829119441,100
103,39,2020-03-26 13:30:00,12.8389879945,12.9080678684,12.3356917702,12.3356917702,6920
104,38,2020-03-26 14:00:00,12.4837200715,12.829119441,12.4837200715,12.829119441,2500
105,37,2020-03-26 14:30:00,12.829119441,12.8883307615,12.385034537300001,12.7995137808,12794
106,36,2020-03-26 15:00:00,12.7600395671,12.848856547899999,12.7600395671,12.848856547899999,200
107,35,2020-03-26 16:00:00,12.819250887599999,12.927804975199999,12.819250887599999,12.927804975199999,1028
108,34,2020-03-27 10:00:00,12.2370062361,12.2468747895,11.842264099400001,11.9014754199,1600
109,33,2020-03-27 10:30:00,12.0791093814,12.0889779348,12.0791093814,12.0889779348,200
110,32,2020-03-27 11:30:00,12.138320701900001,12.4442458578,12.138320701900001,12.4442458578,500
111,31,2020-03-27 15:30:00,12.0889779348,12.0889779348,12.0889779348,12.0889779348,228
112,30,2020-03-27 16:00:00,12.0396351677,12.0396351677,12.0100295075,12.0100295075,330
113,29,2020-03-30 10:00:00,11.842264099400001,11.842264099400001,11.842264099400001,11.842264099400001,258
114,28,2020-03-30 11:00:00,11.4114030573,11.4114030573,11.4114030573,11.4114030573,166
115,27,2020-03-30 13:00:00,11.486996176400002,11.4968647299,11.486996176400002,11.4968647299,408
116,26,2020-03-30 13:30:00,11.486996176400002,11.486996176400002,11.486996176400002,11.486996176400002,100
117,25,2020-03-31 11:00:00,11.832395545999999,11.832395545999999,11.832395545999999,11.832395545999999,356
118,24,2020-03-31 13:00:00,11.0922540398,11.3981791957,11.0429112727,11.3981791957,4433
119,23,2020-03-31 15:00:00,11.7731842255,11.842264099400001,11.7731842255,11.783052778900002,2761
120,22,2020-03-31 15:30:00,11.7731842255,11.7731842255,11.7731842255,11.7731842255,100
121,21,2020-03-31 16:00:00,11.5560760504,11.5791684653,11.546207496900001,11.546207496900001,977
122,20,2020-04-01 10:00:00,11.546207496900001,11.546207496900001,11.319230768399999,11.319230768399999,1311
123,19,2020-04-01 11:30:00,10.7665917771,11.3448890072,10.7665917771,11.3448890072,2120
124,18,2020-04-01 12:30:00,11.033042719300001,11.033042719300001,11.033042719300001,11.033042719300001,100
125,17,2020-04-01 16:00:00,11.2304137876,11.2304137876,11.2304137876,11.2304137876,200
126,16,2020-04-02 10:00:00,11.2304137876,11.329099321800001,11.111991146600001,11.111991146600001,967
127,15,2020-04-02 13:00:00,10.954094292,10.954094292,10.954094292,10.954094292,450
128,14,2020-04-02 13:30:00,10.954094292,11.1169254233,10.954094292,11.1169254233,700
129,13,2020-04-02 14:30:00,10.954094292,10.954094292,10.944225738599998,10.954094292,1323
130,12,2020-04-02 15:30:00,10.954094292,10.954094292,10.8258030976,10.826000468599998,1307
131,11,2020-04-03 11:30:00,10.8270860095,10.8270860095,10.8270860095,10.8270860095,312
132,10,2020-04-03 12:30:00,11.516601836700001,11.5758131572,10.6383005826,11.0442928702,1335
133,9,2020-04-03 13:00:00,10.3091843262,10.3091843262,10.3091843262,10.3091843262,250
134,8,2020-04-03 13:30:00,10.8258030976,10.8258030976,10.8258030976,10.8258030976,300
135,7,2020-04-06 16:00:00,10.924488631700001,10.944225738599998,10.914620078299999,10.914620078299999,1188
136,6,2020-04-07 10:00:00,11.023174165899999,11.570878880499999,11.023174165899999,11.4475219628,1556
137,5,2020-04-07 10:30:00,11.348836428599999,11.352586478900001,11.348836428599999,11.352586478900001,400
138,4,2020-04-07 11:30:00,11.644893031099999,11.644893031099999,11.644893031099999,11.644893031099999,3878
139,3,2020-04-07 12:00:00,11.424626918900001,11.424626918900001,11.424626918900001,11.424626918900001,500
140,2,2020-04-07 14:30:00,11.536437629100002,11.558049761,11.536437629100002,11.558049761,200
141,1,2020-04-07 15:00:00,11.536338943499999,11.608478069,11.536338943499999,11.536338943499999,1265
142,0,2020-04-07 16:00:00,11.5017990066,11.5017990066,11.5017990066,11.5017990066,150
