,index,time,open,high,low,close,volume
0,218,2019-12-10 10:00:00,3.09,3.1414,3.09,3.1414,402
1,217,2019-12-10 10:30:00,3.12,3.1342,3.12,3.1256,3601
2,216,2019-12-10 11:00:00,3.11,3.11,3.11,3.11,1105
3,215,2019-12-10 11:30:00,3.11,3.1221,3.1,3.1055,6115
4,214,2019-12-10 12:00:00,3.11,3.1122,3.09,3.1122,1301
5,213,2019-12-10 12:30:00,3.09,3.1054,3.07,3.1,12972
6,212,2019-12-10 13:00:00,3.06,3.06,3.06,3.06,205
7,211,2019-12-10 13:30:00,3.085,3.09,3.05,3.05,4162
8,210,2019-12-10 14:00:00,3.05,3.05,3.05,3.05,100
9,209,2019-12-10 14:30:00,3.08,3.1068,3.08,3.095,2120
10,208,2019-12-10 15:00:00,3.08,3.0801,3.08,3.0801,3107
11,207,2019-12-10 15:30:00,3.05,3.0524,3.03,3.03,8856
12,206,2019-12-10 16:00:00,3.0395,3.08,3.03,3.04,12904
13,205,2019-12-11 10:00:00,3.0301,3.12,3.03,3.06,606
14,204,2019-12-11 10:30:00,3.08,3.08,3.08,3.08,300
15,203,2019-12-11 11:00:00,3.08,3.08,3.06,3.06,910
16,202,2019-12-11 11:30:00,3.04,3.04,2.99,2.99,13681
17,201,2019-12-11 12:00:00,3.0099,3.0099,3.0099,3.0099,300
18,200,2019-12-11 12:30:00,2.9961,3.0,2.97,2.99,6331
19,199,2019-12-11 13:00:00,2.9936,3.0,2.9936,3.0,1100
20,198,2019-12-11 13:30:00,3.0,3.0,2.99,2.99,300
21,197,2019-12-11 14:00:00,2.99,2.99,2.9899,2.9899,1296
22,196,2019-12-11 14:30:00,3.0,3.03,2.9965,3.0,6410
23,195,2019-12-11 15:00:00,3.0,3.02,3.0,3.02,450
24,194,2019-12-11 15:30:00,3.0,3.01,2.97,2.97,2539
25,193,2019-12-11 16:00:00,2.98,2.98,2.95,2.95,13560
26,192,2019-12-12 10:00:00,2.96,3.0199,2.95,2.99,12708
27,191,2019-12-12 10:30:00,3.0695,3.0695,3.0695,3.0695,500
28,190,2019-12-12 11:00:00,3.0604,3.0604,3.0604,3.0604,800
29,189,2019-12-12 11:30:00,3.0514,3.12,3.0514,3.07,4538
30,188,2019-12-12 12:00:00,3.082,3.082,3.03,3.03,2202
31,187,2019-12-12 12:30:00,3.0660000000000003,3.0660000000000003,3.05,3.05,700
32,186,2019-12-12 13:00:00,3.06,3.06,3.05,3.05,300
33,185,2019-12-12 13:30:00,3.05,3.06,3.05,3.06,2501
34,184,2019-12-12 14:00:00,3.02,3.0201,3.02,3.0201,4125
35,183,2019-12-12 14:30:00,3.04,3.04,3.04,3.04,140
36,182,2019-12-12 15:00:00,3.0,3.0,3.0,3.0,100
37,181,2019-12-12 15:30:00,3.011,3.02,3.0,3.0,3299
38,180,2019-12-12 16:00:00,2.99,3.0,2.96,2.96,2201
39,179,2019-12-13 10:00:00,2.98,2.98,2.98,2.98,416
40,178,2019-12-13 11:30:00,3.0,3.0062,3.0,3.0,5849
41,177,2019-12-13 12:00:00,2.98,2.9803,2.97,2.97,3391
42,176,2019-12-13 12:30:00,2.9774,2.9774,2.97,2.97,1000
43,175,2019-12-13 13:00:00,2.9773,2.98,2.96,2.98,4692
44,174,2019-12-13 13:30:00,2.96,2.97,2.96,2.97,2705
45,173,2019-12-13 14:00:00,2.9527,2.9685,2.95,2.9636,2202
46,172,2019-12-13 14:30:00,2.95,2.96,2.95,2.9562,2009
47,171,2019-12-13 15:00:00,2.96,2.9797,2.96,2.9762,2731
48,170,2019-12-13 15:30:00,2.96,2.9748,2.95,2.9648,3090
49,169,2019-12-13 16:00:00,2.965,2.965,2.95,2.95,2780
50,168,2019-12-16 10:00:00,3.0,3.05,3.0,3.0,3964
51,167,2019-12-16 10:30:00,3.0,3.1,2.98,3.06,18234
52,166,2019-12-16 11:00:00,3.07,3.14,3.049,3.1,7061
53,165,2019-12-16 11:30:00,3.12,3.13,3.1,3.12,4622
54,164,2019-12-16 12:00:00,3.12,3.13,3.11,3.13,600
55,163,2019-12-16 12:30:00,3.11,3.13,3.11,3.11,2000
56,162,2019-12-16 13:00:00,3.11,3.12,3.11,3.115,2200
57,161,2019-12-16 13:30:00,3.115,3.115,3.08,3.09,2473
58,160,2019-12-16 14:00:00,3.1,3.1,3.04,3.04,1324
59,159,2019-12-16 14:30:00,3.04,3.05,3.04,3.05,604
60,158,2019-12-16 15:00:00,3.04,3.04,2.98,2.98,1276
61,157,2019-12-16 15:30:00,2.98,3.01,2.98,2.99,1103
62,156,2019-12-16 16:00:00,2.98,3.02,2.98,3.02,7376
63,155,2019-12-17 10:00:00,2.95,3.0157,2.95,2.95,5631
64,154,2019-12-17 10:30:00,2.96,2.991,2.96,2.96,1122
65,153,2019-12-17 11:00:00,2.97,2.97,2.96,2.97,1117
66,152,2019-12-17 11:30:00,2.97,2.97,2.96,2.97,806
67,151,2019-12-17 12:00:00,2.975,2.975,2.96,2.96,400
68,150,2019-12-17 12:30:00,2.97,2.97,2.96,2.96,701
69,149,2019-12-17 13:00:00,2.9698,2.98,2.9643,2.98,9204
70,148,2019-12-17 13:30:00,2.99,2.99,2.99,2.99,100
71,147,2019-12-17 14:00:00,2.96,2.995,2.96,2.995,3735
72,146,2019-12-17 14:30:00,2.99,2.99,2.99,2.99,471
73,145,2019-12-17 15:00:00,2.99,3.01,2.99,2.99,650
74,144,2019-12-17 15:30:00,2.99,3.02,2.99,3.02,1755
75,143,2019-12-17 16:00:00,3.04,3.04,3.0,3.01,2109
76,142,2019-12-18 10:00:00,2.98,2.98,2.98,2.98,400
77,141,2019-12-18 11:00:00,3.0,3.0,2.99,2.99,210
78,140,2019-12-18 11:30:00,2.99,3.025,2.99,2.99,616
79,139,2019-12-18 12:00:00,2.9935,3.0389,2.98,3.0060000000000002,9640
80,138,2019-12-18 12:30:00,3.0,3.03,3.0,3.0299,2600
81,137,2019-12-18 13:00:00,3.04,3.04,3.04,3.04,131
82,136,2019-12-18 14:00:00,3.0323,3.0351,3.0323,3.0351,637
83,135,2019-12-18 14:30:00,3.03,3.05,3.03,3.05,3496
84,134,2019-12-18 15:00:00,3.0327,3.0327,3.03,3.03,2700
85,133,2019-12-18 16:00:00,3.035,3.0454,3.03,3.03,1712
86,132,2019-12-19 10:00:00,3.01,3.075,3.01,3.075,1620
87,131,2019-12-19 10:30:00,3.075,3.1,3.03,3.05,1265
88,130,2019-12-19 11:00:00,3.05,3.05,3.0,3.0,3244
89,129,2019-12-19 11:30:00,3.01,3.07,3.01,3.065,7403
90,128,2019-12-19 12:00:00,3.07,3.115,3.065,3.115,3882
91,127,2019-12-19 12:30:00,3.12,3.1212,3.1,3.1,5802
92,126,2019-12-19 13:00:00,3.1,3.1151,3.1,3.1151,23304
93,125,2019-12-19 13:30:00,3.11,3.11,3.06,3.08,3233
94,124,2019-12-19 14:00:00,3.12,3.12,3.07,3.07,200
95,123,2019-12-19 14:30:00,3.12,3.12,3.07,3.07,650
96,122,2019-12-19 15:00:00,3.12,3.12,3.05,3.05,400
97,121,2019-12-19 15:30:00,3.05,3.1,3.05,3.1,400
98,120,2019-12-19 16:00:00,3.09,3.09,3.06,3.09,2190
99,119,2019-12-20 10:00:00,3.1044,3.1044,3.1044,3.1044,1800
100,118,2019-12-20 10:30:00,3.08,3.0916,3.08,3.0916,708
101,117,2019-12-20 13:00:00,3.0873,3.0873,3.0873,3.0873,100
102,116,2019-12-20 13:30:00,3.0801,3.0802,3.08,3.08,5900
103,115,2019-12-20 14:00:00,3.07,3.07,3.07,3.07,100
104,114,2019-12-20 14:30:00,3.0832,3.0832,3.0832,3.0832,132
105,113,2019-12-20 15:00:00,3.07,3.07,3.03,3.03,4545
106,112,2019-12-20 15:30:00,3.0485,3.0485,3.02,3.02,1200
107,111,2019-12-20 16:00:00,3.03,3.0419,3.02,3.0419,437
108,110,2019-12-23 10:00:00,3.06,3.06,3.06,3.06,332
109,109,2019-12-23 10:30:00,3.035,3.035,3.02,3.03,1870
110,108,2019-12-23 11:00:00,3.01,3.01,2.99,3.0048,5723
111,107,2019-12-23 12:00:00,3.0001,3.01,3.0001,3.005,1359
112,106,2019-12-23 14:00:00,3.02,3.03,3.0199,3.03,2990
113,105,2019-12-23 15:00:00,3.04,3.04,3.04,3.04,1000
114,104,2019-12-23 15:30:00,3.06,3.06,3.055,3.06,971
115,103,2019-12-23 16:00:00,3.075,3.075,3.02,3.02,6230
116,102,2019-12-24 10:00:00,3.0425,3.0425,3.0035,3.0038,2025
117,101,2019-12-24 10:30:00,3.06,3.06,3.06,3.06,310
118,100,2019-12-24 11:00:00,3.04,3.04,2.99,3.0056,2125
119,99,2019-12-24 12:30:00,3.025,3.025,2.9960000000000004,2.9960000000000004,1010
120,98,2019-12-24 13:30:00,2.9960000000000004,2.9960000000000004,2.9960000000000004,2.9960000000000004,0
121,97,2019-12-24 16:00:00,2.9960000000000004,2.9960000000000004,2.9960000000000004,2.9960000000000004,0
122,96,2019-12-26 10:00:00,3.0,3.01,3.0,3.01,795
123,95,2019-12-26 10:30:00,3.0479,3.1341,3.0460000000000003,3.0952,5362
124,94,2019-12-26 11:00:00,3.09,3.1,3.0752,3.0999,7521
125,93,2019-12-26 11:30:00,3.085,3.1,3.085,3.1,2401
126,92,2019-12-26 12:00:00,3.1,3.1,3.0901,3.0934,2643
127,91,2019-12-26 12:30:00,3.0934,3.0934,3.08,3.08,901
128,90,2019-12-26 13:00:00,3.0823,3.09,3.0823,3.09,2336
129,89,2019-12-26 14:00:00,3.08,3.08,3.05,3.0539,2414
130,88,2019-12-26 15:00:00,3.04,3.04,3.04,3.04,100
131,87,2019-12-26 15:30:00,3.0583,3.0697,3.0583,3.0697,900
132,86,2019-12-26 16:00:00,3.04,3.04,3.04,3.04,300
133,85,2019-12-27 10:00:00,3.08,3.1,3.08,3.1,736
134,84,2019-12-27 10:30:00,3.1053,3.1117,3.07,3.07,2902
135,83,2019-12-27 11:00:00,3.06,3.0616,3.0,3.0078,12772
136,82,2019-12-27 11:30:00,3.0078,3.0116,2.9942,2.9942,2880
137,81,2019-12-27 12:00:00,3.0,3.0045,3.0,3.0045,1172
138,80,2019-12-27 12:30:00,3.0,3.0,2.99,3.0,1334
139,79,2019-12-27 13:00:00,2.99,2.99,2.99,2.99,104
140,78,2019-12-27 13:30:00,2.99,3.0,2.99,3.0,1944
141,77,2019-12-27 14:00:00,3.025,3.025,3.025,3.025,400
142,76,2019-12-27 14:30:00,3.02,3.02,2.975,2.975,4521
143,75,2019-12-27 15:00:00,2.98,3.0,2.9748,3.0,2146
144,74,2019-12-27 15:30:00,2.9947,2.9989999999999997,2.98,2.98,4400
145,73,2019-12-27 16:00:00,2.97,2.99,2.95,2.95,20189
146,72,2019-12-30 10:00:00,2.95,3.0073,2.95,2.9952,6619
147,71,2019-12-30 10:30:00,3.0,3.0,2.94,2.94,1574
148,70,2019-12-30 11:00:00,2.9392,2.9392,2.9,2.9,2685
149,69,2019-12-30 11:30:00,2.9056,2.9056,2.89,2.89,3229
150,68,2019-12-30 12:00:00,2.89,2.89,2.85,2.85,3098
151,67,2019-12-30 12:30:00,2.85,2.9238,2.85,2.9238,11695
152,66,2019-12-30 13:00:00,2.92,3.02,2.92,2.9816,5497
153,65,2019-12-30 14:00:00,2.995,3.0,2.995,3.0,3100
154,64,2019-12-30 14:30:00,2.985,2.985,2.97,2.9789999999999996,1000
155,63,2019-12-30 15:00:00,2.9701,2.98,2.96,2.96,2109
156,62,2019-12-30 15:30:00,2.9648,2.98,2.96,2.96,3950
157,61,2019-12-30 16:00:00,2.93,2.9579,2.89,2.9579,33106
158,60,2019-12-31 10:00:00,2.95,2.9949,2.95,2.9949,2722
159,59,2019-12-31 10:30:00,2.9922,2.9922,2.9922,2.9922,500
160,58,2019-12-31 11:00:00,2.98,2.98,2.9779,2.9799,3813
161,57,2019-12-31 11:30:00,2.97,3.06,2.95,2.97,3102
162,56,2019-12-31 12:00:00,3.03,3.03,3.02,3.02,200
163,55,2019-12-31 13:00:00,3.02,3.0653,3.02,3.0201,5604
164,54,2019-12-31 13:30:00,3.0389999999999997,3.0389999999999997,3.02,3.02,523
165,53,2019-12-31 14:30:00,3.02,3.02,3.02,3.02,100
166,52,2019-12-31 15:00:00,3.02,3.02,3.02,3.02,100
167,51,2019-12-31 15:30:00,3.02,3.04,3.02,3.0201,2600
168,50,2019-12-31 16:00:00,3.02,3.03,3.01,3.01,2956
169,49,2020-01-02 10:00:00,3.01,3.0765,3.01,3.0765,1450
170,48,2020-01-02 10:30:00,3.0748,3.0748,3.0492,3.0492,2000
171,47,2020-01-02 11:00:00,3.0626,3.0626,3.0626,3.0626,612
172,46,2020-01-02 12:30:00,3.07,3.07,3.07,3.07,200
173,45,2020-01-02 15:00:00,3.0627,3.0627,3.0627,3.0627,400
174,44,2020-01-02 16:00:00,3.07,3.07,3.06,3.07,500
175,43,2020-01-03 10:30:00,3.07,3.1,3.07,3.1,1128
176,42,2020-01-03 12:00:00,3.06,3.06,3.06,3.06,103
177,41,2020-01-03 13:00:00,3.06,3.06,3.06,3.06,100
178,40,2020-01-03 14:00:00,3.075,3.075,3.075,3.075,125
179,39,2020-01-03 14:30:00,3.085,3.085,3.07,3.07,208
180,38,2020-01-03 15:00:00,3.09,3.09,3.0726,3.075,392
181,37,2020-01-03 16:00:00,3.09,3.09,3.09,3.09,106
182,36,2020-01-06 10:00:00,3.02,3.035,3.02,3.035,1100
183,35,2020-01-06 10:30:00,3.0369,3.06,3.0369,3.055,1050
184,34,2020-01-06 11:30:00,3.043,3.043,3.03,3.04,313
185,33,2020-01-06 12:00:00,3.03,3.03,3.03,3.03,100
186,32,2020-01-06 12:30:00,3.03,3.03,3.03,3.03,100
187,31,2020-01-06 13:00:00,3.03,3.04,3.03,3.04,903
188,30,2020-01-06 13:30:00,3.055,3.055,3.04,3.04,500
189,29,2020-01-06 14:00:00,3.04,3.06,3.04,3.0478,900
190,28,2020-01-06 14:30:00,3.04,3.04,3.04,3.04,200
191,27,2020-01-06 15:00:00,3.04,3.04,3.04,3.04,100
192,26,2020-01-06 15:30:00,3.0502,3.0502,3.04,3.04,1200
193,25,2020-01-06 16:00:00,3.04,3.04,3.03,3.04,625
194,24,2020-01-07 10:00:00,3.02,3.0352,3.02,3.0352,400
195,23,2020-01-07 10:30:00,3.0295,3.04,3.0295,3.04,702
196,22,2020-01-07 11:00:00,3.04,3.05,3.0301,3.05,3100
197,21,2020-01-07 11:30:00,3.05,3.1,3.0401,3.1,2176
198,20,2020-01-07 12:00:00,3.08,3.1,3.08,3.1,300
199,19,2020-01-07 12:30:00,3.07,3.0848,3.07,3.0848,600
200,18,2020-01-07 13:00:00,3.085,3.085,3.085,3.085,200
201,17,2020-01-07 13:30:00,3.0860000000000003,3.091,3.0860000000000003,3.091,500
202,16,2020-01-07 14:00:00,3.08,3.0869999999999997,3.05,3.05,3636
203,15,2020-01-07 14:30:00,3.08,3.08,3.05,3.053,2201
204,14,2020-01-07 15:00:00,3.05,3.05,3.0439999999999996,3.0439999999999996,2400
205,13,2020-01-07 16:00:00,3.05,3.05,3.02,3.02,1200
206,12,2020-01-08 10:00:00,3.06,3.06,3.06,3.06,200
207,11,2020-01-08 10:30:00,3.08,3.08,3.08,3.08,100
208,10,2020-01-08 11:00:00,3.0434,3.0434,3.0434,3.0434,487
209,9,2020-01-08 11:30:00,3.04,3.04,3.02,3.04,2039
210,8,2020-01-08 12:00:00,3.02,3.02,3.015,3.0199,3570
211,7,2020-01-08 12:30:00,3.04,3.06,3.04,3.06,601
212,6,2020-01-08 13:00:00,3.05,3.06,3.05,3.06,325
213,5,2020-01-08 13:30:00,3.06,3.06,3.06,3.06,100
214,4,2020-01-08 14:00:00,3.06,3.06,3.06,3.06,100
215,3,2020-01-08 14:30:00,3.04,3.04,3.03,3.03,203
216,2,2020-01-08 15:00:00,3.03,3.035,3.03,3.035,620
217,1,2020-01-08 15:30:00,3.03,3.03,3.03,3.03,100
218,0,2020-01-08 16:00:00,3.02,3.05,3.0063,3.05,1450
