,index,time,open,high,low,close,volume
0,132,2019-08-13 11:00:00,24.2408860463,24.2408860463,24.2408860463,24.2408860463,428
1,131,2019-08-13 11:30:00,24.2408860463,24.2408860463,24.2408860463,24.2408860463,114
2,130,2019-08-13 12:00:00,24.2013608215,24.2013608215,24.2013608215,24.2013608215,400
3,129,2019-08-13 13:00:00,24.2327181257,24.2408860463,24.232436473299998,24.2408860463,841
4,128,2019-08-13 13:30:00,24.2408860463,24.2408860463,24.2408860463,24.2408860463,274
5,127,2019-08-13 14:30:00,24.2408860463,24.2408860463,24.2408860463,24.2408860463,161
6,126,2019-08-13 16:00:00,24.2408860463,24.2408860463,24.2408860463,24.2408860463,428
7,125,2019-08-14 11:00:00,24.2220153333,24.222109217399996,24.2220153333,24.222109217399996,1000
8,124,2019-08-14 11:30:00,24.2161945163,24.2161945163,24.2161945163,24.2161945163,200
9,123,2019-08-14 13:00:00,24.222109217399996,24.236191839099998,24.222109217399996,24.236191839099998,500
10,122,2019-08-14 14:30:00,24.2408860463,24.2408860463,24.2408860463,24.2408860463,200
11,121,2019-08-14 16:00:00,24.222109217399996,24.222109217399996,24.222109217399996,24.222109217399996,100
12,120,2019-08-15 10:00:00,24.250274460700002,24.250274460700002,24.250274460700002,24.250274460700002,7278
13,119,2019-08-15 11:30:00,24.23553465,24.23553465,24.23553465,24.23553465,599
14,118,2019-08-15 12:00:00,24.250274460700002,24.250274460700002,24.2382572902,24.2382572902,809
15,117,2019-08-15 13:00:00,24.250274460700002,24.250274460700002,24.237036796399998,24.2474579364,3762
16,116,2019-08-15 13:30:00,24.250274460700002,24.250274460700002,24.250274460700002,24.250274460700002,700
17,115,2019-08-15 14:00:00,24.222109217399996,24.222109217399996,24.222109217399996,24.222109217399996,266
18,114,2019-08-15 14:30:00,24.250274460700002,24.250274460700002,24.244829180300002,24.244829180300002,919
19,113,2019-08-15 15:00:00,24.250274460700002,24.250274460700002,24.2408860463,24.2408860463,2000
20,112,2019-08-15 16:00:00,24.194788931399998,24.194788931399998,24.194788931399998,24.194788931399998,1557
21,111,2019-08-16 10:00:00,24.184555559699998,24.184555559699998,24.184555559699998,24.184555559699998,200
22,110,2019-08-16 10:30:00,24.2033323886,24.2033323886,24.2033323886,24.2033323886,533
23,109,2019-08-16 11:00:00,24.222109217399996,24.222109217399996,24.2220153333,24.2220153333,2100
24,108,2019-08-16 12:00:00,24.222109217399996,24.222109217399996,24.212720803000003,24.222109217399996,491
25,107,2019-08-16 13:00:00,24.212720803000003,24.212720803000003,24.212720803000003,24.212720803000003,175
26,106,2019-08-16 13:30:00,24.222109217399996,24.222109217399996,24.222109217399996,24.222109217399996,105
27,105,2019-08-16 14:00:00,24.222109217399996,24.222109217399996,24.222109217399996,24.222109217399996,100
28,104,2019-08-16 14:30:00,24.222109217399996,24.222109217399996,24.222109217399996,24.222109217399996,195
29,103,2019-08-16 15:00:00,24.222109217399996,24.222109217399996,24.222109217399996,24.222109217399996,100
30,102,2019-08-16 15:30:00,24.222109217399996,24.259662875100002,24.222109217399996,24.259662875100002,1370
31,101,2019-08-16 16:00:00,24.259662875100002,24.259662875100002,24.259662875100002,24.259662875100002,100
32,100,2019-08-19 10:00:00,24.222109217399996,24.222109217399996,24.222109217399996,24.222109217399996,1850
33,99,2019-08-19 10:30:00,24.222109217399996,24.222109217399996,24.222109217399996,24.222109217399996,480
34,98,2019-08-19 11:30:00,24.250274460700002,24.250274460700002,24.250274460700002,24.250274460700002,420
35,97,2019-08-19 14:30:00,24.259662875100002,24.259662875100002,24.259662875100002,24.259662875100002,100
36,96,2019-08-19 15:00:00,24.250274460700002,24.250274460700002,24.250274460700002,24.250274460700002,900
37,95,2019-08-19 15:30:00,24.259662875100002,24.259662875100002,24.259662875100002,24.259662875100002,100
38,94,2019-08-19 16:00:00,24.259662875100002,24.259662875100002,24.2408860463,24.2408860463,210
39,93,2019-08-20 10:30:00,24.228117802600003,24.228117802600003,24.228117802600003,24.228117802600003,800
40,92,2019-08-20 11:00:00,24.259662875100002,24.259662875100002,24.259662875100002,24.259662875100002,131
41,91,2019-08-20 11:30:00,24.264357082300002,24.2690512895,24.264357082300002,24.264357082300002,600
42,90,2019-08-20 12:00:00,24.264357082300002,24.264357082300002,24.250274460700002,24.250274460700002,640
43,89,2019-08-20 12:30:00,24.259662875100002,24.259662875100002,24.259662875100002,24.259662875100002,300
44,88,2019-08-20 13:30:00,24.2408860463,24.2690512895,24.2408860463,24.259662875100002,3256
45,87,2019-08-20 14:00:00,24.2637937775,24.2637937775,24.2637937775,24.2637937775,550
46,86,2019-08-20 14:30:00,24.259662875100002,24.259662875100002,24.259662875100002,24.259662875100002,217
47,85,2019-08-20 15:30:00,24.259662875100002,24.259662875100002,24.259662875100002,24.259662875100002,100
48,84,2019-08-20 16:00:00,24.2690512895,24.2690512895,24.2690512895,24.2690512895,100
49,83,2019-08-21 10:30:00,24.2690512895,24.2690512895,24.2690512895,24.2690512895,422
50,82,2019-08-21 11:30:00,24.315993361700002,24.315993361700002,24.315993361700002,24.315993361700002,130
51,81,2019-08-21 13:30:00,24.2676430274,24.2676430274,24.2676430274,24.2676430274,350
52,80,2019-08-21 14:30:00,24.2690512895,24.2690512895,24.2690512895,24.2690512895,100
53,79,2019-08-21 15:30:00,24.2690512895,24.2690512895,24.2408860463,24.2408860463,1285
54,78,2019-08-21 16:00:00,24.259662875100002,24.259662875100002,24.259662875100002,24.259662875100002,100
55,77,2019-08-22 11:30:00,24.228117802600003,24.228117802600003,24.228117802600003,24.228117802600003,100
56,76,2019-08-22 12:00:00,24.2314976318,24.2314976318,24.2314976318,24.2314976318,1935
57,75,2019-08-22 13:30:00,24.259662875100002,24.259662875100002,24.259662875100002,24.259662875100002,120
58,74,2019-08-22 14:30:00,24.250274460700002,24.250274460700002,24.250274460700002,24.250274460700002,100
59,73,2019-08-22 15:30:00,24.259568991,24.259568991,24.250274460700002,24.250274460700002,785
60,72,2019-08-22 16:00:00,24.222109217399996,24.222109217399996,24.222109217399996,24.222109217399996,100
61,71,2019-08-23 11:30:00,24.259662875100002,24.259662875100002,24.259662875100002,24.259662875100002,100
62,70,2019-08-23 15:00:00,24.259662875100002,24.259662875100002,24.259662875100002,24.259662875100002,100
63,69,2019-08-23 16:00:00,24.259662875100002,24.259662875100002,24.259662875100002,24.259662875100002,200
64,68,2019-08-26 12:30:00,24.250274460700002,24.250274460700002,24.250274460700002,24.250274460700002,685
65,67,2019-08-26 13:00:00,24.241355466999998,24.241355466999998,24.2408860463,24.2408860463,350
66,66,2019-08-26 14:00:00,24.250274460700002,24.250274460700002,24.250274460700002,24.250274460700002,363
67,65,2019-08-26 14:30:00,24.2408860463,24.2408860463,24.2408860463,24.2408860463,363
68,64,2019-08-26 15:00:00,24.2314976318,24.2314976318,24.2314976318,24.2314976318,260
69,63,2019-08-26 16:00:00,24.250274460700002,24.250274460700002,24.250274460700002,24.250274460700002,262
70,62,2019-08-27 13:30:00,24.2953388499,24.2953388499,24.2953388499,24.2953388499,500
71,61,2019-08-27 14:00:00,24.297216532800004,24.297216532800004,24.297216532800004,24.297216532800004,100
72,60,2019-08-27 15:30:00,24.259662875100002,24.259662875100002,24.2521521436,24.2521521436,400
73,59,2019-08-27 16:00:00,24.297216532800004,24.297216532800004,24.297216532800004,24.297216532800004,870
74,58,2019-08-28 10:00:00,24.284917709899997,24.284917709899997,24.284917709899997,24.284917709899997,143
75,57,2019-08-28 11:30:00,24.222109217399996,24.297216532800004,24.222109217399996,24.297216532800004,1700
76,56,2019-08-28 12:00:00,24.297216532800004,24.297216532800004,24.297216532800004,24.297216532800004,142
77,55,2019-08-28 12:30:00,24.297216532800004,24.297216532800004,24.297216532800004,24.297216532800004,142
78,54,2019-08-28 14:30:00,24.306604947199997,24.306604947199997,24.297216532800004,24.306604947199997,1044
79,53,2019-08-28 15:30:00,24.3536409035,24.3723238482,24.3536409035,24.3723238482,1672
80,52,2019-08-28 16:00:00,24.3723238482,24.3911006771,24.3723238482,24.3817122626,1084
81,51,2019-08-29 10:00:00,24.4628989612,24.4628989612,24.4628989612,24.4628989612,400
82,50,2019-08-29 10:30:00,24.443824576,24.443824576,24.4152129983,24.4152129983,946
83,49,2019-08-29 11:00:00,24.4199815946,24.4199815946,24.3675270354,24.3675270354,1288
84,48,2019-08-29 12:00:00,24.3814513365,24.3814513365,24.3814513365,24.3814513365,400
85,47,2019-08-29 13:00:00,24.4149268825,24.4152129983,24.4149268825,24.4152129983,2733
86,46,2019-08-29 15:00:00,24.4152129983,24.4152129983,24.4152129983,24.4152129983,100
87,45,2019-08-29 15:30:00,24.4533617686,24.4533617686,24.4533617686,24.4533617686,140
88,44,2019-08-29 16:00:00,24.4152129983,24.439055979699997,24.4152129983,24.424750190799998,796
89,43,2019-08-30 10:30:00,24.443824576,24.4628989612,24.443824576,24.444587551399998,700
90,42,2019-08-30 11:00:00,24.4628989612,24.4628989612,24.4628989612,24.4628989612,135
91,41,2019-08-30 12:00:00,24.391942248400003,24.391942248400003,24.391942248400003,24.391942248400003,470
92,40,2019-08-30 13:00:00,24.3889857187,24.4724361537,24.3889857187,24.4723407818,4280
93,39,2019-08-30 13:30:00,24.4724361537,24.4724361537,24.458130364899997,24.458130364899997,315
94,38,2019-08-30 14:00:00,24.4724361537,24.4724361537,24.4724361537,24.4724361537,351
95,37,2019-08-30 15:00:00,24.4724361537,24.4724361537,24.4724361537,24.4724361537,151
96,36,2019-08-30 16:00:00,24.4724361537,24.4724361537,24.4724361537,24.4724361537,1140
97,35,2019-09-03 12:00:00,24.4628989612,24.4628989612,24.432952176500002,24.432952176500002,400
98,34,2019-09-03 13:00:00,24.4628989612,24.4628989612,24.4628989612,24.4628989612,278
99,33,2019-09-03 14:00:00,24.4342873834,24.4342873834,24.4342873834,24.4342873834,500
100,32,2019-09-03 16:00:00,24.4628989612,24.4628989612,24.4628989612,24.4628989612,221
101,31,2019-09-04 10:00:00,24.4628989612,24.4724361537,24.4628989612,24.4628989612,4802
102,30,2019-09-04 10:30:00,24.4628989612,24.4628989612,24.4628989612,24.4628989612,662
103,29,2019-09-04 12:00:00,24.4628989612,24.4628989612,24.4628989612,24.4628989612,722
104,28,2019-09-04 12:30:00,24.481973346300002,24.481973346300002,24.4724361537,24.4724361537,575
105,27,2019-09-04 13:00:00,24.5010477315,24.5010477315,24.490556819600002,24.5010477315,800
106,26,2019-09-04 14:00:00,24.5010477315,24.5086774855,24.5010477315,24.5086774855,1000
107,25,2019-09-04 16:00:00,24.4724361537,24.481973346300002,24.4628989612,24.4724361537,1359
108,24,2019-09-05 11:30:00,24.4533617686,24.4533617686,24.4533617686,24.4533617686,150
109,23,2019-09-05 14:30:00,24.443824576,24.443824576,24.443824576,24.443824576,206
110,22,2019-09-05 15:30:00,24.4248455628,24.443824576,24.4248455628,24.4391513516,2240
111,21,2019-09-05 16:00:00,24.4628989612,24.4628989612,24.4628989612,24.4628989612,100
112,20,2019-09-06 11:00:00,24.4533617686,24.4533617686,24.4533617686,24.4533617686,200
113,19,2019-09-06 12:00:00,24.4628989612,24.4628989612,24.4533617686,24.4533617686,1668
114,18,2019-09-06 13:30:00,24.4185510157,24.4185510157,24.4185510157,24.4185510157,253
115,17,2019-09-06 15:00:00,24.4628989612,24.4628989612,24.451931189699998,24.451931189699998,700
116,16,2019-09-06 16:00:00,24.4533617686,24.4533617686,24.443824576,24.443824576,450
117,15,2019-09-09 15:00:00,24.5366214598,24.5439650981,24.453457140500003,24.453457140500003,1716
118,14,2019-09-09 15:30:00,24.4628989612,24.5296593092,24.4628989612,24.5296593092,500
119,13,2019-09-09 16:00:00,24.5201221166,24.5201221166,24.5201221166,24.5201221166,276
120,12,2019-09-10 10:00:00,24.510584924,24.510584924,24.510584924,24.510584924,600
121,11,2019-09-10 10:30:00,24.5420576596,24.5420576596,24.5010477315,24.539101129899997,4520
122,10,2019-09-10 11:00:00,24.510584924,24.534427905500003,24.510584924,24.534427905500003,2000
123,9,2019-09-10 11:30:00,24.510584924,24.510584924,24.510584924,24.510584924,1000
124,8,2019-09-10 12:00:00,24.510584924,24.5487336944,24.510584924,24.510584924,1200
125,7,2019-09-10 12:30:00,24.510584924,24.510584924,24.510584924,24.510584924,900
126,6,2019-09-10 13:00:00,24.510584924,24.5487336944,24.4998078964,24.510584924,3350
127,5,2019-09-10 13:30:00,24.510584924,24.510584924,24.510584924,24.510584924,1000
128,4,2019-09-10 14:00:00,24.510584924,24.5487336944,24.510584924,24.510584924,1200
129,3,2019-09-10 14:30:00,24.510584924,24.510584924,24.510584924,24.510584924,900
130,2,2019-09-10 15:00:00,24.510584924,24.510584924,24.473485244899997,24.4774908658,1700
131,1,2019-09-10 15:30:00,24.510584924,24.586882464699997,24.510584924,24.586882464699997,3767
132,0,2019-09-10 16:00:00,24.5582708869,24.5582708869,24.5582708869,24.5582708869,300
