,index,time,open,high,low,close,volume
0,232,2020-03-09 05:00:00,24.903562991199998,24.903562991199998,24.903562991199998,24.903562991199998,200
1,231,2020-03-09 05:30:00,24.903562991199998,24.903562991199998,24.805129935900002,24.805129935900002,400
2,230,2020-03-09 07:30:00,24.7854433248,24.7854433248,24.7854433248,24.7854433248,200
3,229,2020-03-09 10:00:00,24.736226797199997,24.736226797199997,23.6731497999,23.6731497999,4371
4,228,2020-03-09 10:30:00,24.4704575479,24.5393606866,24.4704575479,24.4999874644,1708
5,227,2020-03-09 11:00:00,24.4999874644,24.559047297600003,24.312964659400002,24.391711103600002,1172
6,226,2020-03-09 11:30:00,24.322807964899997,24.4606142423,24.312964659400002,24.322807964899997,12686
7,225,2020-03-09 12:00:00,24.608263825300003,24.687010269499996,24.608263825300003,24.687010269499996,2554
8,224,2020-03-09 12:30:00,24.6574803529,24.6574803529,24.4606142423,24.4606142423,2647
9,223,2020-03-09 13:00:00,24.50983077,24.50983077,24.4606142423,24.4606142423,238
10,222,2020-03-09 13:30:00,24.4212410202,24.4212410202,24.4212410202,24.4212410202,542
11,221,2020-03-09 14:00:00,24.4606142423,24.4606142423,24.4606142423,24.4606142423,483
12,220,2020-03-09 14:30:00,24.4606142423,24.4606142423,24.362181186999997,24.411397714699998,3794
13,219,2020-03-09 15:00:00,24.362181186999997,24.411299281599998,24.362181186999997,24.393778197800003,3811
14,218,2020-03-09 15:30:00,24.411299281599998,24.411299281599998,24.411299281599998,24.411299281599998,500
15,217,2020-03-09 16:00:00,24.362181186999997,24.362181186999997,24.312964659400002,24.3423961429,5017
16,216,2020-03-10 10:00:00,24.450770936799998,24.450770936799998,24.447522646,24.450770936799998,833
17,215,2020-03-10 10:30:00,24.559047297600003,24.559047297600003,24.559047297600003,24.559047297600003,100
18,214,2020-03-10 11:00:00,24.568890603200003,24.7952866303,24.568890603200003,24.7952866303,1000
19,213,2020-03-10 12:00:00,24.687010269499996,24.687010269499996,24.687010269499996,24.687010269499996,328
20,212,2020-03-10 12:30:00,24.687010269499996,24.687010269499996,24.687010269499996,24.687010269499996,300
21,211,2020-03-10 15:30:00,24.7607366279,24.7607366279,24.7495152596,24.7495152596,700
22,210,2020-03-10 16:00:00,24.7224461694,24.7460701027,24.696853575,24.7460701027,558
23,209,2020-03-11 10:00:00,24.883876380100002,24.916753020599998,24.883876380100002,24.8937196856,4856
24,208,2020-03-11 10:30:00,24.8937196856,24.8937196856,24.8937196856,24.8937196856,800
25,207,2020-03-11 11:30:00,24.8937196856,24.8937196856,24.8169419025,24.8169419025,2550
26,206,2020-03-11 12:30:00,24.696853575,24.696853575,24.696853575,24.696853575,200
27,205,2020-03-11 13:00:00,24.7165401861,24.7165401861,24.687010269499996,24.687010269499996,400
28,204,2020-03-11 13:30:00,24.6181071308,24.6181071308,24.608263825300003,24.608263825300003,408
29,203,2020-03-11 14:00:00,24.647833913499998,24.7854433248,24.559047297600003,24.559047297600003,7464
30,202,2020-03-11 14:30:00,24.6181071308,24.6181071308,24.190907670799998,24.190907670799998,1499
31,201,2020-03-11 15:00:00,24.657578786,24.6673236585,24.6279504363,24.6574803529,1500
32,200,2020-03-11 15:30:00,24.4606142423,24.4606142423,24.3720244926,24.411397714699998,1279
33,199,2020-03-11 16:00:00,24.2932780483,24.3661185092,24.273591437199997,24.3370807579,1620
34,198,2020-03-12 10:00:00,23.879859216,23.9684489658,23.879859216,23.9192324382,2329
35,197,2020-03-12 10:30:00,23.879859216,23.8979708982,23.1317679958,23.1317679958,7005
36,196,2020-03-12 11:00:00,23.137083380700002,23.137083380700002,23.021227674699997,23.021227674699997,3226
37,195,2020-03-12 11:30:00,22.7270112724,22.7270112724,21.0646738344,21.1827935008,5379
38,194,2020-03-12 12:00:00,20.8382778072,21.753705221500002,20.1787763367,20.3396159491,3065
39,193,2020-03-12 12:30:00,21.4336009257,21.753705221500002,21.1631068897,21.505653922199997,6306
40,192,2020-03-12 13:00:00,21.576525722,21.6946453884,21.2221667229,21.6946453884,840
41,191,2020-03-12 13:30:00,21.753705221500002,21.753705221500002,21.5568391109,21.5666824165,2885
42,190,2020-03-12 14:00:00,21.7044886939,21.743861916,21.6848020828,21.6848020828,602
43,189,2020-03-12 14:30:00,21.797015765900003,22.89543023,21.797015765900003,22.0293177764,5033
44,188,2020-03-12 15:00:00,21.91119811,22.137594137199997,21.91119811,22.137594137199997,828
45,187,2020-03-12 15:30:00,21.9997878598,21.9997878598,21.9997878598,21.9997878598,380
46,186,2020-03-12 16:00:00,22.0293177764,22.7532928981,21.91119811,22.7532928981,5137
47,185,2020-03-13 10:00:00,22.846312135399998,23.1465329541,22.7577223856,22.9742751073,2014
48,184,2020-03-13 10:30:00,22.9841184128,22.9841184128,22.9841184128,22.9841184128,136
49,183,2020-03-13 11:00:00,23.1327523263,23.2892608842,23.1327523263,23.2892608842,796
50,182,2020-03-13 11:30:00,23.2892608842,24.4212410202,23.2892608842,24.1160985488,4560
51,181,2020-03-13 12:00:00,23.4073805506,23.427067161700002,23.377850634,23.427067161700002,1090
52,180,2020-03-13 13:00:00,24.228509097899998,24.228509097899998,24.228509097899998,24.228509097899998,275
53,179,2020-03-13 14:00:00,23.0284132877,23.0478045996,23.0284132877,23.0478045996,738
54,178,2020-03-13 16:00:00,23.476283689299997,23.476283689299997,23.476283689299997,23.476283689299997,294
55,177,2020-03-16 10:00:00,22.6888192469,23.2400443566,22.6888192469,23.2400443566,992
56,176,2020-03-16 10:30:00,22.058847693,22.168895848800002,21.812765054699998,21.812765054699998,2435
57,175,2020-03-16 11:00:00,21.6552721662,21.9505713321,21.6552721662,21.9505713321,835
58,174,2020-03-16 11:30:00,21.9505713321,22.1474374427,21.9505713321,22.1474374427,1742
59,173,2020-03-16 12:00:00,22.1572807483,22.1572807483,22.1474374427,22.1474374427,530
60,172,2020-03-16 12:30:00,22.011206094200002,22.011206094200002,22.011206094200002,22.011206094200002,1396
61,171,2020-03-16 13:00:00,22.590386191599997,22.6100728027,22.3324915867,22.6100728027,1349
62,170,2020-03-16 13:30:00,22.6888192469,22.895528663,22.6888192469,22.895528663,1746
63,169,2020-03-16 15:00:00,22.8561554409,22.8561554409,22.8561554409,22.8561554409,200
64,168,2020-03-16 16:00:00,22.7872523022,22.8561554409,22.6888192469,22.6888192469,1538
65,167,2020-03-17 11:00:00,22.7380357746,22.7380357746,22.7380357746,22.7380357746,200
66,166,2020-03-17 11:30:00,22.216340581500003,22.216340581500003,22.216340581500003,22.216340581500003,200
67,165,2020-03-17 12:00:00,22.255713803600003,22.370486746100003,22.255713803600003,22.370486746100003,500
68,164,2020-03-17 12:30:00,22.4525799142,22.4525799142,22.419801706799998,22.4525799142,400
69,163,2020-03-17 13:30:00,22.4027727882,22.4027727882,22.4027727882,22.4027727882,400
70,162,2020-03-17 14:00:00,22.393027915700003,22.393027915700003,22.393027915700003,22.393027915700003,500
71,161,2020-03-17 14:30:00,22.344303553299998,22.344303553299998,22.245870498000002,22.304930331199998,825
72,160,2020-03-17 15:00:00,22.245870498000002,22.245870498000002,22.245870498000002,22.245870498000002,400
73,159,2020-03-17 15:30:00,22.209351834499998,22.226183886999998,22.1966539704,22.1966539704,661
74,158,2020-03-17 16:00:00,21.2713832506,21.2713832506,21.1631068897,21.1631068897,2288
75,157,2020-03-18 10:00:00,21.4584060556,21.4584060556,20.434702280499998,20.434702280499998,4024
76,156,2020-03-18 10:30:00,19.991753531700002,20.3362692252,18.958206451,18.9778930621,2986
77,155,2020-03-18 11:00:00,18.377451424700002,18.377451424700002,18.3282348971,18.3282348971,277
78,154,2020-03-18 11:30:00,18.1116821754,18.1215254809,18.1116821754,18.1215254809,3543
79,153,2020-03-18 12:00:00,17.1874942192,17.4718673159,17.1874942192,17.1962547611,720
80,152,2020-03-18 12:30:00,17.1864114556,17.1864114556,12.845513716800001,14.0168670749,4233
81,151,2020-03-18 13:00:00,14.2827347572,14.2827347572,14.2827347572,14.2827347572,4000
82,150,2020-03-18 13:30:00,13.987337158299999,14.5602175401,12.845513716800001,12.845513716800001,5237
83,149,2020-03-18 14:00:00,11.7135335808,12.3730350513,11.3296446652,11.3690178873,7021
84,148,2020-03-18 14:30:00,11.3198013596,11.418332848,11.2607415264,11.3690178873,13624
85,147,2020-03-18 15:00:00,11.3690178873,11.3690178873,10.3650007232,10.384687334299999,10491
86,146,2020-03-18 15:30:00,10.5344040114,10.926069138399999,10.0697015573,10.0697015573,27410
87,145,2020-03-18 16:00:00,10.0303283352,12.2461548431,9.44957330891,12.2461548431,22979
88,144,2020-03-19 10:00:00,12.599431078499999,12.599431078499999,12.304131912599999,12.304131912599999,6450
89,143,2020-03-19 10:30:00,12.3139752182,12.6781775228,12.1761689407,12.510841328800002,3140
90,142,2020-03-19 11:00:00,12.5699011619,13.3179923822,12.5009980232,12.5009980232,6372
91,141,2020-03-19 11:30:00,12.648647606199999,13.268775854600001,12.510841328800002,13.1900294103,4778
92,140,2020-03-19 12:00:00,13.2786191601,14.213733185499999,13.2786191601,14.1212061135,4777
93,139,2020-03-19 12:30:00,13.406582132,14.2136347524,13.288462465599999,13.6526647703,4599
94,138,2020-03-19 13:00:00,13.583761631600002,13.583761631600002,13.583761631600002,13.583761631600002,200
95,137,2020-03-19 13:30:00,13.6920379924,14.184203268900001,13.6920379924,14.1153001302,900
96,136,2020-03-19 14:00:00,13.8298442698,14.223576491,13.7904710477,14.223576491,3430
97,135,2020-03-19 14:30:00,14.2826363242,14.8584696977,14.2826363242,14.8584696977,1400
98,134,2020-03-19 15:00:00,14.8584696977,14.907686225399999,14.381069379500001,14.381069379500001,1200
99,133,2020-03-19 15:30:00,14.843704739400001,15.444146376700001,14.7649582952,14.7649582952,3549
100,132,2020-03-19 16:00:00,15.2522019189,16.3445135336,15.2522019189,16.3445135336,5225
101,131,2020-03-20 10:00:00,16.7336194012,17.4884040692,16.7336194012,17.4884040692,682
102,130,2020-03-20 10:30:00,17.7671664818,18.4069813413,17.6539684683,18.4069813413,3858
103,129,2020-03-20 11:00:00,18.5054143966,20.1787763367,18.5054143966,20.1787763367,1946
104,128,2020-03-20 11:30:00,19.6374929656,19.6374929656,19.6374929656,19.6374929656,700
105,127,2020-03-20 12:00:00,19.9326936985,20.2870526976,19.9326936985,20.2870526976,295
106,126,2020-03-20 12:30:00,20.277209392,20.6906282243,20.277209392,20.277209392,1395
107,125,2020-03-20 13:00:00,20.277209392,20.750770821099998,20.277209392,20.750770821099998,677
108,124,2020-03-20 13:30:00,20.867807723800002,20.907180946,20.277209392,20.277209392,1300
109,123,2020-03-20 14:30:00,19.9326936985,19.9622236151,19.9326936985,19.9573019623,2600
110,122,2020-03-20 15:00:00,19.818806653499998,19.9573019623,18.9975796731,19.7850441155,6766
111,121,2020-03-20 15:30:00,19.7850441155,19.804730726600003,18.7387991707,18.7810269514,6775
112,120,2020-03-23 10:00:00,17.3084684441,17.3958769973,17.2071808302,17.2071808302,2180
113,119,2020-03-23 10:30:00,17.4718673159,17.4718673159,17.4718673159,17.4718673159,300
114,118,2020-03-23 11:00:00,17.4718673159,17.4718673159,16.256219083,16.256219083,1951
115,117,2020-03-23 11:30:00,16.2414541247,16.3694170966,16.1430210694,16.2512974302,2990
116,116,2020-03-23 12:30:00,16.2454898799,16.2454898799,16.2454898799,16.2454898799,665
117,115,2020-03-23 13:30:00,16.2576955788,16.7336194012,16.2576955788,16.7336194012,813
118,114,2020-03-23 14:30:00,16.7335209681,16.7335209681,16.1823942915,16.280827346800002,884
119,113,2020-03-23 15:00:00,16.684402873499998,16.7336194012,16.3792604021,16.4481635408,1338
120,112,2020-03-23 15:30:00,16.4284769298,16.7237760957,16.359573791,16.7237760957,1112
121,111,2020-03-23 16:00:00,16.300513957899998,16.7336194012,16.2512974302,16.7336194012,2360
122,110,2020-03-24 10:30:00,17.2257846777,17.7631307266,17.2257846777,17.7376365653,700
123,109,2020-03-24 11:30:00,17.7474798708,18.210115230699998,17.7376365653,18.210115230699998,3390
124,108,2020-03-24 12:00:00,19.1846024782,20.0704999759,19.1846024782,19.3716252833,2929
125,107,2020-03-24 12:30:00,19.5611089147,19.6728304325,19.5261651801,19.5261651801,1043
126,106,2020-03-24 13:00:00,19.6866110602,19.6866110602,19.6866110602,19.6866110602,200
127,105,2020-03-24 14:00:00,19.5501828456,19.607864616,19.5501828456,19.607864616,594
128,104,2020-03-24 15:30:00,19.5881780049,19.5881780049,19.4109985054,19.4109985054,520
129,103,2020-03-24 16:00:00,19.2692549057,19.4208418109,19.2535056169,19.4208418109,1100
130,102,2020-03-25 10:00:00,19.2535056169,19.607864616,19.2535056169,19.607864616,1007
131,101,2020-03-25 11:00:00,19.607864616,20.435588178,19.607864616,20.0803432814,5090
132,100,2020-03-25 12:00:00,19.716140976800002,20.493762113699997,19.593099657699998,20.493762113699997,2610
133,99,2020-03-25 12:30:00,20.1787763367,20.9465541681,20.1787763367,20.9465541681,2800
134,98,2020-03-25 13:00:00,21.4090910949,21.6552721662,21.119008881,21.6552721662,2115
135,97,2020-03-25 13:30:00,22.049004387399997,22.0687894316,21.6355855552,21.6454288607,10967
136,96,2020-03-25 14:00:00,21.6454288607,21.6552721662,20.974312289700002,21.0605396461,1740
137,95,2020-03-25 14:30:00,21.6355855552,21.6355855552,21.370800636400002,21.370800636400002,400
138,94,2020-03-25 15:00:00,21.409189528,21.5371524999,21.409189528,21.5371524999,1600
139,93,2020-03-25 15:30:00,21.4584060556,21.5371524999,21.3107564727,21.3107564727,3200
140,92,2020-03-25 16:00:00,21.3107564727,21.3107564727,20.9859273902,21.3107564727,1956
141,91,2020-03-26 10:00:00,21.6552721662,22.590386191599997,21.6208205969,22.5570173859,5447
142,90,2020-03-26 10:30:00,22.4722665252,22.4722665252,22.4722665252,22.4722665252,500
143,89,2020-03-26 11:00:00,22.334460247800003,22.334460247800003,22.334460247800003,22.334460247800003,100
144,88,2020-03-26 11:30:00,21.6641311412,21.8324516658,21.6552721662,21.6552721662,2200
145,87,2020-03-26 12:00:00,21.6060556386,22.245870498000002,21.4584060556,21.4584060556,5971
146,86,2020-03-26 12:30:00,21.409189528,21.4485627501,21.409189528,21.419032833499998,780
147,85,2020-03-26 13:00:00,21.5378415313,21.7340186105,21.5378415313,21.7107884094,1410
148,84,2020-03-26 13:30:00,21.4387194446,21.4387194446,21.428876139,21.428876139,450
149,83,2020-03-26 14:30:00,21.4879359722,21.507622583299998,21.4879359722,21.507622583299998,385
150,82,2020-03-26 15:30:00,21.5371524999,21.5371524999,21.507622583299998,21.507622583299998,600
151,81,2020-03-27 10:00:00,20.7300014464,21.1631068897,20.7300014464,21.1631068897,804
152,80,2020-03-27 12:00:00,21.1138903621,21.1532635842,21.1138903621,21.1532635842,465
153,79,2020-03-27 12:30:00,21.1434202787,21.5875502242,21.1434202787,21.5875502242,946
154,78,2020-03-27 13:00:00,21.512937968299997,21.512937968299997,21.512937968299997,21.512937968299997,400
155,77,2020-03-27 14:00:00,21.4780926667,21.507622583299998,21.4062365363,21.4062365363,1028
156,76,2020-03-27 15:00:00,21.261539945,21.261539945,21.185057461099998,21.185057461099998,900
157,75,2020-03-27 15:30:00,21.261539945,21.6946453884,21.261539945,21.5888298539,2100
158,74,2020-03-27 16:00:00,21.6552721662,21.6946453884,21.6552721662,21.6946453884,1687
159,73,2020-03-30 10:00:00,21.617375439899998,21.8029217492,21.617375439899998,21.6626546454,7155
160,72,2020-03-30 10:30:00,21.576525722,21.576525722,21.5568391109,21.5568391109,1000
161,71,2020-03-30 11:00:00,21.7172849911,21.8029217492,21.7172849911,21.8029217492,2900
162,70,2020-03-30 11:30:00,21.7832351381,21.7832351381,21.7733918326,21.7733918326,1629
163,69,2020-03-30 12:00:00,21.7044886939,21.8422949713,21.5568391109,21.6372589171,3600
164,68,2020-03-30 12:30:00,21.6995670411,21.6995670411,21.6995670411,21.6995670411,203
165,67,2020-03-30 13:30:00,21.783825736500003,21.783825736500003,21.783825736500003,21.783825736500003,400
166,66,2020-03-30 14:00:00,21.7832351381,21.7832351381,21.7832351381,21.7832351381,100
167,65,2020-03-30 14:30:00,21.7487835688,21.8422949713,21.5568391109,21.6060556386,3808
168,64,2020-03-30 15:00:00,21.6060556386,21.8422949713,21.5568391109,21.7980985295,2426
169,63,2020-03-30 15:30:00,21.8422949713,21.8422949713,21.725159635500003,21.725159635500003,1747
170,62,2020-03-30 16:00:00,21.8422949713,22.009631165300004,21.8422949713,22.009631165300004,1000
171,61,2020-03-31 10:30:00,21.6355855552,21.665312337899998,21.6158989441,21.6158989441,2710
172,60,2020-03-31 11:00:00,21.8718248879,21.8718248879,21.8090245986,21.8090245986,300
173,59,2020-03-31 11:30:00,21.9013548045,21.9013548045,21.812765054699998,21.812765054699998,757
174,58,2020-03-31 12:00:00,21.9407280266,22.1179075262,21.9407280266,22.0811919965,1420
175,57,2020-03-31 12:30:00,22.0593398583,22.0593398583,21.9523431271,21.9523431271,651
176,56,2020-03-31 13:00:00,21.9997878598,22.058847693,21.9997878598,22.058847693,415
177,55,2020-03-31 14:00:00,21.9899445543,21.9997878598,21.9801012487,21.9801012487,1368
178,54,2020-03-31 14:30:00,21.9801012487,21.9801012487,21.9801012487,21.9801012487,923
179,53,2020-03-31 15:00:00,21.9997878598,21.9997878598,21.9997878598,21.9997878598,300
180,52,2020-03-31 15:30:00,22.1179075262,22.1179075262,22.1179075262,22.1179075262,500
181,51,2020-04-01 10:30:00,21.6749587773,21.6749587773,21.6749587773,21.6749587773,128
182,50,2020-04-01 11:30:00,21.6848020828,21.743861916,21.6060556386,21.6060556386,3177
183,49,2020-04-01 12:00:00,21.6060556386,21.6060556386,21.6060556386,21.6060556386,3033
184,48,2020-04-01 12:30:00,21.8324516658,22.1080642206,21.015457306800002,22.1080642206,6600
185,47,2020-04-01 13:00:00,21.6555674654,21.6555674654,21.6549768671,21.6549768671,450
186,46,2020-04-01 13:30:00,22.0194744709,22.049004387399997,21.9997878598,22.049004387399997,800
187,45,2020-04-01 14:00:00,21.7155131961,21.9801012487,21.6552721662,21.9801012487,2922
188,44,2020-04-01 14:30:00,21.8029217492,21.8029217492,21.8029217492,21.8029217492,592
189,43,2020-04-01 15:00:00,21.665115471799997,21.8734982498,21.6552721662,21.8734982498,2646
190,42,2020-04-01 15:30:00,21.9504728991,21.9505713321,21.6552721662,21.6552721662,1138
191,41,2020-04-01 16:00:00,21.6749587773,21.6749587773,20.9957706957,21.6552721662,2878
192,40,2020-04-02 10:00:00,21.4387194446,21.4387194446,21.4387194446,21.4387194446,957
193,39,2020-04-02 11:00:00,21.6552721662,22.053630741,21.593751506700002,22.053630741,3561
194,38,2020-04-02 11:30:00,21.7635485271,22.1179075262,21.7635485271,22.010812362,1703
195,37,2020-04-02 12:00:00,21.4286792729,21.4286792729,21.4286792729,21.4286792729,241
196,36,2020-04-02 12:30:00,21.9702579432,21.9702579432,21.905981158099998,21.9150369992,700
197,35,2020-04-02 13:00:00,21.625742249699996,21.625742249699996,21.5666824165,21.5666824165,798
198,34,2020-04-02 13:30:00,21.665115471799997,21.665115471799997,21.6552721662,21.6552721662,2690
199,33,2020-04-02 14:00:00,21.7044886939,21.7748683284,21.7044886939,21.7748683284,950
200,32,2020-04-02 14:30:00,21.7832351381,21.7832351381,21.5962123331,21.5962123331,1933
201,31,2020-04-02 15:30:00,21.9505713321,21.9505713321,21.9505713321,21.9505713321,100
202,30,2020-04-03 10:00:00,21.6552721662,21.6552721662,21.6552721662,21.6552721662,500
203,29,2020-04-03 11:00:00,22.098122481999997,22.098122481999997,22.098122481999997,22.098122481999997,112
204,28,2020-04-03 11:30:00,21.5666824165,21.5666824165,20.999708017899998,20.999708017899998,400
205,27,2020-04-03 12:30:00,21.5666824165,21.5666824165,21.546995805399998,21.546995805399998,300
206,26,2020-04-03 13:00:00,21.546995805399998,21.546995805399998,21.461555913399998,21.461555913399998,900
207,25,2020-04-03 13:30:00,21.1631068897,21.546995805399998,21.1631068897,21.1926368063,642
208,24,2020-04-03 14:00:00,21.5666824165,21.5666824165,21.5666824165,21.5666824165,100
209,23,2020-04-03 14:30:00,21.5568391109,21.5568391109,21.1729501953,21.208287662100002,4000
210,22,2020-04-03 15:00:00,21.718269321599998,21.718269321599998,21.409189528,21.4584060556,1792
211,21,2020-04-03 15:30:00,21.6552721662,21.6552721662,21.1631068897,21.2123234174,1499
212,20,2020-04-03 16:00:00,21.1729501953,21.261539945,21.1631068897,21.261539945,522
213,19,2020-04-06 10:00:00,21.2713832506,21.852138276799998,21.2713832506,21.852138276799998,1200
214,18,2020-04-06 10:30:00,21.6454288607,21.6552721662,21.4364554843,21.4364554843,1050
215,17,2020-04-06 11:00:00,21.5322308471,21.852138276799998,21.409189528,21.409189528,1615
216,16,2020-04-06 11:30:00,21.4584060556,21.8422949713,21.409189528,21.6552721662,2800
217,15,2020-04-06 12:00:00,21.6552721662,21.6552721662,21.6552721662,21.6552721662,700
218,14,2020-04-06 12:30:00,21.6552721662,21.8029217492,21.6552721662,21.6552721662,1200
219,13,2020-04-06 13:00:00,21.749767899299997,21.852138276799998,21.749767899299997,21.787467759499997,1400
220,12,2020-04-06 13:30:00,21.6552721662,21.753705221500002,21.574753927,21.753705221500002,500
221,11,2020-04-06 14:00:00,21.6552721662,21.6552721662,21.6552721662,21.6552721662,600
222,10,2020-04-06 15:00:00,21.8718248879,21.8718248879,21.8718248879,21.8718248879,172
223,9,2020-04-06 15:30:00,21.9763607926,21.9763607926,21.852138276799998,21.852138276799998,2200
224,8,2020-04-06 16:00:00,21.6946453884,21.6946453884,21.4780926667,21.576525722,2823
225,7,2020-04-07 10:00:00,22.1179075262,22.127750831700002,21.852138276799998,21.852138276799998,1051
226,6,2020-04-07 10:30:00,22.137594137199997,22.295087025700003,22.137594137199997,22.295087025700003,1194
227,5,2020-04-07 13:00:00,22.3246169423,22.3246169423,22.3246169423,22.3246169423,400
228,4,2020-04-07 13:30:00,22.2913465696,22.2913465696,22.245870498000002,22.245870498000002,580
229,3,2020-04-07 14:00:00,22.127750831700002,22.127750831700002,22.127750831700002,22.127750831700002,328
230,2,2020-04-07 14:30:00,22.176967359299997,22.1966539704,22.1031425679,22.1966539704,1606
231,1,2020-04-07 15:30:00,22.1966539704,22.1966539704,22.1966539704,22.1966539704,100
232,0,2020-04-07 16:00:00,22.176967359299997,22.2870155152,22.120466785599998,22.278845571599998,780
233,145,2020-04-08 10:00:00,22.6199161082,22.6199161082,22.6199161082,22.6199161082,500
234,144,2020-04-08 11:00:00,22.7774089967,22.8167822188,22.7774089967,22.8167822188,1795
235,143,2020-04-08 11:30:00,22.639602719299997,22.639602719299997,22.639602719299997,22.639602719299997,400
236,142,2020-04-08 12:00:00,22.43988205,22.4427366086,22.43988205,22.4427366086,1360
237,141,2020-04-08 13:00:00,22.7621518731,22.7779011619,22.7621518731,22.7779011619,1050
238,140,2020-04-08 13:30:00,22.639602719299997,22.639602719299997,22.639602719299997,22.639602719299997,640
239,139,2020-04-08 14:00:00,22.8757436189,22.875842052,22.8757436189,22.875842052,473
240,138,2020-04-08 14:30:00,23.0825514681,23.308947495300004,23.068180241999997,23.308947495300004,2178
241,137,2020-04-08 15:00:00,23.2991041898,23.308947495300004,23.023491634899997,23.308947495300004,4522
242,136,2020-04-08 15:30:00,23.308849062199997,23.604246661199998,23.308849062199997,23.604246661199998,2797
243,135,2020-04-08 16:00:00,23.584560050100002,23.584560050100002,23.476283689299997,23.476283689299997,2545
244,134,2020-04-09 10:00:00,23.5747167446,23.997978882399998,23.5747167446,23.997978882399998,3838
245,133,2020-04-09 10:30:00,23.6633064944,23.8700159105,23.427067161700002,23.427067161700002,5100
246,132,2020-04-09 11:00:00,24.027508799,24.322807964899997,24.027508799,24.322807964899997,1069
247,131,2020-04-09 12:30:00,23.9684489658,23.9685473989,23.555030133600003,23.9685473989,2940
248,130,2020-04-09 13:30:00,24.3818677981,24.401554409099997,24.2440615207,24.2440615207,2000
249,129,2020-04-09 14:00:00,24.4212410202,24.4212410202,24.219453256799998,24.219453256799998,800
250,128,2020-04-09 14:30:00,24.205574196,24.3031213538,24.205574196,24.2243749096,6164
251,127,2020-04-09 15:00:00,24.2706384456,24.2706384456,24.2637481317,24.2637481317,767
252,126,2020-04-09 15:30:00,24.2145316041,24.2145316041,24.1751583819,24.1751583819,998
253,125,2020-04-09 16:00:00,24.106255243200003,24.2145316041,23.9290757437,23.9290757437,864
254,124,2020-04-13 10:00:00,23.722366327600003,23.722366327600003,23.180984523400003,23.180984523400003,600
255,123,2020-04-13 10:30:00,23.377850634,23.377850634,23.377850634,23.377850634,400
256,122,2020-04-13 11:00:00,23.377850634,23.387693939499997,22.541169664,23.1317679958,7120
257,121,2020-04-13 11:30:00,23.1317679958,23.1317679958,23.1317679958,23.1317679958,495
258,120,2020-04-13 12:00:00,23.1317679958,23.1317679958,23.1317679958,23.1317679958,1455
259,119,2020-04-13 14:30:00,23.525500216999998,23.525500216999998,23.476283689299997,23.476283689299997,877
260,118,2020-04-13 15:00:00,23.476283689299997,23.5501084808,23.476283689299997,23.5501084808,200
261,117,2020-04-13 15:30:00,23.577768169299997,23.582591389,23.577768169299997,23.582591389,525
262,116,2020-04-13 16:00:00,23.564873439099998,23.6239332723,23.540265175300004,23.540265175300004,2728
263,115,2020-04-14 10:00:00,23.564873439099998,23.564873439099998,23.564873439099998,23.564873439099998,250
264,114,2020-04-14 11:30:00,23.879859216,23.889702521599997,23.879859216,23.889702521599997,350
265,113,2020-04-14 13:30:00,23.8995458271,23.8995458271,23.8995458271,23.8995458271,150
266,112,2020-04-14 14:30:00,23.978292271300003,24.2046882985,23.978292271300003,24.1653150764,1734
267,111,2020-04-14 15:00:00,24.362181186999997,24.3628702184,24.362181186999997,24.3628702184,400
268,110,2020-04-14 15:30:00,24.362181186999997,24.3818677981,24.3346199315,24.363165517600002,1200
269,109,2020-04-14 16:00:00,23.7322096331,23.7322096331,23.634268743099998,23.634268743099998,2000
270,108,2020-04-15 10:00:00,23.6239332723,24.06491336,23.6239332723,24.06491336,2065
271,107,2020-04-15 12:00:00,23.860172605,23.9003332915,23.7109480931,23.7109480931,1393
272,106,2020-04-15 13:00:00,23.9586056603,23.9684489658,23.7814261607,23.7912694663,1491
273,105,2020-04-15 13:30:00,23.7912694663,23.8289693265,23.6140899667,23.6239332723,6480
274,104,2020-04-15 14:30:00,23.584560050100002,23.6239332723,23.584560050100002,23.6239332723,1133
275,103,2020-04-15 16:00:00,23.6239332723,23.6239332723,23.6239332723,23.6239332723,610
276,102,2020-04-16 10:30:00,23.8700159105,23.879859216,23.8700159105,23.879859216,865
277,101,2020-04-16 13:00:00,23.8306426884,23.8306426884,23.525500216999998,23.525500216999998,5437
278,100,2020-04-16 14:00:00,23.742643537,23.8356627742,23.6239332723,23.8356627742,1100
279,99,2020-04-16 14:30:00,23.6239332723,23.624031705300002,23.6239332723,23.624031705300002,800
280,98,2020-04-16 15:30:00,23.6239332723,23.6239332723,23.6239332723,23.6239332723,400
281,97,2020-04-16 16:00:00,23.9093891326,23.997978882399998,23.874543831100002,23.9785875705,16595
282,96,2020-04-17 11:00:00,24.1160985488,24.4704575479,24.1160985488,24.4606142423,5718
283,95,2020-04-17 13:30:00,23.9487623548,23.9949274577,23.8306426884,23.876807791300003,12025
284,94,2020-04-17 14:30:00,24.027508799,24.050739,23.9192324382,23.990990135500002,2891
285,93,2020-04-17 15:00:00,23.9192324382,23.9192324382,23.8995458271,23.9192324382,2615
286,92,2020-04-17 15:30:00,23.8700159105,23.8700159105,23.8404859939,23.8404859939,3000
287,91,2020-04-17 16:00:00,23.8700159105,23.9015144882,23.850329299499997,23.9015144882,3097
288,90,2020-04-20 10:00:00,23.4467537727,23.5705825563,22.9313582952,23.4843551998,5682
289,89,2020-04-20 10:30:00,23.7026797165,23.712523022,23.4920329782,23.5968641821,1000
290,88,2020-04-20 12:00:00,23.722366327600003,23.7715828552,23.722366327600003,23.722366327600003,1188
291,87,2020-04-20 13:00:00,23.9192324382,23.9192324382,23.9192324382,23.9192324382,200
292,86,2020-04-20 14:00:00,23.8093811484,23.8093811484,23.8093811484,23.8093811484,550
293,85,2020-04-20 15:30:00,24.0668820211,24.0668820211,24.0668820211,24.0668820211,100
294,84,2020-04-21 10:00:00,24.0668820211,24.1560623692,24.0668820211,24.0668820211,1890
295,83,2020-04-21 10:30:00,24.0668820211,24.1143267538,23.7304378381,23.7304378381,2579
296,82,2020-04-21 11:00:00,23.722366327600003,23.722366327600003,22.9349018852,22.9349018852,4923
297,81,2020-04-21 13:00:00,23.348320717399996,23.377850634,23.2498876621,23.2498876621,1649
298,80,2020-04-21 13:30:00,23.8552509522,23.8552509522,23.7272879803,23.7272879803,400
299,79,2020-04-21 14:30:00,23.653758488,23.653758488,23.653758488,23.653758488,600
300,78,2020-04-21 15:00:00,23.8404859939,23.8404859939,23.8404859939,23.8404859939,100
301,77,2020-04-21 15:30:00,23.8404859939,23.889702521599997,23.8404859939,23.8700159105,505
302,76,2020-04-21 16:00:00,23.8995458271,23.9192324382,23.604246661199998,23.604246661199998,2214
303,75,2020-04-22 10:00:00,23.9192324382,23.9192324382,23.9192324382,23.9192324382,894
304,74,2020-04-22 10:30:00,23.8700159105,23.8700159105,23.8700159105,23.8700159105,2437
305,73,2020-04-22 12:30:00,24.106255243200003,24.106255243200003,24.038336435100003,24.038336435100003,1453
306,72,2020-04-22 13:00:00,24.0865686322,24.106255243200003,24.0865686322,24.106255243200003,427
307,71,2020-04-22 15:00:00,24.0964119377,24.1160985488,24.0964119377,24.1160985488,1477
308,70,2020-04-22 15:30:00,24.4212410202,24.4212410202,24.4212410202,24.4212410202,106
309,69,2020-04-22 16:00:00,24.4212410202,24.431084325700002,24.2440615207,24.2440615207,808
310,68,2020-04-23 10:00:00,24.4535270623,24.4535270623,24.4535270623,24.4535270623,400
311,67,2020-04-23 11:00:00,24.362181186999997,24.362181186999997,24.362181186999997,24.362181186999997,400
312,66,2020-04-23 11:30:00,24.50983077,24.50983077,24.50983077,24.50983077,100
313,65,2020-04-23 12:00:00,24.275264799200002,24.275264799200002,24.275264799200002,24.275264799200002,100
314,64,2020-04-23 13:00:00,24.2834347428,24.2834347428,24.2834347428,24.2834347428,142
315,63,2020-04-23 14:30:00,24.480300853400003,24.480300853400003,24.480300853400003,24.480300853400003,100
316,62,2020-04-23 15:00:00,24.50983077,24.50983077,24.50983077,24.50983077,516
317,61,2020-04-23 15:30:00,24.50983077,24.50983077,24.50983077,24.50983077,599
318,60,2020-04-24 10:00:00,24.3031213538,24.363165517600002,24.2834347428,24.312964659400002,1300
319,59,2020-04-24 10:30:00,24.480300853400003,24.4999874644,24.480300853400003,24.4999874644,526
320,58,2020-04-24 11:00:00,24.50983077,24.50983077,24.50983077,24.50983077,100
321,57,2020-04-24 11:30:00,24.50983077,24.50983077,24.490144158899998,24.490144158899998,752
322,56,2020-04-24 12:00:00,24.411397714699998,24.4606142423,24.411397714699998,24.4606142423,1351
323,55,2020-04-24 12:30:00,24.4606142423,24.4606142423,24.4606142423,24.4606142423,339
324,54,2020-04-24 13:30:00,24.50983077,24.50983077,24.4929002845,24.4929002845,400
325,53,2020-04-24 14:00:00,24.322807964899997,24.4064760619,24.322807964899997,24.4064760619,800
326,52,2020-04-24 14:30:00,24.411397714699998,24.411397714699998,24.2834347428,24.312964659400002,2687
327,51,2020-04-24 15:00:00,24.431084325700002,24.450770936799998,24.431084325700002,24.450770936799998,358
328,50,2020-04-27 10:00:00,24.50983077,24.50983077,24.50983077,24.50983077,728
329,49,2020-04-27 10:30:00,24.608263825300003,24.608263825300003,24.568890603200003,24.608263825300003,4101
330,48,2020-04-27 12:30:00,24.568890603200003,24.608263825300003,24.534734333000003,24.534734333000003,877
331,47,2020-04-27 13:00:00,24.7066968806,24.7066968806,24.7066968806,24.7066968806,160
332,46,2020-04-27 13:30:00,24.559047297600003,24.559047297600003,24.5404434502,24.5404434502,250
333,45,2020-04-27 15:30:00,24.6673236585,24.687010269499996,24.608263825300003,24.687010269499996,1100
334,44,2020-04-28 11:00:00,24.677166964,24.687010269499996,24.677166964,24.687010269499996,1100
335,43,2020-04-28 12:00:00,24.687010269499996,24.687010269499996,24.504909117199997,24.504909117199997,900
336,42,2020-04-28 12:30:00,24.365527910900003,24.365527910900003,24.365527910900003,24.365527910900003,400
337,41,2020-04-28 13:00:00,24.6574803529,24.7066968806,24.6574803529,24.7066968806,2500
338,40,2020-04-28 14:30:00,24.6340532858,24.6340532858,24.6340532858,24.6340532858,200
339,39,2020-04-28 15:30:00,24.7066968806,24.7066968806,24.696853575,24.696853575,731
340,38,2020-04-29 10:00:00,24.435809112399998,24.7066968806,24.435809112399998,24.7066968806,3610
341,37,2020-04-29 11:00:00,24.805129935900002,24.805129935900002,24.805129935900002,24.805129935900002,149
342,36,2020-04-29 11:30:00,24.7066968806,24.7460701027,24.4114961477,24.7460701027,2529
343,35,2020-04-29 12:00:00,24.7066968806,24.7066968806,24.696853575,24.696853575,700
344,34,2020-04-29 14:30:00,24.7952866303,24.7952866303,24.7952866303,24.7952866303,100
345,33,2020-04-29 15:00:00,24.6377937419,24.7854433248,24.6181071308,24.7854433248,1254
346,32,2020-04-29 15:30:00,24.7933179692,24.805129935900002,24.7933179692,24.805129935900002,1400
347,31,2020-04-30 10:00:00,24.805129935900002,24.805129935900002,24.805129935900002,24.805129935900002,816
348,30,2020-04-30 11:00:00,24.5435933079,24.7460701027,24.5435933079,24.7460701027,560
349,29,2020-04-30 11:30:00,24.7460701027,24.7854433248,24.50983077,24.50983077,1158
350,28,2020-04-30 13:00:00,24.6813011523,24.6813011523,24.6813011523,24.6813011523,180
351,27,2020-04-30 15:00:00,24.716835485300003,24.716835485300003,24.716835485300003,24.716835485300003,200
352,26,2020-04-30 15:30:00,24.687010269499996,24.687010269499996,24.687010269499996,24.687010269499996,140
353,25,2020-04-30 16:00:00,24.775600019299997,24.7952866303,24.7066968806,24.7704815004,4310
354,24,2020-05-01 10:00:00,24.7559134082,24.7559134082,24.7559134082,24.7559134082,2030
355,23,2020-05-01 10:30:00,24.6181071308,24.6181071308,24.6181071308,24.6181071308,395
356,22,2020-05-01 12:00:00,24.7066968806,24.7165401861,24.6181071308,24.6181071308,997
357,21,2020-05-01 13:00:00,24.844503158000002,24.844503158000002,24.844503158000002,24.844503158000002,203
358,20,2020-05-01 13:30:00,24.7765843498,24.7765843498,24.7765843498,24.7765843498,200
359,19,2020-05-01 16:00:00,24.814973241399997,24.814973241399997,24.6574803529,24.6889789306,1800
360,18,2020-05-04 11:00:00,24.8937196856,24.903562991199998,24.6181071308,24.6181071308,2750
361,17,2020-05-04 11:30:00,24.7559134082,24.7559134082,24.106255243200003,24.1356867268,10274
362,16,2020-05-04 13:00:00,24.7460701027,24.7460701027,24.7460701027,24.7460701027,200
363,15,2020-05-04 15:30:00,24.7810138373,24.7810138373,24.7810138373,24.7810138373,600
364,14,2020-05-04 16:00:00,24.7460701027,24.7460701027,24.7460701027,24.7460701027,115
365,13,2020-05-05 10:00:00,24.519674075500003,24.519674075500003,24.519674075500003,24.519674075500003,272
366,12,2020-05-05 11:30:00,24.8543464635,24.903562991199998,24.8543464635,24.903562991199998,900
367,11,2020-05-05 12:00:00,24.8740330746,24.8740330746,24.8740330746,24.8740330746,593
368,10,2020-05-05 14:00:00,24.903562991199998,24.903562991199998,24.903562991199998,24.903562991199998,200
369,9,2020-05-05 14:30:00,24.903562991199998,24.903562991199998,24.856807289899997,24.903562991199998,2741
370,8,2020-05-06 14:00:00,24.7896759462,24.7896759462,24.7896759462,24.7896759462,354
371,7,2020-05-06 14:30:00,24.608263825300003,24.6110199508,24.608263825300003,24.608263825300003,1600
372,6,2020-05-06 15:30:00,24.7952866303,24.7952866303,24.7952866303,24.7952866303,400
373,5,2020-05-07 10:00:00,24.883876380100002,24.883876380100002,24.883876380100002,24.883876380100002,200
374,4,2020-05-07 13:00:00,24.883876380100002,24.883876380100002,24.8543464635,24.8543464635,490
375,3,2020-05-07 13:30:00,24.828557003,24.828557003,24.828557003,24.828557003,700
376,2,2020-05-07 14:00:00,24.765756713800002,24.765756713800002,24.765756713800002,24.765756713800002,200
377,1,2020-05-07 15:00:00,24.765756713800002,24.765756713800002,24.7559134082,24.758866399899997,2407
378,0,2020-05-07 16:00:00,24.696853575,24.696853575,24.608263825300003,24.608263825300003,800
379,154,2020-05-08 12:00:00,24.6181071308,24.6181071308,24.6181071308,24.6181071308,125
380,153,2020-05-08 13:00:00,24.7165401861,24.7165401861,24.7066968806,24.7066968806,200
381,152,2020-05-08 14:30:00,24.9921527409,24.9921527409,24.9921527409,24.9921527409,200
382,151,2020-05-08 15:00:00,25.011839352,25.011839352,25.011839352,25.011839352,100
383,150,2020-05-08 15:30:00,24.8543464635,24.8543464635,24.8543464635,24.8543464635,500
384,149,2020-05-08 16:00:00,24.8543464635,24.8740330746,24.8543464635,24.864189769099998,1600
385,148,2020-05-11 10:00:00,24.7263834916,24.7263834916,24.7263834916,24.7263834916,800
386,147,2020-05-11 10:30:00,24.8346598525,24.844503158000002,24.8346598525,24.8346598525,400
387,146,2020-05-11 11:30:00,24.844503158000002,24.8543464635,24.7066968806,24.7066968806,3685
388,145,2020-05-11 12:00:00,24.8543464635,24.8543464635,24.711618533299998,24.711618533299998,1400
389,144,2020-05-11 13:30:00,24.864189769099998,24.864189769099998,24.864189769099998,24.864189769099998,300
390,143,2020-05-11 14:00:00,24.711618533299998,24.711618533299998,24.711618533299998,24.711618533299998,440
391,142,2020-05-11 14:30:00,24.864189769099998,24.864189769099998,24.568890603200003,24.568890603200003,540
392,141,2020-05-11 16:00:00,24.864189769099998,24.864189769099998,24.864189769099998,24.864189769099998,100
393,140,2020-05-12 10:30:00,24.844503158000002,24.8543464635,24.844503158000002,24.8543464635,500
394,139,2020-05-12 11:00:00,24.844503158000002,24.864189769099998,24.844503158000002,24.864189769099998,606
395,138,2020-05-12 13:00:00,24.903562991199998,24.903562991199998,24.903562991199998,24.903562991199998,200
396,137,2020-05-12 14:00:00,24.805129935900002,24.805129935900002,24.805129935900002,24.805129935900002,215
397,136,2020-05-12 16:00:00,24.786722954499997,24.786722954499997,24.786722954499997,24.786722954499997,250
398,135,2020-05-13 10:00:00,24.6574803529,24.6574803529,24.6574803529,24.6574803529,600
399,134,2020-05-13 11:30:00,24.903562991199998,24.903562991199998,24.903562991199998,24.903562991199998,830
400,133,2020-05-13 15:00:00,24.8937196856,24.8937196856,24.8937196856,24.8937196856,200
401,132,2020-05-13 15:30:00,24.903562991199998,24.903562991199998,24.677166964,24.677166964,2500
402,131,2020-05-14 10:00:00,24.608263825300003,24.608263825300003,24.608263825300003,24.608263825300003,1700
403,130,2020-05-14 10:30:00,24.750991755500003,24.750991755500003,24.5885772142,24.5984205197,3336
404,129,2020-05-14 12:00:00,24.6279504363,24.647637047399996,24.6279504363,24.6377937419,400
405,128,2020-05-14 13:00:00,24.7137840606,24.7137840606,24.6574803529,24.6574803529,1335
406,127,2020-05-14 14:30:00,24.6279504363,24.701775227800002,24.6181071308,24.6919319223,800
407,126,2020-05-14 15:30:00,24.639762403000002,24.883876380100002,24.639762403000002,24.883876380100002,900
408,125,2020-05-14 16:00:00,24.7805216721,24.9232496022,24.7805216721,24.9232496022,1109
409,124,2020-05-15 10:00:00,24.814973241399997,24.814973241399997,24.814973241399997,24.814973241399997,200
410,123,2020-05-15 11:30:00,24.805129935900002,24.805129935900002,24.805129935900002,24.805129935900002,100
411,122,2020-05-15 12:30:00,24.883876380100002,24.883876380100002,24.883876380100002,24.883876380100002,600
412,121,2020-05-15 13:00:00,24.9134062967,24.9134062967,24.9134062967,24.9134062967,200
413,120,2020-05-15 13:30:00,24.8543464635,24.8543464635,24.844503158000002,24.8543464635,400
414,119,2020-05-15 14:30:00,24.8543464635,24.8543464635,24.8543464635,24.8543464635,1332
415,118,2020-05-15 15:00:00,24.7066968806,24.7066968806,24.7066968806,24.7066968806,200
416,117,2020-05-15 15:30:00,24.848932645500003,24.848932645500003,24.848932645500003,24.848932645500003,400
417,116,2020-05-18 10:00:00,24.9626228244,24.9823094354,24.9626228244,24.9823094354,1422
418,115,2020-05-18 10:30:00,24.9724661299,24.9724661299,24.9724661299,24.9724661299,120
419,114,2020-05-18 11:00:00,24.9921527409,24.9921527409,24.9921527409,24.9921527409,700
420,113,2020-05-18 11:30:00,24.9921527409,24.9921527409,24.9921527409,24.9921527409,380
421,112,2020-05-18 12:30:00,24.864189769099998,25.031525963099998,24.864189769099998,25.031525963099998,578
422,111,2020-05-18 13:00:00,25.031525963099998,25.031525963099998,25.031525963099998,25.031525963099998,100
423,110,2020-05-18 13:30:00,25.0216826575,25.0216826575,25.0216826575,25.0216826575,100
424,109,2020-05-18 14:00:00,25.031525963099998,25.031525963099998,25.031525963099998,25.031525963099998,100
425,108,2020-05-18 15:30:00,25.0019960465,25.0019960465,25.0019960465,25.0019960465,600
426,107,2020-05-18 16:00:00,25.0019960465,25.0019960465,25.0019960465,25.0019960465,231
427,106,2020-05-19 10:30:00,25.0019960465,25.0019960465,25.0019960465,25.0019960465,1300
428,105,2020-05-19 11:00:00,25.0216826575,25.0216826575,25.0216826575,25.0216826575,100
429,104,2020-05-19 11:30:00,25.0019960465,25.0019960465,24.8740330746,24.8740330746,3100
430,103,2020-05-19 12:00:00,25.0167610048,25.031525963099998,25.0019960465,25.0019960465,2433
431,102,2020-05-19 12:30:00,25.0019960465,25.0019960465,25.0019960465,25.0019960465,200
432,101,2020-05-19 13:00:00,24.9527795188,24.9527795188,24.9527795188,24.9527795188,100
433,100,2020-05-19 13:30:00,25.031525963099998,25.031525963099998,25.031525963099998,25.031525963099998,100
434,99,2020-05-19 14:00:00,25.031525963099998,25.031525963099998,25.031525963099998,25.031525963099998,200
435,98,2020-05-19 14:30:00,25.031525963099998,25.031525963099998,25.0157766742,25.0157766742,350
436,97,2020-05-19 15:00:00,25.031525963099998,25.031525963099998,25.031525963099998,25.031525963099998,201
437,96,2020-05-19 15:30:00,25.0216826575,25.0216826575,25.0216826575,25.0216826575,101
438,95,2020-05-19 16:00:00,24.9823094354,24.9823094354,24.942936213299998,24.942936213299998,669
439,94,2020-05-20 11:00:00,24.9329944747,25.0413692686,24.9329944747,25.0413692686,755
440,93,2020-05-20 12:00:00,24.8740330746,24.9387035919,24.8740330746,24.9387035919,1060
441,92,2020-05-20 12:30:00,24.966855445700002,24.966855445700002,24.966855445700002,24.966855445700002,365
442,91,2020-05-20 13:30:00,24.9626228244,24.9626228244,24.9626228244,24.9626228244,225
443,90,2020-05-20 14:00:00,24.8740330746,24.9433299455,24.8643866352,24.938998891100002,2000
444,89,2020-05-20 15:00:00,25.031525963099998,25.031525963099998,25.031525963099998,25.031525963099998,200
445,88,2020-05-20 15:30:00,24.864189769099998,24.864189769099998,24.864189769099998,24.864189769099998,101
446,87,2020-05-20 16:00:00,25.031525963099998,25.031525963099998,24.864189769099998,24.864189769099998,310
447,86,2020-05-21 12:30:00,24.864189769099998,24.864189769099998,24.864189769099998,24.864189769099998,325
448,85,2020-05-21 14:30:00,24.9527795188,25.0413692686,24.9527795188,24.9626228244,900
449,84,2020-05-21 15:30:00,25.0413692686,25.0807424907,25.0413692686,25.0807424907,1605
450,83,2020-05-21 16:00:00,25.0905857962,25.0905857962,25.0905857962,25.0905857962,604
451,82,2020-05-22 12:30:00,24.9232496022,24.9232496022,24.9232496022,24.9232496022,700
452,81,2020-05-22 13:00:00,24.9232496022,25.0905857962,24.9232496022,25.0905857962,800
453,80,2020-05-22 13:30:00,25.0905857962,25.0905857962,25.0905857962,25.0905857962,200
454,79,2020-05-22 14:00:00,25.0905857962,25.0905857962,25.0905857962,25.0905857962,310
455,78,2020-05-22 14:30:00,25.0905857962,25.0905857962,25.0905857962,25.0905857962,200
456,77,2020-05-22 15:00:00,25.031525963099998,25.031525963099998,25.031525963099998,25.031525963099998,100
457,76,2020-05-22 15:30:00,25.0905857962,25.0905857962,25.0905857962,25.0905857962,100
458,75,2020-05-22 16:00:00,25.0905857962,25.0905857962,25.0019960465,25.0905857962,650
459,74,2020-05-26 10:00:00,25.1004291018,25.1004291018,24.864189769099998,24.913996895,727
460,73,2020-05-26 11:00:00,24.9724661299,24.9724661299,24.9724661299,24.9724661299,125
461,72,2020-05-26 12:30:00,24.972662996,24.972662996,24.9724661299,24.9724661299,845
462,71,2020-05-26 13:00:00,24.9724661299,24.9724661299,24.9626228244,24.9626228244,385
463,70,2020-05-26 13:30:00,24.9626228244,24.9724661299,24.9626228244,24.9724661299,400
464,69,2020-05-26 16:00:00,25.0413692686,25.0413692686,25.0413692686,25.0413692686,350
465,68,2020-05-27 10:00:00,24.903562991199998,24.903562991199998,24.8740330746,24.883876380100002,450
466,67,2020-05-27 11:30:00,25.2726869486,25.2726869486,25.2726869486,25.2726869486,100
467,66,2020-05-27 12:00:00,24.942936213299998,24.942936213299998,24.903562991199998,24.903562991199998,595
468,65,2020-05-27 12:30:00,25.277608601300003,25.277608601300003,25.277608601300003,25.277608601300003,245
469,64,2020-05-27 13:00:00,24.9401800877,24.9401800877,24.9401800877,24.9401800877,200
470,63,2020-05-27 14:00:00,25.248078684699998,25.248078684699998,25.248078684699998,25.248078684699998,128
471,62,2020-05-27 14:30:00,25.277608601300003,25.277608601300003,25.277608601300003,25.277608601300003,190
472,61,2020-05-27 15:30:00,25.248078684699998,25.277608601300003,24.9921527409,25.277608601300003,1157
473,60,2020-05-27 16:00:00,25.1398023239,25.277608601300003,25.1297621523,25.134683805,1394
474,59,2020-05-28 11:00:00,25.1299590184,25.1299590184,25.1299590184,25.1299590184,2300
475,58,2020-05-28 11:30:00,25.2677652958,25.2677652958,25.2677652958,25.2677652958,100
476,57,2020-05-28 12:00:00,25.277608601300003,25.277608601300003,25.277608601300003,25.277608601300003,200
477,56,2020-05-28 13:00:00,25.123462436700002,25.123462436700002,25.123462436700002,25.123462436700002,412
478,55,2020-05-28 13:30:00,25.0512125741,25.248078684699998,25.0413692686,25.248078684699998,1605
479,54,2020-05-28 14:00:00,25.1988621571,25.1988621571,25.1988621571,25.1988621571,100
480,53,2020-05-28 14:30:00,25.1988621571,25.1988621571,25.1988621571,25.1988621571,200
481,52,2020-05-28 15:00:00,25.2283920737,25.2333137264,25.2185487681,25.2333137264,2000
482,51,2020-05-28 15:30:00,25.2333137264,25.2333137264,25.2333137264,25.2333137264,100
483,50,2020-05-28 16:00:00,25.238235379200002,25.238235379200002,25.2283920737,25.2283920737,271
484,49,2020-05-29 10:00:00,24.9724661299,24.9724661299,24.9517951883,24.9517951883,8564
485,48,2020-05-29 11:00:00,24.9724661299,25.149645629400002,24.9724661299,25.0807424907,9189
486,47,2020-05-29 11:30:00,25.0807424907,25.0807424907,25.0807424907,25.0807424907,121
487,46,2020-05-29 12:00:00,25.0019960465,25.0019960465,25.0019960465,25.0019960465,455
488,45,2020-05-29 12:30:00,25.0019960465,25.0019960465,25.0019960465,25.0019960465,1145
489,44,2020-05-29 13:00:00,25.0807424907,25.0807424907,25.0807424907,25.0807424907,521
490,43,2020-05-29 13:30:00,25.0413692686,25.0807424907,24.9232496022,25.0807424907,2087
491,42,2020-05-29 14:00:00,25.0807424907,25.0807424907,24.9921527409,25.0807424907,2177
492,41,2020-05-29 14:30:00,25.0807424907,25.0807424907,25.0807424907,25.0807424907,860
493,40,2020-05-29 15:00:00,25.0807424907,25.0807424907,25.0807424907,25.0807424907,830
494,39,2020-05-29 15:30:00,25.0807424907,25.0807424907,25.0610558797,25.0610558797,600
495,38,2020-05-29 16:00:00,25.0708991852,25.0905857962,24.883876380100002,24.883876380100002,8189
496,37,2020-06-01 10:00:00,24.8543464635,24.854543329600002,24.8136936117,24.8543464635,3207
497,36,2020-06-01 10:30:00,24.608263825300003,24.608263825300003,24.608263825300003,24.608263825300003,200
498,35,2020-06-01 11:00:00,24.608263825300003,24.8543464635,24.608263825300003,24.8543464635,300
499,34,2020-06-01 11:30:00,24.7460701027,24.7460701027,24.7165401861,24.7263834916,2065
500,33,2020-06-01 12:00:00,24.7165401861,24.903562991199998,24.7066968806,24.903562991199998,4400
501,32,2020-06-01 12:30:00,24.765756713800002,24.775600019299997,24.765756713800002,24.775600019299997,1800
502,31,2020-06-01 13:00:00,24.775600019299997,24.775600019299997,24.775600019299997,24.775600019299997,354
503,30,2020-06-01 14:00:00,24.7860339231,24.7860339231,24.7860339231,24.7860339231,485
504,29,2020-06-01 14:30:00,24.762213123800002,24.762213123800002,24.762213123800002,24.762213123800002,200
505,28,2020-06-01 15:00:00,24.844503158000002,24.844503158000002,24.844503158000002,24.844503158000002,101
506,27,2020-06-01 16:00:00,24.844503158000002,24.844503158000002,24.844503158000002,24.844503158000002,390
507,26,2020-06-02 10:00:00,24.7559134082,24.7559134082,24.7559134082,24.7559134082,560
508,25,2020-06-02 11:00:00,24.901594330100004,24.901594330100004,24.901594330100004,24.901594330100004,300
509,24,2020-06-02 12:30:00,24.775600019299997,24.775600019299997,24.775600019299997,24.775600019299997,100
510,23,2020-06-02 13:00:00,25.0512125741,25.0512125741,25.0512125741,25.0512125741,100
511,22,2020-06-02 13:30:00,25.0512125741,25.0512125741,25.0512125741,25.0512125741,100
512,21,2020-06-02 14:00:00,25.0512125741,25.0807424907,25.0019960465,25.0807424907,3695
513,20,2020-06-02 15:30:00,24.7854433248,24.7854433248,24.7854433248,24.7854433248,310
514,19,2020-06-02 16:00:00,24.9921527409,24.9921527409,24.9921527409,24.9921527409,110
515,18,2020-06-03 10:00:00,25.1004291018,25.110272407300002,25.1004291018,25.1004291018,4058
516,17,2020-06-03 12:00:00,25.1004291018,25.1004291018,25.1004291018,25.1004291018,100
517,16,2020-06-03 12:30:00,25.1004291018,25.1004291018,25.1004291018,25.1004291018,100
518,15,2020-06-03 13:00:00,25.1004291018,25.1004291018,25.1004291018,25.1004291018,500
519,14,2020-06-03 15:30:00,25.1004291018,25.1004291018,25.1004291018,25.1004291018,100
520,13,2020-06-03 16:00:00,25.1004291018,25.1004291018,25.1004291018,25.1004291018,534
521,12,2020-06-04 10:30:00,24.9823094354,24.9823094354,24.9823094354,24.9823094354,402
522,11,2020-06-04 11:00:00,24.8494248108,25.1004291018,24.8494248108,25.1004291018,1343
523,10,2020-06-04 11:30:00,25.149645629400002,25.420336531500002,24.928171255,24.928171255,6740
524,9,2020-06-04 12:00:00,25.1004291018,25.1004291018,25.1004291018,25.1004291018,386
525,8,2020-06-04 12:30:00,25.1004291018,25.1004291018,25.1004291018,25.1004291018,200
526,7,2020-06-04 14:30:00,24.951303023,24.951303023,24.951303023,24.951303023,200
527,6,2020-06-04 15:00:00,25.1004291018,25.1004291018,25.1004291018,25.1004291018,100
528,5,2020-06-04 16:00:00,24.844503158000002,25.0905857962,24.844503158000002,25.0905857962,400
529,4,2020-06-05 10:00:00,25.0905857962,25.0905857962,25.0905857962,25.0905857962,600
530,3,2020-06-05 11:30:00,25.0807424907,25.0807424907,25.0807424907,25.0807424907,315
531,2,2020-06-05 12:00:00,25.0905857962,25.0905857962,25.0905857962,25.0905857962,100
532,1,2020-06-05 13:00:00,25.0285729714,25.1004291018,25.0285729714,25.1004291018,800
533,0,2020-06-05 16:00:00,25.1004291018,25.1004291018,25.1004291018,25.1004291018,1318
