,index,time,open,high,low,close,volume
0,220,2020-01-09 10:00:00,12.14,12.32,12.14,12.32,1216
1,219,2020-01-09 10:30:00,12.1991,12.21,12.1991,12.21,1791
2,218,2020-01-09 11:00:00,12.2,12.55,12.2,12.51,5170
3,217,2020-01-09 11:30:00,12.4363,12.4363,12.41,12.41,806
4,216,2020-01-09 12:30:00,12.39,12.39,12.39,12.39,100
5,215,2020-01-09 13:00:00,12.3503,12.49,12.2722,12.49,500
6,214,2020-01-09 13:30:00,12.46,12.46,12.46,12.46,122
7,213,2020-01-09 14:30:00,12.3712,12.3712,12.3712,12.3712,1000
8,212,2020-01-09 15:00:00,12.48,12.48,12.48,12.48,100
9,211,2020-01-09 15:30:00,12.49,12.49,12.38,12.435,1100
10,210,2020-01-09 16:00:00,12.48,12.62,12.07,12.3575,15106
11,209,2020-01-10 10:00:00,12.39,12.63,12.39,12.39,548
12,208,2020-01-10 11:30:00,12.4014,12.45,12.4014,12.45,816
13,207,2020-01-10 12:00:00,12.41,12.41,12.41,12.41,640
14,206,2020-01-10 12:30:00,12.43,12.43,12.42,12.42,300
15,205,2020-01-10 13:00:00,12.4798,12.4798,12.4798,12.4798,100
16,204,2020-01-10 15:00:00,12.45,12.45,12.32,12.32,2901
17,203,2020-01-10 15:30:00,12.32,12.59,12.32,12.32,943
18,202,2020-01-10 16:00:00,12.32,12.45,12.31,12.32,3154
19,201,2020-01-13 10:00:00,12.54,12.7553,12.5,12.7553,12939
20,200,2020-01-13 11:00:00,12.7996,12.7996,12.7996,12.7996,300
21,199,2020-01-13 11:30:00,12.77,12.77,12.77,12.77,116
22,198,2020-01-13 12:00:00,12.51,12.71,12.5,12.55,8651
23,197,2020-01-13 12:30:00,12.5033,12.5033,12.5033,12.5033,340
24,196,2020-01-13 13:00:00,12.6,12.6,12.6,12.6,100
25,195,2020-01-13 13:30:00,12.71,12.71,12.58,12.58,302
26,194,2020-01-13 14:00:00,12.53,12.55,12.48,12.53,4257
27,193,2020-01-13 14:30:00,12.49,12.55,12.43,12.43,5100
28,192,2020-01-13 15:00:00,12.463,12.463,12.463,12.463,1210
29,191,2020-01-13 16:00:00,12.575,12.575,12.34,12.445,34152
30,190,2020-01-14 10:00:00,12.55,12.55,12.55,12.55,428
31,189,2020-01-14 10:30:00,12.58,12.58,12.55,12.55,2473
32,188,2020-01-14 11:00:00,12.39,12.44,12.39,12.44,200
33,187,2020-01-14 11:30:00,12.43,12.66,12.43,12.66,200
34,186,2020-01-14 12:00:00,12.45,12.6,12.45,12.6,5127
35,185,2020-01-14 12:30:00,12.62,12.66,12.42,12.66,11433
36,184,2020-01-14 13:00:00,12.41,12.41,12.41,12.41,100
37,183,2020-01-14 13:30:00,12.41,12.63,12.41,12.43,400
38,182,2020-01-14 14:00:00,12.43,12.6,12.41,12.6,4220
39,181,2020-01-14 14:30:00,12.6,12.6,12.6,12.6,1500
40,180,2020-01-14 15:00:00,12.44,12.6234,12.44,12.55,1203
41,179,2020-01-14 15:30:00,12.5,12.63,12.47,12.53,2100
42,178,2020-01-14 16:00:00,12.53,12.66,12.17,12.17,9628
43,177,2020-01-15 10:00:00,12.3,12.3,12.3,12.3,618
44,176,2020-01-15 10:30:00,12.32,12.37,12.31,12.35,2220
45,175,2020-01-15 11:00:00,12.369000000000002,12.405,12.369000000000002,12.405,721
46,174,2020-01-15 11:30:00,12.46,12.5,12.46,12.5,5297
47,173,2020-01-15 12:00:00,12.4761,12.58,12.4761,12.53,22120
48,172,2020-01-15 12:30:00,12.58,12.67,12.5624,12.67,27595
49,171,2020-01-15 13:00:00,12.54,12.64,12.5,12.54,57903
50,170,2020-01-15 13:30:00,12.545,12.555,12.545,12.555,1990
51,169,2020-01-15 14:00:00,12.65,12.78,12.57,12.645,1018
52,168,2020-01-15 14:30:00,12.65,12.78,12.65,12.78,1108
53,167,2020-01-15 15:00:00,12.655,12.78,12.655,12.655,1751
54,166,2020-01-15 15:30:00,12.78,12.8199,12.695,12.8199,2097
55,165,2020-01-15 16:00:00,12.71,12.85,12.59,12.59,10775
56,164,2020-01-16 10:00:00,12.65,12.84,12.65,12.84,200
57,163,2020-01-16 10:30:00,12.64,12.6401,12.64,12.6401,400
58,162,2020-01-16 11:00:00,12.79,12.79,12.6401,12.6401,201
59,161,2020-01-16 12:00:00,12.79,12.79,12.6756,12.6756,200
60,160,2020-01-16 13:30:00,12.79,12.79,12.78,12.79,401
61,159,2020-01-16 14:00:00,12.79,12.79,12.5,12.53,5043
62,158,2020-01-16 15:00:00,12.52,12.52,12.52,12.52,100
63,157,2020-01-16 15:30:00,12.47,12.47,12.4658,12.4658,650
64,156,2020-01-16 16:00:00,12.42,12.42,12.09,12.1,11199
65,155,2020-01-17 10:00:00,12.24,12.37,12.19,12.2,11428
66,154,2020-01-17 10:30:00,12.2712,12.38,12.2712,12.38,650
67,153,2020-01-17 11:00:00,12.37,12.5547,12.26,12.5279,2601
68,152,2020-01-17 11:30:00,12.45,12.67,12.45,12.67,1200
69,151,2020-01-17 12:00:00,12.35,12.59,12.35,12.59,238
70,150,2020-01-17 12:30:00,12.62,12.62,12.62,12.62,100
71,149,2020-01-17 13:30:00,12.4518,12.4533,12.4518,12.4533,200
72,148,2020-01-17 14:30:00,12.57,12.6,12.56,12.58,1775
73,147,2020-01-17 15:00:00,12.6,12.6,12.58,12.6,1243
74,146,2020-01-17 15:30:00,12.58,12.61,12.44,12.445,50055
75,145,2020-01-17 16:00:00,12.45,12.48,12.02,12.02,15557
76,144,2020-01-21 10:00:00,12.4,12.4,12.02,12.12,5345
77,143,2020-01-21 10:30:00,12.12,12.18,12.03,12.06,1544
78,142,2020-01-21 11:00:00,12.02,12.0727,12.0,12.01,2240
79,141,2020-01-21 11:30:00,12.01,12.01,11.97,11.97,560
80,140,2020-01-21 12:00:00,12.05,12.05,12.005,12.005,900
81,139,2020-01-21 12:30:00,12.04,12.04,12.04,12.04,100
82,138,2020-01-21 13:30:00,12.04,12.04,12.04,12.04,102
83,137,2020-01-21 14:00:00,12.01,12.06,12.0,12.03,12952
84,136,2020-01-21 14:30:00,12.0,12.0408,11.97,11.97,6822
85,135,2020-01-21 15:00:00,11.88,11.91,11.75,11.81,3912
86,134,2020-01-21 15:30:00,11.88,11.91,11.7901,11.882,1305
87,133,2020-01-21 16:00:00,11.98,12.0,11.925,12.0,3033
88,132,2020-01-22 10:00:00,11.9,12.16,11.9,12.11,1282
89,131,2020-01-22 10:30:00,12.15,12.16,12.13,12.16,5111
90,130,2020-01-22 11:00:00,12.13,12.25,12.0,12.125,2122
91,129,2020-01-22 12:00:00,12.24,12.24,12.24,12.24,100
92,128,2020-01-22 12:30:00,12.22,12.26,12.22,12.25,4818
93,127,2020-01-22 13:00:00,12.17,12.29,12.03,12.29,2849
94,126,2020-01-22 13:30:00,12.1757,12.1757,12.15,12.15,1249
95,125,2020-01-22 14:00:00,12.15,12.19,12.15,12.19,602
96,124,2020-01-22 14:30:00,12.19,12.21,12.03,12.07,4163
97,123,2020-01-22 15:00:00,12.07,12.25,12.03,12.1819,20595
98,122,2020-01-22 15:30:00,12.1,12.12,12.06,12.06,400
99,121,2020-01-22 16:00:00,12.135,12.38,12.135,12.38,7899
100,120,2020-01-23 10:00:00,12.38,12.44,12.35,12.35,2435
101,119,2020-01-23 10:30:00,12.44,12.45,12.4,12.405,1174
102,118,2020-01-23 11:00:00,12.405,12.45,12.4046,12.45,3759
103,117,2020-01-23 11:30:00,12.44,12.44,12.435,12.435,600
104,116,2020-01-23 12:00:00,12.435,12.46,12.435,12.46,703
105,115,2020-01-23 12:30:00,12.46,12.46,12.46,12.46,739
106,114,2020-01-23 13:00:00,12.5,12.5,12.196,12.196,2645
107,113,2020-01-23 13:30:00,12.46,12.46,12.43,12.43,408
108,112,2020-01-23 14:00:00,12.43,12.45,12.43,12.45,1765
109,111,2020-01-23 14:30:00,12.43,12.45,12.42,12.44,1086
110,110,2020-01-23 15:00:00,12.4276,12.46,12.4018,12.45,11231
111,109,2020-01-23 15:30:00,12.44,12.59,12.44,12.475,22486
112,108,2020-01-23 16:00:00,12.42,12.52,12.42,12.5,66892
113,107,2020-01-24 10:00:00,12.3764,12.5966,12.3764,12.5966,684
114,106,2020-01-24 10:30:00,12.584000000000001,12.71,12.584000000000001,12.7,1260
115,105,2020-01-24 11:00:00,12.6192,13.0,12.6192,12.93,15773
116,104,2020-01-24 11:30:00,13.0,13.05,12.8441,13.05,59145
117,103,2020-01-24 12:00:00,12.98,12.98,12.82,12.88,2653
118,102,2020-01-24 12:30:00,12.86,12.8977,12.8125,12.854000000000001,2225
119,101,2020-01-24 13:00:00,12.74,12.79,12.72,12.79,852
120,100,2020-01-24 13:30:00,12.79,12.8,12.7,12.7,705
121,99,2020-01-24 14:00:00,12.76,12.76,12.68,12.68,303
122,98,2020-01-24 14:30:00,12.69,12.785,12.6523,12.78,1217
123,97,2020-01-24 15:00:00,12.69,12.86,12.63,12.86,701
124,96,2020-01-24 15:30:00,12.77,12.87,12.67,12.68,2013
125,95,2020-01-24 16:00:00,12.75,12.8,12.25,12.3,16565
126,94,2020-01-27 10:00:00,12.25,12.52,12.25,12.52,1689
127,93,2020-01-27 11:00:00,12.4439,12.4439,12.4439,12.4439,450
128,92,2020-01-27 12:00:00,12.51,12.75,12.51,12.75,820
129,91,2020-01-27 12:30:00,12.69,12.69,12.69,12.69,100
130,90,2020-01-27 13:00:00,12.75,12.75,12.75,12.75,100
131,89,2020-01-27 13:30:00,12.79,12.79,12.7195,12.7195,1190
132,88,2020-01-27 14:00:00,12.79,12.79,12.79,12.79,100
133,87,2020-01-27 14:30:00,12.725,12.725,12.56,12.6673,2795
134,86,2020-01-27 15:00:00,12.5,12.635,12.37,12.4,800
135,85,2020-01-27 15:30:00,12.44,12.555,12.33,12.42,1200
136,84,2020-01-27 16:00:00,12.3,12.59,12.25,12.35,7257
137,83,2020-01-28 10:00:00,12.31,12.45,12.31,12.45,424
138,82,2020-01-28 10:30:00,12.38,12.46,12.38,12.46,703
139,81,2020-01-28 11:00:00,12.4091,12.4091,12.37,12.37,600
140,80,2020-01-28 11:30:00,12.4,12.4,12.4,12.4,742
141,79,2020-01-28 12:30:00,12.41,12.41,12.34,12.35,726
142,78,2020-01-28 14:30:00,12.3818,12.3818,12.3818,12.3818,429
143,77,2020-01-28 15:00:00,12.42,12.42,12.42,12.42,100
144,76,2020-01-28 16:00:00,12.41,12.44,12.25,12.44,6852
145,75,2020-01-29 10:00:00,12.28,12.28,12.28,12.28,230
146,74,2020-01-29 11:00:00,12.2803,12.2803,12.2803,12.2803,100
147,73,2020-01-29 12:00:00,12.2603,12.2603,12.2603,12.2603,206
148,72,2020-01-29 12:30:00,12.26,12.295,12.05,12.29,1704
149,71,2020-01-29 13:00:00,12.3,12.3,12.3,12.3,200
150,70,2020-01-29 14:00:00,12.2437,12.2437,12.2437,12.2437,451
151,69,2020-01-29 15:00:00,12.31,12.31,12.31,12.31,100
152,68,2020-01-29 16:00:00,12.35,12.35,12.35,12.35,233
153,67,2020-01-30 10:00:00,12.42,12.44,12.42,12.44,200
154,66,2020-01-30 10:30:00,12.42,12.6167,12.42,12.59,308
155,65,2020-01-30 12:30:00,12.5681,12.64,12.5681,12.64,1930
156,64,2020-01-30 13:00:00,12.62,12.62,12.2507,12.347999999999999,6506
157,63,2020-01-30 13:30:00,12.6,12.6,12.58,12.58,200
158,62,2020-01-30 14:00:00,12.56,12.56,12.56,12.56,100
159,61,2020-01-30 14:30:00,12.48,12.48,12.48,12.48,100
160,60,2020-01-30 15:30:00,12.51,12.51,12.51,12.51,100
161,59,2020-01-30 16:00:00,12.505,12.63,12.16,12.28,6557
162,58,2020-01-31 10:00:00,12.23,12.36,11.94,12.36,769
163,57,2020-01-31 10:30:00,12.3318,12.3318,12.3318,12.3318,500
164,56,2020-01-31 11:30:00,11.9824,11.9824,11.9824,11.9824,200
165,55,2020-01-31 12:30:00,12.09,12.09,12.08,12.08,305
166,54,2020-01-31 13:00:00,12.0202,12.0382,12.0202,12.0304,1700
167,53,2020-01-31 13:30:00,12.0414,12.0432,12.0414,12.0432,1156
168,52,2020-01-31 14:30:00,12.035,12.09,12.035,12.05,8124
169,51,2020-01-31 15:00:00,12.09,12.1,12.052,12.1,850
170,50,2020-01-31 15:30:00,12.18,12.36,12.18,12.36,400
171,49,2020-01-31 16:00:00,12.34,12.34,12.2,12.2,26028
172,48,2020-02-03 10:00:00,12.16,12.16,12.16,12.16,650
173,47,2020-02-03 10:30:00,12.18,12.2097,12.15,12.15,1392
174,46,2020-02-03 12:00:00,12.07,12.07,12.07,12.07,201
175,45,2020-02-03 12:30:00,12.1,12.1,12.0,12.0,2102
176,44,2020-02-03 13:00:00,12.02,12.09,12.0,12.0165,2058
177,43,2020-02-03 13:30:00,12.0,12.0,12.0,12.0,540
178,42,2020-02-03 14:30:00,12.1,12.1,12.1,12.1,100
179,41,2020-02-03 15:00:00,12.0619,12.0747,12.0243,12.0243,1123
180,40,2020-02-03 16:00:00,12.0,12.05,11.85,12.0,7159
181,39,2020-02-04 10:00:00,12.01,12.1604,12.01,12.12,2495
182,38,2020-02-04 10:30:00,11.96,11.96,11.96,11.96,432
183,37,2020-02-04 11:00:00,12.0731,12.0731,12.0731,12.0731,265
184,36,2020-02-04 12:00:00,12.04,12.04,11.988,11.99,831
185,35,2020-02-04 13:00:00,12.0,12.0,11.9635,11.9635,370
186,34,2020-02-04 13:30:00,12.0,12.0,12.0,12.0,105
187,33,2020-02-04 14:00:00,12.0,12.13,12.0,12.13,736
188,32,2020-02-04 14:30:00,12.15,12.15,12.14,12.15,1150
189,31,2020-02-04 15:00:00,12.125,12.22,12.125,12.16,1815
190,30,2020-02-04 15:30:00,12.16,12.16,12.16,12.16,100
191,29,2020-02-04 16:00:00,12.0,12.115,11.81,11.81,6709
192,28,2020-02-05 10:00:00,12.027000000000001,12.027000000000001,12.027000000000001,12.027000000000001,100
193,27,2020-02-05 11:00:00,11.99,11.99,11.99,11.99,100
194,26,2020-02-05 11:30:00,12.0,12.0,12.0,12.0,243
195,25,2020-02-05 12:30:00,12.0698,12.0698,12.0698,12.0698,242
196,24,2020-02-05 13:00:00,12.1289,12.1289,12.1289,12.1289,413
197,23,2020-02-05 13:30:00,12.1162,12.1162,12.06,12.09,484
198,22,2020-02-05 15:00:00,12.08,12.08,12.07,12.08,1036
199,21,2020-02-05 15:30:00,12.08,12.1,12.07,12.085,2401
200,20,2020-02-05 16:00:00,12.085,12.15,12.085,12.15,1821
201,19,2020-02-06 10:00:00,12.25,12.25,12.25,12.25,1380
202,18,2020-02-06 10:30:00,12.25,12.25,12.25,12.25,110
203,17,2020-02-06 11:30:00,12.29,12.29,12.29,12.29,100
204,16,2020-02-06 12:30:00,12.33,12.33,12.33,12.33,100
205,15,2020-02-06 13:30:00,12.285,12.32,12.285,12.2983,600
206,14,2020-02-06 14:00:00,12.25,12.25,12.25,12.25,5253
207,13,2020-02-06 14:30:00,12.27,12.41,12.27,12.41,300
208,12,2020-02-06 15:00:00,12.2506,12.2506,12.2506,12.2506,140
209,11,2020-02-06 15:30:00,12.335,12.335,12.335,12.335,100
210,10,2020-02-06 16:00:00,12.4,12.4074,12.25,12.28,6100
211,9,2020-02-07 10:00:00,12.25,12.44,12.25,12.35,1433
212,8,2020-02-07 10:30:00,12.39,12.39,12.35,12.35,1498
213,7,2020-02-07 11:00:00,12.35,12.3756,12.35,12.35,680
214,6,2020-02-07 11:30:00,12.35,12.355,12.35,12.355,1695
215,5,2020-02-07 12:30:00,12.355,12.4,12.355,12.4,12857
216,4,2020-02-07 14:00:00,12.4318,12.49,12.4318,12.49,600
217,3,2020-02-07 14:30:00,12.4575,12.49,12.4575,12.49,1026
218,2,2020-02-07 15:00:00,12.45,12.47,12.35,12.47,5181
219,1,2020-02-07 15:30:00,12.43,12.5,12.41,12.47,1605
220,0,2020-02-07 16:00:00,12.6,12.6,12.33,12.47,5432
221,215,2020-02-10 10:00:00,12.3,12.3,12.3,12.3,308
222,214,2020-02-10 10:30:00,12.3,12.3557,12.3,12.3557,1100
223,213,2020-02-10 11:00:00,12.31,12.4,12.31,12.4,1044
224,212,2020-02-10 12:00:00,12.345,12.35,12.34,12.35,4708
225,211,2020-02-10 12:30:00,12.35,12.3586,12.34,12.3438,3062
226,210,2020-02-10 14:00:00,12.34,12.34,12.34,12.34,100
227,209,2020-02-10 14:30:00,12.36,12.36,12.36,12.36,1142
228,208,2020-02-10 16:00:00,12.45,12.47,12.2,12.26,15206
229,207,2020-02-11 10:30:00,12.48,12.59,12.4723,12.4723,1442
230,206,2020-02-11 11:00:00,12.5,12.5,12.4701,12.5,1412
231,205,2020-02-11 12:30:00,12.6,12.6,12.6,12.6,153
232,204,2020-02-11 13:00:00,12.7176,12.7176,12.7176,12.7176,300
233,203,2020-02-11 13:30:00,12.76,12.76,12.76,12.76,100
234,202,2020-02-11 14:00:00,12.75,12.77,12.69,12.75,1697
235,201,2020-02-11 14:30:00,12.78,12.8,12.78,12.8,461
236,200,2020-02-11 15:00:00,12.89,12.9,12.89,12.9,687
237,199,2020-02-11 15:30:00,12.86,13.06,12.86,13.06,608
238,198,2020-02-11 16:00:00,12.85,12.87,12.3506,12.65,17087
239,197,2020-02-12 10:00:00,12.75,13.1,12.75,13.1,10591
240,196,2020-02-12 10:30:00,12.8107,13.11,12.79,12.79,4743
241,195,2020-02-12 11:30:00,12.65,12.8,12.64,12.8,1061
242,194,2020-02-12 12:00:00,12.8,13.12,12.7,13.02,4804
243,193,2020-02-12 12:30:00,13.02,13.02,13.01,13.01,206
244,192,2020-02-12 13:00:00,13.0542,13.13,13.0542,13.13,1314
245,191,2020-02-12 13:30:00,13.14,13.14,12.8332,12.925999999999998,2200
246,190,2020-02-12 14:00:00,12.9352,12.9352,12.9352,12.9352,900
247,189,2020-02-12 14:30:00,13.03,13.03,13.03,13.03,100
248,188,2020-02-12 15:00:00,13.03,13.03,13.03,13.03,100
249,187,2020-02-12 15:30:00,13.14,13.14,13.14,13.14,200
250,186,2020-02-12 16:00:00,13.1497,13.37,13.0733,13.21,2832
251,185,2020-02-13 10:00:00,13.3518,13.3518,13.3518,13.3518,302
252,184,2020-02-13 12:00:00,13.18,13.34,13.18,13.34,860
253,183,2020-02-13 12:30:00,13.32,13.32,13.32,13.32,100
254,182,2020-02-13 13:00:00,13.285,13.32,13.285,13.32,600
255,181,2020-02-13 13:30:00,13.35,13.4,13.2851,13.4,2015
256,180,2020-02-13 14:00:00,13.39,13.48,13.39,13.48,1115
257,179,2020-02-13 14:30:00,13.45,13.77,13.4425,13.74,3421
258,178,2020-02-13 15:00:00,13.47,13.47,13.47,13.47,100
259,177,2020-02-13 16:00:00,13.6517,13.7,13.5,13.52,2338
260,176,2020-02-14 10:00:00,13.8,13.8,13.7,13.7,729
261,175,2020-02-14 10:30:00,13.68,13.7,13.68,13.69,2000
262,174,2020-02-14 11:00:00,13.69,13.69,13.6248,13.6248,905
263,173,2020-02-14 11:30:00,13.67,13.67,13.67,13.67,100
264,172,2020-02-14 12:30:00,13.6,13.6,13.6,13.6,5629
265,171,2020-02-14 13:00:00,13.6,13.6166,13.6,13.6166,900
266,170,2020-02-14 13:30:00,13.61,13.7,13.61,13.6985,2900
267,169,2020-02-14 14:00:00,13.6742,13.6742,13.6742,13.6742,100
268,168,2020-02-14 14:30:00,13.7312,13.7312,13.7312,13.7312,258
269,167,2020-02-14 15:30:00,13.7,13.75,13.7,13.75,200
270,166,2020-02-14 16:00:00,13.74,13.75,13.62,13.62,304
271,165,2020-02-18 10:00:00,13.8,13.8,13.8,13.8,764
272,164,2020-02-18 10:30:00,13.7,13.9,13.68,13.9,2591
273,163,2020-02-18 11:00:00,13.7407,13.7407,13.7407,13.7407,100
274,162,2020-02-18 12:00:00,13.74,13.74,13.74,13.74,186
275,161,2020-02-18 12:30:00,13.68,13.68,13.68,13.68,200
276,160,2020-02-18 13:30:00,13.72,13.72,13.72,13.72,211
277,159,2020-02-18 14:00:00,13.66,13.72,13.66,13.72,275
278,158,2020-02-18 14:30:00,13.682,13.682,13.682,13.682,100
279,157,2020-02-18 15:30:00,13.73,13.84,13.73,13.84,405
280,156,2020-02-18 16:00:00,13.85,13.85,13.83,13.83,440
281,155,2020-02-19 10:00:00,13.7795,13.9,13.7795,13.9,566
282,154,2020-02-19 10:30:00,13.9086,14.19,13.8674,13.98,5442
283,153,2020-02-19 11:00:00,14.0043,14.1,14.0043,14.1,501
284,152,2020-02-19 11:30:00,14.0743,14.0743,14.0743,14.0743,100
285,151,2020-02-19 12:30:00,14.0379,14.0379,14.0379,14.0379,105
286,150,2020-02-19 14:00:00,14.04,14.04,14.04,14.04,500
287,149,2020-02-19 14:30:00,14.01,14.02,14.01,14.02,1467
288,148,2020-02-19 15:00:00,14.015,14.1,14.015,14.1,1712
289,147,2020-02-19 15:30:00,14.04,14.1,14.04,14.1,826
290,146,2020-02-19 16:00:00,14.1472,14.19,14.119000000000002,14.14,925
291,145,2020-02-20 10:00:00,14.2,14.35,14.19,14.35,4288
292,144,2020-02-20 10:30:00,14.2225,14.2225,14.2225,14.2225,200
293,143,2020-02-20 11:00:00,14.33,14.44,14.25,14.4,2155
294,142,2020-02-20 11:30:00,14.2895,14.38,14.2895,14.38,575
295,141,2020-02-20 12:00:00,14.3896,14.39,14.3896,14.39,2500
296,140,2020-02-20 12:30:00,14.4,14.435,14.4,14.435,295
297,139,2020-02-20 13:00:00,14.45,14.68,14.45,14.68,1440
298,138,2020-02-20 13:30:00,14.705,14.76,14.705,14.76,1917
299,137,2020-02-20 14:00:00,14.815,14.96,14.68,14.8,9580
300,136,2020-02-20 14:30:00,14.95,14.95,14.91,14.91,336
301,135,2020-02-20 15:00:00,14.79,14.91,14.79,14.91,205
302,134,2020-02-20 15:30:00,14.825,15.35,14.825,15.1,3806
303,133,2020-02-20 16:00:00,15.1,15.1579,14.88,14.985,5643
304,132,2020-02-21 10:00:00,14.98,15.36,14.98,15.1152,6374
305,131,2020-02-21 10:30:00,15.12,15.19,15.12,15.19,3668
306,130,2020-02-21 11:00:00,15.1594,15.38,15.14,15.38,5472
307,129,2020-02-21 11:30:00,15.39,15.4,15.3793,15.4,5518
308,128,2020-02-21 12:00:00,15.4,15.4,15.38,15.4,1891
309,127,2020-02-21 12:30:00,15.4,15.5,15.39,15.49,2203
310,126,2020-02-21 13:00:00,15.49,15.6,15.445,15.58,1300
311,125,2020-02-21 13:30:00,15.59,15.8,15.59,15.8,3415
312,124,2020-02-21 14:00:00,15.8,15.9,15.8,15.9,2805
313,123,2020-02-21 14:30:00,15.89,15.91,15.79,15.9,3895
314,122,2020-02-21 15:00:00,15.9,15.91,15.79,15.9,2843
315,121,2020-02-21 15:30:00,15.91,15.975,15.9,15.97,3754
316,120,2020-02-21 16:00:00,16.0,16.1,15.9619,15.98,9613
317,119,2020-02-24 08:30:00,15.0,15.0,15.0,15.0,500
318,118,2020-02-24 09:30:00,15.0,15.0,15.0,15.0,350
319,117,2020-02-24 10:00:00,15.84,15.84,15.0303,15.39,24461
320,116,2020-02-24 10:30:00,15.65,15.65,15.1821,15.64,3139
321,115,2020-02-24 11:00:00,15.5413,16.0,15.51,15.8681,2362
322,114,2020-02-24 11:30:00,15.8,16.02,15.8,16.02,1052
323,113,2020-02-24 12:00:00,16.02,16.1,15.925,15.925,1277
324,112,2020-02-24 12:30:00,15.94,16.1,15.935,16.1,2200
325,111,2020-02-24 13:00:00,15.9719,16.1,15.96,16.1,2709
326,110,2020-02-24 13:30:00,15.96,16.02,15.96,16.0162,700
327,109,2020-02-24 14:00:00,16.07,16.08,16.0,16.0,806
328,108,2020-02-24 14:30:00,16.08,16.1,15.995,16.1,3999
329,107,2020-02-24 15:00:00,16.0,16.1,15.9208,16.1,3647
330,106,2020-02-24 15:30:00,15.9,16.07,15.9,16.07,298
331,105,2020-02-24 16:00:00,16.02,16.05,15.97,16.05,1335
332,104,2020-02-25 10:00:00,16.3,16.3,16.006,16.29,18132
333,103,2020-02-25 10:30:00,16.2,16.5,16.2,16.4,2782
334,102,2020-02-25 11:00:00,16.3617,16.54,16.3617,16.49,5444
335,101,2020-02-25 11:30:00,16.4894,16.54,16.42,16.47,2009
336,100,2020-02-25 12:00:00,16.465,16.51,16.465,16.51,3433
337,99,2020-02-25 12:30:00,16.5,16.54,16.47,16.515,5134
338,98,2020-02-25 13:00:00,16.5511,16.6,16.4064,16.58,2161
339,97,2020-02-25 13:30:00,16.5038,16.5038,16.495,16.5038,1520
340,96,2020-02-25 14:00:00,16.495,16.59,16.41,16.57,1765
341,95,2020-02-25 14:30:00,16.54,16.54,16.41,16.49,1670
342,94,2020-02-25 15:00:00,16.53,16.59,16.49,16.59,1758
343,93,2020-02-25 15:30:00,16.6,16.6,16.492,16.595,912
344,92,2020-02-25 16:00:00,16.6,16.6,16.42,16.5336,7239
345,91,2020-02-26 10:00:00,16.51,16.52,16.3983,16.52,3197
346,90,2020-02-26 10:30:00,16.41,16.4595,16.3698,16.45,6671
347,89,2020-02-26 11:00:00,16.44,16.55,16.43,16.43,702
348,88,2020-02-26 11:30:00,16.56,16.56,16.56,16.56,309
349,87,2020-02-26 12:30:00,16.5,16.5255,16.5,16.5,5916
350,86,2020-02-26 13:00:00,16.53,16.53,16.31,16.43,732
351,85,2020-02-26 13:30:00,16.5,16.5,16.31,16.3546,3185
352,84,2020-02-26 14:00:00,16.48,16.5,16.4359,16.4359,512
353,83,2020-02-26 14:30:00,16.5,16.5,16.32,16.5,5411
354,82,2020-02-26 15:00:00,16.45,16.45,16.45,16.45,100
355,81,2020-02-26 15:30:00,16.5476,16.5476,16.46,16.5,905
356,80,2020-02-26 16:00:00,16.47,16.54,16.465,16.54,1785
357,79,2020-02-27 10:00:00,16.4209,16.51,16.3512,16.39,3841
358,78,2020-02-27 10:30:00,16.45,16.55,16.45,16.45,1803
359,77,2020-02-27 11:00:00,16.5,16.5,16.355,16.5,586
360,76,2020-02-27 11:30:00,16.2639,16.5,16.245,16.5,4449
361,75,2020-02-27 12:00:00,16.5,16.5,16.07,16.29,5910
362,74,2020-02-27 12:30:00,16.46,16.5,16.27,16.39,2400
363,73,2020-02-27 13:00:00,16.4899,16.4899,16.21,16.21,325
364,72,2020-02-27 13:30:00,16.3166,16.3166,16.3166,16.3166,500
365,71,2020-02-27 14:00:00,16.33,16.335,16.2,16.33,1334
366,70,2020-02-27 14:30:00,16.3108,16.3108,16.2,16.2,730
367,69,2020-02-27 15:00:00,16.25,16.25,16.0,16.02,5259
368,68,2020-02-27 15:30:00,16.08,16.08,16.0,16.0,200
369,67,2020-02-27 16:00:00,16.04,16.44,15.5368,16.02,6842
370,66,2020-02-28 10:00:00,15.9,15.9,15.52,15.8,3429
371,65,2020-02-28 10:30:00,15.52,15.73,15.4532,15.62,3093
372,64,2020-02-28 11:00:00,15.45,15.53,15.32,15.5,3367
373,63,2020-02-28 11:30:00,15.61,16.1753,15.35,16.1753,6342
374,62,2020-02-28 12:00:00,15.75,15.75,15.75,15.75,100
375,61,2020-02-28 12:30:00,15.79,15.9363,15.79,15.795,967
376,60,2020-02-28 13:00:00,15.78,15.78,15.695,15.695,2624
377,59,2020-02-28 13:30:00,15.79,15.79,15.79,15.79,602
378,58,2020-02-28 14:00:00,15.79,15.85,15.6,15.7471,2850
379,57,2020-02-28 14:30:00,15.85,15.85,15.85,15.85,100
380,56,2020-02-28 15:00:00,15.6,15.85,15.6,15.75,2601
381,55,2020-02-28 15:30:00,15.86,15.86,15.7404,15.84,627
382,54,2020-02-28 16:00:00,15.715,16.01,15.65,16.0,36926
383,53,2020-03-02 10:00:00,15.79,16.0,15.79,15.87,3187
384,52,2020-03-02 10:30:00,16.0,16.14,16.0,16.14,1068
385,51,2020-03-02 11:00:00,16.1003,16.25,15.8701,15.8701,6310
386,50,2020-03-02 12:30:00,15.88,15.88,15.88,15.88,100
387,49,2020-03-02 14:00:00,16.17,16.25,15.9,15.9,5218
388,48,2020-03-02 14:30:00,16.1432,16.1432,16.1432,16.1432,157
389,47,2020-03-02 15:00:00,15.98,16.25,15.98,16.24,700
390,46,2020-03-02 15:30:00,16.24,16.27,16.23,16.27,7061
391,45,2020-03-02 16:00:00,16.25,16.3,16.09,16.24,3600
392,44,2020-03-03 10:00:00,16.15,16.47,16.15,16.47,556
393,43,2020-03-03 10:30:00,16.3,16.3,16.3,16.3,100
394,42,2020-03-03 11:30:00,16.33,16.4124,16.33,16.4124,609
395,41,2020-03-03 12:00:00,16.32,16.45,16.23,16.23,1378
396,40,2020-03-03 12:30:00,16.27,16.28,16.0,16.135,6248
397,39,2020-03-03 13:00:00,16.145,16.23,16.145,16.16,1704
398,38,2020-03-03 13:30:00,16.22,16.22,16.1,16.185,2463
399,37,2020-03-03 14:00:00,16.175,16.2,16.135,16.145,2626
400,36,2020-03-03 14:30:00,16.145,16.19,15.76,15.82,6284
401,35,2020-03-03 15:00:00,15.73,15.815,15.72,15.74,4691
402,34,2020-03-03 15:30:00,15.75,15.88,15.75,15.82,1543
403,33,2020-03-03 16:00:00,15.82,16.11,15.76,16.0,7903
404,32,2020-03-04 10:00:00,16.15,16.55,16.15,16.5,5850
405,31,2020-03-04 11:00:00,16.48,16.52,16.48,16.52,600
406,30,2020-03-04 12:00:00,16.41,16.51,16.41,16.51,214
407,29,2020-03-04 12:30:00,16.49,16.63,16.49,16.63,1344
408,28,2020-03-04 13:00:00,16.63,16.63,16.4166,16.4166,915
409,27,2020-03-04 13:30:00,16.64,16.64,16.64,16.64,210
410,26,2020-03-04 14:00:00,16.59,16.69,16.59,16.6001,1930
411,25,2020-03-04 14:30:00,16.65,16.68,16.63,16.68,800
412,24,2020-03-04 15:00:00,16.68,16.69,16.645,16.645,405
413,23,2020-03-04 15:30:00,16.69,16.7,16.6273,16.6273,1227
414,22,2020-03-04 16:00:00,16.7,16.7,16.6,16.62,2129
415,21,2020-03-04 16:30:00,16.88,16.9,16.88,16.9,1375
416,20,2020-03-05 10:00:00,16.49,16.49,16.49,16.49,298
417,19,2020-03-05 11:00:00,16.39,16.39,16.39,16.39,436
418,18,2020-03-05 12:00:00,16.415,16.415,16.415,16.415,105
419,17,2020-03-05 12:30:00,16.63,16.63,16.42,16.42,200
420,16,2020-03-05 13:00:00,16.62,16.68,16.41,16.5231,2908
421,15,2020-03-05 13:30:00,16.66,16.69,16.26,16.26,1803
422,14,2020-03-05 14:00:00,16.29,16.29,16.29,16.29,100
423,13,2020-03-05 14:30:00,16.54,16.54,16.29,16.5,450
424,12,2020-03-05 15:00:00,16.47,16.57,16.2775,16.57,3187
425,11,2020-03-05 15:30:00,16.29,16.4323,16.29,16.4323,622
426,10,2020-03-05 16:00:00,16.435,16.58,16.29,16.57,1383
427,9,2020-03-06 10:00:00,16.45,16.58,16.250999999999998,16.58,1152
428,8,2020-03-06 11:00:00,16.4628,16.6278,16.4628,16.6278,1231
429,7,2020-03-06 12:00:00,16.5831,16.5831,16.58,16.58,700
430,6,2020-03-06 12:30:00,16.58,16.58,16.49,16.58,650
431,5,2020-03-06 13:00:00,16.57,16.57,16.485,16.57,300
432,4,2020-03-06 13:30:00,16.57,16.63,16.57,16.63,762
433,3,2020-03-06 14:30:00,16.62,16.75,16.62,16.75,3555
434,2,2020-03-06 15:00:00,16.63,16.8,16.6,16.75,5103
435,1,2020-03-06 15:30:00,16.71,16.71,16.6844,16.6844,200
436,0,2020-03-06 16:00:00,16.74,16.79,16.73,16.74,2039
437,248,2020-03-09 09:30:00,15.54,15.9,15.54,15.9,200
438,247,2020-03-09 10:00:00,14.5,15.0,13.0,14.58,9377
439,246,2020-03-09 10:30:00,15.4325,15.4325,14.82,15.1711,2253
440,245,2020-03-09 11:00:00,15.105,15.4,15.105,15.255,1474
441,244,2020-03-09 11:30:00,15.31,15.36,15.220999999999998,15.36,1567
442,243,2020-03-09 12:00:00,15.39,15.4,15.35,15.35,340
443,242,2020-03-09 13:00:00,15.92,15.92,15.92,15.92,107
444,241,2020-03-09 13:30:00,15.76,15.76,15.76,15.76,244
445,240,2020-03-09 14:00:00,15.635,15.6999,15.57,15.6,2504
446,239,2020-03-09 14:30:00,15.56,15.65,15.56,15.65,1716
447,238,2020-03-09 15:00:00,15.65,15.7,15.65,15.68,5290
448,237,2020-03-09 15:30:00,15.7,15.7,15.67,15.67,2401
449,236,2020-03-09 16:00:00,15.9,15.925,15.67,15.895,3443
450,235,2020-03-10 10:00:00,15.9,16.38,15.9,16.25,1158
451,234,2020-03-10 10:30:00,16.0825,16.0825,16.0825,16.0825,130
452,233,2020-03-10 11:30:00,16.28,16.28,16.28,16.28,260
453,232,2020-03-10 12:00:00,16.25,16.25,16.24,16.25,1200
454,231,2020-03-10 12:30:00,16.26,16.34,16.25,16.34,300
455,230,2020-03-10 13:00:00,16.36,16.36,16.0,16.34,1501
456,229,2020-03-10 14:00:00,16.3,16.3,16.3,16.3,200
457,228,2020-03-10 14:30:00,16.29,16.29,16.25,16.25,200
458,227,2020-03-10 15:00:00,16.31,16.32,16.27,16.27,1205
459,226,2020-03-10 16:00:00,16.075,16.15,16.0,16.04,3827
460,225,2020-03-11 10:00:00,16.04,16.04,16.0,16.0,1700
461,224,2020-03-11 10:30:00,16.0,16.0,16.0,16.0,2300
462,223,2020-03-11 11:00:00,16.0,16.0,16.0,16.0,101
463,222,2020-03-11 11:30:00,16.0,16.0,16.0,16.0,100
464,221,2020-03-11 12:30:00,16.0,16.35,16.0,16.01,7389
465,220,2020-03-11 13:00:00,15.9516,16.25,15.9516,16.0,5500
466,219,2020-03-11 13:30:00,15.7555,16.27,15.7555,16.27,352
467,218,2020-03-11 14:00:00,15.7522,15.7522,15.7522,15.7522,1200
468,217,2020-03-11 14:30:00,15.995,15.995,15.75,15.975,2301
469,216,2020-03-11 15:00:00,16.11,16.11,15.75,15.75,400
470,215,2020-03-11 15:30:00,15.95,15.96,15.8,15.93,2650
471,214,2020-03-11 16:00:00,15.98,16.5,15.7184,16.02,14380
472,213,2020-03-12 10:00:00,15.53,15.53,14.75,14.75,1870
473,212,2020-03-12 10:30:00,14.8,15.5,14.729000000000001,15.42,3890
474,211,2020-03-12 11:00:00,15.52,15.53,15.4525,15.5,2250
475,210,2020-03-12 11:30:00,15.51,15.67,15.5,15.5,1376
476,209,2020-03-12 12:00:00,15.66,15.66,15.29,15.29,1552
477,208,2020-03-12 12:30:00,15.4,15.5,15.17,15.25,1900
478,207,2020-03-12 13:00:00,15.25,15.53,15.0,15.52,4609
479,206,2020-03-12 13:30:00,15.38,15.51,15.0,15.51,5276
480,205,2020-03-12 14:00:00,15.5,15.5,15.5,15.5,300
481,204,2020-03-12 14:30:00,15.63,15.63,15.63,15.63,200
482,203,2020-03-12 15:30:00,15.745,15.745,15.0799,15.51,180950
483,202,2020-03-12 16:00:00,15.25,15.69,15.0,15.69,30149
484,201,2020-03-13 10:00:00,16.0,16.0,15.89,15.92,871
485,200,2020-03-13 10:30:00,15.6368,15.6368,15.6368,15.6368,150
486,199,2020-03-13 11:00:00,15.93,15.93,15.545,15.545,452
487,198,2020-03-13 11:30:00,15.715,15.715,15.71,15.71,295
488,197,2020-03-13 12:00:00,15.56,15.71,15.0,15.0,5790
489,196,2020-03-13 12:30:00,14.9,14.9,14.9,14.9,200
490,195,2020-03-13 13:00:00,15.2,15.2,14.14,14.14,1596
491,194,2020-03-13 13:30:00,14.575,15.22,14.55,15.22,9417
492,193,2020-03-13 14:00:00,14.61,14.86,14.61,14.86,200
493,192,2020-03-13 14:30:00,14.69,14.76,14.69,14.76,1400
494,191,2020-03-13 15:00:00,14.8,14.83,14.75,14.83,10805
495,190,2020-03-13 15:30:00,14.79,14.82,14.727,14.727,1000
496,189,2020-03-13 16:00:00,14.76,16.8,14.74,16.8,14147
497,188,2020-03-16 10:00:00,15.96,15.96,15.48,15.51,3476
498,187,2020-03-16 10:30:00,15.6478,15.6478,15.48,15.48,608
499,186,2020-03-16 11:00:00,15.6567,15.6567,15.12,15.12,8968
500,185,2020-03-16 11:30:00,15.265,15.265,14.74,15.1,7526
501,184,2020-03-16 12:00:00,15.09,15.09,15.09,15.09,500
502,183,2020-03-16 12:30:00,14.8063,15.19,14.6,14.74,14198
503,182,2020-03-16 13:00:00,14.885,15.19,14.5701,14.88,14590
504,181,2020-03-16 13:30:00,14.9,14.91,14.8,14.91,5359
505,180,2020-03-16 14:00:00,14.8,14.94,14.79,14.94,5224
506,179,2020-03-16 14:30:00,14.995,15.49,14.8,14.8,10468
507,178,2020-03-16 15:00:00,14.99,15.35,14.79,14.9,15025
508,177,2020-03-16 15:30:00,14.94,15.34,14.5,14.84,21442
509,176,2020-03-16 16:00:00,14.84,16.4,14.665,16.04,16020
510,175,2020-03-17 10:00:00,16.5,16.5,15.29,15.29,2908
511,174,2020-03-17 10:30:00,15.3638,15.45,15.17,15.17,2756
512,173,2020-03-17 11:00:00,15.34,15.34,14.79,14.9,26210
513,172,2020-03-17 11:30:00,14.9,14.94,14.6,14.6,403
514,171,2020-03-17 12:00:00,14.895999999999999,14.895999999999999,14.59,14.88,673
515,170,2020-03-17 12:30:00,14.61,14.683,14.61,14.677,1818
516,169,2020-03-17 13:00:00,14.6,14.6,14.6,14.6,902
517,168,2020-03-17 13:30:00,14.7006,14.77,14.6,14.77,1101
518,167,2020-03-17 14:00:00,14.5,14.54,14.5,14.54,371
519,166,2020-03-17 14:30:00,14.5,14.66,14.2,14.2,2035
520,165,2020-03-17 15:00:00,14.15,14.15,14.15,14.15,203
521,164,2020-03-17 15:30:00,13.97,13.97,13.42,13.42,4923
522,163,2020-03-17 16:00:00,13.59,16.16,13.34,16.16,13800
523,162,2020-03-18 10:00:00,15.35,15.36,14.06,14.06,2321
524,161,2020-03-18 10:30:00,14.06,14.14,13.21,13.2985,1843
525,160,2020-03-18 11:00:00,13.51,13.51,13.01,13.01,622
526,159,2020-03-18 11:30:00,13.01,13.37,12.995,13.0,1221
527,158,2020-03-18 12:00:00,13.22,13.43,13.05,13.21,5308
528,157,2020-03-18 12:30:00,13.4,13.705,13.38,13.705,3183
529,156,2020-03-18 13:30:00,13.6,13.6,13.6,13.6,116
530,155,2020-03-18 14:00:00,13.57,13.59,13.57,13.59,560
531,154,2020-03-18 15:00:00,13.62,13.745,13.58,13.745,2035
532,153,2020-03-18 15:30:00,13.587,13.71,13.31,13.6,3628
533,152,2020-03-18 16:00:00,13.6,15.25,13.45,15.25,3265
534,151,2020-03-19 10:00:00,15.22,15.22,14.84,14.84,766
535,150,2020-03-19 10:30:00,14.5,14.5,12.56,13.2001,4500
536,149,2020-03-19 11:00:00,13.15,13.15,13.1,13.1,421
537,148,2020-03-19 11:30:00,13.14,13.18,13.013,13.18,2694
538,147,2020-03-19 12:00:00,13.1692,13.19,13.1692,13.18,612
539,146,2020-03-19 12:30:00,13.15,13.15,13.01,13.09,1334
540,145,2020-03-19 13:00:00,13.05,13.08,13.0,13.01,1683
541,144,2020-03-19 13:30:00,13.07,13.1,13.0361,13.1,600
542,143,2020-03-19 14:00:00,13.1,13.1,13.075,13.1,1057
543,142,2020-03-19 14:30:00,13.07,13.07,13.07,13.07,100
544,141,2020-03-19 15:00:00,13.09,13.1,13.01,13.05,1161
545,140,2020-03-19 15:30:00,13.1,13.1,12.93,13.1,722
546,139,2020-03-19 16:00:00,13.025,13.75,12.97,13.5,6337
547,138,2020-03-20 11:00:00,13.42,13.63,13.345,13.63,3140
548,137,2020-03-20 11:30:00,13.7,13.7,13.52,13.52,600
549,136,2020-03-20 13:00:00,13.94,13.94,13.93,13.93,200
550,135,2020-03-20 13:30:00,13.97,13.98,13.9025,13.98,4100
551,134,2020-03-20 14:00:00,13.91,14.0,13.91,14.0,3810
552,133,2020-03-20 14:30:00,14.87,14.87,14.6,14.6,300
553,132,2020-03-20 16:00:00,14.5,14.5,14.34,14.4,1774
554,131,2020-03-23 10:00:00,14.1,14.3,13.1402,13.82,4125
555,130,2020-03-23 11:00:00,13.4258,13.62,13.4258,13.4855,1700
556,129,2020-03-23 11:30:00,13.83,13.86,13.0,13.25,748
557,128,2020-03-23 12:00:00,13.035,13.035,13.035,13.035,100
558,127,2020-03-23 12:30:00,13.88,13.88,13.1929,13.1929,218
559,126,2020-03-23 13:00:00,13.94,13.94,13.94,13.94,100
560,125,2020-03-23 13:30:00,13.8627,13.89,13.8627,13.89,600
561,124,2020-03-23 14:00:00,13.15,13.78,13.05,13.78,2550
562,123,2020-03-23 14:30:00,13.82,13.84,13.82,13.83,300
563,122,2020-03-23 15:00:00,13.83,13.85,13.05,13.52,7472
564,121,2020-03-23 15:30:00,13.59,13.92,13.035,13.1,4451
565,120,2020-03-23 16:00:00,13.94,14.89,13.94,14.5,7160
566,119,2020-03-24 10:00:00,15.0,15.0,14.8148,14.8148,2649
567,118,2020-03-24 11:30:00,14.61,14.61,14.61,14.61,175
568,117,2020-03-24 12:30:00,14.31,14.69,14.27,14.27,2761
569,116,2020-03-24 13:00:00,14.49,14.49,14.29,14.37,1822
570,115,2020-03-24 13:30:00,14.66,14.82,14.66,14.745,3622
571,114,2020-03-24 14:00:00,14.745,14.84,14.62,14.62,700
572,113,2020-03-24 14:30:00,14.75,15.0,14.75,15.0,10458
573,112,2020-03-24 15:00:00,15.09,15.09,14.74,14.96,2422
574,111,2020-03-24 15:30:00,14.84,14.85,14.57,14.8,4450
575,110,2020-03-24 16:00:00,14.8,14.8,14.52,14.52,8546
576,109,2020-03-25 10:00:00,14.37,14.375,14.37,14.375,22858
577,108,2020-03-25 11:00:00,14.16,14.16,14.1,14.1,1042
578,107,2020-03-25 11:30:00,14.15,14.2,14.15,14.2,888
579,106,2020-03-25 12:00:00,14.12,14.12,14.0,14.0,6300
580,105,2020-03-25 12:30:00,14.1242,14.3,14.01,14.3,1392
581,104,2020-03-25 13:00:00,14.05,14.05,14.05,14.05,221
582,103,2020-03-25 13:30:00,14.0,14.095,14.0,14.0225,340
583,102,2020-03-25 14:00:00,14.1,14.1,14.0,14.0,385
584,101,2020-03-25 14:30:00,14.07,14.07,13.77,13.77,300
585,100,2020-03-25 15:00:00,13.86,13.97,13.86,13.97,1900
586,99,2020-03-25 15:30:00,14.41,14.41,14.0,14.15,22073
587,98,2020-03-25 16:00:00,14.0,14.02,13.84,13.96,1538
588,97,2020-03-26 10:00:00,14.1504,14.1504,14.1504,14.1504,400
589,96,2020-03-26 10:30:00,14.05,14.2001,13.75,13.75,12704
590,95,2020-03-26 11:30:00,13.865,13.8688,13.865,13.8688,248
591,94,2020-03-26 12:30:00,13.75,13.75,13.75,13.75,716
592,93,2020-03-26 13:00:00,13.76,13.76,13.6786,13.6786,600
593,92,2020-03-26 13:30:00,13.69,13.7,13.69,13.7,200
594,91,2020-03-26 14:00:00,13.501,13.7,13.4799,13.51,2350
595,90,2020-03-26 14:30:00,13.56,13.6,13.5,13.56,2300
596,89,2020-03-26 15:00:00,13.31,13.31,13.31,13.31,200
597,88,2020-03-26 15:30:00,13.31,13.31,12.7996,13.27,2811
598,87,2020-03-26 16:00:00,13.07,13.52,13.05,13.52,36564
599,86,2020-03-27 11:00:00,13.26,13.26,13.26,13.26,19400
600,85,2020-03-27 11:30:00,13.4,13.53,13.4,13.48,1812
601,84,2020-03-27 12:30:00,13.48,13.48,13.48,13.48,100
602,83,2020-03-27 14:00:00,13.49,13.49,13.49,13.49,100
603,82,2020-03-27 15:00:00,13.49,13.49,13.49,13.49,100
604,81,2020-03-27 15:30:00,13.49,13.66,13.49,13.66,2140
605,80,2020-03-27 16:00:00,13.67,14.04,13.42,14.04,5599
606,79,2020-03-30 10:00:00,14.22,14.24,14.15,14.15,742
607,78,2020-03-30 10:30:00,14.0937,14.0937,14.0937,14.0937,400
608,77,2020-03-30 11:30:00,13.5,13.5,13.5,13.5,111
609,76,2020-03-30 12:00:00,13.695,13.705,13.695,13.705,200
610,75,2020-03-30 12:30:00,13.94,13.97,13.94,13.97,300
611,74,2020-03-30 13:00:00,13.745,13.745,13.745,13.745,100
612,73,2020-03-30 13:30:00,13.92,13.92,13.745,13.745,200
613,72,2020-03-30 14:00:00,13.745,13.745,13.745,13.745,100
614,71,2020-03-30 14:30:00,13.73,13.73,13.73,13.73,100
615,70,2020-03-30 15:00:00,13.8092,14.0,13.54,13.54,1810
616,69,2020-03-30 15:30:00,13.96,14.0,13.735,13.97,3616
617,68,2020-03-30 16:00:00,13.97,14.08,13.54,14.05,4161
618,67,2020-03-31 10:00:00,14.18,14.18,14.1,14.1,751
619,66,2020-03-31 10:30:00,14.17,14.18,14.17,14.18,315
620,65,2020-03-31 11:00:00,14.18,14.18,14.18,14.18,110
621,64,2020-03-31 11:30:00,14.25,14.25,14.25,14.25,310
622,63,2020-03-31 12:00:00,14.26,14.75,14.26,14.75,1312
623,62,2020-03-31 12:30:00,14.18,14.34,14.18,14.25,1100
624,61,2020-03-31 13:00:00,14.57,14.6,14.57,14.6,210
625,60,2020-03-31 14:00:00,14.27,14.27,14.27,14.27,100
626,59,2020-03-31 15:00:00,14.6,14.6,14.6,14.6,245
627,58,2020-03-31 15:30:00,14.6,14.64,14.6,14.64,224
628,57,2020-03-31 16:00:00,14.62,15.3,14.28,15.3,3443
629,56,2020-04-01 10:00:00,15.08,15.08,14.25,14.25,4318
630,55,2020-04-01 10:30:00,14.17,14.18,14.17,14.18,500
631,54,2020-04-01 11:00:00,14.2,14.2,14.01,14.01,301
632,53,2020-04-01 11:30:00,14.04,14.1,14.03,14.1,400
633,52,2020-04-01 12:30:00,14.03,14.07,14.03,14.03,901
634,51,2020-04-01 13:00:00,14.07,14.07,14.07,14.07,100
635,50,2020-04-01 13:30:00,14.0027,14.0027,13.98,13.98,346
636,49,2020-04-01 14:00:00,13.85,13.85,13.85,13.85,100
637,48,2020-04-01 14:30:00,13.86,13.86,13.79,13.85,735
638,47,2020-04-01 15:30:00,13.75,13.83,13.75,13.8,345
639,46,2020-04-01 16:00:00,13.8,14.99,13.69,14.5,5915
640,45,2020-04-01 16:30:00,14.19,14.19,14.19,14.19,100
641,44,2020-04-02 10:00:00,14.09,14.09,13.9348,13.9348,1630
642,43,2020-04-02 10:30:00,13.98,13.99,13.81,13.81,800
643,42,2020-04-02 11:00:00,13.83,14.69,13.8,13.8,1904
644,41,2020-04-02 11:30:00,13.8,14.09,13.25,13.83,1700
645,40,2020-04-02 12:00:00,13.43,13.95,13.25,13.39,1845
646,39,2020-04-02 12:30:00,13.34,13.34,13.26,13.26,1851
647,38,2020-04-02 13:00:00,13.31,13.32,13.25,13.27,1714
648,37,2020-04-02 14:00:00,13.32,13.32,13.32,13.32,100
649,36,2020-04-02 14:30:00,13.33,13.33,13.06,13.06,4000
650,35,2020-04-02 15:30:00,13.54,13.63,13.54,13.63,200
651,34,2020-04-02 16:00:00,13.495,14.5,13.21,14.5,8652
652,33,2020-04-03 10:00:00,14.11,14.11,13.6133,13.6133,1696
653,32,2020-04-03 11:00:00,13.73,14.01,13.73,14.01,300
654,31,2020-04-03 11:30:00,13.73,14.01,13.73,14.01,322
655,30,2020-04-03 12:00:00,13.99,13.99,13.94,13.94,382
656,29,2020-04-03 12:30:00,13.6,13.6,13.6,13.6,100
657,28,2020-04-03 13:00:00,13.89,13.89,13.87,13.87,200
658,27,2020-04-03 13:30:00,13.67,13.77,13.65,13.77,737
659,26,2020-04-03 14:00:00,13.57,13.73,13.5,13.5,3837
660,25,2020-04-03 14:30:00,13.67,13.67,13.25,13.25,919
661,24,2020-04-03 15:00:00,13.6149,13.6149,13.6149,13.6149,350
662,23,2020-04-03 15:30:00,13.3241,13.3241,12.59,13.14,6167
663,22,2020-04-03 16:00:00,12.87,14.0,12.775,14.0,13420
664,21,2020-04-06 09:30:00,14.25,14.25,14.25,14.25,100
665,20,2020-04-06 10:00:00,14.5,14.5,13.99,13.99,3804
666,19,2020-04-06 10:30:00,14.4799,14.4799,14.4799,14.4799,200
667,18,2020-04-06 11:30:00,13.93,13.93,13.93,13.93,100
668,17,2020-04-06 12:30:00,13.93,13.93,13.8754,13.8754,350
669,16,2020-04-06 13:00:00,14.38,14.38,14.21,14.21,300
670,15,2020-04-06 13:30:00,13.79,13.79,13.78,13.78,1336
671,14,2020-04-06 14:00:00,13.78,13.78,13.78,13.78,603
672,13,2020-04-06 14:30:00,13.76,13.76,13.76,13.76,300
673,12,2020-04-06 15:00:00,13.76,13.76,13.76,13.76,200
674,11,2020-04-06 15:30:00,13.76,13.79,13.76,13.79,605
675,10,2020-04-06 16:00:00,13.82,14.3,13.82,14.3,375
676,9,2020-04-07 10:00:00,14.51,14.51,14.25,14.25,843
677,8,2020-04-07 10:30:00,13.3858,13.3858,13.3858,13.3858,501
678,7,2020-04-07 12:30:00,13.94,14.0,13.85,13.85,500
679,6,2020-04-07 13:00:00,13.97,13.97,13.9,13.97,400
680,5,2020-04-07 13:30:00,13.81,13.81,13.81,13.81,100
681,4,2020-04-07 14:00:00,13.73,13.73,13.73,13.73,100
682,3,2020-04-07 14:30:00,13.7,13.72,13.53,13.72,700
683,2,2020-04-07 15:00:00,13.61,13.65,13.6,13.6,612
684,1,2020-04-07 15:30:00,13.61,13.65,13.58,13.58,438
685,0,2020-04-07 16:00:00,13.51,14.0,13.51,14.0,5768
