,index,time,open,high,low,close,volume
0,257,2020-07-07 10:00:00,15.7816481179,16.0449654956,15.7816481179,16.0449654956,600
1,256,2020-07-07 10:30:00,15.860023525699999,16.0449654956,15.860023525699999,16.034968632400002,2300
2,255,2020-07-07 11:00:00,16.0449654956,16.0449654956,16.0449654956,16.0449654956,300
3,254,2020-07-07 13:00:00,15.964990589700001,15.9949811794,15.964990589700001,15.9949811794,6500
4,253,2020-07-07 13:30:00,15.9300015684,15.9300015684,15.9300015684,15.9300015684,100
5,252,2020-07-07 14:30:00,15.9300015684,15.9300015684,15.9300015684,15.9300015684,277
6,251,2020-07-07 15:30:00,15.9449968632,15.9449968632,15.9449968632,15.9449968632,152
7,250,2020-07-07 16:00:00,16.0449654956,16.0449654956,15.8650219573,15.9300015684,1215
8,249,2020-07-08 10:00:00,15.84,16.5,15.84,16.5,5683
9,248,2020-07-08 11:00:00,16.45,16.45,16.28,16.28,1000
10,247,2020-07-08 11:30:00,16.4017,16.4017,16.4017,16.4017,700
11,246,2020-07-08 12:30:00,16.43,16.43,16.43,16.43,105
12,245,2020-07-08 13:30:00,16.3209,16.3209,16.01,16.0484,2100
13,244,2020-07-08 14:30:00,16.15,16.15,16.15,16.15,300
14,243,2020-07-08 15:30:00,16.3,16.31,16.3,16.3,1205
15,242,2020-07-08 16:00:00,16.3,16.31,16.255,16.31,1184
16,241,2020-07-08 16:30:00,17.0,17.0,17.0,17.0,120
17,240,2020-07-09 10:00:00,16.4849135361,16.754994037,16.4241954383,16.5049194991,4577
18,239,2020-07-09 10:30:00,16.5049194991,16.5049194991,16.5049194991,16.5049194991,200
19,238,2020-07-09 11:00:00,16.5049194991,16.5049194991,16.5049194991,16.5049194991,102
20,237,2020-07-09 11:30:00,16.279852415,16.279852415,16.279852415,16.279852415,105
21,236,2020-07-09 12:00:00,16.3848837209,16.6049493143,16.264947972599998,16.6049493143,8376
22,235,2020-07-09 12:30:00,16.6524634764,16.7049791294,16.6159525939,16.6349582588,2878
23,234,2020-07-09 13:00:00,16.6949761479,16.6949761479,16.6949761479,16.6949761479,305
24,233,2020-07-09 13:30:00,16.6549642218,16.7049791294,16.6549642218,16.7049791294,1176
25,232,2020-07-09 14:00:00,16.7049791294,16.7049791294,16.7049791294,16.7049791294,206
26,231,2020-07-09 14:30:00,16.7049791294,16.7049791294,16.7049791294,16.7049791294,448
27,230,2020-07-09 15:00:00,16.7049791294,16.7049791294,16.6934757007,16.7049791294,1411
28,229,2020-07-09 15:30:00,16.7049791294,16.7049791294,16.7049791294,16.7049791294,100
29,228,2020-07-09 16:00:00,16.7149821109,16.8050089445,16.7149821109,16.7800014908,7191
30,227,2020-07-10 10:00:00,16.9,16.9,16.655,16.655,2436
31,226,2020-07-10 10:30:00,16.795,16.795,16.795,16.795,100
32,225,2020-07-10 11:00:00,16.9,16.9,16.9,16.9,105
33,224,2020-07-10 11:30:00,16.86,16.9,16.820999999999998,16.9,3049
34,223,2020-07-10 12:00:00,16.9,16.9,16.895,16.9,4107
35,222,2020-07-10 12:30:00,16.895,16.9,16.88,16.9,1865
36,221,2020-07-10 13:30:00,16.89,16.89,16.81,16.87,2300
37,220,2020-07-10 14:00:00,16.75,16.75,16.75,16.75,2000
38,219,2020-07-10 14:30:00,16.74,16.75,16.74,16.75,200
39,218,2020-07-10 16:00:00,16.74,16.7499,16.74,16.7499,301
40,217,2020-07-13 10:00:00,16.75,16.75,16.28,16.64,1416
41,216,2020-07-13 10:30:00,16.675,16.675,16.675,16.675,200
42,215,2020-07-13 11:00:00,16.65,16.79,16.65,16.79,410
43,214,2020-07-13 11:30:00,16.7794,16.7794,16.75,16.75,420
44,213,2020-07-13 12:30:00,16.82,16.95,16.7802,16.8333,1286
45,212,2020-07-13 13:00:00,16.95,16.95,16.95,16.95,100
46,211,2020-07-13 13:30:00,16.95,16.97,16.95,16.9506,594
47,210,2020-07-13 14:00:00,17.0,17.0,17.0,17.0,757
48,209,2020-07-13 14:30:00,16.98,16.98,16.93,16.93,908
49,208,2020-07-13 15:00:00,16.96,16.96,16.96,16.96,100
50,207,2020-07-13 15:30:00,16.99,17.0,16.75,16.75,3197
51,206,2020-07-13 16:00:00,16.875,16.99,16.75,16.99,1894
52,205,2020-07-14 10:00:00,16.95,17.0,16.8299,16.8299,549
53,204,2020-07-14 10:30:00,16.79,16.79,16.62,16.62,228
54,203,2020-07-14 11:00:00,16.61,16.61,16.61,16.61,326
55,202,2020-07-14 12:30:00,16.5901,16.5901,16.5901,16.5901,117
56,201,2020-07-14 13:00:00,16.79,16.79,16.79,16.79,100
57,200,2020-07-14 13:30:00,16.795,16.795,16.795,16.795,280
58,199,2020-07-14 14:00:00,16.6601,16.85,16.6601,16.85,279
59,198,2020-07-14 14:30:00,16.78,16.9,16.78,16.78,302
60,197,2020-07-14 15:00:00,16.835,16.835,16.823,16.823,530
61,196,2020-07-14 15:30:00,16.84,16.84,16.84,16.84,400
62,195,2020-07-14 16:00:00,16.8774,17.0,16.8774,17.0,3879
63,194,2020-07-15 10:00:00,16.99,17.2,16.99,17.14,2692
64,193,2020-07-15 10:30:00,17.2,17.2001,17.2,17.2001,676
65,192,2020-07-15 11:00:00,17.355,17.4,17.3417,17.36,614
66,191,2020-07-15 11:30:00,17.365,17.365,17.365,17.365,439
67,190,2020-07-15 12:00:00,17.3401,17.5,17.3401,17.5,1488
68,189,2020-07-15 12:30:00,17.6,17.6,17.58,17.585,9088
69,188,2020-07-15 13:00:00,17.6,17.75,17.6,17.75,5242
70,187,2020-07-15 14:30:00,17.73,17.7498,17.665,17.665,2200
71,186,2020-07-15 15:30:00,17.63,17.63,17.63,17.63,110
72,185,2020-07-15 16:00:00,17.615,17.62,17.6117,17.62,1933
73,184,2020-07-16 10:00:00,17.73,17.8,17.73,17.8,1519
74,183,2020-07-16 10:30:00,17.8,18.0,17.8,18.0,3465
75,182,2020-07-16 11:00:00,18.105,18.1999,18.0,18.05,10801
76,181,2020-07-16 11:30:00,18.15,18.3999,18.15,18.3,2293
77,180,2020-07-16 12:00:00,18.4,18.8,18.31,18.8,5044
78,179,2020-07-16 12:30:00,18.8,18.9999,18.8,18.89,1508
79,178,2020-07-16 13:00:00,19.0,19.2,18.902,18.9348,5694
80,177,2020-07-16 13:30:00,19.2,19.2,19.0092,19.1172,4772
81,176,2020-07-16 14:00:00,19.105,19.2,19.1,19.145,644
82,175,2020-07-16 14:30:00,19.2,19.28,19.1601,19.1601,676
83,174,2020-07-16 15:00:00,19.28,19.4,19.17,19.305,8344
84,173,2020-07-16 15:30:00,19.21,19.265,18.98,19.0,2434
85,172,2020-07-16 16:00:00,19.01,19.02,19.01,19.02,1469
86,171,2020-07-17 10:00:00,19.0,19.36,18.73,19.36,5092
87,170,2020-07-17 10:30:00,19.36,19.36,19.0924,19.1533,808
88,169,2020-07-17 11:00:00,19.0,19.3,18.93,19.0961,2095
89,168,2020-07-17 11:30:00,19.15,19.15,19.15,19.15,2000
90,167,2020-07-17 12:00:00,19.02,19.135,19.02,19.135,702
91,166,2020-07-17 12:30:00,19.11,19.11,18.7301,18.9,939
92,165,2020-07-17 13:00:00,19.01,19.01,19.01,19.01,100
93,164,2020-07-17 14:00:00,18.845,18.845,18.845,18.845,102
94,163,2020-07-17 14:30:00,18.74,18.9,18.4601,18.9,1235
95,162,2020-07-17 15:00:00,18.7491,18.7491,18.4401,18.4401,3192
96,161,2020-07-17 15:30:00,18.46,18.475,18.46,18.475,439
97,160,2020-07-17 16:00:00,18.6,18.69,18.49,18.69,3111
98,159,2020-07-20 10:00:00,18.46,18.46,18.0101,18.39,2407
99,158,2020-07-20 10:30:00,18.36,18.9999,18.36,18.9999,1702
100,157,2020-07-20 11:00:00,18.855,18.855,18.71,18.85,4048
101,156,2020-07-20 11:30:00,18.78,18.78,18.47,18.47,611
102,155,2020-07-20 12:00:00,18.38,18.4951,18.38,18.4951,305
103,154,2020-07-20 12:30:00,18.74,18.85,18.7101,18.85,8647
104,153,2020-07-20 13:00:00,18.9,18.9,18.61,18.61,410
105,152,2020-07-20 13:30:00,18.64,18.73,18.6,18.6,3114
106,151,2020-07-20 14:00:00,18.6,18.6,18.6,18.6,561
107,150,2020-07-20 14:30:00,18.51,18.51,18.5,18.5,300
108,149,2020-07-20 15:00:00,18.5,18.6,18.5,18.55,6109
109,148,2020-07-20 15:30:00,18.55,18.59,18.55,18.55,2072
110,147,2020-07-20 16:00:00,18.55,18.63,18.51,18.61,5667
111,146,2020-07-21 10:00:00,18.78,18.78,18.76,18.76,2424
112,145,2020-07-21 10:30:00,18.75,18.9,18.53,18.78,5724
113,144,2020-07-21 11:00:00,18.76,18.83,18.76,18.76,817
114,143,2020-07-21 11:30:00,18.761,18.88,18.75,18.88,29121
115,142,2020-07-21 12:00:00,18.69,18.85,18.69,18.84,9747
116,141,2020-07-21 12:30:00,18.84,18.84,18.82,18.82,514
117,140,2020-07-21 13:00:00,18.82,18.84,18.8,18.82,10486
118,139,2020-07-21 13:30:00,18.82,18.88,18.82,18.85,26497
119,138,2020-07-21 14:00:00,18.86,18.88,18.815,18.825,703
120,137,2020-07-21 14:30:00,18.825,18.85,18.825,18.83,991
121,136,2020-07-21 15:00:00,18.85,19.0,18.85,19.0,3690
122,135,2020-07-21 15:30:00,18.93,18.93,18.86,18.885,1371
123,134,2020-07-21 16:00:00,18.885,18.92,18.715,18.715,517
124,133,2020-07-22 10:00:00,18.91,19.0,18.9,18.9,3331
125,132,2020-07-22 10:30:00,18.94,18.95,18.92,18.92,4563
126,131,2020-07-22 11:30:00,18.9,18.9,18.9,18.9,537
127,130,2020-07-22 12:00:00,18.92,18.92,18.9,18.9,1174
128,129,2020-07-22 12:30:00,18.9,18.92,18.9,18.92,1617
129,128,2020-07-22 13:00:00,18.93,18.93,18.9,18.93,1442
130,127,2020-07-22 13:30:00,18.9,18.9,18.9,18.9,310
131,126,2020-07-22 14:00:00,18.9,19.02,18.9,19.0,9727
132,125,2020-07-22 14:30:00,19.0,19.09,19.0,19.09,504
133,124,2020-07-22 15:00:00,19.0,19.0,19.0,19.0,300
134,123,2020-07-22 15:30:00,19.0,19.02,19.0,19.0,2213
135,122,2020-07-22 16:00:00,19.02,19.02,19.0,19.0,2654
136,121,2020-07-23 10:00:00,19.02,19.02,19.0,19.0,5355
137,120,2020-07-23 10:30:00,19.0,19.38,18.9398,19.38,7444
138,119,2020-07-23 11:00:00,19.35,19.8,19.35,19.8,4554
139,118,2020-07-23 11:30:00,19.96,19.96,19.585,19.8,43664
140,117,2020-07-23 12:00:00,19.2505,19.5867,19.2505,19.5867,1173
141,116,2020-07-23 12:30:00,19.425,19.74,19.425,19.74,6950
142,115,2020-07-23 13:00:00,19.71,20.0,19.6862,20.0,2639
143,114,2020-07-23 13:30:00,19.84,19.98,19.83,19.83,6739
144,113,2020-07-23 14:00:00,19.84,19.84,19.8,19.84,5433
145,112,2020-07-23 14:30:00,19.8,19.84,19.8,19.8208,4756
146,111,2020-07-23 15:00:00,19.92,19.977999999999998,19.8826,19.977999999999998,1106
147,110,2020-07-23 15:30:00,19.9205,19.98,19.915,19.915,1732
148,109,2020-07-23 16:00:00,19.86,19.98,19.8,19.8,3598
149,108,2020-07-24 10:00:00,20.0,20.0,19.51,19.56,3678
150,107,2020-07-24 10:30:00,19.97,19.9999,19.61,19.7503,608
151,106,2020-07-24 11:00:00,19.755,19.755,19.66,19.66,205
152,105,2020-07-24 12:00:00,19.85,19.85,19.65,19.65,887
153,104,2020-07-24 12:30:00,19.67,19.85,19.66,19.85,9712
154,103,2020-07-24 13:00:00,19.85,19.9,19.65,19.68,82623
155,102,2020-07-24 13:30:00,19.9,20.0,19.9,20.0,883
156,101,2020-07-24 14:00:00,19.905,20.2,19.905,20.2,4362
157,100,2020-07-24 14:30:00,20.0698,20.0698,19.8901,20.0115,997
158,99,2020-07-24 15:00:00,20.0296,20.04,20.0296,20.04,820
159,98,2020-07-24 15:30:00,20.04,20.04,20.03,20.04,1115
160,97,2020-07-24 16:00:00,19.94,20.04,19.94,20.04,2150
161,96,2020-07-27 10:00:00,20.14,20.14,20.0694,20.12,7035
162,95,2020-07-27 10:30:00,20.08,20.1199,19.96,19.965,2117
163,94,2020-07-27 11:00:00,20.0,20.14,20.0,20.075,4819
164,93,2020-07-27 12:00:00,20.05,20.0501,20.05,20.0501,775
165,92,2020-07-27 12:30:00,20.075,20.075,20.075,20.075,100
166,91,2020-07-27 13:30:00,20.1,20.1,20.08,20.08,400
167,90,2020-07-27 14:30:00,20.0,20.1,20.0,20.1,3548
168,89,2020-07-27 15:00:00,20.08,20.13,20.08,20.11,6994
169,88,2020-07-27 15:30:00,20.11,20.2,20.09,20.2,3092
170,87,2020-07-27 16:00:00,20.11,20.2,20.1,20.1,3278
171,86,2020-07-28 10:00:00,20.1,20.2,20.03,20.1999,3886
172,85,2020-07-28 10:30:00,20.0301,20.2,20.0301,20.2,1103
173,84,2020-07-28 11:30:00,20.16,20.2,20.16,20.2,1424
174,83,2020-07-28 12:00:00,20.2,20.2,20.1999,20.2,1019
175,82,2020-07-28 12:30:00,20.2,20.4,20.2,20.4,17182
176,81,2020-07-28 13:00:00,20.3201,20.4,20.305,20.32,26953
177,80,2020-07-28 13:30:00,20.33,20.33,20.33,20.33,100
178,79,2020-07-28 14:00:00,20.215,20.3,20.215,20.3,310
179,78,2020-07-28 14:30:00,20.3,20.32,20.3,20.3,5727
180,77,2020-07-28 15:00:00,20.3,20.3,20.3,20.3,925
181,76,2020-07-28 15:30:00,20.3,20.3,20.25,20.3,822
182,75,2020-07-28 16:00:00,20.205,20.2899,20.205,20.28,1468
183,74,2020-07-29 10:00:00,20.2,20.2,20.1109,20.1109,1562
184,73,2020-07-29 10:30:00,20.12,20.2,20.12,20.16,1664
185,72,2020-07-29 11:00:00,20.2,20.21,20.199,20.21,846
186,71,2020-07-29 11:30:00,20.21,20.3,20.21,20.3,2538
187,70,2020-07-29 12:00:00,20.22,20.23,20.1,20.1,4804
188,69,2020-07-29 12:30:00,20.025,20.025,20.025,20.025,250
189,68,2020-07-29 13:00:00,20.08,20.22,20.08,20.21,1436
190,67,2020-07-29 13:30:00,20.21,20.3,20.21,20.3,4417
191,66,2020-07-29 14:00:00,20.17,20.17,20.17,20.17,200
192,65,2020-07-29 14:30:00,20.3,20.3,20.3,20.3,500
193,64,2020-07-29 15:00:00,20.285999999999998,20.285999999999998,20.23,20.23,319
194,63,2020-07-29 15:30:00,20.16,20.2799,20.1,20.2799,650
195,62,2020-07-29 16:00:00,20.05,20.07,20.05,20.07,793
196,61,2020-07-30 10:00:00,20.07,20.22,20.07,20.22,959
197,60,2020-07-30 10:30:00,20.34,20.34,20.34,20.34,200
198,59,2020-07-30 11:00:00,20.38,20.4,20.175,20.4,43562
199,58,2020-07-30 11:30:00,20.39,20.45,20.39,20.4,1545
200,57,2020-07-30 12:30:00,20.45,20.45,20.41,20.4499,4368
201,56,2020-07-30 13:00:00,20.45,20.45,20.0201,20.2,2805
202,55,2020-07-30 13:30:00,20.2,20.2,20.2,20.2,100
203,54,2020-07-30 14:00:00,20.36,20.37,20.0001,20.0001,877
204,53,2020-07-30 14:30:00,20.39,20.39,20.3,20.3,6334
205,52,2020-07-30 15:00:00,20.36,20.43,20.36,20.43,717
206,51,2020-07-30 15:30:00,20.41,20.41,20.367,20.39,686
207,50,2020-07-30 16:00:00,20.3,20.3,20.3,20.3,1137
208,49,2020-07-31 10:00:00,20.51,20.51,20.1,20.48,4175
209,48,2020-07-31 10:30:00,20.46,20.46,20.36,20.45,2124
210,47,2020-07-31 11:00:00,20.38,20.45,20.3,20.3,1956
211,46,2020-07-31 11:30:00,20.389,20.4,20.389,20.39,2195
212,45,2020-07-31 12:00:00,20.3999,20.5,20.31,20.5,8755
213,44,2020-07-31 12:30:00,20.45,20.45,20.37,20.37,801
214,43,2020-07-31 13:00:00,20.37,20.37,20.37,20.37,202
215,42,2020-07-31 13:30:00,20.35,20.43,20.35,20.43,5086
216,41,2020-07-31 14:00:00,20.35,20.36,20.35,20.36,200
217,40,2020-07-31 14:30:00,20.36,20.45,20.36,20.45,795
218,39,2020-07-31 15:00:00,20.35,20.36,20.35,20.36,401
219,38,2020-07-31 15:30:00,20.45,20.45,20.36,20.36,997
220,37,2020-07-31 16:00:00,20.36,21.365,20.35,20.74,58321
221,36,2020-08-03 10:00:00,21.15,21.4,21.15,21.37,6903
222,35,2020-08-03 10:30:00,21.3,21.6,21.3,21.525,18467
223,34,2020-08-03 11:00:00,21.5627,21.69,21.5627,21.69,7766
224,33,2020-08-03 11:30:00,21.69,21.7,21.56,21.56,3195
225,32,2020-08-03 12:00:00,21.6,21.6,21.45,21.45,1709
226,31,2020-08-03 12:30:00,21.45,21.45,21.31,21.33,613
227,30,2020-08-03 13:00:00,21.43,21.43,21.25,21.3001,950
228,29,2020-08-03 13:30:00,21.3,21.4,21.29,21.3,1066
229,28,2020-08-03 14:00:00,21.17,21.3199,21.17,21.3199,401
230,27,2020-08-03 14:30:00,21.3,21.43,21.19,21.19,3801
231,26,2020-08-03 15:00:00,21.2,21.36,21.2,21.21,1450
232,25,2020-08-03 15:30:00,21.4,21.4,21.4,21.4,245
233,24,2020-08-03 16:00:00,21.22,21.4,21.2,21.27,4320
234,23,2020-08-04 10:00:00,21.7,21.7,21.415,21.59,1713
235,22,2020-08-04 10:30:00,21.56,21.56,21.5215,21.5499,376
236,21,2020-08-04 11:00:00,21.54,21.54,21.54,21.54,221
237,20,2020-08-04 11:30:00,21.53,21.7,21.53,21.7,2477
238,19,2020-08-04 12:00:00,21.7,21.8,21.66,21.6813,2882
239,18,2020-08-04 12:30:00,21.69,21.7,21.67,21.67,1041
240,17,2020-08-04 13:00:00,21.68,21.68,21.68,21.68,195
241,16,2020-08-04 13:30:00,21.71,21.71,21.7,21.7,3272
242,15,2020-08-04 14:00:00,21.6,21.6,21.6,21.6,100
243,14,2020-08-04 14:30:00,21.61,21.67,21.5899,21.5899,1026
244,13,2020-08-04 15:00:00,21.585,21.59,21.4,21.4,983
245,12,2020-08-04 15:30:00,21.3025,21.3025,21.275,21.275,214
246,11,2020-08-04 16:00:00,21.3942,21.53,21.33,21.365,2914
247,10,2020-08-05 10:00:00,21.7,21.7,21.58,21.58,1161
248,9,2020-08-05 10:30:00,21.5,21.5699,21.5,21.5699,938
249,8,2020-08-05 11:00:00,21.5,21.55,21.5,21.55,259
250,7,2020-08-05 11:30:00,21.5,21.54,21.4,21.54,1746
251,6,2020-08-05 12:30:00,21.445,21.49,21.4,21.44,1518
252,5,2020-08-05 13:00:00,21.45,21.45,21.36,21.4038,2781
253,4,2020-08-05 13:30:00,21.365,21.44,21.35,21.36,1156
254,3,2020-08-05 14:00:00,21.31,21.44,21.31,21.44,1283
255,2,2020-08-05 15:00:00,21.44,21.45,21.4388,21.4388,315
256,1,2020-08-05 15:30:00,21.44,21.45,21.4143,21.4143,2128
257,0,2020-08-05 16:00:00,21.45,21.45,21.2,21.24,3016
258,281,2020-08-06 10:00:00,21.13,21.5,21.13,21.5,4616
259,280,2020-08-06 10:30:00,21.46,21.46,21.21,21.21,770
260,279,2020-08-06 11:00:00,21.2001,21.41,21.2,21.2001,714
261,278,2020-08-06 11:30:00,21.2,21.3,21.2,21.3,274
262,277,2020-08-06 12:30:00,21.114,21.21,20.55,20.6,5913
263,276,2020-08-06 13:00:00,20.52,20.565,20.4203,20.5,9898
264,275,2020-08-06 13:30:00,20.5,21.34,20.4,21.34,11773
265,274,2020-08-06 14:00:00,21.13,21.13,20.71,20.71,959
266,273,2020-08-06 14:30:00,20.73,20.88,20.68,20.88,2196
267,272,2020-08-06 15:00:00,20.79,20.79,20.79,20.79,101
268,271,2020-08-06 15:30:00,20.96,21.19,20.96,21.04,4065
269,270,2020-08-06 16:00:00,21.15,21.15,21.1,21.15,3884
270,269,2020-08-07 10:00:00,21.15,21.15,21.085,21.15,4441
271,268,2020-08-07 11:00:00,21.425,21.425,21.225,21.225,638
272,267,2020-08-07 11:30:00,21.23,21.35,20.58,20.6101,19576
273,266,2020-08-07 12:00:00,20.61,21.14,20.61,21.14,2722
274,265,2020-08-07 12:30:00,20.9733,21.06,20.94,21.05,1742
275,264,2020-08-07 13:30:00,21.139,21.139,21.02,21.1199,738
276,263,2020-08-07 14:00:00,20.6706,20.6706,20.5101,20.5101,2420
277,262,2020-08-07 15:00:00,20.9099,20.9099,20.9099,20.9099,157
278,261,2020-08-07 15:30:00,20.87,21.08,20.87,20.99,1867
279,260,2020-08-07 16:00:00,20.8,20.86,20.8,20.86,728
280,259,2020-08-10 10:00:00,21.4,21.4,21.215,21.35,2404
281,258,2020-08-10 10:30:00,21.38,21.38,21.31,21.35,1194
282,257,2020-08-10 11:00:00,21.21,21.4,21.21,21.29,3129
283,256,2020-08-10 11:30:00,21.28,21.3633,21.28,21.3633,2645
284,255,2020-08-10 12:00:00,21.3,21.3,21.3,21.3,399
285,254,2020-08-10 12:30:00,21.3001,21.3001,21.28,21.28,1508
286,253,2020-08-10 13:30:00,21.1392,21.1392,21.05,21.05,200
287,252,2020-08-10 14:00:00,21.05,21.05,21.05,21.05,155
288,251,2020-08-10 14:30:00,21.125,21.125,21.125,21.125,250
289,250,2020-08-10 15:00:00,21.115,21.115,21.115,21.115,400
290,249,2020-08-10 15:30:00,21.0,21.09,21.0,21.0,534
291,248,2020-08-10 16:00:00,21.0,21.0,20.65,20.65,2295
292,247,2020-08-10 16:30:00,20.87,20.87,20.87,20.87,100
293,246,2020-08-11 10:00:00,20.87,20.87,20.4,20.5,3392
294,245,2020-08-11 10:30:00,20.78,20.78,20.645,20.645,239
295,244,2020-08-11 11:00:00,20.4092,21.02,20.4092,20.9,4930
296,243,2020-08-11 11:30:00,21.27,21.28,21.23,21.28,328
297,242,2020-08-11 12:00:00,21.005,21.14,20.83,20.83,744
298,241,2020-08-11 12:30:00,21.0,21.0,21.0,21.0,158
299,240,2020-08-11 13:00:00,20.95,20.95,20.95,20.95,103
300,239,2020-08-11 13:30:00,20.915,20.915,20.915,20.915,420
301,238,2020-08-11 14:00:00,20.8914,20.8914,20.8914,20.8914,111
302,237,2020-08-11 15:00:00,20.82,20.9,20.82,20.9,324
303,236,2020-08-11 15:30:00,20.89,20.99,20.8559,20.99,738
304,235,2020-08-11 16:00:00,20.82,20.91,20.82,20.9,1354
305,234,2020-08-12 10:00:00,20.735,21.34,20.735,21.34,1050
306,233,2020-08-12 10:30:00,20.875,21.0,20.7501,21.0,1438
307,232,2020-08-12 11:00:00,21.0,21.2,20.99,21.2,1171
308,231,2020-08-12 11:30:00,21.205,21.205,21.205,21.205,135
309,230,2020-08-12 12:00:00,21.35,21.35,21.28,21.28,1500
310,229,2020-08-12 12:30:00,21.2731,21.29,21.2731,21.29,200
311,228,2020-08-12 13:00:00,21.3,21.3,21.28,21.28,295
312,227,2020-08-12 13:30:00,21.34,21.34,21.27,21.33,912
313,226,2020-08-12 14:00:00,21.3,21.39,21.3,21.39,583
314,225,2020-08-12 14:30:00,21.3379,21.3412,21.3379,21.3412,560
315,224,2020-08-12 15:00:00,21.35,21.35,21.31,21.35,932
316,223,2020-08-12 15:30:00,21.35,21.4919,21.31,21.31,5172
317,222,2020-08-12 16:00:00,21.28,21.3999,21.25,21.25,1905
318,221,2020-08-13 10:00:00,21.21,21.43,20.5711,21.43,3139
319,220,2020-08-13 10:30:00,21.455,21.5,21.455,21.5,1370
320,219,2020-08-13 11:00:00,21.64,21.69,21.6347,21.65,2117
321,218,2020-08-13 11:30:00,21.64,21.65,21.4,21.54,1666
322,217,2020-08-13 12:30:00,21.6,21.6,21.59,21.6,528
323,216,2020-08-13 13:30:00,21.535,21.5351,21.52,21.52,775
324,215,2020-08-13 14:00:00,21.6,21.6,21.5,21.51,887
325,214,2020-08-13 14:30:00,21.57,21.57,21.4202,21.4202,953
326,213,2020-08-13 15:00:00,21.4663,21.53,21.39,21.53,3798
327,212,2020-08-13 15:30:00,21.42,21.54,21.42,21.48,452
328,211,2020-08-13 16:00:00,21.53,21.6,21.4,21.4,8631
329,210,2020-08-13 17:00:00,21.5,21.5,21.5,21.5,1201
330,209,2020-08-14 10:00:00,21.7,21.9,21.51,21.7,8121
331,208,2020-08-14 10:30:00,21.6454,21.7,21.6454,21.69,1486
332,207,2020-08-14 11:00:00,21.6599,21.7,21.575,21.7,4526
333,206,2020-08-14 11:30:00,21.66,21.85,21.45,21.795,20846
334,205,2020-08-14 12:00:00,21.795,21.84,21.795,21.8341,1640
335,204,2020-08-14 12:30:00,21.825,21.85,21.75,21.81,7209
336,203,2020-08-14 13:00:00,21.805,21.85,21.805,21.85,800
337,202,2020-08-14 13:30:00,21.85,21.85,21.835,21.85,1509
338,201,2020-08-14 14:00:00,21.85,21.9,21.85,21.9,3499
339,200,2020-08-14 14:30:00,21.865,21.9,21.81,21.85,2497
340,199,2020-08-14 15:00:00,21.86,21.885,21.75,21.88,19909
341,198,2020-08-14 15:30:00,21.83,21.83,21.76,21.77,398
342,197,2020-08-14 16:00:00,21.78,21.8,21.75,21.75,9118
343,196,2020-08-17 09:30:00,21.74,21.74,21.74,21.74,120
344,195,2020-08-17 10:00:00,21.83,23.0,21.83,23.0,19802
345,194,2020-08-17 10:30:00,23.0,23.33,22.95,23.33,11026
346,193,2020-08-17 11:00:00,23.0,25.62,23.0,25.1705,35551
347,192,2020-08-17 11:30:00,25.36,25.36,24.1267,24.4151,13149
348,191,2020-08-17 12:00:00,24.28,24.5477,24.15,24.2446,2884
349,190,2020-08-17 12:30:00,24.425,24.425,24.0565,24.2,2845
350,189,2020-08-17 13:00:00,24.285,24.35,24.0884,24.3,5140
351,188,2020-08-17 13:30:00,24.33,24.35,24.305,24.35,2571
352,187,2020-08-17 14:00:00,24.305,24.4,24.305,24.4,1731
353,186,2020-08-17 14:30:00,24.34,24.4,24.29,24.39,2606
354,185,2020-08-17 15:00:00,24.35,24.4,24.35,24.4,1820
355,184,2020-08-17 15:30:00,24.4,24.4,24.335,24.335,4812
356,183,2020-08-17 16:00:00,24.3132,24.35,23.86,23.86,13100
357,182,2020-08-18 10:00:00,24.25,24.25,24.0639,24.2175,8706
358,181,2020-08-18 10:30:00,24.17,24.17,21.59,22.3,20282
359,180,2020-08-18 11:00:00,22.6027,22.72,22.5,22.56,3538
360,179,2020-08-18 11:30:00,22.555,22.58,22.49,22.49,1423
361,178,2020-08-18 12:00:00,22.4528,22.55,22.4528,22.55,823
362,177,2020-08-18 12:30:00,22.525,22.58,22.525,22.58,1287
363,176,2020-08-18 13:00:00,22.815,22.815,22.815,22.815,104
364,175,2020-08-18 13:30:00,22.86,23.27,22.84,23.27,6821
365,174,2020-08-18 14:00:00,23.29,23.33,23.04,23.213,4037
366,173,2020-08-18 14:30:00,23.1,23.42,23.1,23.25,6457
367,172,2020-08-18 15:00:00,23.115,23.315,23.11,23.3008,5223
368,171,2020-08-18 15:30:00,23.21,23.33,23.06,23.2659,5591
369,170,2020-08-18 16:00:00,23.35,23.38,23.14,23.36,4324
370,169,2020-08-19 09:30:00,22.8327,22.8327,22.8327,22.8327,210
371,168,2020-08-19 10:00:00,23.29,23.29,22.83,23.25,23141
372,167,2020-08-19 10:30:00,23.07,23.07,23.04,23.04,536
373,166,2020-08-19 11:30:00,22.94,22.94,22.73,22.74,676
374,165,2020-08-19 12:00:00,22.9018,22.94,22.514,22.74,1498
375,164,2020-08-19 12:30:00,22.745,22.842,22.745,22.8,351
376,163,2020-08-19 13:00:00,22.82,23.09,22.465,23.09,5793
377,162,2020-08-19 13:30:00,23.095,23.1,22.685,22.7,3364
378,161,2020-08-19 14:00:00,22.93,22.93,22.6,22.6,621
379,160,2020-08-19 14:30:00,22.6251,22.7245,22.6251,22.7245,424
380,159,2020-08-19 15:00:00,22.665,23.14,22.665,23.0306,3987
381,158,2020-08-19 15:30:00,22.77,22.95,22.6401,22.795,4112
382,157,2020-08-19 16:00:00,22.64,23.09,22.37,22.74,7781
383,156,2020-08-20 10:00:00,22.76,22.76,22.4777,22.7,1844
384,155,2020-08-20 10:30:00,22.7,23.18,22.26,22.75,6335
385,154,2020-08-20 11:00:00,22.605,23.17,22.605,23.17,1159
386,153,2020-08-20 11:30:00,23.215,23.42,23.205,23.205,668
387,152,2020-08-20 12:00:00,23.02,23.38,23.02,23.25,1799
388,151,2020-08-20 12:30:00,23.235,23.99,23.2301,23.99,2388
389,150,2020-08-20 13:00:00,23.8022,23.99,23.79,23.795,1747
390,149,2020-08-20 13:30:00,23.895,23.895,23.8,23.84,1218
391,148,2020-08-20 14:00:00,23.78,23.78,23.78,23.78,264
392,147,2020-08-20 14:30:00,23.685,23.685,23.5,23.5,347
393,146,2020-08-20 15:00:00,23.67,23.67,23.39,23.575,958
394,145,2020-08-20 15:30:00,23.575,23.65,23.41,23.53,3453
395,144,2020-08-20 16:00:00,23.574,23.91,23.31,23.37,14699
396,143,2020-08-20 16:30:00,19.5,19.5,19.5,19.5,338
397,142,2020-08-21 10:00:00,23.56,23.7499,23.2834,23.365,4863
398,141,2020-08-21 10:30:00,23.4899,23.515,23.2909,23.3315,1679
399,140,2020-08-21 11:00:00,23.28,23.5299,23.28,23.39,1817
400,139,2020-08-21 11:30:00,23.365,23.5,23.2601,23.4156,3003
401,138,2020-08-21 12:00:00,23.45,23.45,23.38,23.39,9302
402,137,2020-08-21 12:30:00,23.33,23.33,23.33,23.33,177
403,136,2020-08-21 13:30:00,23.38,23.38,23.2,23.2,3270
404,135,2020-08-21 14:00:00,23.19,23.2,22.99,23.03,2005
405,134,2020-08-21 14:30:00,22.9484,23.45,22.9484,23.11,6069
406,133,2020-08-21 15:00:00,22.97,22.97,22.97,22.97,100
407,132,2020-08-21 15:30:00,23.2,23.22,22.7024,22.72,3166
408,131,2020-08-21 16:00:00,23.0,23.35,22.72,22.73,7166
409,130,2020-08-24 10:00:00,23.17,23.17,22.76,22.76,4633
410,129,2020-08-24 10:30:00,22.955,22.955,22.52,22.52,1029
411,128,2020-08-24 11:00:00,22.7593,22.7593,22.215,22.37,3777
412,127,2020-08-24 11:30:00,22.11,22.23,21.945,22.0,3688
413,126,2020-08-24 12:00:00,22.0,22.025,21.4301,21.98,6014
414,125,2020-08-24 12:30:00,21.915,21.97,21.905,21.905,342
415,124,2020-08-24 13:00:00,22.12,22.84,22.0,22.44,4445
416,123,2020-08-24 13:30:00,22.17,22.2,22.14,22.2,728
417,122,2020-08-24 14:00:00,22.3,22.4,22.125,22.125,640
418,121,2020-08-24 14:30:00,22.36,22.36,22.18,22.26,700
419,120,2020-08-24 15:00:00,22.08,22.11,22.08,22.11,329
420,119,2020-08-24 15:30:00,22.115,22.32,22.08,22.32,4042
421,118,2020-08-24 16:00:00,22.215,22.4,22.02,22.03,3704
422,117,2020-08-25 10:00:00,22.0,22.03,21.97,21.995,3115
423,116,2020-08-25 10:30:00,21.78,21.78,21.735,21.735,285
424,115,2020-08-25 11:00:00,21.84,22.0,21.73,21.98,16646
425,114,2020-08-25 11:30:00,21.98,22.0,21.97,21.97,452
426,113,2020-08-25 12:00:00,22.0,22.0,21.9999,21.9999,803
427,112,2020-08-25 12:30:00,21.99,22.0,21.91,21.935,1317
428,111,2020-08-25 13:30:00,21.816,21.92,21.76,21.76,2121
429,110,2020-08-25 14:00:00,21.456999999999997,21.695,21.456999999999997,21.695,1177
430,109,2020-08-25 14:30:00,21.715,21.8,21.4667,21.4667,3064
431,108,2020-08-25 15:00:00,21.7,21.7,21.69,21.7,1167
432,107,2020-08-25 15:30:00,21.6878,21.99,21.6878,21.96,1972
433,106,2020-08-25 16:00:00,21.98,22.26,21.8,21.92,25133
434,105,2020-08-25 18:00:00,21.5,21.5,21.5,21.5,177
435,104,2020-08-26 10:00:00,22.05,22.31,21.99,22.31,2013
436,103,2020-08-26 10:30:00,21.7701,22.1487,21.7701,22.1487,1652
437,102,2020-08-26 11:00:00,22.05,22.5,22.005,22.42,5816
438,101,2020-08-26 11:30:00,22.35,22.71,22.35,22.555,11629
439,100,2020-08-26 12:00:00,22.7,22.99,22.6794,22.8,10443
440,99,2020-08-26 12:30:00,22.8206,22.96,22.61,22.96,1715
441,98,2020-08-26 13:00:00,22.77,22.94,22.6559,22.94,599
442,97,2020-08-26 13:30:00,22.78,22.8399,22.78,22.83,470
443,96,2020-08-26 14:00:00,22.78,22.78,22.7467,22.7467,541
444,95,2020-08-26 14:30:00,22.82,22.82,22.75,22.75,261
445,94,2020-08-26 15:00:00,22.66,22.74,22.66,22.74,1423
446,93,2020-08-26 15:30:00,22.82,22.97,22.82,22.875,9335
447,92,2020-08-26 16:00:00,22.8501,23.0,22.715,23.0,8053
448,91,2020-08-27 10:00:00,23.0,23.35,22.9,23.35,7969
449,90,2020-08-27 10:30:00,23.2,25.0,23.16,25.0,15375
450,89,2020-08-27 11:00:00,24.8453,25.0,24.5,24.6836,6273
451,88,2020-08-27 11:30:00,24.57,24.68,24.5,24.68,4038
452,87,2020-08-27 12:00:00,24.62,24.62,24.5,24.5,1207
453,86,2020-08-27 12:30:00,24.55,24.69,24.5,24.66,10501
454,85,2020-08-27 13:00:00,24.64,25.0,24.64,24.88,2957
455,84,2020-08-27 13:30:00,24.84,24.85,24.54,24.79,2544
456,83,2020-08-27 14:00:00,24.55,24.79,24.55,24.715,1034
457,82,2020-08-27 14:30:00,24.7,24.7,24.68,24.68,607
458,81,2020-08-27 15:00:00,24.67,24.74,24.5,24.6129,3769
459,80,2020-08-27 15:30:00,24.7,24.7,24.57,24.68,1301
460,79,2020-08-27 16:00:00,24.69,24.88,24.63,24.86,7780
461,78,2020-08-28 10:00:00,24.89,24.95,24.14,24.4661,6187
462,77,2020-08-28 10:30:00,24.46,24.46,24.235,24.27,1609
463,76,2020-08-28 11:00:00,24.2704,24.47,24.21,24.47,2663
464,75,2020-08-28 11:30:00,24.75,24.8099,24.75,24.8099,2622
465,74,2020-08-28 12:00:00,24.5343,24.8048,24.29,24.4924,3264
466,73,2020-08-28 12:30:00,24.76,24.76,24.5306,24.5306,926
467,72,2020-08-28 13:00:00,24.55,24.68,24.475,24.6,2217
468,71,2020-08-28 13:30:00,24.6,24.89,24.6,24.78,3322
469,70,2020-08-28 14:00:00,24.78,24.92,24.77,24.79,3077
470,69,2020-08-28 14:30:00,24.9,25.09,24.9,25.07,3182
471,68,2020-08-28 15:00:00,25.1,25.26,24.82,25.0,8305
472,67,2020-08-28 15:30:00,25.0,25.1265,24.8701,25.1265,5695
473,66,2020-08-28 16:00:00,24.92,25.24,24.92,25.05,8970
474,65,2020-08-31 07:30:00,24.85,24.85,24.85,24.85,283
475,64,2020-08-31 09:30:00,24.85,24.85,24.85,24.85,321
476,63,2020-08-31 10:00:00,24.79,24.79,24.0404,24.49,21502
477,62,2020-08-31 10:30:00,24.5,24.85,24.5,24.85,1361
478,61,2020-08-31 11:00:00,24.82,24.82,24.2101,24.72,2444
479,60,2020-08-31 11:30:00,24.71,24.77,24.5,24.56,1040
480,59,2020-08-31 12:00:00,24.71,24.75,24.5,24.5,1797
481,58,2020-08-31 12:30:00,24.71,24.75,24.641,24.75,1189
482,57,2020-08-31 13:00:00,24.74,24.97,24.74,24.97,879
483,56,2020-08-31 13:30:00,24.71,24.75,24.7,24.75,1445
484,55,2020-08-31 14:00:00,24.72,24.75,24.72,24.75,1888
485,54,2020-08-31 14:30:00,24.73,24.75,24.65,24.75,953
486,53,2020-08-31 15:00:00,24.5801,24.85,24.5801,24.85,2856
487,52,2020-08-31 15:30:00,24.81,25.0,24.81,24.9,5057
488,51,2020-08-31 16:00:00,24.86,25.07,24.765,24.96,9360
489,50,2020-08-31 17:00:00,24.75,24.75,24.75,24.75,302
490,49,2020-09-01 10:00:00,24.84,25.05,24.3,24.8538,4747
491,48,2020-09-01 10:30:00,24.8927,24.9,24.570999999999998,24.635,1098
492,47,2020-09-01 11:00:00,24.6593,25.0,24.61,24.98,4415
493,46,2020-09-01 11:30:00,24.95,24.98,24.95,24.98,413
494,45,2020-09-01 12:00:00,24.84,25.0,24.84,24.97,2299
495,44,2020-09-01 12:30:00,25.0,25.0,25.0,25.0,255
496,43,2020-09-01 13:00:00,24.92,24.98,24.92,24.98,200
497,42,2020-09-01 13:30:00,24.91,24.94,24.87,24.87,519
498,41,2020-09-01 14:00:00,24.9,25.03,24.9,25.0,1958
499,40,2020-09-01 14:30:00,25.01,25.01,24.6051,24.92,1077
500,39,2020-09-01 15:30:00,24.74,24.77,24.74,24.77,642
501,38,2020-09-01 16:00:00,24.76,24.76,24.53,24.66,3593
502,37,2020-09-02 10:00:00,24.82,24.82,24.129,24.62,2317
503,36,2020-09-02 10:30:00,24.67,24.67,24.65,24.65,406
504,35,2020-09-02 11:00:00,24.65,24.65,24.0801,24.43,1298
505,34,2020-09-02 11:30:00,24.33,24.46,24.33,24.4006,1137
506,33,2020-09-02 12:00:00,24.315,24.315,24.315,24.315,401
507,32,2020-09-02 12:30:00,24.26,24.26,24.26,24.26,110
508,31,2020-09-02 13:30:00,24.24,24.25,24.23,24.23,692
509,30,2020-09-02 14:30:00,24.155,24.18,24.155,24.18,512
510,29,2020-09-02 15:00:00,24.04,24.04,23.8948,23.8948,1200
511,28,2020-09-02 15:30:00,23.78,23.995,23.63,23.63,2568
512,27,2020-09-02 16:00:00,23.63,23.76,23.53,23.74,4864
513,26,2020-09-03 10:00:00,23.65,24.2399,23.3125,23.73,3766
514,25,2020-09-03 10:30:00,24.13,24.17,23.87,23.87,1299
515,24,2020-09-03 11:00:00,24.1399,24.1399,23.97,23.97,536
516,23,2020-09-03 11:30:00,23.95,23.95,23.5,23.5,3337
517,22,2020-09-03 12:00:00,23.5101,24.0,23.5101,23.94,3055
518,21,2020-09-03 12:30:00,23.56,23.96,23.56,23.95,1623
519,20,2020-09-03 13:00:00,23.91,23.91,23.8,23.855,478
520,19,2020-09-03 13:30:00,23.885,23.98,23.81,23.845,500
521,18,2020-09-03 14:00:00,23.7438,23.99,23.6208,23.805,3531
522,17,2020-09-03 14:30:00,23.69,23.69,23.0001,23.0001,783
523,16,2020-09-03 15:00:00,23.1207,23.14,23.1207,23.14,1101
524,15,2020-09-03 15:30:00,23.1,23.25,23.03,23.125,977
525,14,2020-09-03 16:00:00,23.155,23.5,23.03,23.27,7866
526,13,2020-09-04 10:00:00,23.69,24.185,23.5,24.185,2269
527,12,2020-09-04 10:30:00,24.15,24.35,23.51,23.58,7971
528,11,2020-09-04 11:00:00,23.54,24.1399,23.1701,23.635,7821
529,10,2020-09-04 11:30:00,23.685,24.1399,23.685,24.13,2559
530,9,2020-09-04 12:00:00,24.1,24.33,23.68,24.27,3424
531,8,2020-09-04 12:30:00,24.0389,24.4,24.0389,24.4,4266
532,7,2020-09-04 13:00:00,24.27,24.445,24.24,24.28,10582
533,6,2020-09-04 13:30:00,24.075,24.59,24.075,24.4,4572
534,5,2020-09-04 14:00:00,24.49,24.81,24.1501,24.81,2091
535,4,2020-09-04 14:30:00,24.2701,24.72,24.2701,24.715,2681
536,3,2020-09-04 15:00:00,24.705,24.7499,24.0301,24.0301,1322
537,2,2020-09-04 15:30:00,24.55,24.85,24.49,24.85,2688
538,1,2020-09-04 16:00:00,24.85,25.23,24.6801,24.88,10685
539,0,2020-09-04 16:30:00,25.0,25.0,25.0,25.0,1535
540,256,2020-09-08 10:00:00,25.33,26.3799,25.2,25.47,12160
541,255,2020-09-08 10:30:00,25.295,26.0,25.295,25.99,12367
542,254,2020-09-08 11:00:00,26.0,26.26,25.99,26.1482,13029
543,253,2020-09-08 11:30:00,26.22,27.1,26.22,26.72,8510
544,252,2020-09-08 12:00:00,26.71,26.975,26.68,26.975,9075
545,251,2020-09-08 12:30:00,26.885,26.9999,26.7701,26.9999,1198
546,250,2020-09-08 13:00:00,26.9223,27.6957,26.9223,27.6957,9320
547,249,2020-09-08 13:30:00,27.875,27.935,27.02,27.4442,7225
548,248,2020-09-08 14:00:00,27.44,27.47,27.39,27.47,5396
549,247,2020-09-08 14:30:00,27.35,27.45,26.93,27.34,2553
550,246,2020-09-08 15:00:00,27.315,27.35,27.2896,27.35,1359
551,245,2020-09-08 15:30:00,27.3386,27.39,27.29,27.34,3982
552,244,2020-09-08 16:00:00,27.33,27.4,27.2,27.29,10570
553,243,2020-09-08 18:00:00,27.6,27.6,27.6,27.6,200
554,242,2020-09-09 10:00:00,28.01,28.82,27.54,28.2166,24895
555,241,2020-09-09 10:30:00,28.145,28.23,27.57,27.9,19485
556,240,2020-09-09 11:00:00,27.94,27.94,27.72,27.88,4568
557,239,2020-09-09 11:30:00,27.88,28.12,27.871,28.12,13641
558,238,2020-09-09 12:00:00,28.26,28.8,28.16,28.78,5490
559,237,2020-09-09 12:30:00,28.93,28.9937,28.04,28.155,13849
560,236,2020-09-09 13:00:00,28.1325,28.2699,28.04,28.135,3487
561,235,2020-09-09 13:30:00,28.1066,28.215,28.1066,28.215,1857
562,234,2020-09-09 14:00:00,28.21,28.21,27.95,27.95,6715
563,233,2020-09-09 14:30:00,27.9,27.98,27.8,27.85,3001
564,232,2020-09-09 15:00:00,27.9599,27.9599,27.53,27.5917,4971
565,231,2020-09-09 15:30:00,27.535,27.535,27.1201,27.26,5189
566,230,2020-09-09 16:00:00,27.37,27.65,27.1,27.19,13123
567,229,2020-09-10 10:00:00,27.6,27.6,27.37,27.4699,5954
568,228,2020-09-10 10:30:00,27.2769,27.6776,27.15,27.26,4983
569,227,2020-09-10 11:00:00,27.3156,27.3156,27.12,27.2,3624
570,226,2020-09-10 11:30:00,27.13,27.13,26.5,26.61,5780
571,225,2020-09-10 12:00:00,26.94,26.94,26.62,26.62,3516
572,224,2020-09-10 12:30:00,26.59,26.6,26.01,26.1803,3109
573,223,2020-09-10 13:00:00,26.46,26.5,26.46,26.5,235
574,222,2020-09-10 13:30:00,26.405,26.51,26.23,26.29,1922
575,221,2020-09-10 14:00:00,26.6517,26.855999999999998,26.31,26.4,6206
576,220,2020-09-10 14:30:00,26.4,26.8231,26.31,26.49,5531
577,219,2020-09-10 15:00:00,27.0299,27.0299,26.05,26.2477,7117
578,218,2020-09-10 15:30:00,26.15,26.15,25.67,25.67,8098
579,217,2020-09-10 16:00:00,25.56,25.74,25.0973,25.71,16069
580,216,2020-09-11 10:00:00,25.93,26.96,25.93,26.285,7117
581,215,2020-09-11 10:30:00,26.28,26.39,26.235,26.38,1804
582,214,2020-09-11 11:00:00,26.39,27.11,26.1325,26.73,16701
583,213,2020-09-11 11:30:00,26.65,27.3462,26.45,27.25,8739
584,212,2020-09-11 12:00:00,27.01,27.2,26.79,26.79,1692
585,211,2020-09-11 12:30:00,26.935,27.0,26.9,26.98,1094
586,210,2020-09-11 13:00:00,26.85,26.85,26.6,26.75,3231
587,209,2020-09-11 13:30:00,26.82,26.83,26.6101,26.8,1999
588,208,2020-09-11 14:00:00,26.76,26.95,26.7006,26.84,5225
589,207,2020-09-11 14:30:00,26.84,26.84,26.8,26.8,201
590,206,2020-09-11 15:00:00,26.51,26.78,26.27,26.4633,3278
591,205,2020-09-11 15:30:00,26.26,26.35,26.05,26.16,2777
592,204,2020-09-11 16:00:00,26.18,26.28,26.0,26.02,9072
593,203,2020-09-14 10:00:00,26.58,27.31,26.14,26.5,15952
594,202,2020-09-14 10:30:00,26.59,26.65,26.465,26.65,3720
595,201,2020-09-14 11:00:00,26.61,26.65,26.43,26.45,4687
596,200,2020-09-14 11:30:00,26.47,26.62,26.4,26.5,4203
597,199,2020-09-14 12:00:00,26.4,26.525,26.38,26.525,957
598,198,2020-09-14 12:30:00,26.63,26.63,26.465,26.57,1856
599,197,2020-09-14 13:00:00,26.5,26.825,26.3801,26.7,5905
600,196,2020-09-14 13:30:00,26.65,26.75,26.585,26.61,2089
601,195,2020-09-14 14:00:00,26.61,27.0,26.495,26.55,5687
602,194,2020-09-14 14:30:00,26.65,26.65,26.23,26.44,4741
603,193,2020-09-14 15:00:00,26.58,26.985,26.4101,26.53,2641
604,192,2020-09-14 15:30:00,26.53,26.57,26.415,26.445,2274
605,191,2020-09-14 16:00:00,26.57,26.92,26.44,26.65,11476
606,190,2020-09-15 10:00:00,26.93,27.5,26.66,27.5,19986
607,189,2020-09-15 10:30:00,27.88,29.24,27.8,28.8178,9697
608,188,2020-09-15 11:00:00,28.815,28.93,28.05,28.1487,6557
609,187,2020-09-15 11:30:00,28.25,28.35,27.99,28.1471,12425
610,186,2020-09-15 12:00:00,28.15,28.15,27.945999999999998,28.1,7001
611,185,2020-09-15 12:30:00,28.1,28.15,28.05,28.15,7511
612,184,2020-09-15 13:00:00,28.12,28.83,28.05,28.57,9613
613,183,2020-09-15 13:30:00,28.8,28.8,28.46,28.5,4337
614,182,2020-09-15 14:00:00,28.47,28.55,28.45,28.5,2223
615,181,2020-09-15 14:30:00,28.495,28.495,28.285,28.4,1366
616,180,2020-09-15 15:00:00,28.4,28.76,28.33,28.59,9811
617,179,2020-09-15 15:30:00,28.595,29.0,28.57,29.0,24827
618,178,2020-09-15 16:00:00,28.78,28.98,28.744,28.91,16679
619,177,2020-09-15 16:30:00,29.0,29.0,29.0,29.0,140
620,176,2020-09-16 10:00:00,30.39,31.53,30.0101,30.94,48701
621,175,2020-09-16 10:30:00,30.94,31.99,30.8,31.515,35424
622,174,2020-09-16 11:00:00,31.38,31.7999,31.0,31.01,32118
623,173,2020-09-16 11:30:00,31.29,31.29,30.61,30.815,18906
624,172,2020-09-16 12:00:00,30.68,30.85,30.28,30.28,11311
625,171,2020-09-16 12:30:00,30.4125,31.0,30.28,30.71,57952
626,170,2020-09-16 13:00:00,31.0,31.44,30.81,30.9259,5126
627,169,2020-09-16 13:30:00,31.18,31.6,31.005,31.4,8795
628,168,2020-09-16 14:00:00,31.4,31.56,30.6,30.88,58279
629,167,2020-09-16 14:30:00,30.4499,31.0,30.4499,31.0,13583
630,166,2020-09-16 15:00:00,31.0,31.17,30.805,31.16,6106
631,165,2020-09-16 15:30:00,30.88,31.16,30.66,30.92,9457
632,164,2020-09-16 16:00:00,31.0,31.53,30.65,31.21,24282
633,163,2020-09-16 16:30:00,31.99,31.99,31.99,31.99,1001
634,162,2020-09-16 17:00:00,29.8,30.7,29.8,30.7,834
635,161,2020-09-17 09:30:00,30.9,30.9,30.9,30.9,137
636,160,2020-09-17 10:00:00,30.79,31.76,30.6814,31.545,47705
637,159,2020-09-17 10:30:00,31.545,31.69,31.4,31.525,13662
638,158,2020-09-17 11:00:00,31.64,32.94,31.43,32.7216,14556
639,157,2020-09-17 11:30:00,32.58,32.819,31.34,31.55,69300
640,156,2020-09-17 12:00:00,31.86,32.1799,31.73,32.01,19232
641,155,2020-09-17 12:30:00,31.85,32.03,31.58,31.86,7300
642,154,2020-09-17 13:00:00,31.86,32.11,31.5,31.5,19549
643,153,2020-09-17 13:30:00,31.5,31.85,31.5,31.82,5570
644,152,2020-09-17 14:00:00,31.81,32.16,31.65,31.9,18382
645,151,2020-09-17 14:30:00,31.92,32.5,31.81,32.5,8025
646,150,2020-09-17 15:00:00,32.225,32.47,31.93,32.3,4876
647,149,2020-09-17 15:30:00,32.2,32.205,31.79,31.83,54941
648,148,2020-09-17 16:00:00,31.7,32.43,31.58,31.89,157889
649,147,2020-09-18 10:00:00,32.5,32.9199,30.57,31.86,43714
650,146,2020-09-18 10:30:00,30.86,32.06,30.475,31.96,20601
651,145,2020-09-18 11:00:00,32.265,32.46,31.28,31.7,17400
652,144,2020-09-18 11:30:00,31.55,32.11,31.55,32.0,44835
653,143,2020-09-18 12:00:00,32.02,32.466,31.54,32.22,56803
654,142,2020-09-18 12:30:00,32.02,32.23,31.63,31.79,8552
655,141,2020-09-18 13:00:00,31.98,32.23,31.86,32.05,5929
656,140,2020-09-18 13:30:00,32.05,32.23,31.885,32.08,21034
657,139,2020-09-18 14:00:00,32.23,32.4,31.94,32.19,22111
658,138,2020-09-18 14:30:00,32.15,32.42,32.06,32.08,23366
659,137,2020-09-18 15:00:00,32.07,32.14,31.855,32.0,41949
660,136,2020-09-18 15:30:00,32.0,32.91,32.0,32.82,17598
661,135,2020-09-18 16:00:00,32.7,33.02,32.11,32.98,116190
662,134,2020-09-21 10:00:00,32.82,32.82,31.0,32.01,22781
663,133,2020-09-21 10:30:00,32.3082,32.3082,32.0,32.16,2272
664,132,2020-09-21 11:00:00,32.3051,32.3051,31.735,32.17,8700
665,131,2020-09-21 11:30:00,31.66,32.025,31.66,32.025,3723
666,130,2020-09-21 12:00:00,32.14,32.17,31.81,31.945,4789
667,129,2020-09-21 12:30:00,31.88,32.63,31.4201,32.0,6669
668,128,2020-09-21 13:00:00,31.98,32.215,31.75,32.0,2643
669,127,2020-09-21 13:30:00,31.975,32.0,31.6,31.99,3912
670,126,2020-09-21 14:00:00,31.815,32.07,31.36,32.0,16970
671,125,2020-09-21 14:30:00,31.98,32.46,31.84,32.4131,5013
672,124,2020-09-21 15:00:00,32.72,32.72,32.28,32.29,1840
673,123,2020-09-21 15:30:00,32.05,32.6799,32.05,32.53,10192
674,122,2020-09-21 16:00:00,32.27,32.61,32.17,32.27,8902
675,121,2020-09-22 10:00:00,32.28,32.5899,31.41,31.47,7766
676,120,2020-09-22 10:30:00,31.56,31.715,30.605,31.04,13018
677,119,2020-09-22 11:00:00,31.0152,31.345,31.0,31.17,2900
678,118,2020-09-22 11:30:00,30.9401,31.16,30.56,30.8444,5398
679,117,2020-09-22 12:00:00,31.0,31.086,30.12,30.2195,7456
680,116,2020-09-22 12:30:00,30.36,30.44,30.23,30.44,2647
681,115,2020-09-22 13:00:00,30.585,30.6,30.21,30.38,2450
682,114,2020-09-22 13:30:00,30.91,30.91,30.7,30.7,411
683,113,2020-09-22 14:00:00,30.4501,30.75,30.4501,30.5001,934
684,112,2020-09-22 14:30:00,30.52,30.96,30.52,30.61,3539
685,111,2020-09-22 15:00:00,30.66,30.68,30.42,30.575,2141
686,110,2020-09-22 15:30:00,30.31,30.46,30.21,30.21,3099
687,109,2020-09-22 16:00:00,30.36,30.36,30.04,30.08,7159
688,108,2020-09-22 17:00:00,31.79,31.79,31.79,31.79,164
689,107,2020-09-23 10:00:00,30.12,30.7199,30.0,30.2406,6868
690,106,2020-09-23 10:30:00,30.0101,30.47,29.2104,30.0902,16043
691,105,2020-09-23 11:00:00,30.185,30.37,30.185,30.37,1191
692,104,2020-09-23 11:30:00,30.2851,30.95,30.215,30.95,5108
693,103,2020-09-23 12:00:00,30.95,30.95,30.48,30.48,2340
694,102,2020-09-23 12:30:00,30.2,30.46,30.2,30.46,1208
695,101,2020-09-23 13:00:00,30.69,30.7,30.5101,30.5101,1260
696,100,2020-09-23 13:30:00,30.69,30.94,30.52,30.5501,2685
697,99,2020-09-23 14:00:00,30.6,30.87,30.36,30.7524,4274
698,98,2020-09-23 14:30:00,30.92,30.9899,30.48,30.64,2761
699,97,2020-09-23 15:00:00,30.375,30.54,30.01,30.27,3932
700,96,2020-09-23 15:30:00,30.45,30.45,30.08,30.275,4538
701,95,2020-09-23 16:00:00,30.36,30.54,30.0,30.24,14475
702,94,2020-09-24 09:30:00,29.75,29.75,29.75,29.75,200
703,93,2020-09-24 10:00:00,29.83,29.83,28.18,28.7,8912
704,92,2020-09-24 10:30:00,28.5031,28.6,27.43,27.79,19650
705,91,2020-09-24 11:00:00,28.04,28.29,27.29,27.85,35407
706,90,2020-09-24 11:30:00,27.85,28.4592,27.85,28.37,14352
707,89,2020-09-24 12:00:00,28.44,28.66,28.37,28.6,3322
708,88,2020-09-24 12:30:00,28.63,28.79,28.6,28.62,4407
709,87,2020-09-24 13:00:00,28.61,28.61,28.1,28.26,3609
710,86,2020-09-24 13:30:00,28.33,28.5401,28.32,28.49,2802
711,85,2020-09-24 14:00:00,28.47,28.92,28.22,28.39,9259
712,84,2020-09-24 14:30:00,28.35,28.56,27.83,27.92,10311
713,83,2020-09-24 15:00:00,27.91,27.95,27.51,27.745,10685
714,82,2020-09-24 15:30:00,27.72,28.27,27.71,28.27,6876
715,81,2020-09-24 16:00:00,28.41,28.56,28.26,28.45,9357
716,80,2020-09-24 16:30:00,28.45,28.45,28.45,28.45,111
717,79,2020-09-25 10:00:00,28.43,30.0,28.43,29.8611,9963
718,78,2020-09-25 10:30:00,29.7025,29.7712,29.23,29.68,5891
719,77,2020-09-25 11:00:00,29.49,30.31,29.49,30.035,16256
720,76,2020-09-25 11:30:00,30.1,30.6,30.0624,30.325,17674
721,75,2020-09-25 12:00:00,30.41,30.99,30.41,30.54,8871
722,74,2020-09-25 12:30:00,30.8,30.88,30.3,30.57,8199
723,73,2020-09-25 13:00:00,30.455,31.0,30.4,30.7,8538
724,72,2020-09-25 13:30:00,30.7,30.94,30.35,30.47,5647
725,71,2020-09-25 14:00:00,30.63,30.96,30.515,30.7,6100
726,70,2020-09-25 14:30:00,30.68,30.8,30.525,30.7,5988
727,69,2020-09-25 15:00:00,30.7,30.75,30.46,30.565,7196
728,68,2020-09-25 15:30:00,30.545,31.1,30.545,30.95,11234
729,67,2020-09-25 16:00:00,30.96,31.31,30.62,31.0,16491
730,66,2020-09-28 09:30:00,30.88,30.88,30.88,30.88,100
731,65,2020-09-28 10:00:00,29.76,29.93,29.02,29.83,33930
732,64,2020-09-28 10:30:00,29.9,29.9,29.0201,29.07,10445
733,63,2020-09-28 11:00:00,29.1853,29.54,28.82,29.39,11554
734,62,2020-09-28 11:30:00,29.185,29.655,29.02,29.5,18389
735,61,2020-09-28 12:00:00,29.5,29.87,29.32,29.5,11167
736,60,2020-09-28 12:30:00,29.625,29.64,29.41,29.43,5316
737,59,2020-09-28 13:00:00,29.46,29.83,29.21,29.83,11864
738,58,2020-09-28 13:30:00,29.72,30.0,29.72,29.915,8041
739,57,2020-09-28 14:00:00,29.915,29.97,29.56,29.7475,7283
740,56,2020-09-28 14:30:00,29.7475,29.755,29.6,29.7475,2508
741,55,2020-09-28 15:00:00,29.86,30.0225,29.655,29.9,15788
742,54,2020-09-28 15:30:00,29.765,29.96,29.765,29.9,3467
743,53,2020-09-28 16:00:00,29.9,30.06,29.49,30.0,27842
744,52,2020-09-29 10:00:00,29.8,30.12,29.37,29.885,8048
745,51,2020-09-29 10:30:00,29.75,30.08,29.5386,30.0,13825
746,50,2020-09-29 11:00:00,29.94,30.35,29.91,30.2,18288
747,49,2020-09-29 11:30:00,30.2,30.325,30.085,30.14,10879
748,48,2020-09-29 12:00:00,30.115,30.31,30.0,30.2,14813
749,47,2020-09-29 12:30:00,30.23,30.23,29.9405,30.045,9106
750,46,2020-09-29 13:00:00,30.045,30.295,29.88,30.2,24427
751,45,2020-09-29 13:30:00,30.145,31.29,30.145,30.95,34828
752,44,2020-09-29 14:00:00,30.95,31.44,30.95,31.3,38359
753,43,2020-09-29 14:30:00,31.3,31.65,31.3,31.455,25758
754,42,2020-09-29 15:00:00,31.455,32.2,31.41,31.99,68436
755,41,2020-09-29 15:30:00,32.0,32.47,31.88,32.21,92514
756,40,2020-09-29 16:00:00,32.2,32.68,31.67,31.8,199746
757,39,2020-09-29 16:30:00,31.59,31.59,31.59,31.59,199530
758,38,2020-09-30 10:00:00,32.0,32.0,30.81,31.345,27357
759,37,2020-09-30 10:30:00,31.2,31.345,29.68,30.86,17076
760,36,2020-09-30 11:00:00,30.72,30.94,30.17,30.5655,8265
761,35,2020-09-30 11:30:00,30.67,30.84,30.22,30.22,5921
762,34,2020-09-30 12:00:00,30.45,30.81,30.24,30.52,5110
763,33,2020-09-30 12:30:00,30.2601,30.5992,30.16,30.36,10633
764,32,2020-09-30 13:00:00,30.35,30.41,30.01,30.41,7732
765,31,2020-09-30 13:30:00,30.32,30.32,29.895,29.895,9762
766,30,2020-09-30 14:00:00,29.875,30.37,29.875,30.3,3052
767,29,2020-09-30 14:30:00,30.41,30.725,30.34,30.34,10083
768,28,2020-09-30 15:00:00,30.43,30.725,30.26,30.37,4767
769,27,2020-09-30 15:30:00,30.32,30.375,29.81,29.98,18833
770,26,2020-09-30 16:00:00,29.92,30.04,29.66,29.78,32003
771,25,2020-10-01 10:00:00,30.17,31.08,29.8901,31.08,25840
772,24,2020-10-01 10:30:00,31.0,31.885,30.9001,31.51,23071
773,23,2020-10-01 11:00:00,31.76,32.0,31.3694,31.575,26283
774,22,2020-10-01 11:30:00,31.58,31.74,31.22,31.595,21631
775,21,2020-10-01 12:00:00,31.59,31.69,31.37,31.5,17118
776,20,2020-10-01 12:30:00,31.48,31.8899,31.3,31.795,26224
777,19,2020-10-01 13:00:00,31.95,32.2,31.74,31.79,13517
778,18,2020-10-01 13:30:00,31.8,31.915,31.6,31.915,11932
779,17,2020-10-01 14:00:00,31.81,31.94,31.54,31.755,14004
780,16,2020-10-01 14:30:00,31.755,32.0,31.5268,31.7,21186
781,15,2020-10-01 15:00:00,31.74,31.99,31.46,31.750999999999998,28457
782,14,2020-10-01 15:30:00,31.8,32.47,31.608,32.235,89694
783,13,2020-10-01 16:00:00,32.37,32.5,31.96,32.22,56651
784,12,2020-10-02 10:00:00,31.4,32.35,31.3014,31.925,20130
785,11,2020-10-02 10:30:00,32.05,32.2164,31.68,32.0,9481
786,10,2020-10-02 11:00:00,31.99,32.12,31.74,31.865,7069
787,9,2020-10-02 11:30:00,31.87,31.94,31.74,31.85,4596
788,8,2020-10-02 12:00:00,31.95,32.05,31.75,31.84,6067
789,7,2020-10-02 12:30:00,31.75,31.92,31.51,31.87,6942
790,6,2020-10-02 13:00:00,31.74,31.75,31.36,31.63,2545
791,5,2020-10-02 13:30:00,31.531,31.531,31.23,31.3,1711
792,4,2020-10-02 14:00:00,31.15,31.6039,30.77,31.47,8243
793,3,2020-10-02 14:30:00,31.59,31.66,31.3313,31.3313,840
794,2,2020-10-02 15:00:00,31.51,31.85,31.3389,31.85,10679
795,1,2020-10-02 15:30:00,31.825,31.825,31.1501,31.615,7623
796,0,2020-10-02 16:00:00,31.615,31.745,31.21,31.22,13190
