,index,time,open,high,low,close,volume
0,229,2019-01-14 10:00:00,8.91,8.91,8.744,8.744,1909
1,228,2019-01-14 10:30:00,8.8173,8.8173,8.8173,8.8173,450
2,227,2019-01-14 11:00:00,8.7894,8.7894,8.7894,8.7894,200
3,226,2019-01-14 12:00:00,8.8301,8.8301,8.8301,8.8301,209
4,225,2019-01-14 12:30:00,8.7865,8.7865,8.74,8.74,325
5,224,2019-01-14 13:00:00,8.77,8.8,8.53,8.53,1321
6,223,2019-01-14 13:30:00,8.7999,8.7999,8.51,8.51,400
7,222,2019-01-14 14:30:00,8.66,8.77,8.66,8.77,400
8,221,2019-01-14 15:00:00,8.735,8.735,8.735,8.735,100
9,220,2019-01-14 15:30:00,8.745,8.745,8.7005,8.7005,210
10,219,2019-01-14 16:00:00,8.79,8.8,8.69,8.69,1243
11,218,2019-01-15 10:00:00,8.69,8.7361,8.69,8.705,1739
12,217,2019-01-15 10:30:00,8.756,8.756,8.756,8.756,230
13,216,2019-01-15 12:00:00,8.978,8.978,8.978,8.978,250
14,215,2019-01-15 13:00:00,8.8588,8.8588,8.7003,8.7003,421
15,214,2019-01-15 13:30:00,8.7,8.76,8.7,8.76,208
16,213,2019-01-15 15:00:00,8.7,8.7,8.7,8.7,625
17,212,2019-01-15 15:30:00,8.7,8.7,8.69,8.69,452
18,211,2019-01-16 10:00:00,8.8,8.8,8.6936,8.6936,723
19,210,2019-01-16 12:00:00,8.72,8.72,8.6499,8.6499,3088
20,209,2019-01-16 13:30:00,8.6202,8.6295,8.6202,8.6295,200
21,208,2019-01-16 15:00:00,8.6,8.6,8.6,8.6,200
22,207,2019-01-16 15:30:00,8.62,8.62,8.6,8.6104,668
23,206,2019-01-16 16:00:00,8.61,8.61,8.61,8.61,252
24,205,2019-01-17 10:30:00,8.7257,8.7257,8.61,8.61,300
25,204,2019-01-17 11:00:00,8.61,8.687000000000001,8.6,8.6,1340
26,203,2019-01-17 11:30:00,8.7099,8.7099,8.6,8.61,1008
27,202,2019-01-17 12:00:00,8.7,8.73,8.7,8.7121,2725
28,201,2019-01-17 12:30:00,8.64,8.64,8.64,8.64,250
29,200,2019-01-17 15:30:00,8.73,8.73,8.72,8.7201,1300
30,199,2019-01-17 16:00:00,8.7202,8.86,8.72,8.86,2493
31,198,2019-01-18 10:00:00,8.86,8.86,8.8,8.8,904
32,197,2019-01-18 10:30:00,8.79,8.86,8.79,8.86,770
33,196,2019-01-18 11:00:00,8.934,8.934,8.9144,8.9144,200
34,195,2019-01-18 11:30:00,8.9316,9.0,8.9316,9.0,704
35,194,2019-01-18 12:30:00,9.0,9.0,9.0,9.0,300
36,193,2019-01-18 13:30:00,9.0,9.0,9.0,9.0,297
37,192,2019-01-18 14:00:00,8.9935,8.9935,8.9935,8.9935,100
38,191,2019-01-18 14:30:00,9.0099,9.0099,9.0099,9.0099,100
39,190,2019-01-18 15:00:00,9.0,9.0,8.96,8.96,1800
40,189,2019-01-18 15:30:00,8.95,8.95,8.755,8.755,502
41,188,2019-01-18 16:00:00,8.85,8.85,8.85,8.85,218
42,187,2019-01-22 10:00:00,10.0,10.0,8.8326,8.8326,1524
43,186,2019-01-22 11:00:00,8.89,8.9,8.8308,8.84,700
44,185,2019-01-22 11:30:00,8.82,8.91,8.82,8.91,2548
45,184,2019-01-22 13:00:00,8.9,8.9,8.9,8.9,100
46,183,2019-01-22 13:30:00,8.8264,8.91,8.8264,8.91,300
47,182,2019-01-22 14:00:00,8.9,8.92,8.9,8.92,225
48,181,2019-01-22 14:30:00,8.99,9.31,8.9726,9.1063,2772
49,180,2019-01-22 15:00:00,9.01,9.1,9.01,9.1,225
50,179,2019-01-22 15:30:00,9.095,9.095,9.0,9.0,200
51,178,2019-01-22 16:00:00,9.01,9.05,9.0,9.0,4449
52,177,2019-01-23 10:00:00,9.0507,9.15,9.0507,9.15,1456
53,176,2019-01-23 10:30:00,9.13,9.16,9.05,9.0577,2455
54,175,2019-01-23 11:00:00,9.05,9.05,9.05,9.05,200
55,174,2019-01-23 11:30:00,9.1499,9.1499,9.1499,9.1499,119
56,173,2019-01-23 13:00:00,9.1496,9.1496,9.1496,9.1496,101
57,172,2019-01-23 13:30:00,9.13,9.13,9.13,9.13,100
58,171,2019-01-23 14:30:00,9.05,9.05,9.05,9.05,800
59,170,2019-01-23 15:00:00,9.08,9.08,9.08,9.08,100
60,169,2019-01-23 15:30:00,9.05,9.05,9.05,9.05,300
61,168,2019-01-23 16:00:00,9.07,9.12,9.05,9.12,1488
62,167,2019-01-24 10:00:00,9.2,9.2,9.2,9.2,512
63,166,2019-01-24 12:30:00,9.5237,9.5237,9.3553,9.3553,738
64,165,2019-01-24 14:00:00,9.3,9.35,9.3,9.35,450
65,164,2019-01-24 14:30:00,9.3,9.3,9.3,9.3,100
66,163,2019-01-24 15:00:00,9.3966,9.3966,9.3966,9.3966,1000
67,162,2019-01-24 15:30:00,9.3882,9.3882,9.3882,9.3882,120
68,161,2019-01-24 16:00:00,9.29,9.3365,9.29,9.3365,202
69,160,2019-01-25 10:30:00,9.6304,9.82,9.51,9.81,1352
70,159,2019-01-25 11:00:00,9.8,9.8,9.6,9.6,801
71,158,2019-01-25 12:00:00,9.63,9.63,9.5,9.5,220
72,157,2019-01-25 12:30:00,9.63,9.63,9.44,9.44,700
73,156,2019-01-25 13:00:00,9.44,9.44,9.41,9.41,200
74,155,2019-01-25 13:30:00,9.41,9.41,9.32,9.32,277
75,154,2019-01-25 14:00:00,9.34,9.39,9.27,9.29,3300
76,153,2019-01-25 14:30:00,9.29,9.35,9.29,9.35,600
77,152,2019-01-25 15:00:00,9.35,9.4,9.34,9.4,1250
78,151,2019-01-25 15:30:00,9.43,9.43,9.2,9.2,674
79,150,2019-01-25 16:00:00,9.22,9.4175,9.2,9.4175,630
80,149,2019-01-28 07:30:00,10.0,10.0,10.0,10.0,180
81,148,2019-01-28 08:30:00,10.05,10.05,10.01,10.01,2000
82,147,2019-01-28 10:00:00,10.0,11.3,10.0,10.9599,24889
83,146,2019-01-28 10:30:00,10.9,10.999,10.66,10.95,10814
84,145,2019-01-28 11:00:00,11.27,11.27,11.0,11.1697,4742
85,144,2019-01-28 11:30:00,10.98,11.11,10.98,11.11,4620
86,143,2019-01-28 12:00:00,11.11,11.1465,10.97,11.06,2777
87,142,2019-01-28 12:30:00,11.06,11.07,11.0279,11.05,3215
88,141,2019-01-28 13:00:00,11.075,11.12,10.7101,11.0,7335
89,140,2019-01-28 14:00:00,10.9999,10.9999,10.74,10.9412,2763
90,139,2019-01-28 14:30:00,10.9,10.9895,10.784,10.88,2474
91,138,2019-01-28 15:00:00,10.895999999999999,10.97,10.8,10.8,5972
92,137,2019-01-28 15:30:00,10.915999999999999,10.953,10.8,10.8,1734
93,136,2019-01-28 16:00:00,10.88,10.9476,10.81,10.81,4860
94,135,2019-01-29 10:00:00,11.03,11.1,10.9,11.1,15287
95,134,2019-01-29 10:30:00,11.14,11.3751,11.07,11.11,7070
96,133,2019-01-29 11:00:00,11.15,11.171,11.07,11.07,2839
97,132,2019-01-29 11:30:00,11.2482,11.2482,11.05,11.05,3346
98,131,2019-01-29 12:00:00,11.07,11.0799,10.95,10.97,5587
99,130,2019-01-29 12:30:00,10.96,11.050999999999998,10.96,10.97,1556
100,129,2019-01-29 13:00:00,10.95,10.98,10.95,10.95,3598
101,128,2019-01-29 13:30:00,10.95,11.0999,10.95,10.95,9193
102,127,2019-01-29 14:00:00,10.95,11.04,10.95,10.95,3423
103,126,2019-01-29 14:30:00,10.95,10.95,10.95,10.95,915
104,125,2019-01-29 15:00:00,10.95,11.0171,10.95,10.95,3999
105,124,2019-01-29 15:30:00,10.9952,10.9952,10.9952,10.9952,105
106,123,2019-01-29 16:00:00,10.96,11.04,10.95,10.95,486
107,122,2019-01-30 10:00:00,11.14,11.3913,11.0,11.0,14870
108,121,2019-01-30 10:30:00,10.87,10.95,10.87,10.95,1502
109,120,2019-01-30 11:00:00,10.92,10.92,10.9,10.92,700
110,119,2019-01-30 11:30:00,10.845,10.9893,10.8163,10.98,4791
111,118,2019-01-30 12:00:00,10.9495,10.9495,10.925,10.9488,1688
112,117,2019-01-30 12:30:00,10.93,10.93,10.8,10.8,1300
113,116,2019-01-30 13:00:00,10.8923,10.93,10.87,10.8802,1400
114,115,2019-01-30 13:30:00,10.94,10.995999999999999,10.94,10.995999999999999,2010
115,114,2019-01-30 14:00:00,11.04,11.05,10.81,10.815,600
116,113,2019-01-30 14:30:00,10.9195,10.93,10.83,10.885,2892
117,112,2019-01-30 15:00:00,11.03,11.03,10.8349,10.84,915
118,111,2019-01-30 15:30:00,10.84,10.95,10.83,10.83,2200
119,110,2019-01-30 16:00:00,10.84,10.9,10.8,10.8,3759
120,109,2019-01-31 10:00:00,10.82,10.9899,10.52,10.6939,8020
121,108,2019-01-31 10:30:00,10.7,10.9899,10.7,10.75,1875
122,107,2019-01-31 11:00:00,10.73,10.8224,10.72,10.79,2077
123,106,2019-01-31 11:30:00,10.8,10.9763,10.75,10.75,2310
124,105,2019-01-31 12:00:00,10.93,10.9899,10.75,10.75,2780
125,104,2019-01-31 12:30:00,10.65,10.795,10.56,10.56,1805
126,103,2019-01-31 13:00:00,10.8735,10.89,10.52,10.53,2722
127,102,2019-01-31 13:30:00,10.52,10.9399,10.52,10.725,1475
128,101,2019-01-31 14:00:00,10.8207,10.8207,10.51,10.51,1180
129,100,2019-01-31 14:30:00,10.51,10.777999999999999,10.51,10.6,1405
130,99,2019-01-31 15:00:00,10.6,10.8951,10.51,10.58,3441
131,98,2019-01-31 15:30:00,10.603,10.603,10.603,10.603,100
132,97,2019-01-31 16:00:00,10.8505,10.9,10.56,10.727,1698
133,96,2019-02-01 10:00:00,10.88,10.97,10.88,10.9359,5503
134,95,2019-02-01 10:30:00,10.85,10.85,10.73,10.745,6662
135,94,2019-02-01 11:00:00,10.75,10.75,10.74,10.74,3029
136,93,2019-02-01 11:30:00,10.745,10.76,10.74,10.76,1200
137,92,2019-02-01 12:00:00,10.7704,10.8777,10.7522,10.87,3900
138,91,2019-02-01 13:00:00,10.8749,11.0,10.8749,10.895,2400
139,90,2019-02-01 13:30:00,10.9678,10.9678,10.844000000000001,10.844000000000001,477
140,89,2019-02-01 14:00:00,10.9,10.9318,10.9,10.9196,900
141,88,2019-02-01 14:30:00,10.8569,10.98,10.8569,10.93,712
142,87,2019-02-01 15:00:00,10.9142,10.9142,10.9142,10.9142,100
143,86,2019-02-01 16:00:00,10.8704,10.8704,10.74,10.8,620
144,85,2019-02-04 10:00:00,11.0,11.0,10.89,10.9355,5284
145,84,2019-02-04 10:30:00,10.97,10.99,10.9,10.94,1316
146,83,2019-02-04 11:00:00,10.9,10.95,10.9,10.95,3478
147,82,2019-02-04 11:30:00,10.9,10.95,10.9,10.95,1808
148,81,2019-02-04 12:00:00,10.905,11.0,10.9,10.91,1469
149,80,2019-02-04 12:30:00,10.95,10.99,10.91,10.95,3399
150,79,2019-02-04 13:00:00,10.92,10.99,10.92,10.95,1960
151,78,2019-02-04 13:30:00,10.95,10.9598,10.92,10.92,2600
152,77,2019-02-04 14:00:00,10.92,11.0,10.9,10.91,4069
153,76,2019-02-04 14:30:00,10.905,10.94,10.86,10.86,4108
154,75,2019-02-04 15:00:00,10.89,10.89,10.755,10.7751,2135
155,74,2019-02-04 15:30:00,10.75,10.85,10.75,10.755,1600
156,73,2019-02-04 16:00:00,10.75,10.96,10.75,10.77,1606
157,72,2019-02-05 10:00:00,11.1,11.1676,10.79,10.86,2512
158,71,2019-02-05 10:30:00,10.88,10.9311,10.88,10.9311,350
159,70,2019-02-05 11:00:00,10.9356,10.9356,10.85,10.86,700
160,69,2019-02-05 11:30:00,10.85,10.99,10.85,10.892000000000001,3100
161,68,2019-02-05 12:00:00,10.99,10.99,10.925,10.925,3445
162,67,2019-02-05 12:30:00,10.91,10.91,10.91,10.91,100
163,66,2019-02-05 13:00:00,10.905,10.905,10.905,10.905,200
164,65,2019-02-05 13:30:00,10.97,10.99,10.95,10.95,525
165,64,2019-02-05 14:00:00,10.91,10.99,10.895,10.895,1880
166,63,2019-02-05 14:30:00,10.93,10.99,10.9,10.95,3099
167,62,2019-02-05 15:00:00,10.94,10.94,10.89,10.89,900
168,61,2019-02-05 15:30:00,10.885,10.915,10.885,10.915,1450
169,60,2019-02-05 16:00:00,10.88,10.9,10.85,10.85,1437
170,59,2019-02-06 10:00:00,10.85,10.86,10.85,10.86,300
171,58,2019-02-06 10:30:00,10.86,10.9573,10.86,10.86,802
172,57,2019-02-06 11:00:00,10.86,11.1669,10.86,10.86,1091
173,56,2019-02-06 11:30:00,10.86,11.0138,10.86,10.86,2000
174,55,2019-02-06 12:00:00,10.86,10.87,10.86,10.86,763
175,54,2019-02-06 12:30:00,10.86,10.91,10.86,10.86,600
176,53,2019-02-06 13:00:00,10.86,10.92,10.86,10.86,2600
177,52,2019-02-06 13:30:00,10.9,10.9,10.82,10.82,1513
178,51,2019-02-06 14:00:00,10.82,10.84,10.82,10.84,700
179,50,2019-02-06 14:30:00,10.84,10.85,10.84,10.85,500
180,49,2019-02-06 15:00:00,10.85,11.0,10.78,10.78,3100
181,48,2019-02-06 16:00:00,10.82,10.89,10.78,10.78,5843
182,47,2019-02-07 10:00:00,10.76,10.95,10.76,10.76,1702
183,46,2019-02-07 10:30:00,10.76,10.935,10.76,10.76,1597
184,45,2019-02-07 11:00:00,10.76,10.93,10.76,10.76,944
185,44,2019-02-07 11:30:00,10.76,11.19,10.76,10.93,1971
186,43,2019-02-07 12:00:00,10.93,11.175,10.93,10.93,3583
187,42,2019-02-07 12:30:00,11.0,11.0,10.93,10.99,1468
188,41,2019-02-07 13:00:00,10.93,10.955,10.93,10.93,1613
189,40,2019-02-07 13:30:00,10.93,10.99,10.9,10.9,1564
190,39,2019-02-07 14:00:00,10.9,10.9,10.77,10.77,977
191,38,2019-02-07 14:30:00,10.77,10.94,10.77,10.77,1537
192,37,2019-02-07 15:00:00,10.77,10.92,10.77,10.78,1029
193,36,2019-02-07 15:30:00,10.91,10.91,10.8681,10.9,674
194,35,2019-02-07 16:00:00,10.79,10.8,10.73,10.73,1247
195,34,2019-02-08 10:00:00,10.9266,10.9266,10.73,10.78,900
196,33,2019-02-08 10:30:00,10.78,10.78,10.78,10.78,100
197,32,2019-02-08 11:00:00,10.815999999999999,10.815999999999999,10.75,10.75,2008
198,31,2019-02-08 11:30:00,10.75,10.75,10.75,10.75,550
199,30,2019-02-08 12:00:00,10.75,10.75,10.75,10.75,103
200,29,2019-02-08 12:30:00,10.75,10.7697,10.73,10.762,1603
201,28,2019-02-08 13:00:00,10.72,10.72,10.71,10.71,428
202,27,2019-02-08 13:30:00,10.66,10.692,10.2,10.26,8876
203,26,2019-02-08 14:00:00,10.1003,10.4562,10.1003,10.4562,492
204,25,2019-02-08 14:30:00,10.2501,10.4,10.2501,10.3916,1047
205,24,2019-02-08 15:30:00,10.6183,10.6183,10.48,10.5,2091
206,23,2019-02-08 16:00:00,10.5507,10.64,10.51,10.6,1551
207,22,2019-02-11 10:00:00,10.57,10.75,10.42,10.5975,9263
208,21,2019-02-11 10:30:00,10.5902,10.6049,10.45,10.51,4339
209,20,2019-02-11 11:30:00,10.56,10.7766,10.56,10.7,8207
210,19,2019-02-11 12:30:00,10.7,10.72,10.7,10.7001,1773
211,18,2019-02-11 13:00:00,10.76,10.82,10.75,10.75,1865
212,17,2019-02-11 13:30:00,10.76,10.76,10.74,10.74,1105
213,16,2019-02-11 14:00:00,10.790999999999999,10.8058,10.72,10.8058,619
214,15,2019-02-11 14:30:00,10.8,10.8575,10.8,10.8575,925
215,14,2019-02-11 16:00:00,10.7,10.72,10.7,10.7,939
216,13,2019-02-12 10:00:00,10.72,10.99,10.72,10.96,1849
217,12,2019-02-12 10:30:00,10.96,10.9868,10.775,10.805,5160
218,11,2019-02-12 11:00:00,10.9,10.9,10.66,10.66,400
219,10,2019-02-12 11:30:00,10.8679,10.8679,10.805,10.805,1973
220,9,2019-02-12 12:00:00,10.838,10.849,10.78,10.7827,1030
221,8,2019-02-12 12:30:00,10.8178,10.8178,10.8178,10.8178,300
222,7,2019-02-12 13:00:00,10.83,10.97,10.8142,10.82,7531
223,6,2019-02-12 13:30:00,10.82,10.87,10.8,10.87,3300
224,5,2019-02-12 14:00:00,10.82,10.905,10.808,10.87,2600
225,4,2019-02-12 14:30:00,10.87,10.89,10.82,10.83,2963
226,3,2019-02-12 15:00:00,10.85,10.9,10.85,10.9,1000
227,2,2019-02-12 15:30:00,10.87,10.87,10.84,10.85,1365
228,1,2019-02-12 16:00:00,10.84,10.9499,10.84,10.85,5915
229,0,2019-02-12 17:00:00,11.25,11.25,11.25,11.25,1200
230,234,2019-02-13 08:00:00,11.25,11.25,11.25,11.25,200
231,233,2019-02-13 08:30:00,11.25,11.25,11.25,11.25,400
232,232,2019-02-13 09:30:00,11.25,11.25,11.25,11.25,524
233,231,2019-02-13 10:00:00,11.29,11.3453,11.0,11.25,26416
234,230,2019-02-13 10:30:00,11.25,11.31,11.12,11.12,5364
235,229,2019-02-13 11:00:00,11.19,11.2376,11.1501,11.1549,15202
236,228,2019-02-13 11:30:00,11.25,11.5,11.24,11.35,32874
237,227,2019-02-13 12:00:00,11.3505,11.4,11.32,11.32,11889
238,226,2019-02-13 12:30:00,11.3139,11.3515,11.3139,11.3515,1055
239,225,2019-02-13 13:00:00,11.3492,11.4,11.3186,11.3807,1407
240,224,2019-02-13 13:30:00,11.4,11.4,11.25,11.25,7530
241,223,2019-02-13 14:00:00,11.2,11.3984,11.2,11.24,4449
242,222,2019-02-13 14:30:00,11.3438,11.3438,11.13,11.13,3313
243,221,2019-02-13 15:00:00,11.17,11.4,11.06,11.06,7296
244,220,2019-02-13 15:30:00,11.06,11.367,11.0,11.005,3389
245,219,2019-02-13 16:00:00,11.005,11.25,10.95,10.95,14003
246,218,2019-02-14 10:00:00,10.95,11.16,10.95,11.0,1995
247,217,2019-02-14 10:30:00,11.0,11.0,10.9968,11.0,2881
248,216,2019-02-14 11:00:00,11.0,11.0,10.9,10.9,2911
249,215,2019-02-14 12:00:00,10.92,10.92,10.92,10.92,189
250,214,2019-02-14 12:30:00,10.97,11.0,10.8701,10.8701,1980
251,213,2019-02-14 13:30:00,10.935,10.935,10.87,10.87,3100
252,212,2019-02-14 14:00:00,10.9278,10.9278,10.87,10.87,905
253,211,2019-02-14 14:30:00,10.902000000000001,10.902000000000001,10.87,10.87,405
254,210,2019-02-14 15:00:00,10.89,10.9999,10.87,10.95,8285
255,209,2019-02-14 15:30:00,10.92,10.965,10.9,10.965,2400
256,208,2019-02-14 16:00:00,10.985,10.985,10.87,10.87,911
257,207,2019-02-15 10:00:00,10.96,10.96,10.96,10.96,200
258,206,2019-02-15 10:30:00,10.99,11.0,10.9702,11.0,1000
259,205,2019-02-15 11:00:00,10.94,10.95,10.9201,10.9201,1503
260,204,2019-02-15 11:30:00,10.9401,11.01,10.9401,10.9915,3852
261,203,2019-02-15 12:00:00,11.0,11.0,10.9915,11.0,4010
262,202,2019-02-15 12:30:00,11.0,11.03,10.9945,11.03,761
263,201,2019-02-15 13:00:00,11.025,11.04,11.0,11.0,505
264,200,2019-02-15 13:30:00,11.03,11.05,11.03,11.05,1450
265,199,2019-02-15 14:00:00,11.055,11.08,11.0,11.02,2387
266,198,2019-02-15 14:30:00,11.0,11.07,11.0,11.07,2100
267,197,2019-02-15 15:00:00,11.04,11.055,11.03,11.03,400
268,196,2019-02-15 15:30:00,11.04,11.04,11.01,11.01,800
269,195,2019-02-15 16:00:00,11.03,11.08,10.92,11.0,7081
270,194,2019-02-19 10:00:00,11.17,11.17,11.0952,11.1059,4434
271,193,2019-02-19 10:30:00,11.0911,11.1499,11.07,11.0969,1400
272,192,2019-02-19 11:00:00,11.07,11.075,11.0,11.01,6500
273,191,2019-02-19 11:30:00,11.105,11.15,11.06,11.15,2652
274,190,2019-02-19 12:00:00,11.105,11.136,11.06,11.07,10409
275,189,2019-02-19 12:30:00,11.0949,11.0949,11.01,11.01,500
276,188,2019-02-19 13:00:00,11.08,11.08,11.0,11.0,800
277,187,2019-02-19 13:30:00,11.08,11.085,11.01,11.085,800
278,186,2019-02-19 14:00:00,11.05,11.05,11.04,11.04,500
279,185,2019-02-19 14:30:00,11.035,11.07,11.035,11.04,2000
280,184,2019-02-19 15:00:00,11.045,11.07,11.01,11.01,1149
281,183,2019-02-19 15:30:00,11.05,11.05,11.0466,11.05,1800
282,182,2019-02-19 16:00:00,11.05,11.05,11.035,11.035,1226
283,181,2019-02-20 10:00:00,11.17,11.17,11.0,11.0,7826
284,180,2019-02-20 10:30:00,10.9835,10.99,10.97,10.99,600
285,179,2019-02-20 11:00:00,11.0,11.03,10.9455,11.03,700
286,178,2019-02-20 11:30:00,11.0,11.0,10.999,10.999,550
287,177,2019-02-20 12:00:00,10.975999999999999,11.0,10.975999999999999,10.995,2064
288,176,2019-02-20 12:30:00,10.99,10.99,10.99,10.99,460
289,175,2019-02-20 14:30:00,10.9671,10.9671,10.9671,10.9671,1120
290,174,2019-02-20 15:00:00,10.97,11.0,10.96,11.0,9621
291,173,2019-02-20 15:30:00,10.9796,10.99,10.9796,10.9824,407
292,172,2019-02-20 16:00:00,10.99,10.99,10.96,10.96,1133
293,171,2019-02-21 10:00:00,11.025,11.025,11.025,11.025,100
294,170,2019-02-21 10:30:00,11.02,11.02,10.757,10.757,2677
295,169,2019-02-21 11:00:00,10.77,10.822000000000001,10.77,10.822000000000001,200
296,168,2019-02-21 11:30:00,10.883,10.9,10.88,10.9,943
297,167,2019-02-21 12:00:00,11.0,11.1,10.99,11.1,1151
298,166,2019-02-21 12:30:00,11.08,11.08,11.0,11.06,1310
299,165,2019-02-21 13:00:00,11.01,11.06,10.85,11.0,910
300,164,2019-02-21 13:30:00,11.0,11.08,11.0,11.07,1207
301,163,2019-02-21 14:00:00,11.0,11.1,10.99,11.04,1999
302,162,2019-02-21 14:30:00,10.99,11.07,10.832,11.0,1922
303,161,2019-02-21 15:00:00,11.01,11.08,11.0,11.07,3038
304,160,2019-02-21 15:30:00,11.0,11.04,10.98,11.03,5020
305,159,2019-02-21 16:00:00,10.99,11.1,10.92,10.98,5548
306,158,2019-02-22 10:00:00,11.0,11.0,11.0,11.0,394
307,157,2019-02-22 10:30:00,11.0,11.17,11.0,11.01,2572
308,156,2019-02-22 11:00:00,11.0,11.02,11.0,11.01,1063
309,155,2019-02-22 11:30:00,11.02,11.02,11.0,11.02,1800
310,154,2019-02-22 12:00:00,11.0,11.0,11.0,11.0,500
311,153,2019-02-22 13:00:00,11.1223,11.1223,11.0,11.0,3430
312,152,2019-02-22 13:30:00,10.96,11.1244,10.96,11.1244,350
313,151,2019-02-22 14:00:00,11.0,11.0,10.98,10.99,1136
314,150,2019-02-22 14:30:00,10.9784,10.9809,10.9784,10.9809,400
315,149,2019-02-22 16:00:00,11.0,11.05,11.0,11.0,7551
316,148,2019-02-25 10:00:00,10.95,10.95,10.8701,10.8701,4676
317,147,2019-02-25 10:30:00,11.1642,11.1642,11.04,11.04,200
318,146,2019-02-25 11:00:00,10.99,10.99,10.99,10.99,100
319,145,2019-02-25 11:30:00,10.99,11.055,10.99,11.0,1368
320,144,2019-02-25 12:00:00,11.1365,11.1365,11.0696,11.0696,440
321,143,2019-02-25 12:30:00,11.02,11.02,11.02,11.02,100
322,142,2019-02-25 13:00:00,11.02,11.08,10.9545,10.9545,3650
323,141,2019-02-25 13:30:00,10.95,10.96,10.95,10.96,314
324,140,2019-02-25 14:00:00,10.96,11.0,10.95,11.0,3136
325,139,2019-02-25 14:30:00,11.0,11.05,10.98,11.0,2600
326,138,2019-02-25 15:00:00,11.0,11.0,11.0,11.0,100
327,137,2019-02-25 16:00:00,11.0,11.03,10.9779,10.98,1806
328,136,2019-02-25 16:30:00,11.0,11.0,11.0,11.0,1013
329,135,2019-02-26 10:00:00,10.97,11.02,10.7501,10.8,3836
330,134,2019-02-26 10:30:00,10.8744,10.95,10.8161,10.95,700
331,133,2019-02-26 11:00:00,10.88,11.05,10.88,10.9344,1125
332,132,2019-02-26 11:30:00,10.8901,11.05,10.8901,11.05,334
333,131,2019-02-26 12:30:00,11.0,11.0,11.0,11.0,309
334,130,2019-02-26 13:00:00,11.0,11.0,10.95,10.9697,824
335,129,2019-02-26 13:30:00,11.0045,11.19,11.0045,11.1328,4468
336,128,2019-02-26 14:00:00,11.19,11.62,11.18,11.25,12054
337,127,2019-02-26 14:30:00,11.25,11.25,11.09,11.09,2180
338,126,2019-02-26 15:00:00,11.05,11.05,10.97,11.0,2109
339,125,2019-02-26 15:30:00,11.18,11.18,11.18,11.18,150
340,124,2019-02-26 16:00:00,11.1278,11.195,11.055,11.055,3265
341,123,2019-02-27 11:30:00,10.9301,10.9301,10.9301,10.9301,302
342,122,2019-02-27 12:30:00,11.06,11.08,11.0055,11.075,1068
343,121,2019-02-27 13:30:00,10.92,11.05,10.92,10.972999999999999,1322
344,120,2019-02-27 14:00:00,10.87,11.0499,10.87,11.0499,600
345,119,2019-02-27 14:30:00,10.8201,10.8201,10.8201,10.8201,402
346,118,2019-02-27 15:00:00,10.99,10.99,10.99,10.99,154
347,117,2019-02-27 15:30:00,11.0,11.0,11.0,11.0,1136
348,116,2019-02-27 16:00:00,11.0,11.0262,10.815,10.815,1740
349,115,2019-02-28 10:00:00,11.07,11.25,10.9947,10.9947,3654
350,114,2019-02-28 11:30:00,11.05,11.05,11.04,11.04,200
351,113,2019-02-28 12:00:00,10.98,10.995,10.98,10.99,1054
352,112,2019-02-28 12:30:00,10.9732,10.99,10.9732,10.99,430
353,111,2019-02-28 13:00:00,10.974,11.0,10.974,10.99,1600
354,110,2019-02-28 14:30:00,11.0,11.05,10.985,11.0315,3568
355,109,2019-02-28 15:00:00,11.0425,11.05,11.035,11.035,1700
356,108,2019-02-28 15:30:00,11.02,11.045,11.02,11.045,1020
357,107,2019-02-28 16:00:00,11.0485,11.0485,10.9712,11.0,4074
358,106,2019-03-01 10:00:00,10.99,11.0999,10.86,11.08,4340
359,105,2019-03-01 10:30:00,10.9882,10.9882,10.9882,10.9882,5000
360,104,2019-03-01 11:00:00,11.04,11.045,10.9851,11.045,3202
361,103,2019-03-01 11:30:00,11.0626,11.095,11.0,11.0,3483
362,102,2019-03-01 12:30:00,10.935,10.935,10.935,10.935,100
363,101,2019-03-01 14:00:00,11.0027,11.0699,11.0,11.0206,3851
364,100,2019-03-01 14:30:00,11.0,11.0,11.0,11.0,201
365,99,2019-03-01 15:00:00,10.98,11.0427,10.98,11.0276,4614
366,98,2019-03-01 15:30:00,11.0207,11.045,11.0,11.045,1301
367,97,2019-03-01 16:00:00,11.02,11.1,10.98,11.005,7986
368,96,2019-03-04 10:00:00,11.3,11.3,11.0,11.0,1302
369,95,2019-03-04 10:30:00,11.0,11.1809,10.9693,11.045,992
370,94,2019-03-04 11:00:00,11.2479,11.2479,11.04,11.055,2861
371,93,2019-03-04 11:30:00,11.08,11.1153,11.02,11.02,1823
372,92,2019-03-04 12:00:00,11.0751,11.095,10.95,10.95,5246
373,91,2019-03-04 12:30:00,10.97,11.2156,10.9,11.0,2600
374,90,2019-03-04 13:00:00,10.98,11.24,10.98,11.075,5302
375,89,2019-03-04 13:30:00,11.12,11.2499,10.9457,11.1201,6745
376,88,2019-03-04 14:00:00,11.01,11.0955,11.01,11.01,1610
377,87,2019-03-04 14:30:00,11.01,11.01,10.93,10.93,753
378,86,2019-03-04 15:00:00,10.98,10.99,10.98,10.99,600
379,85,2019-03-04 15:30:00,11.0,11.01,10.9357,10.9357,3225
380,84,2019-03-04 16:00:00,10.96,11.13,10.958,10.958,1332
381,83,2019-03-05 09:00:00,11.0,11.0,11.0,11.0,3000
382,82,2019-03-05 10:00:00,11.005,11.1956,10.899000000000001,11.106,5957
383,81,2019-03-05 10:30:00,11.25,11.25,10.9038,10.9544,4282
384,80,2019-03-05 11:00:00,11.065,11.065,11.065,11.065,200
385,79,2019-03-05 11:30:00,10.9424,11.24,10.9424,11.0,2548
386,78,2019-03-05 12:00:00,11.0,11.0,10.96,10.96,723
387,77,2019-03-05 12:30:00,10.9616,11.0,10.9616,11.0,1105
388,76,2019-03-05 13:00:00,11.0,11.0,10.96,10.97,1010
389,75,2019-03-05 13:30:00,10.97,10.97,10.97,10.97,755
390,74,2019-03-05 14:00:00,11.0,11.0,11.0,11.0,1000
391,73,2019-03-05 15:00:00,11.19,11.19,11.0,11.0,227
392,72,2019-03-05 16:00:00,10.9847,11.105,10.93,10.93,2978
393,71,2019-03-06 11:30:00,10.975,10.975,10.975,10.975,250
394,70,2019-03-06 12:00:00,10.99,10.99,10.99,10.99,100
395,69,2019-03-06 13:00:00,10.9513,10.97,10.92,10.92,2180
396,68,2019-03-06 13:30:00,10.9001,10.9272,10.9,10.9,900
397,67,2019-03-06 15:00:00,10.98,10.98,10.98,10.98,100
398,66,2019-03-06 16:00:00,10.96,11.04,10.945,11.04,1261
399,65,2019-03-07 10:00:00,11.11,11.1852,11.0048,11.0528,951
400,64,2019-03-07 10:30:00,11.0484,11.0484,11.0484,11.0484,489
401,63,2019-03-07 11:00:00,10.975,10.975,10.975,10.975,250
402,62,2019-03-07 11:30:00,10.995,10.995,10.97,10.9782,1853
403,61,2019-03-07 12:00:00,10.98,10.98,10.98,10.98,100
404,60,2019-03-07 12:30:00,10.95,10.95,10.8155,10.888,3010
405,59,2019-03-07 13:00:00,10.89,10.89,10.89,10.89,500
406,58,2019-03-07 14:00:00,10.85,10.863,10.8368,10.8368,1836
407,57,2019-03-07 14:30:00,10.825999999999999,10.825999999999999,10.825999999999999,10.825999999999999,930
408,56,2019-03-07 15:00:00,10.86,10.86,10.86,10.86,100
409,55,2019-03-07 15:30:00,10.85,10.88,10.85,10.85,1030
410,54,2019-03-07 16:00:00,10.86,10.88,10.82,10.82,614
411,53,2019-03-08 11:00:00,10.925,10.925,10.925,10.925,100
412,52,2019-03-08 12:00:00,10.8617,10.8617,10.8617,10.8617,400
413,51,2019-03-08 13:00:00,10.8775,10.8775,10.81,10.8105,3630
414,50,2019-03-08 13:30:00,10.75,10.75,10.6845,10.7365,4700
415,49,2019-03-08 14:00:00,10.7,10.7,10.7,10.7,100
416,48,2019-03-08 14:30:00,10.7,10.7,10.65,10.65,924
417,47,2019-03-08 15:00:00,10.72,10.72,10.72,10.72,200
418,46,2019-03-08 15:30:00,10.61,10.6429,10.6,10.6429,461
419,45,2019-03-08 16:00:00,10.59,10.59,10.3113,10.45,3431
420,44,2019-03-11 10:00:00,10.45,10.55,10.45,10.55,2546
421,43,2019-03-11 11:00:00,10.5463,10.57,10.5463,10.57,400
422,42,2019-03-11 11:30:00,10.57,10.58,10.57,10.58,303
423,41,2019-03-11 12:00:00,10.5851,10.59,10.57,10.59,1727
424,40,2019-03-11 12:30:00,10.5795,10.5795,10.5467,10.5467,700
425,39,2019-03-11 13:00:00,10.58,10.59,10.5799,10.59,1300
426,38,2019-03-11 13:30:00,10.58,10.58,10.5635,10.5635,350
427,37,2019-03-11 14:00:00,10.59,10.59,10.59,10.59,300
428,36,2019-03-11 14:30:00,10.59,10.59,10.5662,10.5662,1000
429,35,2019-03-11 15:00:00,10.5374,10.5584,10.5374,10.5584,895
430,34,2019-03-11 16:00:00,10.59,10.59,10.5,10.5,1672
431,33,2019-03-12 10:00:00,10.79,10.9974,10.73,10.7767,5756
432,32,2019-03-12 10:30:00,10.89,10.89,10.845,10.845,695
433,31,2019-03-12 11:00:00,10.84,10.96,10.825,10.85,5040
434,30,2019-03-12 12:00:00,10.8775,10.9,10.875,10.88,1800
435,29,2019-03-12 12:30:00,10.9,10.9,10.9,10.9,200
436,28,2019-03-12 13:00:00,10.9481,10.97,10.9198,10.97,950
437,27,2019-03-12 13:30:00,10.97,10.97,10.97,10.97,1300
438,26,2019-03-12 14:00:00,10.9292,11.0,10.9292,10.999,7350
439,25,2019-03-12 14:30:00,11.0,11.015,11.0,11.015,3420
440,24,2019-03-12 15:00:00,11.0,11.0,11.0,11.0,1400
441,23,2019-03-12 15:30:00,10.99,11.0,10.99,11.0,478
442,22,2019-03-12 16:00:00,10.97,11.0,10.65,10.65,8990
443,21,2019-03-13 09:30:00,10.6,10.6,10.6,10.6,250
444,20,2019-03-13 10:00:00,10.76,10.8676,10.76,10.85,760
445,19,2019-03-13 10:30:00,10.8553,11.01,10.8553,10.8802,1401
446,18,2019-03-13 11:00:00,10.9,10.98,10.9,10.95,3135
447,17,2019-03-13 12:00:00,10.964,10.964,10.9631,10.9631,1150
448,16,2019-03-13 12:30:00,10.93,10.999,10.91,10.94,1925
449,15,2019-03-13 13:00:00,10.98,10.98,10.98,10.98,100
450,14,2019-03-13 14:00:00,10.98,10.98,10.915,10.915,300
451,13,2019-03-13 15:30:00,10.99,11.0,10.95,10.99,905
452,12,2019-03-13 16:00:00,10.94,10.995,10.915,10.98,6715
453,11,2019-03-14 10:30:00,11.005,11.05,11.005,11.05,500
454,10,2019-03-14 11:00:00,10.98,11.05,10.98,11.02,404
455,9,2019-03-14 11:30:00,11.05,11.18,10.97,10.97,3606
456,8,2019-03-14 12:00:00,11.1129,11.1129,10.99,11.04,719
457,7,2019-03-14 12:30:00,10.99,11.1,10.99,11.02,1467
458,6,2019-03-14 13:00:00,11.0,11.0334,10.97,10.98,1865
459,5,2019-03-14 13:30:00,11.09,11.09,10.98,10.98,1093
460,4,2019-03-14 14:00:00,11.0,11.25,10.98,11.1238,11930
461,3,2019-03-14 14:30:00,11.01,11.0274,11.01,11.0274,409
462,2,2019-03-14 15:00:00,11.24,11.24,11.24,11.24,100
463,1,2019-03-14 15:30:00,11.23,11.24,11.23,11.24,202
464,0,2019-03-14 16:00:00,11.1338,11.52,11.1037,11.52,9062
465,225,2019-03-15 10:00:00,11.52,11.52,11.52,11.52,1437
466,224,2019-03-15 12:00:00,11.54,11.54,11.53,11.53,300
467,223,2019-03-15 13:00:00,11.575,11.575,11.47,11.48,4276
468,222,2019-03-15 13:30:00,11.46,11.4699,11.43,11.4699,1200
469,221,2019-03-15 14:00:00,11.42,11.42,11.42,11.42,100
470,220,2019-03-15 14:30:00,11.42,11.42,11.35,11.35,931
471,219,2019-03-15 15:00:00,11.46,11.46,11.46,11.46,600
472,218,2019-03-15 15:30:00,11.3915,11.3915,11.3915,11.3915,150
473,217,2019-03-15 16:00:00,11.3428,11.4,11.1,11.1,2900
474,216,2019-03-18 10:00:00,11.1,11.1152,11.1,11.1152,1471
475,215,2019-03-18 11:00:00,11.05,11.05,11.03,11.05,1421
476,214,2019-03-18 11:30:00,11.12,11.1393,11.12,11.1393,1100
477,213,2019-03-18 12:00:00,11.06,11.0901,11.06,11.0901,225
478,212,2019-03-18 13:00:00,11.11,11.1994,11.11,11.1994,200
479,211,2019-03-18 13:30:00,11.175,11.175,11.09,11.09,960
480,210,2019-03-18 14:30:00,11.106,11.106,11.05,11.05,3404
481,209,2019-03-18 15:00:00,11.15,11.15,11.105,11.105,943
482,208,2019-03-18 15:30:00,11.14,11.14,11.14,11.14,100
483,207,2019-03-18 16:00:00,11.1,11.165,11.03,11.04,6150
484,206,2019-03-19 10:00:00,11.14,11.15,11.11,11.15,1457
485,205,2019-03-19 10:30:00,11.14,11.14,11.14,11.14,100
486,204,2019-03-19 11:00:00,11.1437,11.15,11.1329,11.15,2800
487,203,2019-03-19 11:30:00,11.1351,11.1351,11.085,11.085,399
488,202,2019-03-19 12:30:00,11.1,11.15,11.1,11.15,1923
489,201,2019-03-19 13:00:00,11.1204,11.235,11.11,11.235,2298
490,200,2019-03-19 13:30:00,11.24,11.24,11.17,11.17,201
491,199,2019-03-19 14:00:00,11.1224,11.1224,11.1224,11.1224,400
492,198,2019-03-19 14:30:00,11.15,11.15,11.15,11.15,300
493,197,2019-03-19 15:00:00,11.2054,11.2054,11.2054,11.2054,1448
494,196,2019-03-19 16:00:00,11.24,11.47,11.24,11.35,1985
495,195,2019-03-20 10:00:00,11.37,11.37,11.175,11.22,2789
496,194,2019-03-20 10:30:00,11.22,11.22,11.1858,11.1893,800
497,193,2019-03-20 11:00:00,11.16,11.1675,11.16,11.1675,300
498,192,2019-03-20 11:30:00,11.13,11.16,11.1,11.1084,2182
499,191,2019-03-20 12:30:00,11.115,11.115,11.04,11.04,917
500,190,2019-03-20 13:00:00,11.05,11.215,11.0,11.215,19100
501,189,2019-03-20 14:00:00,11.33,11.33,11.28,11.28,205
502,188,2019-03-20 15:30:00,11.3,11.3,11.3,11.3,300
503,187,2019-03-20 16:00:00,11.27,11.3,11.27,11.3,809
504,186,2019-03-21 10:00:00,11.25,11.25,11.2,11.2,377
505,185,2019-03-21 10:30:00,11.04,11.21,11.04,11.21,559
506,184,2019-03-21 11:00:00,11.23,11.248,11.07,11.12,1600
507,183,2019-03-21 11:30:00,11.11,11.11,10.91,10.91,6818
508,182,2019-03-21 12:00:00,10.96,11.0417,10.96,11.0417,1100
509,181,2019-03-21 12:30:00,10.96,11.0,10.96,10.96,2361
510,180,2019-03-21 13:00:00,10.96,11.025,10.96,11.025,400
511,179,2019-03-21 13:30:00,10.95,11.075,10.95,11.0,49105
512,178,2019-03-21 14:00:00,11.0,11.03,10.97,10.97,10530
513,177,2019-03-21 14:30:00,11.0095,11.0095,10.96,10.96,400
514,176,2019-03-21 15:00:00,10.96,11.025,10.95,10.95,50400
515,175,2019-03-21 16:00:00,10.9601,11.0452,10.9601,11.0,23806
516,174,2019-03-22 10:00:00,11.0,11.1059,10.9382,11.1059,9627
517,173,2019-03-22 10:30:00,10.9101,10.9101,10.9101,10.9101,1665
518,172,2019-03-22 11:30:00,11.1512,11.1512,11.1512,11.1512,200
519,171,2019-03-22 12:00:00,10.9236,11.1075,10.9236,11.0,50903
520,170,2019-03-22 12:30:00,11.22,11.22,11.22,11.22,800
521,169,2019-03-22 13:00:00,11.07,11.07,11.07,11.07,334
522,168,2019-03-22 13:30:00,11.07,11.07,11.0,11.03,16492
523,167,2019-03-22 14:00:00,11.02,11.02,10.95,11.0,18200
524,166,2019-03-22 14:30:00,11.0,11.0,11.0,11.0,14971
525,165,2019-03-22 15:00:00,11.0,11.0,11.0,11.0,11765
526,164,2019-03-22 16:00:00,11.11,11.11,10.99,10.99,481
527,163,2019-03-25 10:00:00,11.04,11.05,11.0,11.0395,16089
528,162,2019-03-25 10:30:00,11.01,11.025,11.0,11.0,4602
529,161,2019-03-25 11:00:00,11.043,11.05,10.96,10.99,3181
530,160,2019-03-25 11:30:00,10.95,11.0,10.9,10.95,2981
531,159,2019-03-25 12:00:00,11.045,11.045,10.96,10.97,3572
532,158,2019-03-25 12:30:00,11.045,11.045,10.97,10.99,400
533,157,2019-03-25 13:00:00,10.96,10.99,10.96,10.99,300
534,156,2019-03-25 13:30:00,10.985,10.99,10.985,10.99,200
535,155,2019-03-25 14:00:00,11.0,11.0082,10.96,10.995,3877
536,154,2019-03-25 14:30:00,11.0,11.0,10.98,10.98,51002
537,153,2019-03-25 15:00:00,11.0,11.01,10.9842,11.0,2706
538,152,2019-03-25 15:30:00,11.0,11.05,11.0,11.01,35020
539,151,2019-03-25 16:00:00,11.0239,11.0239,10.95,10.95,29782
540,150,2019-03-26 10:00:00,11.02,11.05,11.0,11.0,17789
541,149,2019-03-26 10:30:00,11.04,11.05,10.9609,11.0,31735
542,148,2019-03-26 11:00:00,11.0,11.135,11.0,11.0,115242
543,147,2019-03-26 11:30:00,11.0761,11.0761,10.96,11.0699,749
544,146,2019-03-26 12:00:00,11.0287,11.0371,11.0287,11.0371,396
545,145,2019-03-26 12:30:00,11.0179,11.05,11.0179,11.05,1100
546,144,2019-03-26 13:00:00,11.07,11.07,11.0445,11.07,2141
547,143,2019-03-26 14:00:00,11.08,11.08,11.08,11.08,300
548,142,2019-03-26 15:30:00,11.07,11.08,11.0,11.0,4202
549,141,2019-03-26 16:00:00,11.06,11.06,11.06,11.06,268
550,140,2019-03-27 10:00:00,11.11,11.29,11.11,11.274000000000001,2903
551,139,2019-03-27 10:30:00,11.2862,11.37,11.23,11.37,1305
552,138,2019-03-27 11:00:00,11.29,11.29,11.29,11.29,185
553,137,2019-03-27 11:30:00,11.27,11.27,11.25,11.25,201
554,136,2019-03-27 12:00:00,11.21,11.29,11.21,11.26,3330
555,135,2019-03-27 12:30:00,11.23,11.23,11.13,11.15,503
556,134,2019-03-27 13:00:00,11.26,11.26,11.1062,11.1062,300
557,133,2019-03-27 13:30:00,11.26,11.26,11.05,11.11,2533
558,132,2019-03-27 14:00:00,11.03,11.113,11.03,11.113,1443
559,131,2019-03-27 14:30:00,11.1075,11.17,11.055,11.09,891
560,130,2019-03-27 15:00:00,11.08,11.08,11.02,11.02,1736
561,129,2019-03-27 15:30:00,11.01,11.04,10.98,10.98,3332
562,128,2019-03-27 16:00:00,11.0349,11.0349,10.98,10.98,2917
563,127,2019-03-28 10:00:00,11.07,11.1515,11.07,11.1515,603
564,126,2019-03-28 11:00:00,11.15,11.15,11.1,11.1,2220
565,125,2019-03-28 11:30:00,11.05,11.1399,11.0,11.01,1659
566,124,2019-03-28 12:00:00,11.01,11.13,10.98,10.98,1388
567,123,2019-03-28 12:30:00,10.98,11.0,10.92,10.94,47832
568,122,2019-03-28 13:00:00,10.9993,11.0,10.81,10.83,9806
569,121,2019-03-28 13:30:00,10.88,11.0,10.87,10.88,2072
570,120,2019-03-28 14:00:00,10.87,11.0,10.87,10.88,805
571,119,2019-03-28 14:30:00,10.88,10.9999,10.88,10.88,1323
572,118,2019-03-28 15:00:00,11.0,11.0,10.89,10.89,1604
573,117,2019-03-28 15:30:00,11.0,11.0,10.8713,11.0,3893
574,116,2019-03-28 16:00:00,11.0,11.0,11.0,11.0,160
575,115,2019-03-29 10:00:00,10.854000000000001,10.854000000000001,10.854000000000001,10.854000000000001,155
576,114,2019-03-29 11:00:00,10.9931,11.23,10.9931,11.23,2100
577,113,2019-03-29 11:30:00,11.2699,11.2699,11.0148,11.0148,577
578,112,2019-03-29 12:00:00,11.1,11.1,11.1,11.1,100
579,111,2019-03-29 12:30:00,11.09,11.09,11.0,11.0,606
580,110,2019-03-29 13:00:00,10.9605,11.0,10.9605,11.0,610
581,109,2019-03-29 13:30:00,11.0,11.1,10.995,11.1,2500
582,108,2019-03-29 14:00:00,11.1,11.1,11.1,11.1,772
583,107,2019-03-29 14:30:00,11.23,11.2699,11.1387,11.1387,675
584,106,2019-03-29 15:30:00,11.24,11.24,11.237,11.237,760
585,105,2019-03-29 16:00:00,11.24,11.26,11.1681,11.26,852
586,104,2019-04-01 10:00:00,11.27,11.32,11.27,11.32,1475
587,103,2019-04-01 10:30:00,11.3999,11.3999,11.3999,11.3999,200
588,102,2019-04-01 11:00:00,11.3699,11.3699,11.3699,11.3699,100
589,101,2019-04-01 11:30:00,11.32,11.3799,11.31,11.31,1193
590,100,2019-04-01 12:00:00,11.31,11.34,11.31,11.31,503
591,99,2019-04-01 12:30:00,11.3692,11.3692,11.3692,11.3692,100
592,98,2019-04-01 13:00:00,11.31,11.31,11.21,11.21,2315
593,97,2019-04-01 13:30:00,11.35,11.35,11.35,11.35,200
594,96,2019-04-01 14:30:00,11.3399,11.34,11.2778,11.28,4218
595,95,2019-04-01 15:00:00,11.34,11.34,11.29,11.29,1405
596,94,2019-04-01 16:00:00,11.37,11.39,11.29,11.39,1047
597,93,2019-04-02 10:00:00,11.3,11.4,11.2797,11.2797,1669
598,92,2019-04-02 11:30:00,11.3799,11.3799,11.37,11.37,489
599,91,2019-04-02 12:00:00,11.38,11.38,11.38,11.38,100
600,90,2019-04-02 12:30:00,11.3801,11.39,11.3801,11.39,340
601,89,2019-04-02 13:00:00,11.4,11.4,11.4,11.4,285
602,88,2019-04-02 13:30:00,11.42,11.64,11.42,11.64,660
603,87,2019-04-02 14:00:00,11.4557,11.4557,11.4557,11.4557,100
604,86,2019-04-02 14:30:00,11.6799,11.6799,11.6799,11.6799,372
605,85,2019-04-02 15:00:00,11.5093,11.6699,11.5093,11.6699,900
606,84,2019-04-02 15:30:00,11.65,11.66,11.65,11.66,321
607,83,2019-04-02 16:00:00,11.647,11.647,11.5296,11.5296,982
608,82,2019-04-03 10:00:00,11.632,11.632,11.47,11.49,400
609,81,2019-04-03 10:30:00,11.45,11.69,11.43,11.46,1002
610,80,2019-04-03 11:00:00,11.48,11.48,11.32,11.32,410
611,79,2019-04-03 11:30:00,11.32,11.6499,11.32,11.42,809
612,78,2019-04-03 12:00:00,11.4,11.63,11.4,11.44,1200
613,77,2019-04-03 12:30:00,11.65,11.65,11.65,11.65,100
614,76,2019-04-03 13:00:00,11.6,11.65,11.6,11.64,1320
615,75,2019-04-03 13:30:00,11.63,11.64,11.63,11.64,500
616,74,2019-04-03 14:00:00,11.57,11.57,11.57,11.57,120
617,73,2019-04-03 14:30:00,11.6999,11.7,11.65,11.7,2040
618,72,2019-04-03 15:30:00,11.74,11.75,11.74,11.75,220
619,71,2019-04-03 16:00:00,11.75,11.75,11.7,11.71,1376
620,70,2019-04-04 10:30:00,11.7653,11.7653,11.7653,11.7653,350
621,69,2019-04-04 11:30:00,11.8,11.8,11.8,11.8,1203
622,68,2019-04-04 12:00:00,11.65,11.65,11.61,11.61,800
623,67,2019-04-04 12:30:00,11.59,11.59,11.59,11.59,737
624,66,2019-04-04 13:00:00,11.59,11.59,11.53,11.53,835
625,65,2019-04-04 13:30:00,11.68,11.68,11.58,11.6011,602
626,64,2019-04-04 14:30:00,11.7499,11.7499,11.71,11.71,388
627,63,2019-04-04 15:00:00,11.62,11.6781,11.501,11.501,4460
628,62,2019-04-04 16:00:00,11.71,11.71,11.53,11.53,297
629,61,2019-04-05 10:00:00,11.51,11.51,11.3364,11.3364,1207
630,60,2019-04-05 10:30:00,11.5,11.5,11.49,11.49,200
631,59,2019-04-05 11:00:00,11.39,11.39,11.39,11.39,100
632,58,2019-04-05 12:00:00,11.39,11.39,11.39,11.39,100
633,57,2019-04-05 12:30:00,11.46,11.49,11.46,11.49,300
634,56,2019-04-05 13:00:00,11.5953,11.5953,11.5953,11.5953,860
635,55,2019-04-05 13:30:00,11.525,11.525,11.525,11.525,1001
636,54,2019-04-05 14:00:00,11.5405,11.55,11.5405,11.55,1300
637,53,2019-04-05 14:30:00,11.525,11.55,11.4616,11.55,3779
638,52,2019-04-05 15:00:00,11.56,11.5753,11.56,11.5753,1524
639,51,2019-04-05 15:30:00,11.5747,11.62,11.5747,11.62,415
640,50,2019-04-05 16:00:00,11.57,11.69,11.57,11.69,671
641,49,2019-04-08 10:00:00,11.69,11.69,11.69,11.69,423
642,48,2019-04-08 10:30:00,11.677999999999999,11.677999999999999,11.47,11.47,320
643,47,2019-04-08 11:00:00,11.7,11.74,11.7,11.74,380
644,46,2019-04-08 11:30:00,11.6,11.69,11.55,11.69,1791
645,45,2019-04-08 12:00:00,11.658,11.658,11.658,11.658,100
646,44,2019-04-08 13:00:00,11.665,11.72,11.665,11.665,600
647,43,2019-04-08 14:00:00,11.7,11.7,11.7,11.7,120
648,42,2019-04-08 14:30:00,11.59,11.72,11.59,11.72,220
649,41,2019-04-08 15:30:00,11.735,11.74,11.7,11.7,1421
650,40,2019-04-08 16:00:00,11.7,11.74,11.59,11.59,1371
651,39,2019-04-09 10:00:00,11.82,11.91,11.82,11.9,2742
652,38,2019-04-09 11:00:00,11.89,11.89,11.86,11.86,200
653,37,2019-04-09 11:30:00,11.8201,11.9,11.8201,11.875,415
654,36,2019-04-09 12:00:00,11.88,12.03,11.85,12.0,9631
655,35,2019-04-09 12:30:00,11.945,11.95,11.875,11.875,500
656,34,2019-04-09 13:00:00,11.945,11.9606,11.945,11.9606,280
657,33,2019-04-09 14:00:00,11.94,12.02,11.94,12.02,200
658,32,2019-04-09 14:30:00,11.99,11.99,11.99,11.99,100
659,31,2019-04-09 16:00:00,11.925,11.9608,11.925,11.955,1237
660,30,2019-04-10 10:00:00,11.9445,11.9445,11.9445,11.9445,100
661,29,2019-04-10 10:30:00,11.99,11.99,11.99,11.99,473
662,28,2019-04-10 11:00:00,12.0996,12.0996,12.08,12.08,1375
663,27,2019-04-10 11:30:00,12.08,12.0843,12.0101,12.0843,1929
664,26,2019-04-10 12:00:00,12.1499,12.1499,12.01,12.08,1499
665,25,2019-04-10 12:30:00,12.15,12.15,12.15,12.15,100
666,24,2019-04-10 13:00:00,12.15,12.15,12.0701,12.08,1348
667,23,2019-04-10 13:30:00,12.1066,12.1066,12.1066,12.1066,200
668,22,2019-04-10 14:00:00,12.13,12.15,12.13,12.15,300
669,21,2019-04-10 14:30:00,12.08,12.08,12.0101,12.03,1723
670,20,2019-04-10 16:00:00,12.02,12.0324,11.93,11.93,2632
671,19,2019-04-11 10:00:00,12.1499,12.1499,12.1499,12.1499,150
672,18,2019-04-11 11:00:00,12.0099,12.0099,12.0099,12.0099,101
673,17,2019-04-11 11:30:00,11.9399,11.9399,11.9399,11.9399,195
674,16,2019-04-11 12:00:00,12.08,12.08,11.9,12.0562,750
675,15,2019-04-11 13:30:00,12.0399,12.0399,12.0399,12.0399,156
676,14,2019-04-11 14:00:00,12.03,12.03,12.03,12.03,107
677,13,2019-04-11 14:30:00,11.9501,11.9501,11.9501,11.9501,390
678,12,2019-04-11 15:00:00,11.9732,11.9732,11.95,11.97,476
679,11,2019-04-11 15:30:00,11.96,11.96,11.95,11.95,314
680,10,2019-04-11 16:00:00,11.9,11.9,11.9,11.9,105
681,9,2019-04-12 10:00:00,11.86,11.99,11.86,11.9307,1399
682,8,2019-04-12 10:30:00,11.9886,11.9886,11.9886,11.9886,100
683,7,2019-04-12 11:00:00,11.9368,11.9368,11.9368,11.9368,100
684,6,2019-04-12 11:30:00,11.9001,11.9001,11.9001,11.9001,562
685,5,2019-04-12 12:00:00,11.9428,11.99,11.9428,11.9436,940
686,4,2019-04-12 12:30:00,11.9517,11.9517,11.9517,11.9517,500
687,3,2019-04-12 13:00:00,11.9591,11.9591,11.9,11.9,875
688,2,2019-04-12 14:30:00,11.9101,11.9101,11.9101,11.9101,521
689,1,2019-04-12 15:00:00,11.98,11.98,11.98,11.98,100
690,0,2019-04-12 15:30:00,11.9693,11.9693,11.9693,11.9693,150
