,index,time,open,high,low,close,volume
0,208,2019-08-12 10:00:00,10.6,10.6,10.2808,10.53,7021
1,207,2019-08-12 10:30:00,10.5548,10.5548,10.5,10.51,1892
2,206,2019-08-12 11:00:00,10.5,10.5,10.3518,10.4,4800
3,205,2019-08-12 11:30:00,10.4,10.48,10.32,10.48,2456
4,204,2019-08-12 12:00:00,10.45,10.53,10.4,10.46,2131
5,203,2019-08-12 13:00:00,10.35,10.35,10.35,10.35,200
6,202,2019-08-12 13:30:00,10.372,10.39,10.372,10.39,1375
7,201,2019-08-12 14:00:00,10.36,10.36,10.36,10.36,100
8,200,2019-08-12 14:30:00,10.385,10.4,10.385,10.4,1497
9,199,2019-08-12 15:00:00,10.35,10.35,10.35,10.35,200
10,198,2019-08-12 16:00:00,10.6,10.6,10.6,10.6,2388
11,197,2019-08-13 10:00:00,10.55,10.55,10.308,10.39,11765
12,196,2019-08-13 10:30:00,10.3899,10.3899,10.3899,10.3899,100
13,195,2019-08-13 11:00:00,10.35,10.4,10.35,10.39,2380
14,194,2019-08-13 11:30:00,10.39,10.39,10.3339,10.39,1932
15,193,2019-08-13 12:00:00,10.38,10.38,10.38,10.38,100
16,192,2019-08-13 13:30:00,10.38,10.39,10.3574,10.3574,2320
17,191,2019-08-13 14:00:00,10.4,10.45,10.39,10.4,3664
18,190,2019-08-13 14:30:00,10.32,10.4,10.32,10.4,1485
19,189,2019-08-13 15:00:00,10.3403,10.35,10.3403,10.35,240
20,188,2019-08-13 16:00:00,10.3104,10.405,10.31,10.4,5166
21,187,2019-08-14 10:00:00,10.3027,10.3027,10.3,10.3,300
22,186,2019-08-14 10:30:00,10.18,10.18,10.14,10.18,897
23,185,2019-08-14 11:00:00,10.36,10.36,10.36,10.36,100
24,184,2019-08-14 11:30:00,10.2061,10.24,10.2061,10.2378,1702
25,183,2019-08-14 12:00:00,10.2,10.2381,10.2,10.2381,550
26,182,2019-08-14 12:30:00,10.2,10.2,10.2,10.2,100
27,181,2019-08-14 13:00:00,10.2302,10.2302,10.2,10.2229,600
28,180,2019-08-14 13:30:00,10.21,10.24,10.2,10.24,3067
29,179,2019-08-14 15:00:00,10.2,10.2,10.2,10.2,100
30,178,2019-08-14 16:00:00,10.33,10.33,10.2,10.28,2520
31,177,2019-08-15 10:00:00,10.25,10.2725,10.14,10.2725,1532
32,176,2019-08-15 10:30:00,10.32,10.32,10.32,10.32,100
33,175,2019-08-15 11:00:00,10.2955,10.2955,10.2955,10.2955,100
34,174,2019-08-15 11:30:00,10.25,10.26,10.25,10.25,900
35,173,2019-08-15 12:00:00,10.25,10.25,10.25,10.25,342
36,172,2019-08-15 12:30:00,10.25,10.25,10.25,10.25,200
37,171,2019-08-15 13:00:00,10.2008,10.25,10.2008,10.24,1850
38,170,2019-08-15 14:00:00,10.2894,10.2894,10.2894,10.2894,300
39,169,2019-08-15 14:30:00,10.3,10.3,10.3,10.3,100
40,168,2019-08-15 16:00:00,10.16,10.3,10.16,10.3,2339
41,167,2019-08-15 20:00:00,9.95,9.95,9.95,9.95,100
42,166,2019-08-16 10:00:00,10.23,10.33,10.2,10.33,1850
43,165,2019-08-16 10:30:00,10.28,10.29,10.28,10.29,400
44,164,2019-08-16 11:00:00,10.24,10.29,10.23,10.29,702
45,163,2019-08-16 11:30:00,10.29,10.29,10.2451,10.2451,200
46,162,2019-08-16 14:30:00,10.2431,10.2431,10.2431,10.2431,150
47,161,2019-08-16 15:00:00,10.26,10.26,10.2,10.2,805
48,160,2019-08-16 15:30:00,10.2,10.25,10.2,10.2,795
49,159,2019-08-16 16:00:00,10.2,10.27,10.2,10.2,1171
50,158,2019-08-19 10:00:00,10.15,10.2263,10.15,10.215,2148
51,157,2019-08-19 10:30:00,10.2297,10.2299,10.2297,10.2299,800
52,156,2019-08-19 12:30:00,10.2168,10.22,10.21,10.21,300
53,155,2019-08-19 13:30:00,10.22,10.23,10.213,10.23,300
54,154,2019-08-19 14:00:00,10.215,10.23,10.2,10.23,439
55,153,2019-08-19 14:30:00,10.23,10.27,10.2195,10.27,881
56,152,2019-08-19 15:30:00,10.29,10.41,10.29,10.41,2966
57,151,2019-08-19 16:00:00,10.355,10.44,10.3026,10.43,2307
58,150,2019-08-20 10:00:00,10.38,10.41,10.37,10.41,506
59,149,2019-08-20 11:00:00,10.3586,10.365,10.32,10.32,300
60,148,2019-08-20 11:30:00,10.3479,10.36,10.3479,10.36,250
61,147,2019-08-20 12:00:00,10.3422,10.3422,10.3135,10.3135,761
62,146,2019-08-20 12:30:00,10.3429,10.3429,10.3429,10.3429,404
63,145,2019-08-20 14:30:00,10.42,10.42,10.42,10.42,100
64,144,2019-08-20 15:00:00,10.43,10.56,10.42,10.56,2397
65,143,2019-08-20 16:00:00,10.57,10.57,10.38,10.38,201
66,142,2019-08-21 10:00:00,10.51,10.52,10.5,10.52,906
67,141,2019-08-21 10:30:00,10.52,10.52,10.5,10.5,510
68,140,2019-08-21 11:00:00,10.5,10.5,10.46,10.5,1720
69,139,2019-08-21 11:30:00,10.527999999999999,10.527999999999999,10.41,10.41,200
70,138,2019-08-21 12:00:00,10.55,10.55,10.5,10.5,1361
71,137,2019-08-21 12:30:00,10.33,10.54,10.33,10.54,960
72,136,2019-08-21 13:00:00,10.55,10.55,10.55,10.55,200
73,135,2019-08-21 14:00:00,10.5244,10.5244,10.5,10.5,300
74,134,2019-08-21 14:30:00,10.5,10.5,10.5,10.5,100
75,133,2019-08-21 15:00:00,10.4,10.47,10.4,10.47,960
76,132,2019-08-21 15:30:00,10.425,10.51,10.41,10.43,2837
77,131,2019-08-21 16:00:00,10.5408,10.5408,10.4,10.5,5340
78,130,2019-08-22 10:30:00,10.38,10.38,10.38,10.38,500
79,129,2019-08-22 11:00:00,10.48,10.48,10.48,10.48,200
80,128,2019-08-22 11:30:00,10.435,10.435,10.435,10.435,521
81,127,2019-08-22 12:30:00,10.48,10.5,10.48,10.49,1660
82,126,2019-08-22 13:00:00,10.48,10.48,10.48,10.48,100
83,125,2019-08-22 13:30:00,10.47,10.47,10.47,10.47,260
84,124,2019-08-22 15:30:00,10.4415,10.49,10.4415,10.49,735
85,123,2019-08-22 16:00:00,10.48,10.65,10.45,10.65,13349
86,122,2019-08-23 10:00:00,10.51,10.51,10.5,10.5,310
87,121,2019-08-23 10:30:00,10.579,10.579,10.579,10.579,100
88,120,2019-08-23 11:00:00,10.52,10.52,10.52,10.52,100
89,119,2019-08-23 11:30:00,10.51,10.5625,10.5,10.5,4724
90,118,2019-08-23 13:00:00,10.4384,10.4384,10.4384,10.4384,500
91,117,2019-08-23 14:00:00,10.485,10.54,10.485,10.54,6788
92,116,2019-08-23 14:30:00,10.58,10.58,10.58,10.58,101
93,115,2019-08-23 15:00:00,10.58,10.6,10.56,10.595,2837
94,114,2019-08-23 15:30:00,10.56,10.6,10.56,10.6,4930
95,113,2019-08-23 16:00:00,10.6,10.6,10.58,10.6,1711
96,112,2019-08-26 10:30:00,10.5475,10.61,10.5475,10.6,2508
97,111,2019-08-26 11:00:00,10.6,10.6,10.6,10.6,900
98,110,2019-08-26 11:30:00,10.6,10.6,10.6,10.6,1610
99,109,2019-08-26 12:00:00,10.59,10.61,10.59,10.6,1756
100,108,2019-08-26 12:30:00,10.6,10.6,10.6,10.6,862
101,107,2019-08-26 13:00:00,10.6,10.64,10.58,10.64,1000
102,106,2019-08-26 13:30:00,10.61,10.61,10.6,10.6,923
103,105,2019-08-26 14:30:00,10.6,10.605,10.47,10.6,2717
104,104,2019-08-26 15:00:00,10.6,10.6,10.6,10.6,900
105,103,2019-08-26 15:30:00,10.6,10.68,10.6,10.6,521
106,102,2019-08-26 16:00:00,10.6,10.68,10.6,10.68,1488
107,101,2019-08-27 10:00:00,10.5292,10.5292,10.45,10.45,200
108,100,2019-08-27 11:00:00,10.58,10.599,10.5541,10.59,1000
109,99,2019-08-27 12:00:00,10.5505,10.5505,10.5505,10.5505,250
110,98,2019-08-27 13:30:00,10.57,10.59,10.5591,10.5591,1400
111,97,2019-08-27 14:00:00,10.5,10.5448,10.5,10.5448,3500
112,96,2019-08-27 15:00:00,10.57,10.61,10.57,10.61,2331
113,95,2019-08-27 15:30:00,10.59,10.61,10.59,10.6,3584
114,94,2019-08-27 16:00:00,10.6,10.6,10.59,10.6,6104
115,93,2019-08-28 10:00:00,10.57,10.6,10.57,10.6,2336
116,92,2019-08-28 10:30:00,10.6,10.6,10.6,10.6,101
117,91,2019-08-28 11:00:00,10.6,10.6,10.5762,10.5762,5509
118,90,2019-08-28 11:30:00,10.579,10.62,10.579,10.6,2830
119,89,2019-08-28 12:00:00,10.58,10.61,10.58,10.6,2876
120,88,2019-08-28 12:30:00,10.6,10.6,10.6,10.6,497
121,87,2019-08-28 13:00:00,10.46,10.48,10.41,10.41,900
122,86,2019-08-28 14:00:00,10.57,10.6,10.57,10.59,1500
123,85,2019-08-28 15:30:00,10.6,10.61,10.6,10.6,1516
124,84,2019-08-28 16:00:00,10.6,10.61,10.51,10.51,4354
125,83,2019-08-29 08:30:00,9.9,9.9,9.9,9.9,150
126,82,2019-08-29 10:00:00,10.48,10.62,10.48,10.62,726
127,81,2019-08-29 10:30:00,10.5844,10.5844,10.5844,10.5844,1000
128,80,2019-08-29 13:30:00,10.5,10.5102,10.5,10.5102,406
129,79,2019-08-29 14:00:00,10.53,10.7,10.5,10.7,1799
130,78,2019-08-29 16:00:00,10.6,10.7,10.6,10.7,1073
131,77,2019-08-30 10:00:00,10.7,10.7,10.637,10.637,524
132,76,2019-08-30 11:00:00,10.68,10.7,10.65,10.68,1600
133,75,2019-08-30 11:30:00,10.7,10.71,10.7,10.7,1280
134,74,2019-08-30 12:00:00,10.7,10.84,10.7,10.84,2452
135,73,2019-08-30 12:30:00,10.84,10.84,10.7942,10.7942,1109
136,72,2019-08-30 13:00:00,10.86,10.86,10.86,10.86,200
137,71,2019-08-30 13:30:00,10.97,10.97,10.97,10.97,249
138,70,2019-08-30 15:00:00,10.88,10.88,10.88,10.88,1000
139,69,2019-08-30 16:00:00,10.88,11.0,10.88,10.99,3297
140,68,2019-09-03 10:00:00,11.0,11.0,10.8,10.81,1972
141,67,2019-09-03 11:00:00,10.79,10.8,10.67,10.675,3167
142,66,2019-09-03 11:30:00,10.8,10.8,10.685,10.8,2936
143,65,2019-09-03 12:00:00,10.81,10.81,10.805,10.805,200
144,64,2019-09-03 12:30:00,10.885,10.885,10.8,10.8,300
145,63,2019-09-03 13:00:00,10.8,10.96,10.8,10.81,506
146,62,2019-09-03 13:30:00,10.82,10.82,10.815,10.82,506
147,61,2019-09-03 14:00:00,10.82,10.82,10.8,10.8,806
148,60,2019-09-03 14:30:00,10.8,10.84,10.8,10.83,833
149,59,2019-09-03 15:00:00,10.83,10.9,10.8,10.85,9126
150,58,2019-09-03 16:00:00,10.85,11.0,10.8,11.0,9729
151,57,2019-09-04 10:00:00,11.0,11.0,10.82,10.8347,26742
152,56,2019-09-04 10:30:00,10.89,10.98,10.83,10.91,1420
153,55,2019-09-04 11:00:00,10.9,10.9,10.8,10.9,3014
154,54,2019-09-04 11:30:00,10.89,10.92,10.82,10.84,3710
155,53,2019-09-04 12:00:00,10.85,10.96,10.81,10.81,3299
156,52,2019-09-04 12:30:00,10.81,10.9,10.7,10.8,5388
157,51,2019-09-04 13:00:00,10.85,10.895,10.72,10.8,2740
158,50,2019-09-04 13:30:00,10.8,10.83,10.7,10.72,5025
159,49,2019-09-04 14:00:00,10.71,10.8,10.7,10.7,4185
160,48,2019-09-04 14:30:00,10.7,10.97,10.7,10.8,2000
161,47,2019-09-04 15:00:00,10.8,10.82,10.8,10.8,2333
162,46,2019-09-04 16:00:00,10.97,10.98,10.97,10.97,1217
163,45,2019-09-05 10:30:00,10.9139,10.9139,10.8,10.8766,1400
164,44,2019-09-05 11:00:00,10.94,10.99,10.89,10.89,1400
165,43,2019-09-05 11:30:00,10.83,10.9,10.75,10.895,4297
166,42,2019-09-05 12:00:00,10.75,10.895,10.75,10.75,2902
167,41,2019-09-05 12:30:00,10.825,10.895,10.76,10.895,1302
168,40,2019-09-05 13:00:00,10.77,10.8999,10.75,10.79,2760
169,39,2019-09-05 13:30:00,10.775,10.775,10.75,10.75,302
170,38,2019-09-05 14:00:00,10.75,10.78,10.75,10.77,1006
171,37,2019-09-05 14:30:00,10.78,10.78,10.78,10.78,300
172,36,2019-09-05 15:00:00,10.77,10.775,10.75,10.75,817
173,35,2019-09-05 15:30:00,10.8,10.8,10.795,10.795,402
174,34,2019-09-05 16:00:00,10.85,10.95,10.85,10.95,9571
175,33,2019-09-06 10:00:00,10.99,10.99,10.99,10.99,502
176,32,2019-09-06 11:00:00,10.91,10.91,10.91,10.91,200
177,31,2019-09-06 11:30:00,10.91,10.91,10.91,10.91,205
178,30,2019-09-06 12:00:00,10.95,10.96,10.95,10.96,205
179,29,2019-09-06 12:30:00,10.99,11.0,10.99,11.0,6968
180,28,2019-09-06 13:00:00,11.0,11.0,10.99,10.99,1576
181,27,2019-09-06 13:30:00,10.99,11.0,10.99,11.0,305
182,26,2019-09-06 14:00:00,11.0,11.0,11.0,11.0,180
183,25,2019-09-06 14:30:00,11.0,11.0,11.0,11.0,195
184,24,2019-09-06 15:00:00,11.0,11.0,10.99,10.99,390
185,23,2019-09-06 15:30:00,10.995,11.0,10.99,10.99,1314
186,22,2019-09-06 16:00:00,11.0,11.0,10.99,11.0,2496
187,21,2019-09-09 10:00:00,11.0,11.0,11.0,11.0,1352
188,20,2019-09-09 12:00:00,10.98,10.98,10.98,10.98,200
189,19,2019-09-09 12:30:00,10.99,10.99,10.99,10.99,100
190,18,2019-09-09 13:00:00,10.99,10.99,10.99,10.99,200
191,17,2019-09-09 13:30:00,11.0,11.0,11.0,11.0,100
192,16,2019-09-09 14:00:00,10.86,10.86,10.86,10.86,100
193,15,2019-09-09 14:30:00,11.0,11.0,10.99,11.0,3370
194,14,2019-09-09 15:30:00,11.0,11.0,10.97,10.97,1709
195,13,2019-09-09 16:00:00,10.98,11.0,10.97,11.0,20632
196,12,2019-09-10 10:00:00,11.0,11.0,11.0,11.0,1000
197,11,2019-09-10 10:30:00,11.0,11.0,11.0,11.0,200
198,10,2019-09-10 11:00:00,11.0,11.0,11.0,11.0,2307
199,9,2019-09-10 11:30:00,11.0,11.0,10.98,11.0,867
200,8,2019-09-10 12:00:00,11.0,11.0,10.9701,10.9925,700
201,7,2019-09-10 12:30:00,11.0,11.0,11.0,11.0,800
202,6,2019-09-10 13:00:00,11.0,11.0,11.0,11.0,300
203,5,2019-09-10 13:30:00,11.0,11.0,11.0,11.0,600
204,4,2019-09-10 14:00:00,11.0,11.0,10.98,10.99,1100
205,3,2019-09-10 14:30:00,10.98,10.98,10.98,10.98,400
206,2,2019-09-10 15:00:00,11.0,11.0,11.0,11.0,200
207,1,2019-09-10 15:30:00,11.0,11.0,11.0,11.0,100
208,0,2019-09-10 16:00:00,11.0,11.0,10.99,11.0,12021
209,219,2019-09-11 10:00:00,10.95,10.99,10.95,10.99,300
210,218,2019-09-11 10:30:00,11.0,11.0,11.0,11.0,500
211,217,2019-09-11 11:00:00,11.0,11.0,11.0,11.0,100
212,216,2019-09-11 11:30:00,11.0,11.05,11.0,11.0478,3444
213,215,2019-09-11 12:00:00,11.1,11.1,11.1,11.1,200
214,214,2019-09-11 13:00:00,11.07,11.07,11.07,11.07,100
215,213,2019-09-11 13:30:00,11.07,11.1,11.07,11.1,200
216,212,2019-09-11 14:00:00,11.1,11.1,11.1,11.1,699
217,211,2019-09-11 14:30:00,11.07,11.07,11.07,11.07,450
218,210,2019-09-11 16:00:00,11.05,11.1,11.05,11.1,381
219,209,2019-09-12 10:00:00,11.01,11.1,11.01,11.1,500
220,208,2019-09-12 10:30:00,11.0138,11.03,11.01,11.0253,2100
221,207,2019-09-12 11:00:00,11.07,11.07,11.07,11.07,200
222,206,2019-09-12 11:30:00,11.0703,11.0703,11.0703,11.0703,300
223,205,2019-09-12 12:00:00,11.06,11.09,11.05,11.09,606
224,204,2019-09-12 12:30:00,11.05,11.05,11.05,11.05,250
225,203,2019-09-12 13:30:00,11.09,11.09,11.09,11.09,100
226,202,2019-09-12 14:30:00,11.06,11.08,11.05,11.08,614
227,201,2019-09-12 15:00:00,11.09,11.09,11.09,11.09,200
228,200,2019-09-12 15:30:00,11.05,11.05,11.05,11.05,200
229,199,2019-09-12 16:00:00,11.08,11.18,11.08,11.18,1767
230,198,2019-09-13 10:30:00,11.1221,11.1221,11.12,11.12,312
231,197,2019-09-13 11:00:00,11.18,11.18,11.15,11.15,200
232,196,2019-09-13 12:30:00,11.18,11.18,11.18,11.18,522
233,195,2019-09-13 13:30:00,11.2,11.2,11.2,11.2,205
234,194,2019-09-13 15:00:00,11.18,11.18,11.18,11.18,105
235,193,2019-09-13 15:30:00,11.2,11.2,11.2,11.2,601
236,192,2019-09-13 16:00:00,11.2,11.22,11.2,11.22,704
237,191,2019-09-16 10:00:00,11.14,11.14,11.14,11.14,201
238,190,2019-09-16 12:00:00,11.18,11.18,11.18,11.18,799
239,189,2019-09-16 13:00:00,11.22,11.22,11.22,11.22,100
240,188,2019-09-16 13:30:00,11.28,11.28,11.28,11.28,300
241,187,2019-09-16 14:30:00,11.2558,11.2558,11.2558,11.2558,300
242,186,2019-09-16 15:00:00,11.32,11.32,11.32,11.32,100
243,185,2019-09-16 15:30:00,11.2563,11.2563,11.2563,11.2563,250
244,184,2019-09-16 16:00:00,11.27,11.34,11.27,11.33,435
245,183,2019-09-17 10:00:00,11.25,11.3808,11.25,11.3808,203
246,182,2019-09-17 11:00:00,11.35,11.35,11.35,11.35,300
247,181,2019-09-17 12:00:00,11.35,11.47,11.35,11.47,1073
248,180,2019-09-17 13:30:00,11.39,11.39,11.39,11.39,100
249,179,2019-09-17 14:00:00,11.4,11.4,11.4,11.4,100
250,178,2019-09-17 15:00:00,11.39,11.45,11.39,11.41,1069
251,177,2019-09-17 16:00:00,11.45,11.45,11.42,11.43,1048
252,176,2019-09-18 11:30:00,11.4541,11.4541,11.45,11.45,1150
253,175,2019-09-18 12:00:00,11.45,11.4596,11.25,11.25,8900
254,174,2019-09-18 12:30:00,11.45,11.47,11.45,11.47,900
255,173,2019-09-18 13:30:00,11.47,11.47,11.47,11.47,100
256,172,2019-09-18 14:00:00,11.46,11.46,11.46,11.46,200
257,171,2019-09-18 14:30:00,11.46,11.46,11.45,11.45,600
258,170,2019-09-18 15:30:00,11.45,11.45,11.45,11.45,200
259,169,2019-09-18 16:00:00,11.45,11.45,11.45,11.45,980
260,168,2019-09-19 10:00:00,11.46,11.47,11.46,11.46,1200
261,167,2019-09-19 10:30:00,11.46,11.46,11.46,11.46,100
262,166,2019-09-19 12:30:00,11.43,11.47,11.43,11.47,1056
263,165,2019-09-19 13:00:00,11.49,11.5,11.49,11.5,251
264,164,2019-09-19 13:30:00,11.47,11.48,11.47,11.48,600
265,163,2019-09-19 14:00:00,11.48,11.48,11.48,11.48,200
266,162,2019-09-19 15:00:00,11.48,11.48,11.46,11.46,350
267,161,2019-09-19 16:00:00,11.47,11.47,11.47,11.47,434
268,160,2019-09-20 08:30:00,12.0,12.0,12.0,12.0,125
269,159,2019-09-20 09:30:00,11.55,11.55,11.55,11.55,130
270,158,2019-09-20 10:00:00,11.47,11.47,11.47,11.47,2002
271,157,2019-09-20 10:30:00,11.5,11.58,11.5,11.55,1600
272,156,2019-09-20 11:00:00,11.5501,11.58,11.5501,11.58,745
273,155,2019-09-20 11:30:00,11.58,11.58,11.58,11.58,200
274,154,2019-09-20 12:00:00,11.58,11.58,11.58,11.58,300
275,153,2019-09-20 12:30:00,11.58,11.6,11.58,11.6,2551
276,152,2019-09-20 13:00:00,11.61,11.61,11.58,11.58,599
277,151,2019-09-20 13:30:00,11.58,11.58,11.57,11.57,969
278,150,2019-09-20 14:00:00,11.55,11.55,11.55,11.55,497
279,149,2019-09-20 14:30:00,11.56,11.56,11.56,11.56,100
280,148,2019-09-20 15:00:00,11.57,11.58,11.57,11.58,600
281,147,2019-09-20 15:30:00,11.5671,11.5671,11.5,11.5,463
282,146,2019-09-20 16:00:00,11.58,11.58,11.58,11.58,1972
283,145,2019-09-23 10:00:00,11.51,11.51,11.51,11.51,500
284,144,2019-09-23 11:00:00,11.27,11.35,11.26,11.26,402
285,143,2019-09-23 11:30:00,11.27,11.5599,11.27,11.3,1050
286,142,2019-09-23 12:00:00,11.33,11.53,11.3,11.435,810
287,141,2019-09-23 12:30:00,11.34,11.435,11.33,11.38,702
288,140,2019-09-23 13:00:00,11.365,11.435,11.365,11.37,500
289,139,2019-09-23 13:30:00,11.415,11.415,11.33,11.33,700
290,138,2019-09-23 14:00:00,11.335,11.405,11.12,11.33,1700
291,137,2019-09-23 14:30:00,11.405,11.405,11.33,11.33,300
292,136,2019-09-23 15:00:00,11.48,11.48,11.33,11.33,810
293,135,2019-09-23 15:30:00,11.47,11.47,11.47,11.47,100
294,134,2019-09-23 16:00:00,11.47,11.48,11.47,11.48,1378
295,133,2019-09-24 10:00:00,11.39,11.45,11.39,11.45,306
296,132,2019-09-24 10:30:00,11.4,11.4,11.4,11.4,210
297,131,2019-09-24 11:00:00,11.4,11.4,11.305,11.35,1494
298,130,2019-09-24 11:30:00,11.35,11.3801,11.35,11.35,901
299,129,2019-09-24 12:00:00,11.35,11.35,11.35,11.35,800
300,128,2019-09-24 12:30:00,11.35,11.43,11.35,11.35,1300
301,127,2019-09-24 13:00:00,11.35,11.3535,11.35,11.35,3510
302,126,2019-09-24 13:30:00,11.35,11.35,11.35,11.35,2000
303,125,2019-09-24 14:00:00,11.359000000000002,11.36,11.35,11.3557,1468
304,124,2019-09-24 14:30:00,11.4144,11.4144,11.4144,11.4144,525
305,123,2019-09-24 15:00:00,11.45,11.45,11.45,11.45,100
306,122,2019-09-24 16:00:00,11.4654,11.49,11.4654,11.49,520
307,121,2019-09-25 11:00:00,11.32,11.32,11.26,11.27,700
308,120,2019-09-25 11:30:00,11.49,11.5,11.265,11.27,1000
309,119,2019-09-25 12:00:00,11.27,11.3,11.27,11.3,605
310,118,2019-09-25 12:30:00,11.26,11.3777,11.25,11.25,1245
311,117,2019-09-25 13:00:00,11.41,11.41,11.25,11.25,1610
312,116,2019-09-25 13:30:00,11.26,11.35,11.25,11.25,1015
313,115,2019-09-25 14:00:00,11.25,11.25,11.25,11.25,820
314,114,2019-09-25 15:30:00,11.33,11.35,11.3,11.35,1183
315,113,2019-09-25 16:00:00,11.4999,11.4999,11.48,11.48,1056
316,112,2019-09-26 10:00:00,11.48,11.48,11.48,11.48,205
317,111,2019-09-26 12:00:00,11.35,11.35,11.315,11.315,210
318,110,2019-09-26 12:30:00,11.315,11.35,11.28,11.35,814
319,109,2019-09-26 13:00:00,11.28,11.35,11.28,11.305,600
320,108,2019-09-26 13:30:00,11.305,11.35,11.23,11.35,1205
321,107,2019-09-26 14:00:00,11.305,11.35,11.15,11.23,1200
322,106,2019-09-26 14:30:00,11.305,11.35,11.23,11.35,600
323,105,2019-09-26 15:00:00,11.35,11.35,11.22,11.35,705
324,104,2019-09-26 16:00:00,11.47,11.5,11.45,11.5,3883
325,103,2019-09-27 10:00:00,11.54,11.54,11.54,11.54,808
326,102,2019-09-27 10:30:00,11.6,11.6,11.6,11.6,100
327,101,2019-09-27 11:00:00,11.39,11.5003,11.35,11.35,855
328,100,2019-09-27 11:30:00,11.4,11.4419,11.4,11.4,1900
329,99,2019-09-27 12:00:00,11.4,11.43,11.4,11.4,525
330,98,2019-09-27 12:30:00,11.42,11.42,11.41,11.41,700
331,97,2019-09-27 13:00:00,11.41,11.41,11.4,11.4,1715
332,96,2019-09-27 13:30:00,11.49,11.49,11.4,11.4,700
333,95,2019-09-27 14:00:00,11.4,11.46,11.4,11.425,537
334,94,2019-09-27 14:30:00,11.57,11.57,11.57,11.57,100
335,93,2019-09-27 15:00:00,11.41,11.42,11.4,11.4,2600
336,92,2019-09-27 15:30:00,11.4,11.41,11.4,11.4,900
337,91,2019-09-27 16:00:00,11.56,11.65,11.54,11.65,2458
338,90,2019-09-30 10:00:00,11.7,11.7,11.42,11.42,3183
339,89,2019-09-30 11:30:00,11.71,11.71,11.61,11.61,273
340,88,2019-09-30 12:00:00,11.645,11.67,11.635,11.67,601
341,87,2019-09-30 12:30:00,11.61,11.7,11.51,11.675,1570
342,86,2019-09-30 13:00:00,11.675,11.7,11.6625,11.675,2633
343,85,2019-09-30 13:30:00,11.7,11.76,11.7,11.7,3364
344,84,2019-09-30 14:00:00,11.65,11.69,11.52,11.645,3849
345,83,2019-09-30 14:30:00,11.63,11.78,11.52,11.59,4200
346,82,2019-09-30 15:00:00,11.695,11.695,11.6,11.6902,2006
347,81,2019-09-30 15:30:00,11.78,11.8,11.77,11.79,2900
348,80,2019-09-30 16:00:00,11.9,12.0,11.9,12.0,6115
349,79,2019-10-01 10:00:00,11.94,12.0,11.94,11.96,806
350,78,2019-10-01 10:30:00,11.91,11.95,11.75,11.95,3740
351,77,2019-10-01 11:00:00,11.95,12.1,11.775,12.0,8748
352,76,2019-10-01 11:30:00,12.01,12.1,12.01,12.06,1300
353,75,2019-10-01 12:00:00,12.02,12.02,12.01,12.01,600
354,74,2019-10-01 12:30:00,12.02,12.02,11.92,11.99,700
355,73,2019-10-01 13:00:00,11.92,11.92,11.775,11.9005,600
356,72,2019-10-01 13:30:00,11.775,11.98,11.775,11.98,800
357,71,2019-10-01 14:00:00,11.765,11.98,11.75,11.85,1970
358,70,2019-10-01 14:30:00,11.96,11.97,11.9184,11.97,1700
359,69,2019-10-01 15:00:00,11.9494,11.9494,11.9494,11.9494,261
360,68,2019-10-01 15:30:00,11.99,12.0,11.99,12.0,400
361,67,2019-10-01 16:00:00,11.9291,12.15,11.9291,12.15,7067
362,66,2019-10-02 10:00:00,12.05,12.14,12.05,12.0976,1542
363,65,2019-10-02 10:30:00,12.03,12.15,12.03,12.15,3180
364,64,2019-10-02 11:30:00,12.06,12.06,11.76,11.83,6934
365,63,2019-10-02 12:00:00,11.98,12.02,11.96,11.98,1410
366,62,2019-10-02 12:30:00,11.97,12.15,11.95,11.95,1305
367,61,2019-10-02 13:00:00,11.95,12.027000000000001,11.68,12.027000000000001,2152
368,60,2019-10-02 13:30:00,11.95,11.95,11.95,11.95,300
369,59,2019-10-02 14:00:00,11.95,12.0,11.95,11.95,1170
370,58,2019-10-02 14:30:00,11.95,11.95,11.95,11.95,365
371,57,2019-10-02 15:00:00,11.95,11.95,11.95,11.95,705
372,56,2019-10-02 15:30:00,12.08,12.08,12.08,12.08,100
373,55,2019-10-02 16:00:00,12.05,12.16,12.05,12.16,2465
374,54,2019-10-03 10:30:00,12.01,12.01,12.01,12.01,100
375,53,2019-10-03 11:00:00,12.01,12.05,11.55,12.0,11600
376,52,2019-10-03 11:30:00,11.88,12.0,11.74,12.0,2200
377,51,2019-10-03 12:00:00,12.0,12.02,12.0,12.0,1492
378,50,2019-10-03 12:30:00,12.0,12.04,12.0,12.0,5900
379,49,2019-10-03 13:00:00,12.04,12.04,12.0,12.0,1300
380,48,2019-10-03 14:00:00,12.0,12.04,12.0,12.0,1400
381,47,2019-10-03 14:30:00,12.0,12.0,12.0,12.0,500
382,46,2019-10-03 15:00:00,12.0,12.03,12.0,12.03,19458
383,45,2019-10-03 15:30:00,12.04,12.04,12.0,12.0,2813
384,44,2019-10-03 16:00:00,12.0,12.1,12.0,12.06,15682
385,43,2019-10-04 10:00:00,12.11,12.11,12.11,12.11,416
386,42,2019-10-04 10:30:00,12.055,12.055,12.055,12.055,100
387,41,2019-10-04 11:00:00,12.05,12.05,11.77,11.8559,800
388,40,2019-10-04 11:30:00,11.88,12.0,11.865,11.93,2305
389,39,2019-10-04 12:00:00,11.95,12.01,11.95,11.98,5411
390,38,2019-10-04 12:30:00,11.98,11.98,11.95,11.965,600
391,37,2019-10-04 13:00:00,11.98,11.98,11.95,11.98,705
392,36,2019-10-04 13:30:00,11.95,11.97,11.95,11.97,3600
393,35,2019-10-04 14:00:00,11.99,11.99,11.99,11.99,100
394,34,2019-10-04 14:30:00,12.0,12.09,11.95,12.09,1086
395,33,2019-10-04 15:30:00,12.1,12.1,12.05,12.07,4805
396,32,2019-10-04 16:00:00,12.1,12.11,12.1,12.11,2181
397,31,2019-10-07 11:00:00,11.84,12.0,11.84,11.93,2951
398,30,2019-10-07 11:30:00,12.02,12.03,12.01,12.01,600
399,29,2019-10-07 12:00:00,12.035,12.1,12.0,12.0,1004
400,28,2019-10-07 12:30:00,12.05,12.06,12.05,12.05,700
401,27,2019-10-07 13:00:00,12.05,12.05,12.05,12.05,600
402,26,2019-10-07 14:00:00,12.09,12.09,12.09,12.09,248
403,25,2019-10-07 14:30:00,12.08,12.09,12.08,12.09,200
404,24,2019-10-07 15:00:00,12.1,12.1,12.1,12.1,189
405,23,2019-10-07 15:30:00,12.19,12.19,12.19,12.19,200
406,22,2019-10-08 10:00:00,12.1,12.1,12.1,12.1,750
407,21,2019-10-08 10:30:00,12.06,12.1083,12.06,12.1083,624
408,20,2019-10-08 11:00:00,12.005,12.1,12.005,12.1,860
409,19,2019-10-08 11:30:00,12.1,12.1,12.1,12.1,4092
410,18,2019-10-08 12:00:00,12.1,12.11,12.1,12.1,1275
411,17,2019-10-08 12:30:00,12.1,12.1,12.1,12.1,769
412,16,2019-10-08 13:00:00,12.1,12.1096,11.85,11.85,15597
413,15,2019-10-08 14:00:00,11.95,11.95,11.83,11.945,1409
414,14,2019-10-08 15:30:00,12.0519,12.0519,12.0519,12.0519,100
415,13,2019-10-08 16:00:00,12.1,12.2,12.1,12.2,1605
416,12,2019-10-09 12:00:00,12.21,12.21,12.21,12.21,104
417,11,2019-10-09 12:30:00,12.05,12.05,12.05,12.05,1023
418,10,2019-10-09 14:00:00,12.1,12.1,12.1,12.1,303
419,9,2019-10-09 15:00:00,12.095,12.1,12.06,12.1,731
420,8,2019-10-09 16:00:00,12.17,12.25,12.17,12.22,1045
421,7,2019-10-10 10:00:00,12.29,12.5,12.16,12.16,6332
422,6,2019-10-10 10:30:00,12.17,12.17,12.16,12.17,500
423,5,2019-10-10 11:00:00,12.17,12.3004,12.165,12.2,2624
424,4,2019-10-10 11:30:00,12.18,12.18,12.15,12.15,700
425,3,2019-10-10 12:00:00,12.15,12.15,12.15,12.15,600
426,2,2019-10-10 12:30:00,12.15,12.19,12.15,12.19,540
427,1,2019-10-10 13:00:00,12.1888,12.2,12.1888,12.1997,1100
428,0,2019-10-10 16:00:00,12.29,12.29,12.15,12.16,691
