,index,time,open,high,low,close,volume
0,150,2018-10-16 09:30:00,5.88676173234,5.88676173234,5.88676173234,5.88676173234,120
1,149,2018-10-16 13:00:00,5.9554787953699995,5.96311402459,5.9554787953699995,5.9554787953699995,960
2,148,2018-10-16 13:30:00,5.96311402459,5.98601971227,5.96311402459,5.97838448304,2400
3,147,2018-10-16 14:00:00,5.97838448304,5.97838448304,5.96311402459,5.96311402459,5400
4,146,2018-10-16 14:30:00,5.96311402459,5.96311402459,5.96311402459,5.96311402459,240
5,145,2018-10-16 15:00:00,5.970749253819999,5.970749253819999,5.9554787953699995,5.9554787953699995,480
6,144,2018-10-16 15:30:00,5.9554787953699995,5.98601971227,5.9554787953699995,5.98601971227,7920
7,143,2018-10-16 16:00:00,6.00129017072,6.00129017072,6.00129017072,6.00129017072,360
8,142,2018-10-17 10:00:00,6.00129017072,6.00129017072,6.00129017072,6.00129017072,585
9,141,2018-10-17 11:00:00,6.00129017072,6.00129017072,6.00129017072,6.00129017072,120
10,140,2018-10-17 12:30:00,6.1463595259899995,6.1463595259899995,6.1463595259899995,6.1463595259899995,1320
11,139,2018-10-17 13:00:00,6.1310890675400005,6.1310890675400005,6.1310890675400005,6.1310890675400005,120
12,138,2018-10-17 13:30:00,6.1463595259899995,6.1463595259899995,6.13406680694,6.13406680694,1440
13,137,2018-10-17 14:00:00,6.10818337986,6.10818337986,6.10818337986,6.10818337986,120
14,136,2018-10-17 15:00:00,6.10054815064,6.12345383831,6.10054815064,6.12345383831,1080
15,135,2018-10-17 15:30:00,6.115818609090001,6.115818609090001,6.115818609090001,6.115818609090001,120
16,134,2018-10-17 16:00:00,6.07764246296,6.07764246296,6.07764246296,6.07764246296,120
17,133,2018-10-18 09:30:00,6.062372004509999,6.062372004509999,6.0394663168400005,6.0394663168400005,1200
18,132,2018-10-18 10:00:00,6.0394663168400005,6.0471015460599995,6.0318310876100005,6.0318310876100005,1800
19,131,2018-10-18 10:30:00,6.00129017072,6.00129017072,6.00129017072,6.00129017072,176
20,130,2018-10-18 11:30:00,6.00129017072,6.00129017072,6.00129017072,6.00129017072,121
21,129,2018-10-18 12:00:00,5.9554787953699995,5.97838448304,5.9554787953699995,5.97838448304,1969
22,128,2018-10-18 12:30:00,5.97838448304,5.98601971227,5.97838448304,5.98601971227,240
23,127,2018-10-18 14:00:00,5.92493787847,5.92493787847,5.92493787847,5.92493787847,120
24,126,2018-10-18 15:30:00,5.90966742002,5.90966742002,5.90966742002,5.90966742002,226
25,125,2018-10-19 10:00:00,5.940208336919999,5.993654941490001,5.940208336919999,5.993654941490001,2266
26,124,2018-10-19 12:00:00,5.87149127389,5.87149127389,5.87149127389,5.87149127389,960
27,123,2018-10-19 12:30:00,5.879126503119999,5.879126503119999,5.879126503119999,5.879126503119999,120
28,122,2018-10-22 10:00:00,6.02419585839,6.0318310876100005,6.02419585839,6.0318310876100005,480
29,121,2018-10-22 10:30:00,6.01656062916,6.0318310876100005,5.993654941490001,5.993654941490001,1800
30,120,2018-10-22 11:00:00,5.993654941490001,6.05473677529,5.993654941490001,6.01656062916,2893
31,119,2018-10-22 11:30:00,6.02419585839,6.02419585839,5.96311402459,5.96311402459,1213
32,118,2018-10-22 12:00:00,5.970749253819999,5.970749253819999,5.970749253819999,5.970749253819999,289
33,117,2018-10-22 12:30:00,5.96311402459,5.970749253819999,5.9478435661399995,5.9478435661399995,1622
34,116,2018-10-22 13:00:00,5.9554787953699995,5.97838448304,5.9554787953699995,5.97838448304,374
35,115,2018-10-22 13:30:00,5.970749253819999,5.970749253819999,5.970749253819999,5.970749253819999,120
36,114,2018-10-23 09:30:00,5.85622081544,5.86385604467,5.85622081544,5.86385604467,1170
37,113,2018-10-23 10:00:00,5.90966742002,5.90966742002,5.85622081544,5.86385604467,7183
38,112,2018-10-23 10:30:00,5.86385604467,5.86385604467,5.84095035699,5.84858558622,9242
39,111,2018-10-23 13:30:00,5.993654941490001,5.993654941490001,5.993654941490001,5.993654941490001,240
40,110,2018-10-24 16:00:00,5.741692377070001,5.741692377070001,5.741692377070001,5.741692377070001,621
41,109,2018-10-25 10:30:00,5.9554787953699995,5.98601971227,5.9478435661399995,5.98601971227,4734
42,108,2018-10-25 11:00:00,5.993654941490001,6.0471015460599995,5.993654941490001,6.0471015460599995,5185
43,107,2018-10-25 11:30:00,6.02419585839,6.0471015460599995,6.02419585839,6.0471015460599995,3240
44,106,2018-10-25 12:00:00,6.0471015460599995,6.05473677529,6.0471015460599995,6.0471015460599995,535
45,105,2018-10-25 12:30:00,6.0394663168400005,6.0394663168400005,6.0394663168400005,6.0394663168400005,306
46,104,2018-10-25 13:00:00,6.0394663168400005,6.0394663168400005,6.0394663168400005,6.0394663168400005,1432
47,103,2018-10-25 13:30:00,6.070007233740001,6.07764246296,6.070007233740001,6.07764246296,600
48,102,2018-10-25 14:00:00,6.10818337986,6.15399475521,6.10818337986,6.1463595259899995,1440
49,101,2018-10-25 14:30:00,6.13872429676,6.13872429676,6.10054815064,6.10054815064,1320
50,100,2018-10-25 15:00:00,6.10054815064,6.10054815064,6.10054815064,6.10054815064,480
51,99,2018-10-25 16:00:00,6.0394663168400005,6.0394663168400005,6.0394663168400005,6.0394663168400005,120
52,98,2018-10-26 10:30:00,6.063211879730001,6.063211879730001,6.063211879730001,6.063211879730001,744
53,97,2018-10-26 11:00:00,6.01656062916,6.01656062916,5.970749253819999,5.970749253819999,4370
54,96,2018-10-26 11:30:00,5.970749253819999,5.993654941490001,5.9554787953699995,5.993654941490001,1153
55,95,2018-10-26 15:00:00,6.169265213659999,6.169265213659999,6.169265213659999,6.169265213659999,136
56,94,2018-10-26 16:00:00,6.15399475521,6.1704868503400006,6.15399475521,6.15399475521,7200
57,93,2018-10-29 09:30:00,6.5815675918,6.665555113280001,6.47467438265,6.47467438265,2392
58,92,2018-10-29 10:00:00,6.38305163196,6.390686861180001,6.29906411048,6.30669933971,4020
59,91,2018-10-29 10:30:00,6.37541640273,6.37541640273,6.37541640273,6.37541640273,120
60,90,2018-10-29 11:00:00,6.30669933971,6.35251071506,6.29906411048,6.35251071506,2385
61,89,2018-10-29 11:30:00,6.34487548583,6.34487548583,6.291428881259999,6.291428881259999,795
62,88,2018-10-29 12:00:00,6.18453567211,6.18453567211,6.18453567211,6.18453567211,1140
63,87,2018-10-29 12:30:00,6.138647944470001,6.138647944470001,6.138647944470001,6.138647944470001,480
64,86,2018-10-29 14:30:00,6.0318310876100005,6.0318310876100005,6.0318310876100005,6.0318310876100005,120
65,85,2018-10-29 15:30:00,5.9973198515199995,5.9973198515199995,5.993654941490001,5.993654941490001,360
66,84,2018-10-30 10:00:00,6.00892539994,6.070007233740001,5.92493787847,6.070007233740001,1200
67,83,2018-10-30 11:00:00,6.10054815064,6.10054815064,6.10054815064,6.10054815064,360
68,82,2018-10-30 11:30:00,6.169265213659999,6.169265213659999,6.169265213659999,6.169265213659999,122
69,81,2018-10-30 12:00:00,6.18453567211,6.19606486824,6.18453567211,6.19606486824,3906
70,80,2018-10-30 12:30:00,6.18453567211,6.18453567211,6.18453567211,6.18453567211,240
71,79,2018-10-30 13:30:00,6.1310890675400005,6.1310890675400005,6.12345383831,6.1310890675400005,3304
72,78,2018-10-30 15:00:00,6.15399475521,6.15399475521,6.15399475521,6.15399475521,120
73,77,2018-10-30 15:30:00,6.18453567211,6.18453567211,6.18453567211,6.18453567211,4080
74,76,2018-10-30 16:00:00,6.23034704746,6.23034704746,6.23034704746,6.23034704746,240
75,75,2018-10-31 10:30:00,6.1310890675400005,6.1310890675400005,6.0471015460599995,6.0471015460599995,960
76,74,2018-10-31 11:00:00,6.0471015460599995,6.10054815064,6.0471015460599995,6.10054815064,1800
77,73,2018-10-31 11:30:00,6.115818609090001,6.115818609090001,6.09291292141,6.10054815064,5764
78,72,2018-10-31 12:00:00,6.13872429676,6.15399475521,6.10054815064,6.115818609090001,1310
79,71,2018-10-31 14:00:00,6.0318310876100005,6.0394663168400005,6.0318310876100005,6.0318310876100005,963
80,70,2018-10-31 14:30:00,6.0394663168400005,6.07764246296,6.0394663168400005,6.07764246296,962
81,69,2018-10-31 15:30:00,6.115818609090001,6.115818609090001,6.115818609090001,6.115818609090001,120
82,68,2018-11-01 10:00:00,6.367781173509999,6.367781173509999,6.33724025661,6.33724025661,1044
83,67,2018-11-01 10:30:00,6.32960502738,6.39832209041,6.32960502738,6.39832209041,2415
84,66,2018-11-01 11:30:00,6.4062627288,6.4062627288,6.4062627288,6.4062627288,1560
85,65,2018-11-01 13:00:00,6.56629713335,6.6044732794800005,6.5510266749,6.55866190413,1797
86,64,2018-11-01 13:30:00,6.56629713335,6.56629713335,6.55866190413,6.55866190413,309
87,63,2018-11-01 15:00:00,6.535756216449999,6.535756216449999,6.52812098723,6.53193860184,3120
88,62,2018-11-01 15:30:00,6.52812098723,6.52812098723,6.52812098723,6.52812098723,488534
89,61,2018-11-02 10:00:00,6.77244832242,6.77244832242,6.665555113280001,6.665555113280001,2595
90,60,2018-11-02 10:30:00,6.642649425599999,6.642649425599999,6.63501419638,6.63501419638,6303
91,59,2018-11-02 11:30:00,6.72992009564,6.741907405519999,6.7113664886199995,6.741907405519999,4977
92,58,2018-11-02 13:00:00,6.7113664886199995,6.7113664886199995,6.6082908940900005,6.6618902032500005,8648
93,57,2018-11-02 14:00:00,6.6889189147,6.6889189147,6.6889189147,6.6889189147,960
94,56,2018-11-02 14:30:00,6.665555113280001,6.69609603017,6.570114747969999,6.69609603017,840
95,55,2018-11-02 15:30:00,6.72663694707,6.75717786397,6.71518410324,6.75717786397,735
96,54,2018-11-02 16:00:00,6.741907405519999,6.741907405519999,6.741907405519999,6.741907405519999,120
97,53,2018-11-05 10:00:00,6.653777922330001,6.6996897539199995,6.653777922330001,6.6996897539199995,5263
98,52,2018-11-05 10:30:00,6.72253108111,6.722607473509999,6.72253108111,6.722607473509999,780
99,51,2018-11-05 11:00:00,6.7469766486800005,6.76072728044,6.70732899378,6.76072728044,4593
100,50,2018-11-05 11:30:00,6.77218614023,6.77218614023,6.73398994091,6.74544880071,3798
101,49,2018-11-05 12:00:00,6.7569076605,6.764546900369999,6.68433488179,6.68433488179,6144
102,48,2018-11-05 12:30:00,6.68433488179,6.76072728044,6.68433488179,6.76072728044,1824
103,47,2018-11-05 13:00:00,6.73017032098,6.77356120341,6.73017032098,6.77356120341,409242
104,46,2018-11-05 14:30:00,6.6919741216499995,6.6919741216499995,6.6919741216499995,6.6919741216499995,120
105,45,2018-11-06 09:30:00,6.57738552368,6.57738552368,6.569746283810001,6.569746283810001,240
106,44,2018-11-06 10:00:00,6.63086020273,6.63086020273,6.56210704395,6.56210704395,1280
107,43,2018-11-06 11:00:00,6.5480508425999995,6.5480508425999995,6.5480508425999995,6.5480508425999995,349
108,42,2018-11-06 12:00:00,6.56210704395,6.56210704395,6.56210704395,6.56210704395,360
109,41,2018-11-06 12:30:00,6.63086020273,6.63086020273,6.60030324327,6.60030324327,240
110,40,2018-11-06 13:00:00,6.63086020273,6.646138682459999,6.63086020273,6.6384994426,960
111,39,2018-11-06 13:30:00,6.63086020273,6.63086020273,6.63086020273,6.63086020273,240
112,38,2018-11-06 14:30:00,6.546828564219999,6.546828564219999,6.546828564219999,6.546828564219999,120
113,37,2018-11-06 15:00:00,6.53918932435,6.53918932435,6.49335388516,6.49335388516,1680
114,36,2018-11-07 10:00:00,6.50099312503,6.569746283810001,6.4093222466499995,6.4246007263800005,7531
115,35,2018-11-07 10:30:00,6.40550262672,6.45515768584,6.37876528719,6.4246007263800005,4155
116,34,2018-11-07 11:00:00,6.470436165569999,6.50099312503,6.470436165569999,6.49335388516,5005
117,33,2018-11-07 11:30:00,6.49335388516,6.5239108446200005,6.49335388516,6.516271604759999,1856
118,32,2018-11-07 12:00:00,6.45515768584,6.5067225549300005,6.45515768584,6.479756038200001,3289
119,31,2018-11-07 12:30:00,6.47914489902,6.47914489902,6.47914489902,6.47914489902,744
120,30,2018-11-08 09:30:00,6.47807540543,6.49335388516,6.47807540543,6.4857146453,600
121,29,2018-11-08 10:00:00,6.45515768584,6.5926640034099995,6.45515768584,6.57738552368,6799
122,28,2018-11-08 10:30:00,6.546828564219999,6.546828564219999,6.546828564219999,6.546828564219999,159
123,27,2018-11-08 11:00:00,6.50099312503,6.5239108446200005,6.50099312503,6.5239108446200005,5230
124,26,2018-11-08 11:30:00,6.5239108446200005,6.53155008449,6.5239108446200005,6.5239108446200005,1725
125,25,2018-11-08 12:00:00,6.5239108446200005,6.5239108446200005,6.5086323648899995,6.5086323648899995,886
126,24,2018-11-08 13:00:00,6.388925476209999,6.388925476209999,6.34056908787,6.34056908787,250
127,23,2018-11-08 16:00:00,6.3558475676,6.416961486519999,6.3558475676,6.416961486519999,720
128,22,2018-11-09 09:00:00,6.3100121284099995,6.3100121284099995,6.3100121284099995,6.3100121284099995,106267
129,21,2018-11-09 10:00:00,6.287094408810001,6.287094408810001,6.287094408810001,6.287094408810001,284
130,20,2018-11-09 12:30:00,6.27945516895,6.35202794766,6.27181592908,6.27181592908,8160
131,19,2018-11-09 14:30:00,6.31765136827,6.31765136827,6.31765136827,6.31765136827,120
132,18,2018-11-09 16:00:00,6.44751844597,6.4914440751999996,6.44751844597,6.4857146453,360
133,17,2018-11-12 10:30:00,6.37876528719,6.37876528719,6.371126047330001,6.371126047330001,2191
134,16,2018-11-12 11:00:00,6.34056908787,6.34820832773,6.34056908787,6.34056908787,4560
135,15,2018-11-12 11:30:00,6.34820832773,6.38258490712,6.34056908787,6.38258490712,2418
136,14,2018-11-12 12:00:00,6.363486807459999,6.363486807459999,6.363486807459999,6.363486807459999,240
137,13,2018-11-12 13:00:00,6.38640452706,6.42078110645,6.38640452706,6.42078110645,240
138,12,2018-11-12 13:30:00,6.4246007263800005,6.43987920611,6.4246007263800005,6.43987920611,3840
139,11,2018-11-12 14:00:00,6.4250590807700005,6.432239966240001,6.4246007263800005,6.4246007263800005,1434
140,10,2018-11-12 14:30:00,6.40680129749,6.40680129749,6.394043766919999,6.394043766919999,1548
141,9,2018-11-12 15:00:00,6.38640452706,6.38640452706,6.38640452706,6.38640452706,240
142,8,2018-11-12 16:00:00,6.37876528719,6.37876528719,6.37876528719,6.37876528719,120
143,7,2018-11-13 10:30:00,6.2259804898899995,6.2259804898899995,6.1801450507,6.1801450507,840
144,6,2018-11-13 11:00:00,6.1801450507,6.1801450507,6.1801450507,6.1801450507,240
145,5,2018-11-13 11:30:00,6.187784290569999,6.187784290569999,6.187784290569999,6.187784290569999,120
146,4,2018-11-13 15:00:00,6.187784290569999,6.187784290569999,6.1801450507,6.1801450507,3718
147,3,2018-11-14 10:00:00,6.21834125003,6.29473364868,6.21834125003,6.287094408810001,792
148,2,2018-11-14 10:30:00,6.27181592908,6.27181592908,6.233619729759999,6.233619729759999,1954
149,1,2018-11-14 13:00:00,6.25600270256,6.25600270256,6.25600270256,6.25600270256,480
150,0,2018-11-14 14:30:00,6.2259804898899995,6.2259804898899995,6.21834125003,6.21834125003,900
