,index,time,open,high,low,close,volume
0,192,2019-08-12 09:30:00,7.09699837604,7.09699837604,7.09699837604,7.09699837604,100
1,191,2019-08-12 10:00:00,7.04974805396,7.04974805396,7.04029798954,7.04029798954,644
2,190,2019-08-12 10:30:00,7.04029798954,7.04029798954,7.04029798954,7.04029798954,101
3,189,2019-08-12 11:30:00,7.12534856928,7.12534856928,7.12534856928,7.12534856928,100
4,188,2019-08-12 12:00:00,7.1347986337,7.1347986337,7.1347986337,7.1347986337,125
5,187,2019-08-12 13:30:00,7.144248698119999,7.1631488269500005,7.144248698119999,7.1631488269500005,200
6,186,2019-08-12 14:00:00,7.15369876253,7.15369876253,7.15369876253,7.15369876253,200
7,185,2019-08-12 14:30:00,7.182048955780001,7.182048955780001,7.182048955780001,7.182048955780001,100
8,184,2019-08-12 15:30:00,7.12534856928,7.12534856928,7.12534856928,7.12534856928,4044
9,183,2019-08-13 09:30:00,7.0874538109800005,7.0874538109800005,7.0874538109800005,7.0874538109800005,1061
10,182,2019-08-13 10:00:00,7.06864818279,7.23874934227,7.06864818279,7.23657582745,7630
11,181,2019-08-13 10:30:00,7.22929927785,7.33324998643,7.22929927785,7.33324998643,900
12,180,2019-08-13 11:00:00,7.33324998643,7.33324998643,7.33324998643,7.33324998643,100
13,179,2019-08-13 11:30:00,7.33324998643,7.33324998643,7.267099535519999,7.29544972876,1105
14,178,2019-08-13 12:00:00,7.304899793180001,7.33324998643,7.304899793180001,7.323799922010001,400
15,177,2019-08-13 12:30:00,7.314349857589999,7.314349857589999,7.314349857589999,7.314349857589999,135
16,176,2019-08-13 13:00:00,7.29544972876,7.29544972876,7.29544972876,7.29544972876,100
17,175,2019-08-13 13:30:00,7.285999664349999,7.285999664349999,7.285999664349999,7.285999664349999,400
18,174,2019-08-13 14:00:00,7.267099535519999,7.27654959993,7.267099535519999,7.27654959993,200
19,173,2019-08-13 14:30:00,7.285999664349999,7.285999664349999,7.285999664349999,7.285999664349999,100
20,172,2019-08-13 15:30:00,7.285999664349999,7.285999664349999,7.285999664349999,7.285999664349999,100
21,171,2019-08-13 16:00:00,7.257649471100001,7.257649471100001,7.23874934227,7.23874934227,1685
22,170,2019-08-14 10:00:00,7.021397860710001,7.05919811838,7.021397860710001,7.04974805396,700
23,169,2019-08-14 10:30:00,7.03084792513,7.03084792513,7.002497731880001,7.0119477963,300
24,168,2019-08-14 11:00:00,7.0119477963,7.0119477963,7.0119477963,7.0119477963,100
25,167,2019-08-14 11:30:00,7.0119477963,7.0119477963,7.0119477963,7.0119477963,100
26,166,2019-08-14 14:30:00,6.945797345389999,6.945797345389999,6.9268972165600005,6.9268972165600005,200
27,165,2019-08-14 15:00:00,6.90799708773,6.90799708773,6.898547023310001,6.898547023310001,300
28,164,2019-08-14 15:30:00,6.90799708773,6.90799708773,6.90799708773,6.90799708773,300
29,163,2019-08-15 09:30:00,6.964697474219999,6.964697474219999,6.964697474219999,6.964697474219999,100
30,162,2019-08-15 10:00:00,6.945797345389999,6.964697474219999,6.870196830069999,6.95477490658,2380
31,161,2019-08-15 10:30:00,6.964697474219999,7.002497731880001,6.964697474219999,6.99304766747,1000
32,160,2019-08-15 11:00:00,6.97414753864,6.97414753864,6.9268972165600005,6.9268972165600005,300
33,159,2019-08-15 11:30:00,6.9268972165600005,6.9268972165600005,6.9268972165600005,6.9268972165600005,100
34,158,2019-08-15 12:00:00,6.9268972165600005,6.955247409810001,6.9268972165600005,6.955247409810001,400
35,157,2019-08-15 12:30:00,6.964697474219999,6.964697474219999,6.964697474219999,6.964697474219999,200
36,156,2019-08-15 13:00:00,6.964697474219999,6.964697474219999,6.964697474219999,6.964697474219999,100
37,155,2019-08-15 13:30:00,6.955247409810001,6.955247409810001,6.91744715214,6.93634728097,400
38,154,2019-08-15 14:00:00,6.93634728097,6.93634728097,6.81349644357,6.81349644357,1000
39,153,2019-08-15 14:30:00,6.79459631474,6.8323965724,6.79459631474,6.8323965724,668
40,152,2019-08-15 15:00:00,6.860746765650001,6.8890969589,6.860746765650001,6.8890969589,300
41,151,2019-08-15 15:30:00,6.93634728097,6.964697474219999,6.93634728097,6.945797345389999,500
42,150,2019-08-15 16:00:00,6.945797345389999,6.945797345389999,6.945797345389999,6.945797345389999,100
43,149,2019-08-16 10:00:00,6.955247409810001,6.955247409810001,6.955247409810001,6.955247409810001,300
44,148,2019-08-16 10:30:00,6.955247409810001,6.955247409810001,6.955247409810001,6.955247409810001,100
45,147,2019-08-16 11:00:00,6.955247409810001,7.002497731880001,6.955247409810001,7.002497731880001,400
46,146,2019-08-16 11:30:00,7.002497731880001,7.002497731880001,7.002497731880001,7.002497731880001,100
47,145,2019-08-16 12:00:00,7.002497731880001,7.002497731880001,7.002497731880001,7.002497731880001,200
48,144,2019-08-16 13:00:00,6.98359760305,6.98359760305,6.98359760305,6.98359760305,100
49,143,2019-08-16 13:30:00,6.98359760305,6.98359760305,6.98359760305,6.98359760305,400
50,142,2019-08-16 14:00:00,6.98359760305,6.98359760305,6.98359760305,6.98359760305,100
51,141,2019-08-16 14:30:00,6.955247409810001,6.955247409810001,6.955247409810001,6.955247409810001,100
52,140,2019-08-19 09:30:00,6.99304766747,6.99304766747,6.99304766747,6.99304766747,100
53,139,2019-08-19 10:00:00,6.9268972165600005,6.93634728097,6.87964689448,6.87964689448,600
54,138,2019-08-19 10:30:00,6.8323965724,6.8323965724,6.8323965724,6.8323965724,300
55,137,2019-08-19 11:00:00,6.870196830069999,6.873220850680001,6.841941137459999,6.84628816709,600
56,136,2019-08-19 11:30:00,6.841941137459999,6.841941137459999,6.841941137459999,6.841941137459999,152
57,135,2019-08-19 12:00:00,6.85129670123,6.85129670123,6.85129670123,6.85129670123,100
58,134,2019-08-19 14:00:00,6.709545735,6.709545735,6.709545735,6.709545735,200
59,133,2019-08-19 14:30:00,6.73789592825,6.73789592825,6.73789592825,6.73789592825,200
60,132,2019-08-19 15:00:00,6.72844586383,6.72844586383,6.72844586383,6.72844586383,100
61,131,2019-08-20 10:00:00,6.662295412919999,6.7000956705900006,6.662295412919999,6.7000956705900006,800
62,130,2019-08-20 10:30:00,6.709545735,6.747345992660001,6.709545735,6.747345992660001,300
63,129,2019-08-20 11:00:00,6.747345992660001,6.747345992660001,6.747345992660001,6.747345992660001,100
64,128,2019-08-20 11:30:00,6.747345992660001,6.747345992660001,6.72844586383,6.72844586383,700
65,127,2019-08-20 12:30:00,6.718995799419999,6.718995799419999,6.718995799419999,6.718995799419999,200
66,126,2019-08-20 13:00:00,6.718995799419999,6.718995799419999,6.718995799419999,6.718995799419999,100
67,125,2019-08-20 13:30:00,6.73789592825,6.73789592825,6.73789592825,6.73789592825,100
68,124,2019-08-20 14:00:00,6.73789592825,6.73789592825,6.73789592825,6.73789592825,200
69,123,2019-08-20 14:30:00,6.73789592825,6.73789592825,6.718995799419999,6.718995799419999,300
70,122,2019-08-20 15:00:00,6.718995799419999,6.718995799419999,6.718995799419999,6.718995799419999,100
71,121,2019-08-20 15:30:00,6.718995799419999,6.72844586383,6.718995799419999,6.72844586383,300
72,120,2019-08-20 16:00:00,6.72844586383,6.72844586383,6.72844586383,6.72844586383,100
73,119,2019-08-21 09:30:00,6.80404637916,6.80404637916,6.80404637916,6.80404637916,100
74,118,2019-08-21 10:00:00,6.79459631474,6.80404637916,6.7851462503299995,6.79459631474,500
75,117,2019-08-21 11:00:00,6.79157229413,6.79157229413,6.747345992660001,6.756796057080001,1562
76,116,2019-08-21 11:30:00,6.7851462503299995,6.7851462503299995,6.7851462503299995,6.7851462503299995,100
77,115,2019-08-21 12:00:00,6.8323965724,6.8323965724,6.8323965724,6.8323965724,300
78,114,2019-08-21 13:30:00,6.8323965724,6.8323965724,6.8323965724,6.8323965724,200
79,113,2019-08-21 14:00:00,6.82294650799,6.82294650799,6.82294650799,6.82294650799,100
80,112,2019-08-21 14:30:00,6.81349644357,6.8323965724,6.7851462503299995,6.82294650799,600
81,111,2019-08-21 15:00:00,6.81349644357,6.81349644357,6.81349644357,6.81349644357,450
82,110,2019-08-21 15:30:00,6.81349644357,6.81349644357,6.81349644357,6.81349644357,100
83,109,2019-08-21 16:00:00,6.83655460075,6.83655460075,6.7851462503299995,6.7851462503299995,1090
84,108,2019-08-22 10:00:00,6.82294650799,6.841846636819999,6.807637403639999,6.807637403639999,828
85,107,2019-08-22 10:30:00,6.8323965724,6.8323965724,6.7851462503299995,6.7851462503299995,200
86,106,2019-08-22 11:00:00,6.7851462503299995,6.82294650799,6.7851462503299995,6.81349644357,3791
87,105,2019-08-22 11:30:00,6.80404637916,6.81349644357,6.79459631474,6.79459631474,300
88,104,2019-08-22 12:00:00,6.79459631474,6.79459631474,6.79459631474,6.79459631474,100
89,103,2019-08-22 12:30:00,6.7662461215,6.7662461215,6.7662461215,6.7662461215,1150
90,102,2019-08-22 13:00:00,6.72844586383,6.72844586383,6.7000956705900006,6.72844586383,2350
91,101,2019-08-22 14:30:00,6.737990428890001,6.737990428890001,6.73789592825,6.73789592825,432
92,100,2019-08-22 16:00:00,6.718995799419999,6.72844586383,6.7000956705900006,6.72844586383,400
93,99,2019-08-23 09:30:00,6.62449515526,6.62449515526,6.62449515526,6.62449515526,100
94,98,2019-08-23 10:00:00,6.55834470435,6.59614496202,6.548894639939999,6.548894639939999,680
95,97,2019-08-23 10:30:00,6.5866948976,6.65284534851,6.5866948976,6.615045090850001,842
96,96,2019-08-23 11:30:00,6.60559502643,6.60559502643,6.529994511109999,6.529994511109999,700
97,95,2019-08-23 12:00:00,6.5110943822800005,6.5110943822800005,6.5110943822800005,6.5110943822800005,100
98,94,2019-08-23 14:00:00,6.426043802540001,6.426043802540001,6.41432572266,6.41432572266,500100
99,93,2019-08-23 14:30:00,6.435493866950001,6.444943931369999,6.435493866950001,6.444943931369999,220
100,92,2019-08-23 15:00:00,6.435493866950001,6.435493866950001,6.435493866950001,6.435493866950001,100
101,91,2019-08-23 15:30:00,6.435493866950001,6.435493866950001,6.426043802540001,6.426043802540001,500
102,90,2019-08-23 16:00:00,6.41659373812,6.41659373812,6.3693434160399995,6.3693434160399995,1336
103,89,2019-08-23 16:30:00,6.40185163763,6.40185163763,6.40185163763,6.40185163763,620066
104,88,2019-08-26 10:00:00,6.45439399578,6.45439399578,6.444943931369999,6.444943931369999,600
105,87,2019-08-26 11:00:00,6.3409932228,6.3409932228,6.3409932228,6.3409932228,200
106,86,2019-08-26 13:30:00,6.3409932228,6.3409932228,6.3409932228,6.3409932228,300
107,85,2019-08-26 15:00:00,6.331543158380001,6.331543158380001,6.331543158380001,6.331543158380001,100
108,84,2019-08-27 10:00:00,6.435493866950001,6.48274418903,6.435493866950001,6.4638440602,400
109,83,2019-08-27 10:30:00,6.444943931369999,6.444943931369999,6.37879348046,6.37879348046,819
110,82,2019-08-27 11:30:00,6.37879348046,6.37879348046,6.37879348046,6.37879348046,500
111,81,2019-08-27 12:00:00,6.35989335163,6.35989335163,6.35989335163,6.35989335163,500
112,80,2019-08-27 12:30:00,6.31264302955,6.3693434160399995,6.31264302955,6.3693434160399995,391
113,79,2019-08-27 13:00:00,6.3220930939699995,6.3220930939699995,6.3220930939699995,6.3220930939699995,300
114,78,2019-08-27 13:30:00,6.3220930939699995,6.3220930939699995,6.3220930939699995,6.3220930939699995,300
115,77,2019-08-27 14:00:00,6.3220930939699995,6.350443287209999,6.3220930939699995,6.350443287209999,300
116,76,2019-08-27 14:30:00,6.350443287209999,6.350443287209999,6.350443287209999,6.350443287209999,200
117,75,2019-08-27 15:30:00,6.39769360929,6.39769360929,6.39769360929,6.39769360929,200
118,74,2019-08-27 16:00:00,6.39769360929,6.39769360929,6.39769360929,6.39769360929,200
119,73,2019-08-28 10:00:00,6.39769360929,6.39769360929,6.34713576467,6.39769360929,4552
120,72,2019-08-28 10:30:00,6.444943931369999,6.444943931369999,6.426043802540001,6.426043802540001,750
121,71,2019-08-28 11:00:00,6.426043802540001,6.426043802540001,6.426043802540001,6.426043802540001,100
122,70,2019-08-28 11:30:00,6.426043802540001,6.426043802540001,6.426043802540001,6.426043802540001,700
123,69,2019-08-28 12:00:00,6.45439399578,6.45439399578,6.45439399578,6.45439399578,200
124,68,2019-08-28 12:30:00,6.426043802540001,6.426043802540001,6.426043802540001,6.426043802540001,600
125,67,2019-08-28 13:00:00,6.426043802540001,6.426043802540001,6.426043802540001,6.426043802540001,100
126,66,2019-08-28 14:00:00,6.48784722381,6.48784722381,6.48784722381,6.48784722381,180
127,65,2019-08-28 15:00:00,6.426043802540001,6.426043802540001,6.426043802540001,6.426043802540001,100
128,64,2019-08-28 15:30:00,6.426043802540001,6.426043802540001,6.426043802540001,6.426043802540001,100
129,63,2019-08-28 16:00:00,6.39769360929,6.407143673709999,6.284292836310001,6.284292836310001,4000
130,62,2019-08-29 10:00:00,6.3693434160399995,6.4638440602,6.3693434160399995,6.45439399578,1526
131,61,2019-08-29 10:30:00,6.45439399578,6.45439399578,6.45439399578,6.45439399578,100
132,60,2019-08-29 11:00:00,6.444943931369999,6.444943931369999,6.407143673709999,6.41659373812,800
133,59,2019-08-29 11:30:00,6.444943931369999,6.50164431786,6.444943931369999,6.50164431786,600
134,58,2019-08-29 12:00:00,6.4874692212400005,6.49219425345,6.48274418903,6.49219425345,613
135,57,2019-08-29 12:30:00,6.4638440602,6.4638440602,6.45439399578,6.45439399578,300
136,56,2019-08-29 13:00:00,6.45439399578,6.50164431786,6.45439399578,6.50164431786,733
137,55,2019-08-30 10:00:00,6.65284534851,6.65284534851,6.65284534851,6.65284534851,200
138,54,2019-08-30 11:00:00,6.7000956705900006,6.7000956705900006,6.7000956705900006,6.7000956705900006,100
139,53,2019-08-30 11:30:00,6.7000956705900006,6.7000956705900006,6.7000956705900006,6.7000956705900006,100
140,52,2019-08-30 13:00:00,6.74148695273,6.74148695273,6.74148695273,6.74148695273,100
141,51,2019-09-03 10:00:00,6.647519131319999,6.71371064472,6.647519131319999,6.71371064472,435
142,50,2019-09-03 10:30:00,6.71371064472,6.71371064472,6.61915133987,6.61915133987,822
143,49,2019-09-03 11:00:00,6.65697506181,6.65697506181,6.65697506181,6.65697506181,100
144,48,2019-09-03 11:30:00,6.65697506181,6.65697506181,6.65697506181,6.65697506181,100
145,47,2019-09-03 12:30:00,6.64742457202,6.647519131319999,6.64742457202,6.647519131319999,6000
146,46,2019-09-03 13:30:00,6.61915133987,6.61915133987,6.61915133987,6.61915133987,100
147,45,2019-09-03 14:00:00,6.60969540938,6.60969540938,6.60969540938,6.60969540938,200
148,44,2019-09-04 09:30:00,6.71371064472,6.71371064472,6.71371064472,6.71371064472,100
149,43,2019-09-04 10:00:00,6.70425471424,6.70425471424,6.68534285327,6.68534285327,436
150,42,2019-09-04 10:30:00,6.68534285327,6.68534285327,6.68534285327,6.68534285327,100
151,41,2019-09-04 11:00:00,6.7231665752100005,6.7231665752100005,6.71371064472,6.7231665752100005,1391
152,40,2019-09-04 13:00:00,6.7515343666600005,6.7515343666600005,6.7515343666600005,6.7515343666600005,100
153,39,2019-09-04 13:30:00,6.7515343666600005,6.7515343666600005,6.7515343666600005,6.7515343666600005,100
154,38,2019-09-04 15:00:00,6.7515343666600005,6.7515343666600005,6.7515343666600005,6.7515343666600005,6200
155,37,2019-09-04 15:30:00,6.7515343666600005,6.7515343666600005,6.71371064472,6.71371064472,531
156,36,2019-09-04 16:00:00,6.770446227640001,6.8366377410300005,6.74207843618,6.8366377410300005,515
157,35,2019-09-05 10:00:00,6.978476698320001,6.978476698320001,6.978476698320001,6.978476698320001,100
158,34,2019-09-05 10:30:00,7.025756350739999,7.0541241422,7.025756350739999,7.0541241422,250
159,33,2019-09-05 11:00:00,7.025756350739999,7.025756350739999,7.025756350739999,7.025756350739999,100
160,32,2019-09-05 11:30:00,6.997388559289999,6.997388559289999,6.997388559289999,6.997388559289999,122
161,31,2019-09-05 12:00:00,6.997388559289999,7.003534914099999,6.997388559289999,7.003534914099999,1555
162,30,2019-09-05 12:30:00,7.00561521881,7.00561521881,7.00561521881,7.00561521881,368
163,29,2019-09-05 13:00:00,7.01630042026,7.01630042026,7.01630042026,7.01630042026,100
164,28,2019-09-05 13:30:00,7.00684448977,7.00684448977,7.00684448977,7.00684448977,100
165,27,2019-09-05 14:00:00,6.978476698320001,6.978476698320001,6.978476698320001,6.978476698320001,100
166,26,2019-09-05 15:30:00,6.95956483735,6.95956483735,6.95956483735,6.95956483735,110
167,25,2019-09-05 16:00:00,6.957768210549999,6.957768210549999,6.957768210549999,6.957768210549999,226371
168,24,2019-09-05 16:30:00,6.70425471424,6.70425471424,6.70425471424,6.70425471424,110
169,23,2019-09-06 10:00:00,7.091947864139999,7.139227516569999,7.091947864139999,7.139227516569999,910
170,22,2019-09-06 10:30:00,7.1581393775399995,7.1581393775399995,7.1581393775399995,7.1581393775399995,100
171,21,2019-09-06 11:00:00,7.1581393775399995,7.1581393775399995,7.139227516569999,7.139227516569999,200
172,20,2019-09-06 11:30:00,7.1581393775399995,7.1581393775399995,7.1581393775399995,7.1581393775399995,100
173,19,2019-09-06 12:00:00,7.222439704839999,7.222439704839999,7.222439704839999,7.222439704839999,123
174,18,2019-09-06 13:00:00,7.1865071689999995,7.1865071689999995,7.1581393775399995,7.1581393775399995,300
175,17,2019-09-06 14:00:00,7.20541902997,7.22433089094,7.20541902997,7.22433089094,1398
176,16,2019-09-06 14:30:00,7.21487496046,7.21487496046,7.21487496046,7.21487496046,100
177,15,2019-09-06 15:00:00,7.16759530803,7.16759530803,7.16759530803,7.16759530803,100
178,14,2019-09-06 15:30:00,7.16759530803,7.1865071689999995,7.16759530803,7.1865071689999995,371
179,13,2019-09-06 16:00:00,7.20541902997,7.20541902997,7.20541902997,7.20541902997,100
180,12,2019-09-09 10:00:00,7.337802056769999,7.337802056769999,7.290522404339999,7.290522404339999,406
181,11,2019-09-09 10:30:00,7.318890195800001,7.385081709189999,7.318890195800001,7.385081709189999,600
182,10,2019-09-09 12:00:00,7.385081709189999,7.385081709189999,7.385081709189999,7.385081709189999,100
183,9,2019-09-09 13:00:00,7.337802056769999,7.337802056769999,7.2999783348300005,7.2999783348300005,400
184,8,2019-09-09 13:30:00,7.3283461262800005,7.3283461262800005,7.3283461262800005,7.3283461262800005,100
185,7,2019-09-09 14:00:00,7.3283461262800005,7.3283461262800005,7.3283461262800005,7.3283461262800005,200
186,6,2019-09-09 14:30:00,7.3283461262800005,7.3283461262800005,7.3283461262800005,7.3283461262800005,180
187,5,2019-09-10 10:00:00,7.1865071689999995,7.1865071689999995,7.148683447060001,7.1865071689999995,300
188,4,2019-09-10 10:30:00,7.1865071689999995,7.1865071689999995,7.16759530803,7.16759530803,630
189,3,2019-09-10 11:00:00,7.21487496046,7.21487496046,7.20541902997,7.20541902997,210
190,2,2019-09-10 13:00:00,7.30943426531,7.30943426531,7.30943426531,7.30943426531,117
191,1,2019-09-10 15:30:00,7.16759530803,7.16759530803,7.16759530803,7.16759530803,200
192,0,2019-09-10 16:00:00,7.20541902997,7.2526986824,7.1865071689999995,7.243242751910001,809
193,127,2019-09-11 10:00:00,7.20541902997,7.28106647385,7.20541902997,7.28106647385,800
194,126,2019-09-11 10:30:00,7.28106647385,7.28106647385,7.28106647385,7.28106647385,120
195,125,2019-09-11 12:30:00,7.2716105433700005,7.2716105433700005,7.2716105433700005,7.2716105433700005,200
196,124,2019-09-11 13:00:00,7.290522404339999,7.290522404339999,7.28106647385,7.28106647385,237
197,123,2019-09-11 13:30:00,7.2999783348300005,7.2999783348300005,7.2999783348300005,7.2999783348300005,100
198,122,2019-09-11 14:30:00,7.2999783348300005,7.2999783348300005,7.2999783348300005,7.2999783348300005,100
199,121,2019-09-12 10:00:00,7.30943426531,7.30943426531,7.26215461288,7.26215461288,200
200,120,2019-09-12 11:30:00,7.24163524373,7.24163524373,7.24163524373,7.24163524373,150
201,119,2019-09-12 14:00:00,7.2254656026,7.2254656026,7.2254656026,7.2254656026,241
202,118,2019-09-13 10:00:00,7.34725798725,7.34725798725,7.2716105433700005,7.2716105433700005,1200
203,117,2019-09-13 10:30:00,7.2526986824,7.26215461288,7.2526986824,7.26215461288,900
204,116,2019-09-13 12:30:00,7.177051238510001,7.177051238510001,7.16759530803,7.16759530803,200
205,115,2019-09-13 14:00:00,7.1203156556,7.1203156556,7.1203156556,7.1203156556,100
206,114,2019-09-13 15:30:00,7.082491933660001,7.082491933660001,7.082491933660001,7.082491933660001,100
207,113,2019-09-13 16:00:00,7.10140379463,7.26215461288,7.10140379463,7.26215461288,524
208,112,2019-09-16 09:30:00,6.978476698320001,7.00684448977,6.978476698320001,7.00684448977,1400
209,111,2019-09-16 10:00:00,7.091947864139999,7.091947864139999,7.01630042026,7.01630042026,620
210,110,2019-09-16 12:00:00,7.0730360031699995,7.12513818015,7.0730360031699995,7.12513818015,6887
211,109,2019-09-16 13:00:00,7.0541241422,7.0541241422,7.0541241422,7.0541241422,300
212,108,2019-09-16 15:30:00,7.01630042026,7.01630042026,7.01630042026,7.01630042026,400
213,107,2019-09-17 10:00:00,6.978476698320001,6.978476698320001,6.978476698320001,6.978476698320001,201
214,106,2019-09-17 11:30:00,7.0446682117199995,7.0446682117199995,7.0446682117199995,7.0446682117199995,200
215,105,2019-09-17 14:00:00,7.1297715860899995,7.1297715860899995,7.1297715860899995,7.1297715860899995,296
216,104,2019-09-18 14:30:00,7.1865071689999995,7.20541902997,7.139227516569999,7.16759530803,1466
217,103,2019-09-18 15:00:00,7.148683447060001,7.148683447060001,7.148683447060001,7.148683447060001,110
218,102,2019-09-18 16:00:00,7.3283461262800005,7.3283461262800005,7.30943426531,7.30943426531,381
219,101,2019-09-19 10:00:00,7.26215461288,7.69712741522,7.22433089094,7.22433089094,1700
220,100,2019-09-19 12:30:00,7.21487496046,7.22433089094,7.148683447060001,7.148683447060001,3521
221,99,2019-09-19 13:30:00,7.1297715860899995,7.1297715860899995,7.1297715860899995,7.1297715860899995,400
222,98,2019-09-19 16:00:00,7.11558769036,7.11558769036,7.11558769036,7.11558769036,300
223,97,2019-09-20 12:30:00,7.091947864139999,7.091947864139999,7.091947864139999,7.091947864139999,300
224,96,2019-09-20 13:30:00,7.0446682117199995,7.0446682117199995,7.0446682117199995,7.0446682117199995,100
225,95,2019-09-20 14:00:00,7.06358007269,7.06358007269,7.06358007269,7.06358007269,329
226,94,2019-09-20 14:30:00,7.091947864139999,7.091947864139999,7.091947864139999,7.091947864139999,100
227,93,2019-09-23 10:00:00,7.10140379463,7.10140379463,7.082491933660001,7.082491933660001,237
228,92,2019-09-23 10:30:00,7.0446682117199995,7.0541241422,7.0446682117199995,7.0541241422,200
229,91,2019-09-23 12:00:00,7.1297715860899995,7.1297715860899995,7.1297715860899995,7.1297715860899995,100
230,90,2019-09-24 10:00:00,7.1297715860899995,7.1297715860899995,7.082491933660001,7.082491933660001,1151
231,89,2019-09-24 13:00:00,7.082491933660001,7.082491933660001,7.082491933660001,7.082491933660001,100
232,88,2019-09-25 10:00:00,7.025756350739999,7.025756350739999,7.025756350739999,7.025756350739999,200
233,87,2019-09-25 10:30:00,6.978476698320001,6.9879326288,6.978476698320001,6.9879326288,1000
234,86,2019-09-25 11:00:00,6.9879326288,6.9879326288,6.9879326288,6.9879326288,100
235,85,2019-09-25 11:30:00,7.01630042026,7.01630042026,7.01630042026,7.01630042026,800
236,84,2019-09-25 12:00:00,7.01630042026,7.02263589368,7.01630042026,7.02263589368,743
237,83,2019-09-25 14:00:00,7.06358007269,7.06358007269,7.06358007269,7.06358007269,100
238,82,2019-09-25 14:30:00,7.082491933660001,7.11085972511,7.082491933660001,7.11085972511,1400
239,81,2019-09-25 15:00:00,7.082491933660001,7.082491933660001,7.082491933660001,7.082491933660001,500
240,80,2019-09-25 15:30:00,7.082491933660001,7.10140379463,7.082491933660001,7.10140379463,200
241,79,2019-09-25 16:00:00,7.11085972511,7.11085972511,7.11085972511,7.11085972511,100
242,78,2019-09-26 10:00:00,7.1581393775399995,7.1581393775399995,7.148683447060001,7.148683447060001,300
243,77,2019-09-26 10:30:00,7.1865071689999995,7.1865071689999995,7.1865071689999995,7.1865071689999995,200
244,76,2019-09-26 11:00:00,7.16759530803,7.16759530803,7.16759530803,7.16759530803,100
245,75,2019-09-26 11:30:00,7.16759530803,7.16759530803,7.16759530803,7.16759530803,100
246,74,2019-09-26 12:00:00,7.20541902997,7.23378682143,7.20541902997,7.23378682143,2200
247,73,2019-09-26 13:00:00,7.22433089094,7.22433089094,7.22433089094,7.22433089094,100
248,72,2019-09-26 14:00:00,7.20541902997,7.20541902997,7.20541902997,7.20541902997,100
249,71,2019-09-26 15:00:00,7.20541902997,7.20541902997,7.20541902997,7.20541902997,100
250,70,2019-09-26 16:00:00,7.20541902997,7.20541902997,7.20541902997,7.20541902997,350
251,69,2019-09-27 10:30:00,7.20541902997,7.20541902997,7.20541902997,7.20541902997,500
252,68,2019-09-27 11:30:00,7.20541902997,7.20541902997,7.20541902997,7.20541902997,100
253,67,2019-09-27 12:00:00,7.22433089094,7.22433089094,7.20541902997,7.20541902997,200
254,66,2019-09-27 12:30:00,7.1865071689999995,7.1865071689999995,7.1865071689999995,7.1865071689999995,200
255,65,2019-09-27 13:00:00,7.1581393775399995,7.195963099480001,7.1581393775399995,7.177051238510001,1400
256,64,2019-09-27 15:00:00,7.177051238510001,7.195963099480001,7.177051238510001,7.177051238510001,1000
257,63,2019-09-27 15:30:00,7.177051238510001,7.20541902997,7.177051238510001,7.20541902997,200
258,62,2019-09-30 10:00:00,7.177051238510001,7.195963099480001,7.177051238510001,7.195963099480001,554
259,61,2019-09-30 10:30:00,7.1865071689999995,7.1865071689999995,7.1865071689999995,7.1865071689999995,100
260,60,2019-09-30 11:00:00,7.139227516569999,7.148683447060001,7.139227516569999,7.148683447060001,3511
261,59,2019-09-30 11:30:00,7.1297715860899995,7.1297715860899995,7.1297715860899995,7.1297715860899995,300
262,58,2019-09-30 13:30:00,7.1297715860899995,7.148683447060001,7.1297715860899995,7.1297715860899995,2300
263,57,2019-09-30 14:00:00,7.1297715860899995,7.177051238510001,7.1297715860899995,7.16286734278,1583
264,56,2019-09-30 14:30:00,7.148683447060001,7.148683447060001,7.148683447060001,7.148683447060001,306
265,55,2019-09-30 15:00:00,7.1581393775399995,7.20541902997,7.1581393775399995,7.1581393775399995,3734
266,54,2019-10-01 10:00:00,7.10140379463,7.10140379463,7.10140379463,7.10140379463,200
267,53,2019-10-01 10:30:00,7.0541241422,7.0541241422,7.0541241422,7.0541241422,100
268,52,2019-10-01 13:30:00,6.997388559289999,6.997388559289999,6.96902076783,6.96902076783,1408
269,51,2019-10-01 15:00:00,6.96902076783,7.1203156556,6.96902076783,6.96902076783,5200
270,50,2019-10-01 15:30:00,6.978476698320001,6.978476698320001,6.978476698320001,6.978476698320001,200
271,49,2019-10-01 16:00:00,6.96902076783,6.96902076783,6.96902076783,6.96902076783,100
272,48,2019-10-01 17:00:00,6.96902076783,7.035212281230001,6.96902076783,7.035212281230001,700
273,47,2019-10-02 10:00:00,6.85952181614,6.85952181614,6.85952181614,6.85952181614,200
274,46,2019-10-02 10:30:00,6.82167617854,6.82167617854,6.81221476913,6.81221476913,500
275,45,2019-10-02 11:30:00,6.81221476913,6.81221476913,6.81221476913,6.81221476913,100
276,44,2019-10-02 12:00:00,6.81221476913,6.81221476913,6.81221476913,6.81221476913,300
277,43,2019-10-02 13:30:00,6.76490772213,6.76490772213,6.76490772213,6.76490772213,240
278,42,2019-10-02 15:30:00,6.81221476913,6.81221476913,6.81221476913,6.81221476913,200
279,41,2019-10-02 16:00:00,6.8027533597300005,6.8027533597300005,6.8027533597300005,6.8027533597300005,400
280,40,2019-10-03 10:00:00,6.77436913153,6.77436913153,6.755446312719999,6.755446312719999,300
281,39,2019-10-03 10:30:00,6.755446312719999,6.8027533597300005,6.755446312719999,6.8027533597300005,400
282,38,2019-10-03 11:00:00,6.8027533597300005,6.8027533597300005,6.8027533597300005,6.8027533597300005,200
283,37,2019-10-03 11:30:00,6.8027533597300005,6.85006040674,6.8027533597300005,6.85006040674,300
284,36,2019-10-03 12:00:00,6.8027533597300005,6.8027533597300005,6.8027533597300005,6.8027533597300005,100
285,35,2019-10-03 13:00:00,6.8027533597300005,6.8027533597300005,6.8027533597300005,6.8027533597300005,100
286,34,2019-10-03 14:00:00,6.85006040674,6.85006040674,6.85006040674,6.85006040674,200
287,33,2019-10-03 15:30:00,6.8027533597300005,6.8027533597300005,6.8027533597300005,6.8027533597300005,100
288,32,2019-10-03 16:00:00,6.8027533597300005,6.8027533597300005,6.8027533597300005,6.8027533597300005,100
289,31,2019-10-04 10:00:00,6.82167617854,6.82167617854,6.82167617854,6.82167617854,200
290,30,2019-10-04 10:30:00,6.86898322554,6.86898322554,6.84059899734,6.84059899734,500
291,29,2019-10-04 11:00:00,6.84059899734,6.84059899734,6.81221476913,6.81221476913,907
292,28,2019-10-04 11:30:00,6.85006040674,6.85006040674,6.85006040674,6.85006040674,300
293,27,2019-10-04 13:00:00,6.85006040674,6.85006040674,6.85006040674,6.85006040674,100
294,26,2019-10-04 13:30:00,6.86898322554,6.86898322554,6.86898322554,6.86898322554,100
295,25,2019-10-04 14:00:00,6.87844463495,6.87844463495,6.87844463495,6.87844463495,200
296,24,2019-10-04 14:30:00,6.86898322554,6.86898322554,6.86898322554,6.86898322554,100
297,23,2019-10-04 15:00:00,6.86898322554,6.86898322554,6.86898322554,6.86898322554,100
298,22,2019-10-04 16:00:00,6.944674500760001,6.944674500760001,6.944674500760001,6.944674500760001,100
299,21,2019-10-07 10:00:00,6.944674500760001,6.99198154776,6.944674500760001,6.99198154776,600
300,20,2019-10-07 11:30:00,6.99198154776,6.99198154776,6.944674500760001,6.944674500760001,300
301,19,2019-10-07 13:00:00,6.89736745375,6.89736745375,6.89736745375,6.89736745375,100
302,18,2019-10-07 14:00:00,6.89736745375,6.9257516819500005,6.89736745375,6.9257516819500005,200
303,17,2019-10-07 14:30:00,6.9257516819500005,6.9257516819500005,6.89736745375,6.89736745375,200
304,16,2019-10-08 10:00:00,6.86898322554,6.87844463495,6.86898322554,6.87844463495,200
305,15,2019-10-08 10:30:00,6.87844463495,6.89736745375,6.87844463495,6.89736745375,305
306,14,2019-10-08 11:00:00,6.887906044349999,6.944674500760001,6.887906044349999,6.944674500760001,300
307,13,2019-10-08 11:30:00,6.963597319560001,7.010904366569999,6.963597319560001,6.97305872896,1710
308,12,2019-10-08 12:00:00,6.944674500760001,6.944674500760001,6.944674500760001,6.944674500760001,100
309,11,2019-10-08 13:00:00,6.954135910160001,6.99198154776,6.944674500760001,6.944674500760001,1600
310,10,2019-10-08 13:30:00,6.944674500760001,6.944674500760001,6.944674500760001,6.944674500760001,110
311,9,2019-10-08 14:00:00,6.963597319560001,6.963597319560001,6.963597319560001,6.963597319560001,300
312,8,2019-10-08 15:00:00,6.93521309135,6.93521309135,6.87844463495,6.87844463495,472
313,7,2019-10-08 15:30:00,6.89736745375,6.89736745375,6.89736745375,6.89736745375,115
314,6,2019-10-09 09:30:00,6.91629027255,6.91629027255,6.91629027255,6.91629027255,100
315,5,2019-10-09 10:00:00,6.887906044349999,6.887906044349999,6.887906044349999,6.887906044349999,202
316,4,2019-10-09 14:00:00,7.0487500041699995,7.0487500041699995,7.0487500041699995,7.0487500041699995,100
317,3,2019-10-10 10:00:00,7.11119530622,7.11119530622,7.11119530622,7.11119530622,100
318,2,2019-10-10 11:00:00,7.143364098189999,7.155758544510001,7.143364098189999,7.155758544510001,2866
319,1,2019-10-10 11:30:00,7.152825507589999,7.152825507589999,7.152825507589999,7.152825507589999,100
320,0,2019-10-10 14:30:00,6.982520138360001,6.982520138360001,6.982520138360001,6.982520138360001,100
321,142,2019-10-11 10:00:00,7.1906711452,7.1906711452,7.1906711452,7.1906711452,200
322,141,2019-10-11 16:00:00,7.06767282298,7.06767282298,7.06767282298,7.06767282298,402
323,140,2019-10-14 09:30:00,7.152825507589999,7.152825507589999,7.152825507589999,7.152825507589999,100
324,139,2019-10-14 13:30:00,7.143364098189999,7.143364098189999,7.143364098189999,7.143364098189999,100
325,138,2019-10-14 14:00:00,7.200132554600001,7.200132554600001,7.200132554600001,7.200132554600001,100
326,137,2019-10-14 14:30:00,7.200132554600001,7.200132554600001,7.200132554600001,7.200132554600001,100
327,136,2019-10-14 15:30:00,7.209593964,7.209593964,7.209593964,7.209593964,100
328,135,2019-10-14 16:00:00,7.2285167828,7.2285167828,7.2285167828,7.2285167828,197
329,134,2019-10-15 10:00:00,7.200132554600001,7.200132554600001,7.200132554600001,7.200132554600001,275
330,133,2019-10-15 12:30:00,7.29474664861,7.29474664861,7.29474664861,7.29474664861,300
331,132,2019-10-16 10:00:00,7.209593964,7.219055373400001,6.982520138360001,7.219055373400001,10984
332,131,2019-10-16 11:30:00,7.275823829810001,7.31366946742,7.275823829810001,7.31366946742,3222
333,130,2019-10-16 15:00:00,7.4272063802399995,7.4272063802399995,7.4272063802399995,7.4272063802399995,100
334,129,2019-10-16 15:30:00,7.40828356143,7.40828356143,7.379899333230001,7.379899333230001,23387
335,128,2019-10-17 09:30:00,7.597511749460001,7.597511749460001,7.597511749460001,7.597511749460001,360
336,127,2019-10-17 10:00:00,7.559666111860001,7.60602701793,7.55077238702,7.56912752126,2177
337,126,2019-10-17 11:00:00,7.4272063802399995,7.4272063802399995,7.379899333230001,7.40828356143,1100
338,125,2019-10-17 12:30:00,7.37327634665,7.37327634665,7.37327634665,7.37327634665,131
339,124,2019-10-17 16:00:00,7.40828356143,7.40828356143,7.40828356143,7.40828356143,1150
340,123,2019-10-18 11:00:00,7.404239765339999,7.404239765339999,7.404239765339999,7.404239765339999,150
341,122,2019-10-21 09:30:00,7.342515827510001,7.342515827510001,7.342515827510001,7.342515827510001,100
342,121,2019-10-21 12:30:00,7.3300345257,7.3300345257,7.3132627764,7.3132627764,239
343,120,2019-10-21 13:00:00,7.33276481047,7.33276481047,7.33276481047,7.33276481047,500
344,119,2019-10-21 16:00:00,7.420523963789999,7.4459741182500006,7.420523963789999,7.420523963789999,384
345,118,2019-10-22 09:30:00,7.48878108303,7.48878108303,7.48878108303,7.48878108303,100
346,117,2019-10-22 10:00:00,7.459528031930001,7.518034134139999,7.459528031930001,7.518034134139999,1136
347,116,2019-10-22 10:30:00,7.62529532153,7.62529532153,7.62529532153,7.62529532153,100
348,115,2019-10-22 11:30:00,7.65454837263,7.65454837263,7.65454837263,7.65454837263,1152
349,114,2019-10-22 12:00:00,7.71305447484,7.71305447484,7.71305447484,7.71305447484,101
350,113,2019-10-22 14:00:00,7.771560577060001,7.771560577060001,7.76180956002,7.76180956002,300
351,112,2019-10-22 15:00:00,7.73255650891,7.73255650891,7.73255650891,7.73255650891,200
352,111,2019-10-22 16:00:00,7.722805491880001,7.7276810004,7.722805491880001,7.7276810004,1004
353,110,2019-10-23 10:00:00,7.800813628160001,7.800813628160001,7.800813628160001,7.800813628160001,1304
354,109,2019-10-23 13:00:00,7.830066679269999,7.878821764439999,7.830066679269999,7.878821764439999,600
355,108,2019-10-23 14:00:00,7.90319930703,7.90319930703,7.90319930703,7.90319930703,100
356,107,2019-10-23 14:30:00,7.92757684962,7.92757684962,7.92757684962,7.92757684962,400
357,106,2019-10-23 16:00:00,7.97633193479,7.97633193479,7.93732786665,7.93732786665,200
358,105,2019-10-24 09:30:00,8.02508701997,8.02508701997,8.02508701997,8.02508701997,100
359,104,2019-10-24 10:00:00,7.94707888369,7.94707888369,7.94707888369,7.94707888369,300
360,103,2019-10-24 10:30:00,7.94707888369,7.94707888369,7.94707888369,7.94707888369,11450
361,102,2019-10-24 11:00:00,7.99583396886,7.99583396886,7.99583396886,7.99583396886,200
362,101,2019-10-24 12:00:00,8.0055849859,8.0055849859,8.0055849859,8.0055849859,400
363,100,2019-10-24 12:30:00,7.99583396886,7.99583396886,7.96658091776,7.99583396886,1350
364,99,2019-10-24 13:00:00,7.99583396886,7.99583396886,7.96658091776,7.96658091776,200
365,98,2019-10-24 13:30:00,7.94707888369,7.94707888369,7.94707888369,7.94707888369,100
366,97,2019-10-24 16:00:00,7.94707888369,7.94707888369,7.94707888369,7.94707888369,101
367,96,2019-10-25 10:00:00,8.0055849859,8.01533600294,8.0055849859,8.01533600294,550
368,95,2019-10-25 10:30:00,8.02508701997,8.02508701997,8.02508701997,8.02508701997,100
369,94,2019-10-25 11:00:00,8.02508701997,8.02508701997,8.02508701997,8.02508701997,200
370,93,2019-10-25 11:30:00,8.034838037010001,8.07384210515,8.034838037010001,8.07384210515,500
371,92,2019-10-25 12:00:00,8.08359312218,8.08359312218,8.08359312218,8.08359312218,100
372,91,2019-10-25 12:30:00,8.034838037010001,8.034838037010001,8.034838037010001,8.034838037010001,100
373,90,2019-10-25 13:00:00,8.02508701997,8.02508701997,8.02508701997,8.02508701997,100
374,89,2019-10-25 13:30:00,8.01533600294,8.01533600294,8.01533600294,8.01533600294,200
375,88,2019-10-25 14:00:00,8.01533600294,8.01533600294,8.01533600294,8.01533600294,100
376,87,2019-10-25 15:00:00,8.05434007108,8.07384210515,8.05434007108,8.07384210515,200
377,86,2019-10-25 15:30:00,8.06409108811,8.06409108811,8.02508701997,8.02508701997,1300
378,85,2019-10-28 10:00:00,8.18110329253,8.18110329253,8.1713522755,8.1713522755,700
379,84,2019-10-28 10:30:00,8.22985837771,8.22985837771,8.22985837771,8.22985837771,100
380,83,2019-10-28 11:30:00,8.24936041178,8.24936041178,8.18110329253,8.210356343639999,5167
381,82,2019-10-28 12:00:00,8.23960939474,8.23960939474,8.23960939474,8.23960939474,335
382,81,2019-10-28 14:00:00,8.278613462889998,8.298115496960001,8.278613462889998,8.298115496960001,527
383,80,2019-10-28 15:30:00,8.30786651399,8.30786651399,8.30786651399,8.30786651399,100
384,79,2019-10-29 10:00:00,8.22985837771,8.22985837771,8.22985837771,8.22985837771,300
385,78,2019-10-29 10:30:00,8.19846010286,8.19846010286,8.19846010286,8.19846010286,100
386,77,2019-10-29 11:00:00,8.22985837771,8.278613462889998,8.22985837771,8.278613462889998,200
387,76,2019-10-29 11:30:00,8.278613462889998,8.278613462889998,8.278613462889998,8.278613462889998,100
388,75,2019-10-29 12:00:00,8.22985837771,8.22985837771,8.18110329253,8.18110329253,1100
389,74,2019-10-29 12:30:00,8.22010736067,8.22010736067,8.22010736067,8.22010736067,100
390,73,2019-10-29 13:00:00,8.19572981809,8.2006053266,8.19572981809,8.2006053266,450
391,72,2019-10-29 13:30:00,8.23960939474,8.24936041178,8.210356343639999,8.210356343639999,1301
392,71,2019-10-29 14:30:00,8.2006053266,8.2006053266,8.18110329253,8.2006053266,1000
393,70,2019-10-29 15:00:00,8.2006053266,8.2006053266,8.1713522755,8.1713522755,1200
394,69,2019-10-29 15:30:00,8.161601258460001,8.1713522755,8.161601258460001,8.1713522755,500
395,68,2019-10-29 16:00:00,8.185881290880001,8.185881290880001,8.185881290880001,8.185881290880001,228
396,67,2019-10-30 10:00:00,8.07384210515,8.07384210515,8.02508701997,8.02508701997,400
397,66,2019-10-30 10:30:00,8.02508701997,8.02508701997,8.02508701997,8.02508701997,100
398,65,2019-10-30 11:00:00,8.02508701997,8.07384210515,8.02508701997,8.07384210515,301
399,64,2019-10-30 11:30:00,8.11284617329,8.11284617329,8.11284617329,8.11284617329,255
400,63,2019-10-30 13:00:00,8.10309515625,8.10309515625,8.10309515625,8.10309515625,500
401,62,2019-10-30 13:30:00,8.11284617329,8.11284617329,8.11284617329,8.11284617329,100
402,61,2019-10-30 14:30:00,8.210356343639999,8.210356343639999,8.210356343639999,8.210356343639999,100
403,60,2019-10-30 15:30:00,8.277638361180001,8.28836447992,8.277638361180001,8.28836447992,668
404,59,2019-10-31 10:00:00,8.01533600294,8.01533600294,8.01533600294,8.01533600294,200
405,58,2019-10-31 10:30:00,7.96658091776,7.96658091776,7.96658091776,7.96658091776,100
406,57,2019-10-31 11:00:00,7.878821764439999,7.93732786665,7.878821764439999,7.93732786665,2060
407,56,2019-10-31 11:30:00,7.93732786665,7.93732786665,7.93732786665,7.93732786665,100
408,55,2019-10-31 12:00:00,7.91334036475,7.91334036475,7.88857278148,7.888767801819999,1400
409,54,2019-10-31 12:30:00,7.88857278148,7.92162872923,7.863025116849999,7.92162872923,11700
410,53,2019-10-31 13:00:00,7.878821764439999,7.878821764439999,7.878821764439999,7.878821764439999,100
411,52,2019-10-31 13:30:00,7.88857278148,7.88857278148,7.88857278148,7.88857278148,200
412,51,2019-10-31 14:00:00,7.898323798510001,7.9253341157,7.898323798510001,7.9253341157,2000
413,50,2019-10-31 14:30:00,7.92757684962,7.92757684962,7.92757684962,7.92757684962,100
414,49,2019-10-31 15:00:00,7.898323798510001,7.898323798510001,7.898323798510001,7.898323798510001,300
415,48,2019-10-31 15:30:00,7.898323798510001,7.94707888369,7.898323798510001,7.94707888369,500
416,47,2019-11-01 10:00:00,7.986082951830001,8.04458905404,7.986082951830001,8.0055849859,2400
417,46,2019-11-01 10:30:00,7.96658091776,7.96658091776,7.95682990072,7.95682990072,1300
418,45,2019-11-01 11:00:00,7.93732786665,7.95682990072,7.92757684962,7.92757684962,2578
419,44,2019-11-01 11:30:00,7.92757684962,7.93732786665,7.92757684962,7.92757684962,500
420,43,2019-11-01 16:00:00,7.88857278148,7.88857278148,7.88857278148,7.88857278148,100
421,42,2019-11-04 10:00:00,7.95349542421,7.95349542421,7.951153980089999,7.951153980089999,2660
422,41,2019-11-04 10:30:00,7.941397962939999,7.941397962939999,7.941397962939999,7.941397962939999,100
423,40,2019-11-04 11:00:00,7.92188592863,7.92188592863,7.92188592863,7.92188592863,100
424,39,2019-11-04 11:30:00,7.941397962939999,7.96090999725,7.941397962939999,7.941397962939999,503
425,38,2019-11-04 13:00:00,7.91212991148,7.91212991148,7.902373894330001,7.902373894330001,300
426,37,2019-11-04 14:00:00,7.91212991148,7.91212991148,7.89261787717,7.89261787717,600
427,36,2019-11-04 14:30:00,7.89261787717,7.89261787717,7.89261787717,7.89261787717,200
428,35,2019-11-04 15:00:00,7.89261787717,7.89261787717,7.89261787717,7.89261787717,200
429,34,2019-11-04 15:30:00,7.89261787717,7.92188592863,7.89261787717,7.92188592863,675
430,33,2019-11-04 16:00:00,7.873105842869999,7.873105842869999,7.863349825710001,7.863349825710001,200
431,32,2019-11-05 10:00:00,7.96090999725,7.96090999725,7.96090999725,7.96090999725,100
432,31,2019-11-05 10:30:00,7.96090999725,7.96090999725,7.96090999725,7.96090999725,450
433,30,2019-11-05 11:00:00,7.96090999725,7.96090999725,7.96090999725,7.96090999725,100
434,29,2019-11-05 11:30:00,7.97817814761,7.97817814761,7.97817814761,7.97817814761,132
435,28,2019-11-05 12:00:00,7.96090999725,7.96090999725,7.96090999725,7.96090999725,370
436,27,2019-11-05 12:30:00,7.96090999725,7.96090999725,7.96090999725,7.96090999725,550
437,26,2019-11-05 13:30:00,7.96090999725,7.96090999725,7.96090999725,7.96090999725,100
438,25,2019-11-06 09:00:00,8.087640660069999,8.087640660069999,8.087640660069999,8.087640660069999,1800
439,24,2019-11-06 10:00:00,7.80481372279,7.882861860019999,7.785301688480001,7.85359380856,4781
440,23,2019-11-06 10:30:00,7.91212991148,7.91212991148,7.91212991148,7.91212991148,300
441,22,2019-11-06 11:00:00,7.92188592863,7.92188592863,7.92188592863,7.92188592863,300
442,21,2019-11-06 11:30:00,7.91212991148,7.91212991148,7.91212991148,7.91212991148,200
443,20,2019-11-06 12:00:00,7.882861860019999,7.882861860019999,7.873105842869999,7.873105842869999,500
444,19,2019-11-06 12:30:00,7.84383779141,7.84383779141,7.836228098029999,7.836228098029999,400
445,18,2019-11-06 13:00:00,7.80481372279,7.80481372279,7.80481372279,7.80481372279,214
446,17,2019-11-06 13:30:00,7.8009113159300005,7.8009113159300005,7.791447979289999,7.791447979289999,6150
447,16,2019-11-06 14:00:00,7.77554567133,7.77554567133,7.77554567133,7.77554567133,100
448,15,2019-11-06 14:30:00,7.785301688480001,7.785301688480001,7.77554567133,7.77554567133,599
449,14,2019-11-06 15:30:00,7.785301688480001,7.785301688480001,7.785301688480001,7.785301688480001,100
450,13,2019-11-06 16:00:00,7.85359380856,7.85359380856,7.819252628180001,7.819252628180001,300
451,12,2019-11-07 11:30:00,7.80481372279,7.80481372279,7.80481372279,7.80481372279,310
452,11,2019-11-07 12:30:00,7.85359380856,7.85359380856,7.85359380856,7.85359380856,100
453,10,2019-11-07 13:00:00,7.85359380856,7.85359380856,7.85359380856,7.85359380856,100
454,9,2019-11-07 15:00:00,7.80481372279,7.80481372279,7.80481372279,7.80481372279,100
455,8,2019-11-08 10:00:00,7.60969337972,7.60969337972,7.5999373625699995,7.5999373625699995,1100
456,7,2019-11-08 10:30:00,7.5672547051,7.5999373625699995,7.5672547051,7.5999373625699995,300
457,6,2019-11-08 11:30:00,7.60969337972,7.60969337972,7.60969337972,7.60969337972,300
458,5,2019-11-08 12:00:00,7.59018134542,7.59018134542,7.59018134542,7.59018134542,100
459,4,2019-11-08 13:00:00,7.5511572768,7.5511572768,7.5511572768,7.5511572768,267
460,3,2019-11-08 14:30:00,7.56091329395,7.56091329395,7.53164524249,7.53164524249,458
461,2,2019-11-08 15:00:00,7.512133208189999,7.512133208189999,7.3853049851899994,7.3853049851899994,663
462,1,2019-11-08 15:30:00,7.443841088110001,7.443841088110001,7.38510986485,7.38510986485,1174
463,0,2019-11-08 16:00:00,7.4048170195,7.4048170195,7.36579295088,7.36579295088,200
