,index,time,open,high,low,close,volume
0,128,2019-01-14 10:00:00,11.7957810359,11.7957810359,11.7957810359,11.7957810359,291
1,127,2019-01-14 14:30:00,11.770068673099999,11.770068673099999,11.7581508991,11.7581508991,600
2,126,2019-01-14 16:00:00,11.767628813800002,11.767628813800002,11.767628813800002,11.767628813800002,291
3,125,2019-01-15 10:00:00,11.645635851700002,11.645635851700002,11.645635851700002,11.645635851700002,2419
4,124,2019-01-15 10:30:00,11.720708443800001,11.7300925178,11.720708443800001,11.7300925178,1653
5,123,2019-01-15 11:30:00,11.7300925178,11.7300925178,11.7113243698,11.7113243698,747
6,122,2019-01-15 12:00:00,11.7300925178,11.7300925178,11.7300925178,11.7300925178,620
7,121,2019-01-15 12:30:00,11.748860665799999,11.7582447398,11.748860665799999,11.7582447398,200
8,120,2019-01-15 14:00:00,11.7582447398,11.7582447398,11.748860665799999,11.748860665799999,887
9,119,2019-01-16 10:00:00,11.7957810359,11.8051651099,11.7300925178,11.7300925178,2049
10,118,2019-01-16 10:30:00,11.748860665799999,11.748860665799999,11.748860665799999,11.748860665799999,300
11,117,2019-01-16 11:00:00,11.748860665799999,11.7489545066,11.748860665799999,11.7489545066,1900
12,116,2019-01-16 14:30:00,11.7591831472,11.7770128879,11.7582447398,11.7582447398,4500
13,115,2019-01-16 16:00:00,11.7666904064,11.7677226546,11.7582447398,11.7582447398,2593
14,114,2019-01-17 10:00:00,11.7770128879,11.7770128879,11.7770128879,11.7770128879,225
15,113,2019-01-17 11:30:00,11.8145491839,11.842701406,11.7582447398,11.842701406,1753
16,112,2019-01-17 12:30:00,11.85208548,11.85208548,11.85208548,11.85208548,2900
17,111,2019-01-17 14:30:00,11.8239332579,11.8239332579,11.8239332579,11.8239332579,1000
18,110,2019-01-17 15:00:00,11.8239332579,11.8322850838,11.8239332579,11.8239332579,4519
19,109,2019-01-18 10:00:00,11.796344080299999,11.796344080299999,11.796344080299999,11.796344080299999,353
20,108,2019-01-18 12:00:00,11.767628813800002,11.767628813800002,11.767628813800002,11.767628813800002,200
21,107,2019-01-18 12:30:00,11.7770128879,11.7770128879,11.7770128879,11.7770128879,100
22,106,2019-01-18 16:00:00,11.8092941025,11.8101386691,11.8092941025,11.8101386691,3500
23,105,2019-01-22 10:00:00,11.870853627999999,11.870853627999999,11.870853627999999,11.870853627999999,175
24,104,2019-01-22 10:30:00,11.8333173319,11.8333173319,11.8333173319,11.8333173319,565
25,103,2019-01-22 11:00:00,11.8454227874,11.8454227874,11.8454227874,11.8454227874,400
26,102,2019-01-23 10:00:00,11.8333173319,11.8333173319,11.786396961900001,11.786396961900001,336
27,101,2019-01-23 10:30:00,11.8145491839,11.8145491839,11.8145491839,11.8145491839,366
28,100,2019-01-23 15:00:00,11.8145491839,11.8145491839,11.8145491839,11.8145491839,100
29,99,2019-01-23 16:00:00,11.8145491839,11.8145491839,11.7770128879,11.7770128879,532
30,98,2019-01-24 10:00:00,11.85208548,11.85208548,11.85208548,11.85208548,338
31,97,2019-01-24 10:30:00,11.8333173319,11.8333173319,11.8333173319,11.8333173319,300
32,96,2019-01-24 11:00:00,11.8333173319,11.861469554000001,11.8239332579,11.8239332579,3543
33,95,2019-01-24 11:30:00,11.8239332579,11.861469554000001,11.7770128879,11.7770128879,3255
34,94,2019-01-24 13:00:00,11.7770128879,11.777669773,11.7770128879,11.7770128879,2800
35,93,2019-01-24 16:00:00,11.7957810359,11.7957810359,11.7957810359,11.7957810359,100
36,92,2019-01-25 10:00:00,11.7770128879,11.7770128879,11.7113243698,11.7113243698,6704
37,91,2019-01-25 10:30:00,11.7113243698,11.7113243698,11.7113243698,11.7113243698,1334
38,90,2019-01-25 11:30:00,11.711230529000002,11.7113243698,11.7019402957,11.7019402957,12555
39,89,2019-01-25 12:30:00,11.7019402957,11.7019402957,11.7019402957,11.7019402957,2824
40,88,2019-01-25 13:00:00,11.7019402957,11.7113243698,11.7019402957,11.7066323328,802
41,87,2019-01-25 14:00:00,11.7113243698,11.7113243698,11.7113243698,11.7113243698,100
42,86,2019-01-25 14:30:00,11.7113243698,11.7113243698,11.7113243698,11.7113243698,200
43,85,2019-01-25 15:00:00,11.7113243698,11.7394765918,11.6925562217,11.7394765918,300
44,84,2019-01-25 15:30:00,11.7394765918,11.7394765918,11.7394765918,11.7394765918,200
45,83,2019-01-25 16:00:00,11.7394765918,11.7394765918,11.7394765918,11.7394765918,1197
46,82,2019-01-28 10:00:00,11.7770128879,11.7770128879,11.7770128879,11.7770128879,388
47,81,2019-01-28 11:00:00,11.7394765918,11.7479222584,11.7300925178,11.742948699200001,2903
48,80,2019-01-28 12:30:00,11.7300925178,11.7300925178,11.7300925178,11.7300925178,200
49,79,2019-01-28 14:00:00,11.7300925178,11.7300925178,11.7300925178,11.7300925178,1600
50,78,2019-01-28 14:30:00,11.7300925178,11.7300925178,11.7300925178,11.7300925178,200
51,77,2019-01-28 16:00:00,11.716016406800001,11.716016406800001,11.673788073699999,11.673788073699999,2570
52,76,2019-01-29 10:00:00,11.748860665799999,11.772977736,11.6925562217,11.7019402957,420
53,75,2019-01-29 10:30:00,11.7019402957,11.7019402957,11.7019402957,11.7019402957,100
54,74,2019-01-29 11:00:00,11.6925562217,11.6925562217,11.6925562217,11.6925562217,200
55,73,2019-01-29 11:30:00,11.6925562217,11.6925562217,11.6925562217,11.6925562217,200
56,72,2019-01-29 12:00:00,11.6925562217,11.6925562217,11.6925562217,11.6925562217,100
57,71,2019-01-29 12:30:00,11.6925562217,11.6925562217,11.6925562217,11.6925562217,100
58,70,2019-01-29 13:00:00,11.6925562217,11.6925562217,11.6925562217,11.6925562217,100
59,69,2019-01-29 13:30:00,11.6925562217,11.6925562217,11.6925562217,11.6925562217,200
60,68,2019-01-29 14:00:00,11.6925562217,11.6925562217,11.6925562217,11.6925562217,200
61,67,2019-01-29 14:30:00,11.7582447398,11.7582447398,11.6925562217,11.6925562217,1519
62,66,2019-01-29 15:00:00,11.6925562217,11.6925562217,11.6925562217,11.6925562217,300
63,65,2019-01-29 15:30:00,11.748203780599999,11.748203780599999,11.6831721477,11.6831721477,600
64,64,2019-01-29 16:00:00,11.6831721477,11.6831721477,11.626867703599999,11.6362517776,4930
65,63,2019-01-30 10:00:00,11.6925562217,11.6925562217,11.6925562217,11.6925562217,100
66,62,2019-01-30 11:00:00,11.6831721477,11.6831721477,11.6831721477,11.6831721477,200
67,61,2019-01-30 11:30:00,11.6831721477,11.716016406800001,11.6831721477,11.716016406800001,1800
68,60,2019-01-30 12:00:00,11.664403999700001,11.664403999700001,11.664403999700001,11.664403999700001,100
69,59,2019-01-30 14:00:00,11.664403999700001,11.664403999700001,11.626867703599999,11.626867703599999,1756
70,58,2019-01-30 14:30:00,11.6362517776,11.6362517776,11.6362517776,11.6362517776,200
71,57,2019-01-30 15:00:00,11.6362517776,11.6772601811,11.6362517776,11.6362517776,900
72,56,2019-01-30 16:00:00,11.6362517776,11.6362517776,11.6362517776,11.6362517776,400
73,55,2019-01-31 10:00:00,11.7019402957,11.7019402957,11.664403999700001,11.664403999700001,725
74,54,2019-01-31 10:30:00,11.6701282848,11.6701282848,11.6701282848,11.6701282848,1500
75,53,2019-01-31 11:00:00,11.673788073699999,11.673788073699999,11.673788073699999,11.673788073699999,100
76,52,2019-01-31 11:30:00,11.6831721477,11.6831721477,11.6831721477,11.6831721477,236
77,51,2019-01-31 12:00:00,11.6831721477,11.6831721477,11.6831721477,11.6831721477,200
78,50,2019-01-31 12:30:00,11.6831721477,11.6831721477,11.6831721477,11.6831721477,200
79,49,2019-01-31 13:30:00,11.6831721477,11.6831721477,11.6831721477,11.6831721477,200
80,48,2019-01-31 14:00:00,11.6925562217,11.6925562217,11.6831721477,11.6831721477,450
81,47,2019-01-31 14:30:00,11.673788073699999,11.673788073699999,11.673788073699999,11.673788073699999,200
82,46,2019-01-31 15:00:00,11.673788073699999,11.6831721477,11.6645916812,11.6645916812,1800
83,45,2019-01-31 15:30:00,11.664403999700001,11.664403999700001,11.664403999700001,11.664403999700001,200
84,44,2019-01-31 16:00:00,11.664403999700001,11.673788073699999,11.664403999700001,11.673788073699999,671
85,43,2019-02-01 10:00:00,11.664403999700001,11.664403999700001,11.664403999700001,11.664403999700001,1722
86,42,2019-02-01 10:30:00,11.701001888299999,11.701001888299999,11.664403999700001,11.664403999700001,1200
87,41,2019-02-01 11:00:00,11.664403999700001,11.664403999700001,11.664403999700001,11.664403999700001,879
88,40,2019-02-01 11:30:00,11.664403999700001,11.7113243698,11.664403999700001,11.7113243698,200
89,39,2019-02-01 12:00:00,11.664403999700001,11.7113243698,11.664403999700001,11.664403999700001,500
90,38,2019-02-01 12:30:00,11.6925562217,11.6925562217,11.664403999700001,11.664403999700001,300
91,37,2019-02-01 13:00:00,11.7019402957,11.7019402957,11.664403999700001,11.6878641847,481
92,36,2019-02-01 13:30:00,11.664403999700001,11.664403999700001,11.664403999700001,11.664403999700001,100
93,35,2019-02-01 14:30:00,11.664403999700001,11.664403999700001,11.664403999700001,11.664403999700001,200
94,34,2019-02-01 15:00:00,11.664403999700001,11.664403999700001,11.664403999700001,11.664403999700001,100
95,33,2019-02-01 15:30:00,11.6851428033,11.6851428033,11.6851428033,11.6851428033,1500
96,32,2019-02-01 16:00:00,11.664403999700001,11.664403999700001,11.664403999700001,11.664403999700001,200
97,31,2019-02-04 10:00:00,11.7019402957,11.720708443800001,11.7019402957,11.720708443800001,503
98,30,2019-02-04 10:30:00,11.694620718,11.694620718,11.694620718,11.694620718,285
99,29,2019-02-04 11:00:00,11.7019402957,11.7085091476,11.7019402957,11.7085091476,996
100,28,2019-02-04 12:00:00,11.7130135031,11.720708443800001,11.7130135031,11.720708443800001,1100
101,27,2019-02-04 13:00:00,11.720708443800001,11.720708443800001,11.7113243698,11.720708443800001,5122
102,26,2019-02-04 14:30:00,11.7300925178,11.7300925178,11.7300925178,11.7300925178,100
103,25,2019-02-05 10:00:00,11.7394765918,11.748860665799999,11.7300925178,11.7300925178,839
104,24,2019-02-05 10:30:00,11.748860665799999,11.748860665799999,11.748860665799999,11.748860665799999,200
105,23,2019-02-05 12:30:00,11.748860665799999,11.748860665799999,11.748860665799999,11.748860665799999,300
106,22,2019-02-05 13:00:00,11.748860665799999,11.748860665799999,11.748860665799999,11.748860665799999,400
107,21,2019-02-05 13:30:00,11.7254004808,11.7254004808,11.7254004808,11.7254004808,100
108,20,2019-02-05 14:00:00,11.748860665799999,11.748860665799999,11.748860665799999,11.748860665799999,100
109,19,2019-02-05 15:00:00,11.748860665799999,11.748860665799999,11.748860665799999,11.748860665799999,200
110,18,2019-02-05 15:30:00,11.748860665799999,11.748860665799999,11.748860665799999,11.748860665799999,100
111,17,2019-02-05 16:00:00,11.748860665799999,11.7582447398,11.748860665799999,11.7582447398,1000
112,16,2019-02-06 10:00:00,11.7582447398,11.7582447398,11.7582447398,11.7582447398,569
113,15,2019-02-06 12:00:00,11.683265988499999,11.683265988499999,11.683265988499999,11.683265988499999,1500
114,14,2019-02-07 10:00:00,11.7300925178,11.767628813800002,11.7300925178,11.767628813800002,413
115,13,2019-02-07 11:00:00,11.767628813800002,11.767628813800002,11.767628813800002,11.767628813800002,100
116,12,2019-02-07 12:30:00,11.767628813800002,11.767628813800002,11.767628813800002,11.767628813800002,133
117,11,2019-02-07 13:30:00,11.767628813800002,11.767628813800002,11.767628813800002,11.767628813800002,100
118,10,2019-02-07 15:30:00,11.8051651099,11.8051651099,11.8051651099,11.8051651099,353
119,9,2019-02-08 10:00:00,11.767628813800002,11.8239332579,11.767628813800002,11.8239332579,212
120,8,2019-02-08 10:30:00,11.7113243698,11.743230221400001,11.7113243698,11.743230221400001,1800
121,7,2019-02-08 12:00:00,11.7395704325,11.7395704325,11.7395704325,11.7395704325,1000
122,6,2019-02-08 16:00:00,11.8051651099,11.8145491839,11.8051651099,11.8051651099,797
123,5,2019-02-11 10:00:00,11.8239332579,11.8239332579,11.8239332579,11.8239332579,191
124,4,2019-02-11 12:30:00,11.7113243698,11.7113243698,11.7113243698,11.7113243698,386
125,3,2019-02-12 10:00:00,11.7770128879,11.7770128879,11.7770128879,11.7770128879,778
126,2,2019-02-12 11:30:00,11.7582447398,11.7582447398,11.7582447398,11.7582447398,100
127,1,2019-02-12 13:30:00,11.7582447398,11.7582447398,11.7582447398,11.7582447398,577
128,0,2019-02-12 16:00:00,11.7957810359,11.7957810359,11.7957810359,11.7957810359,393
