,index,time,open,high,low,close,volume
0,462,2018-11-15 05:00:00,119.27224829200001,119.27224829200001,119.27224829200001,119.27224829200001,100
1,461,2018-11-15 07:00:00,119.46232358799999,119.46232358799999,119.46232358799999,119.46232358799999,100
2,460,2018-11-15 07:30:00,119.46232358799999,119.46232358799999,118.911105229,118.911105229,654
3,459,2018-11-15 08:00:00,119.034654172,119.034654172,118.939616523,118.939616523,813
4,458,2018-11-15 08:30:00,119.642895119,119.642895119,118.939616523,118.939616523,1136
5,457,2018-11-15 09:00:00,119.13919558399999,119.13919558399999,119.13919558399999,119.13919558399999,902
6,456,2018-11-15 09:30:00,118.797060051,118.882593935,118.036758867,118.036758867,5284
7,455,2018-11-15 10:00:00,118.150804045,120.02304571100001,117.019856033,119.60488006,513902
8,454,2018-11-15 10:30:00,119.672546865,120.37468500899999,119.24373699700001,120.222624772,331319
9,453,2018-11-15 11:00:00,120.222624772,120.517241481,119.414804764,120.004038182,275184
10,452,2018-11-15 11:30:00,120.06106077,121.21101631200001,119.661902649,120.906895838,347847
11,451,2018-11-15 12:00:00,120.981310316,121.94280620200001,120.88788830799999,121.79549784700001,379915
12,450,2018-11-15 12:30:00,121.86677608299999,122.20891161600001,121.467617961,121.94280620200001,298254
13,449,2018-11-15 13:00:00,121.923798672,121.93330243700001,120.96391842700001,121.039948545,171036
14,448,2018-11-15 13:30:00,121.096971134,122.80764879899999,120.482077551,122.80764879899999,417519
15,447,2018-11-15 14:00:00,122.83616009299999,123.282837039,121.88578361299999,122.75062621,460425
16,446,2018-11-15 14:30:00,122.76963374,123.63447633700001,122.579558443,123.572701866,330174
17,445,2018-11-15 15:00:00,123.529934924,123.81694862100001,123.187799391,123.491919865,433659
18,444,2018-11-15 15:30:00,123.501423629,123.51092739399999,122.10437020299999,122.522535855,731570
19,443,2018-11-15 16:00:00,122.51303209,123.064250448,122.39898691200001,123.054746684,741087
20,442,2018-11-15 16:30:00,122.997724095,123.07375421299999,122.80764879899999,122.80764879899999,77461
21,441,2018-11-15 17:00:00,122.798145034,122.997724095,122.69360362100001,122.69360362100001,1390
22,440,2018-11-15 18:00:00,122.69360362100001,122.788641269,122.69360362100001,122.788641269,388
23,439,2018-11-15 18:30:00,122.69360362100001,122.69360362100001,122.69360362100001,122.69360362100001,100
24,438,2018-11-15 19:00:00,122.69360362100001,122.69360362100001,122.69360362100001,122.69360362100001,921
25,437,2018-11-15 19:30:00,122.59856597299999,122.59856597299999,122.59856597299999,122.59856597299999,100
26,436,2018-11-16 07:30:00,122.218415381,122.218415381,122.218415381,122.218415381,770
27,435,2018-11-16 08:30:00,122.37997938299999,122.37997938299999,121.64818949299999,121.838264789,1171
28,434,2018-11-16 09:00:00,121.93330243700001,122.170896557,121.743227141,121.93330243700001,3780
29,433,2018-11-16 09:30:00,122.37997938299999,122.37997938299999,122.37997938299999,122.37997938299999,100
30,432,2018-11-16 10:00:00,122.39898691200001,123.13077680200001,121.69570831700001,122.86467138799999,479541
31,431,2018-11-16 10:30:00,122.874175152,123.254325745,121.980821261,123.17325863100001,366345
32,430,2018-11-16 11:00:00,123.187799391,123.891077986,123.12127303700001,123.358867157,360038
33,429,2018-11-16 11:30:00,123.32085209799999,123.56794998299999,122.23742291100001,122.43434091700001,397929
34,428,2018-11-16 12:00:00,122.446505736,122.57699242700001,121.86677608299999,122.080610791,279508
35,427,2018-11-16 12:30:00,122.066355144,123.00722786,121.724314649,122.551047149,335124
36,426,2018-11-16 13:00:00,122.551047149,125.373665296,122.532039619,124.74641681899999,695709
37,425,2018-11-16 13:30:00,124.74641681899999,124.793935643,123.43014539299999,123.46340857,283998
38,424,2018-11-16 14:00:00,123.501423629,123.58695751299999,122.86296071,123.577453748,245198
39,423,2018-11-16 14:30:00,123.548942453,124.157183401,123.453904805,124.033634459,322142
40,422,2018-11-16 15:00:00,124.05264198799999,124.26172481399999,123.681995161,123.91008551600001,257408
41,421,2018-11-16 15:30:00,123.91008551600001,124.309243638,123.767529044,123.77703280899999,502372
42,420,2018-11-16 16:00:00,123.77703280899999,123.824551633,123.26382950899999,123.51092739399999,967346
43,419,2018-11-16 16:30:00,123.51092739399999,123.548942453,123.26382950899999,123.51092739399999,56392
44,418,2018-11-16 17:00:00,123.51092739399999,123.51092739399999,123.358867157,123.358867157,869
45,417,2018-11-16 18:30:00,123.548942453,123.548942453,123.548942453,123.548942453,1000
46,416,2018-11-16 19:00:00,123.548942453,123.548942453,123.501423629,123.501423629,343
47,415,2018-11-16 19:30:00,123.548942453,123.548942453,123.539438689,123.539438689,424
48,414,2018-11-19 07:30:00,123.07375421299999,123.07375421299999,123.07375421299999,123.07375421299999,200
49,413,2018-11-19 08:00:00,123.07375421299999,123.07375421299999,123.07375421299999,123.07375421299999,700
50,412,2018-11-19 08:30:00,123.415889746,123.51092739399999,123.07375421299999,123.26382950899999,2600
51,411,2018-11-19 09:00:00,123.26382950899999,123.51092739399999,123.26382950899999,123.51092739399999,550260
52,410,2018-11-19 09:30:00,123.254325745,123.51092739399999,122.39898691200001,122.64608479700001,84089
53,409,2018-11-19 10:00:00,122.741122445,123.064250448,121.467617961,121.72897149399999,478674
54,408,2018-11-19 10:30:00,121.72421961100001,121.743227141,120.260639831,120.631286659,350429
55,407,2018-11-19 11:00:00,120.631286659,122.07072687600001,120.583767835,121.952309966,285494
56,406,2018-11-19 11:30:00,121.952309966,122.23742291100001,121.087467369,121.30605396,254043
57,405,2018-11-19 12:00:00,121.28704643,121.42960290200001,120.118083359,120.59327159899999,261143
58,404,2018-11-19 12:30:00,120.69781301200001,120.906895838,120.279647361,120.450810165,225339
59,403,2018-11-19 13:00:00,120.45071512700001,120.954414662,120.070564535,120.422203833,252104
60,402,2018-11-19 13:30:00,120.422203833,120.469722657,119.832970415,119.880489239,216483
61,401,2018-11-19 14:00:00,119.880489239,120.21312100700001,119.547857471,119.88999300399999,253944
62,400,2018-11-19 14:30:00,119.880489239,120.270143596,119.56686500100001,119.937511828,273631
63,399,2018-11-19 15:00:00,119.88999300399999,120.384188774,119.48133111700001,120.222624772,296949
64,398,2018-11-19 15:30:00,120.23212853700001,120.67880548299999,119.91850429799999,120.365181244,352812
65,397,2018-11-19 16:00:00,120.393692539,120.517241481,119.36728594,119.690413943,879974
66,396,2018-11-19 16:30:00,119.72842900200001,119.937511828,119.72842900200001,119.937511828,31468
67,395,2018-11-19 17:00:00,119.72842900200001,119.72842900200001,119.72842900200001,119.72842900200001,20023
68,394,2018-11-19 18:00:00,119.88999300399999,119.88999300399999,119.88999300399999,119.88999300399999,966
69,393,2018-11-19 18:30:00,119.861481709,119.861481709,119.72842900200001,119.72842900200001,5584
70,392,2018-11-19 19:30:00,119.281752056,119.281752056,119.281752056,119.281752056,131
71,391,2018-11-19 20:00:00,119.281752056,119.414804764,119.281752056,119.414804764,350
72,390,2018-11-20 07:30:00,119.27224829200001,119.27224829200001,118.32187181100001,118.32187181100001,700
73,389,2018-11-20 08:00:00,118.112788986,118.112788986,117.846683571,117.846683571,915
74,388,2018-11-20 08:30:00,118.559465931,118.797060051,117.17191627,117.17191627,3922
75,387,2018-11-20 09:00:00,117.590081921,117.590081921,116.52566026299999,116.93432215,6024
76,386,2018-11-20 09:30:00,116.93432215,117.846683571,116.91531462,117.846683571,6434
77,385,2018-11-20 10:00:00,117.70412709899999,117.818172277,115.23314825,116.38310379100001,957117
78,384,2018-11-20 10:30:00,116.32608120200001,117.05787109200001,115.21414072,116.870646926,643330
79,383,2018-11-20 11:00:00,116.83928450200001,117.795363241,116.687224265,117.45227733200001,802762
80,382,2018-11-20 11:30:00,117.480788626,117.789660982,115.850892962,115.91741931600001,539890
81,381,2018-11-20 12:00:00,115.983945669,116.91531462,115.755855314,116.506652734,405471
82,380,2018-11-20 12:30:00,116.52566026299999,117.00084850299999,116.288066143,116.710983677,351797
83,379,2018-11-20 13:00:00,116.712314204,116.928905004,116.487645204,116.715735559,313357
84,378,2018-11-20 13:30:00,116.73474308899999,116.79176567799999,116.00295319899999,116.487645204,328862
85,377,2018-11-20 14:00:00,116.487645204,116.79176567799999,116.332828875,116.35459249700001,284569
86,376,2018-11-20 14:30:00,116.335584967,116.69672803,115.888908021,116.288066143,326565
87,375,2018-11-20 15:00:00,116.29756990799999,116.848788267,115.907915551,116.18352473,373363
88,374,2018-11-20 15:30:00,116.20253226,116.59218661700001,115.51826119399999,116.430622615,519088
89,373,2018-11-20 16:00:00,116.430622615,116.76325438299999,115.936426845,116.193028495,1076022
90,372,2018-11-20 16:30:00,116.20253226,116.42111885,116.20253226,116.20253226,60573
91,371,2018-11-20 17:00:00,116.20253226,116.20253226,116.20253226,116.20253226,3840
92,370,2018-11-20 18:30:00,115.94593061,115.94593061,115.94593061,115.94593061,700
93,369,2018-11-20 19:30:00,115.94593061,115.955434375,115.94593061,115.955434375,1119
94,368,2018-11-20 20:00:00,116.231043554,116.231043554,116.012456964,116.012456964,200
95,367,2018-11-21 04:30:00,116.44012638,116.44012638,116.44012638,116.44012638,200
96,366,2018-11-21 06:30:00,116.715735559,116.715735559,116.706231795,116.706231795,200
97,365,2018-11-21 07:30:00,116.478141439,116.478141439,116.44012638,116.44012638,1378
98,364,2018-11-21 08:00:00,116.42111885,117.83717980600001,116.373600026,117.27645768299999,4211
99,363,2018-11-21 08:30:00,117.285961448,117.827676041,117.27645768299999,117.51405180299999,6758
100,362,2018-11-21 09:00:00,117.019856033,117.03886356299999,116.83928450200001,116.83928450200001,3895
101,361,2018-11-21 09:30:00,116.896307091,117.27645768299999,116.6777205,116.896307091,6007
102,360,2018-11-21 10:00:00,116.725239324,119.43381229299999,116.430622615,118.63549605,884547
103,359,2018-11-21 10:30:00,118.740037463,119.851977945,118.683014874,119.414804764,457229
104,358,2018-11-21 11:00:00,119.443316058,119.952717852,118.692518639,118.83507511100001,395351
105,357,2018-11-21 11:30:00,118.844578875,119.23423323200001,118.50909597799999,118.70202240299999,374377
106,356,2018-11-21 12:00:00,118.73053369799999,118.901601464,118.27910487,118.302864282,306374
107,355,2018-11-21 12:30:00,118.340879341,118.587977226,117.95122498399999,118.27435298700001,236293
108,354,2018-11-21 13:00:00,118.27435298700001,118.426413224,117.894202395,118.426413224,201208
109,353,2018-11-21 13:30:00,118.445420754,118.654503579,118.28746818299999,118.597480991,155640
110,352,2018-11-21 14:00:00,118.587977226,119.167706879,118.587977226,118.787556287,158610
111,351,2018-11-21 14:30:00,118.768548757,118.816067581,118.502443343,118.721029933,131346
112,350,2018-11-21 15:00:00,118.75904499200001,118.825571346,118.46442828299999,118.521450872,162970
113,349,2018-11-21 15:30:00,118.502443343,118.654503579,118.169811574,118.312368046,214445
114,348,2018-11-21 16:00:00,118.302864282,118.331375576,117.713630864,117.73263839299999,716892
115,347,2018-11-21 16:30:00,117.723134629,118.027160065,117.723134629,118.027160065,61812
116,346,2018-11-21 17:00:00,117.723134629,117.99114079600001,117.723134629,117.99114079600001,9143
117,345,2018-11-21 19:30:00,117.580578157,117.599585686,117.580578157,117.599585686,200
118,344,2018-11-23 07:30:00,116.506652734,116.56367532200001,116.32608120200001,116.32608120200001,1944
119,343,2018-11-23 08:00:00,116.32608120200001,116.658712971,116.32608120200001,116.658712971,1000
120,342,2018-11-23 08:30:00,116.658712971,116.658712971,115.86039672700001,115.86039672700001,1516
121,341,2018-11-23 09:00:00,115.803374138,115.803374138,115.47074237,115.47074237,3350
122,340,2018-11-23 10:00:00,115.907915551,117.32397650700001,115.537268724,117.110712025,480893
123,339,2018-11-23 10:30:00,117.200427564,117.894202395,116.402111321,116.639705441,516780
124,338,2018-11-23 11:00:00,116.601690382,116.943825915,116.155013436,116.30707367299999,509744
125,337,2018-11-23 11:30:00,116.316577438,117.52355556799999,116.29224779999998,117.07687862200001,278720
126,336,2018-11-23 12:00:00,117.10538991600001,117.43669115700001,116.706231795,116.848788267,228174
127,335,2018-11-23 12:30:00,116.81077320700001,116.920731766,116.444878262,116.69672803,266035
128,334,2018-11-23 13:00:00,116.668216735,116.668216735,116.069479553,116.259554849,701410
129,333,2018-11-23 13:30:00,116.25005108399999,116.25005108399999,116.25005108399999,116.25005108399999,111546
130,332,2018-11-26 07:30:00,117.49504427299999,117.846683571,117.49504427299999,117.846683571,310
131,331,2018-11-26 08:00:00,118.302864282,118.32187181100001,118.036758867,118.036758867,540
132,330,2018-11-26 08:30:00,117.48554050799999,118.502443343,117.48554050799999,117.932217454,3624
133,329,2018-11-26 09:00:00,117.941721219,118.131796515,117.941721219,118.084277691,600
134,328,2018-11-26 09:30:00,118.27435298700001,118.27435298700001,117.799164747,117.799164747,1690
135,327,2018-11-26 10:00:00,117.51405180299999,119.29125582100001,117.04836732700001,118.787556287,800695
136,326,2018-11-26 10:30:00,118.787556287,119.063165466,118.312368046,118.54521028399999,485934
137,325,2018-11-26 11:00:00,118.559465931,118.958624053,118.302864282,118.911105229,338721
138,324,2018-11-26 11:30:00,118.94912028799999,119.547857471,118.57609752,118.64024793200001,251955
139,323,2018-11-26 12:00:00,118.625992285,118.882593935,118.074773926,118.546540811,205293
140,322,2018-11-26 12:30:00,118.578473461,118.787556287,118.157646755,118.22683416299999,173261
141,321,2018-11-26 13:00:00,118.21733039799999,118.24032950899999,117.61859321600001,118.16030781,159406
142,320,2018-11-26 13:30:00,118.16030781,118.18881910399999,117.856187336,118.02250322,170910
143,319,2018-11-26 14:00:00,118.04626263200001,118.502443343,117.95122498399999,118.43515668799999,171274
144,318,2018-11-26 14:30:00,118.40740569399999,118.85408264,118.26484922200001,118.75904499200001,271720
145,317,2018-11-26 15:00:00,118.75904499200001,118.982383465,118.46442828299999,118.721029933,248054
146,316,2018-11-26 15:30:00,118.71152616799999,118.787556287,118.43591698899999,118.64024793200001,303001
147,315,2018-11-26 16:00:00,118.654503579,118.816067581,118.48343581299999,118.606984755,611403
148,314,2018-11-26 16:30:00,118.606984755,118.882593935,118.10328522100001,118.53095463700001,78058
149,313,2018-11-26 17:00:00,118.16030781,118.606984755,117.599585686,117.609089451,44682
150,312,2018-11-26 18:00:00,117.40951039,117.846683571,117.40951039,117.846683571,600
151,311,2018-11-27 04:30:00,118.112788986,118.112788986,118.112788986,118.112788986,400
152,310,2018-11-27 07:30:00,117.95122498399999,117.95122498399999,117.95122498399999,117.95122498399999,300
153,309,2018-11-27 08:00:00,117.70412709899999,117.70412709899999,117.70412709899999,117.70412709899999,653
154,308,2018-11-27 08:30:00,117.599585686,117.61859321600001,117.38099909600001,117.476036744,2360
155,307,2018-11-27 09:00:00,117.48554050799999,117.742142158,117.48554050799999,117.742142158,592
156,306,2018-11-27 09:30:00,117.742142158,117.742142158,117.656608275,117.656608275,521
157,305,2018-11-27 10:00:00,117.846683571,118.22683416299999,116.320759094,116.95332967899999,468065
158,304,2018-11-27 10:30:00,116.991344739,118.18881910399999,116.848788267,117.466532979,271508
159,303,2018-11-27 11:00:00,117.43802168399999,118.00824757299999,117.01035226799999,117.73263839299999,202331
160,302,2018-11-27 11:30:00,117.713630864,117.989240043,116.715735559,117.00084850299999,344723
161,301,2018-11-27 12:00:00,116.991344739,117.723134629,116.73474308899999,117.60053606299999,190299
162,300,2018-11-27 12:30:00,117.537811215,117.713630864,116.86779579600001,116.908661985,140171
163,299,2018-11-27 13:00:00,116.877299561,117.42851792,116.76325438299999,116.972337209,157352
164,298,2018-11-27 13:30:00,117.00084850299999,117.56157062700001,116.896307091,117.162412505,178851
165,297,2018-11-27 14:00:00,117.17191627,117.43802168399999,116.986973007,117.419014155,253422
166,296,2018-11-27 14:30:00,117.419014155,118.14130028,117.371495331,118.074773926,209189
167,295,2018-11-27 15:00:00,118.093781456,118.22683416299999,117.818172277,117.875194865,202971
168,294,2018-11-27 15:30:00,117.875194865,118.05576639700001,117.718382746,117.99874380799999,286246
169,293,2018-11-27 16:00:00,118.012999455,118.416909459,117.827676041,118.416909459,469805
170,292,2018-11-27 16:30:00,118.416909459,118.416909459,118.416909459,118.416909459,69572
171,291,2018-11-27 17:00:00,118.416909459,118.416909459,118.18881910399999,118.18881910399999,578
172,290,2018-11-27 17:30:00,118.236337928,118.236337928,118.236337928,118.236337928,205
173,289,2018-11-27 18:00:00,118.51194710700001,118.51194710700001,118.51194710700001,118.51194710700001,500
174,288,2018-11-27 18:30:00,118.426413224,118.426413224,118.426413224,118.426413224,1000
175,287,2018-11-27 20:00:00,118.683014874,118.683014874,118.606984755,118.606984755,660
176,286,2018-11-28 04:30:00,118.85408264,118.85408264,118.85408264,118.85408264,100
177,285,2018-11-28 06:00:00,118.85408264,118.85408264,118.85408264,118.85408264,259
178,284,2018-11-28 08:30:00,119.595376295,119.595376295,119.490834882,119.53835370600001,1017
179,283,2018-11-28 09:00:00,119.547857471,119.547857471,119.547857471,119.547857471,200
180,282,2018-11-28 09:30:00,119.547857471,119.547857471,119.36728594,119.36728594,801
181,281,2018-11-28 10:00:00,119.082172996,119.652398884,118.644999815,119.120188055,382595
182,280,2018-11-28 10:30:00,119.148699349,119.158203114,118.18881910399999,118.236337928,244887
183,279,2018-11-28 11:00:00,118.23595777700001,119.082172996,117.694623334,118.906258309,367306
184,278,2018-11-28 11:30:00,118.89209769899999,119.99453441700001,118.87309017,119.99453441700001,280183
185,277,2018-11-28 12:00:00,119.985030652,120.583767835,119.851977945,120.176436475,341433
186,276,2018-11-28 12:30:00,120.203617242,122.246926675,120.16560218299999,122.03784385,578120
187,275,2018-11-28 13:00:00,122.056851379,123.187799391,121.89528737799999,122.88367891700001,494150
188,274,2018-11-28 13:30:00,122.893182682,123.624972572,122.541543384,123.301844569,637430
189,273,2018-11-28 14:00:00,123.311348333,123.577453748,123.07375421299999,123.282837039,250324
190,272,2018-11-28 14:30:00,123.311348333,123.539438689,123.113670025,123.25442078200001,220520
191,271,2018-11-28 15:00:00,123.311348333,123.624972572,123.09285678100001,123.20680692100001,289376
192,270,2018-11-28 15:30:00,123.22581445,123.77703280899999,122.978716565,123.729513985,294417
193,269,2018-11-28 16:00:00,123.729513985,124.29023610799999,123.624972572,124.26172481399999,746030
194,268,2018-11-28 16:30:00,124.280732343,124.280732343,124.280732343,124.280732343,148187
195,267,2018-11-28 17:00:00,124.280732343,124.280732343,124.280732343,124.280732343,338
196,266,2018-11-28 18:30:00,124.157183401,124.157183401,124.157183401,124.157183401,250
197,265,2018-11-28 19:30:00,124.07164951799999,124.21420599,124.07164951799999,124.21420599,1480
198,264,2018-11-28 20:00:00,124.233213519,124.233213519,124.21420599,124.21420599,4020
199,263,2018-11-29 07:30:00,123.786536574,123.786536574,123.786536574,123.786536574,200
200,262,2018-11-29 08:30:00,124.024130694,124.024130694,123.56794998299999,123.56794998299999,665
201,261,2018-11-29 09:30:00,123.929093046,124.04313822299999,123.64398010200001,124.04313822299999,805
202,260,2018-11-29 10:00:00,124.309243638,124.413785051,122.056851379,122.37997938299999,685618
203,259,2018-11-29 10:30:00,122.360971853,122.541543384,121.40109160799999,121.88578361299999,350885
204,258,2018-11-29 11:00:00,121.88578361299999,123.111769273,121.253783253,121.47712172600001,675505
205,257,2018-11-29 11:30:00,121.47712172600001,123.054746684,121.42009913700001,122.988125292,375214
206,256,2018-11-29 12:00:00,122.98822033,123.216310685,122.59856597299999,122.845663858,224613
207,255,2018-11-29 12:30:00,122.80764879899999,123.011884704,122.305754979,122.76963374,212269
208,254,2018-11-29 13:00:00,122.798145034,123.111769273,122.63658103200001,123.02623538899999,124301
209,253,2018-11-29 13:30:00,122.997724095,122.997724095,122.608069738,122.674596092,131809
210,252,2018-11-29 14:00:00,122.674596092,123.140280567,122.627077267,123.064250448,158316
211,251,2018-11-29 14:30:00,123.064250448,124.17619093100001,122.921693976,123.900581751,297673
212,250,2018-11-29 15:00:00,123.88157422200001,124.271228579,123.758025279,124.271228579,256613
213,249,2018-11-29 15:30:00,124.26172481399999,124.26172481399999,123.56794998299999,123.72001022,256449
214,248,2018-11-29 16:00:00,123.70100269,124.10016081200001,123.577453748,123.77703280899999,769190
215,247,2018-11-29 16:30:00,123.767529044,123.767529044,123.767529044,123.767529044,156908
216,246,2018-11-29 17:30:00,123.767529044,123.767529044,123.767529044,123.767529044,130
217,245,2018-11-29 19:00:00,123.95760434,123.967108105,123.95760434,123.967108105,900
218,244,2018-11-29 19:30:00,123.948100575,123.97661187,123.948100575,123.97661187,2369
219,243,2018-11-30 08:30:00,123.69149892600001,123.69149892600001,123.69149892600001,123.69149892600001,100
220,242,2018-11-30 09:00:00,124.024130694,124.309243638,124.024130694,124.11916834200001,300
221,241,2018-11-30 09:30:00,123.891077986,123.891077986,123.548942453,123.548942453,4915
222,240,2018-11-30 10:00:00,123.59646127799999,125.61125941600001,123.39688221700001,125.42118412,480206
223,239,2018-11-30 10:30:00,125.454447297,126.190989069,125.18359,125.58274812200001,368649
224,238,2018-11-30 11:00:00,125.57324435700001,126.428583189,125.297635177,125.55423682700001,397526
225,237,2018-11-30 11:30:00,125.544733062,126.15297401,125.193093765,125.67778577,307528
226,236,2018-11-30 12:00:00,125.65877824,126.27652295200001,125.31664270700001,126.179679589,223662
227,235,2018-11-30 12:30:00,126.17673342200001,126.732703663,126.010417538,126.381064365,383686
228,234,2018-11-30 13:00:00,126.36205683600001,126.36205683600001,125.93438741899999,126.21769464799999,245911
229,233,2018-11-30 13:30:00,126.200492834,126.333545541,126.057936362,126.30503424700001,182327
230,232,2018-11-30 14:00:00,126.30503424700001,127.778117791,126.15297401,127.44548602299999,490410
231,231,2018-11-30 14:30:00,127.426478494,127.83514038,127.084342961,127.603913782,454567
232,230,2018-11-30 15:00:00,127.607050025,128.338839915,127.59754626,128.281817326,604524
233,229,2018-11-30 15:30:00,128.281817326,129.222690042,128.120253324,128.718990507,1104962
234,228,2018-11-30 16:00:00,128.728494272,129.203682512,128.50990768100002,128.899562038,1382566
235,227,2018-11-30 16:30:00,128.766509331,129.146659923,128.766509331,128.890058273,168496
236,226,2018-11-30 17:00:00,128.91856956799998,129.06112604,128.680975448,128.690479213,7817
237,225,2018-11-30 17:30:00,128.871050744,129.222690042,128.871050744,128.871050744,974
238,224,2018-11-30 18:30:00,128.776013096,128.937577097,127.588042495,128.300824856,7225
239,223,2018-11-30 19:30:00,128.110749559,128.443381328,128.110749559,128.443381328,2700
240,222,2018-11-30 20:00:00,128.443381328,128.443381328,128.443381328,128.443381328,300
241,221,2018-12-03 06:30:00,135.181550574,135.181550574,132.349428662,134.250181623,7117
242,220,2018-12-03 07:00:00,134.706362334,134.848918806,134.003083738,134.098121386,1324
243,219,2018-12-03 07:30:00,134.335715506,134.52579080200002,133.575414322,134.52579080200002,14618
244,218,2018-12-03 08:00:00,134.573309626,134.677851039,134.38323433,134.516287037,6422
245,217,2018-12-03 08:30:00,134.47817694100002,135.23857316299998,133.99357997299998,134.943956454,44144
246,216,2018-12-03 09:00:00,134.943956454,134.953460218,134.193159034,134.8774301,11115
247,215,2018-12-03 09:30:00,134.715866098,135.523686107,134.630332215,134.630332215,40226
248,214,2018-12-03 10:00:00,134.839415041,135.343114575,132.66305290100001,132.80560937299998,1618962
249,213,2018-12-03 10:30:00,132.85312819700002,133.67045197,132.007293129,133.622933146,882698
250,212,2018-12-03 11:00:00,133.594421851,134.364226801,132.862631962,133.07171478700002,749579
251,211,2018-12-03 11:30:00,133.033699728,133.299805143,132.387443721,132.672556665,513957
252,210,2018-12-03 12:00:00,132.620285959,132.872135726,131.931263011,132.323293309,407913
253,209,2018-12-03 12:30:00,132.330421132,133.214271259,132.282902308,133.128737376,435271
254,208,2018-12-03 13:00:00,133.185759965,133.48037667399998,132.606030312,132.748586784,317639
255,207,2018-12-03 13:30:00,132.777098078,133.052707258,132.530000193,132.739083019,315872
256,206,2018-12-03 14:00:00,132.68206043,132.710571725,131.75069147899998,131.893247952,316752
257,205,2018-12-03 14:30:00,131.91225548100002,132.425458781,131.655653831,132.32091736799998,400632
258,204,2018-12-03 15:00:00,132.330421132,132.354180545,131.83622536299998,132.026300659,379899
259,203,2018-12-03 15:30:00,131.96927807,132.349428662,131.798210303,132.083323248,438284
260,202,2018-12-03 16:00:00,132.09282701200001,132.249639132,131.82130445200002,132.05481195299998,1013839
261,201,2018-12-03 16:30:00,132.10233077700002,132.130842072,132.04530818799998,132.130842072,418100
262,200,2018-12-03 17:00:00,132.05481195299998,132.05481195299998,131.779202774,131.91225548100002,335210
263,199,2018-12-03 17:30:00,131.788706539,131.788706539,131.769699009,131.769699009,934
264,198,2018-12-03 18:00:00,131.817217833,131.902751716,131.817217833,131.902751716,400
265,197,2018-12-03 18:30:00,131.91225548100002,132.05481195299998,131.91225548100002,132.05481195299998,2415
266,196,2018-12-03 19:00:00,132.04530818799998,132.22587972,132.04530818799998,132.197368425,2877
267,195,2018-12-03 19:30:00,132.530000193,132.530000193,132.10233077700002,132.292406073,785
268,194,2018-12-03 20:00:00,132.10233077700002,132.720075489,132.10233077700002,132.720075489,930
269,193,2018-12-04 07:30:00,131.95027054,132.05481195299998,131.769699009,131.769699009,1235
270,192,2018-12-04 08:00:00,131.532104889,131.532104889,131.21848065,131.532104889,700
271,191,2018-12-04 08:30:00,131.441343935,132.95766961,131.38954841700001,131.722180185,1848
272,190,2018-12-04 09:30:00,131.532104889,131.864736657,131.38954841700001,131.38954841700001,1565
273,189,2018-12-04 10:00:00,131.227984415,131.227984415,126.751711192,127.416974729,1325413
274,188,2018-12-04 10:30:00,127.49300484700001,127.901666734,126.913275194,127.901666734,611314
275,187,2018-12-04 11:00:00,127.88170882799999,128.082238265,126.856252605,126.8847639,412113
276,186,2018-12-04 11:30:00,126.8847639,127.464493553,126.618658485,127.17938060899999,297047
277,185,2018-12-04 12:00:00,127.184132491,127.35995214,126.55213213200001,127.160373079,337406
278,184,2018-12-04 12:30:00,127.093846725,127.236403197,125.174086235,125.195659781,410659
279,183,2018-12-04 13:00:00,125.08855235200001,125.668282005,124.252221049,125.025162241,375771
280,182,2018-12-04 13:30:00,124.99351470399999,125.09805611700001,123.577453748,123.99561939899999,355628
281,181,2018-12-04 14:00:00,123.93859681,125.18359,123.330355863,124.974507174,391337
282,180,2018-12-04 14:30:00,124.955499645,125.06954482200001,123.97661187,124.005123164,317500
283,179,2018-12-04 15:00:00,124.024130694,125.26912388299999,124.009875046,124.777304054,390751
284,178,2018-12-04 15:30:00,124.74641681899999,124.74641681899999,123.910180554,123.986115634,440109
285,177,2018-12-04 16:00:00,123.97661187,124.11916834200001,122.63658103200001,122.959709036,1299040
286,176,2018-12-04 16:30:00,122.90268644700001,122.98822033,122.88358388,122.88358388,326997
287,175,2018-12-04 17:00:00,122.88367891700001,122.90268644700001,122.88367891700001,122.88367891700001,21950
288,174,2018-12-04 17:30:00,122.96921280000001,122.96921280000001,122.83616009299999,122.83616009299999,240
289,173,2018-12-04 18:00:00,122.61757350299999,122.96921280000001,122.61757350299999,122.72211491600001,2200
290,172,2018-12-04 18:30:00,122.88367891700001,123.07375421299999,122.788641269,123.07375421299999,1657
291,171,2018-12-04 19:00:00,123.07375421299999,123.434897276,123.07375421299999,123.434897276,2394
292,170,2018-12-04 20:00:00,123.548942453,123.548942453,123.548942453,123.548942453,1113
293,169,2018-12-06 04:30:00,121.64818949299999,121.64818949299999,119.642895119,120.69781301200001,3621
294,168,2018-12-06 05:00:00,120.05155700600001,120.05155700600001,120.042053241,120.042053241,300
295,167,2018-12-06 05:30:00,119.46232358799999,119.46232358799999,118.83507511100001,118.83507511100001,1211
296,166,2018-12-06 06:00:00,118.816067581,118.816067581,118.816067581,118.816067581,186
297,165,2018-12-06 07:00:00,119.23423323200001,119.69991770799999,119.18671440799999,119.69991770799999,2111
298,164,2018-12-06 07:30:00,119.69991770799999,120.59327159899999,119.69991770799999,119.794955356,5276
299,163,2018-12-06 08:00:00,119.74743653200001,119.74743653200001,119.13919558399999,119.158203114,2442
300,162,2018-12-06 08:30:00,119.86623359200001,120.41270006799999,119.12969182,119.794955356,16947
301,161,2018-12-06 09:00:00,120.222624772,120.545752775,119.23423323200001,119.23423323200001,13604
302,160,2018-12-06 09:30:00,119.300759586,119.53835370600001,118.89209769899999,119.09167676,17359
303,159,2018-12-06 10:00:00,119.006142877,120.29865489,117.894202395,119.937511828,859609
304,158,2018-12-06 10:30:00,119.851977945,121.42009913700001,119.500338647,120.46021889200001,527464
305,157,2018-12-06 11:00:00,120.506977415,120.65029418799999,119.034654172,119.34827841,361040
306,156,2018-12-06 11:30:00,119.24373699700001,119.899591806,117.970232513,118.065270162,460707
307,155,2018-12-06 12:00:00,118.05576639700001,120.16560218299999,118.036758867,119.633391354,458562
308,154,2018-12-06 12:30:00,119.652398884,120.384188774,119.24373699700001,120.279647361,395704
309,153,2018-12-06 13:00:00,120.279647361,120.67880548299999,119.88999300399999,120.032549476,447892
310,152,2018-12-06 13:30:00,120.042053241,120.042053241,119.172458761,119.547857471,245119
311,151,2018-12-06 14:00:00,119.528849941,120.783346895,119.253240762,120.783346895,270546
312,150,2018-12-06 14:30:00,120.73316701700001,121.258535136,119.851977945,120.74162536799999,308281
313,149,2018-12-06 15:00:00,120.67880548299999,121.173001252,119.870985474,120.906895838,226064
314,148,2018-12-06 15:30:00,120.908796591,121.353572784,120.46021889200001,120.859377014,303407
315,147,2018-12-06 16:00:00,120.821361955,122.303949264,120.764339366,121.99982879,998688
316,146,2018-12-06 16:30:00,121.99982879,121.99982879,121.99982879,121.99982879,186297
317,145,2018-12-06 17:00:00,122.199407851,122.303949264,122.199407851,122.303949264,695
318,144,2018-12-06 18:30:00,121.99982879,121.99982879,121.876279848,121.99032502600001,1045
319,143,2018-12-07 05:00:00,121.32506148899999,121.32506148899999,121.32506148899999,121.32506148899999,244
320,142,2018-12-07 08:30:00,121.41059537299999,121.41059537299999,121.353572784,121.353572784,951
321,141,2018-12-07 09:00:00,122.246926675,122.88367891700001,122.246926675,122.59856597299999,3478
322,140,2018-12-07 09:30:00,122.503528325,122.874175152,122.265934205,122.874175152,6200
323,139,2018-12-07 10:00:00,122.69360362100001,123.529934924,121.249031371,121.391587843,738776
324,138,2018-12-07 10:30:00,121.40109160799999,121.93330243700001,119.80445912100001,120.19411347799999,450520
325,137,2018-12-07 11:00:00,120.118083359,120.93540713200001,119.20591201299999,120.81185819,340405
326,136,2018-12-07 11:30:00,120.84036948399999,121.115978664,118.35988687,118.930112759,417814
327,135,2018-12-07 12:00:00,118.89209769899999,119.43381229299999,118.35038310600001,118.39790193,355840
328,134,2018-12-07 12:30:00,118.340879341,119.13919558399999,118.340879341,118.787556287,239235
329,133,2018-12-07 13:00:00,118.816067581,119.53835370600001,117.989240043,119.253240762,273712
330,132,2018-12-07 13:30:00,119.09167676,119.67140641299999,118.37889440000001,118.77805252200001,216193
331,131,2018-12-07 14:00:00,118.77805252200001,118.77805252200001,118.02725510200001,118.074773926,184193
332,130,2018-12-07 14:30:00,118.074773926,118.83507511100001,117.628096981,118.40740569399999,512645
333,129,2018-12-07 15:00:00,118.426413224,118.502443343,117.03886356299999,117.285961448,340751
334,128,2018-12-07 15:30:00,117.333480272,117.818172277,116.658712971,117.57107439200001,644350
335,127,2018-12-07 16:00:00,117.552066862,118.179315339,117.24794638799999,117.400006625,963036
336,126,2018-12-07 16:30:00,117.371495331,117.419014155,117.371495331,117.371495331,203072
337,125,2018-12-07 17:00:00,117.419014155,117.419014155,117.419014155,117.419014155,15445
338,124,2018-12-07 17:30:00,117.419014155,117.419014155,117.419014155,117.419014155,1001
339,123,2018-12-07 18:30:00,117.419014155,117.419014155,117.419014155,117.419014155,245
340,122,2018-12-07 19:00:00,117.419014155,117.419014155,117.13390121100001,117.419014155,17144
341,121,2018-12-07 19:30:00,116.56367532200001,116.57317908700001,116.51615649799999,116.51615649799999,687
342,120,2018-12-07 20:00:00,116.896307091,116.896307091,116.896307091,116.896307091,272
343,119,2018-12-10 07:30:00,116.51615649799999,116.896307091,116.51615649799999,116.896307091,1153
344,118,2018-12-10 08:00:00,117.371495331,117.466532979,117.371495331,117.466532979,7434
345,117,2018-12-10 08:30:00,117.03886356299999,117.78015721700001,116.478141439,117.694623334,20906
346,116,2018-12-10 09:00:00,117.314472742,117.32397650700001,117.067374857,117.067374857,2793
347,115,2018-12-10 09:30:00,117.000943541,117.000943541,116.42111885,116.42111885,6451
348,114,2018-12-10 10:00:00,116.335584967,117.927465572,115.84138919700001,116.83928450200001,933037
349,113,2018-12-10 10:30:00,116.820276972,117.35248780100001,116.145509671,116.801269443,426531
350,112,2018-12-10 11:00:00,116.772758148,117.095886151,115.62280260700001,116.07898331700001,341863
351,111,2018-12-10 11:30:00,116.04096825799999,116.27856237799999,115.147614367,115.86990049200001,585427
352,110,2018-12-10 12:00:00,115.82238166799999,116.73398278799999,115.67982519600001,115.926923081,292200
353,109,2018-12-10 12:30:00,115.926923081,116.658712971,115.831885433,116.554171558,262131
354,108,2018-12-10 13:00:00,116.62069791100001,118.179315339,116.56367532200001,117.70412709899999,342805
355,107,2018-12-10 13:30:00,117.73263839299999,118.198322869,116.93432215,116.981840974,250385
356,106,2018-12-10 14:00:00,116.981840974,117.799164747,116.981840974,117.599585686,287228
357,105,2018-12-10 14:30:00,117.599585686,117.675615805,116.76448987299999,116.854490525,223460
358,104,2018-12-10 15:00:00,116.905810855,117.466532979,116.69767840600001,116.872547679,285535
359,103,2018-12-10 15:30:00,116.848788267,117.27645768299999,116.6777205,117.27645768299999,220543
360,102,2018-12-10 16:00:00,117.285961448,117.913209925,117.209931329,117.228938859,728148
361,101,2018-12-10 16:30:00,117.266953918,117.27655272,117.266953918,117.27645768299999,39203
362,100,2018-12-10 17:00:00,117.266953918,117.266953918,117.266953918,117.266953918,11820
363,99,2018-12-10 17:30:00,117.27645768299999,117.27645768299999,117.27645768299999,117.27645768299999,500
364,98,2018-12-10 19:00:00,117.43802168399999,117.43802168399999,117.266953918,117.27645768299999,452149
365,97,2018-12-10 20:00:00,117.27645768299999,117.371495331,117.27645768299999,117.371495331,2244
366,96,2018-12-11 07:00:00,120.032549476,120.032549476,120.032549476,120.032549476,400
367,95,2018-12-11 07:30:00,119.27224829200001,120.50773771600001,119.27224829200001,120.222624772,2074
368,94,2018-12-11 08:00:00,120.222624772,120.222624772,120.089572065,120.127587124,1371
369,93,2018-12-11 08:30:00,120.222624772,120.859377014,119.73185035799999,120.28915112600001,19539
370,92,2018-12-11 09:00:00,120.488730187,120.96391842700001,120.488730187,120.69781301200001,3926
371,91,2018-12-11 09:30:00,120.69781301200001,121.268038901,120.46021889200001,121.03044478,11040
372,90,2018-12-11 10:00:00,120.868880779,121.629181963,119.519346177,119.86623359200001,602781
373,89,2018-12-11 10:30:00,119.71521876899999,120.46021889200001,118.77805252200001,119.552989504,354158
374,88,2018-12-11 11:00:00,119.564013871,120.156098418,118.578473461,119.044633125,323149
375,87,2018-12-11 11:30:00,119.082172996,119.205721938,117.989240043,118.26484922200001,243151
376,86,2018-12-11 12:00:00,118.29982307700001,118.502443343,117.751645923,118.29336051700001,260381
377,85,2018-12-11 12:30:00,118.29336051700001,118.29336051700001,116.801269443,117.067374857,255214
378,84,2018-12-11 13:00:00,117.04836732700001,117.27645768299999,116.71012833799999,117.10538991600001,330298
379,83,2018-12-11 13:30:00,117.07687862200001,117.580578157,116.86779579600001,116.95332967899999,187148
380,82,2018-12-11 14:00:00,116.86779579600001,117.17191627,116.18352473,116.506652734,238332
381,81,2018-12-11 14:30:00,116.478141439,118.084277691,116.402111321,117.950084532,253966
382,80,2018-12-11 15:00:00,117.99874380799999,118.35988687,117.42851792,117.466532979,298134
383,79,2018-12-11 15:30:00,117.466532979,118.597480991,116.991344739,117.960728749,243650
384,78,2018-12-11 16:00:00,117.88469863,118.416909459,116.981840974,117.15290874,487987
385,77,2018-12-11 16:30:00,117.124397446,117.27645768299999,117.124397446,117.27645768299999,169950
386,76,2018-12-11 17:00:00,117.15290874,117.15290874,116.42111885,116.42111885,1144
387,75,2018-12-11 17:30:00,116.896307091,116.896307091,116.18352473,116.18352473,350
388,74,2018-12-11 18:00:00,116.18352473,116.64920920600001,116.08848708200001,116.64920920600001,650
389,73,2018-12-11 18:30:00,116.658712971,116.896307091,116.658712971,116.896307091,540
390,72,2018-12-11 19:00:00,117.08638238700001,117.209836291,116.89640212799999,117.209836291,595
391,71,2018-12-11 19:30:00,116.848788267,117.447525449,116.848788267,117.447525449,810
392,70,2018-12-11 20:00:00,117.827676041,117.827676041,117.70412709899999,117.70412709899999,200
393,69,2018-12-12 08:00:00,119.490834882,119.500338647,119.490834882,119.500338647,700
394,68,2018-12-12 08:30:00,118.797060051,119.452819823,118.797060051,119.082172996,1226
395,67,2018-12-12 09:00:00,119.082172996,120.270143596,118.797060051,119.785451591,8040
396,66,2018-12-12 09:30:00,119.642895119,119.652398884,119.443316058,119.60488006,2937
397,65,2018-12-12 10:00:00,119.500338647,120.279647361,118.89209769899999,119.96602312200001,509500
398,64,2018-12-12 10:30:00,119.99453441700001,121.02094101600001,119.661997686,120.707316777,521856
399,63,2018-12-12 11:00:00,120.62178289399999,121.50563302100001,120.29865489,121.13023431100001,390402
400,62,2018-12-12 11:30:00,121.16349748799999,121.61967819799999,120.901193579,121.29350899,386006
401,61,2018-12-12 12:00:00,121.277542665,121.344069019,120.526745246,120.84036948399999,365648
402,60,2018-12-12 12:30:00,120.88788830799999,121.268038901,120.46021889200001,121.21101631200001,261522
403,59,2018-12-12 13:00:00,121.20151254700001,121.249031371,120.59327159899999,120.89739207299999,178427
404,58,2018-12-12 13:30:00,120.89739207299999,121.039948545,120.55525654,120.88788830799999,185445
405,57,2018-12-12 14:00:00,120.868880779,120.973422192,120.31766242,120.488730187,220168
406,56,2018-12-12 14:30:00,120.51248959899999,120.745331836,119.82346665,119.975526887,243119
407,55,2018-12-12 15:00:00,119.895220075,120.0800683,119.50984241200001,119.956519358,288596
408,54,2018-12-12 15:30:00,119.928008063,120.22671139100001,119.11068429,119.205721938,342456
409,53,2018-12-12 16:00:00,119.24373699700001,119.937511828,118.987135348,119.148699349,519959
410,52,2018-12-12 16:30:00,119.148699349,119.452819823,119.148699349,119.452819823,136037
411,51,2018-12-12 17:00:00,119.27224829200001,119.27224829200001,119.27224829200001,119.27224829200001,950
412,50,2018-12-12 17:30:00,119.167706879,119.167706879,119.167706879,119.167706879,500
413,49,2018-12-12 18:00:00,119.27224829200001,119.27224829200001,119.27224829200001,119.27224829200001,300
414,48,2018-12-12 18:30:00,119.27224829200001,119.27224829200001,119.27224829200001,119.27224829200001,300
415,47,2018-12-12 19:00:00,119.27224829200001,119.27224829200001,119.27224829200001,119.27224829200001,6300
416,46,2018-12-12 19:30:00,119.27224829200001,119.27224829200001,119.27224829200001,119.27224829200001,1484
417,45,2018-12-12 20:00:00,119.27224829200001,119.27224829200001,119.27224829200001,119.27224829200001,4100
418,44,2018-12-13 07:00:00,118.816067581,118.816067581,118.797060051,118.797060051,400
419,43,2018-12-13 07:30:00,119.547857471,119.547857471,119.27224829200001,119.27224829200001,613
420,42,2018-12-13 08:00:00,119.177210644,119.177210644,118.816067581,118.816067581,407
421,41,2018-12-13 08:30:00,118.797060051,119.937511828,118.797060051,119.813962885,5235
422,40,2018-12-13 09:00:00,119.93741679,119.937511828,119.310263351,119.88999300399999,3606
423,39,2018-12-13 09:30:00,119.75694029700001,119.75694029700001,119.614383825,119.74743653200001,3331
424,38,2018-12-13 10:00:00,120.175105948,121.64818949299999,120.089572065,120.849873249,761895
425,37,2018-12-13 10:30:00,120.91639960299999,122.570054679,120.906895838,122.066355144,390609
426,36,2018-12-13 11:00:00,122.05209949700001,122.703107386,121.363076549,121.548399962,348689
427,35,2018-12-13 11:30:00,121.64818949299999,121.64818949299999,120.23212853700001,120.954414662,310685
428,34,2018-12-13 12:00:00,120.91639960299999,121.928550554,120.853579717,120.925903368,182288
429,33,2018-12-13 12:30:00,120.902904257,120.99242972100001,120.16560218299999,120.16560218299999,252032
430,32,2018-12-13 13:00:00,120.203617242,120.57426407,119.84247418,120.02304571100001,198330
431,31,2018-12-13 13:30:00,119.99453441700001,120.0800683,119.386293469,119.82346665,241381
432,30,2018-12-13 14:00:00,119.794955356,120.270143596,119.58587253,119.870985474,247615
433,29,2018-12-13 14:30:00,119.854163811,119.975526887,119.034654172,119.37678970399999,192418
434,28,2018-12-13 15:00:00,119.34827841,119.37203782200001,118.83507511100001,119.21522570299999,261207
435,27,2018-12-13 15:30:00,119.22472946799999,119.690413943,119.12493993700001,119.452819823,198880
436,26,2018-12-13 16:00:00,119.43381229299999,119.88999300399999,119.10593240799999,119.652398884,544404
437,25,2018-12-13 16:30:00,119.652398884,119.652398884,119.652398884,119.652398884,30632
438,24,2018-12-13 19:00:00,119.652398884,119.652398884,119.652398884,119.652398884,143
439,23,2018-12-13 20:00:00,119.832970415,119.832970415,119.832970415,119.832970415,500
440,22,2018-12-14 07:30:00,118.73053369799999,118.73053369799999,117.48554050799999,117.49504427299999,1440
441,21,2018-12-14 08:00:00,118.32187181100001,118.32187181100001,118.32187181100001,118.32187181100001,350
442,20,2018-12-14 08:30:00,118.21257851600001,118.51194710700001,117.48554050799999,117.70412709899999,4626
443,19,2018-12-14 09:00:00,117.70412709899999,118.084277691,117.371495331,118.084277691,3450
444,18,2018-12-14 09:30:00,117.846683571,117.846683571,117.419014155,117.466532979,2762
445,17,2018-12-14 10:00:00,117.29546521200001,120.65029418799999,117.03886356299999,120.45071512700001,507892
446,16,2018-12-14 10:30:00,120.346173715,121.039948545,119.80445912100001,120.488730187,241480
447,15,2018-12-14 11:00:00,120.48397830399999,121.087467369,119.851977945,119.899496769,195744
448,14,2018-12-14 11:30:00,119.851977945,120.526745246,119.80445912100001,120.0800683,203139
449,13,2018-12-14 12:00:00,120.070564535,120.67880548299999,119.300759586,119.519346177,233795
450,12,2018-12-14 12:30:00,119.50984241200001,120.02304571100001,119.37678970399999,119.880489239,211732
451,11,2018-12-14 13:00:00,119.84247418,120.127587124,119.386293469,119.62388758899999,154163
452,10,2018-12-14 13:30:00,119.576368765,120.19886536,119.31976711600001,120.06106077,139969
453,9,2018-12-14 14:00:00,120.042053241,120.393692539,119.737932767,120.127587124,192950
454,8,2018-12-14 14:30:00,120.10857959399999,121.125482428,119.909000534,120.93540713200001,318425
455,7,2018-12-14 15:00:00,120.948902478,121.087467369,120.032549476,120.96391842700001,348937
456,6,2018-12-14 15:30:00,120.93540713200001,121.40109160799999,120.53624901100001,120.53624901100001,352411
457,5,2018-12-14 16:00:00,120.53624901100001,120.81185819,120.12768216200001,120.498233951,838740
458,4,2018-12-14 16:30:00,120.47922642200001,120.526745246,120.47922642200001,120.50773771600001,27870
459,3,2018-12-14 17:00:00,120.50773771600001,120.50773771600001,120.50773771600001,120.50773771600001,1100
460,2,2018-12-14 18:00:00,120.41270006799999,120.41270006799999,120.365181244,120.365181244,2500
461,1,2018-12-14 18:30:00,120.222624772,120.222624772,120.222624772,120.222624772,1650
462,0,2018-12-14 19:30:00,120.222624772,120.222624772,120.222624772,120.222624772,100
463,414,2018-12-17 07:30:00,120.75483560100001,120.75483560100001,120.75483560100001,120.75483560100001,900
464,413,2018-12-17 08:00:00,120.602775364,120.602775364,120.47922642200001,120.47922642200001,500
465,412,2018-12-17 08:30:00,120.69781301200001,121.41059537299999,120.47922642200001,120.47922642200001,812
466,411,2018-12-17 09:00:00,120.41270006799999,120.41270006799999,119.74743653200001,120.032549476,650
467,410,2018-12-17 09:30:00,119.74743653200001,120.88788830799999,119.74743653200001,120.47922642200001,895
468,409,2018-12-17 10:00:00,120.50773771600001,120.79285066,118.431640295,119.26274452700001,555796
469,408,2018-12-17 10:30:00,119.167706879,120.070564535,118.74954122700001,119.91850429799999,434599
470,407,2018-12-17 11:00:00,119.951767475,120.925903368,119.31976711600001,120.79285066,356570
471,406,2018-12-17 11:30:00,120.802354425,121.315557725,120.745331836,120.868880779,334827
472,405,2018-12-17 12:00:00,120.878384544,120.982925956,120.151346536,120.83086572,217190
473,404,2018-12-17 12:30:00,120.878384544,121.16349748799999,120.4413064,120.973422192,161909
474,403,2018-12-17 13:00:00,120.954414662,120.954414662,119.794670243,119.82346665,678920
475,402,2018-12-17 13:30:00,119.804839271,120.02304571100001,119.310263351,119.595376295,174826
476,401,2018-12-17 14:00:00,119.56686500100001,119.928008063,119.006142877,119.044157936,244842
477,400,2018-12-17 14:30:00,119.063165466,119.29125582100001,118.654503579,118.911105229,267202
478,399,2018-12-17 15:00:00,118.930112759,119.414804764,118.32187181100001,118.882593935,441467
479,398,2018-12-17 15:30:00,118.89722973200001,119.34827841,118.426413224,118.587977226,343679
480,397,2018-12-17 16:00:00,118.625992285,118.63549605,117.54256309700001,118.37889440000001,748583
481,396,2018-12-17 16:30:00,118.29336051700001,118.51194710700001,118.29336051700001,118.51194710700001,75168
482,395,2018-12-17 17:00:00,118.53095463700001,118.53095463700001,118.53095463700001,118.53095463700001,649
483,394,2018-12-17 17:30:00,118.54045840200001,118.797060051,118.53095463700001,118.567354056,1000
484,393,2018-12-17 18:00:00,119.40530099899999,119.40530099899999,119.40530099899999,119.40530099899999,13683
485,392,2018-12-17 18:30:00,119.21522570299999,119.21522570299999,118.797060051,118.797060051,700
486,391,2018-12-17 19:00:00,119.21522570299999,119.21522570299999,119.21522570299999,119.21522570299999,905
487,390,2018-12-17 20:00:00,118.89209769899999,119.12959678200001,118.89209769899999,119.12959678200001,350
488,389,2018-12-18 07:30:00,120.79285066,120.954414662,119.794955356,119.870985474,1313
489,388,2018-12-18 08:30:00,119.27224829200001,120.222624772,119.27224829200001,119.975431849,1408
490,387,2018-12-18 09:00:00,119.48133111700001,119.652398884,119.48133111700001,119.652398884,310
491,386,2018-12-18 09:30:00,119.50984241200001,119.50984241200001,119.27224829200001,119.27224829200001,2424
492,385,2018-12-18 10:00:00,119.62388758899999,122.27543797,119.23423323200001,122.113873968,578750
493,384,2018-12-18 10:30:00,122.098192756,122.360971853,121.44861043200001,121.572159374,299579
494,383,2018-12-18 11:00:00,121.581663139,122.10437020299999,120.591846035,120.65029418799999,357996
495,382,2018-12-18 11:30:00,120.659797953,121.06845984,119.899496769,120.365181244,241348
496,381,2018-12-18 12:00:00,120.43170759799999,120.735828071,119.861481709,120.10468305100001,230165
497,380,2018-12-18 12:30:00,120.0800683,120.62083251700001,119.899496769,120.118083359,224118
498,379,2018-12-18 13:00:00,120.127587124,120.59327159899999,120.089572065,120.251136066,220346
499,378,2018-12-18 13:30:00,120.257408551,120.41270006799999,119.904248651,120.032549476,164069
500,377,2018-12-18 14:00:00,120.02304571100001,120.070564535,119.158203114,119.205721938,229499
501,376,2018-12-18 14:30:00,119.18671440799999,119.56686500100001,119.006142877,119.21522570299999,248461
502,375,2018-12-18 15:00:00,119.21522570299999,119.21522570299999,117.789660982,117.80866851200001,343697
503,374,2018-12-18 15:30:00,117.78072744299999,118.179315339,117.466532979,117.599585686,512694
504,373,2018-12-18 16:00:00,117.609089451,118.86833828700001,117.51405180299999,118.12229275,1175327
505,372,2018-12-18 16:30:00,118.10328522100001,118.10328522100001,117.846683571,117.846683571,87790
506,371,2018-12-18 17:00:00,117.846683571,118.454924518,117.846683571,118.40740569399999,4447
507,370,2018-12-18 17:30:00,117.751645923,117.751645923,117.57107439200001,117.57107439200001,1195
508,369,2018-12-18 18:00:00,117.38099909600001,117.38099909600001,117.38099909600001,117.38099909600001,250
509,368,2018-12-18 18:30:00,117.599585686,117.64710451,117.371495331,117.64710451,1150
510,367,2018-12-18 19:00:00,117.846683571,117.846683571,117.846683571,117.846683571,790
511,366,2018-12-18 20:00:00,117.99874380799999,117.99874380799999,117.99874380799999,117.99874380799999,445
512,365,2018-12-19 08:00:00,119.034654172,119.557361236,119.034654172,119.557361236,200
513,364,2018-12-19 08:30:00,119.272153254,119.71892523700001,118.797060051,118.87309017,2580
514,363,2018-12-19 09:00:00,118.179315339,118.549962167,118.131796515,118.549962167,1100
515,362,2018-12-19 09:30:00,118.54045840200001,118.797060051,118.388398165,118.797060051,4304
516,361,2018-12-19 10:00:00,118.863586405,121.747979023,118.521450872,121.37258031299999,650715
517,360,2018-12-19 10:30:00,121.434354785,122.20891161600001,121.38208407799999,121.595918786,465879
518,359,2018-12-19 11:00:00,121.572159374,122.30870114700001,121.50563302100001,122.199407851,272049
519,358,2018-12-19 11:30:00,122.227919146,122.265934205,121.296550195,121.462866079,224851
520,357,2018-12-19 12:00:00,121.42960290200001,121.94280620200001,120.973422192,121.876279848,161191
521,356,2018-12-19 12:30:00,121.86677608299999,122.550381886,121.774589565,122.37047561799999,146436
522,355,2018-12-19 13:00:00,122.35146808799999,122.437001971,122.056851379,122.056851379,124819
523,354,2018-12-19 13:30:00,122.047347614,122.25643044,121.45811419700001,121.771738435,132402
524,353,2018-12-19 14:00:00,121.80024973,122.313453029,121.64818949299999,122.23742291100001,183799
525,352,2018-12-19 14:30:00,122.170896557,122.484520795,118.57020518600001,119.870985474,677866
526,351,2018-12-19 15:00:00,119.869749985,120.469722657,116.478141439,116.95332967899999,600388
527,350,2018-12-19 15:30:00,116.997142035,117.02935979799999,114.805478834,115.70833649,999085
528,349,2018-12-19 16:00:00,115.717840255,116.62069791100001,115.65131390100001,116.212036025,1212786
529,348,2018-12-19 16:30:00,115.62280260700001,116.59218661700001,115.62280260700001,116.27856237799999,73864
530,347,2018-12-19 17:00:00,116.18352473,116.231043554,115.96493814,116.231043554,1346
531,346,2018-12-19 17:30:00,116.155013436,116.18352473,116.155013436,116.18352473,250
532,345,2018-12-19 18:00:00,116.27856237799999,116.27856237799999,116.13600590600001,116.231043554,7100
533,344,2018-12-19 20:00:00,116.630201676,116.6777205,116.630201676,116.6777205,800
534,343,2018-12-20 07:30:00,116.630201676,116.991344739,116.611194146,116.896307091,3581
535,342,2018-12-20 08:00:00,116.478141439,116.478141439,116.478141439,116.478141439,100
536,341,2018-12-20 08:30:00,116.896307091,116.943825915,116.478141439,116.706231795,6840
537,340,2018-12-20 09:00:00,116.51615649799999,116.51615649799999,115.698832725,115.698832725,1975
538,339,2018-12-20 09:30:00,115.94593061,115.94593061,115.043072954,115.185629426,1366
539,338,2018-12-20 10:00:00,115.698832725,117.342888999,115.508757429,117.162412505,889822
540,337,2018-12-20 10:30:00,117.238347586,118.22683416299999,116.62069791100001,117.66611204,585287
541,336,2018-12-20 11:00:00,117.590081921,118.35988687,117.21468321200001,117.54731498,276666
542,335,2018-12-20 11:30:00,117.56157062700001,117.723134629,115.983945669,116.36143520700001,413502
543,334,2018-12-20 12:00:00,116.316577438,116.64920920600001,114.99555413,115.632306372,471029
544,333,2018-12-20 12:30:00,115.68932896,116.639705441,115.223644485,116.601690382,398823
545,332,2018-12-20 13:00:00,116.57317908700001,116.595037746,115.603795077,116.069479553,306430
546,331,2018-12-20 13:30:00,116.04096825799999,116.30707367299999,115.318682133,116.021960729,229582
547,330,2018-12-20 14:00:00,115.983945669,116.352691744,115.461238605,115.613298842,230136
548,329,2018-12-20 14:30:00,115.603795077,116.08848708200001,114.76271189200001,115.97919378700001,517431
549,328,2018-12-20 15:00:00,115.96493814,116.51615649799999,115.660817666,115.983945669,531851
550,327,2018-12-20 15:30:00,115.96493814,116.55407652,114.938531541,115.898411786,448929
551,326,2018-12-20 16:00:00,115.898411786,116.18352473,114.99555413,115.480246135,1230462
552,325,2018-12-20 16:30:00,115.57528378299999,115.94593061,115.51826119399999,115.670321431,181197
553,324,2018-12-20 17:00:00,115.51826119399999,115.955434375,115.51826119399999,115.955434375,29903
554,323,2018-12-20 17:30:00,116.174020965,116.174020965,116.174020965,116.174020965,100
555,322,2018-12-20 18:00:00,116.231043554,116.231043554,116.174020965,116.174020965,234
556,321,2018-12-20 19:00:00,116.402016283,116.402016283,116.402016283,116.402016283,100
557,320,2018-12-20 19:30:00,116.18352473,116.18352473,116.18352473,116.18352473,141
558,319,2018-12-21 08:30:00,115.51826119399999,116.32608120200001,115.51826119399999,116.32608120200001,1210
559,318,2018-12-21 09:00:00,116.373504989,116.373504989,116.13600590600001,116.13600590600001,1100
560,317,2018-12-21 09:30:00,116.34508873200001,116.402111321,114.529869654,114.529869654,10444
561,316,2018-12-21 10:00:00,115.68932896,117.590081921,115.537268724,116.125171614,2233228
562,315,2018-12-21 10:30:00,116.146079897,117.52355556799999,115.94593061,117.17191627,685138
563,314,2018-12-21 11:00:00,117.181420035,117.200427564,116.03146449299999,116.212036025,437857
564,313,2018-12-21 11:30:00,116.22153979,116.468637674,114.81498259899999,116.04096825799999,454550
565,312,2018-12-21 12:00:00,116.05997578799999,116.174020965,115.21414072,115.423223546,229825
566,311,2018-12-21 12:30:00,115.394712252,115.670321431,114.71186675,115.128606837,364074
567,310,2018-12-21 13:00:00,115.09059177799999,115.508757429,114.539373419,114.90051648200001,463120
568,309,2018-12-21 13:30:00,114.938531541,115.147614367,114.43483200600001,114.76746377399999,262698
569,308,2018-12-21 14:00:00,114.729448715,115.584787548,114.700937421,115.06208048299999,219400
570,307,2018-12-21 14:30:00,114.99555413,115.185629426,114.52036589,114.795975069,226371
571,306,2018-12-21 15:00:00,114.82448636299999,115.37000246299999,114.539373419,115.052576719,249492
572,305,2018-12-21 15:30:00,115.024065424,115.423223546,113.814616315,113.92162870700001,414101
573,304,2018-12-21 16:00:00,113.859854236,114.691433656,113.63651576299999,114.09269647299999,1319412
574,303,2018-12-21 16:30:00,114.11170400299999,114.11170400299999,113.969147531,114.016666355,619134
575,302,2018-12-21 17:00:00,114.016666355,114.99555413,114.016666355,114.662922362,720
576,301,2018-12-21 17:30:00,114.11170400299999,114.453839536,114.11170400299999,114.453839536,568054
577,300,2018-12-21 18:00:00,113.87410988299999,113.87410988299999,113.87410988299999,113.87410988299999,215
578,299,2018-12-21 18:30:00,113.826591059,114.11170400299999,113.826591059,114.11170400299999,766
579,298,2018-12-21 19:30:00,114.045082612,114.045082612,114.045082612,114.045082612,100
580,297,2018-12-24 07:30:00,113.826591059,113.826591059,113.569989409,113.569989409,1510
581,296,2018-12-24 08:00:00,113.370410348,113.370410348,113.094801169,113.094801169,741
582,295,2018-12-24 08:30:00,113.81708729399999,113.81708729399999,112.15392845299999,113.094801169,2722
583,294,2018-12-24 09:00:00,112.24896610100001,113.094801169,112.24896610100001,112.49606398600001,460
584,293,2018-12-24 09:30:00,112.46755269200001,112.49606398600001,112.239462337,112.239462337,989
585,292,2018-12-24 10:00:00,112.30598869,113.65552329200001,110.96595785299999,111.49816868200001,613912
586,291,2018-12-24 10:30:00,111.522118169,112.48656022200001,110.88042397,112.296484925,367444
587,290,2018-12-24 11:00:00,112.382018809,113.655428255,112.382018809,112.743161871,307404
588,289,2018-12-24 11:30:00,112.743161871,113.370410348,112.210951042,112.45804892700001,280770
589,288,2018-12-24 12:00:00,112.49558879799999,112.90472587299999,111.51907696399999,111.84980798,212724
590,287,2018-12-24 12:30:00,111.84980798,112.828695754,111.659827721,112.65762798799999,303114
591,286,2018-12-24 13:00:00,112.65762798799999,112.914229638,111.06099550100001,111.184544443,556717
592,285,2018-12-24 13:30:00,111.14652938399999,111.14652938399999,111.14652938399999,111.14652938399999,253881
593,284,2018-12-26 07:30:00,111.194048208,112.001868216,111.194048208,112.001868216,1420
594,283,2018-12-26 08:00:00,112.001868216,112.001868216,112.001868216,112.001868216,621
595,282,2018-12-26 08:30:00,111.241567032,112.87621457799999,111.194048208,112.191943513,1960
596,281,2018-12-26 09:00:00,111.897326804,112.372515044,111.897326804,112.372420006,2332
597,280,2018-12-26 09:30:00,112.372515044,112.477056457,111.71675527200001,111.821296685,6790
598,279,2018-12-26 10:00:00,112.14442468899999,112.676635518,110.88042397,111.140732088,554356
599,278,2018-12-26 10:30:00,111.127521855,111.412634799,110.329205611,110.60481479,242050
600,277,2018-12-26 11:00:00,110.633326085,111.30809338600001,110.354105475,110.495521495,217762
601,276,2018-12-26 11:30:00,110.557295966,112.286981161,110.462258318,112.196695395,287284
602,275,2018-12-26 12:00:00,112.229958572,113.180335052,112.06839457,113.17083128700001,269713
603,274,2018-12-26 12:30:00,113.17368241700001,114.301779299,113.11380869899999,113.741057176,290866
604,273,2018-12-26 13:00:00,113.779072235,115.024065424,113.617508233,114.805478834,257876
605,272,2018-12-26 13:30:00,114.87200518700001,114.9765466,113.703042116,114.130711533,181694
606,271,2018-12-26 14:00:00,114.130711533,115.16662189600001,113.912124942,115.157118131,187014
607,270,2018-12-26 14:30:00,115.19513319100001,115.290170839,114.64391483200001,114.91952401100001,244787
608,269,2018-12-26 15:00:00,114.929027776,116.174020965,114.929027776,116.10749461200001,245808
609,268,2018-12-26 15:30:00,116.07898331700001,116.753750619,115.803374138,116.6777205,312477
610,267,2018-12-26 16:00:00,116.687224265,118.578473461,116.59218661700001,118.559465931,877790
611,266,2018-12-26 16:30:00,118.683014874,118.797060051,118.22683416299999,118.22683416299999,53806
612,265,2018-12-26 17:00:00,118.236337928,118.56896969600001,118.236337928,118.49293957799999,3478
613,264,2018-12-26 17:30:00,118.49293957799999,118.49293957799999,118.416909459,118.416909459,3501
614,263,2018-12-26 18:00:00,118.49293957799999,118.49293957799999,118.32187181100001,118.32187181100001,751
615,262,2018-12-26 18:30:00,118.56896969600001,118.56896969600001,118.56896969600001,118.56896969600001,100
616,261,2018-12-26 19:00:00,118.32187181100001,118.32187181100001,118.22683416299999,118.22683416299999,860
617,260,2018-12-26 19:30:00,118.56896969600001,118.56896969600001,118.27435298700001,118.27435298700001,408700
618,259,2018-12-26 20:00:00,118.065270162,118.084277691,118.065270162,118.084277691,400
619,258,2018-12-27 07:30:00,115.660817666,116.10749461200001,115.660817666,116.10749461200001,504
620,257,2018-12-27 08:00:00,116.848788267,116.848788267,116.848788267,116.848788267,1302
621,256,2018-12-27 08:30:00,115.746351549,116.896307091,115.746351549,116.42111885,4517
622,255,2018-12-27 09:00:00,116.896307091,116.896307091,116.13600590600001,116.212036025,1562
623,254,2018-12-27 09:30:00,115.983945669,115.983945669,115.67982519600001,115.67982519600001,3231
624,253,2018-12-27 10:00:00,115.755855314,117.371495331,115.261659544,117.32397650700001,697158
625,252,2018-12-27 10:30:00,117.32397650700001,117.371495331,115.79387037299999,115.936426845,334623
626,251,2018-12-27 11:00:00,116.050472023,116.606442264,115.4897499,115.57528378299999,207229
627,250,2018-12-27 11:30:00,115.537268724,117.342984036,115.461238605,117.15290874,246806
628,249,2018-12-27 12:00:00,117.200427564,117.48554050799999,116.29756990799999,116.908091759,192787
629,248,2018-12-27 12:30:00,116.910562738,117.27645768299999,116.16423208799999,116.316672475,186942
630,247,2018-12-27 13:00:00,116.316577438,116.725239324,116.098656111,116.663464853,162595
631,246,2018-12-27 13:30:00,116.62069791100001,117.08638238700001,116.13600590600001,116.240547319,125432
632,245,2018-12-27 14:00:00,116.212036025,116.506652734,115.21414072,115.54677248799999,152346
633,244,2018-12-27 14:30:00,115.54677248799999,115.926923081,114.929027776,115.29967460399999,195651
634,243,2018-12-27 15:00:00,115.33768966299999,117.076783584,115.176505812,116.79176567799999,192507
635,242,2018-12-27 15:30:00,116.858292031,118.12229275,116.03146449299999,117.99874380799999,303118
636,241,2018-12-27 16:00:00,118.00824757299999,120.40319630299999,117.590081921,120.33666995,901979
637,240,2018-12-27 16:30:00,120.384188774,120.41270006799999,120.355677479,120.384188774,103727
638,239,2018-12-27 17:00:00,120.50773771600001,120.50773771600001,120.31766242,120.31766242,1943
639,238,2018-12-27 17:30:00,120.222624772,120.31766242,120.222624772,120.31766242,660
640,237,2018-12-27 18:00:00,120.24163230200001,120.31766242,120.222624772,120.31766242,2585
641,236,2018-12-27 18:30:00,120.222624772,120.222624772,119.794955356,119.794955356,750
642,235,2018-12-27 19:00:00,120.118083359,120.118083359,119.80445912100001,119.82346665,775
643,234,2018-12-27 19:30:00,120.127587124,120.222624772,120.070564535,120.222624772,600
644,233,2018-12-27 20:00:00,120.270143596,120.270143596,119.851977945,119.851977945,600
645,232,2018-12-28 07:30:00,120.954414662,121.64818949299999,120.707316777,120.75483560100001,1165
646,231,2018-12-28 08:30:00,121.125482428,121.16349748799999,121.125482428,121.16349748799999,500
647,230,2018-12-28 09:00:00,121.542792741,121.638685728,121.542792741,121.638685728,1206
648,229,2018-12-28 09:30:00,121.534144315,121.64818949299999,120.69781301200001,120.91639960299999,1504
649,228,2018-12-28 10:00:00,120.821361955,121.477026689,119.26274452700001,120.66930171799999,428284
650,227,2018-12-28 10:30:00,120.745331836,120.745331836,119.414804764,119.633391354,295964
651,226,2018-12-28 11:00:00,119.60488006,120.469722657,118.844578875,119.74743653200001,228985
652,225,2018-12-28 11:30:00,119.78754241899999,120.735828071,119.62379255200001,120.631286659,223358
653,224,2018-12-28 12:00:00,120.59327159899999,121.173001252,120.45071512700001,120.735828071,156117
654,223,2018-12-28 12:30:00,120.75483560100001,121.115883626,120.43170759799999,120.688309247,150223
655,222,2018-12-28 13:00:00,120.745331836,120.878384544,119.899496769,119.998145847,117445
656,221,2018-12-28 13:30:00,120.02304571100001,120.31756738200001,119.36728594,119.60212396799999,171201
657,220,2018-12-28 14:00:00,119.62388758899999,120.50773771600001,119.264075054,120.36993312700001,182846
658,219,2018-12-28 14:30:00,120.384188774,121.714715846,120.384188774,121.125482428,247517
659,218,2018-12-28 15:00:00,121.13498619299999,121.88578361299999,121.03044478,121.51038490299999,255115
660,217,2018-12-28 15:30:00,121.453362314,121.61967819799999,119.24373699700001,119.629209698,306238
661,216,2018-12-28 16:00:00,119.652398884,119.81063656799999,119.11068429,119.414804764,660439
662,215,2018-12-28 16:30:00,119.37678970399999,119.37678970399999,119.101180525,119.36728594,45923
663,214,2018-12-28 17:00:00,119.414804764,119.652398884,119.414804764,119.50984241200001,1566
664,213,2018-12-28 17:30:00,119.50984241200001,119.633391354,119.32927088,119.32927088,4996
665,212,2018-12-28 18:00:00,119.386293469,119.386293469,119.386293469,119.386293469,100
666,211,2018-12-31 07:30:00,121.64818949299999,121.743227141,121.64818949299999,121.743227141,500
667,210,2018-12-31 08:30:00,121.64818949299999,121.876279848,121.45811419700001,121.45811419700001,2456
668,209,2018-12-31 09:00:00,121.173001252,121.173001252,120.69781301200001,120.69781301200001,1521
669,208,2018-12-31 09:30:00,120.79285066,120.79285066,120.222624772,120.29865489,3436
670,207,2018-12-31 10:00:00,120.31766242,121.75273090600001,120.31766242,120.457842951,372014
671,206,2018-12-31 10:30:00,120.47922642200001,121.07796360399999,119.74743653200001,119.899496769,251532
672,205,2018-12-31 11:00:00,119.899496769,120.28915112600001,119.490834882,119.909000534,226103
673,204,2018-12-31 11:30:00,119.928008063,120.042053241,119.27224829200001,119.999096224,249930
674,203,2018-12-31 12:00:00,119.965928085,120.013541946,119.12969182,119.94701559299999,209608
675,202,2018-12-31 12:30:00,120.013541946,120.41270006799999,119.832970415,120.29865489,133500
676,201,2018-12-31 13:00:00,120.31766242,120.69781301200001,120.24163230200001,120.526745246,134418
677,200,2018-12-31 13:30:00,120.55525654,120.65029418799999,120.184134525,120.65029418799999,135970
678,199,2018-12-31 14:00:00,120.659797953,120.659797953,119.880489239,119.956519358,121874
679,198,2018-12-31 14:30:00,119.94701559299999,120.270143596,119.595376295,119.642800081,145457
680,197,2018-12-31 15:00:00,119.61913570700001,120.488730187,119.50984241200001,120.070564535,131865
681,196,2018-12-31 15:30:00,120.032549476,120.46021889200001,119.94701559299999,120.31766242,167764
682,195,2018-12-31 16:00:00,120.346173715,120.88788830799999,118.32187181100001,120.745331836,621408
683,194,2018-12-31 16:30:00,120.81185819,120.81185819,120.422203833,120.764339366,115474
684,193,2018-12-31 17:00:00,120.764339366,120.764339366,120.764339366,120.764339366,500
685,192,2018-12-31 17:30:00,120.925903368,120.925903368,120.925903368,120.925903368,572
686,191,2018-12-31 19:30:00,120.93540713200001,120.954414662,120.93540713200001,120.954414662,545
687,190,2019-01-02 04:30:00,117.941721219,117.941721219,117.856187336,117.856187336,416
688,189,2019-01-02 06:30:00,118.797060051,118.797060051,118.797060051,118.797060051,100
689,188,2019-01-02 07:00:00,118.797060051,118.797060051,118.797060051,118.797060051,250
690,187,2019-01-02 07:30:00,118.797060051,118.797060051,118.797060051,118.797060051,453
691,186,2019-01-02 08:00:00,118.80656381600001,118.80656381600001,118.426413224,118.426413224,1196
692,185,2019-01-02 08:30:00,118.312368046,118.416909459,117.856187336,117.856187336,9604
693,184,2019-01-02 09:00:00,118.093781456,118.131796515,117.92271368899999,118.131796515,802
694,183,2019-01-02 09:30:00,118.131796515,118.26484922200001,117.818172277,117.875194865,5406
695,182,2019-01-02 10:00:00,117.875194865,119.12969182,116.896307091,118.89209769899999,536958
696,181,2019-01-02 10:30:00,118.89209769899999,120.13709088899999,117.999123958,119.642895119,328011
697,180,2019-01-02 11:00:00,119.690413943,121.13498619299999,119.50984241200001,120.67880548299999,206149
698,179,2019-01-02 11:30:00,120.702564895,121.534144315,120.43170759799999,120.802354425,261991
699,178,2019-01-02 12:00:00,120.773843131,121.087467369,120.203617242,120.265391714,218383
700,177,2019-01-02 12:30:00,120.251136066,120.631286659,119.985030652,120.18460971299999,196554
701,176,2019-01-02 13:00:00,120.203617242,120.91639960299999,120.118083359,120.77859501299999,178769
702,175,2019-01-02 13:30:00,120.759777559,121.344069019,120.745331836,121.13498619299999,213774
703,174,2019-01-02 14:00:00,121.16349748799999,121.31080584200001,120.469722657,120.93540713200001,167281
704,173,2019-01-02 14:30:00,120.89739207299999,120.906895838,119.813962885,120.0800683,203549
705,172,2019-01-02 15:00:00,120.118083359,120.59327159899999,119.84247418,119.851977945,204231
706,171,2019-01-02 15:30:00,119.832970415,120.16560218299999,119.034654172,119.16295499600001,434959
707,170,2019-01-02 16:00:00,119.148699349,120.13709088899999,118.89209769899999,120.09907583,704019
708,169,2019-01-02 16:30:00,120.10857959399999,120.10857959399999,120.032549476,120.032549476,302053
709,168,2019-01-02 17:00:00,118.797060051,118.797060051,116.858292031,116.89640212799999,6759
710,167,2019-01-02 17:30:00,118.179315339,118.179315339,118.084277691,118.179315339,2160
711,166,2019-01-02 18:00:00,118.084277691,118.131796515,115.736847785,115.736847785,11609
712,165,2019-01-02 18:30:00,115.746351549,116.83928450200001,115.746351549,116.83928450200001,1639
713,164,2019-01-02 19:00:00,116.877299561,116.991344739,115.94593061,115.94593061,2368
714,163,2019-01-02 19:30:00,116.79176567799999,116.896307091,116.24064235700001,116.896307091,1026
715,162,2019-01-02 20:00:00,116.42111885,116.449630145,116.42111885,116.449630145,477
716,161,2019-01-03 05:30:00,117.266953918,117.266953918,117.257450153,117.257450153,210
717,160,2019-01-03 06:30:00,117.56157062700001,117.56157062700001,117.56157062700001,117.56157062700001,176
718,159,2019-01-03 07:30:00,117.83717980600001,117.83717980600001,117.799164747,117.799164747,725
719,158,2019-01-03 08:00:00,118.179315339,118.179315339,117.846683571,117.846683571,746
720,157,2019-01-03 08:30:00,117.333480272,118.32187181100001,117.333480272,118.24584169299999,7373
721,156,2019-01-03 09:00:00,118.587977226,118.587977226,118.587977226,118.587977226,602
722,155,2019-01-03 09:30:00,118.70202240299999,118.73053369799999,118.27435298700001,118.70202240299999,4736
723,154,2019-01-03 10:00:00,119.09167676,119.27224829200001,117.1909238,117.64710451,571824
724,153,2019-01-03 10:30:00,117.580578157,117.64710451,114.85299765799999,115.480246135,881244
725,152,2019-01-03 11:00:00,115.442231076,115.526434432,114.466574581,115.29967460399999,448001
726,151,2019-01-03 11:30:00,115.29967460399999,116.03146449299999,114.938531541,115.290170839,350462
727,150,2019-01-03 12:00:00,115.35669719200001,117.1909238,115.35669719200001,117.019856033,429699
728,149,2019-01-03 12:30:00,116.962833444,117.333480272,116.772758148,116.991344739,224262
729,148,2019-01-03 13:00:00,116.962833444,117.34535997799999,116.768006266,116.972337209,210912
730,147,2019-01-03 13:30:00,116.962833444,116.991344739,115.746351549,116.021960729,341276
731,146,2019-01-03 14:00:00,116.01055621100001,116.93432215,115.91741931600001,116.240547319,153296
732,145,2019-01-03 14:30:00,116.288066143,116.630201676,115.888908021,116.554171558,206052
733,144,2019-01-03 15:00:00,116.56367532200001,116.848788267,115.38520848700001,115.584787548,199823
734,143,2019-01-03 15:30:00,115.641810136,115.87037568,115.11435119,115.613298842,315017
735,142,2019-01-03 16:00:00,115.613298842,116.13600590600001,115.005057895,115.394712252,917363
736,141,2019-01-03 16:30:00,115.480246135,115.480246135,115.404216016,115.480246135,274322
737,140,2019-01-03 17:00:00,115.480246135,115.480246135,115.480246135,115.480246135,100
738,139,2019-01-03 17:30:00,115.404216016,115.404216016,115.404216016,115.404216016,180
739,138,2019-01-03 18:00:00,115.404216016,115.404216016,115.404216016,115.404216016,134
740,137,2019-01-03 19:30:00,115.423223546,116.16451720100001,115.423223546,116.16451720100001,200
741,136,2019-01-04 04:30:00,118.416909459,118.416909459,118.416909459,118.416909459,500
742,135,2019-01-04 06:30:00,118.27435298700001,118.27435298700001,118.27435298700001,118.27435298700001,500
743,134,2019-01-04 07:30:00,116.174020965,118.169811574,116.174020965,117.56157062700001,1005
744,133,2019-01-04 08:00:00,117.83717980600001,117.83717980600001,117.27645768299999,117.27645768299999,900
745,132,2019-01-04 08:30:00,117.742142158,117.83717980600001,116.991344739,117.03895859999999,5811
746,131,2019-01-04 09:00:00,117.56157062700001,117.66611204,117.27645768299999,117.599585686,14528
747,130,2019-01-04 09:30:00,117.342984036,117.609089451,117.266953918,117.609089451,2778
748,129,2019-01-04 10:00:00,118.00824757299999,119.300759586,117.561665665,119.11068429,564837
749,128,2019-01-04 10:30:00,119.107357972,120.41270006799999,118.209347236,120.369743051,483114
750,127,2019-01-04 11:00:00,120.393692539,120.655046071,119.747531569,120.33666995,270779
751,126,2019-01-04 11:30:00,120.327166185,120.53624901100001,119.557361236,119.766444061,339985
752,125,2019-01-04 12:00:00,119.785451591,120.91639960299999,119.490834882,120.773843131,243802
753,124,2019-01-04 12:30:00,120.764339366,121.13498619299999,120.24163230200001,121.039948545,223169
754,123,2019-01-04 13:00:00,121.058956075,121.99982879,120.83086572,121.610174433,230702
755,122,2019-01-04 13:30:00,121.64818949299999,122.20891161600001,121.502591816,121.819257259,252659
756,121,2019-01-04 14:00:00,121.838264789,122.20891161600001,120.91639960299999,121.391587843,306807
757,120,2019-01-04 14:30:00,121.41059537299999,121.952309966,121.019800564,121.94280620200001,221756
758,119,2019-01-04 15:00:00,121.961813731,122.13288149799999,121.011437251,121.06845984,313358
759,118,2019-01-04 15:30:00,121.06845984,121.64818949299999,121.06845984,121.367828431,322945
760,117,2019-01-04 16:00:00,121.38208407799999,121.838264789,121.23952760600001,121.75273090600001,788009
761,116,2019-01-04 16:30:00,121.790745965,122.10437020299999,121.75273090600001,121.838264789,242984
762,115,2019-01-04 17:30:00,122.049248367,122.056851379,122.049248367,122.056851379,752
763,114,2019-01-04 18:30:00,121.838264789,121.838264789,121.838264789,121.838264789,194
764,113,2019-01-07 07:30:00,122.161392792,122.161392792,122.161392792,122.161392792,260
765,112,2019-01-07 08:00:00,122.570054679,122.570054679,122.570054679,122.570054679,106
766,111,2019-01-07 08:30:00,122.161392792,122.161392792,122.161392792,122.161392792,175
767,110,2019-01-07 09:00:00,122.503528325,122.503528325,122.503528325,122.503528325,600
768,109,2019-01-07 09:30:00,122.503528325,122.503528325,122.503528325,122.503528325,710
769,108,2019-01-07 10:00:00,122.20891161600001,122.456009501,120.41270006799999,121.220520076,516457
770,107,2019-01-07 10:30:00,121.18250501700001,121.572159374,120.640790423,121.230023841,247072
771,106,2019-01-07 11:00:00,121.258535136,122.199407851,121.258440098,121.86677608299999,229356
772,105,2019-01-07 11:30:00,121.819257259,122.408490677,121.747979023,121.923798672,231695
773,104,2019-01-07 12:00:00,121.91429490700001,123.00722786,121.771738435,123.00722786,235600
774,103,2019-01-07 12:30:00,123.006847709,123.10226550799999,122.360971853,122.674596092,195782
775,102,2019-01-07 13:00:00,122.703107386,122.970638365,122.608069738,122.622325385,182769
776,101,2019-01-07 13:30:00,122.63182915,123.15453621399999,122.608069738,123.045242919,161240
777,100,2019-01-07 14:00:00,123.035739154,123.168791861,122.39898691200001,122.47501703100001,142583
778,99,2019-01-07 14:30:00,122.484520795,122.63658103200001,122.085362674,122.189904087,212893
779,98,2019-01-07 15:00:00,122.161392792,122.29444549899999,121.59116690399999,121.676700787,225917
780,97,2019-01-07 15:30:00,121.657693257,122.56055091399999,121.64818949299999,122.39898691200001,235756
781,96,2019-01-07 16:00:00,122.389483147,122.432250089,121.50563302100001,121.838264789,716520
782,95,2019-01-07 16:30:00,121.86677608299999,121.88578361299999,121.553151845,121.88578361299999,373304
783,94,2019-01-07 17:00:00,121.86677608299999,121.86677608299999,121.86677608299999,121.86677608299999,772
784,93,2019-01-07 19:00:00,121.80024973,121.80024973,121.80024973,121.80024973,100
785,92,2019-01-08 07:30:00,122.931197741,122.931197741,122.931197741,122.931197741,810
786,91,2019-01-08 08:00:00,123.07375421299999,123.07375421299999,123.07375421299999,123.07375421299999,1000
787,90,2019-01-08 08:30:00,123.07375421299999,124.062145753,123.07375421299999,124.062145753,910
788,89,2019-01-08 09:00:00,123.548942453,123.548942453,123.548942453,123.548942453,500
789,88,2019-01-08 09:30:00,124.024130694,124.17619093100001,123.59646127799999,123.69149892600001,4585
790,87,2019-01-08 10:00:00,123.453904805,124.97602777600001,123.339859628,123.796040338,647411
791,86,2019-01-08 10:30:00,123.786536574,124.356762462,122.712611151,123.07375421299999,363887
792,85,2019-01-08 11:00:00,123.08325797799999,123.22581445,122.42749820700001,122.56055091399999,232409
793,84,2019-01-08 11:30:00,122.579558443,123.059593604,122.332460559,122.39898691200001,224331
794,83,2019-01-08 12:00:00,122.39898691200001,122.950205271,121.86677608299999,122.89166208,242216
795,82,2019-01-08 12:30:00,122.893182682,124.10016081200001,122.79576909299999,123.967108105,226954
796,81,2019-01-08 13:00:00,123.967108105,124.15708836299999,122.931197741,123.159288097,262665
797,80,2019-01-08 13:30:00,123.17962615299999,123.729513985,122.931197741,123.297092686,159646
798,79,2019-01-08 14:00:00,123.278085157,123.80554410299999,122.997724095,123.520431159,175524
799,78,2019-01-08 14:30:00,123.501423629,123.681995161,123.035739154,123.07375421299999,174157
800,77,2019-01-08 15:00:00,123.07375421299999,123.187799391,122.627077267,122.821904446,208052
801,76,2019-01-08 15:30:00,122.798145034,123.310397957,122.674596092,123.289014486,190404
802,75,2019-01-08 16:00:00,123.282837039,123.56794998299999,123.254325745,123.339859628,603801
803,74,2019-01-08 16:30:00,123.330355863,123.330355863,123.330355863,123.330355863,116660
804,73,2019-01-08 17:30:00,123.48241609999998,123.48241609999998,123.48241609999998,123.48241609999998,300
805,72,2019-01-08 18:00:00,123.48241609999998,123.48241609999998,123.48241609999998,123.48241609999998,1025
806,71,2019-01-08 19:00:00,123.39688221700001,123.48241609999998,123.39688221700001,123.48241609999998,722
807,70,2019-01-08 19:30:00,123.501423629,123.501423629,123.501423629,123.501423629,1722
808,69,2019-01-08 20:00:00,123.501423629,123.501423629,123.501423629,123.501423629,1500
809,68,2019-01-09 04:30:00,123.472912335,123.472912335,123.472912335,123.472912335,100
810,67,2019-01-09 08:00:00,123.548942453,124.07164951799999,123.548942453,124.07164951799999,800
811,66,2019-01-09 08:30:00,124.727409289,124.727409289,124.45180011,124.45180011,1532
812,65,2019-01-09 09:00:00,124.45180011,124.499318934,124.39477752100001,124.499318934,2984
813,64,2019-01-09 09:30:00,124.43279258,124.632371641,124.43279258,124.499318934,4161
814,63,2019-01-09 10:00:00,124.58485281700001,125.65877824,124.58485281700001,125.003018469,610217
815,62,2019-01-09 10:30:00,124.99351470399999,125.516221768,124.61336411200001,124.793935643,447944
816,61,2019-01-09 11:00:00,124.755920584,124.755920584,123.46340857,123.624972572,416024
817,60,2019-01-09 11:30:00,123.61546880700001,124.461208837,123.520431159,124.26172481399999,312721
818,59,2019-01-09 12:00:00,124.26172481399999,125.04103352799999,124.05264198799999,124.580100935,368849
819,58,2019-01-09 12:30:00,124.58998485,125.145574941,124.484778174,124.85095823200001,245924
820,57,2019-01-09 13:00:00,124.869965761,125.383169061,124.77492811299999,125.373665296,153843
821,56,2019-01-09 13:30:00,125.383169061,125.58274812200001,125.202597529,125.53522929799999,167502
822,55,2019-01-09 14:00:00,125.55423682700001,125.592251886,124.92698835,125.12656741100001,141929
823,54,2019-01-09 14:30:00,125.107559881,125.592251886,124.77492811299999,124.96500340899999,191565
824,53,2019-01-09 15:00:00,124.984010939,125.497119201,124.793935643,125.012522233,170876
825,52,2019-01-09 15:30:00,125.003018469,125.193093765,124.280732343,124.280732343,337064
826,51,2019-01-09 16:00:00,124.266476696,124.546837758,123.55844621799999,123.815047868,864434
827,50,2019-01-09 16:30:00,123.80554410299999,123.80554410299999,123.80554410299999,123.80554410299999,59236
828,49,2019-01-09 17:00:00,123.548942453,123.80554410299999,123.548942453,123.64398010200001,11292
829,48,2019-01-09 17:30:00,123.548942453,123.548942453,123.529934924,123.529934924,750
830,47,2019-01-09 18:00:00,123.51092739399999,123.51092739399999,123.51092739399999,123.51092739399999,140
831,46,2019-01-09 18:30:00,123.548942453,123.69149892600001,123.51092739399999,123.69149892600001,1710
832,45,2019-01-09 19:30:00,123.46340857,123.46340857,123.34936339299999,123.46340857,480
833,44,2019-01-09 20:00:00,123.339859628,123.339859628,123.339859628,123.339859628,300
834,43,2019-01-10 07:30:00,122.59856597299999,122.61757350299999,122.59856597299999,122.61757350299999,200
835,42,2019-01-10 08:30:00,122.59856597299999,122.75062621,122.59856597299999,122.75062621,522
836,41,2019-01-10 09:00:00,123.02623538899999,123.07375421299999,122.712611151,122.712611151,650
837,40,2019-01-10 09:30:00,122.712611151,122.788641269,122.13288149799999,122.15188902700001,2057
838,39,2019-01-10 10:00:00,122.227919146,123.501423629,120.93540713200001,123.472912335,393277
839,38,2019-01-10 10:30:00,123.472912335,125.150611936,123.434897276,125.04901669,257178
840,37,2019-01-10 11:00:00,125.003018469,125.53522929799999,124.74641681899999,125.529527039,218897
841,36,2019-01-10 11:30:00,125.53522929799999,125.687289534,124.860461996,125.003018469,208959
842,35,2019-01-10 12:00:00,125.031529763,125.68995058899999,125.031529763,125.516221768,119346
843,34,2019-01-10 12:30:00,125.487710474,125.601755651,125.06450782700001,125.420233743,134638
844,33,2019-01-10 13:00:00,125.39742470799999,125.79183094700001,125.231108824,125.487710474,157574
845,32,2019-01-10 13:30:00,125.459199179,125.525725533,124.546837758,124.78053533399999,140944
846,31,2019-01-10 14:00:00,124.755920584,124.94599588,124.404281286,124.94599588,127955
847,30,2019-01-10 14:30:00,124.955499645,125.82034224200001,124.955499645,125.563740592,172229
848,29,2019-01-10 15:00:00,125.592251886,126.11457879999999,125.516221768,125.981906243,318464
849,28,2019-01-10 15:30:00,125.99141000799999,126.124462715,125.75856777,125.96289871399999,207055
850,27,2019-01-10 16:00:00,125.943891184,126.514117072,125.8179663,126.36205683600001,515627
851,26,2019-01-10 16:30:00,126.36205683600001,126.36205683600001,126.36205683600001,126.36205683600001,89696
852,25,2019-01-10 17:30:00,126.361961798,126.361961798,126.317199066,126.317199066,399
853,24,2019-01-10 18:00:00,126.361961798,126.361961798,126.361961798,126.361961798,100
854,23,2019-01-10 18:30:00,126.36205683600001,126.36205683600001,126.36205683600001,126.36205683600001,548
855,22,2019-01-10 19:00:00,126.295530482,126.352553071,126.295530482,126.352553071,503
856,21,2019-01-11 07:30:00,125.63977071,125.63977071,125.63977071,125.63977071,100
857,20,2019-01-11 08:30:00,124.974507174,125.21210129399999,124.974507174,125.21210129399999,4423
858,19,2019-01-11 09:00:00,124.974507174,125.16458247,124.974507174,125.16458247,2103
859,18,2019-01-11 09:30:00,125.26912388299999,125.26912388299999,124.09065704700001,124.09065704700001,9237
860,17,2019-01-11 10:00:00,124.575349052,124.841454467,123.59646127799999,124.82852934700001,438413
861,16,2019-01-11 10:30:00,124.78443187799999,125.193093765,124.356762462,124.375769991,303673
862,15,2019-01-11 11:00:00,124.36626622700001,125.26912388299999,124.33775493200001,125.107559881,216758
863,14,2019-01-11 11:30:00,125.12656741100001,125.26209109700001,124.53733399299999,124.74641681899999,178273
864,13,2019-01-11 12:00:00,124.727409289,125.42118412,124.641875406,125.06954482200001,134620
865,12,2019-01-11 12:30:00,125.031529763,125.202597529,124.74641681899999,125.003018469,100724
866,11,2019-01-11 13:00:00,125.012522233,125.68016171100001,124.955499645,125.62313912200001,114182
867,10,2019-01-11 13:30:00,125.61125941600001,125.61125941600001,125.136071176,125.20563873399999,128460
868,9,2019-01-11 14:00:00,125.193093765,125.44969541399999,125.136071176,125.354657766,97985
869,8,2019-01-11 14:30:00,125.349905884,125.58274812200001,125.228922958,125.42118412,123753
870,7,2019-01-11 15:00:00,125.44019165,125.61125941600001,125.345154001,125.406928473,168438
871,6,2019-01-11 15:30:00,125.369483639,125.592251886,125.21210129399999,125.21210129399999,193054
872,5,2019-01-11 16:00:00,125.221605059,125.75381588799999,125.202597529,125.516221768,414564
873,4,2019-01-11 16:30:00,125.544733062,125.544733062,125.544733062,125.544733062,67046
874,3,2019-01-11 17:00:00,125.44969541399999,125.44969541399999,125.44969541399999,125.44969541399999,1099
875,2,2019-01-11 17:30:00,125.44969541399999,125.44969541399999,125.44969541399999,125.44969541399999,100
876,1,2019-01-11 18:30:00,125.725304594,125.725304594,125.725304594,125.725304594,250
877,0,2019-01-11 19:30:00,125.44969541399999,125.44969541399999,125.44969541399999,125.44969541399999,300
