,index,time,open,high,low,close,volume
0,236,2019-08-12 10:00:00,3.5501,3.71,3.5501,3.71,325
1,235,2019-08-12 11:30:00,3.6444,3.6444,3.6444,3.6444,194
2,234,2019-08-12 12:30:00,3.64,3.64,3.42,3.42,2487
3,233,2019-08-12 13:00:00,3.57,3.58,3.5628,3.58,300
4,232,2019-08-12 14:30:00,3.59,3.59,3.55,3.55,300
5,231,2019-08-13 10:00:00,3.5,3.5,3.5,3.5,1046
6,230,2019-08-13 10:30:00,3.3710000000000004,3.4,3.3710000000000004,3.4,2000
7,229,2019-08-13 11:00:00,3.41,3.41,3.35,3.355,2796
8,228,2019-08-13 12:00:00,3.355,3.3801,3.355,3.3801,336
9,227,2019-08-13 12:30:00,3.49,3.49,3.36,3.4084,2101
10,226,2019-08-13 13:00:00,3.42,3.42,3.375,3.39,2335
11,225,2019-08-13 13:30:00,3.4989999999999997,3.5828,3.4728,3.5828,7933
12,224,2019-08-13 14:00:00,3.6503,3.7,3.6,3.69,14895
13,223,2019-08-13 14:30:00,3.67,3.9366,3.6149,3.85,31007
14,222,2019-08-13 15:00:00,3.84,3.94,3.74,3.75,5685
15,221,2019-08-13 15:30:00,3.71,3.72,3.7,3.7,1641
16,220,2019-08-13 16:00:00,3.76,3.76,3.52,3.6523,9115
17,219,2019-08-13 17:00:00,3.39,3.39,3.39,3.39,176
18,218,2019-08-14 10:00:00,3.6,3.7199,3.407,3.407,3095
19,217,2019-08-14 10:30:00,3.41,3.41,3.39,3.4,2431
20,216,2019-08-14 11:00:00,3.34,3.5,3.3,3.5,19978
21,215,2019-08-14 11:30:00,3.5,3.5,3.45,3.45,3176
22,214,2019-08-14 12:00:00,3.42,3.4237,3.35,3.3525,4920
23,213,2019-08-14 13:00:00,3.35,3.35,3.35,3.35,700
24,212,2019-08-14 13:30:00,3.3699,3.3699,3.3699,3.3699,300
25,211,2019-08-14 14:00:00,3.3,3.3,3.3,3.3,1184
26,210,2019-08-14 14:30:00,3.35,3.43,3.35,3.43,1300
27,209,2019-08-14 15:00:00,3.3065,3.43,3.3065,3.43,2642
28,208,2019-08-14 16:00:00,3.36,3.43,3.36,3.3876,1700
29,207,2019-08-15 10:00:00,3.36,3.36,3.36,3.36,200
30,206,2019-08-15 10:30:00,3.2582,3.2582,3.2582,3.2582,100
31,205,2019-08-15 11:00:00,3.2544,3.2544,3.2544,3.2544,200
32,204,2019-08-15 11:30:00,3.36,3.44,3.35,3.3701,10416
33,203,2019-08-15 12:00:00,3.4,3.41,3.4,3.41,1067
34,202,2019-08-15 12:30:00,3.46,3.4799,3.46,3.4799,867
35,201,2019-08-15 13:00:00,3.4631,3.4631,3.4,3.4,1500
36,200,2019-08-15 13:30:00,3.47,3.47,3.47,3.47,100
37,199,2019-08-15 14:00:00,3.45,3.45,3.45,3.45,100
38,198,2019-08-15 15:30:00,3.37,3.37,3.3,3.35,1962
39,197,2019-08-15 16:00:00,3.4159,3.4735,3.4159,3.4735,600
40,196,2019-08-16 10:00:00,3.46,3.4799,3.25,3.25,686
41,195,2019-08-16 11:30:00,3.4415,3.4415,3.4415,3.4415,300
42,194,2019-08-16 13:00:00,3.47,3.5726,3.47,3.5726,717
43,193,2019-08-16 13:30:00,3.58,3.59,3.58,3.59,255
44,192,2019-08-16 15:30:00,3.7,3.7,3.7,3.7,100
45,191,2019-08-16 16:00:00,3.65,3.6723,3.6256,3.6723,710
46,190,2019-08-16 19:00:00,4.0,4.0,4.0,4.0,1200
47,189,2019-08-16 19:30:00,4.1,4.11,4.01,4.11,800
48,188,2019-08-16 20:00:00,4.5,4.5,4.5,4.5,100
49,187,2019-08-19 07:30:00,4.35,4.35,4.35,4.35,100
50,186,2019-08-19 08:00:00,4.5,4.51,4.4,4.51,900
51,185,2019-08-19 08:30:00,4.5,4.6,4.29,4.4,1120
52,184,2019-08-19 09:00:00,4.44,5.75,4.4299,5.75,9736
53,183,2019-08-19 09:30:00,5.8,6.0,5.09,5.19,90088
54,182,2019-08-19 10:00:00,5.21,5.21,4.21,4.2728,229108
55,181,2019-08-19 10:30:00,4.305,4.42,4.05,4.2599,62181
56,180,2019-08-19 11:00:00,4.26,4.26,4.12,4.19,6287
57,179,2019-08-19 11:30:00,4.21,4.27,4.2,4.2,12052
58,178,2019-08-19 12:00:00,4.245,4.3,4.22,4.22,2732
59,177,2019-08-19 12:30:00,4.328,4.328,4.22,4.289,3008
60,176,2019-08-19 13:00:00,4.2218,4.33,4.22,4.2492,5011
61,175,2019-08-19 13:30:00,4.23,4.2799,4.22,4.22,2200
62,174,2019-08-19 14:00:00,4.22,4.24,4.0,4.1197,21110
63,173,2019-08-19 14:30:00,4.051,4.23,4.051,4.1985,2722
64,172,2019-08-19 15:00:00,4.22,4.33,4.1114,4.1152,2306
65,171,2019-08-19 15:30:00,4.1276,4.1965,4.1276,4.19,600
66,170,2019-08-19 16:00:00,4.16,4.42,4.15,4.23,29064
67,169,2019-08-19 16:30:00,4.2,4.2,4.2,4.2,230
68,168,2019-08-20 08:30:00,4.2,4.2,4.2,4.2,1304
69,167,2019-08-20 09:30:00,4.19,4.19,4.19,4.19,300
70,166,2019-08-20 10:00:00,4.17,4.17,3.97,4.04,9929
71,165,2019-08-20 10:30:00,4.04,4.06,4.04,4.06,2850
72,164,2019-08-20 11:00:00,4.06,4.09,4.06,4.09,1354
73,163,2019-08-20 11:30:00,4.1105,4.13,4.1105,4.13,1246
74,162,2019-08-20 12:00:00,4.1173,4.12,4.105,4.12,500
75,161,2019-08-20 12:30:00,4.12,4.12,4.12,4.12,165
76,160,2019-08-20 13:00:00,4.12,4.1373,4.12,4.1373,500
77,159,2019-08-20 13:30:00,4.12,4.13,4.12,4.13,700
78,158,2019-08-20 14:00:00,4.1096,4.1096,4.095,4.095,800
79,157,2019-08-20 14:30:00,4.1080000000000005,4.12,4.1080000000000005,4.12,716
80,156,2019-08-20 15:00:00,4.12,4.12,4.12,4.12,1159
81,155,2019-08-20 15:30:00,4.11,4.12,4.11,4.12,500
82,154,2019-08-20 16:00:00,4.15,4.34,4.15,4.34,4160
83,153,2019-08-21 07:30:00,4.2,4.2,4.2,4.2,500
84,152,2019-08-21 10:00:00,4.15,4.2915,4.15,4.2915,3577
85,151,2019-08-21 10:30:00,4.2512,4.2512,4.2512,4.2512,100
86,150,2019-08-21 11:00:00,4.34,5.1016,4.3365,5.0026,52938
87,149,2019-08-21 11:30:00,5.05,5.39,5.0,5.05,87546
88,148,2019-08-21 12:00:00,5.06,5.24,4.9,4.9357,23273
89,147,2019-08-21 12:30:00,4.97,5.0,4.8,4.8,11120
90,146,2019-08-21 13:00:00,4.821000000000001,4.85,4.8,4.8,5468
91,145,2019-08-21 13:30:00,4.81,4.81,4.73,4.7627,3729
92,144,2019-08-21 14:00:00,4.77,4.78,4.7410000000000005,4.78,1502
93,143,2019-08-21 14:30:00,4.7901,4.8999,4.7901,4.8999,2597
94,142,2019-08-21 15:00:00,4.8411,4.89,4.8411,4.89,600
95,141,2019-08-21 15:30:00,4.87,4.88,4.86,4.88,1426
96,140,2019-08-21 16:00:00,4.9,5.07,4.9,5.05,9556
97,139,2019-08-21 18:30:00,5.0,5.0,5.0,5.0,1000
98,138,2019-08-22 07:30:00,4.99,4.99,4.99,4.99,263
99,137,2019-08-22 08:30:00,4.99,4.99,4.99,4.99,3248
100,136,2019-08-22 09:00:00,4.99,5.1,4.99,5.1,614
101,135,2019-08-22 09:30:00,5.31,5.38,5.3,5.38,2262
102,134,2019-08-22 10:00:00,5.18,5.48,4.9651,5.0899,29517
103,133,2019-08-22 10:30:00,5.0654,5.08,4.96,4.99,2435
104,132,2019-08-22 11:00:00,5.032,5.032,4.97,4.989,4298
105,131,2019-08-22 11:30:00,4.9899,4.99,4.97,4.99,1000
106,130,2019-08-22 12:00:00,4.98,5.02,4.98,5.02,2900
107,129,2019-08-22 12:30:00,5.0299,5.0299,5.0299,5.0299,300
108,128,2019-08-22 13:00:00,5.0373,5.09,5.0172,5.09,5051
109,127,2019-08-22 13:30:00,5.0441,5.09,5.0441,5.09,2328
110,126,2019-08-22 14:00:00,5.1992,5.1992,5.15,5.15,799
111,125,2019-08-22 14:30:00,5.0927,5.18,5.09,5.18,2327
112,124,2019-08-22 15:00:00,5.15,5.25,5.15,5.2314,5674
113,123,2019-08-22 15:30:00,5.24,5.26,5.24,5.25,1020
114,122,2019-08-22 16:00:00,5.26,5.37,5.2498,5.2498,8905
115,121,2019-08-22 17:30:00,5.48,6.28,5.48,6.08,3766
116,120,2019-08-22 18:00:00,6.4,6.44,6.4,6.44,1368
117,119,2019-08-22 18:30:00,6.21,6.21,6.1,6.1,2000
118,118,2019-08-22 19:00:00,6.11,6.11,6.1,6.1,400
119,117,2019-08-22 19:30:00,6.1,6.1,6.09,6.09,2000
120,116,2019-08-22 20:00:00,6.1,6.1,6.1,6.1,2348
121,115,2019-08-23 05:30:00,5.52,5.52,5.52,5.52,200
122,114,2019-08-23 07:30:00,5.91,6.85,5.76,6.85,10409
123,113,2019-08-23 08:00:00,6.65,6.65,6.4,6.5,400
124,112,2019-08-23 08:30:00,6.5999,6.5999,6.25,6.25,3818
125,111,2019-08-23 09:00:00,6.4,6.5,6.4,6.4899,2481
126,110,2019-08-23 09:30:00,6.35,6.35,6.0,6.14,4543
127,109,2019-08-23 10:00:00,5.69,6.65,5.69,5.98,257703
128,108,2019-08-23 10:30:00,6.02,6.09,5.85,5.85,23991
129,107,2019-08-23 11:00:00,5.85,5.85,5.63,5.7,21381
130,106,2019-08-23 11:30:00,5.7899,5.7899,5.52,5.69,12630
131,105,2019-08-23 12:00:00,5.65,5.77,5.585,5.6,8486
132,104,2019-08-23 12:30:00,5.61,5.75,5.61,5.729,6262
133,103,2019-08-23 13:00:00,5.75,5.7999,5.61,5.76,3900
134,102,2019-08-23 13:30:00,5.79,5.8,5.7204,5.73,3547
135,101,2019-08-23 14:00:00,5.68,5.73,5.55,5.73,19621
136,100,2019-08-23 14:30:00,5.7,5.73,5.6,5.65,2317
137,99,2019-08-23 15:00:00,5.6608,5.7,5.64,5.7,5427
138,98,2019-08-23 15:30:00,5.63,5.69,5.63,5.68,1400
139,97,2019-08-23 16:00:00,5.73,5.8,5.71,5.77,13234
140,96,2019-08-23 16:30:00,5.77,5.77,5.77,5.77,100
141,95,2019-08-23 18:00:00,5.63,5.63,5.63,5.63,100
142,94,2019-08-26 10:00:00,5.8,5.8,5.1972,5.3556,13283
143,93,2019-08-26 10:30:00,5.28,5.4399,5.28,5.4,5147
144,92,2019-08-26 11:00:00,5.44,5.63,5.35,5.4016,5804
145,91,2019-08-26 11:30:00,5.35,5.38,5.21,5.38,11768
146,90,2019-08-26 12:00:00,5.2562,5.29,5.23,5.2562,2732
147,89,2019-08-26 12:30:00,5.26,5.2609,5.22,5.244,9217
148,88,2019-08-26 13:00:00,5.25,5.25,5.25,5.25,1076
149,87,2019-08-26 13:30:00,5.27,5.31,5.2316,5.31,1014
150,86,2019-08-26 14:00:00,5.25,5.25,5.22,5.22,5908
151,85,2019-08-26 14:30:00,5.21,5.2101,5.05,5.05,7720
152,84,2019-08-26 15:00:00,5.1288,5.13,5.05,5.05,3009
153,83,2019-08-26 15:30:00,5.08,5.11,5.071000000000001,5.08,4000
154,82,2019-08-26 16:00:00,5.08,5.2365,5.08,5.09,2604
155,81,2019-08-27 10:00:00,5.4,5.401,5.3,5.3889,8642
156,80,2019-08-27 10:30:00,5.3,5.4,5.3,5.3025,2285
157,79,2019-08-27 11:00:00,5.39,5.39,5.39,5.39,400
158,78,2019-08-27 12:00:00,5.34,5.34,5.34,5.34,100
159,77,2019-08-27 12:30:00,5.332000000000001,5.332000000000001,5.3256,5.3256,448
160,76,2019-08-27 13:00:00,5.3204,5.3204,5.26,5.26,1310
161,75,2019-08-27 13:30:00,5.26,5.26,5.26,5.26,361
162,74,2019-08-27 14:00:00,5.22,5.22,5.22,5.22,917
163,73,2019-08-27 14:30:00,5.22,5.22,5.22,5.22,100
164,72,2019-08-27 15:00:00,5.22,5.2205,5.22,5.22,2476
165,71,2019-08-27 16:00:00,5.22,5.22,5.2,5.215,2579
166,70,2019-08-28 09:30:00,5.21,5.21,5.2,5.2,738
167,69,2019-08-28 10:00:00,5.17,5.17,4.91,5.0,7376
168,68,2019-08-28 10:30:00,5.01,5.0351,5.01,5.0351,2907
169,67,2019-08-28 11:00:00,5.1304,5.1304,5.1304,5.1304,600
170,66,2019-08-28 12:30:00,5.075,5.1392,5.075,5.1392,2048
171,65,2019-08-28 13:30:00,5.1,5.1,5.084,5.084,1001
172,64,2019-08-28 14:00:00,5.13,5.14,5.13,5.13,1415
173,63,2019-08-28 14:30:00,5.1499,5.15,5.12,5.12,1700
174,62,2019-08-28 15:30:00,5.12,5.12,5.12,5.12,150
175,61,2019-08-28 16:00:00,5.14,5.14,5.14,5.14,160
176,60,2019-08-29 10:00:00,5.12,5.17,5.02,5.17,1969
177,59,2019-08-29 10:30:00,5.1044,5.12,5.1,5.1,1200
178,58,2019-08-29 11:00:00,5.1255,5.1255,5.1,5.1,1601
179,57,2019-08-29 12:00:00,5.0799,5.0799,5.0799,5.0799,620
180,56,2019-08-29 12:30:00,5.08,5.0993,5.08,5.0993,300
181,55,2019-08-29 14:00:00,5.01,5.0357,5.01,5.0357,787
182,54,2019-08-29 14:30:00,5.0601,5.0601,5.0601,5.0601,360
183,53,2019-08-29 15:30:00,5.065,5.065,5.01,5.05,6216
184,52,2019-08-29 16:00:00,4.99,5.03,4.95,4.95,5104
185,51,2019-08-29 18:00:00,4.95,4.95,4.95,4.95,100
186,50,2019-08-30 10:00:00,4.99,5.09,4.99,5.08,2610
187,49,2019-08-30 10:30:00,5.06,5.06,4.9510000000000005,4.9510000000000005,2300
188,48,2019-08-30 11:30:00,4.9672,4.9999,4.9672,4.9999,1080
189,47,2019-08-30 12:30:00,4.95,4.96,4.95,4.96,200
190,46,2019-08-30 13:30:00,4.95,4.96,4.95,4.96,225
191,45,2019-08-30 14:00:00,4.97,4.97,4.95,4.95,4930
192,44,2019-08-30 14:30:00,4.968999999999999,4.968999999999999,4.9592,4.9592,400
193,43,2019-08-30 15:00:00,4.97,5.01,4.97,5.01,500
194,42,2019-08-30 15:30:00,5.01,5.1,4.97,5.1,2781
195,41,2019-08-30 16:00:00,5.0,5.015,5.0,5.015,400
196,40,2019-09-03 10:00:00,4.9,4.9,4.8,4.8441,8366
197,39,2019-09-03 10:30:00,4.87,4.9,4.83,4.89,2208
198,38,2019-09-03 11:30:00,4.89,4.89,4.85,4.85,200
199,37,2019-09-03 12:30:00,4.86,4.89,4.86,4.88,700
200,36,2019-09-03 14:00:00,4.83,4.88,4.8,4.83,3568
201,35,2019-09-03 15:00:00,4.83,4.83,4.7789,4.7789,4392
202,34,2019-09-03 15:30:00,4.75,4.765,4.75,4.765,1615
203,33,2019-09-03 16:00:00,4.7965,4.7965,4.76,4.76,800
204,32,2019-09-04 05:00:00,4.75,4.75,4.75,4.75,317
205,31,2019-09-04 10:00:00,4.8,4.8,4.42,4.6,2854
206,30,2019-09-04 10:30:00,4.6857,4.6857,4.6857,4.6857,300
207,29,2019-09-04 11:00:00,4.65,4.65,4.62,4.62,4800
208,28,2019-09-04 11:30:00,4.739,4.739,4.739,4.739,500
209,27,2019-09-04 13:00:00,4.7224,4.7224,4.7,4.7,428
210,26,2019-09-05 10:00:00,4.7,4.7,4.7,4.7,200
211,25,2019-09-05 12:30:00,4.86,4.89,4.86,4.89,457
212,24,2019-09-05 14:30:00,4.9,4.9,4.9,4.9,100
213,23,2019-09-05 15:00:00,4.8728,4.91,4.8728,4.91,1098
214,22,2019-09-05 15:30:00,4.9401,4.9847,4.94,4.9751,4408
215,21,2019-09-06 10:00:00,4.95,4.95,4.82,4.83,990
216,20,2019-09-06 10:30:00,4.8205,4.8205,4.8205,4.8205,500
217,19,2019-09-06 11:00:00,4.82,4.86,4.81,4.81,2909
218,18,2019-09-06 12:00:00,4.812,4.812,4.812,4.812,1000
219,17,2019-09-06 12:30:00,4.81,4.81,4.81,4.81,116
220,16,2019-09-06 13:00:00,4.81,4.84,4.8065,4.84,834
221,15,2019-09-06 15:30:00,4.8441,4.8839,4.82,4.8839,2600
222,14,2019-09-06 16:00:00,4.95,4.95,4.9,4.9,1200
223,13,2019-09-09 10:00:00,4.87,4.87,4.87,4.87,200
224,12,2019-09-09 10:30:00,4.8723,4.8723,4.8723,4.8723,1205
225,11,2019-09-10 10:00:00,4.87,4.98,4.87,4.97,1810
226,10,2019-09-10 10:30:00,4.98,5.04,4.98,5.0004,10330
227,9,2019-09-10 11:00:00,5.01,5.04,5.01,5.04,1082
228,8,2019-09-10 11:30:00,5.04,5.0489999999999995,5.0391,5.04,800
229,7,2019-09-10 12:00:00,5.065,5.08,5.0598,5.08,2564
230,6,2019-09-10 13:00:00,5.11,5.11,5.11,5.11,500
231,5,2019-09-10 13:30:00,5.13,5.1499,5.13,5.1427,2500
232,4,2019-09-10 14:00:00,5.16,5.16,5.1,5.1,8663
233,3,2019-09-10 14:30:00,5.1,5.1223,5.1,5.1105,2453
234,2,2019-09-10 15:00:00,5.1599,5.16,5.1599,5.16,977
235,1,2019-09-10 15:30:00,5.13,5.1662,5.13,5.1662,294
236,0,2019-09-10 16:00:00,5.13,5.13,5.11,5.11,1220
