,index,time,open,high,low,close,volume
0,262,2020-03-09 10:00:00,2.2,2.2,2.2,2.2,5153
1,261,2020-03-09 10:30:00,2.16,2.16,1.99,2.0,9242
2,260,2020-03-09 11:00:00,2.02,2.04,2.02,2.04,2064
3,259,2020-03-09 11:30:00,2.03,2.04,2.03,2.04,1234
4,258,2020-03-09 12:00:00,2.0398,2.04,2.0398,2.04,2000
5,257,2020-03-09 12:30:00,2.03,2.03,2.03,2.03,143
6,256,2020-03-09 13:00:00,2.03,2.06,2.03,2.06,1568
7,255,2020-03-09 13:30:00,2.03,2.03,2.03,2.03,362
8,254,2020-03-09 14:00:00,2.05,2.06,2.05,2.05,4877
9,253,2020-03-09 14:30:00,2.0545,2.0545,2.05,2.05,1628
10,252,2020-03-09 15:00:00,2.05,2.089,2.05,2.0677,1427
11,251,2020-03-09 15:30:00,2.09,2.1,2.075,2.1,2942
12,250,2020-03-09 16:00:00,2.16,2.42,2.1394,2.42,21349
13,249,2020-03-10 10:00:00,2.28,2.295,2.2607,2.2607,6020
14,248,2020-03-10 10:30:00,2.32,2.32,2.27,2.27,962
15,247,2020-03-10 11:00:00,2.26,2.28,2.19,2.19,1162
16,246,2020-03-10 11:30:00,2.23,2.23,2.1879,2.19,350
17,245,2020-03-10 12:00:00,2.1802,2.1802,2.06,2.06,791
18,244,2020-03-10 12:30:00,2.11,2.11,2.11,2.11,100
19,243,2020-03-10 13:00:00,2.07,2.07,2.06,2.07,1130
20,242,2020-03-10 13:30:00,2.07,2.1,2.07,2.1,216
21,241,2020-03-10 14:00:00,2.11,2.11,2.11,2.11,100
22,240,2020-03-10 14:30:00,2.14,2.15,2.1144,2.15,2217
23,239,2020-03-10 15:00:00,2.12,2.12,2.11,2.11,5657
24,238,2020-03-10 15:30:00,2.11,2.11,2.11,2.11,265
25,237,2020-03-10 16:00:00,2.11,2.25,2.105,2.25,4934
26,236,2020-03-11 10:00:00,2.14,2.15,2.14,2.15,3275
27,235,2020-03-11 10:30:00,2.177,2.177,2.16,2.16,600
28,234,2020-03-11 11:30:00,2.16,2.16,2.16,2.16,200
29,233,2020-03-11 12:00:00,2.1607,2.17,2.15,2.17,1472
30,232,2020-03-11 12:30:00,2.17,2.17,2.17,2.17,100
31,231,2020-03-11 13:00:00,2.16,2.18,2.16,2.17,2084
32,230,2020-03-11 13:30:00,2.16,2.16,2.155,2.155,205
33,229,2020-03-11 14:00:00,2.16,2.22,2.16,2.22,723
34,228,2020-03-11 14:30:00,2.2,2.2,2.175,2.175,1204
35,227,2020-03-11 15:00:00,2.18,2.18,2.16,2.18,843
36,226,2020-03-11 15:30:00,2.16,2.165,2.15,2.16,2539
37,225,2020-03-11 16:00:00,2.15,2.2,2.15,2.18,7160
38,224,2020-03-12 10:00:00,2.15,2.15,2.08,2.15,8160
39,223,2020-03-12 10:30:00,2.18,2.2,2.106,2.2,2658
40,222,2020-03-12 11:00:00,2.2,2.2,2.2,2.2,100
41,221,2020-03-12 11:30:00,2.16,2.16,2.16,2.16,305
42,220,2020-03-12 12:00:00,2.16,2.19,2.12,2.12,2012
43,219,2020-03-12 12:30:00,2.15,2.16,2.13,2.16,6266
44,218,2020-03-12 13:00:00,2.1319,2.1319,2.065,2.105,1366
45,217,2020-03-12 13:30:00,2.105,2.2,2.105,2.2,3109
46,216,2020-03-12 14:00:00,2.15,2.15,2.15,2.15,365
47,215,2020-03-12 14:30:00,2.15,2.15,2.105,2.105,1488
48,214,2020-03-12 15:00:00,2.07,2.11,2.07,2.11,339
49,213,2020-03-12 15:30:00,2.1,2.1,1.9846,1.99,2286
50,212,2020-03-12 16:00:00,1.995,2.1,1.98,2.03,5081
51,211,2020-03-13 10:00:00,2.16,2.16,2.1302,2.1302,1476
52,210,2020-03-13 10:30:00,2.11,2.16,2.06,2.15,1454
53,209,2020-03-13 11:00:00,2.1187,2.12,2.0836,2.12,678
54,208,2020-03-13 11:30:00,2.1239,2.2,2.1,2.19,8474
55,207,2020-03-13 12:00:00,2.16,2.19,2.16,2.19,2640
56,206,2020-03-13 13:30:00,2.19,2.19,2.19,2.19,386
57,205,2020-03-13 14:00:00,2.2,2.29,2.2,2.29,2711
58,204,2020-03-13 14:30:00,2.2789,2.37,2.2789,2.31,3600
59,203,2020-03-13 15:00:00,2.37,2.38,2.37,2.38,374
60,202,2020-03-13 15:30:00,2.281,2.35,2.281,2.34,1420
61,201,2020-03-13 16:00:00,2.36,2.36,2.31,2.34,7392
62,200,2020-03-16 10:00:00,2.41,2.41,1.55,1.78,2083
63,199,2020-03-16 10:30:00,1.6899,2.0,1.6899,1.909,3464
64,198,2020-03-16 11:00:00,2.22,2.25,2.1606,2.25,1181
65,197,2020-03-16 11:30:00,2.175,2.25,2.175,2.25,2917
66,196,2020-03-16 12:00:00,2.24,2.25,2.23,2.25,1453
67,195,2020-03-16 12:30:00,2.25,2.25,2.23,2.25,411
68,194,2020-03-16 13:00:00,2.22,2.24,2.2,2.235,1049
69,193,2020-03-16 13:30:00,2.16,2.16,2.1,2.11,3661
70,192,2020-03-16 14:00:00,2.11,2.11,2.1055,2.11,1778
71,191,2020-03-16 14:30:00,2.11,2.15,2.11,2.15,816
72,190,2020-03-16 15:00:00,2.13,2.15,2.12,2.125,1077
73,189,2020-03-16 15:30:00,2.15,2.15,2.125,2.1375,625
74,188,2020-03-16 16:00:00,2.125,2.125,2.1,2.11,1574
75,187,2020-03-17 10:00:00,2.07,2.1105,2.07,2.1105,2647
76,186,2020-03-17 10:30:00,2.125,2.14,2.12,2.14,611
77,185,2020-03-17 11:00:00,2.101,2.1142,2.101,2.1142,550
78,184,2020-03-17 11:30:00,2.06,2.06,2.06,2.06,636
79,183,2020-03-17 12:00:00,2.0792,2.0792,2.0792,2.0792,319
80,182,2020-03-17 12:30:00,2.08,2.14,2.08,2.095,846
81,181,2020-03-17 13:00:00,2.105,2.105,2.105,2.105,200
82,180,2020-03-17 13:30:00,2.12,2.12,2.0702,2.0702,1121
83,179,2020-03-17 14:00:00,2.09,2.09,2.0759,2.0759,550
84,178,2020-03-17 14:30:00,2.09,2.1,2.085,2.085,1070
85,177,2020-03-17 15:00:00,2.081,2.081,2.081,2.081,500
86,176,2020-03-17 15:30:00,2.14,2.15,2.1123,2.15,3824
87,175,2020-03-17 16:00:00,2.15,2.18,2.135,2.18,4898
88,174,2020-03-18 10:00:00,2.05,2.11,2.05,2.05,5741
89,173,2020-03-18 10:30:00,2.05,2.06,1.98,1.98,4038
90,172,2020-03-18 11:00:00,1.96,1.96,1.96,1.96,101
91,171,2020-03-18 11:30:00,1.95,1.9598,1.89,1.89,1189
92,170,2020-03-18 12:00:00,1.87,1.91,1.81,1.81,2521
93,169,2020-03-18 12:30:00,1.86,1.86,1.855,1.855,820
94,168,2020-03-18 13:00:00,1.855,1.875,1.85,1.875,2216
95,167,2020-03-18 14:00:00,1.86,1.92,1.86,1.91,880
96,166,2020-03-18 14:30:00,1.9,1.9,1.66,1.66,3983
97,165,2020-03-18 15:00:00,1.71,1.82,1.71,1.82,893
98,164,2020-03-18 15:30:00,1.76,1.7875,1.72,1.72,1007
99,163,2020-03-18 16:00:00,1.6601,1.67,1.55,1.58,8423
100,162,2020-03-19 10:00:00,1.69,1.69,1.69,1.69,1758
101,161,2020-03-19 10:30:00,1.74,1.74,1.73,1.74,418
102,160,2020-03-19 11:00:00,1.76,1.835,1.76,1.835,3946
103,159,2020-03-19 11:30:00,1.83,1.9407,1.83,1.94,3132
104,158,2020-03-19 12:00:00,1.885,1.885,1.88,1.88,732
105,157,2020-03-19 13:00:00,1.92,1.92,1.855,1.855,279
106,156,2020-03-19 14:00:00,2.03,2.03,2.03,2.03,541
107,155,2020-03-19 14:30:00,2.02,2.02,2.015,2.02,1162
108,154,2020-03-19 15:00:00,2.06,2.1058,1.98,2.1058,5912
109,153,2020-03-19 15:30:00,2.08,2.2,2.08,2.2,354
110,152,2020-03-19 16:00:00,2.17,2.18,2.06,2.13,6497
111,151,2020-03-20 10:00:00,1.89,1.925,1.89,1.925,46322
112,150,2020-03-20 10:30:00,1.93,2.1,1.93,2.0301,1419
113,149,2020-03-20 11:00:00,2.08,2.09,2.05,2.06,1440
114,148,2020-03-20 11:30:00,2.04,2.065,2.04,2.05,795
115,147,2020-03-20 12:30:00,2.0496,2.05,2.01,2.01,499
116,146,2020-03-20 13:00:00,2.05,2.05,2.03,2.03,252
117,145,2020-03-20 13:30:00,2.02,2.035,1.96,1.96,1202
118,144,2020-03-20 15:00:00,1.97,1.97,1.96,1.97,602
119,143,2020-03-20 15:30:00,1.97,1.97,1.9588,1.97,7440
120,142,2020-03-20 16:00:00,1.97,2.0194,1.965,2.01,5428
121,141,2020-03-23 10:00:00,2.07,2.07,1.9,1.9,1353
122,140,2020-03-23 10:30:00,1.85,1.85,1.85,1.85,100
123,139,2020-03-23 11:00:00,1.9,1.9,1.75,1.76,782
124,138,2020-03-23 12:00:00,1.835,1.835,1.79,1.79,1861
125,137,2020-03-23 12:30:00,1.83,1.83,1.65,1.78,600
126,136,2020-03-23 13:30:00,1.63,1.63,1.63,1.63,200
127,135,2020-03-23 14:00:00,1.61,1.61,1.6,1.6,460
128,134,2020-03-23 15:30:00,1.6328,1.6328,1.61,1.61,609
129,133,2020-03-23 16:00:00,1.61,1.78,1.6,1.6801,13339
130,132,2020-03-24 10:00:00,1.65,1.65,1.28,1.4433,11302
131,131,2020-03-24 10:30:00,1.5603,1.59,1.525,1.59,1954
132,130,2020-03-24 11:00:00,1.5692,1.62,1.45,1.515,2987
133,129,2020-03-24 11:30:00,1.515,1.515,1.45,1.45,1282
134,128,2020-03-24 12:00:00,1.49,1.5,1.49,1.5,1485
135,127,2020-03-24 12:30:00,1.5,1.5,1.4997,1.4997,1730
136,126,2020-03-24 13:00:00,1.57,1.57,1.57,1.57,100
137,125,2020-03-24 14:00:00,1.57,1.58,1.57,1.58,456
138,124,2020-03-24 14:30:00,1.6,1.6,1.58,1.6,328
139,123,2020-03-24 15:00:00,1.6,1.6514,1.6,1.6514,475
140,122,2020-03-24 15:30:00,1.61,1.7,1.6,1.665,1477
141,121,2020-03-24 16:00:00,1.735,2.0,1.735,2.0,8981
142,120,2020-03-25 10:00:00,2.0,2.0,1.75,1.855,6176
143,119,2020-03-25 11:00:00,1.8,1.8,1.795,1.795,210
144,118,2020-03-25 11:30:00,1.8,1.8,1.8,1.8,310
145,117,2020-03-25 12:30:00,1.8,1.8,1.8,1.8,230
146,116,2020-03-25 13:00:00,1.83,1.83,1.795,1.8,4330
147,115,2020-03-25 13:30:00,1.8,1.88,1.7999,1.88,1508
148,114,2020-03-25 14:00:00,1.96,1.96,1.96,1.96,100
149,113,2020-03-25 14:30:00,1.9125,1.9125,1.9125,1.9125,100
150,112,2020-03-25 15:00:00,2.0,2.0,1.93,1.93,701
151,111,2020-03-25 15:30:00,1.94,2.0,1.94,1.99,6460
152,110,2020-03-25 16:00:00,1.97,2.0,1.97,1.9801,4836
153,109,2020-03-26 10:00:00,2.0,2.0,1.85,1.85,4655
154,108,2020-03-26 10:30:00,1.6599,1.66,1.59,1.6,7497
155,107,2020-03-26 11:00:00,1.6,1.942,1.6,1.905,11694
156,106,2020-03-26 11:30:00,1.89,1.91,1.89,1.91,640
157,105,2020-03-26 12:00:00,1.9,2.17,1.9,2.17,1822
158,104,2020-03-26 12:30:00,2.0701,2.0701,2.0701,2.0701,250
159,103,2020-03-26 13:00:00,2.13,2.13,2.1,2.1001,1713
160,102,2020-03-26 13:30:00,2.1001,2.14,2.1001,2.14,1610
161,101,2020-03-26 14:00:00,2.18,2.18,2.18,2.18,150
162,100,2020-03-26 14:30:00,2.18,2.18,2.18,2.18,100
163,99,2020-03-26 15:00:00,2.17,2.2,2.17,2.2,2200
164,98,2020-03-26 16:00:00,2.25,2.25,2.11,2.22,5565
165,97,2020-03-27 10:00:00,2.3,2.3,2.1723,2.231,3587
166,96,2020-03-27 10:30:00,2.26,2.26,2.26,2.26,102
167,95,2020-03-27 11:00:00,2.2,2.2,2.1101,2.1565,1840
168,94,2020-03-27 11:30:00,2.21,2.21,2.21,2.21,127
169,93,2020-03-27 12:30:00,2.02,2.02,2.02,2.02,112
170,92,2020-03-27 13:30:00,2.06,2.06,2.06,2.06,190
171,91,2020-03-27 14:00:00,2.05,2.05,2.04,2.04,200
172,90,2020-03-27 14:30:00,2.04,2.04,2.04,2.04,413
173,89,2020-03-27 15:00:00,2.04,2.04,2.04,2.04,127
174,88,2020-03-27 15:30:00,2.035,2.04,2.0301,2.04,1358
175,87,2020-03-27 16:00:00,2.03,2.03,1.64,1.64,5321
176,86,2020-03-30 10:00:00,1.72,2.4399,1.72,2.4399,18641
177,85,2020-03-30 10:30:00,2.28,2.36,2.1737,2.2999,5250
178,84,2020-03-30 11:00:00,2.31,2.33,2.3,2.3,3323
179,83,2020-03-30 11:30:00,2.3,2.35,2.149,2.17,12620
180,82,2020-03-30 12:00:00,2.155,2.2798,1.9512,2.1447,24340
181,81,2020-03-30 12:30:00,2.22,2.25,2.14,2.1582,1168
182,80,2020-03-30 13:00:00,2.0224,2.0224,2.0224,2.0224,539
183,79,2020-03-30 13:30:00,2.0632,2.15,2.0001,2.0001,365
184,78,2020-03-30 14:00:00,2.0818,2.0818,2.005,2.0154,873
185,77,2020-03-30 14:30:00,2.0707,2.12,2.0707,2.12,200
186,76,2020-03-30 15:00:00,2.11,2.11,1.98,1.99,3453
187,75,2020-03-30 15:30:00,2.0334,2.0334,1.84,1.8402,4850
188,74,2020-03-30 16:00:00,1.85,1.88,1.8,1.88,7133
189,73,2020-03-31 10:00:00,1.99,1.99,1.92,1.94,725
190,72,2020-03-31 10:30:00,1.88,1.91,1.7688,1.7688,1427
191,71,2020-03-31 11:00:00,1.75,1.75,1.7,1.75,689
192,70,2020-03-31 11:30:00,1.74,1.7830000000000001,1.74,1.7830000000000001,855
193,69,2020-03-31 12:30:00,1.8402,1.8402,1.8,1.8,373
194,68,2020-03-31 13:00:00,1.86,1.86,1.825,1.85,319
195,67,2020-03-31 13:30:00,1.77,1.77,1.75,1.75,3138
196,66,2020-03-31 14:00:00,1.75,1.77,1.71,1.71,3746
197,65,2020-03-31 14:30:00,1.7001,1.77,1.65,1.77,28972
198,64,2020-03-31 15:00:00,1.75,1.92,1.75,1.92,6032
199,63,2020-03-31 15:30:00,1.86,1.86,1.82,1.82,739
200,62,2020-03-31 16:00:00,1.7,1.71,1.7,1.71,2236
201,61,2020-04-01 10:00:00,1.65,1.66,1.65,1.66,1908
202,60,2020-04-01 10:30:00,1.6815,1.6815,1.655,1.67,1412
203,59,2020-04-01 11:00:00,1.655,1.7096,1.6501,1.6817,4086
204,58,2020-04-01 11:30:00,1.65,1.65,1.65,1.65,132
205,57,2020-04-01 12:00:00,1.655,1.66,1.655,1.66,410
206,56,2020-04-01 12:30:00,1.655,1.655,1.655,1.655,143
207,55,2020-04-01 13:30:00,1.66,1.66,1.66,1.66,116
208,54,2020-04-01 14:00:00,1.66,1.66,1.66,1.66,463
209,53,2020-04-01 14:30:00,1.655,1.66,1.655,1.66,2024
210,52,2020-04-01 15:00:00,1.66,1.71,1.66,1.7094,10167
211,51,2020-04-01 15:30:00,1.71,1.71,1.71,1.71,1522
212,50,2020-04-01 16:00:00,1.6601,1.67,1.66,1.67,3503
213,49,2020-04-02 10:00:00,1.65,1.68,1.65,1.68,772
214,48,2020-04-02 10:30:00,1.74,1.74,1.69,1.7,382
215,47,2020-04-02 11:00:00,1.65,1.695,1.65,1.65,4560
216,46,2020-04-02 11:30:00,1.6219999999999999,1.6219999999999999,1.61,1.61,1613
217,45,2020-04-02 12:00:00,1.61,1.61,1.61,1.61,509
218,44,2020-04-02 12:30:00,1.61,1.6799,1.61,1.6799,452
219,43,2020-04-02 13:00:00,1.65,1.65,1.65,1.65,4066
220,42,2020-04-02 13:30:00,1.61,1.61,1.5,1.5,4169
221,41,2020-04-02 14:00:00,1.475,1.5,1.4677,1.5,21064
222,40,2020-04-02 14:30:00,1.5,1.54,1.45,1.45,3551
223,39,2020-04-02 15:00:00,1.46,1.46,1.37,1.37,1301
224,38,2020-04-02 15:30:00,1.4099,1.4099,1.4099,1.4099,250
225,37,2020-04-02 16:00:00,1.3999,1.85,1.36,1.85,18430
226,36,2020-04-03 10:00:00,1.7,1.7,1.5045,1.54,3309
227,35,2020-04-03 10:30:00,1.53,1.53,1.52,1.52,600
228,34,2020-04-03 11:00:00,1.48,1.5,1.48,1.4964,1517
229,33,2020-04-03 11:30:00,1.52,1.54,1.52,1.54,640
230,32,2020-04-03 12:00:00,1.54,1.54,1.5,1.5,3928
231,31,2020-04-03 12:30:00,1.47,1.47,1.45,1.47,9206
232,30,2020-04-03 13:00:00,1.4761,1.5,1.46,1.5,1144
233,29,2020-04-03 13:30:00,1.5,1.5,1.48,1.48,590
234,28,2020-04-03 14:00:00,1.48,1.49,1.475,1.48,3640
235,27,2020-04-03 14:30:00,1.49,1.49,1.475,1.475,910
236,26,2020-04-03 15:00:00,1.48,1.48,1.475,1.475,1509
237,25,2020-04-03 15:30:00,1.475,1.48,1.47,1.475,9070
238,24,2020-04-03 16:00:00,1.475,1.52,1.475,1.52,10168
239,23,2020-04-06 10:30:00,1.6324,1.6324,1.6324,1.6324,650
240,22,2020-04-06 11:00:00,1.62,1.62,1.62,1.62,100
241,21,2020-04-06 11:30:00,1.65,1.65,1.6165,1.64,2731
242,20,2020-04-06 12:30:00,1.62,1.62,1.62,1.62,375
243,19,2020-04-06 13:00:00,1.62,1.62,1.62,1.62,1887
244,18,2020-04-06 13:30:00,1.62,1.65,1.62,1.64,3873
245,17,2020-04-06 14:00:00,1.635,1.635,1.635,1.635,189
246,16,2020-04-06 14:30:00,1.65,1.65,1.635,1.65,3089
247,15,2020-04-06 15:00:00,1.65,1.66,1.65,1.66,1100
248,14,2020-04-06 15:30:00,1.66,1.6683,1.65,1.6583,3107
249,13,2020-04-06 16:00:00,1.653,1.74,1.61,1.74,4790
250,12,2020-04-07 10:00:00,1.73,1.73,1.6867,1.6867,653
251,11,2020-04-07 10:30:00,1.75,1.75,1.705,1.75,2146
252,10,2020-04-07 11:00:00,1.75,1.75,1.7325,1.74,1686
253,9,2020-04-07 11:30:00,1.75,1.75,1.7085,1.75,4937
254,8,2020-04-07 12:00:00,1.78,1.85,1.78,1.85,401
255,7,2020-04-07 12:30:00,1.79,1.85,1.76,1.84,3247
256,6,2020-04-07 13:00:00,1.94,1.95,1.76,1.76,1313
257,5,2020-04-07 14:00:00,1.71,1.745,1.69,1.745,1200
258,4,2020-04-07 14:30:00,1.74,1.74,1.74,1.74,100
259,3,2020-04-07 15:00:00,1.78,1.84,1.78,1.78,579
260,2,2020-04-07 15:30:00,1.84,1.84,1.74,1.795,3258
261,1,2020-04-07 16:00:00,1.84,1.94,1.76,1.79,4926
262,0,2020-04-07 16:30:00,1.81,1.81,1.81,1.81,578
263,231,2020-04-08 10:00:00,1.76,1.76,1.76,1.76,218
264,230,2020-04-08 10:30:00,1.9119,1.9119,1.7871,1.7871,200
265,229,2020-04-08 11:00:00,1.96,2.0,1.95,2.0,2100
266,228,2020-04-08 11:30:00,1.7201,1.7201,1.7201,1.7201,400
267,227,2020-04-08 13:00:00,1.76,1.76,1.76,1.76,220
268,226,2020-04-08 13:30:00,1.745,1.745,1.745,1.745,100
269,225,2020-04-08 14:00:00,1.765,1.765,1.76,1.76,901
270,224,2020-04-08 14:30:00,1.775,1.78,1.775,1.78,247
271,223,2020-04-08 16:00:00,1.86,1.88,1.84,1.86,1876
272,222,2020-04-08 16:30:00,1.86,1.86,1.86,1.86,877
273,221,2020-04-09 10:00:00,1.7,1.7,1.7,1.7,300
274,220,2020-04-09 11:00:00,1.921,1.94,1.9197,1.9197,622
275,219,2020-04-09 11:30:00,1.9224,1.9224,1.86,1.86,410
276,218,2020-04-09 12:00:00,1.9582,1.9582,1.88,1.88,1037
277,217,2020-04-09 12:30:00,1.88,1.88,1.88,1.88,552
278,216,2020-04-09 13:30:00,1.9634,1.9634,1.9634,1.9634,126
279,215,2020-04-09 14:30:00,1.96,1.96,1.96,1.96,453
280,214,2020-04-09 16:00:00,1.91,1.93,1.91,1.93,1328
281,213,2020-04-13 10:00:00,1.79,2.0,1.77,1.78,11361
282,212,2020-04-13 10:30:00,1.79,1.79,1.79,1.79,200
283,211,2020-04-13 11:00:00,1.79,1.79,1.79,1.79,200
284,210,2020-04-13 11:30:00,1.77,1.77,1.45,1.5619999999999998,15794
285,209,2020-04-13 12:00:00,1.5899,1.65,1.52,1.6255,11299
286,208,2020-04-13 12:30:00,1.6442,1.6442,1.6442,1.6442,125
287,207,2020-04-13 13:00:00,1.63,1.63,1.55,1.55,1368
288,206,2020-04-13 13:30:00,1.55,1.62,1.54,1.62,4762
289,205,2020-04-13 14:00:00,1.62,1.62,1.6199,1.6199,488
290,204,2020-04-13 14:30:00,1.61,1.65,1.5803,1.6,8674
291,203,2020-04-13 15:30:00,1.59,1.64,1.59,1.64,3180
292,202,2020-04-13 16:00:00,1.61,1.7,1.61,1.61,6847
293,201,2020-04-14 09:30:00,1.59,1.59,1.59,1.59,1194
294,200,2020-04-14 10:00:00,1.65,1.81,1.6265,1.8043,11172
295,199,2020-04-14 10:30:00,1.7013,1.84,1.7013,1.82,11423
296,198,2020-04-14 11:00:00,1.815,1.84,1.79,1.84,7708
297,197,2020-04-14 11:30:00,1.8084,1.83,1.8,1.83,2165
298,196,2020-04-14 12:00:00,1.82,1.82,1.8,1.8,1435
299,195,2020-04-14 12:30:00,1.805,1.81,1.805,1.81,221
300,194,2020-04-14 13:00:00,1.8,1.81,1.8,1.81,1984
301,193,2020-04-14 13:30:00,1.81,1.81,1.81,1.81,1769
302,192,2020-04-14 14:00:00,1.81,1.82,1.81,1.81,1969
303,191,2020-04-14 14:30:00,1.81,1.81,1.81,1.81,100
304,190,2020-04-14 15:00:00,1.81,1.81,1.805,1.805,202
305,189,2020-04-14 15:30:00,1.805,1.81,1.8,1.81,558
306,188,2020-04-14 16:00:00,1.8069,1.81,1.68,1.68,6302
307,187,2020-04-15 10:00:00,1.6,1.7,1.6,1.7,2465
308,186,2020-04-15 10:30:00,1.6,1.66,1.6,1.635,2738
309,185,2020-04-15 11:00:00,1.61,1.66,1.61,1.66,220
310,184,2020-04-15 11:30:00,1.62,1.62,1.62,1.62,100
311,183,2020-04-15 12:00:00,1.65,1.66,1.65,1.66,1065
312,182,2020-04-15 12:30:00,1.66,1.67,1.66,1.67,313
313,181,2020-04-15 13:00:00,1.66,1.72,1.66,1.72,1918
314,180,2020-04-15 14:00:00,1.69,1.74,1.69,1.74,843
315,179,2020-04-15 14:30:00,1.69,1.76,1.69,1.76,400
316,178,2020-04-15 15:00:00,1.7,1.76,1.7,1.76,226
317,177,2020-04-15 15:30:00,1.7001,1.75,1.65,1.65,456
318,176,2020-04-15 16:00:00,1.65,1.83,1.65,1.75,13529
319,175,2020-04-16 10:00:00,1.76,1.8,1.76,1.8,1383
320,174,2020-04-16 10:30:00,1.8066,1.8066,1.8066,1.8066,345
321,173,2020-04-16 11:00:00,1.8,1.8,1.8,1.8,199
322,172,2020-04-16 11:30:00,1.72,1.74,1.71,1.74,731
323,171,2020-04-16 12:00:00,1.71,1.71,1.71,1.71,785
324,170,2020-04-16 13:00:00,1.61,1.66,1.61,1.645,1537
325,169,2020-04-16 14:00:00,1.61,1.61,1.57,1.6,8637
326,168,2020-04-16 14:30:00,1.62,1.63,1.6198,1.62,1192
327,167,2020-04-16 15:00:00,1.61,1.62,1.61,1.62,413
328,166,2020-04-16 15:30:00,1.605,1.61,1.6,1.61,3059
329,165,2020-04-16 16:00:00,1.6,1.61,1.6,1.6,2106
330,164,2020-04-17 10:00:00,1.69,1.69,1.69,1.69,5199
331,163,2020-04-17 10:30:00,1.72,1.72,1.7,1.7,819
332,162,2020-04-17 11:00:00,1.6201,1.7,1.6201,1.665,915
333,161,2020-04-17 12:00:00,1.66,1.66,1.66,1.66,121
334,160,2020-04-17 13:30:00,1.6619,1.68,1.6619,1.68,723
335,159,2020-04-17 14:00:00,1.66,1.67,1.5591,1.67,2078
336,158,2020-04-17 16:00:00,1.675,1.7,1.675,1.7,1900
337,157,2020-04-17 16:30:00,1.67,1.67,1.67,1.67,204
338,156,2020-04-20 10:00:00,1.65,1.65,1.65,1.65,503
339,155,2020-04-20 11:00:00,1.5996,1.61,1.59,1.59,922
340,154,2020-04-20 11:30:00,1.64,1.64,1.64,1.64,156
341,153,2020-04-20 12:00:00,1.6653,1.7,1.6653,1.7,813
342,152,2020-04-20 12:30:00,1.7,1.7,1.7,1.7,842
343,151,2020-04-20 14:00:00,1.65,1.65,1.65,1.65,168
344,150,2020-04-20 15:00:00,1.65,1.65,1.65,1.65,100
345,149,2020-04-20 15:30:00,1.5956,1.5956,1.59,1.59,545
346,148,2020-04-20 16:00:00,1.57,1.7,1.57,1.69,6568
347,147,2020-04-20 16:30:00,1.63,1.63,1.63,1.63,556
348,146,2020-04-21 10:00:00,1.58,1.65,1.5587,1.62,2479
349,145,2020-04-21 10:30:00,1.62,1.62,1.62,1.62,205
350,144,2020-04-21 11:00:00,1.57,1.61,1.57,1.57,516
351,143,2020-04-21 11:30:00,1.61,1.62,1.61,1.62,609
352,142,2020-04-21 12:00:00,1.61,1.62,1.61,1.62,405
353,141,2020-04-21 12:30:00,1.6,1.65,1.6,1.65,825
354,140,2020-04-21 13:00:00,1.55,1.645,1.55,1.56,300
355,139,2020-04-21 13:30:00,1.64,1.65,1.63,1.65,1620
356,138,2020-04-21 14:00:00,1.605,1.64,1.58,1.63,776
357,137,2020-04-21 14:30:00,1.61,1.61,1.61,1.61,100
358,136,2020-04-21 15:30:00,1.5998,1.6,1.53,1.53,986
359,135,2020-04-21 16:00:00,1.59,1.65,1.57,1.57,3207
360,134,2020-04-21 16:30:00,1.6,1.6,1.6,1.6,155
361,133,2020-04-22 12:00:00,1.62,1.62,1.62,1.62,270
362,132,2020-04-22 12:30:00,1.64,1.65,1.61,1.65,9230
363,131,2020-04-22 14:00:00,1.6,1.61,1.6,1.6,306
364,130,2020-04-22 14:30:00,1.605,1.62,1.605,1.62,1800
365,129,2020-04-22 15:00:00,1.6,1.64,1.6,1.64,311
366,128,2020-04-22 16:00:00,1.62,1.62,1.59,1.59,1577
367,127,2020-04-23 11:30:00,1.6209,1.65,1.61,1.65,1163
368,126,2020-04-23 12:00:00,1.64,1.64,1.63,1.63,437
369,125,2020-04-23 12:30:00,1.63,1.65,1.63,1.64,1166
370,124,2020-04-23 13:00:00,1.62,1.65,1.59,1.65,6979
371,123,2020-04-23 13:30:00,1.62,1.65,1.61,1.62,1999
372,122,2020-04-23 14:00:00,1.6,1.62,1.59,1.6,954
373,121,2020-04-23 14:30:00,1.6,1.62,1.6,1.615,563
374,120,2020-04-23 15:00:00,1.64,1.64,1.64,1.64,100
375,119,2020-04-23 15:30:00,1.64,1.64,1.62,1.63,348
376,118,2020-04-23 16:00:00,1.59,1.595,1.58,1.58,2558
377,117,2020-04-24 10:00:00,1.65,1.65,1.56,1.65,5173
378,116,2020-04-24 10:30:00,1.63,1.65,1.63,1.65,424
379,115,2020-04-24 11:00:00,1.61,1.61,1.61,1.61,121
380,114,2020-04-24 11:30:00,1.56,1.56,1.56,1.56,100
381,113,2020-04-24 12:00:00,1.5501,1.6,1.55,1.6,7933
382,112,2020-04-24 12:30:00,1.5923,1.64,1.5923,1.64,3921
383,111,2020-04-24 13:00:00,1.61,1.61,1.61,1.61,100
384,110,2020-04-24 13:30:00,1.56,1.56,1.56,1.56,106
385,109,2020-04-24 15:30:00,1.59,1.63,1.585,1.63,1133
386,108,2020-04-24 16:00:00,1.56,1.62,1.525,1.6,1775
387,107,2020-04-27 10:00:00,1.65,1.65,1.65,1.65,1038
388,106,2020-04-27 10:30:00,1.6445,1.65,1.6236,1.6236,2287
389,105,2020-04-27 11:00:00,1.615,1.615,1.61,1.61,394
390,104,2020-04-27 11:30:00,1.6266,1.65,1.61,1.65,1792
391,103,2020-04-27 12:00:00,1.63,1.65,1.63,1.64,4417
392,102,2020-04-27 13:00:00,1.56,1.56,1.56,1.56,200
393,101,2020-04-27 14:00:00,1.59,1.62,1.59,1.62,311
394,100,2020-04-27 15:00:00,1.65,1.69,1.65,1.6643,1979
395,99,2020-04-27 16:00:00,1.65,1.65,1.6,1.6,2817
396,98,2020-04-27 16:30:00,1.65,1.65,1.65,1.65,1708
397,97,2020-04-28 09:30:00,1.7,1.7,1.7,1.7,100
398,96,2020-04-28 10:00:00,1.69,1.69,1.69,1.69,2713
399,95,2020-04-28 10:30:00,1.65,1.75,1.65,1.675,2042
400,94,2020-04-28 11:00:00,1.675,1.68,1.62,1.655,1020
401,93,2020-04-28 11:30:00,1.665,1.69,1.64,1.65,1110
402,92,2020-04-28 12:00:00,1.7,1.7,1.675,1.675,300
403,91,2020-04-28 12:30:00,1.7,1.7,1.679,1.68,420
404,90,2020-04-28 13:00:00,1.68,1.68,1.67,1.67,995
405,89,2020-04-28 13:30:00,1.66,1.7,1.66,1.68,500
406,88,2020-04-28 14:00:00,1.69,1.7,1.69,1.7,206
407,87,2020-04-28 14:30:00,1.68,1.7,1.68,1.68,820
408,86,2020-04-28 15:00:00,1.68,1.68,1.64,1.67,1795
409,85,2020-04-28 15:30:00,1.65,1.7,1.65,1.67,400
410,84,2020-04-28 16:00:00,1.67,1.68,1.63,1.63,4245
411,83,2020-04-29 10:00:00,1.7,1.7,1.7,1.7,2194
412,82,2020-04-29 10:30:00,1.65,1.65,1.65,1.65,487
413,81,2020-04-29 11:00:00,1.65,1.7,1.65,1.65,409
414,80,2020-04-29 11:30:00,1.7,1.7373,1.675,1.72,7390
415,79,2020-04-29 12:00:00,1.745,1.745,1.72,1.72,1912
416,78,2020-04-29 12:30:00,1.71,1.74,1.71,1.73,2196
417,77,2020-04-29 13:00:00,1.73,1.74,1.72,1.73,858
418,76,2020-04-29 13:30:00,1.7248,1.74,1.7248,1.74,3209
419,75,2020-04-29 14:00:00,1.74,1.76,1.74,1.76,2240
420,74,2020-04-29 14:30:00,1.79,1.85,1.7846,1.83,5443
421,73,2020-04-29 15:00:00,1.84,1.84,1.78,1.82,3422
422,72,2020-04-29 15:30:00,1.805,1.82,1.74,1.74,9140
423,71,2020-04-29 16:00:00,1.68,1.8,1.65,1.76,8251
424,70,2020-04-29 16:30:00,1.74,1.74,1.74,1.74,1362
425,69,2020-04-30 10:00:00,1.79,1.79,1.75,1.75,1954
426,68,2020-04-30 10:30:00,1.71,1.715,1.57,1.57,2838
427,67,2020-04-30 11:00:00,1.5744,1.607,1.5744,1.607,1250
428,66,2020-04-30 11:30:00,1.58,1.5821,1.58,1.5821,200
429,65,2020-04-30 12:00:00,1.58,1.61,1.58,1.61,4450
430,64,2020-04-30 12:30:00,1.6086,1.6086,1.58,1.58,340
431,63,2020-04-30 13:00:00,1.6098,1.62,1.6,1.62,3106
432,62,2020-04-30 13:30:00,1.65,1.65,1.63,1.63,2951
433,61,2020-04-30 14:00:00,1.63,1.6384,1.6,1.6,4289
434,60,2020-04-30 15:00:00,1.615,1.6231,1.615,1.62,570
435,59,2020-04-30 15:30:00,1.62,1.62,1.58,1.58,7308
436,58,2020-04-30 16:00:00,1.58,1.65,1.57,1.65,9055
437,57,2020-05-01 10:00:00,1.65,1.65,1.61,1.64,9734
438,56,2020-05-01 10:30:00,1.61,1.64,1.56,1.62,1770
439,55,2020-05-01 11:00:00,1.568,1.63,1.568,1.6,3043
440,54,2020-05-01 12:00:00,1.5719,1.5719,1.4699,1.4699,2792
441,53,2020-05-01 12:30:00,1.49,1.52,1.49,1.5,8470
442,52,2020-05-01 13:00:00,1.505,1.505,1.505,1.505,212
443,51,2020-05-01 14:00:00,1.48,1.49,1.48,1.4859,850
444,50,2020-05-01 14:30:00,1.49,1.49,1.49,1.49,112
445,49,2020-05-01 15:00:00,1.48,1.49,1.48,1.485,3796
446,48,2020-05-01 15:30:00,1.49,1.49,1.49,1.49,148
447,47,2020-05-01 16:00:00,1.49,1.49,1.48,1.49,2144
448,46,2020-05-04 10:00:00,1.62,1.62,1.53,1.53,7795
449,45,2020-05-04 10:30:00,1.53,1.6,1.53,1.6,2131
450,44,2020-05-04 11:00:00,1.55,1.6,1.53,1.5499,11151
451,43,2020-05-04 11:30:00,1.56,1.59,1.5,1.5,2211
452,42,2020-05-04 12:00:00,1.53,1.55,1.52,1.55,785
453,41,2020-05-04 13:00:00,1.5,1.5,1.5,1.5,120
454,40,2020-05-04 13:30:00,1.48,1.49,1.48,1.49,200
455,39,2020-05-04 14:00:00,1.46,1.49,1.45,1.48,3033
456,38,2020-05-04 14:30:00,1.48,1.53,1.48,1.53,3133
457,37,2020-05-04 15:00:00,1.589,1.6,1.5,1.58,3500
458,36,2020-05-04 15:30:00,1.53,1.53,1.53,1.53,101
459,35,2020-05-04 16:00:00,1.54,1.59,1.54,1.58,1137
460,34,2020-05-04 16:30:00,1.56,1.56,1.56,1.56,698
461,33,2020-05-05 10:00:00,1.59,1.59,1.5615,1.59,6059
462,32,2020-05-05 11:30:00,1.55,1.59,1.55,1.56,373
463,31,2020-05-05 12:00:00,1.59,1.59,1.55,1.55,692
464,30,2020-05-05 12:30:00,1.55,1.56,1.51,1.56,1358
465,29,2020-05-05 13:00:00,1.5490000000000002,1.55,1.54,1.54,726
466,28,2020-05-05 13:30:00,1.47,1.49,1.47,1.49,1100
467,27,2020-05-05 14:00:00,1.49,1.49,1.49,1.49,713
468,26,2020-05-05 14:30:00,1.485,1.5,1.48,1.5,2331
469,25,2020-05-05 15:00:00,1.49,1.55,1.49,1.55,1386
470,24,2020-05-05 15:30:00,1.51,1.56,1.49,1.5399,5389
471,23,2020-05-05 16:00:00,1.54,1.59,1.49,1.54,4830
472,22,2020-05-05 17:00:00,1.54,1.54,1.54,1.54,625
473,21,2020-05-06 10:00:00,1.59,1.59,1.49,1.59,4702
474,20,2020-05-06 11:00:00,1.49,1.49,1.49,1.49,367
475,19,2020-05-06 11:30:00,1.49,1.5,1.49,1.5,4680
476,18,2020-05-06 12:00:00,1.4849,1.49,1.46,1.46,800
477,17,2020-05-06 12:30:00,1.46,1.48,1.46,1.46,400
478,16,2020-05-06 13:00:00,1.4737,1.4737,1.45,1.45,667
479,15,2020-05-06 13:30:00,1.4599,1.46,1.4599,1.46,264
480,14,2020-05-06 14:00:00,1.45,1.45,1.41,1.41,391
481,13,2020-05-06 14:30:00,1.435,1.52,1.435,1.45,2600
482,12,2020-05-06 15:00:00,1.45,1.47,1.45,1.47,200
483,11,2020-05-06 15:30:00,1.45,1.47,1.45,1.47,481
484,10,2020-05-06 16:00:00,1.45,1.46,1.45,1.46,809
485,9,2020-05-07 10:00:00,1.38,1.44,1.38,1.44,12178
486,8,2020-05-07 10:30:00,1.34,1.44,1.32,1.37,4449
487,7,2020-05-07 11:00:00,1.405,1.405,1.37,1.37,1324
488,6,2020-05-07 12:00:00,1.33,1.33,1.33,1.33,212
489,5,2020-05-07 13:00:00,1.36,1.44,1.36,1.43,6458
490,4,2020-05-07 13:30:00,1.38,1.43,1.38,1.41,556
491,3,2020-05-07 14:00:00,1.43,1.43,1.43,1.43,184
492,2,2020-05-07 14:30:00,1.41,1.46,1.41,1.46,424
493,1,2020-05-07 15:30:00,1.43,1.43,1.43,1.43,106
494,0,2020-05-07 16:00:00,1.43,1.43,1.39,1.41,2380
495,237,2020-05-08 10:00:00,1.49,1.49,1.49,1.49,2138
496,236,2020-05-08 12:30:00,1.48,1.55,1.48,1.55,507
497,235,2020-05-08 13:00:00,1.5398,1.5398,1.5398,1.5398,390
498,234,2020-05-08 13:30:00,1.525,1.54,1.52,1.52,2020
499,233,2020-05-08 14:00:00,1.531,1.59,1.5,1.5,3260
500,232,2020-05-08 15:00:00,1.55,1.55,1.55,1.55,170
501,231,2020-05-08 15:30:00,1.56,1.58,1.56,1.58,484
502,230,2020-05-08 16:00:00,1.58,1.58,1.55,1.55,4280
503,229,2020-05-11 11:00:00,1.45,1.46,1.45,1.46,266
504,228,2020-05-11 11:30:00,1.455,1.46,1.43,1.44,2917
505,227,2020-05-11 13:00:00,1.55,1.55,1.46,1.46,289
506,226,2020-05-11 14:00:00,1.55,1.55,1.52,1.52,311
507,225,2020-05-11 14:30:00,1.5,1.5,1.5,1.5,370
508,224,2020-05-11 15:30:00,1.55,1.58,1.51,1.58,2405
509,223,2020-05-11 16:00:00,1.54,1.57,1.4809999999999999,1.56,8583
510,222,2020-05-12 10:00:00,1.56,1.59,1.545,1.59,3383
511,221,2020-05-12 10:30:00,1.59,1.59,1.53,1.56,1405
512,220,2020-05-12 11:00:00,1.56,1.65,1.53,1.63,23581
513,219,2020-05-12 11:30:00,1.5826,1.5826,1.49,1.49,2509
514,218,2020-05-12 12:00:00,1.505,1.52,1.495,1.51,2971
515,217,2020-05-12 12:30:00,1.5,1.53,1.5,1.52,11704
516,216,2020-05-12 13:00:00,1.51,1.55,1.51,1.52,5376
517,215,2020-05-12 13:30:00,1.52,1.525,1.4942,1.52,722
518,214,2020-05-12 14:00:00,1.5,1.53,1.4942,1.4942,1174
519,213,2020-05-12 14:30:00,1.4980000000000002,1.525,1.4942,1.5,600
520,212,2020-05-12 15:00:00,1.5,1.5,1.49,1.49,55546
521,211,2020-05-12 15:30:00,1.5,1.5,1.49,1.495,2986
522,210,2020-05-12 16:00:00,1.5,1.54,1.49,1.52,5527
523,209,2020-05-12 16:30:00,1.49,1.49,1.49,1.49,417
524,208,2020-05-13 10:00:00,1.47,1.53,1.462,1.5,2708
525,207,2020-05-13 10:30:00,1.5091,1.64,1.5016,1.64,14578
526,206,2020-05-13 11:00:00,1.64,1.7,1.632,1.65,8463
527,205,2020-05-13 11:30:00,1.65,1.65,1.65,1.65,1658
528,204,2020-05-13 12:00:00,1.65,1.65,1.65,1.65,283
529,203,2020-05-13 12:30:00,1.65,1.66,1.6,1.65,7052
530,202,2020-05-13 13:00:00,1.6,1.65,1.6,1.6,7560
531,201,2020-05-13 13:30:00,1.61,1.65,1.61,1.61,1138
532,200,2020-05-13 14:00:00,1.61,1.61,1.61,1.61,200
533,199,2020-05-13 14:30:00,1.64,1.65,1.63,1.63,2340
534,198,2020-05-13 15:00:00,1.63,1.64,1.63,1.64,260
535,197,2020-05-13 15:30:00,1.63,1.63,1.6,1.6,2388
536,196,2020-05-13 16:00:00,1.62,1.64,1.59,1.62,2124
537,195,2020-05-14 10:00:00,1.54,1.54,1.5074,1.5074,992
538,194,2020-05-14 10:30:00,1.49,1.54,1.49,1.54,769
539,193,2020-05-14 11:00:00,1.56,1.56,1.5101,1.53,5199
540,192,2020-05-14 11:30:00,1.5796,1.67,1.55,1.61,11788
541,191,2020-05-14 12:00:00,1.61,1.615,1.6,1.6,1119
542,190,2020-05-14 12:30:00,1.59,1.6,1.59,1.6,568
543,189,2020-05-14 13:00:00,1.6,1.6,1.59,1.59,630
544,188,2020-05-14 13:30:00,1.59,1.59,1.59,1.59,2064
545,187,2020-05-14 14:00:00,1.59,1.6,1.59,1.6,1175
546,186,2020-05-14 14:30:00,1.6,1.6,1.6,1.6,700
547,185,2020-05-14 15:00:00,1.6,1.6,1.57,1.57,2643
548,184,2020-05-14 15:30:00,1.6,1.6,1.5775,1.6,771
549,183,2020-05-14 16:00:00,1.56,1.61,1.56,1.61,2323
550,182,2020-05-15 10:00:00,1.64,1.6881,1.64,1.68,6402
551,181,2020-05-15 10:30:00,1.695,1.695,1.695,1.695,150
552,180,2020-05-15 11:00:00,1.68,1.7,1.64,1.7,518
553,179,2020-05-15 11:30:00,1.67,1.7,1.67,1.685,2636
554,178,2020-05-15 12:00:00,1.69,1.69,1.68,1.68,1799
555,177,2020-05-15 12:30:00,1.68,1.685,1.67,1.67,1013
556,176,2020-05-15 13:00:00,1.67,1.67,1.67,1.67,200
557,175,2020-05-15 13:30:00,1.67,1.6701,1.66,1.66,1374
558,174,2020-05-15 14:00:00,1.66,1.67,1.66,1.67,340
559,173,2020-05-15 14:30:00,1.66,1.7,1.66,1.67,1224
560,172,2020-05-15 15:00:00,1.67,1.67,1.67,1.67,106
561,171,2020-05-15 15:30:00,1.67,1.73,1.67,1.69,14285
562,170,2020-05-15 16:00:00,1.69,1.71,1.69,1.71,2172
563,169,2020-05-15 16:30:00,1.71,1.71,1.71,1.71,222
564,168,2020-05-18 10:00:00,1.76,1.7730000000000001,1.745,1.7730000000000001,9643
565,167,2020-05-18 10:30:00,1.78,1.78,1.775,1.775,962
566,166,2020-05-18 11:00:00,1.775,1.7801,1.775,1.7801,3483
567,165,2020-05-18 11:30:00,1.8,1.82,1.79,1.82,5514
568,164,2020-05-18 12:00:00,1.82,1.84,1.82,1.84,658
569,163,2020-05-18 12:30:00,1.84,1.84,1.82,1.83,2651
570,162,2020-05-18 13:00:00,1.82,1.85,1.82,1.82,11954
571,161,2020-05-18 13:30:00,1.85,1.85,1.83,1.85,488
572,160,2020-05-18 14:00:00,1.83,1.84,1.83,1.83,546
573,159,2020-05-18 14:30:00,1.83,1.85,1.83,1.85,2372
574,158,2020-05-18 15:00:00,1.845,1.85,1.845,1.85,839
575,157,2020-05-18 15:30:00,1.87,1.93,1.87,1.93,708
576,156,2020-05-18 16:00:00,1.91,1.94,1.91,1.94,1424
577,155,2020-05-18 16:30:00,1.95,1.95,1.95,1.95,2600
578,154,2020-05-19 10:00:00,1.98,1.98,1.95,1.98,1255
579,153,2020-05-19 10:30:00,1.73,1.73,1.73,1.73,100
580,152,2020-05-19 11:00:00,1.75,1.75,1.75,1.75,300
581,151,2020-05-19 11:30:00,1.75,1.75,1.75,1.75,200
582,150,2020-05-19 12:00:00,1.75,1.75,1.75,1.75,200
583,149,2020-05-19 12:30:00,1.75,1.75,1.75,1.75,300
584,148,2020-05-19 13:00:00,1.75,1.75,1.75,1.75,200
585,147,2020-05-19 13:30:00,1.75,1.7574,1.75,1.75,500
586,146,2020-05-19 14:00:00,1.75,1.75,1.75,1.75,215
587,145,2020-05-19 14:30:00,1.76,1.76,1.75,1.755,1917
588,144,2020-05-19 15:00:00,1.75,1.76,1.75,1.75,3286
589,143,2020-05-19 15:30:00,1.75,1.75,1.75,1.75,100
590,142,2020-05-19 16:00:00,1.75,1.7534,1.75,1.75,1899
591,141,2020-05-20 10:00:00,1.82,1.82,1.82,1.82,792
592,140,2020-05-20 11:00:00,1.895,1.895,1.85,1.85,229
593,139,2020-05-20 11:30:00,1.85,1.85,1.85,1.85,200
594,138,2020-05-20 12:30:00,1.86,1.86,1.86,1.86,220
595,137,2020-05-20 14:00:00,1.84,1.84,1.84,1.84,260
596,136,2020-05-20 16:00:00,1.835,1.84,1.83,1.84,921
597,135,2020-05-21 10:00:00,1.74,1.84,1.74,1.75,1314
598,134,2020-05-21 10:30:00,1.75,1.76,1.75,1.75,1282
599,133,2020-05-21 11:00:00,1.83,1.83,1.72,1.72,1700
600,132,2020-05-21 11:30:00,1.74,1.765,1.73,1.73,400
601,131,2020-05-21 12:00:00,1.73,1.74,1.72,1.74,2178
602,130,2020-05-21 12:30:00,1.73,1.73,1.72,1.72,206
603,129,2020-05-21 13:00:00,1.7314,1.77,1.73,1.75,6700
604,128,2020-05-21 13:30:00,1.805,1.805,1.78,1.78,300
605,127,2020-05-21 14:00:00,1.79,1.8,1.79,1.8,200
606,126,2020-05-21 14:30:00,1.82,1.82,1.82,1.82,100
607,125,2020-05-21 15:00:00,1.82,1.84,1.82,1.84,268
608,124,2020-05-21 15:30:00,1.82,1.84,1.82,1.84,212
609,123,2020-05-21 16:00:00,1.82,1.82,1.77,1.77,2662
610,122,2020-05-22 10:00:00,1.69,1.75,1.68,1.74,9051
611,121,2020-05-22 10:30:00,1.74,1.75,1.74,1.75,801
612,120,2020-05-22 11:00:00,1.75,1.785,1.75,1.78,4693
613,119,2020-05-22 11:30:00,1.78,1.785,1.77,1.77,4465
614,118,2020-05-22 12:00:00,1.77,1.785,1.77,1.77,1864
615,117,2020-05-22 12:30:00,1.75,1.75,1.75,1.75,112
616,116,2020-05-22 13:00:00,1.775,1.775,1.75,1.75,448
617,115,2020-05-22 14:00:00,1.76,1.78,1.76,1.78,518
618,114,2020-05-22 14:30:00,1.76,1.8111,1.76,1.8111,4621
619,113,2020-05-22 15:30:00,1.8,1.8,1.78,1.78,327
620,112,2020-05-22 16:00:00,1.77,1.82,1.77,1.82,989
621,111,2020-05-26 10:00:00,1.89,1.89,1.85,1.85,724
622,110,2020-05-26 10:30:00,1.9402,1.97,1.93,1.93,5674
623,109,2020-05-26 11:00:00,1.95,1.95,1.94,1.9401,907
624,108,2020-05-26 11:30:00,1.95,1.95,1.9408,1.95,967
625,107,2020-05-26 12:00:00,1.95,1.95,1.9459,1.95,871
626,106,2020-05-26 12:30:00,1.97,1.97,1.97,1.97,785
627,105,2020-05-26 13:00:00,1.98,1.98,1.98,1.98,140
628,104,2020-05-26 13:30:00,1.975,1.9789,1.975,1.9789,512
629,103,2020-05-26 14:00:00,1.98,1.98,1.9748,1.98,832
630,102,2020-05-26 14:30:00,1.9782,1.9782,1.9782,1.9782,1073
631,101,2020-05-26 15:00:00,1.9735,1.9735,1.9574,1.9574,1591
632,100,2020-05-26 15:30:00,1.94,1.97,1.94,1.96,388
633,99,2020-05-26 16:00:00,1.9612,1.98,1.93,1.93,10333
634,98,2020-05-26 16:30:00,1.96,1.96,1.96,1.96,259
635,97,2020-05-27 10:00:00,1.98,1.98,1.8701,1.89,1610
636,96,2020-05-27 11:00:00,1.8401,1.9,1.83,1.83,10408
637,95,2020-05-27 11:30:00,1.83,1.83,1.69,1.8,4111
638,94,2020-05-27 12:00:00,1.8101,1.9099,1.8101,1.9099,612
639,93,2020-05-27 12:30:00,1.91,1.91,1.91,1.91,254
640,92,2020-05-27 14:30:00,1.95,1.95,1.95,1.95,134
641,91,2020-05-27 15:00:00,1.96,1.97,1.955,1.97,1252
642,90,2020-05-27 15:30:00,1.96,1.97,1.955,1.97,1031
643,89,2020-05-27 16:00:00,1.97,1.97,1.96,1.97,1678
644,88,2020-05-28 10:00:00,1.98,1.98,1.98,1.98,688
645,87,2020-05-28 10:30:00,1.98,1.98,1.97,1.97,241
646,86,2020-05-28 11:00:00,1.98,1.99,1.98,1.99,1606
647,85,2020-05-28 11:30:00,1.99,1.99,1.985,1.985,645
648,84,2020-05-28 12:00:00,1.99,1.99,1.99,1.99,320
649,83,2020-05-28 12:30:00,1.99,1.99,1.99,1.99,145
650,82,2020-05-28 13:00:00,1.99,1.99,1.99,1.99,532
651,81,2020-05-28 13:30:00,1.99,1.99,1.99,1.99,100
652,80,2020-05-28 14:00:00,1.99,1.99,1.99,1.99,100
653,79,2020-05-28 14:30:00,1.99,1.99,1.99,1.99,408
654,78,2020-05-28 15:00:00,1.99,1.99,1.99,1.99,173
655,77,2020-05-28 15:30:00,1.99,1.99,1.99,1.99,504
656,76,2020-05-28 16:00:00,1.98,1.99,1.98,1.99,1378
657,75,2020-05-29 10:00:00,1.92,1.92,1.85,1.85,442
658,74,2020-05-29 10:30:00,1.85,1.85,1.805,1.805,1435
659,73,2020-05-29 11:00:00,1.84,1.84,1.84,1.84,110
660,72,2020-05-29 11:30:00,1.87,1.89,1.87,1.88,1392
661,71,2020-05-29 12:00:00,1.88,1.88,1.88,1.88,100
662,70,2020-05-29 12:30:00,1.88,1.88,1.88,1.88,100
663,69,2020-05-29 13:00:00,1.86,1.86,1.86,1.86,1695
664,68,2020-05-29 13:30:00,1.84,1.84,1.84,1.84,100
665,67,2020-05-29 14:30:00,1.86,1.86,1.84,1.84,413
666,66,2020-05-29 15:00:00,1.84,1.85,1.835,1.85,5151
667,65,2020-05-29 16:00:00,1.85,1.87,1.85,1.87,880
668,64,2020-05-29 16:30:00,1.85,1.85,1.85,1.85,378
669,63,2020-06-01 10:00:00,1.83,1.84,1.83,1.84,522
670,62,2020-06-01 10:30:00,1.9,1.95,1.9,1.95,402
671,61,2020-06-01 11:00:00,1.88,2.01,1.88,1.98,2664
672,60,2020-06-01 11:30:00,1.935,2.15,1.88,2.15,2185
673,59,2020-06-01 12:00:00,2.15,2.15,2.045,2.08,5223
674,58,2020-06-01 12:30:00,2.105,2.1084,2.06,2.075,3500
675,57,2020-06-01 13:00:00,2.07,2.1216,2.04,2.08,2007
676,56,2020-06-01 13:30:00,2.06,2.09,2.06,2.09,622
677,55,2020-06-01 14:00:00,2.07,2.0763,2.07,2.07,2862
678,54,2020-06-01 14:30:00,2.07,2.07,1.96,1.96,4447
679,53,2020-06-01 15:00:00,1.91,1.91,1.8,1.86,10339
680,52,2020-06-01 15:30:00,1.88,1.88,1.78,1.79,1575
681,51,2020-06-01 16:00:00,1.8,1.87,1.8,1.87,9546
682,50,2020-06-01 16:30:00,1.85,1.85,1.85,1.85,3275
683,49,2020-06-02 10:00:00,1.83,1.8899,1.67,1.8899,1466
684,48,2020-06-02 10:30:00,1.79,1.85,1.79,1.81,723
685,47,2020-06-02 11:00:00,1.895,1.895,1.895,1.895,296
686,46,2020-06-02 11:30:00,1.85,1.88,1.85,1.88,1312
687,45,2020-06-02 12:00:00,1.86,1.88,1.86,1.88,888
688,44,2020-06-02 12:30:00,1.87,1.88,1.87,1.87,484
689,43,2020-06-02 13:00:00,1.87,1.87,1.87,1.87,296
690,42,2020-06-02 13:30:00,1.86,1.865,1.86,1.865,274
691,41,2020-06-02 14:30:00,1.86,1.86,1.85,1.85,1040
692,40,2020-06-02 15:00:00,1.85,1.85,1.85,1.85,105
693,39,2020-06-02 15:30:00,1.85,1.87,1.85,1.85,907
694,38,2020-06-02 16:00:00,1.85,1.87,1.85,1.86,2540
695,37,2020-06-03 10:00:00,1.96,1.96,1.85,1.865,1176
696,36,2020-06-03 11:00:00,1.85,1.85,1.85,1.85,518
697,35,2020-06-03 11:30:00,1.85,1.86,1.85,1.85,851
698,34,2020-06-03 12:00:00,1.87,1.87,1.86,1.86,881
699,33,2020-06-03 12:30:00,1.85,1.85,1.85,1.85,866
700,32,2020-06-03 13:00:00,1.85,1.8556,1.85,1.85,24568
701,31,2020-06-03 13:30:00,1.85,1.85,1.81,1.83,8139
702,30,2020-06-03 14:00:00,1.81,1.83,1.77,1.8,22986
703,29,2020-06-03 14:30:00,1.84,1.8401,1.8,1.8,6336
704,28,2020-06-03 15:00:00,1.79,1.83,1.79,1.79,6134
705,27,2020-06-03 15:30:00,1.79,1.83,1.79,1.8,14367
706,26,2020-06-03 16:00:00,1.811,1.8116,1.79,1.79,52543
707,25,2020-06-04 10:00:00,1.77,1.77,1.67,1.67,4046
708,24,2020-06-04 10:30:00,1.67,1.77,1.67,1.745,1553
709,23,2020-06-04 11:00:00,1.75,1.84,1.75,1.775,36849
710,22,2020-06-04 11:30:00,1.78,1.78,1.71,1.71,2738
711,21,2020-06-04 12:00:00,1.71,1.77,1.65,1.76,2551
712,20,2020-06-04 12:30:00,1.76,1.78,1.76,1.78,2808
713,19,2020-06-04 13:00:00,1.8,1.84,1.76,1.775,5540
714,18,2020-06-04 13:30:00,1.76,1.8,1.76,1.8,4371
715,17,2020-06-04 14:00:00,1.785,1.8,1.77,1.8,2802
716,16,2020-06-04 14:30:00,1.8,1.81,1.8,1.805,3761
717,15,2020-06-04 15:00:00,1.8,1.811,1.77,1.79,10786
718,14,2020-06-04 15:30:00,1.775,1.81,1.77,1.81,10341
719,13,2020-06-04 16:00:00,1.81,1.81,1.76,1.79,43847
720,12,2020-06-05 10:00:00,1.93,1.93,1.68,1.71,21435
721,11,2020-06-05 10:30:00,1.735,1.79,1.68,1.78,11567
722,10,2020-06-05 11:00:00,1.76,1.79,1.73,1.73,5875
723,9,2020-06-05 11:30:00,1.76,1.76,1.68,1.74,4969
724,8,2020-06-05 12:00:00,1.73,1.765,1.73,1.75,2667
725,7,2020-06-05 12:30:00,1.75,1.765,1.74,1.74,3270
726,6,2020-06-05 13:00:00,1.74,1.76,1.72,1.73,5438
727,5,2020-06-05 13:30:00,1.73,1.745,1.7,1.7,4585
728,4,2020-06-05 14:00:00,1.7,1.745,1.7,1.71,1911
729,3,2020-06-05 14:30:00,1.71,1.77,1.71,1.71,4101
730,2,2020-06-05 15:00:00,1.74,1.75,1.7,1.74,17126
731,1,2020-06-05 15:30:00,1.71,1.7667,1.71,1.7667,5447
732,0,2020-06-05 16:00:00,1.74,1.765,1.68,1.73,5846
733,269,2020-06-08 10:00:00,1.8,1.8,1.73,1.73,3725
734,268,2020-06-08 10:30:00,1.75,1.77,1.73,1.75,2327
735,267,2020-06-08 11:00:00,1.75,1.76,1.7,1.7,4157
736,266,2020-06-08 11:30:00,1.7,1.75,1.7,1.75,2318
737,265,2020-06-08 12:00:00,1.75,1.76,1.74,1.76,2400
738,264,2020-06-08 12:30:00,1.76,1.775,1.75,1.77,5374
739,263,2020-06-08 13:00:00,1.75,1.77,1.75,1.77,2004
740,262,2020-06-08 13:30:00,1.77,1.8,1.77,1.8,8475
741,261,2020-06-08 14:00:00,1.83,1.83,1.77,1.8,12075
742,260,2020-06-08 14:30:00,1.77,1.785,1.77,1.785,1300
743,259,2020-06-08 15:00:00,1.77,1.8,1.77,1.785,3270
744,258,2020-06-08 15:30:00,1.77,1.8,1.77,1.79,8885
745,257,2020-06-08 16:00:00,1.79,1.81,1.77,1.8,11650
746,256,2020-06-09 10:00:00,1.8,1.8,1.75,1.75,10800
747,255,2020-06-09 10:30:00,1.75,1.77,1.75,1.76,4422
748,254,2020-06-09 11:00:00,1.76,1.76,1.75,1.75,2515
749,253,2020-06-09 11:30:00,1.76,1.76,1.75,1.755,2398
750,252,2020-06-09 12:00:00,1.76,1.76,1.75,1.75,1633
751,251,2020-06-09 12:30:00,1.75,1.76,1.75,1.75,2291
752,250,2020-06-09 13:00:00,1.75,1.76,1.75,1.75,1840
753,249,2020-06-09 13:30:00,1.76,1.76,1.75,1.75,805
754,248,2020-06-09 14:00:00,1.75,1.76,1.75,1.75,1552
755,247,2020-06-09 14:30:00,1.75,1.76,1.75,1.75,1498
756,246,2020-06-09 15:00:00,1.75,1.76,1.75,1.75,2056
757,245,2020-06-09 15:30:00,1.76,1.77,1.75,1.76,2291
758,244,2020-06-09 16:00:00,1.76,1.78,1.75,1.77,12863
759,243,2020-06-10 10:00:00,1.73,1.75,1.67,1.73,1259
760,242,2020-06-10 10:30:00,1.68,1.72,1.65,1.71,4027
761,241,2020-06-10 11:00:00,1.78,1.78,1.72,1.74,2349
762,240,2020-06-10 11:30:00,1.74,1.75,1.72,1.74,2701
763,239,2020-06-10 12:00:00,1.73,1.74,1.72,1.74,1780
764,238,2020-06-10 12:30:00,1.73,1.74,1.72,1.73,1264
765,237,2020-06-10 13:00:00,1.72,1.74,1.72,1.73,1844
766,236,2020-06-10 13:30:00,1.73,1.74,1.72,1.72,4012
767,235,2020-06-10 14:00:00,1.72,1.7564,1.72,1.7564,3597
768,234,2020-06-10 14:30:00,1.74,1.76,1.74,1.74,7772
769,233,2020-06-10 15:00:00,1.75,1.77,1.74,1.745,27132
770,232,2020-06-10 15:30:00,1.72,1.735,1.72,1.73,3742
771,231,2020-06-10 16:00:00,1.72,1.77,1.72,1.75,8776
772,230,2020-06-10 16:30:00,1.75,1.75,1.75,1.75,373
773,229,2020-06-11 10:00:00,1.75,1.76,1.65,1.66,4135
774,228,2020-06-11 10:30:00,1.65,1.65,1.5030000000000001,1.5525,10316
775,227,2020-06-11 11:00:00,1.525,1.56,1.52,1.52,2018
776,226,2020-06-11 11:30:00,1.52,1.53,1.5002,1.52,4939
777,225,2020-06-11 12:00:00,1.5,1.51,1.5,1.5,1397
778,224,2020-06-11 12:30:00,1.5088,1.51,1.5,1.5,1844
779,223,2020-06-11 13:00:00,1.505,1.51,1.5,1.51,1100
780,222,2020-06-11 13:30:00,1.5,1.53,1.5,1.52,4600
781,221,2020-06-11 14:00:00,1.525,1.5524,1.525,1.54,5305
782,220,2020-06-11 14:30:00,1.54,1.54,1.53,1.54,900
783,219,2020-06-11 15:00:00,1.54,1.55,1.53,1.54,5544
784,218,2020-06-11 15:30:00,1.53,1.54,1.53,1.54,1303
785,217,2020-06-11 16:00:00,1.54,1.57,1.54,1.555,6659
786,216,2020-06-12 10:00:00,1.55,1.6,1.55,1.56,2158
787,215,2020-06-12 10:30:00,1.57,1.57,1.56,1.56,513
788,214,2020-06-12 11:00:00,1.56,1.56,1.56,1.56,300
789,213,2020-06-12 11:30:00,1.56,1.56,1.55,1.555,5866
790,212,2020-06-12 12:00:00,1.56,1.56,1.55,1.56,1302
791,211,2020-06-12 12:30:00,1.56,1.56,1.55,1.55,999
792,210,2020-06-12 13:00:00,1.56,1.56,1.55,1.55,896
793,209,2020-06-12 13:30:00,1.56,1.56,1.55,1.5525,2657
794,208,2020-06-12 14:00:00,1.55,1.55,1.52,1.53,1155
795,207,2020-06-12 14:30:00,1.52,1.53,1.52,1.53,1891
796,206,2020-06-12 15:00:00,1.525,1.53,1.52,1.52,3867
797,205,2020-06-12 15:30:00,1.525,1.53,1.52,1.53,5827
798,204,2020-06-12 16:00:00,1.53,1.57,1.525,1.57,8126
799,203,2020-06-15 10:00:00,1.63,1.63,1.54,1.54,1393
800,202,2020-06-15 10:30:00,1.56,1.58,1.54,1.54,5081
801,201,2020-06-15 11:00:00,1.57,1.57,1.52,1.52,4752
802,200,2020-06-15 11:30:00,1.5,1.54,1.5,1.54,10611
803,199,2020-06-15 12:00:00,1.52,1.52,1.52,1.52,801
804,198,2020-06-15 12:30:00,1.52,1.54,1.52,1.52,1822
805,197,2020-06-15 13:00:00,1.52,1.53,1.52,1.53,600
806,196,2020-06-15 13:30:00,1.53,1.53,1.52,1.52,1302
807,195,2020-06-15 14:00:00,1.52,1.54,1.51,1.51,4287
808,194,2020-06-15 14:30:00,1.51,1.555,1.51,1.555,2451
809,193,2020-06-15 15:00:00,1.54,1.54,1.53,1.53,300
810,192,2020-06-15 15:30:00,1.53,1.5401,1.52,1.52,3581
811,191,2020-06-15 16:00:00,1.52,1.56,1.52,1.55,6923
812,190,2020-06-16 10:00:00,1.61,1.64,1.51,1.62,9611
813,189,2020-06-16 10:30:00,1.62,1.65,1.62,1.65,6720
814,188,2020-06-16 11:00:00,1.65,1.7,1.62,1.62,5870
815,187,2020-06-16 11:30:00,1.62,1.62,1.52,1.58,2075
816,186,2020-06-16 12:00:00,1.57,1.57,1.53,1.555,1931
817,185,2020-06-16 12:30:00,1.54,1.58,1.54,1.58,2202
818,184,2020-06-16 13:00:00,1.6,1.6,1.56,1.56,1100
819,183,2020-06-16 13:30:00,1.6,1.6,1.56,1.6,1245
820,182,2020-06-16 14:00:00,1.56,1.63,1.56,1.59,1590
821,181,2020-06-16 14:30:00,1.55,1.62,1.55,1.6,2400
822,180,2020-06-16 15:00:00,1.6,1.6,1.59,1.6,720
823,179,2020-06-16 15:30:00,1.6,1.6,1.59,1.59,1534
824,178,2020-06-16 16:00:00,1.59,1.62,1.59,1.62,5851
825,177,2020-06-17 10:00:00,1.62,1.6696,1.57,1.58,4310
826,176,2020-06-17 10:30:00,1.58,1.71,1.58,1.71,9000
827,175,2020-06-17 11:00:00,1.655,1.655,1.61,1.65,1202
828,174,2020-06-17 11:30:00,1.65,1.65,1.65,1.65,1175
829,173,2020-06-17 12:00:00,1.65,1.65,1.65,1.65,2204
830,172,2020-06-17 12:30:00,1.65,1.665,1.65,1.65,1225
831,171,2020-06-17 13:00:00,1.65,1.65,1.65,1.65,109
832,170,2020-06-17 13:30:00,1.65,1.65,1.65,1.65,1154
833,169,2020-06-17 14:00:00,1.65,1.66,1.65,1.65,1044
834,168,2020-06-17 14:30:00,1.65,1.66,1.65,1.65,1337
835,167,2020-06-17 15:00:00,1.65,1.65,1.65,1.65,877
836,166,2020-06-17 15:30:00,1.65,1.6625,1.65,1.66,1074
837,165,2020-06-17 16:00:00,1.65,1.66,1.65,1.65,5323
838,164,2020-06-18 10:00:00,1.69,1.69,1.6,1.65,3566
839,163,2020-06-18 10:30:00,1.65,1.65,1.54,1.54,14420
840,162,2020-06-18 11:00:00,1.54,1.61,1.54,1.57,1909
841,161,2020-06-18 11:30:00,1.57,1.57,1.53,1.54,3323
842,160,2020-06-18 12:00:00,1.54,1.56,1.53,1.55,3726
843,159,2020-06-18 12:30:00,1.54,1.55,1.53,1.54,1817
844,158,2020-06-18 13:00:00,1.54,1.57,1.53,1.53,6541
845,157,2020-06-18 13:30:00,1.55,1.55,1.53,1.54,1905
846,156,2020-06-18 14:00:00,1.54,1.55,1.53,1.55,2417
847,155,2020-06-18 14:30:00,1.53,1.55,1.53,1.55,3049
848,154,2020-06-18 15:00:00,1.54,1.55,1.53,1.55,2923
849,153,2020-06-18 15:30:00,1.53,1.56,1.53,1.55,3045
850,152,2020-06-18 16:00:00,1.55,1.5699,1.55,1.56,6940
851,151,2020-06-19 10:00:00,1.57,1.57,1.51,1.55,45962
852,150,2020-06-19 10:30:00,1.51,1.55,1.51,1.52,2146
853,149,2020-06-19 11:00:00,1.55,1.57,1.54,1.57,2970
854,148,2020-06-19 11:30:00,1.57,1.59,1.56,1.57,1766
855,147,2020-06-19 12:00:00,1.59,1.6,1.57,1.59,4256
856,146,2020-06-19 12:30:00,1.585,1.585,1.55,1.55,3717
857,145,2020-06-19 13:00:00,1.55,1.55,1.52,1.52,1828
858,144,2020-06-19 13:30:00,1.58,1.585,1.52,1.53,2498
859,143,2020-06-19 14:00:00,1.53,1.55,1.52,1.53,2633
860,142,2020-06-19 14:30:00,1.53,1.55,1.53,1.55,2617
861,141,2020-06-19 15:00:00,1.54,1.55,1.54,1.54,2001
862,140,2020-06-19 15:30:00,1.55,1.55,1.54,1.54,1647
863,139,2020-06-19 16:00:00,1.54,1.555,1.53,1.54,9759
864,138,2020-06-22 10:00:00,1.51,1.5736,1.48,1.495,17025
865,137,2020-06-22 10:30:00,1.495,1.535,1.495,1.525,9143
866,136,2020-06-22 11:00:00,1.53,1.55,1.53,1.545,5210
867,135,2020-06-22 11:30:00,1.54,1.555,1.54,1.55,3340
868,134,2020-06-22 12:00:00,1.54,1.55,1.52,1.545,3274
869,133,2020-06-22 12:30:00,1.54,1.56,1.54,1.545,4739
870,132,2020-06-22 13:00:00,1.55,1.57,1.55,1.56,2017
871,131,2020-06-22 13:30:00,1.56,1.56,1.54,1.54,2448
872,130,2020-06-22 14:00:00,1.54,1.54,1.52,1.52,6211
873,129,2020-06-22 14:30:00,1.52,1.53,1.52,1.52,27857
874,128,2020-06-22 15:00:00,1.52,1.66,1.52,1.64,58197
875,127,2020-06-22 15:30:00,1.61,1.6602,1.61,1.6602,13069
876,126,2020-06-22 16:00:00,1.645,1.68,1.64,1.65,14799
877,125,2020-06-23 10:00:00,1.72,1.72,1.65,1.71,4442
878,124,2020-06-23 10:30:00,1.71,1.75,1.68,1.75,12073
879,123,2020-06-23 11:00:00,1.75,1.77,1.74,1.745,11034
880,122,2020-06-23 11:30:00,1.745,1.77,1.74,1.77,8826
881,121,2020-06-23 12:00:00,1.78,1.78,1.74,1.74,17355
882,120,2020-06-23 12:30:00,1.75,1.75,1.73,1.75,9233
883,119,2020-06-23 13:00:00,1.75,1.75,1.74,1.75,8027
884,118,2020-06-23 13:30:00,1.75,1.78,1.75,1.78,9250
885,117,2020-06-23 14:00:00,1.77,1.78,1.76,1.77,9761
886,116,2020-06-23 14:30:00,1.77,1.77,1.74,1.75,16947
887,115,2020-06-23 15:00:00,1.75,1.75,1.745,1.75,7062
888,114,2020-06-23 15:30:00,1.75,1.78,1.7401,1.77,14569
889,113,2020-06-23 16:00:00,1.77,1.77,1.74,1.77,54347
890,112,2020-06-24 10:00:00,1.78,1.78,1.58,1.63,14911
891,111,2020-06-24 10:30:00,1.66,1.68,1.5901,1.68,9004
892,110,2020-06-24 11:00:00,1.685,1.7,1.67,1.68,7969
893,109,2020-06-24 11:30:00,1.68,1.69,1.675,1.69,6100
894,108,2020-06-24 12:00:00,1.68,1.72,1.675,1.72,8092
895,107,2020-06-24 12:30:00,1.78,1.78,1.7,1.71,12224
896,106,2020-06-24 13:00:00,1.78,1.78,1.69,1.69,1832
897,105,2020-06-24 13:30:00,1.69,1.73,1.68,1.69,4247
898,104,2020-06-24 14:00:00,1.69,1.7,1.67,1.68,4091
899,103,2020-06-24 14:30:00,1.67,1.76,1.67,1.75,7403
900,102,2020-06-24 15:00:00,1.75,1.77,1.71,1.7111,5852
901,101,2020-06-24 15:30:00,1.71,1.8,1.7,1.79,15377
902,100,2020-06-24 16:00:00,1.76,1.8,1.745,1.77,27947
903,99,2020-06-25 10:00:00,1.78,1.78,1.71,1.73,7071
904,98,2020-06-25 10:30:00,1.705,1.715,1.645,1.66,5872
905,97,2020-06-25 11:00:00,1.65,1.67,1.65,1.67,6763
906,96,2020-06-25 11:30:00,1.67,1.67,1.66,1.67,16149
907,95,2020-06-25 12:00:00,1.67,1.67,1.66,1.665,15241
908,94,2020-06-25 12:30:00,1.665,1.68,1.665,1.68,9629
909,93,2020-06-25 13:00:00,1.695,1.695,1.67,1.67,1213
910,92,2020-06-25 13:30:00,1.675,1.68,1.67,1.68,3512
911,91,2020-06-25 14:00:00,1.675,1.68,1.675,1.68,5006
912,90,2020-06-25 14:30:00,1.68,1.68,1.68,1.68,1541
913,89,2020-06-25 15:00:00,1.675,1.68,1.67,1.68,5143
914,88,2020-06-25 15:30:00,1.685,1.71,1.685,1.7,2591
915,87,2020-06-25 16:00:00,1.705,1.76,1.7,1.76,13321
916,86,2020-06-26 10:00:00,1.71,1.71,1.665,1.665,1803
917,85,2020-06-26 10:30:00,1.67,1.69,1.6698,1.67,3893
918,84,2020-06-26 11:00:00,1.67,1.69,1.65,1.67,4992
919,83,2020-06-26 11:30:00,1.67,1.805,1.64,1.65,6919
920,82,2020-06-26 12:00:00,1.67,1.67,1.65,1.65,2368
921,81,2020-06-26 12:30:00,1.655,1.67,1.65,1.67,3262
922,80,2020-06-26 13:00:00,1.67,1.69,1.66,1.67,2796
923,79,2020-06-26 13:30:00,1.68,1.73,1.66,1.72,4793
924,78,2020-06-26 14:00:00,1.71,1.79,1.71,1.73,3285
925,77,2020-06-26 14:30:00,1.73,1.74,1.71,1.71,6108
926,76,2020-06-26 15:00:00,1.72,1.73,1.71,1.71,4181
927,75,2020-06-26 15:30:00,1.71,1.75,1.71,1.75,16633
928,74,2020-06-26 16:00:00,1.75,2.12,1.73,2.05,162640
929,73,2020-06-26 16:30:00,2.02,2.02,2.02,2.02,188379
930,72,2020-06-29 10:00:00,2.09,2.15,2.0201,2.1001,22175
931,71,2020-06-29 10:30:00,2.125,2.25,2.1,2.2,14555
932,70,2020-06-29 11:00:00,2.225,2.25,2.2,2.245,19510
933,69,2020-06-29 11:30:00,2.25,2.4,2.2411,2.3899,22497
934,68,2020-06-29 12:00:00,2.38,2.5,2.38,2.49,35109
935,67,2020-06-29 12:30:00,2.489,3.0,2.48,2.64,168745
936,66,2020-06-29 13:00:00,2.64,2.65,2.51,2.54,40322
937,65,2020-06-29 13:30:00,2.54,2.55,2.4,2.42,46295
938,64,2020-06-29 14:00:00,2.415,2.48,2.35,2.48,26976
939,63,2020-06-29 14:30:00,2.47,2.5027,2.4,2.465,20095
940,62,2020-06-29 15:00:00,2.4325,2.44,2.411,2.42,3509
941,61,2020-06-29 15:30:00,2.4272,2.485,2.41,2.485,9268
942,60,2020-06-29 16:00:00,2.5,2.59,2.49,2.56,19773
943,59,2020-06-29 16:30:00,2.45,2.45,2.45,2.45,100
944,58,2020-06-29 18:00:00,2.47,2.47,2.47,2.47,100
945,57,2020-06-29 20:00:00,2.26,2.26,2.26,2.26,390
946,56,2020-06-30 06:30:00,2.56,2.56,2.56,2.56,150
947,55,2020-06-30 10:00:00,2.51,2.7699,2.3701,2.62,26850
948,54,2020-06-30 10:30:00,2.6965,3.55,2.6374,3.18,52346
949,53,2020-06-30 11:00:00,3.23,3.45,2.9791,3.0,58876
950,52,2020-06-30 11:30:00,2.96,3.02,2.89,3.01,26123
951,51,2020-06-30 12:00:00,3.01,3.02,3.01,3.0199,30361
952,50,2020-06-30 12:30:00,3.015,3.02,3.01,3.015,3201
953,49,2020-06-30 13:00:00,3.0127,3.0127,2.9301,2.95,2029
954,48,2020-06-30 13:30:00,2.97,3.02,2.97,3.02,8232
955,47,2020-06-30 14:00:00,3.02,3.02,3.01,3.02,4352
956,46,2020-06-30 14:30:00,3.01,3.02,3.0,3.02,6709
957,45,2020-06-30 15:00:00,3.01,3.1,3.01,3.1,8416
958,44,2020-06-30 15:30:00,3.11,3.21,3.09,3.09,17462
959,43,2020-06-30 16:00:00,3.09,3.19,3.015,3.18,30823
960,42,2020-07-01 10:00:00,3.18,3.18,2.8701,3.0,19819
961,41,2020-07-01 10:30:00,3.04,3.1799,3.0,3.15,20155
962,40,2020-07-01 11:00:00,3.09,3.15,3.04,3.1301,18106
963,39,2020-07-01 11:30:00,3.15,3.17,3.1,3.1,3951
964,38,2020-07-01 12:00:00,3.0701,3.115,3.0,3.0,6776
965,37,2020-07-01 12:30:00,3.02,3.0599,2.9601,3.05,4024
966,36,2020-07-01 13:00:00,3.05,3.05,3.0,3.03,28124
967,35,2020-07-01 13:30:00,3.0,3.03,3.0,3.03,3250
968,34,2020-07-01 14:00:00,3.045,3.1,3.0,3.0,6641
969,33,2020-07-01 14:30:00,3.0,3.05,3.0,3.01,3450
970,32,2020-07-01 15:00:00,3.0599,3.08,3.01,3.04,6910
971,31,2020-07-01 15:30:00,3.04,3.07,3.01,3.07,5247
972,30,2020-07-01 16:00:00,3.0652,3.11,3.03,3.07,32420
973,29,2020-07-01 17:00:00,3.25,3.25,3.25,3.25,1077
974,28,2020-07-01 18:00:00,3.05,3.05,3.05,3.05,2100
975,27,2020-07-02 10:00:00,3.01,3.15,2.9727,3.15,16638
976,26,2020-07-02 10:30:00,3.065,3.15,3.065,3.07,3950
977,25,2020-07-02 11:00:00,3.07,3.07,3.07,3.07,125
978,24,2020-07-02 11:30:00,3.1,3.11,3.07,3.07,712
979,23,2020-07-02 12:00:00,3.1267,3.1267,3.1267,3.1267,100
980,22,2020-07-02 12:30:00,3.15,3.21,3.15,3.165,4465
981,21,2020-07-02 13:00:00,3.1891,3.1891,3.17,3.17,204
982,20,2020-07-02 13:30:00,3.1801,3.24,3.1801,3.215,64261
983,19,2020-07-02 14:00:00,3.2,3.22,3.1910000000000003,3.22,1116
984,18,2020-07-02 14:30:00,3.25,3.33,3.24,3.33,12484
985,17,2020-07-02 15:00:00,3.29,3.32,3.29,3.32,200
986,16,2020-07-02 15:30:00,3.2960000000000003,3.31,3.28,3.31,1377
987,15,2020-07-02 16:00:00,3.295,3.295,3.21,3.23,11447
988,14,2020-07-02 18:00:00,3.0,3.0,3.0,3.0,170
989,13,2020-07-06 09:30:00,3.27,3.27,3.26,3.26,400
990,12,2020-07-06 10:00:00,3.08,3.21,2.9801,3.09,23909
991,11,2020-07-06 10:30:00,3.145,3.195,3.145,3.195,2393
992,10,2020-07-06 11:00:00,3.23,3.23,3.22,3.22,1056
993,9,2020-07-06 11:30:00,3.21,3.3,3.21,3.3,2620
994,8,2020-07-06 12:00:00,3.3,3.3773,3.3,3.3773,1211
995,7,2020-07-06 12:30:00,3.4,3.4,3.385,3.385,1731
996,6,2020-07-06 13:00:00,3.4,3.4,3.39,3.3906,2132
997,5,2020-07-06 13:30:00,3.4,3.4,3.4,3.4,743
998,4,2020-07-06 14:00:00,3.39,3.39,3.39,3.39,495
999,3,2020-07-06 14:30:00,3.3501,3.38,3.3501,3.38,4287
1000,2,2020-07-06 15:00:00,3.36,3.38,3.35,3.3675,2640
1001,1,2020-07-06 15:30:00,3.37,3.4,3.35,3.37,14611
1002,0,2020-07-06 16:00:00,3.39,3.415,3.35,3.35,26074
