,index,time,open,high,low,close,volume
0,463,2020-09-08 04:30:00,11.52,11.52,11.23,11.23,13082
1,462,2020-09-08 06:30:00,11.01,11.04,11.01,11.03,1880
2,461,2020-09-08 07:30:00,11.01,11.03,10.94,10.94,6273
3,460,2020-09-08 08:00:00,10.94,10.99,10.8,10.85,4452
4,459,2020-09-08 08:30:00,10.7714,11.15,10.75,10.79,19339
5,458,2020-09-08 09:00:00,10.79,10.8498,10.71,10.8498,22120
6,457,2020-09-08 09:30:00,10.85,10.9,10.71,10.86,27312
7,456,2020-09-08 10:00:00,10.85,11.075,10.72,11.01,932974
8,455,2020-09-08 10:30:00,11.01,11.18,10.92,11.125,575263
9,454,2020-09-08 11:00:00,11.1113,11.17,10.945,11.015,467765
10,453,2020-09-08 11:30:00,11.015,11.09,10.965,11.02,312899
11,452,2020-09-08 12:00:00,11.01,11.025,10.84,10.9169,643696
12,451,2020-09-08 12:30:00,10.92,10.97,10.9,10.91,255377
13,450,2020-09-08 13:00:00,10.91,11.03,10.9,11.03,324381
14,449,2020-09-08 13:30:00,11.03,11.11,10.96,11.0694,446957
15,448,2020-09-08 14:00:00,11.06,11.1425,11.05,11.08,281598
16,447,2020-09-08 14:30:00,11.08,11.1,10.9,10.92,412161
17,446,2020-09-08 15:00:00,10.915,10.985,10.88,10.965,429433
18,445,2020-09-08 15:30:00,10.965,11.01,10.87,11.0,377868
19,444,2020-09-08 16:00:00,10.9961,11.03,10.84,10.89,1050327
20,443,2020-09-08 16:30:00,10.89,10.89,10.8,10.8,60248
21,442,2020-09-08 17:00:00,10.8,10.81,10.8,10.81,2143
22,441,2020-09-08 17:30:00,10.85,10.85,10.82,10.82,4392
23,440,2020-09-08 18:00:00,10.89,10.9,10.82,10.82,68467
24,439,2020-09-08 18:30:00,10.82,10.85,10.81,10.85,6649
25,438,2020-09-08 19:00:00,10.81,10.82,10.81,10.82,1785
26,437,2020-09-08 19:30:00,10.81,10.91,10.81,10.91,2101
27,436,2020-09-08 20:00:00,10.81,10.8699,10.81,10.8699,3150
28,435,2020-09-09 04:30:00,11.07,11.07,11.07,11.07,300
29,434,2020-09-09 05:00:00,10.92,10.92,10.92,10.92,100
30,433,2020-09-09 07:30:00,11.0,11.1,11.0,11.07,4200
31,432,2020-09-09 08:00:00,11.09,11.4,11.09,11.15,17009
32,431,2020-09-09 08:30:00,11.0699,11.4,11.04,11.29,47632
33,430,2020-09-09 09:00:00,11.26,11.29,11.22,11.28,25807
34,429,2020-09-09 09:30:00,11.25,11.28,11.23,11.24,30525
35,428,2020-09-09 10:00:00,11.24,11.33,11.09,11.28,1097327
36,427,2020-09-09 10:30:00,11.27,11.46,11.27,11.39,1010671
37,426,2020-09-09 11:00:00,11.385,11.49,11.34,11.365,648688
38,425,2020-09-09 11:30:00,11.37,11.44,11.3,11.4,241828
39,424,2020-09-09 12:00:00,11.395,11.49,11.37,11.4699,315022
40,423,2020-09-09 12:30:00,11.46,11.555,11.46,11.55,390250
41,422,2020-09-09 13:00:00,11.5478,11.62,11.54,11.61,275158
42,421,2020-09-09 13:30:00,11.605,11.6393,11.55,11.605,383575
43,420,2020-09-09 14:00:00,11.61,11.61,11.49,11.495,216719
44,419,2020-09-09 14:30:00,11.5,11.57,11.475,11.55,264471
45,418,2020-09-09 15:00:00,11.55,11.57,11.51,11.52,246851
46,417,2020-09-09 15:30:00,11.53,11.595,11.52,11.575,302317
47,416,2020-09-09 16:00:00,11.575,11.61,11.49,11.5324,1168293
48,415,2020-09-09 16:30:00,11.53,11.54,11.5,11.54,84999
49,414,2020-09-09 17:00:00,11.5598,11.5598,11.55,11.55,1533
50,413,2020-09-09 17:30:00,11.54,11.54,11.54,11.54,500
51,412,2020-09-09 18:30:00,11.54,11.57,11.54,11.57,9550
52,411,2020-09-09 19:00:00,11.65,11.65,11.56,11.56,1700
53,410,2020-09-09 19:30:00,11.65,11.65,11.56,11.56,1716
54,409,2020-09-09 20:00:00,11.65,11.65,11.61,11.61,702
55,408,2020-09-10 07:30:00,11.59,11.62,11.45,11.45,3855
56,407,2020-09-10 08:30:00,11.45,11.62,11.45,11.62,3674
57,406,2020-09-10 09:00:00,11.63,11.65,11.63,11.65,200
58,405,2020-09-10 09:30:00,11.65,11.7,11.63,11.63,19037
59,404,2020-09-10 10:00:00,11.59,11.79,11.59,11.7457,714708
60,403,2020-09-10 10:30:00,11.745,11.8619,11.65,11.65,764000
61,402,2020-09-10 11:00:00,11.66,11.7,11.5,11.5031,395528
62,401,2020-09-10 11:30:00,11.5,11.6159,11.465,11.61,312852
63,400,2020-09-10 12:00:00,11.61,11.61,11.5133,11.52,154524
64,399,2020-09-10 12:30:00,11.515,11.565,11.48,11.49,389632
65,398,2020-09-10 13:00:00,11.49,11.51,11.4,11.475,202151
66,397,2020-09-10 13:30:00,11.475,11.52,11.45,11.465,150994
67,396,2020-09-10 14:00:00,11.46,11.5,11.4,11.405,195178
68,395,2020-09-10 14:30:00,11.4022,11.4131,11.17,11.175,303722
69,394,2020-09-10 15:00:00,11.1701,11.3,11.1701,11.285,224480
70,393,2020-09-10 15:30:00,11.28,11.3,11.155,11.225,326593
71,392,2020-09-10 16:00:00,11.225,11.25,11.14,11.16,681920
72,391,2020-09-10 16:30:00,11.16,11.2,11.06,11.16,30024
73,390,2020-09-10 17:00:00,11.14,11.2,11.14,11.2,269
74,389,2020-09-10 17:30:00,11.23,11.31,11.17,11.3,776
75,388,2020-09-10 18:00:00,11.29,11.32,11.28,11.32,6501
76,387,2020-09-10 19:30:00,11.3099,11.31,11.3099,11.31,400
77,386,2020-09-10 20:00:00,11.3,11.3,11.25,11.25,425
78,385,2020-09-11 07:30:00,11.3,11.3,11.3,11.3,200
79,384,2020-09-11 08:00:00,11.21,11.36,11.2,11.25,3435
80,383,2020-09-11 08:30:00,11.31,11.36,11.2,11.27,15940
81,382,2020-09-11 09:00:00,11.27,11.3,11.24,11.28,4821
82,381,2020-09-11 09:30:00,11.26,11.33,11.26,11.33,488
83,380,2020-09-11 10:00:00,11.27,11.27,10.99,11.0,629413
84,379,2020-09-11 10:30:00,11.0,11.09,10.95,11.005,337789
85,378,2020-09-11 11:00:00,11.015,11.12,10.97,11.0589,290464
86,377,2020-09-11 11:30:00,11.055,11.08,10.99,11.025,236670
87,376,2020-09-11 12:00:00,11.02,11.05,10.98,11.0,248628
88,375,2020-09-11 12:30:00,11.005,11.04,10.97,10.97,260458
89,374,2020-09-11 13:00:00,10.97,10.98,10.885,10.89,361576
90,373,2020-09-11 13:30:00,10.9,10.91,10.81,10.8242,350970
91,372,2020-09-11 14:00:00,10.825,10.88,10.8,10.815,244024
92,371,2020-09-11 14:30:00,10.815,10.92,10.8,10.885,226942
93,370,2020-09-11 15:00:00,10.88,10.98,10.88,10.91,224110
94,369,2020-09-11 15:30:00,10.915,11.0,10.85,10.975,323603
95,368,2020-09-11 16:00:00,10.98,11.005,10.92,10.95,767197
96,367,2020-09-11 16:30:00,10.95,11.01,10.95,10.96,21781
97,366,2020-09-11 17:00:00,10.95,11.01,10.95,11.01,42754
98,365,2020-09-11 17:30:00,10.95,10.95,10.95,10.95,500
99,364,2020-09-11 18:00:00,10.9,11.0,10.9,11.0,400
100,363,2020-09-11 18:30:00,11.0,11.0,11.0,11.0,3000
101,362,2020-09-11 19:00:00,10.9,10.9,10.9,10.9,670
102,361,2020-09-11 20:00:00,10.94,10.98,10.94,10.98,2500
103,360,2020-09-14 07:30:00,11.05,11.1,11.04,11.05,6507
104,359,2020-09-14 08:00:00,11.07,11.2,11.07,11.11,2330
105,358,2020-09-14 08:30:00,11.1,11.2,11.05,11.05,18675
106,357,2020-09-14 09:00:00,11.06,11.1,11.05,11.05,3400
107,356,2020-09-14 09:30:00,11.05,11.1,11.03,11.03,6086
108,355,2020-09-14 10:00:00,11.06,11.13,10.865,10.985,734659
109,354,2020-09-14 10:30:00,10.99,11.0,10.89,10.91,412599
110,353,2020-09-14 11:00:00,10.9101,10.95,10.85,10.9075,393645
111,352,2020-09-14 11:30:00,10.91,10.9483,10.85,10.94,316872
112,351,2020-09-14 12:00:00,10.935,11.0,10.9133,10.98,244828
113,350,2020-09-14 12:30:00,10.98,11.005,10.91,10.925,184445
114,349,2020-09-14 13:00:00,10.935,10.96,10.885,10.95,225157
115,348,2020-09-14 13:30:00,10.955,10.975,10.865,10.915,198785
116,347,2020-09-14 14:00:00,10.92,11.0,10.86,10.9829,243090
117,346,2020-09-14 14:30:00,10.985,11.11,10.95,11.0522,394777
118,345,2020-09-14 15:00:00,11.05,11.14,11.05,11.14,330773
119,344,2020-09-14 15:30:00,11.1367,11.16,11.05,11.095,270057
120,343,2020-09-14 16:00:00,11.1,11.105,11.05,11.08,620915
121,342,2020-09-14 16:30:00,11.02,11.06,11.02,11.03,2094
122,341,2020-09-14 17:00:00,11.0997,11.1,11.03,11.03,957
123,340,2020-09-14 17:30:00,11.09,11.1,11.09,11.0998,652
124,339,2020-09-14 18:00:00,11.05,11.05,11.05,11.05,5000
125,338,2020-09-14 18:30:00,11.05,11.1,11.05,11.1,745
126,337,2020-09-14 19:00:00,11.1099,11.1099,11.06,11.06,600
127,336,2020-09-14 20:00:00,11.11,11.11,11.11,11.11,100
128,335,2020-09-15 07:30:00,11.2,11.2,11.14,11.14,3630
129,334,2020-09-15 08:00:00,11.15,11.2,11.15,11.2,1967
130,333,2020-09-15 08:30:00,11.1499,11.21,11.1,11.1699,14192
131,332,2020-09-15 09:00:00,11.17,11.19,11.17,11.18,9860
132,331,2020-09-15 09:30:00,11.1899,11.23,11.15,11.15,6713
133,330,2020-09-15 10:00:00,11.12,11.185,11.013,11.0616,655731
134,329,2020-09-15 10:30:00,11.06,11.06,10.99,11.0099,443411
135,328,2020-09-15 11:00:00,11.01,11.08,10.9701,11.0703,294706
136,327,2020-09-15 11:30:00,11.0791,11.11,11.045,11.065,254664
137,326,2020-09-15 12:00:00,11.065,11.0953,11.005,11.025,180829
138,325,2020-09-15 12:30:00,11.025,11.08,11.02,11.075,167612
139,324,2020-09-15 13:00:00,11.08,11.155,11.079,11.125,256727
140,323,2020-09-15 13:30:00,11.125,11.15,11.1,11.14,108385
141,322,2020-09-15 14:00:00,11.135,11.15,11.115,11.125,86848
142,321,2020-09-15 14:30:00,11.13,11.145,11.105,11.145,121022
143,320,2020-09-15 15:00:00,11.1462,11.22,11.12,11.1949,549320
144,319,2020-09-15 15:30:00,11.195,11.21,11.08,11.125,541661
145,318,2020-09-15 16:00:00,11.125,11.15,11.015,11.14,817127
146,317,2020-09-15 16:30:00,11.13,11.13,11.07,11.07,67294
147,316,2020-09-15 17:30:00,11.16,11.16,11.05,11.13,1574
148,315,2020-09-15 18:00:00,11.16,11.16,11.13,11.13,1325
149,314,2020-09-15 18:30:00,11.1599,11.16,11.1599,11.16,5100
150,313,2020-09-15 20:00:00,11.13,11.17,11.13,11.17,689
151,312,2020-09-16 08:00:00,11.18,11.18,11.18,11.18,200
152,311,2020-09-16 08:30:00,11.1899,11.19,11.16,11.16,969
153,310,2020-09-16 09:30:00,11.15,11.16,11.15,11.15,11561
154,309,2020-09-16 10:00:00,11.17,11.31,11.08,11.19,780039
155,308,2020-09-16 10:30:00,11.19,11.2299,11.135,11.165,360863
156,307,2020-09-16 11:00:00,11.1631,11.18,11.04,11.065,238421
157,306,2020-09-16 11:30:00,11.07,11.1636,11.045,11.1499,207132
158,305,2020-09-16 12:00:00,11.14,11.175,11.1,11.135,245113
159,304,2020-09-16 12:30:00,11.14,11.34,11.13,11.275,781943
160,303,2020-09-16 13:00:00,11.275,11.355,11.23,11.275,587513
161,302,2020-09-16 13:30:00,11.27,11.34,11.25,11.335,281296
162,301,2020-09-16 14:00:00,11.335,11.36,11.28,11.3,247340
163,300,2020-09-16 14:30:00,11.295,11.355,11.265,11.315,1017412
164,299,2020-09-16 15:00:00,11.315,11.43,11.305,11.36,716029
165,298,2020-09-16 15:30:00,11.36,11.38,11.21,11.215,391570
166,297,2020-09-16 16:00:00,11.21,11.26,11.15,11.19,796733
167,296,2020-09-16 16:30:00,11.18,11.2,11.1524,11.2,36168
168,295,2020-09-16 17:00:00,11.18,11.2,11.18,11.2,400
169,294,2020-09-16 17:30:00,11.2,11.2,11.2,11.2,500
170,293,2020-09-16 18:00:00,11.16,11.2,11.15,11.15,1206
171,292,2020-09-16 18:30:00,11.1999,11.1999,11.1999,11.1999,1000
172,291,2020-09-16 19:00:00,11.18,11.19,11.18,11.19,600
173,290,2020-09-16 19:30:00,11.19,11.2,11.19,11.2,4000
174,289,2020-09-16 20:00:00,11.2,11.2,11.2,11.2,2000
175,288,2020-09-17 05:30:00,11.18,11.18,11.18,11.18,200
176,287,2020-09-17 08:00:00,11.03,11.03,11.0,11.0,1926
177,286,2020-09-17 08:30:00,11.0008,11.15,10.91,10.91,13550
178,285,2020-09-17 09:00:00,10.9,11.12,10.9,11.12,14148
179,284,2020-09-17 09:30:00,11.0002,11.0002,10.78,10.9,26879
180,283,2020-09-17 10:00:00,10.94,11.0166,10.85,10.99,927149
181,282,2020-09-17 10:30:00,10.99,11.04,10.9,10.9073,535979
182,281,2020-09-17 11:00:00,10.9,10.98,10.85,10.88,472116
183,280,2020-09-17 11:30:00,10.89,10.965,10.87,10.88,306462
184,279,2020-09-17 12:00:00,10.885,10.895,10.77,10.8,436092
185,278,2020-09-17 12:30:00,10.79,10.7983,10.6876,10.7488,435955
186,277,2020-09-17 13:00:00,10.745,10.8099,10.7,10.76,437280
187,276,2020-09-17 13:30:00,10.7632,10.82,10.76,10.81,224691
188,275,2020-09-17 14:00:00,10.81,10.845,10.8,10.81,267472
189,274,2020-09-17 14:30:00,10.8084,10.86,10.755,10.755,231830
190,273,2020-09-17 15:00:00,10.755,10.78,10.715,10.735,311298
191,272,2020-09-17 15:30:00,10.74,10.7853,10.7,10.735,336542
192,271,2020-09-17 16:00:00,10.73,10.8,10.73,10.7665,673110
193,270,2020-09-17 16:30:00,10.77,10.86,10.77,10.8,62934
194,269,2020-09-17 17:00:00,10.85,10.85,10.84,10.8499,1884
195,268,2020-09-17 17:30:00,10.85,10.86,10.8,10.85,2664
196,267,2020-09-17 18:00:00,10.86,10.86,10.8,10.84,7026
197,266,2020-09-17 18:30:00,10.84,10.88,10.84,10.88,4765
198,265,2020-09-17 19:00:00,10.83,10.86,10.83,10.86,450
199,264,2020-09-17 19:30:00,10.84,10.85,10.8,10.85,2745
200,263,2020-09-17 20:00:00,10.85,10.86,10.85,10.85,6023
201,262,2020-09-18 07:30:00,11.2,11.2,10.88,11.0,3439
202,261,2020-09-18 08:00:00,10.98,10.98,10.98,10.98,121
203,260,2020-09-18 08:30:00,11.01,11.02,10.88,10.9,24616
204,259,2020-09-18 09:00:00,10.9,10.95,10.87,10.95,9616
205,258,2020-09-18 09:30:00,10.97,10.97,10.8399,10.97,49198
206,257,2020-09-18 10:00:00,10.93,10.96,10.66,10.73,1365374
207,256,2020-09-18 10:30:00,10.7348,10.85,10.7,10.84,356475
208,255,2020-09-18 11:00:00,10.84,10.865,10.68,10.7228,381188
209,254,2020-09-18 11:30:00,10.73,10.73,10.62,10.67,300550
210,253,2020-09-18 12:00:00,10.67,10.68,10.61,10.65,256292
211,252,2020-09-18 12:30:00,10.655,10.66,10.53,10.5733,374575
212,251,2020-09-18 13:00:00,10.5701,10.58,10.48,10.53,425799
213,250,2020-09-18 13:30:00,10.53,10.58,10.49,10.49,248622
214,249,2020-09-18 14:00:00,10.49,10.63,10.46,10.63,346811
215,248,2020-09-18 14:30:00,10.625,10.65,10.59,10.6384,215852
216,247,2020-09-18 15:00:00,10.635,10.67,10.59,10.67,182216
217,246,2020-09-18 15:30:00,10.665,10.69,10.615,10.63,274887
218,245,2020-09-18 16:00:00,10.63,10.77,10.61,10.7,1729296
219,244,2020-09-18 16:30:00,10.69,10.7,10.69,10.69,1675639
220,243,2020-09-18 17:00:00,10.69,10.71,10.68,10.68,1234
221,242,2020-09-18 17:30:00,10.64,10.68,10.63,10.68,96168
222,241,2020-09-18 18:00:00,10.65,10.65,10.65,10.65,141
223,240,2020-09-18 18:30:00,10.63,10.63,10.63,10.63,1177
224,239,2020-09-18 19:30:00,10.65,10.65,10.64,10.64,1264
225,238,2020-09-18 20:00:00,10.6,10.64,10.6,10.64,9363
226,237,2020-09-21 07:30:00,10.45,10.57,10.21,10.51,5788
227,236,2020-09-21 08:00:00,10.4,10.4,10.4,10.4,542
228,235,2020-09-21 08:30:00,10.5101,10.5316,10.4,10.43,12875
229,234,2020-09-21 09:00:00,10.43,10.5,10.4,10.4898,2624
230,233,2020-09-21 09:30:00,10.4308,10.5,10.4102,10.5,12266
231,232,2020-09-21 10:00:00,10.5,10.73,10.47,10.71,565852
232,231,2020-09-21 10:30:00,10.71,10.715,10.53,10.5423,364215
233,230,2020-09-21 11:00:00,10.54,10.5476,10.42,10.515,286666
234,229,2020-09-21 11:30:00,10.515,10.61,10.475,10.57,217435
235,228,2020-09-21 12:00:00,10.575,10.67,10.515,10.665,221430
236,227,2020-09-21 12:30:00,10.67,10.705,10.63,10.685,210956
237,226,2020-09-21 13:00:00,10.685,10.72,10.66,10.7,171759
238,225,2020-09-21 13:30:00,10.7,10.76,10.67,10.735,164017
239,224,2020-09-21 14:00:00,10.735,10.76,10.66,10.689,135645
240,223,2020-09-21 14:30:00,10.69,10.72,10.665,10.705,144729
241,222,2020-09-21 15:00:00,10.7,10.7193,10.64,10.71,468791
242,221,2020-09-21 15:30:00,10.71,10.86,10.705,10.8232,285083
243,220,2020-09-21 16:00:00,10.83,10.84,10.77,10.81,581160
244,219,2020-09-21 16:30:00,10.82,10.84,10.8,10.84,51373
245,218,2020-09-21 17:00:00,10.78,10.85,10.78,10.85,1053
246,217,2020-09-21 17:30:00,10.85,10.85,10.81,10.81,1227
247,216,2020-09-21 18:00:00,10.85,10.85,10.85,10.85,100
248,215,2020-09-21 19:00:00,10.78,10.78,10.78,10.78,250
249,214,2020-09-21 19:30:00,10.8001,10.8001,10.8001,10.8001,250
250,213,2020-09-21 20:00:00,10.8,10.82,10.78,10.82,1580
251,212,2020-09-22 07:30:00,10.9,10.9,10.86,10.86,1320
252,211,2020-09-22 08:00:00,10.85,10.85,10.85,10.85,1000
253,210,2020-09-22 08:30:00,10.95,10.95,10.81,10.81,1292
254,209,2020-09-22 09:00:00,10.88,10.88,10.84,10.86,1703
255,208,2020-09-22 09:30:00,10.8943,10.9,10.79,10.87,1370
256,207,2020-09-22 10:00:00,10.86,10.97,10.79,10.9653,609250
257,206,2020-09-22 10:30:00,10.965,11.01,10.86,10.9,401515
258,205,2020-09-22 11:00:00,10.905,10.93,10.765,10.78,242067
259,204,2020-09-22 11:30:00,10.78,10.86,10.73,10.84,213434
260,203,2020-09-22 12:00:00,10.84,10.88,10.8,10.84,117590
261,202,2020-09-22 12:30:00,10.8401,10.86,10.7833,10.84,92980
262,201,2020-09-22 13:00:00,10.84,10.8584,10.8,10.82,79736
263,200,2020-09-22 13:30:00,10.83,10.885,10.82,10.875,91965
264,199,2020-09-22 14:00:00,10.87,10.935,10.84,10.925,106921
265,198,2020-09-22 14:30:00,10.93,10.97,10.925,10.955,153472
266,197,2020-09-22 15:00:00,10.96,10.97,10.92,10.955,112626
267,196,2020-09-22 15:30:00,10.955,10.98,10.92,10.93,172281
268,195,2020-09-22 16:00:00,10.93,11.01,10.89,11.01,406225
269,194,2020-09-22 16:30:00,11.0,11.0,10.93,10.94,280609
270,193,2020-09-22 17:30:00,10.95,10.95,10.95,10.95,100
271,192,2020-09-22 18:00:00,10.93,10.95,10.93,10.95,744
272,191,2020-09-22 19:00:00,10.95,10.95,10.95,10.95,197
273,190,2020-09-22 20:00:00,10.95,10.95,10.93,10.93,1240
274,189,2020-09-23 07:00:00,10.99,10.99,10.99,10.99,1000
275,188,2020-09-23 07:30:00,10.9,10.98,10.9,10.98,1050
276,187,2020-09-23 08:30:00,10.9799,10.9799,10.93,10.9599,4921
277,186,2020-09-23 09:00:00,10.96,10.97,10.96,10.97,2700
278,185,2020-09-23 09:30:00,10.9972,11.0,10.93,11.0,9023
279,184,2020-09-23 10:00:00,10.92,11.33,10.8728,11.22,1653976
280,183,2020-09-23 10:30:00,11.23,11.36,11.19,11.345,549619
281,182,2020-09-23 11:00:00,11.34,11.44,11.33,11.335,529151
282,181,2020-09-23 11:30:00,11.34,11.41,11.3,11.3299,233395
283,180,2020-09-23 12:00:00,11.325,11.33,11.16,11.1935,264108
284,179,2020-09-23 12:30:00,11.19,11.2366,11.16,11.2299,165529
285,178,2020-09-23 13:00:00,11.225,11.3,11.21,11.296,182036
286,177,2020-09-23 13:30:00,11.295,11.33,11.26,11.261,172749
287,176,2020-09-23 14:00:00,11.265,11.3,11.21,11.215,227501
288,175,2020-09-23 14:30:00,11.21,11.22,11.1,11.125,253756
289,174,2020-09-23 15:00:00,11.12,11.15,11.05,11.075,297705
290,173,2020-09-23 15:30:00,11.065,11.12,10.955,11.09,401647
291,172,2020-09-23 16:00:00,11.08,11.14,11.01,11.01,576031
292,171,2020-09-23 16:30:00,11.01,11.03,11.0001,11.03,45715
293,170,2020-09-23 17:00:00,11.01,11.01,11.01,11.01,111
294,169,2020-09-23 17:30:00,11.19,11.19,11.19,11.19,500
295,168,2020-09-23 18:00:00,11.19,11.19,11.0,11.02,2110
296,167,2020-09-23 18:30:00,10.93,11.05,10.92,11.05,1378
297,166,2020-09-23 19:00:00,11.05,11.05,11.05,11.05,597
298,165,2020-09-23 19:30:00,11.0,11.0,10.92,10.92,2500
299,164,2020-09-23 20:00:00,11.01,11.01,11.0,11.0,3040
300,163,2020-09-24 08:00:00,10.83,10.83,10.83,10.83,299
301,162,2020-09-24 08:30:00,11.0,11.0,10.82,10.87,401
302,161,2020-09-24 09:00:00,10.92,11.01,10.8,10.86,7680
303,160,2020-09-24 09:30:00,10.83,10.87,10.79,10.87,24803
304,159,2020-09-24 10:00:00,10.9,10.93,10.6,10.7039,707580
305,158,2020-09-24 10:30:00,10.72,10.87,10.63,10.64,493847
306,157,2020-09-24 11:00:00,10.63,10.66,10.49,10.645,456167
307,156,2020-09-24 11:30:00,10.64,10.695,10.51,10.67,328054
308,155,2020-09-24 12:00:00,10.67,10.73,10.64,10.725,188612
309,154,2020-09-24 12:30:00,10.73,10.78,10.665,10.665,248508
310,153,2020-09-24 13:00:00,10.67,10.73,10.63,10.73,122026
311,152,2020-09-24 13:30:00,10.73,10.77,10.695,10.77,99635
312,151,2020-09-24 14:00:00,10.77,10.79,10.71,10.715,120484
313,150,2020-09-24 14:30:00,10.72,10.72,10.63,10.65,127484
314,149,2020-09-24 15:00:00,10.65,10.715,10.63,10.63,116341
315,148,2020-09-24 15:30:00,10.625,10.685,10.58,10.615,222825
316,147,2020-09-24 16:00:00,10.615,10.65,10.58,10.63,503735
317,146,2020-09-24 16:30:00,10.63,10.63,10.63,10.63,43178
318,145,2020-09-24 17:30:00,10.66,10.68,10.66,10.68,1077
319,144,2020-09-24 18:30:00,10.6801,10.6801,10.64,10.64,1151
320,143,2020-09-24 19:00:00,10.65,10.65,10.65,10.65,1000
321,142,2020-09-24 19:30:00,10.66,10.66,10.66,10.66,8354
322,141,2020-09-25 07:30:00,10.64,10.64,10.54,10.54,6553
323,140,2020-09-25 08:00:00,10.58,10.6,10.58,10.6,837
324,139,2020-09-25 08:30:00,10.5899,10.65,10.54,10.65,2274
325,138,2020-09-25 09:00:00,10.59,10.59,10.55,10.55,616
326,137,2020-09-25 09:30:00,10.64,10.65,10.6109,10.6109,1400
327,136,2020-09-25 10:00:00,10.63,10.835,10.63,10.835,441807
328,135,2020-09-25 10:30:00,10.84,10.89,10.76,10.81,318642
329,134,2020-09-25 11:00:00,10.8055,10.85,10.732999999999999,10.7501,214600
330,133,2020-09-25 11:30:00,10.76,10.77,10.69,10.6928,209745
331,132,2020-09-25 12:00:00,10.7,10.725,10.59,10.595,297932
332,131,2020-09-25 12:30:00,10.5994,10.64,10.53,10.555,268228
333,130,2020-09-25 13:00:00,10.555,10.59,10.53,10.5784,157096
334,129,2020-09-25 13:30:00,10.575,10.63,10.56,10.63,169160
335,128,2020-09-25 14:00:00,10.625,10.65,10.6,10.64,136956
336,127,2020-09-25 14:30:00,10.6362,10.695,10.6323,10.68,163739
337,126,2020-09-25 15:00:00,10.675,10.75,10.655,10.745,188356
338,125,2020-09-25 15:30:00,10.745,10.84,10.74,10.79,297406
339,124,2020-09-25 16:00:00,10.79,10.815,10.77,10.79,456026
340,123,2020-09-25 16:30:00,10.7898,10.7898,10.78,10.78,6255
341,122,2020-09-25 17:00:00,10.7801,10.7801,10.77,10.77,2500
342,121,2020-09-25 17:30:00,10.75,10.79,10.75,10.79,2553
343,120,2020-09-25 18:00:00,10.72,10.77,10.72,10.77,1031
344,119,2020-09-25 18:30:00,10.77,10.78,10.72,10.78,400
345,118,2020-09-25 19:30:00,10.78,10.7899,10.78,10.7899,200
346,117,2020-09-25 20:00:00,10.79,10.79,10.79,10.79,3200
347,116,2020-09-28 07:30:00,10.79,10.79,10.79,10.79,575
348,115,2020-09-28 08:30:00,10.98,11.03,10.800999999999998,11.03,11601
349,114,2020-09-28 09:00:00,10.9,11.0499,10.9,10.99,652
350,113,2020-09-28 09:30:00,10.9,11.0,10.75,10.75,32246
351,112,2020-09-28 10:00:00,10.76,10.96,10.76,10.95,738190
352,111,2020-09-28 10:30:00,10.95,11.03,10.92,10.965,370313
353,110,2020-09-28 11:00:00,10.96,10.98,10.8601,10.88,176704
354,109,2020-09-28 11:30:00,10.89,10.96,10.85,10.87,143594
355,108,2020-09-28 12:00:00,10.87,10.9,10.84,10.85,149377
356,107,2020-09-28 12:30:00,10.86,10.88,10.83,10.84,116541
357,106,2020-09-28 13:00:00,10.84,10.87,10.81,10.85,99237
358,105,2020-09-28 13:30:00,10.86,10.875,10.8,10.86,99505
359,104,2020-09-28 14:00:00,10.8598,10.875,10.83,10.84,82817
360,103,2020-09-28 14:30:00,10.85,10.92,10.8,10.915,151254
361,102,2020-09-28 15:00:00,10.92,10.98,10.92,10.975,151358
362,101,2020-09-28 15:30:00,10.975,10.98,10.91,10.925,152078
363,100,2020-09-28 16:00:00,10.93,10.93,10.85,10.86,325701
364,99,2020-09-28 16:30:00,10.85,10.85,10.85,10.85,26035
365,98,2020-09-28 17:00:00,10.86,10.86,10.86,10.86,100
366,97,2020-09-28 17:30:00,10.87,10.87,10.87,10.87,325
367,96,2020-09-28 18:00:00,10.9,10.9,10.86,10.86,5640
368,95,2020-09-28 18:30:00,10.85,10.85,10.85,10.85,2900
369,94,2020-09-28 19:30:00,10.84,10.89,10.83,10.83,900
370,93,2020-09-28 20:00:00,10.86,10.86,10.86,10.86,280
371,92,2020-09-29 08:00:00,10.9,10.9,10.9,10.9,200
372,91,2020-09-29 08:30:00,10.8501,10.8501,10.85,10.85,454
373,90,2020-09-29 09:00:00,10.82,10.92,10.82,10.92,1500
374,89,2020-09-29 09:30:00,10.93,10.93,10.8005,10.9,1178
375,88,2020-09-29 10:00:00,10.92,11.08,10.9,11.02,390960
376,87,2020-09-29 10:30:00,11.03,11.035,10.91,10.935,156645
377,86,2020-09-29 11:00:00,10.94,10.95,10.85,10.885,165211
378,85,2020-09-29 11:30:00,10.88,10.92,10.855,10.895,115440
379,84,2020-09-29 12:00:00,10.895,10.91,10.85,10.885,104999
380,83,2020-09-29 12:30:00,10.88,10.9,10.85,10.86,105082
381,82,2020-09-29 13:00:00,10.86,10.94,10.86,10.915,144744
382,81,2020-09-29 13:30:00,10.915,10.94,10.9,10.915,114305
383,80,2020-09-29 14:00:00,10.915,10.95,10.905,10.92,112827
384,79,2020-09-29 14:30:00,10.915,10.99,10.9,10.965,148559
385,78,2020-09-29 15:00:00,10.965,10.98,10.915,10.93,138429
386,77,2020-09-29 15:30:00,10.93,10.95,10.89,10.9,126493
387,76,2020-09-29 16:00:00,10.9,10.97,10.88,10.95,373174
388,75,2020-09-29 16:30:00,10.95,10.95,10.94,10.95,24454
389,74,2020-09-29 17:00:00,10.94,10.95,10.94,10.95,200
390,73,2020-09-29 17:30:00,10.94,10.94,10.94,10.94,100
391,72,2020-09-29 20:00:00,10.99,10.99,10.99,10.99,350
392,71,2020-09-30 05:30:00,10.86,10.86,10.86,10.86,175
393,70,2020-09-30 07:00:00,10.89,10.89,10.89,10.89,2423
394,69,2020-09-30 07:30:00,10.89,10.89,10.85,10.85,947
395,68,2020-09-30 08:30:00,10.8501,10.8501,10.85,10.85,209
396,67,2020-09-30 09:00:00,10.88,10.9,10.88,10.9,223
397,66,2020-09-30 09:30:00,10.880999999999998,10.880999999999998,10.880999999999998,10.880999999999998,103
398,65,2020-09-30 10:00:00,10.94,11.07,10.89,11.05,259847
399,64,2020-09-30 10:30:00,11.055,11.065,10.98,11.03,173517
400,63,2020-09-30 11:00:00,11.03,11.07,10.985,10.992,133124
401,62,2020-09-30 11:30:00,10.995,11.12,10.995,11.115,182148
402,61,2020-09-30 12:00:00,11.11,11.15,11.09,11.125,153276
403,60,2020-09-30 12:30:00,11.12,11.1516,11.08,11.115,108425
404,59,2020-09-30 13:00:00,11.11,11.11,10.97,10.985,245849
405,58,2020-09-30 13:30:00,10.99,10.99,10.92,10.94,136299
406,57,2020-09-30 14:00:00,10.945,10.9695,10.925,10.9515,99452
407,56,2020-09-30 14:30:00,10.95,10.9879,10.88,10.92,172553
408,55,2020-09-30 15:00:00,10.92,10.92,10.8,10.88,204607
409,54,2020-09-30 15:30:00,10.875,10.885,10.78,10.84,186836
410,53,2020-09-30 16:00:00,10.835,10.91,10.79,10.89,390432
411,52,2020-09-30 16:30:00,10.89,10.9,10.83,10.83,139376
412,51,2020-09-30 17:30:00,10.83,10.83,10.83,10.83,500
413,50,2020-09-30 18:30:00,10.83,10.84,10.83,10.84,1000
414,49,2020-09-30 19:00:00,10.88,10.89,10.88,10.89,1199
415,48,2020-09-30 20:00:00,10.89,10.89,10.88,10.89,4900
416,47,2020-10-01 07:30:00,10.85,11.0,10.85,11.0,707
417,46,2020-10-01 08:30:00,11.0,11.0,10.9,10.92,863
418,45,2020-10-01 09:00:00,11.0,11.0,10.9999,11.0,5287
419,44,2020-10-01 09:30:00,10.99,10.9999,10.95,10.98,3674
420,43,2020-10-01 10:00:00,10.96,11.06,10.89,10.9957,448878
421,42,2020-10-01 10:30:00,10.99,11.01,10.845,10.8864,245898
422,41,2020-10-01 11:00:00,10.88,10.945,10.8784,10.935,109032
423,40,2020-10-01 11:30:00,10.94,10.94,10.89,10.915,167459
424,39,2020-10-01 12:00:00,10.9101,10.93,10.83,10.8695,125336
425,38,2020-10-01 12:30:00,10.86,10.9,10.845,10.89,160683
426,37,2020-10-01 13:00:00,10.895,10.91,10.8701,10.885,125883
427,36,2020-10-01 13:30:00,10.89,10.91,10.875,10.895,122171
428,35,2020-10-01 14:00:00,10.89,10.94,10.86,10.86,233415
429,34,2020-10-01 14:30:00,10.8699,10.9,10.81,10.895,193180
430,33,2020-10-01 15:00:00,10.9,10.92,10.875,10.895,163196
431,32,2020-10-01 15:30:00,10.89,10.93,10.84,10.865,262563
432,31,2020-10-01 16:00:00,10.86,10.9,10.8107,10.88,400319
433,30,2020-10-01 16:30:00,10.89,10.89,10.89,10.89,25642
434,29,2020-10-01 17:00:00,10.89,10.89,10.89,10.89,1100
435,28,2020-10-01 17:30:00,10.85,10.85,10.8499,10.85,2034
436,27,2020-10-01 18:00:00,10.83,10.83,10.83,10.83,871
437,26,2020-10-01 19:30:00,10.87,10.87,10.87,10.87,912
438,25,2020-10-01 20:00:00,10.85,10.85,10.85,10.85,450
439,24,2020-10-02 07:30:00,10.7,10.7,10.5,10.52,5938
440,23,2020-10-02 08:00:00,10.62,10.62,10.5,10.5,5998
441,22,2020-10-02 08:30:00,10.5301,10.77,10.5,10.7,15804
442,21,2020-10-02 09:00:00,10.59,10.66,10.58,10.58,2735
443,20,2020-10-02 09:30:00,10.5912,10.65,10.52,10.65,23012
444,19,2020-10-02 10:00:00,10.64,10.84,10.53,10.84,364302
445,18,2020-10-02 10:30:00,10.84,10.845,10.761,10.81,128542
446,17,2020-10-02 11:00:00,10.8,10.8392,10.76,10.835,114072
447,16,2020-10-02 11:30:00,10.83,10.8588,10.79,10.84,75502
448,15,2020-10-02 12:00:00,10.84,10.84,10.695,10.695,147086
449,14,2020-10-02 12:30:00,10.69,10.75,10.59,10.705,275838
450,13,2020-10-02 13:00:00,10.705,10.7677,10.69,10.72,136904
451,12,2020-10-02 13:30:00,10.72,10.73,10.645,10.685,122873
452,11,2020-10-02 14:00:00,10.6842,10.685,10.63,10.68,142035
453,10,2020-10-02 14:30:00,10.675,10.755,10.67,10.675,156428
454,9,2020-10-02 15:00:00,10.675,10.73,10.67,10.7,158017
455,8,2020-10-02 15:30:00,10.705,10.72,10.65,10.65,175413
456,7,2020-10-02 16:00:00,10.65,10.69,10.61,10.61,408935
457,6,2020-10-02 16:30:00,10.66,10.69,10.61,10.61,2326
458,5,2020-10-02 17:00:00,10.63,10.63,10.63,10.63,161
459,4,2020-10-02 17:30:00,10.64,10.64,10.59,10.59,19721
460,3,2020-10-02 18:00:00,10.6,10.6,10.5899,10.59,2327
461,2,2020-10-02 18:30:00,10.55,10.55,10.5,10.54,3050
462,1,2020-10-02 19:00:00,10.55,10.55,10.55,10.55,100
463,0,2020-10-02 20:00:00,10.61,10.61,10.61,10.61,1000
