,index,time,open,high,low,close,volume
0,136,2020-08-06 10:00:00,21.630895428800002,21.758947177600003,21.2762905857,21.2762905857,5700
1,135,2020-08-06 10:30:00,21.4240426036,21.4240426036,21.4141924691,21.4240426036,8428
2,134,2020-08-06 12:00:00,21.4240426036,21.4240426036,21.4004022807,21.4004022807,740
3,133,2020-08-06 12:30:00,21.3944922,21.3944922,21.227039913,21.227039913,2040
4,132,2020-08-06 13:00:00,21.3133270915,21.3133270915,21.3133270915,21.3133270915,500
5,131,2020-08-06 13:30:00,21.300915922,21.300915922,21.300915922,21.300915922,200
6,130,2020-08-06 14:00:00,21.2762905857,21.2762905857,20.6852825138,20.6852825138,6359
7,129,2020-08-06 14:30:00,21.1974895094,21.2761920843,21.1974895094,21.2761920843,700
8,128,2020-08-06 15:00:00,21.1679391058,21.207339643900003,21.1679391058,21.193746458299998,800
9,127,2020-08-06 16:00:00,21.0448124242,21.1580889713,20.9315358771,20.9945767381,4647
10,126,2020-08-07 11:00:00,20.8527348009,20.8527348009,20.8527348009,20.8527348009,150
11,125,2020-08-07 11:30:00,20.9216857426,20.9315358771,20.9216857426,20.9315358771,700
12,124,2020-08-07 12:00:00,20.882285204400002,20.882285204400002,20.882285204400002,20.882285204400002,225
13,123,2020-08-07 12:30:00,20.882285204400002,20.882285204400002,20.8330345318,20.8330345318,300
14,122,2020-08-07 13:00:00,20.9315358771,20.9315358771,20.9069105408,20.9315358771,1550
15,121,2020-08-07 13:30:00,20.882285204400002,20.882285204400002,20.866229485199998,20.8724350699,870
16,120,2020-08-07 14:00:00,20.8231843973,20.882285204400002,20.8231843973,20.882285204400002,900
17,119,2020-08-07 14:30:00,20.8724350699,20.882285204400002,20.8609104125,20.8609104125,2670
18,118,2020-08-07 15:00:00,20.882285204400002,20.882285204400002,20.882285204400002,20.882285204400002,100
19,117,2020-08-07 15:30:00,20.8231843973,20.8527348009,20.7049827829,20.734533186500002,4962
20,116,2020-08-07 16:00:00,20.734533186500002,20.734533186500002,20.6852825138,20.734533186500002,1200
21,115,2020-08-10 10:00:00,20.695132648399998,20.7837838591,20.695132648399998,20.7837838591,400
22,114,2020-08-10 10:30:00,20.8625849354,20.8625849354,20.8625849354,20.8625849354,100
23,113,2020-08-10 11:00:00,20.901985473499998,21.1285385677,20.901985473499998,21.1285385677,1400
24,112,2020-08-10 12:00:00,21.0398873569,21.0398873569,21.0300372224,21.0398873569,1200
25,111,2020-08-10 13:00:00,21.0300372224,21.0300372224,21.0300372224,21.0300372224,100
26,110,2020-08-10 14:00:00,21.0300372224,21.0300372224,21.0300372224,21.0300372224,1000
27,109,2020-08-10 14:30:00,21.0300372224,21.1777892404,21.0300372224,21.1777892404,1575
28,108,2020-08-10 15:00:00,21.3550916619,21.4634431417,21.3452415274,21.3550916619,400
29,107,2020-08-10 15:30:00,21.3255412583,21.3255412583,21.3025904449,21.3025904449,250
30,106,2020-08-10 16:00:00,21.305840989300002,21.305840989300002,21.227039913,21.305840989300002,1220
31,105,2020-08-11 10:00:00,21.374791931,21.374791931,21.3255412583,21.374791931,2150
32,104,2020-08-11 11:00:00,21.522543948899997,21.6702959669,21.4975246072,21.5717946216,5718
33,103,2020-08-11 11:30:00,21.5717946216,21.5717946216,21.5717946216,21.5717946216,100
34,102,2020-08-11 12:00:00,21.6702959669,21.6702959669,21.6702959669,21.6702959669,250
35,101,2020-08-11 13:00:00,21.5717946216,21.5717946216,21.4338927381,21.4338927381,892
36,100,2020-08-11 15:30:00,21.3501665946,21.3501665946,21.3501665946,21.3501665946,203
37,99,2020-08-12 10:00:00,21.3452415274,21.3452415274,21.3452415274,21.3452415274,200
38,98,2020-08-12 12:30:00,21.2861407202,21.3452415274,21.2762905857,21.2995369032,2352
39,97,2020-08-12 14:00:00,21.3649417964,21.3649417964,21.3649417964,21.3649417964,500
40,96,2020-08-12 14:30:00,21.3452415274,21.374791931,21.2610228771,21.374791931,1500
41,95,2020-08-12 15:00:00,21.374791931,21.374791931,21.374791931,21.374791931,1910
42,94,2020-08-13 14:30:00,21.650595697800004,21.660347331,21.630895428800002,21.660347331,1100
43,93,2020-08-14 10:00:00,21.640745563299998,21.640745563299998,21.605285079,21.6054820817,2100
44,92,2020-08-14 11:30:00,21.5816447561,21.5816447561,21.5520943525,21.5520943525,500
45,91,2020-08-14 12:30:00,21.5798717319,21.5798717319,21.5521928539,21.5521928539,640
46,90,2020-08-14 13:00:00,21.5520943525,21.5520943525,21.5520943525,21.5520943525,428
47,89,2020-08-14 14:00:00,21.630895428800002,21.630895428800002,21.630895428800002,21.630895428800002,600
48,88,2020-08-14 15:00:00,21.5816447561,21.619469272699998,21.5717946216,21.619469272699998,1000
49,87,2020-08-14 15:30:00,21.5717946216,21.6604458323,21.2941193292,21.6604458323,1560
50,86,2020-08-14 16:00:00,21.6504971965,21.6504971965,21.6504971965,21.6504971965,500
51,85,2020-08-17 10:00:00,21.6604458323,21.8278981194,21.6604458323,21.768797312199997,3300
52,84,2020-08-17 10:30:00,21.8180479848,21.8278981194,21.8180479848,21.8278981194,547
53,83,2020-08-17 11:30:00,21.6968913301,21.8180479848,21.659460818899998,21.8180479848,900
54,82,2020-08-17 12:30:00,21.8278981194,21.9559498683,21.8278981194,21.9559498683,954
55,81,2020-08-17 15:00:00,21.882073859299997,21.9835302449,21.882073859299997,21.9835302449,450
56,80,2020-08-17 15:30:00,21.926399464699998,21.926399464699998,21.8672986575,21.8672986575,1000
57,79,2020-08-17 16:00:00,21.7904676081,21.7904676081,21.7904676081,21.7904676081,850
58,78,2020-08-18 10:30:00,21.8672986575,22.1086269535,21.8672986575,21.8672986575,2900
59,77,2020-08-18 11:00:00,21.877148792,21.901774128299998,21.877148792,21.901774128299998,1000
60,76,2020-08-18 11:30:00,22.152952558899997,22.152952558899997,21.9362495992,22.094836765100002,1500
61,75,2020-08-18 12:30:00,21.9460997337,22.042926556199998,21.9460997337,22.042926556199998,750
62,74,2020-08-18 13:00:00,22.1628026934,22.1628026934,22.1605371625,22.1605371625,400
63,73,2020-08-18 14:30:00,22.0643013481,22.0643013481,22.0643013481,22.0643013481,1187
64,72,2020-08-18 15:00:00,22.0643013481,22.0643013481,22.0643013481,22.0643013481,600
65,71,2020-08-19 10:00:00,22.113552020700002,22.143102424299997,22.0272648423,22.076614016300002,7300
66,70,2020-08-19 10:30:00,22.1628026934,22.2022032315,22.1628026934,22.192353096999998,409
67,69,2020-08-19 11:00:00,22.1825029625,22.192353096999998,22.1825029625,22.192353096999998,763
68,68,2020-08-19 11:30:00,22.2022032315,22.2022032315,22.2022032315,22.2022032315,100
69,67,2020-08-19 12:00:00,22.2613040387,22.3499552495,22.2613040387,22.3499552495,800
70,66,2020-08-19 12:30:00,22.2593340118,22.3105547114,22.2593340118,22.3105547114,1700
71,65,2020-08-19 13:00:00,22.3105547114,22.433681393,22.3105547114,22.3806876692,3100
72,64,2020-08-19 16:00:00,22.113552020700002,22.1332522898,22.113552020700002,22.113552020700002,2000
73,63,2020-08-20 10:00:00,22.3795056531,22.4090560567,22.3795056531,22.4090560567,600
74,62,2020-08-20 10:30:00,22.399205922100002,22.4287563257,22.152952558899997,22.152952558899997,1810
75,61,2020-08-20 11:00:00,22.359805384,22.418906191199998,22.2425887831,22.2908544423,1000
76,60,2020-08-20 11:30:00,22.418906191199998,22.4287563257,22.3046446306,22.4090560567,3981
77,59,2020-08-20 12:30:00,22.5568080746,22.6060587473,22.5568080746,22.6060587473,2500
78,58,2020-08-20 13:30:00,22.384430720300003,22.384430720300003,22.384430720300003,22.384430720300003,100
79,57,2020-08-20 16:00:00,22.5568080746,22.5568080746,22.5568080746,22.5568080746,800
80,56,2020-08-21 10:00:00,22.546957940100004,22.546957940100004,22.546957940100004,22.546957940100004,200
81,55,2020-08-21 10:30:00,22.5026323347,22.5962086127,22.487955634200002,22.542032872800004,1200
82,54,2020-08-21 11:30:00,22.4977072674,22.4977072674,22.4090560567,22.4090560567,1200
83,53,2020-08-21 13:00:00,22.4190046925,22.4190046925,22.4190046925,22.4190046925,500
84,52,2020-08-21 14:00:00,22.5962086127,22.5962086127,22.5962086127,22.5962086127,100
85,51,2020-08-21 16:00:00,22.5962086127,22.5962086127,22.5962086127,22.5962086127,1194
86,50,2020-08-24 10:00:00,22.6060587473,22.6060587473,22.6060587473,22.6060587473,416
87,49,2020-08-24 10:30:00,22.6060587473,22.6060587473,22.5774933571,22.6060587473,1900
88,48,2020-08-24 13:00:00,22.6060587473,22.6060587473,22.6060587473,22.6060587473,100
89,47,2020-08-24 13:30:00,22.5962086127,22.6060587473,22.586555480900003,22.6040887204,1400
90,46,2020-08-24 14:00:00,22.6060587473,22.6060587473,22.6060587473,22.6060587473,200
91,45,2020-08-24 14:30:00,22.6060587473,22.6060587473,22.6060587473,22.6060587473,600
92,44,2020-08-25 10:00:00,22.6060587473,22.6060587473,22.6060587473,22.6060587473,460
93,43,2020-08-25 11:00:00,22.6060587473,22.6060587473,22.6060587473,22.6060587473,100
94,42,2020-08-25 11:30:00,22.6060587473,22.6060587473,22.535137778600003,22.535137778600003,1500
95,41,2020-08-25 13:00:00,22.5775918585,22.5962086127,22.5775918585,22.5962086127,1400
96,40,2020-08-25 14:00:00,22.5962086127,22.5962086127,22.5962086127,22.5962086127,125
97,39,2020-08-25 14:30:00,22.5863584782,22.5863584782,22.5863584782,22.5863584782,100
98,38,2020-08-25 15:30:00,22.6060587473,22.6454592854,22.527257670999997,22.527257670999997,2000
99,37,2020-08-25 16:00:00,22.537107805599998,22.5847824567,22.517407536500002,22.5847824567,2100
100,36,2020-08-26 10:00:00,22.7242603616,22.7242603616,22.7242603616,22.7242603616,360
101,35,2020-08-26 13:00:00,22.655309419899996,22.655309419899996,22.655309419899996,22.655309419899996,800
102,34,2020-08-26 14:30:00,22.7341104962,22.7538107652,22.6651595544,22.6993395213,1200
103,33,2020-08-26 15:00:00,22.743960630700002,22.743960630700002,22.6109838145,22.686140340999998,2248
104,32,2020-08-26 16:00:00,22.7045600926,22.743960630700002,22.7045600926,22.7045600926,1420
105,31,2020-08-27 10:00:00,22.773511034299997,22.773511034299997,22.773511034299997,22.773511034299997,360
106,30,2020-08-27 10:30:00,22.715887747300002,22.715887747300002,22.715887747300002,22.715887747300002,350
107,29,2020-08-27 11:30:00,22.566658209099998,22.566658209099998,22.212053366,22.212053366,4900
108,28,2020-08-27 13:30:00,22.359805384,22.359805384,22.359805384,22.359805384,100
109,27,2020-08-27 14:00:00,22.359805384,22.359805384,22.359805384,22.359805384,200
110,26,2020-08-27 15:30:00,22.4090560567,22.507557402,22.2416037696,22.507557402,1000
111,25,2020-08-28 10:00:00,22.7341104962,22.7341104962,22.7341104962,22.7341104962,350
112,24,2020-08-28 11:30:00,22.7242603616,22.7538107652,22.7242603616,22.7538107652,400
113,23,2020-08-28 13:30:00,22.507557402,22.507557402,22.507557402,22.507557402,1700
114,22,2020-08-31 10:00:00,22.4878571329,22.4878571329,22.4878571329,22.4878571329,350
115,21,2020-08-31 14:00:00,22.4090560567,22.4090560567,22.4090560567,22.4090560567,1200
116,20,2020-08-31 15:00:00,22.3070086629,22.3070086629,22.3070086629,22.3070086629,150
117,19,2020-08-31 15:30:00,22.212053366,22.212053366,22.1628026934,22.1628026934,1241
118,18,2020-09-01 10:00:00,22.4090560567,22.4484565948,22.4090560567,22.4090560567,1686
119,17,2020-09-01 13:00:00,22.5567095733,22.5567095733,22.5567095733,22.5567095733,200
120,16,2020-09-01 13:30:00,22.4090560567,22.4090560567,22.4090560567,22.4090560567,3000
121,15,2020-09-01 14:30:00,22.507557402,22.5568080746,22.4583067293,22.546957940100004,1060
122,14,2020-09-02 10:00:00,22.5568080746,22.7635623984,22.4583067293,22.7635623984,1233
123,13,2020-09-02 10:30:00,22.418906191199998,22.4583067293,22.4090560567,22.4583067293,600
124,12,2020-09-02 11:30:00,22.5568080746,22.5568080746,22.5568080746,22.5568080746,800
125,11,2020-09-02 13:30:00,22.418906191199998,22.418906191199998,22.418906191199998,22.418906191199998,800
126,10,2020-09-02 14:00:00,22.566658209099998,22.566658209099998,22.566658209099998,22.566658209099998,213
127,9,2020-09-02 15:00:00,22.5455789212,22.5455789212,22.5455789212,22.5455789212,250
128,8,2020-09-02 16:00:00,22.6159088818,22.655309419899996,22.6159088818,22.655309419899996,979
129,7,2020-09-03 10:00:00,22.6651595544,22.6651595544,22.5589751042,22.5589751042,650
130,6,2020-09-03 10:30:00,22.5568080746,22.5568080746,22.5518830073,22.5518830073,1700
131,5,2020-09-03 14:30:00,22.044601079,22.044601079,22.0156416835,22.0156416835,1000
132,4,2020-09-03 15:30:00,22.090699708600003,22.2613040387,22.090699708600003,22.2613040387,500
133,3,2020-09-04 10:00:00,22.271154173200003,22.271154173200003,22.271154173200003,22.271154173200003,400
134,2,2020-09-04 10:30:00,22.2613040387,22.2613040387,22.1628026934,22.1628026934,1421
135,1,2020-09-04 14:30:00,22.3105547114,22.3105547114,22.3105547114,22.3105547114,100
136,0,2020-09-04 16:00:00,22.2563789714,22.2563789714,22.152952558899997,22.152952558899997,3675
