,index,time,open,high,low,close,volume
0,404,2020-08-06 04:30:00,167.9,167.9,167.9,167.9,150
1,403,2020-08-06 07:30:00,167.0,167.0,167.0,167.0,365
2,402,2020-08-06 08:00:00,165.29,165.29,165.0,165.0,1574
3,401,2020-08-06 08:30:00,165.2,167.0,165.0,167.0,2209
4,400,2020-08-06 09:00:00,169.0,171.95,169.0,171.0,10135
5,399,2020-08-06 09:30:00,170.1,173.5,170.1,173.5,9416
6,398,2020-08-06 10:00:00,173.0,206.93,172.93,198.17,1832859
7,397,2020-08-06 10:30:00,198.87,205.88,195.7174,203.24,1234364
8,396,2020-08-06 11:00:00,203.6,212.0,202.762,211.52,1239056
9,395,2020-08-06 11:30:00,211.72,214.85,207.21,210.0,1056648
10,394,2020-08-06 12:00:00,210.0,210.88,207.26,210.06,480762
11,393,2020-08-06 12:30:00,209.94,210.37,207.26,209.7723,522743
12,392,2020-08-06 13:00:00,209.97,210.07,208.0,209.57,356620
13,391,2020-08-06 13:30:00,209.445,211.34,209.02,209.6402,297200
14,390,2020-08-06 14:00:00,209.62,210.98,208.01,208.73,303641
15,389,2020-08-06 14:30:00,208.62,213.25,208.51,211.65,384747
16,388,2020-08-06 15:00:00,211.5,219.8999,211.43,217.9167,459774
17,387,2020-08-06 15:30:00,217.99,219.8997,216.02,219.0,487297
18,386,2020-08-06 16:00:00,219.0,225.45,218.5,222.99,1165131
19,385,2020-08-06 16:30:00,222.99,225.95,222.99,225.0,22194
20,384,2020-08-06 17:00:00,225.84,226.0,225.0,225.86,6357
21,383,2020-08-06 17:30:00,225.86,227.95,225.16,225.25,7139
22,382,2020-08-06 18:00:00,225.4,226.0,225.4,226.0,421
23,381,2020-08-06 18:30:00,226.0,226.0,225.15,226.0,11297
24,380,2020-08-06 19:00:00,225.9,225.9,223.86,223.86,7857
25,379,2020-08-06 19:30:00,225.4,225.4,224.2,224.84,1231
26,378,2020-08-06 20:00:00,224.3,224.3,222.56,222.93,3912
27,377,2020-08-07 06:00:00,221.0,221.0,221.0,221.0,310
28,376,2020-08-07 06:30:00,221.0,221.0,216.99,217.0,5653
29,375,2020-08-07 07:00:00,217.0,217.0,217.0,217.0,419
30,374,2020-08-07 07:30:00,218.0,219.0,218.0,218.0,3981
31,373,2020-08-07 08:00:00,218.49,218.9,218.4,218.4,1965
32,372,2020-08-07 08:30:00,218.0,219.0,216.57,217.5,24422
33,371,2020-08-07 09:00:00,218.0,218.8999,217.5,218.8999,5961
34,370,2020-08-07 09:30:00,218.8,221.0,212.0,212.0,32402
35,369,2020-08-07 10:00:00,215.6,222.98,211.75,215.335,1000969
36,368,2020-08-07 10:30:00,215.33,217.79,208.88,209.055,664881
37,367,2020-08-07 11:00:00,208.99,210.5,205.27,205.8879,763559
38,366,2020-08-07 11:30:00,205.84,206.3778,198.37,200.0463,865900
39,365,2020-08-07 12:00:00,200.02,201.5,198.0067,198.375,551636
40,364,2020-08-07 12:30:00,198.45,200.27,197.38,199.25,332084
41,363,2020-08-07 13:00:00,199.51,199.99,193.66,194.085,472809
42,362,2020-08-07 13:30:00,194.04,194.325,190.32,193.55,433954
43,361,2020-08-07 14:00:00,193.6,194.69,190.4,192.495,384679
44,360,2020-08-07 14:30:00,192.495,194.7438,192.15,193.3986,334644
45,359,2020-08-07 15:00:00,193.29,198.45,193.29,196.23,410760
46,358,2020-08-07 15:30:00,196.18,197.945,194.09,195.05,434150
47,357,2020-08-07 16:00:00,195.12,197.61,190.31,191.995,887294
48,356,2020-08-07 16:30:00,192.0,199.493,191.56,199.493,710
49,355,2020-08-07 17:00:00,192.81,192.81,192.81,192.81,439
50,354,2020-08-07 17:30:00,192.7,192.81,191.88,191.88,4675
51,353,2020-08-10 04:30:00,190.0,190.0,190.0,190.0,200
52,352,2020-08-10 06:30:00,190.0,190.0,190.0,190.0,117
53,351,2020-08-10 08:00:00,191.02,192.0,191.02,192.0,374
54,350,2020-08-10 08:30:00,191.0001,196.5,191.0001,196.5,2505
55,349,2020-08-10 09:00:00,196.0,197.97,196.0,197.97,1621
56,348,2020-08-10 09:30:00,197.84,197.84,196.1001,197.48,2032
57,347,2020-08-10 10:00:00,196.51,198.22,184.05,190.4,431749
58,346,2020-08-10 10:30:00,190.63,191.43,186.07,190.93,228174
59,345,2020-08-10 11:00:00,191.39,192.1699,188.985,190.28,158185
60,344,2020-08-10 11:30:00,190.02,190.565,188.62,190.13,95004
61,343,2020-08-10 12:00:00,190.46,191.12,188.3801,189.67,56272
62,342,2020-08-10 12:30:00,189.795,190.27,188.43,188.48,58194
63,341,2020-08-10 13:00:00,188.49,191.2503,188.48,191.07,55539
64,340,2020-08-10 13:30:00,191.05,191.74,189.57,190.02,94640
65,339,2020-08-10 14:00:00,190.0063,190.85,189.26,190.49,74268
66,338,2020-08-10 14:30:00,190.99,192.08,190.61,191.52,39316
67,337,2020-08-10 15:00:00,191.595,191.83,190.0,190.26,48733
68,336,2020-08-10 15:30:00,190.155,190.95,189.84,190.09,91551
69,335,2020-08-10 16:00:00,190.0,191.455,189.195,189.91,290390
70,334,2020-08-11 05:00:00,195.24,195.24,195.24,195.24,202
71,333,2020-08-11 07:30:00,192.99,193.0,192.99,193.0,435
72,332,2020-08-11 08:00:00,196.0,196.0,196.0,196.0,256
73,331,2020-08-11 08:30:00,192.9999,193.0,192.9999,193.0,373
74,330,2020-08-11 09:00:00,192.95,192.95,192.53,192.53,1304
75,329,2020-08-11 09:30:00,191.85,192.0,191.0,191.0,3277
76,328,2020-08-11 10:00:00,190.54,190.99,183.89,189.71,185630
77,327,2020-08-11 10:30:00,189.7631,189.7631,185.74,186.57,192668
78,326,2020-08-11 11:00:00,186.62,190.8799,185.49,190.8799,198737
79,325,2020-08-11 11:30:00,190.83,193.72,190.44,193.03,99245
80,324,2020-08-11 12:00:00,193.025,194.2897,191.9,192.15,64361
81,323,2020-08-11 12:30:00,192.28,199.32,192.27,198.76,156078
82,322,2020-08-11 13:00:00,198.71,198.99,195.9118,196.28,139494
83,321,2020-08-11 13:30:00,196.02,196.2313,194.3401,195.26,55138
84,320,2020-08-11 14:00:00,195.34,195.34,193.67,194.02,47786
85,319,2020-08-11 14:30:00,194.02,194.02,192.64,192.9,41630
86,318,2020-08-11 15:00:00,192.87,193.17,192.32,192.67,43956
87,317,2020-08-11 15:30:00,192.67,192.8239,188.37,189.2101,125490
88,316,2020-08-11 16:00:00,189.285,189.71,187.2,187.6092,269489
89,315,2020-08-11 16:30:00,191.19799999999998,191.19799999999998,187.65,187.65,12957
90,314,2020-08-11 17:00:00,190.98,191.0,190.98,191.0,530
91,313,2020-08-11 20:00:00,189.0,189.0,189.0,189.0,200
92,312,2020-08-12 08:30:00,189.5,189.5,189.5,189.5,161
93,311,2020-08-12 09:30:00,193.0,193.0,192.9999,193.0,860
94,310,2020-08-12 10:00:00,190.0,195.8729,189.0,194.575,200499
95,309,2020-08-12 10:30:00,194.53,197.25,194.28,195.4545,176177
96,308,2020-08-12 11:00:00,195.79,195.79,192.0431,194.54,78661
97,307,2020-08-12 11:30:00,194.38,194.85,192.88,192.88,55142
98,306,2020-08-12 12:00:00,192.73,193.02,191.51,191.875,31110
99,305,2020-08-12 12:30:00,191.87,193.8799,191.55,193.775,85286
100,304,2020-08-12 13:00:00,193.85,194.64,192.84,193.19,37437
101,303,2020-08-12 13:30:00,193.0007,193.29,192.13,192.31,26175
102,302,2020-08-12 14:00:00,192.51,193.56,191.95,193.56,44493
103,301,2020-08-12 14:30:00,193.4942,193.62,192.44,192.63,28199
104,300,2020-08-12 15:00:00,192.48,193.13,191.92,192.77,76893
105,299,2020-08-12 15:30:00,192.945,193.28,191.95,192.61,82007
106,298,2020-08-12 16:00:00,192.61,193.59,192.07,193.28,153807
107,297,2020-08-12 16:30:00,193.22,193.5463,192.2,192.2,14176
108,296,2020-08-12 17:00:00,192.6,192.6,191.0,191.0,452
109,295,2020-08-12 18:30:00,191.9,191.9,191.1,191.1,610
110,294,2020-08-13 09:00:00,192.3058,193.9545,192.3058,193.9545,200
111,293,2020-08-13 09:30:00,192.41,192.44,192.26,192.26,1169
112,292,2020-08-13 10:00:00,192.67,197.99,192.41,195.76,117967
113,291,2020-08-13 10:30:00,195.8,198.66,195.5,198.3666,104936
114,290,2020-08-13 11:00:00,198.37,200.8199,197.52,199.29,87351
115,289,2020-08-13 11:30:00,199.15,200.0,198.6,198.785,68584
116,288,2020-08-13 12:00:00,198.8,201.28,198.61,200.61,57500
117,287,2020-08-13 12:30:00,200.73,201.9499,200.233,201.78,56451
118,286,2020-08-13 13:00:00,201.91,202.63,199.81,199.86,80795
119,285,2020-08-13 13:30:00,199.96,200.44,197.85,197.85,74330
120,284,2020-08-13 14:00:00,197.88,198.38,197.29,197.34,50655
121,283,2020-08-13 14:30:00,197.49,197.76,196.02,196.76,93706
122,282,2020-08-13 15:00:00,196.545,196.68,194.03,194.8,68192
123,281,2020-08-13 15:30:00,194.98,195.33,193.57,193.7,69746
124,280,2020-08-13 16:00:00,193.82,194.17,193.03,193.66,205666
125,279,2020-08-13 16:30:00,193.43,194.0,193.43,193.75,3684
126,278,2020-08-13 18:00:00,195.0,195.0,195.0,195.0,200
127,277,2020-08-14 08:00:00,193.4,193.4,193.4,193.4,100
128,276,2020-08-14 08:30:00,193.5,193.5,193.5,193.5,142
129,275,2020-08-14 09:00:00,193.51,193.51,193.51,193.51,400
130,274,2020-08-14 09:30:00,193.9999,194.0,193.9999,194.0,307
131,273,2020-08-14 10:00:00,194.62,197.54,193.26,197.54,113936
132,272,2020-08-14 10:30:00,197.455,197.8181,194.97,195.78,101758
133,271,2020-08-14 11:00:00,195.36,196.0,194.39,194.39,48744
134,270,2020-08-14 11:30:00,194.435,195.47,194.33,195.47,29235
135,269,2020-08-14 12:00:00,195.425,196.0,194.45,194.48,30367
136,268,2020-08-14 12:30:00,194.41,195.73,194.4,195.49,36235
137,267,2020-08-14 13:00:00,195.5,195.68,194.46,194.62,35525
138,266,2020-08-14 13:30:00,194.62,195.66,194.5092,195.3343,46949
139,265,2020-08-14 14:00:00,195.33,195.56,194.12,195.5,52854
140,264,2020-08-14 14:30:00,195.59,197.45,195.26,197.25,64388
141,263,2020-08-14 15:00:00,197.26,197.9,196.28,196.81,56434
142,262,2020-08-14 15:30:00,196.81,196.8482,195.71,195.99,49547
143,261,2020-08-14 16:00:00,196.01,196.8,195.47,196.76,190781
144,260,2020-08-14 16:30:00,196.68,196.68,196.5306,196.5306,3985
145,259,2020-08-14 17:30:00,196.99,196.99,196.99,196.99,550
146,258,2020-08-17 08:30:00,199.12,199.12,199.12,199.12,102
147,257,2020-08-17 09:00:00,199.15,199.15,199.15,199.15,660
148,256,2020-08-17 09:30:00,200.0,200.0,199.0,200.0,755
149,255,2020-08-17 10:00:00,198.56,199.99,193.55,195.71,155383
150,254,2020-08-17 10:30:00,195.71,196.72,193.15,193.76,97319
151,253,2020-08-17 11:00:00,193.92,193.96,191.27,193.03,245308
152,252,2020-08-17 11:30:00,193.04,196.19,192.61,195.71,61070
153,251,2020-08-17 12:00:00,195.44,196.01,194.7,194.94,37212
154,250,2020-08-17 12:30:00,195.1873,195.44,194.355,195.11,27072
155,249,2020-08-17 13:00:00,195.14,195.26,194.13,194.56,24280
156,248,2020-08-17 13:30:00,194.72,196.66,194.595,196.2,251482
157,247,2020-08-17 14:00:00,196.2,196.39,194.4,195.575,60965
158,246,2020-08-17 14:30:00,195.55,197.0,195.43,196.9,54226
159,245,2020-08-17 15:00:00,196.88,197.57,195.2301,195.71,53429
160,244,2020-08-17 15:30:00,195.76,196.32,195.43,195.6,42002
161,243,2020-08-17 16:00:00,195.685,196.18,194.68,195.0,172713
162,242,2020-08-17 16:30:00,195.0,195.1,195.0,195.1,4586
163,241,2020-08-17 19:30:00,195.2499,195.2499,195.2499,195.2499,200
164,240,2020-08-17 20:00:00,195.25,195.25,195.25,195.25,502
165,239,2020-08-18 07:30:00,199.98,199.98,199.94,199.98,1700
166,238,2020-08-18 08:00:00,197.5,197.5,197.5,197.5,100
167,237,2020-08-18 08:30:00,196.0,198.0,196.0,198.0,1273
168,236,2020-08-18 09:30:00,197.9369,197.9369,196.0,196.0,500
169,235,2020-08-18 10:00:00,196.2,203.68,194.775,203.68,173853
170,234,2020-08-18 10:30:00,203.06,204.0,199.32,199.32,135423
171,233,2020-08-18 11:00:00,199.315,202.56,199.2,202.55,65263
172,232,2020-08-18 11:30:00,202.6,205.4054,202.17,204.52,138517
173,231,2020-08-18 12:00:00,204.2601,204.91,202.0,202.6319,73956
174,230,2020-08-18 12:30:00,202.78,203.9899,202.39,202.91,40053
175,229,2020-08-18 13:00:00,202.81,205.48,202.58,204.41,90137
176,228,2020-08-18 13:30:00,204.0076,204.81,203.12,203.52,34904
177,227,2020-08-18 14:00:00,203.5,203.5,201.86,202.8,42074
178,226,2020-08-18 14:30:00,202.78,204.3275,202.78,204.15,41572
179,225,2020-08-18 15:00:00,203.99,204.39,203.53,204.07,32434
180,224,2020-08-18 15:30:00,203.9,204.5,203.386,203.6,57382
181,223,2020-08-18 16:00:00,203.615,203.74,202.14,202.45,164622
182,222,2020-08-18 16:30:00,202.61,203.3,202.61,203.3,2892
183,221,2020-08-18 18:30:00,203.3,203.3,202.65,202.65,462
184,220,2020-08-19 08:30:00,204.9999,204.9999,204.9999,204.9999,100
185,219,2020-08-19 09:30:00,204.4998,204.5,202.71,202.71,575
186,218,2020-08-19 10:00:00,203.0,203.0,198.27,200.21,132185
187,217,2020-08-19 10:30:00,200.14,202.22,199.72,200.0,61453
188,216,2020-08-19 11:00:00,199.975,200.87,197.52,197.7912,47160
189,215,2020-08-19 11:30:00,197.86,199.37,196.84,199.08,53982
190,214,2020-08-19 12:00:00,198.83,199.33,198.5,199.2099,28652
191,213,2020-08-19 12:30:00,199.02,199.705,198.7,199.5213,20603
192,212,2020-08-19 13:00:00,199.41,199.41,198.21,198.435,22358
193,211,2020-08-19 13:30:00,198.425,200.8,198.28,200.575,44605
194,210,2020-08-19 14:00:00,200.575,202.69,200.575,202.35,84135
195,209,2020-08-19 14:30:00,202.18,202.26,198.46,199.89,52332
196,208,2020-08-19 15:00:00,199.93,200.865,199.59,200.16,49875
197,207,2020-08-19 15:30:00,200.1349,200.38,199.73,199.88,37246
198,206,2020-08-19 16:00:00,199.88,199.97,198.46099999999998,199.08,141708
199,205,2020-08-19 16:30:00,199.31,199.31,199.31,199.31,1886
200,204,2020-08-20 09:30:00,197.0,197.0,197.0,197.0,172
201,203,2020-08-20 10:00:00,197.95,199.98,196.48,199.8059,54073
202,202,2020-08-20 10:30:00,199.81,199.81,198.13,199.07,43675
203,201,2020-08-20 11:00:00,199.3262,202.11,199.3262,201.975,55409
204,200,2020-08-20 11:30:00,202.13,202.38,199.6454,200.28,40164
205,199,2020-08-20 12:00:00,200.29,201.44,199.85,201.21,42484
206,198,2020-08-20 12:30:00,201.21,201.21,199.47,199.47,28039
207,197,2020-08-20 13:00:00,199.43,200.555,199.16,200.395,54387
208,196,2020-08-20 13:30:00,200.325,200.585,200.0,200.14,23461
209,195,2020-08-20 14:00:00,200.175,201.34,200.05,201.17,27566
210,194,2020-08-20 14:30:00,201.25,203.26,201.25,203.215,64901
211,193,2020-08-20 15:00:00,203.12,204.39,202.73,204.38,65867
212,192,2020-08-20 15:30:00,204.385,204.82,203.0728,203.45,67819
213,191,2020-08-20 16:00:00,203.33,203.54,202.3,202.42,88959
214,190,2020-08-20 16:30:00,202.59,202.59,202.59,202.59,1589
215,189,2020-08-20 18:00:00,202.5,202.5,202.5,202.5,148
216,188,2020-08-20 18:30:00,202.5,202.5,202.5,202.5,100
217,187,2020-08-21 07:30:00,203.0,203.0,203.0,203.0,226
218,186,2020-08-21 09:30:00,203.285,203.285,203.285,203.285,100
219,185,2020-08-21 10:00:00,201.9,204.44,200.5,202.23,85577
220,184,2020-08-21 10:30:00,202.24,204.09,202.0,204.09,90477
221,183,2020-08-21 11:00:00,203.98,207.28,203.84,206.35,123253
222,182,2020-08-21 11:30:00,206.45,206.545,204.5,204.58,56020
223,181,2020-08-21 12:00:00,204.47,204.5501,202.44,202.44,66607
224,180,2020-08-21 12:30:00,202.61,204.62,202.5,204.14,36702
225,179,2020-08-21 13:00:00,204.15,204.71,203.0,203.135,35272
226,178,2020-08-21 13:30:00,203.26,203.4199,202.5,202.8,31633
227,177,2020-08-21 14:00:00,202.75,203.38,201.52,201.85,47493
228,176,2020-08-21 14:30:00,201.93,203.92,201.93,203.56,45786
229,175,2020-08-21 15:00:00,203.53,203.65,202.4,202.54,44025
230,174,2020-08-21 15:30:00,202.55,202.89,201.99,202.4601,53263
231,173,2020-08-21 16:00:00,202.43,202.6,201.11,202.42,145376
232,172,2020-08-21 16:30:00,202.2,202.2,202.1,202.1002,1493
233,171,2020-08-21 18:30:00,202.0,202.0,202.0,202.0,102
234,170,2020-08-24 06:00:00,203.2,203.2,203.2,203.2,200
235,169,2020-08-24 07:30:00,206.5,207.0,206.5,207.0,585
236,168,2020-08-24 08:00:00,206.5,206.5,206.5,206.5,100
237,167,2020-08-24 08:30:00,205.75,205.75,204.81,204.81,200
238,166,2020-08-24 09:30:00,205.0,205.75,205.0,205.1,989
239,165,2020-08-24 10:00:00,205.05,205.24,200.11,200.7,103315
240,164,2020-08-24 10:30:00,201.0,204.635,200.63,203.38,83758
241,163,2020-08-24 11:00:00,203.36,203.69,197.5,198.18,96108
242,162,2020-08-24 11:30:00,198.04,200.79,197.9,199.75,83700
243,161,2020-08-24 12:00:00,199.99,200.0,197.745,198.7,61392
244,160,2020-08-24 12:30:00,198.86,199.38,198.59,199.025,46993
245,159,2020-08-24 13:00:00,198.91,199.52,198.34,198.96,79250
246,158,2020-08-24 13:30:00,198.78,198.81,196.26,196.96,62791
247,157,2020-08-24 14:00:00,196.97,199.2,196.14,199.01,104329
248,156,2020-08-24 14:30:00,198.94,200.98,198.7975,199.1693,101850
249,155,2020-08-24 15:00:00,199.18,199.5,197.91,198.06,62703
250,154,2020-08-24 15:30:00,198.09,200.4,198.0325,199.77,96927
251,153,2020-08-24 16:00:00,199.95,201.0,199.59,200.58,159679
252,152,2020-08-24 16:30:00,200.89,200.89,200.89,200.89,3240
253,151,2020-08-24 20:00:00,200.89,200.89,200.89,200.89,200
254,150,2020-08-25 08:30:00,200.89,200.89,200.89,200.89,200
255,149,2020-08-25 10:00:00,199.0,199.93,195.51,198.72,113746
256,148,2020-08-25 10:30:00,198.99,200.2499,197.0468,198.96,81684
257,147,2020-08-25 11:00:00,198.69,199.62,197.67,199.62,28304
258,146,2020-08-25 11:30:00,199.69,200.87,199.45,200.1659,46462
259,145,2020-08-25 12:00:00,200.3099,200.36,198.5,199.02,68883
260,144,2020-08-25 12:30:00,199.3399,199.3399,198.32,198.4,25132
261,143,2020-08-25 13:00:00,198.31,199.34,198.1656,198.52,16571
262,142,2020-08-25 13:30:00,198.6,199.5,198.28,199.5,47177
263,141,2020-08-25 14:00:00,199.255,202.43,199.17,200.86,70737
264,140,2020-08-25 14:30:00,200.78,201.81,200.61,200.72,38921
265,139,2020-08-25 15:00:00,200.795,201.12,200.12,200.56,23466
266,138,2020-08-25 15:30:00,200.356,202.5,200.35,202.36,41560
267,137,2020-08-25 16:00:00,202.36,203.715,202.04,202.92,145880
268,136,2020-08-25 16:30:00,202.93,202.93,202.93,202.93,1481
269,135,2020-08-25 19:00:00,202.5,202.5,202.5,202.5,325
270,134,2020-08-26 08:30:00,202.83,202.83,202.83,202.83,356
271,133,2020-08-26 09:30:00,202.83,202.83,202.83,202.83,100
272,132,2020-08-26 10:00:00,204.22,207.5,203.1,203.1,115523
273,131,2020-08-26 10:30:00,203.405,204.29,201.29,203.3791,59906
274,130,2020-08-26 11:00:00,203.485,204.25,203.05,203.08,19454
275,129,2020-08-26 11:30:00,203.24,203.97,203.05,203.94,26864
276,128,2020-08-26 12:00:00,203.97,206.38,203.96,204.965,83981
277,127,2020-08-26 12:30:00,204.81,207.38,204.81,206.315,71344
278,126,2020-08-26 13:00:00,206.355,207.35,205.1,206.86,51762
279,125,2020-08-26 13:30:00,206.86,207.87,206.79,207.26,64244
280,124,2020-08-26 14:00:00,207.36,207.7249,206.9,207.35,41661
281,123,2020-08-26 14:30:00,207.24,207.61,206.64,206.7442,42083
282,122,2020-08-26 15:00:00,206.955,207.245,206.32,206.755,76526
283,121,2020-08-26 15:30:00,206.65,207.85,206.5,207.63,57671
284,120,2020-08-26 16:00:00,207.625,208.56,207.14,207.82,139529
285,119,2020-08-26 16:30:00,207.82,207.82,207.82,207.82,1343
286,118,2020-08-26 20:00:00,207.82,207.82,207.82,207.82,168
287,117,2020-08-27 09:00:00,207.8,207.82,207.0,207.0,903
288,116,2020-08-27 09:30:00,209.0,209.0,209.0,209.0,200
289,115,2020-08-27 10:00:00,206.97,207.9,204.95,206.9115,94652
290,114,2020-08-27 10:30:00,206.73,206.73,203.16,205.7,103964
291,113,2020-08-27 11:00:00,205.83,206.89,204.81,205.525,44621
292,112,2020-08-27 11:30:00,205.44,213.14,205.38,211.915,155083
293,111,2020-08-27 12:00:00,211.82,212.86,211.0,212.61,130973
294,110,2020-08-27 12:30:00,212.72,212.84,207.85,208.78,92458
295,109,2020-08-27 13:00:00,208.83,209.315,204.48,205.45,94017
296,108,2020-08-27 13:30:00,205.1,206.17,203.81,205.08,99956
297,107,2020-08-27 14:00:00,205.0626,207.365,205.06,207.365,61583
298,106,2020-08-27 14:30:00,207.26,208.5,206.8,208.4194,63718
299,105,2020-08-27 15:00:00,208.5,209.41,207.675,208.72,94528
300,104,2020-08-27 15:30:00,208.86,209.07,208.21,208.925,63612
301,103,2020-08-27 16:00:00,208.85,208.89,207.57,208.16,158738
302,102,2020-08-27 16:30:00,208.01,208.01,208.01,208.01,4912
303,101,2020-08-28 10:00:00,208.8,215.61,208.755,213.76,191963
304,100,2020-08-28 10:30:00,213.93,215.015,212.42,214.85,79283
305,99,2020-08-28 11:00:00,214.76,215.015,212.35,212.82,115704
306,98,2020-08-28 11:30:00,213.04,216.24,212.52,215.8,71281
307,97,2020-08-28 12:00:00,215.8,215.92,214.55,214.96,52654
308,96,2020-08-28 12:30:00,215.11,216.64,215.11,215.765,124998
309,95,2020-08-28 13:00:00,215.76,215.76,214.22,215.03,65200
310,94,2020-08-28 13:30:00,215.14,216.94,213.08,216.61,80542
311,93,2020-08-28 14:00:00,216.632,218.23,216.0,217.69,115353
312,92,2020-08-28 14:30:00,217.6769,217.6769,216.55,216.925,58316
313,91,2020-08-28 15:00:00,216.925,217.615,216.35,217.3,68355
314,90,2020-08-28 15:30:00,217.42,218.15,216.5,217.265,103290
315,89,2020-08-28 16:00:00,217.32,219.1,217.32,218.45,298041
316,88,2020-08-28 16:30:00,218.44,218.44,217.5,217.66,12751
317,87,2020-08-28 17:30:00,217.32,217.32,217.32,217.32,475
318,86,2020-08-28 18:30:00,217.51,217.51,217.51,217.51,100
319,85,2020-08-31 09:30:00,216.63,218.0,216.61,218.0,616
320,84,2020-08-31 10:00:00,218.0,218.9199,211.73,211.76,156315
321,83,2020-08-31 10:30:00,211.7833,214.0,210.41,211.74,83455
322,82,2020-08-31 11:00:00,211.735,213.61,211.71,213.52,50271
323,81,2020-08-31 11:30:00,213.27,213.82,210.93,211.5,50349
324,80,2020-08-31 12:00:00,211.47,213.81,210.8,213.34,42821
325,79,2020-08-31 12:30:00,213.4001,213.83,213.0,213.39,28118
326,78,2020-08-31 13:00:00,213.33,215.16,213.07,215.13,29388
327,77,2020-08-31 13:30:00,215.13,215.13,214.1,214.5,32939
328,76,2020-08-31 14:00:00,214.48,214.8,214.01,214.66,45202
329,75,2020-08-31 14:30:00,214.67,214.96,214.3,214.5811,37206
330,74,2020-08-31 15:00:00,214.6,216.89,214.32,216.89,70158
331,73,2020-08-31 15:30:00,216.735,216.98,216.032,216.84400000000002,48423
332,72,2020-08-31 16:00:00,216.65,217.83,215.52,215.95,166504
333,71,2020-08-31 17:00:00,217.34,217.34,216.25,216.25,312
334,70,2020-08-31 18:00:00,216.25,216.25,216.25,216.25,200
335,69,2020-09-01 10:00:00,215.12,222.995,214.57,222.4,235891
336,68,2020-09-01 10:30:00,222.36,228.42,222.07,227.98,165478
337,67,2020-09-01 11:00:00,228.18,229.3,225.82,227.278,125704
338,66,2020-09-01 11:30:00,227.33,230.25,227.1,229.77,103449
339,65,2020-09-01 12:00:00,229.8065,230.07,226.62,227.6,83813
340,64,2020-09-01 12:30:00,227.7,230.5,227.695,229.345,76566
341,63,2020-09-01 13:00:00,229.51,233.785,229.24,232.78900000000002,147788
342,62,2020-09-01 13:30:00,232.79,235.0,232.27,234.465,125328
343,61,2020-09-01 14:00:00,234.31,234.47,231.5,232.91,122148
344,60,2020-09-01 14:30:00,233.41,233.68,231.73,231.815,82748
345,59,2020-09-01 15:00:00,231.82,231.99,230.06,231.53,78232
346,58,2020-09-01 15:30:00,231.53,233.0,231.095,231.815,98342
347,57,2020-09-01 16:00:00,231.785,231.99,226.83,227.19,398359
348,56,2020-09-01 16:30:00,227.19,227.19,227.19,227.19,9254
349,55,2020-09-01 18:30:00,227.24,227.24,227.24,227.24,125
350,54,2020-09-02 08:00:00,229.79,229.79,229.79,229.79,143
351,53,2020-09-02 08:30:00,229.95,229.95,229.95,229.95,100
352,52,2020-09-02 09:00:00,229.75,229.75,229.75,229.75,177
353,51,2020-09-02 10:00:00,230.53,231.4187,215.0913,216.66,197011
354,50,2020-09-02 10:30:00,216.9,222.3699,216.8575,221.5,115792
355,49,2020-09-02 11:00:00,221.54,221.6641,218.51,220.075,78103
356,48,2020-09-02 11:30:00,219.91,220.36,216.87,217.66,126648
357,47,2020-09-02 12:00:00,217.65,217.92,214.71,216.1386,56197
358,46,2020-09-02 12:30:00,216.105,218.16,216.0,217.45,41824
359,45,2020-09-02 13:00:00,217.5,219.345,217.28,218.69,58208
360,44,2020-09-02 13:30:00,218.87,221.265,218.5,221.135,74586
361,43,2020-09-02 14:00:00,221.22,222.26,220.34,222.26,74441
362,42,2020-09-02 14:30:00,222.16,222.4,220.25,222.25,58526
363,41,2020-09-02 15:00:00,222.175,223.5,221.75,221.94,68386
364,40,2020-09-02 15:30:00,222.04,222.9865,221.01,221.01,44924
365,39,2020-09-02 16:00:00,221.06,223.6,220.41,222.86,171780
366,38,2020-09-02 16:30:00,222.98,222.98,222.5,222.5,5056
367,37,2020-09-02 18:00:00,222.5,222.5,222.5,222.5,110
368,36,2020-09-02 19:00:00,221.5,221.5,221.5,221.5,350
369,35,2020-09-03 08:30:00,217.0,217.0,217.0,217.0,200
370,34,2020-09-03 09:00:00,218.82,218.82,218.82,218.82,204
371,33,2020-09-03 09:30:00,218.77,219.0,217.9,217.9,585
372,32,2020-09-03 10:00:00,218.0,218.65400000000002,214.45,215.5,189661
373,31,2020-09-03 10:30:00,215.675,219.33,211.59,213.06,133483
374,30,2020-09-03 11:00:00,212.8,213.83,204.01,207.04,190139
375,29,2020-09-03 11:30:00,206.78,206.845,200.22,203.03,248217
376,28,2020-09-03 12:00:00,203.74400000000003,209.5,203.65,207.77,75343
377,27,2020-09-03 12:30:00,207.87,208.0,204.7001,205.24,98789
378,26,2020-09-03 13:00:00,205.11,205.24,202.0,202.92,137259
379,25,2020-09-03 13:30:00,202.935,203.75,201.13,202.91,115596
380,24,2020-09-03 14:00:00,202.83,202.83,200.44,202.255,129545
381,23,2020-09-03 14:30:00,202.21,202.95,200.26,200.7,122942
382,22,2020-09-03 15:00:00,200.8,201.61,199.6,199.76,109710
383,21,2020-09-03 15:30:00,199.88,200.07,197.2,198.64,142020
384,20,2020-09-03 16:00:00,198.505,200.28,197.8301,198.51,281708
385,19,2020-09-03 16:30:00,199.0,199.0,197.21,198.0,779
386,18,2020-09-03 17:00:00,199.0998,199.0998,197.01,197.01,2001
387,17,2020-09-03 20:00:00,197.0,197.0,197.0,197.0,200
388,16,2020-09-04 08:30:00,191.0001,195.03,191.0001,194.02,732
389,15,2020-09-04 09:00:00,195.0,195.0,195.0,195.0,200
390,14,2020-09-04 09:30:00,199.96,200.0,196.01,196.01,3075
391,13,2020-09-04 10:00:00,196.0,201.76,190.22,190.5,309092
392,12,2020-09-04 10:30:00,190.49,194.075,185.805,185.99,283385
393,11,2020-09-04 11:00:00,186.3143,186.94,181.0,184.0944,483202
394,10,2020-09-04 11:30:00,183.855,184.12,180.16,181.73,286877
395,9,2020-09-04 12:00:00,182.06,188.16,181.695,187.41,187687
396,8,2020-09-04 12:30:00,187.6412,188.52,185.78,186.7,138762
397,7,2020-09-04 13:00:00,186.7,190.38,185.891,186.755,133491
398,6,2020-09-04 13:30:00,186.43,186.43,184.04,184.815,73748
399,5,2020-09-04 14:00:00,184.65,186.79,184.5,186.37,86714
400,4,2020-09-04 14:30:00,186.18,186.94,185.72,186.62,54698
401,3,2020-09-04 15:00:00,186.61,190.5,186.2201,188.01,216571
402,2,2020-09-04 15:30:00,188.05,190.31,186.94,189.58,154789
403,1,2020-09-04 16:00:00,189.42,189.42,186.99,187.0,283962
404,0,2020-09-04 17:00:00,186.45,186.45,185.19,185.19,1079
405,394,2020-09-08 08:30:00,180.6576,181.0,180.3,181.0,1068
406,393,2020-09-08 09:30:00,177.54,177.54,176.97,176.97,1581
407,392,2020-09-08 10:00:00,178.5,186.12,176.65,184.33,445557
408,391,2020-09-08 10:30:00,183.91,185.46,182.17,184.78,322482
409,390,2020-09-08 11:00:00,184.81,185.195,181.64,183.195,141937
410,389,2020-09-08 11:30:00,183.16,183.81,180.74,182.41,181610
411,388,2020-09-08 12:00:00,182.13,182.13,179.01,180.415,112429
412,387,2020-09-08 12:30:00,180.3,182.12,179.63,181.15,135886
413,386,2020-09-08 13:00:00,181.15,182.52700000000002,181.14,182.0,54861
414,385,2020-09-08 13:30:00,181.89,182.98,181.0,181.19,106387
415,384,2020-09-08 14:00:00,181.18,182.03,181.0,181.69,82102
416,383,2020-09-08 14:30:00,181.56,181.81,180.07,180.95,208159
417,382,2020-09-08 15:00:00,180.97,181.48,179.54,181.231,259548
418,381,2020-09-08 15:30:00,181.39,182.82,179.89,182.715,128280
419,380,2020-09-08 16:00:00,182.71,183.1799,180.37,180.74,262047
420,379,2020-09-08 16:30:00,181.0,182.0,181.0,182.0,4047
421,378,2020-09-08 19:00:00,180.35,180.35,180.35,180.35,200
422,377,2020-09-09 09:00:00,184.0,184.0,183.5,184.0,407
423,376,2020-09-09 09:30:00,184.5,189.08,184.5,188.75,2842
424,375,2020-09-09 10:00:00,188.46,191.94,180.9,183.29,267541
425,374,2020-09-09 10:30:00,182.575,183.86,179.36,183.71,100143
426,373,2020-09-09 11:00:00,183.658,184.4837,181.1215,181.955,65630
427,372,2020-09-09 11:30:00,182.11,183.61,180.0,181.48,91845
428,371,2020-09-09 12:00:00,181.37,182.595,179.55,180.425,109196
429,370,2020-09-09 12:30:00,180.415,180.61,179.79,180.27,208911
430,369,2020-09-09 13:00:00,180.285,181.57,179.76,180.3576,82682
431,368,2020-09-09 13:30:00,180.19,180.92,178.73,180.225,113723
432,367,2020-09-09 14:00:00,180.32,180.47,179.56,179.6998,141092
433,366,2020-09-09 14:30:00,179.875,180.0,177.135,178.78,61492
434,365,2020-09-09 15:00:00,178.8,181.3,178.8,179.49,56857
435,364,2020-09-09 15:30:00,179.61,181.13,179.61,180.98,59571
436,363,2020-09-09 16:00:00,180.78,180.78,179.31,179.37,237402
437,362,2020-09-09 16:30:00,179.86,179.86,179.86,179.86,2181
438,361,2020-09-09 17:30:00,179.86,179.86,179.86,179.86,317000
439,360,2020-09-09 20:00:00,180.63,180.63,180.63,180.63,100
440,359,2020-09-10 08:30:00,181.0,181.0,180.93,180.95,3400
441,358,2020-09-10 09:30:00,181.7685,182.0,181.7685,182.0,7326
442,357,2020-09-10 10:00:00,180.72,184.665,180.1,182.68,302847
443,356,2020-09-10 10:30:00,182.53,184.5,182.0,182.0,140893
444,355,2020-09-10 11:00:00,182.115,183.3,180.81,182.0,258924
445,354,2020-09-10 11:30:00,181.67,184.9299,180.57,184.06,72858
446,353,2020-09-10 12:00:00,184.125,184.475,182.79,183.35,61435
447,352,2020-09-10 12:30:00,183.115,183.95,182.525,182.79,38875
448,351,2020-09-10 13:00:00,183.1,183.38,182.115,183.14,114803
449,350,2020-09-10 13:30:00,183.14,183.42,181.49,181.49,50893
450,349,2020-09-10 14:00:00,181.62,182.415,180.79,180.92,43124
451,348,2020-09-10 14:30:00,181.05,181.46,177.31,178.08,273910
452,347,2020-09-10 15:00:00,178.2,181.42,178.025,181.0,93679
453,346,2020-09-10 15:30:00,180.85,181.18,178.06,179.3,109716
454,345,2020-09-10 16:00:00,179.15,179.89,178.2,178.5,222062
455,344,2020-09-10 16:30:00,178.63,178.63,178.63,178.63,1731
456,343,2020-09-10 18:30:00,178.63,178.63,178.63,178.63,1570
457,342,2020-09-10 19:00:00,178.65,178.65,178.65,178.65,150
458,341,2020-09-11 07:30:00,180.75,180.75,180.75,180.75,100
459,340,2020-09-11 08:30:00,180.7499,180.7499,180.7499,180.7499,100
460,339,2020-09-11 09:00:00,180.0,180.0,179.4999,179.4999,1320
461,338,2020-09-11 09:30:00,179.5,180.0,179.5,180.0,6585
462,337,2020-09-11 10:00:00,179.33,182.64,175.08,175.925,368722
463,336,2020-09-11 10:30:00,175.925,179.765,175.85,178.175,78258
464,335,2020-09-11 11:00:00,177.82,178.88,176.84,176.84,40706
465,334,2020-09-11 11:30:00,177.03,177.83,176.42,177.112,178012
466,333,2020-09-11 12:00:00,177.01,177.13,174.73,175.12,73003
467,332,2020-09-11 12:30:00,174.95,175.54,174.11,175.08,38871
468,331,2020-09-11 13:00:00,174.92,176.2264,174.0,174.99,228256
469,330,2020-09-11 13:30:00,175.03,175.27,171.51,171.86,90732
470,329,2020-09-11 14:00:00,171.88,173.51,171.44,172.01,161338
471,328,2020-09-11 14:30:00,172.065,174.0,172.0,172.7664,56798
472,327,2020-09-11 15:00:00,172.745,175.28,172.72,174.15,49719
473,326,2020-09-11 15:30:00,173.97,174.48,172.27,173.88,47013
474,325,2020-09-11 16:00:00,173.91,174.37,172.72,174.12,197045
475,324,2020-09-11 16:30:00,174.24,174.24,174.24,174.24,3058
476,323,2020-09-11 17:30:00,174.23,174.24,174.23,174.24,240
477,322,2020-09-14 09:30:00,175.0,177.0,175.0,177.0,728
478,321,2020-09-14 10:00:00,178.14,178.36,170.2938,172.74,224231
479,320,2020-09-14 10:30:00,172.6,174.61,172.355,172.78,90586
480,319,2020-09-14 11:00:00,172.785,173.33,171.55,172.835,100833
481,318,2020-09-14 11:30:00,172.73,172.97,171.85,172.68,64291
482,317,2020-09-14 12:00:00,172.42,172.9746,171.85,172.9499,64457
483,316,2020-09-14 12:30:00,172.71,173.37,172.01,172.185,79068
484,315,2020-09-14 13:00:00,172.27,173.3699,172.14,173.01,64497
485,314,2020-09-14 13:30:00,173.01,173.15,170.7857,170.81,61877
486,313,2020-09-14 14:00:00,170.845,171.3657,169.0301,171.215,68307
487,312,2020-09-14 14:30:00,171.1,172.215,171.1,171.8315,119069
488,311,2020-09-14 15:00:00,171.83,172.3,171.51,172.3,88313
489,310,2020-09-14 15:30:00,172.38,173.23,172.30599999999998,172.95,91639
490,309,2020-09-14 16:00:00,172.96,173.07,170.66,171.39,302506
491,308,2020-09-14 16:30:00,171.55,171.55,171.55,171.55,207164
492,307,2020-09-14 17:30:00,171.85,171.85,171.85,171.85,150
493,306,2020-09-14 19:30:00,172.5,172.5,172.5,172.5,600
494,305,2020-09-15 07:30:00,173.0,173.0,173.0,173.0,100
495,304,2020-09-15 09:30:00,174.01,174.01,174.01,174.01,275
496,303,2020-09-15 10:00:00,174.0,174.29,168.01,169.965,188619
497,302,2020-09-15 10:30:00,169.71,170.98,169.45,170.98,108517
498,301,2020-09-15 11:00:00,170.9,172.36,169.5,172.04,79543
499,300,2020-09-15 11:30:00,172.04,172.33,169.75,169.95,67144
500,299,2020-09-15 12:00:00,170.06,171.33,169.75,169.89,51184
501,298,2020-09-15 12:30:00,169.93,171.07,169.67,170.38,75857
502,297,2020-09-15 13:00:00,170.315,170.66,169.725,170.47,78140
503,296,2020-09-15 13:30:00,170.49,174.44,170.13,174.045,133408
504,295,2020-09-15 14:00:00,174.05,174.06,172.15,172.505,66301
505,294,2020-09-15 14:30:00,172.5188,173.015,172.12,172.8,36433
506,293,2020-09-15 15:00:00,172.76,174.81,172.54,174.625,53594
507,292,2020-09-15 15:30:00,174.67,174.67,172.43,173.05,84869
508,291,2020-09-15 16:00:00,172.99,173.04,170.95,171.78,156212
509,290,2020-09-15 16:30:00,171.92,171.92,171.92,171.92,1810
510,289,2020-09-15 17:30:00,172.5,172.5,172.5,172.5,198
511,288,2020-09-16 04:30:00,170.0,170.0,170.0,170.0,102
512,287,2020-09-16 07:30:00,171.17,171.17,170.0,170.0,2065
513,286,2020-09-16 08:30:00,169.0795,169.0795,169.0795,169.0795,110
514,285,2020-09-16 09:00:00,172.52,172.52,172.52,172.52,208
515,284,2020-09-16 09:30:00,172.51,172.51,171.25,171.25,1030
516,283,2020-09-16 10:00:00,172.25,172.25,167.3342,171.45,252964
517,282,2020-09-16 10:30:00,171.51,175.545,169.77,174.73,119852
518,281,2020-09-16 11:00:00,174.5359,177.1399,173.52,175.97,208655
519,280,2020-09-16 11:30:00,175.89,177.0,174.59,175.1501,87924
520,279,2020-09-16 12:00:00,175.01,175.76,173.7,173.94,45963
521,278,2020-09-16 12:30:00,173.985,175.87,173.87,175.36,35788
522,277,2020-09-16 13:00:00,175.215,176.48,174.83,176.4,36183
523,276,2020-09-16 13:30:00,176.3563,177.42,175.56,175.97,64513
524,275,2020-09-16 14:00:00,176.07,176.14,174.8,175.64,47100
525,274,2020-09-16 14:30:00,175.71,177.62,175.3,176.53,77034
526,273,2020-09-16 15:00:00,176.66,177.91,176.27,177.265,111953
527,272,2020-09-16 15:30:00,177.17,178.0,176.3,176.9,132204
528,271,2020-09-16 16:00:00,176.81,177.64,174.97099999999998,175.91,360261
529,270,2020-09-16 16:30:00,175.9,176.3,175.9,175.9,4859
530,269,2020-09-17 07:30:00,172.0,172.0,172.0,172.0,500
531,268,2020-09-17 08:30:00,172.0,172.02,171.94,171.94,788
532,267,2020-09-17 09:00:00,170.01,170.01,170.0,170.0,2015
533,266,2020-09-17 09:30:00,170.0,171.0,170.0,170.0,1499
534,265,2020-09-17 10:00:00,171.0,171.59,169.3,170.38,328887
535,264,2020-09-17 10:30:00,170.37,171.59,167.98,169.16,320407
536,263,2020-09-17 11:00:00,169.06,169.06,164.69,165.92,129095
537,262,2020-09-17 11:30:00,165.93,168.19,165.93,167.66,122902
538,261,2020-09-17 12:00:00,167.72,168.3,166.6,167.55,110024
539,260,2020-09-17 12:30:00,167.5,168.4,167.07,167.79,73019
540,259,2020-09-17 13:00:00,167.78,168.34,166.63,167.7,62039
541,258,2020-09-17 13:30:00,167.95,168.17,166.7,167.49,39600
542,257,2020-09-17 14:00:00,167.51,167.75,164.63,164.86,118114
543,256,2020-09-17 14:30:00,164.86,167.61,164.86,166.14,89616
544,255,2020-09-17 15:00:00,166.15,167.16,166.0,166.38,72385
545,254,2020-09-17 15:30:00,166.35,166.81,165.78,165.94,164621
546,253,2020-09-17 16:00:00,165.76,166.74,165.715,166.45,194382
547,252,2020-09-17 16:30:00,166.44,166.44,166.44,166.44,4798
548,251,2020-09-17 17:30:00,167.0,167.0,167.0,167.0,200
549,250,2020-09-17 18:00:00,166.95,167.0,166.95,167.0,723
550,249,2020-09-17 20:00:00,167.02,167.02,167.02,167.02,101
551,248,2020-09-18 08:00:00,167.32,167.32,167.32,167.32,117
552,247,2020-09-18 08:30:00,168.533,168.533,167.88,167.89,1157
553,246,2020-09-18 09:30:00,167.0,171.31,167.0,170.68,2278
554,245,2020-09-18 10:00:00,171.13,171.72,166.67,167.525,191368
555,244,2020-09-18 10:30:00,167.545,168.54,165.93,166.17,72024
556,243,2020-09-18 11:00:00,166.12,166.28,163.76,163.98,108285
557,242,2020-09-18 11:30:00,163.935,164.9199,162.99,164.77,59000
558,241,2020-09-18 12:00:00,164.65,165.1457,163.2,164.85,56407
559,240,2020-09-18 12:30:00,164.87,165.53,163.82,164.295,33939
560,239,2020-09-18 13:00:00,164.58,164.58,162.6,163.31,54960
561,238,2020-09-18 13:30:00,163.43,163.46,161.56,161.67,91991
562,237,2020-09-18 14:00:00,161.75,162.61,160.67,162.5879,109332
563,236,2020-09-18 14:30:00,162.61,163.6,162.55,163.31,60014
564,235,2020-09-18 15:00:00,163.42,163.7,162.6907,163.6682,64523
565,234,2020-09-18 15:30:00,163.58,165.7661,163.34,165.73,133971
566,233,2020-09-18 16:00:00,165.66,166.12,164.3,164.78,245021
567,232,2020-09-18 16:30:00,164.78,164.78,164.78,164.78,34167
568,231,2020-09-18 17:00:00,164.78,164.78,164.78,164.78,1939
569,230,2020-09-21 09:00:00,159.0,159.0,156.0,156.0,558
570,229,2020-09-21 09:30:00,161.01,161.01,161.01,161.01,280
571,228,2020-09-21 10:00:00,161.91,167.32,158.25,166.275,176260
572,227,2020-09-21 10:30:00,165.69,169.24,164.68,166.4699,113277
573,226,2020-09-21 11:00:00,166.12,167.98,164.01,167.955,89000
574,225,2020-09-21 11:30:00,167.845,169.46,166.23,167.06,100912
575,224,2020-09-21 12:00:00,167.26,170.826,166.7301,170.09,88350
576,223,2020-09-21 12:30:00,170.01,171.315,168.67,169.7207,50789
577,222,2020-09-21 13:00:00,169.87,171.2799,169.37,170.1348,52449
578,221,2020-09-21 13:30:00,170.3,172.03099999999998,169.845,172.03099999999998,62311
579,220,2020-09-21 14:00:00,171.9948,172.74,170.94,171.225,56907
580,219,2020-09-21 14:30:00,171.57,171.97,170.26,171.09,63576
581,218,2020-09-21 15:00:00,171.17,171.17,169.07,170.26,49412
582,217,2020-09-21 15:30:00,170.19,171.95,170.08,171.23,66121
583,216,2020-09-21 16:00:00,171.16,173.92,170.85,173.68,197871
584,215,2020-09-21 16:30:00,173.67,173.67,173.65,173.65,2513
585,214,2020-09-21 19:30:00,173.0,173.0,173.0,173.0,100
586,213,2020-09-22 07:30:00,179.68,181.0,179.68,181.0,774
587,212,2020-09-22 08:00:00,182.88,194.05,182.88,193.97,8433
588,211,2020-09-22 08:30:00,181.9898,214.02,179.0,210.36,56249
589,210,2020-09-22 09:00:00,211.55,221.98,211.0,217.49,121143
590,209,2020-09-22 09:30:00,218.0,219.0,210.5,210.5,64451
591,208,2020-09-22 10:00:00,210.86,220.94,200.94,220.0,2107305
592,207,2020-09-22 10:30:00,220.0,229.68,217.7,221.52,1888919
593,206,2020-09-22 11:00:00,221.5101,223.98,215.55,220.73,1267468
594,205,2020-09-22 11:30:00,220.8,227.34,219.11,223.505,783545
595,204,2020-09-22 12:00:00,223.83,226.78,223.11,226.12,403248
596,203,2020-09-22 12:30:00,226.41,230.4999,225.8381,230.0,541370
597,202,2020-09-22 13:00:00,230.0,233.34,230.0,232.17,889736
598,201,2020-09-22 13:30:00,232.17,234.2,230.68,231.7606,585918
599,200,2020-09-22 14:00:00,231.79,231.95,228.0,231.56,473705
600,199,2020-09-22 14:30:00,231.35,233.8599,230.27,233.465,247798
601,198,2020-09-22 15:00:00,233.3265,234.74,231.0,231.9217,437958
602,197,2020-09-22 15:30:00,232.1895,233.88,228.21,228.58,542690
603,196,2020-09-22 16:00:00,228.74,229.09,224.385,226.83,842802
604,195,2020-09-22 16:30:00,226.83,228.0,226.29,226.6468,65835
605,194,2020-09-22 17:00:00,227.0,227.01,226.5,226.55,2821
606,193,2020-09-22 17:30:00,227.21,227.99,227.0,227.0,1962
607,192,2020-09-22 18:00:00,226.86,227.99,226.85,227.75,1268
608,191,2020-09-22 18:30:00,226.9,226.9,226.9,226.9,472
609,190,2020-09-22 19:00:00,226.1,227.7,226.1,227.33,1546
610,189,2020-09-22 19:30:00,226.5,226.75,226.02,226.02,837
611,188,2020-09-22 20:00:00,226.5,226.5,226.28,226.5,734
612,187,2020-09-23 06:00:00,226.6,226.8,226.6,226.8,200
613,186,2020-09-23 06:30:00,229.01,229.01,229.01,229.01,299
614,185,2020-09-23 07:30:00,227.75,227.75,227.75,227.75,955
615,184,2020-09-23 08:00:00,225.0,225.9,224.0,224.55,2170
616,183,2020-09-23 08:30:00,225.0,227.0,221.2,223.7701,15081
617,182,2020-09-23 09:00:00,224.05,224.76,223.5,224.76,4787
618,181,2020-09-23 09:30:00,224.82,227.4999,224.75,225.0149,5120
619,180,2020-09-23 10:00:00,226.47,227.9699,218.12,220.56,478950
620,179,2020-09-23 10:30:00,220.58,225.15,218.78900000000002,224.7836,253475
621,178,2020-09-23 11:00:00,224.2209,225.8,222.062,223.885,151414
622,177,2020-09-23 11:30:00,224.23,224.525,219.6,219.885,117998
623,176,2020-09-23 12:00:00,220.05,222.3554,218.5,218.905,155048
624,175,2020-09-23 12:30:00,219.11,219.78,217.36,219.27,110100
625,174,2020-09-23 13:00:00,219.38,222.99,219.36,222.84,74957
626,173,2020-09-23 13:30:00,222.805,223.89,220.24,222.155,96298
627,172,2020-09-23 14:00:00,222.155,223.01,219.985,219.985,57955
628,171,2020-09-23 14:30:00,219.91,219.91,218.07,219.455,854598
629,170,2020-09-23 15:00:00,219.26,219.88,217.04,217.68,123305
630,169,2020-09-23 15:30:00,217.61,220.49,214.3,220.15,223215
631,168,2020-09-23 16:00:00,220.15,221.14,218.0901,218.69,291980
632,167,2020-09-23 16:30:00,218.67,220.74,218.67,220.74,5571
633,166,2020-09-23 17:30:00,220.0,220.75,220.0,220.75,1900
634,165,2020-09-23 18:00:00,220.9,220.9,220.9,220.9,201
635,164,2020-09-23 18:30:00,220.0,220.0,220.0,220.0,1026
636,163,2020-09-23 20:00:00,218.8,219.0,218.7,219.0,2132
637,162,2020-09-24 08:00:00,220.0,220.0,220.0,220.0,1727
638,161,2020-09-24 08:30:00,220.0001,220.0001,220.0001,220.0001,189
639,160,2020-09-24 09:00:00,217.6,217.6,217.6,217.6,326
640,159,2020-09-24 09:30:00,216.0,217.82,215.0,217.82,2577
641,158,2020-09-24 10:00:00,216.64,217.9999,212.63,213.9,290568
642,157,2020-09-24 10:30:00,213.91,218.41,210.1501,210.3921,199264
643,156,2020-09-24 11:00:00,210.45,211.38,208.37,210.305,144283
644,155,2020-09-24 11:30:00,210.0,212.95,209.7614,212.52,116429
645,154,2020-09-24 12:00:00,212.40900000000002,215.0,212.11,214.62,75775
646,153,2020-09-24 12:30:00,214.82,216.8798,214.12,214.565,92329
647,152,2020-09-24 13:00:00,214.685,214.685,211.81,214.17,83940
648,151,2020-09-24 13:30:00,214.15,215.0,213.54,214.175,44928
649,150,2020-09-24 14:00:00,214.08,215.125,212.17,212.34,51222
650,149,2020-09-24 14:30:00,212.335,212.4745,210.25,210.88,53680
651,148,2020-09-24 15:00:00,210.82,212.22,208.64,208.64,63754
652,147,2020-09-24 15:30:00,208.775,209.62,207.13,208.02,91919
653,146,2020-09-24 16:00:00,207.99,209.36,206.65,208.67,174357
654,145,2020-09-24 16:30:00,208.35,213.68,208.35,213.68,6331
655,144,2020-09-24 17:00:00,209.0,209.0,209.0,209.0,199
656,143,2020-09-24 18:00:00,208.36,208.36,208.36,208.36,130
657,142,2020-09-24 18:30:00,208.75,208.75,208.75,208.75,200
658,141,2020-09-24 19:00:00,209.2,209.2,209.2,209.2,167
659,140,2020-09-24 20:00:00,209.0,209.0,209.0,209.0,350
660,139,2020-09-25 08:30:00,208.0,209.9999,208.0,209.98,583
661,138,2020-09-25 09:00:00,209.25,209.25,209.25,209.25,100
662,137,2020-09-25 09:30:00,209.02,210.0,209.02,209.78,2315
663,136,2020-09-25 10:00:00,208.26,208.81,204.93,205.94,282476
664,135,2020-09-25 10:30:00,205.88,206.29,203.3,204.445,128805
665,134,2020-09-25 11:00:00,204.58,205.325,202.93,202.95,81132
666,133,2020-09-25 11:30:00,203.31,204.88,201.6101,203.22,83393
667,132,2020-09-25 12:00:00,203.21,204.16,201.85,202.4,55906
668,131,2020-09-25 12:30:00,202.385,204.0,202.31,203.365,40274
669,130,2020-09-25 13:00:00,203.49,204.2,202.7465,203.1,38062
670,129,2020-09-25 13:30:00,202.88,203.48,202.16,202.56,30145
671,128,2020-09-25 14:00:00,202.56,202.8626,201.65,201.785,41870
672,127,2020-09-25 14:30:00,201.895,202.2199,200.53,201.07,66612
673,126,2020-09-25 15:00:00,201.075,202.2473,200.65,201.97,70889
674,125,2020-09-25 15:30:00,202.01,203.45,201.82,202.0,161271
675,124,2020-09-25 16:00:00,201.99,203.67,201.35,203.26,302613
676,123,2020-09-25 16:30:00,203.26,204.45,203.0,203.02,5185
677,122,2020-09-25 17:00:00,203.35,203.35,203.35,203.35,115
678,121,2020-09-25 17:30:00,203.55,203.55,203.26,203.26,1143
679,120,2020-09-25 18:30:00,203.01,203.01,203.01,203.01,335
680,119,2020-09-25 19:00:00,202.75,202.8,202.75,202.8,300
681,118,2020-09-25 19:30:00,203.0,203.0,203.0,203.0,100
682,117,2020-09-25 20:00:00,203.0,203.0,203.0,203.0,110
683,116,2020-09-28 04:30:00,203.27,203.27,203.27,203.27,110
684,115,2020-09-28 08:00:00,207.0,207.0,207.0,207.0,100
685,114,2020-09-28 08:30:00,207.55,207.57,207.55,207.55,1075
686,113,2020-09-28 09:00:00,207.483,207.483,207.483,207.483,200
687,112,2020-09-28 09:30:00,207.54,208.9,207.54,208.9,4034
688,111,2020-09-28 10:00:00,206.94,214.53,206.25,212.34,284967
689,110,2020-09-28 10:30:00,211.995,215.48,211.0,212.51,116185
690,109,2020-09-28 11:00:00,212.32,214.68,212.19,213.03,108457
691,108,2020-09-28 11:30:00,212.9,215.41,212.865,213.505,74221
692,107,2020-09-28 12:00:00,213.505,213.8388,210.5,211.52,98439
693,106,2020-09-28 12:30:00,211.27,211.44,208.19,210.27,78310
694,105,2020-09-28 13:00:00,210.205,213.22,210.0,213.0299,38498
695,104,2020-09-28 13:30:00,212.75,214.6,212.42,214.1,74301
696,103,2020-09-28 14:00:00,213.99,216.0,213.99,215.34,89046
697,102,2020-09-28 14:30:00,215.18,215.67,214.33,215.49,65204
698,101,2020-09-28 15:00:00,215.335,215.85,214.79,214.935,46316
699,100,2020-09-28 15:30:00,214.855,216.8713,214.65,216.59,89912
700,99,2020-09-28 16:00:00,216.4515,218.38,215.09,218.01,371172
701,98,2020-09-28 16:30:00,218.02,219.0,216.68,217.6,389200
702,97,2020-09-28 17:00:00,217.98,218.1,217.98,218.1,872
703,96,2020-09-28 17:30:00,218.5,218.5,218.5,218.5,250
704,95,2020-09-28 18:00:00,218.74,218.74,218.5,218.5,229
705,94,2020-09-28 18:30:00,218.95,218.95,218.12,218.12,466
706,93,2020-09-28 19:00:00,218.2,218.2,218.2,218.2,788
707,92,2020-09-28 19:30:00,218.88,218.88,218.88,218.88,100
708,91,2020-09-29 07:00:00,219.24,220.0,219.24,220.0,450
709,90,2020-09-29 07:30:00,219.95,222.0,219.95,221.85,1150
710,89,2020-09-29 08:00:00,219.82,219.82,219.82,219.82,190
711,88,2020-09-29 08:30:00,222.5,222.5,219.98,220.0,1783
712,87,2020-09-29 09:00:00,220.1,220.1,220.1,220.1,120
713,86,2020-09-29 09:30:00,220.2,220.2,220.0,220.0,619
714,85,2020-09-29 10:00:00,220.51,227.6604,220.0,226.955,287099
715,84,2020-09-29 10:30:00,227.26,230.105,226.16,227.405,187118
716,83,2020-09-29 11:00:00,227.545,229.7,225.5501,228.87,181805
717,82,2020-09-29 11:30:00,229.2259,232.9,228.18,231.02,240227
718,81,2020-09-29 12:00:00,230.97,231.9,228.35,229.29,109383
719,80,2020-09-29 12:30:00,229.51,229.61,227.66,228.9003,79517
720,79,2020-09-29 13:00:00,229.05,229.06,226.04,226.6,87047
721,78,2020-09-29 13:30:00,226.65,229.26,225.6,228.705,102048
722,77,2020-09-29 14:00:00,228.77,229.8454,228.58,229.14,65889
723,76,2020-09-29 14:30:00,229.01,229.5,227.67,228.335,54110
724,75,2020-09-29 15:00:00,228.16,228.76,226.28,226.76,68941
725,74,2020-09-29 15:30:00,226.89,227.22,224.58,224.95,78687
726,73,2020-09-29 16:00:00,224.88,226.09,224.11,226.03,262538
727,72,2020-09-29 16:30:00,226.03,226.03,226.03,226.03,1619
728,71,2020-09-29 17:30:00,226.79,226.79,226.79,226.79,200
729,70,2020-09-29 19:00:00,226.5,226.7,226.5,226.7,414
730,69,2020-09-29 19:30:00,227.0,227.0,227.0,227.0,100
731,68,2020-09-29 20:00:00,227.0,227.0,226.1,226.6,1026
732,67,2020-09-30 06:00:00,225.99,225.99,225.99,225.99,202
733,66,2020-09-30 07:30:00,225.95,225.95,225.95,225.95,110
734,65,2020-09-30 08:30:00,225.9899,225.9899,225.0,225.0,672
735,64,2020-09-30 09:00:00,225.99,226.07,223.79,223.79,1190
736,63,2020-09-30 09:30:00,223.74,226.49,223.74,226.49,201
737,62,2020-09-30 10:00:00,223.75,226.68,221.4101,225.93,141198
738,61,2020-09-30 10:30:00,226.12,226.68,223.29,223.3555,54581
739,60,2020-09-30 11:00:00,223.63,224.5,221.29,221.51,89411
740,59,2020-09-30 11:30:00,221.45,221.67,219.77,220.75,74932
741,58,2020-09-30 12:00:00,220.58,222.14,218.59,221.62,91523
742,57,2020-09-30 12:30:00,221.63,224.1492,221.63,222.135,84428
743,56,2020-09-30 13:00:00,222.095,223.05,220.59,221.03,67216
744,55,2020-09-30 13:30:00,221.03,221.6,220.01,221.38,35855
745,54,2020-09-30 14:00:00,221.44,223.63,221.31,223.22,58599
746,53,2020-09-30 14:30:00,223.23,223.79,221.67,222.7102,55350
747,52,2020-09-30 15:00:00,222.66,222.82,219.34,221.96,60937
748,51,2020-09-30 15:30:00,221.77,222.62,219.85,222.06,76208
749,50,2020-09-30 16:00:00,221.975,224.43,221.2437,223.06,178694
750,49,2020-09-30 16:30:00,223.06,223.06,221.95,221.95,6670
751,48,2020-09-30 17:00:00,223.06,223.06,223.06,223.06,2522
752,47,2020-09-30 17:30:00,220.8702,220.8702,220.8702,220.8702,179
753,46,2020-09-30 20:00:00,224.0,224.0,224.0,224.0,363
754,45,2020-10-01 08:30:00,226.4999,226.4999,226.4999,226.4999,300
755,44,2020-10-01 09:00:00,226.0,226.96,226.0,226.96,1031
756,43,2020-10-01 09:30:00,226.5,226.96,226.5,226.96,2842
757,42,2020-10-01 10:00:00,227.3,228.87,223.0,228.87,220345
758,41,2020-10-01 10:30:00,228.6,232.8623,228.2,231.895,158677
759,40,2020-10-01 11:00:00,231.71,237.44,231.261,237.44,274133
760,39,2020-10-01 11:30:00,237.5,240.82299999999998,236.4101,240.4017,326915
761,38,2020-10-01 12:00:00,240.43,242.15,238.03,239.05,175001
762,37,2020-10-01 12:30:00,239.26,240.33,237.86,239.51,99452
763,36,2020-10-01 13:00:00,239.565,240.82,238.62,238.815,87746
764,35,2020-10-01 13:30:00,238.8112,238.94,236.59,236.9989,139193
765,34,2020-10-01 14:00:00,237.15,238.37,236.82,237.08,88443
766,33,2020-10-01 14:30:00,237.08,237.83,235.77,237.83,115637
767,32,2020-10-01 15:00:00,237.83,237.83,235.24,235.595,163903
768,31,2020-10-01 15:30:00,235.4,236.49,234.3922,234.8,107052
769,30,2020-10-01 16:00:00,235.01,238.73,233.41,237.72,325859
770,29,2020-10-01 16:30:00,238.21,238.21,237.66,237.66,2868
771,28,2020-10-01 17:00:00,237.66,237.66,237.66,237.66,300
772,27,2020-10-01 17:30:00,238.1,238.2,238.1,238.2,509
773,26,2020-10-01 18:00:00,238.15,238.15,237.9,238.0,1232
774,25,2020-10-02 04:30:00,234.0,234.0,234.0,234.0,107
775,24,2020-10-02 06:00:00,234.2,234.2,234.2,234.2,340
776,23,2020-10-02 07:30:00,234.89,235.0,234.6,234.6,1551
777,22,2020-10-02 08:30:00,233.3943,235.5,233.3943,235.5,3013
778,21,2020-10-02 09:00:00,235.05,235.66,233.75,233.97,3266
779,20,2020-10-02 09:30:00,233.0,235.74,232.2,235.74,5702
780,19,2020-10-02 10:00:00,235.89,239.98,233.61,234.0001,311498
781,18,2020-10-02 10:30:00,234.78,236.52,231.125,231.13,183020
782,17,2020-10-02 11:00:00,231.12,232.56,230.41,230.5,132430
783,16,2020-10-02 11:30:00,230.26,232.0,228.785,228.785,194316
784,15,2020-10-02 12:00:00,228.73,228.92,223.05,223.14,215103
785,14,2020-10-02 12:30:00,223.13,228.1779,221.4401,225.16,214335
786,13,2020-10-02 13:00:00,225.12,226.14,222.045,222.2,118218
787,12,2020-10-02 13:30:00,222.21,222.4699,219.62,220.145,159156
788,11,2020-10-02 14:00:00,220.0,220.0925,215.03,215.28,388220
789,10,2020-10-02 14:30:00,215.46,216.35,212.66,214.41,293285
790,9,2020-10-02 15:00:00,214.5,219.53,214.1801,219.14,149596
791,8,2020-10-02 15:30:00,219.155,221.165,218.5332,220.625,111852
792,7,2020-10-02 16:00:00,220.58,223.0,219.5401,222.89,324476
793,6,2020-10-02 16:30:00,222.6,223.51,222.6,222.75,3326
794,5,2020-10-02 17:00:00,222.76,223.0,222.76,223.0,500
795,4,2020-10-02 17:30:00,223.99,223.99,222.8,222.81,1621
796,3,2020-10-02 18:00:00,222.76,222.7699,222.72,222.72,1434
797,2,2020-10-02 18:30:00,222.72,222.72,222.72,222.72,320
798,1,2020-10-02 19:00:00,222.73,222.73,222.72,222.72,700
799,0,2020-10-02 20:00:00,222.73,222.73,222.72,222.72,6020
