,index,time,open,high,low,close,volume
0,477,2020-09-08 07:30:00,60.37,60.37,60.25,60.25,978
1,476,2020-09-08 08:00:00,60.27,60.27,60.0,60.0,2531
2,475,2020-09-08 08:30:00,60.35,60.8,60.01,60.15,2946
3,474,2020-09-08 09:00:00,60.028,60.028,60.0,60.0,1125
4,473,2020-09-08 09:30:00,59.95,60.0,59.9,60.0,6149
5,472,2020-09-08 10:00:00,60.43,60.805,59.6694,59.98,1050100
6,471,2020-09-08 10:30:00,59.99,60.0,59.3,59.74,617877
7,470,2020-09-08 11:00:00,59.74,59.88,59.2796,59.34,466010
8,469,2020-09-08 11:30:00,59.33,59.8601,59.3,59.8087,384276
9,468,2020-09-08 12:00:00,59.8,59.94,59.665,59.87,399744
10,467,2020-09-08 12:30:00,59.87,60.04,59.75,59.92,379756
11,466,2020-09-08 13:00:00,59.9118,60.0,59.78,59.9285,235772
12,465,2020-09-08 13:30:00,59.93,60.235,59.93,60.2,311064
13,464,2020-09-08 14:00:00,60.195,60.2607,59.98,60.1,355587
14,463,2020-09-08 14:30:00,60.11,60.17,59.9504,60.0199,267422
15,462,2020-09-08 15:00:00,60.015,60.04,59.645,59.705,433875
16,461,2020-09-08 15:30:00,59.71,59.795,59.47,59.7401,677623
17,460,2020-09-08 16:00:00,59.75,59.857,59.48,59.53,1404248
18,459,2020-09-08 16:30:00,59.53,59.55,59.44,59.44,84724
19,458,2020-09-08 17:00:00,59.88,59.88,59.5,59.5,300
20,457,2020-09-08 17:30:00,59.7999,59.7999,59.55,59.55,581
21,456,2020-09-08 18:00:00,59.4,59.41,59.4,59.41,769
22,455,2020-09-08 18:30:00,59.35,59.49,59.35,59.49,637
23,454,2020-09-08 19:30:00,59.39,59.39,59.39,59.39,296
24,453,2020-09-09 04:30:00,59.5,59.5,59.5,59.5,240
25,452,2020-09-09 08:00:00,59.74,59.74,59.74,59.74,389
26,451,2020-09-09 08:30:00,59.8499,59.89,59.53,59.81,3692
27,450,2020-09-09 09:00:00,59.75,59.91,59.75,59.91,2036
28,449,2020-09-09 09:30:00,59.91,59.96,59.74,59.74,3630
29,448,2020-09-09 10:00:00,59.69,59.83,59.36,59.59,826827
30,447,2020-09-09 10:30:00,59.615,59.86,59.5,59.6,513986
31,446,2020-09-09 11:00:00,59.6,59.62,59.21,59.28,507669
32,445,2020-09-09 11:30:00,59.29,59.77,59.29,59.68,502540
33,444,2020-09-09 12:00:00,59.69,59.85,59.575,59.605,372719
34,443,2020-09-09 12:30:00,59.61,59.66,59.54,59.655,216380
35,442,2020-09-09 13:00:00,59.655,59.77,59.585,59.72,250413
36,441,2020-09-09 13:30:00,59.73,59.9701,59.73,59.8949,301015
37,440,2020-09-09 14:00:00,59.91,60.14,59.91,59.98,274294
38,439,2020-09-09 14:30:00,59.989,60.005,59.87,59.915,300279
39,438,2020-09-09 15:00:00,59.92,60.055,59.92,59.975,282637
40,437,2020-09-09 15:30:00,59.98,60.1,59.93,59.955,379167
41,436,2020-09-09 16:00:00,59.95,59.97,59.525,59.5287,834332
42,435,2020-09-09 16:30:00,59.53,59.58,59.53,59.58,174185
43,434,2020-09-09 17:00:00,59.58,59.58,59.58,59.58,36096
44,433,2020-09-09 17:30:00,59.58,59.75,59.55,59.75,1646
45,432,2020-09-09 18:30:00,59.78,59.78,59.75,59.75,500
46,431,2020-09-09 19:00:00,59.75,59.75,59.75,59.75,429
47,430,2020-09-09 19:30:00,59.78,59.78,59.78,59.78,500
48,429,2020-09-10 07:30:00,59.5,59.5,59.5,59.5,272
49,428,2020-09-10 08:30:00,59.31,59.72,59.31,59.54,1363
50,427,2020-09-10 09:00:00,59.7,59.8,59.6,59.603,2919
51,426,2020-09-10 09:30:00,59.7,59.8,59.45,59.45,6710
52,425,2020-09-10 10:00:00,59.44,59.645,59.32,59.36,816519
53,424,2020-09-10 10:30:00,59.35,59.42,59.125,59.18,689809
54,423,2020-09-10 11:00:00,59.18,59.27,58.96,58.9932,650150
55,422,2020-09-10 11:30:00,58.995,59.3,58.92,59.3,404803
56,421,2020-09-10 12:00:00,59.29,59.32,58.985,59.005,394978
57,420,2020-09-10 12:30:00,58.99,59.145,58.93,59.03,387763
58,419,2020-09-10 13:00:00,59.03,59.06,58.78,58.938,326646
59,418,2020-09-10 13:30:00,58.94,59.03,58.79,58.79,654334
60,417,2020-09-10 14:00:00,58.79,58.84,58.76,58.775,472558
61,416,2020-09-10 14:30:00,58.77,58.82,58.29,58.32,825908
62,415,2020-09-10 15:00:00,58.32,58.6,58.29,58.47,548170
63,414,2020-09-10 15:30:00,58.48,58.48,57.96,58.11,1162726
64,413,2020-09-10 16:00:00,58.11,58.27,57.97,57.99,1887644
65,412,2020-09-10 16:30:00,58.0,58.17,57.96,57.96,76584
66,411,2020-09-10 17:00:00,58.05,58.15,58.0,58.0,1990
67,410,2020-09-10 17:30:00,58.17,58.17,58.1,58.17,2003
68,409,2020-09-10 18:00:00,58.15,58.25,58.15,58.25,1077
69,408,2020-09-10 18:30:00,58.07,58.07,58.07,58.07,314
70,407,2020-09-10 19:30:00,58.19,58.19,58.19,58.19,200
71,406,2020-09-10 20:00:00,58.19,58.19,58.15,58.15,447
72,405,2020-09-11 06:30:00,58.61,58.61,58.61,58.61,328
73,404,2020-09-11 07:00:00,59.15,59.15,59.15,59.15,210
74,403,2020-09-11 07:30:00,58.3,58.34,58.3,58.3,851
75,402,2020-09-11 08:00:00,58.26,58.26,58.26,58.26,451
76,401,2020-09-11 08:30:00,58.15,58.55,58.15,58.24,1758
77,400,2020-09-11 09:00:00,58.27,58.27,58.24,58.25,872
78,399,2020-09-11 09:30:00,58.2,58.25,58.15,58.15,2732
79,398,2020-09-11 10:00:00,58.13,58.14,57.3287,57.63,1040255
80,397,2020-09-11 10:30:00,57.62,57.765,57.45,57.51,716207
81,396,2020-09-11 11:00:00,57.5048,57.63,57.395,57.455,1036957
82,395,2020-09-11 11:30:00,57.46,57.655,57.41,57.5023,1203162
83,394,2020-09-11 12:00:00,57.5,57.65,57.465,57.615,1199831
84,393,2020-09-11 12:30:00,57.6133,57.64,57.53,57.545,897199
85,392,2020-09-11 13:00:00,57.545,57.6,57.37,57.43,562720
86,391,2020-09-11 13:30:00,57.4313,57.49,57.24,57.26,439247
87,390,2020-09-11 14:00:00,57.26,57.3087,57.07,57.125,696995
88,389,2020-09-11 14:30:00,57.125,57.295,57.06100000000001,57.18,699347
89,388,2020-09-11 15:00:00,57.173,57.31,57.165,57.2399,548957
90,387,2020-09-11 15:30:00,57.235,57.46,57.115,57.44,604270
91,386,2020-09-11 16:00:00,57.44,57.56,57.32,57.4,1464160
92,385,2020-09-11 16:30:00,57.4,57.46,57.4,57.4,102968
93,384,2020-09-11 17:00:00,57.3998,57.4,57.3998,57.3998,16627
94,383,2020-09-11 17:30:00,57.46,57.48,57.46,57.46,1838
95,382,2020-09-11 18:00:00,57.47,57.47,57.42,57.42,1900
96,381,2020-09-11 19:00:00,57.47,57.49,57.45,57.45,2186
97,380,2020-09-11 19:30:00,57.45,57.45,57.4,57.4,1129
98,379,2020-09-11 20:00:00,57.45,57.45,57.4,57.4,1276
99,378,2020-09-14 07:30:00,57.69,57.69,57.68,57.68,695
100,377,2020-09-14 08:30:00,57.69,57.82,57.69,57.75,3650
101,376,2020-09-14 09:00:00,57.8,57.82,57.75,57.82,671
102,375,2020-09-14 09:30:00,57.82,57.82,57.73,57.73,1526
103,374,2020-09-14 10:00:00,57.63,58.17,57.55,57.83,875095
104,373,2020-09-14 10:30:00,57.84,58.125,57.7674,57.88,403844
105,372,2020-09-14 11:00:00,57.8799,58.02,57.75,57.845,1139278
106,371,2020-09-14 11:30:00,57.85,58.21,57.85,58.155,815320
107,370,2020-09-14 12:00:00,58.16,58.18,57.985,58.02,451590
108,369,2020-09-14 12:30:00,58.015,58.11,57.915,58.025,1383463
109,368,2020-09-14 13:00:00,58.025,58.165,57.965,58.035,1246926
110,367,2020-09-14 13:30:00,58.04,58.2,58.04,58.185,823364
111,366,2020-09-14 14:00:00,58.185,58.21,58.09,58.1087,357650
112,365,2020-09-14 14:30:00,58.1,58.13,58.05,58.1,277638
113,364,2020-09-14 15:00:00,58.11,58.13,57.93,57.995,512695
114,363,2020-09-14 15:30:00,58.0,58.075,57.81,58.07,847453
115,362,2020-09-14 16:00:00,58.07,58.09,57.9,57.94,1259458
116,361,2020-09-14 16:30:00,57.97,57.97,57.97,57.97,1220694
117,360,2020-09-14 17:00:00,58.0,58.0,57.87,57.87,1257
118,359,2020-09-14 17:30:00,57.8698,57.8698,57.8698,57.8698,200
119,358,2020-09-14 18:30:00,57.97,57.97,57.97,57.97,728
120,357,2020-09-14 19:00:00,57.97,58.0,57.82,57.82,1373
121,356,2020-09-14 19:30:00,58.0,58.0,58.0,58.0,454
122,355,2020-09-14 20:00:00,57.95,57.95,57.9,57.95,439
123,354,2020-09-15 07:00:00,57.97,58.0,57.9,58.0,700
124,353,2020-09-15 07:30:00,57.86,57.86,57.86,57.86,327
125,352,2020-09-15 08:00:00,58.38,58.45,58.38,58.45,1836
126,351,2020-09-15 08:30:00,58.45,58.5,58.25,58.4674,6427
127,350,2020-09-15 09:00:00,58.5,58.5,58.13,58.4,4012
128,349,2020-09-15 09:30:00,58.27,58.4899,58.1,58.1,6961
129,348,2020-09-15 10:00:00,58.0,58.61,57.99,58.0,1918977
130,347,2020-09-15 10:30:00,58.0,58.02,57.6301,57.83,621652
131,346,2020-09-15 11:00:00,57.8384,58.185,57.73,57.97,560218
132,345,2020-09-15 11:30:00,57.98,58.06,57.87,57.9709,415644
133,344,2020-09-15 12:00:00,57.989,58.04,57.54,57.57,565373
134,343,2020-09-15 12:30:00,57.565,57.599,57.43,57.52,528136
135,342,2020-09-15 13:00:00,57.52,57.64,57.47,57.51,682715
136,341,2020-09-15 13:30:00,57.5175,57.645,57.47,57.505,417555
137,340,2020-09-15 14:00:00,57.505,57.53,57.44,57.445,306897
138,339,2020-09-15 14:30:00,57.45,57.73,57.36,57.5549,828606
139,338,2020-09-15 15:00:00,57.555,57.555,57.285,57.345,476091
140,337,2020-09-15 15:30:00,57.345,57.36,57.15,57.18,542411
141,336,2020-09-15 16:00:00,57.1837,57.2,56.99,56.99,1787315
142,335,2020-09-15 16:30:00,57.0,57.11,56.9999,57.0,88927
143,334,2020-09-15 17:00:00,57.0,57.1,57.0,57.1,2829
144,333,2020-09-15 17:30:00,57.05,57.05,57.05,57.05,121
145,332,2020-09-15 18:00:00,57.1,57.1,57.1,57.1,1613
146,331,2020-09-15 19:00:00,57.1,57.1,57.1,57.1,270
147,330,2020-09-15 19:30:00,57.14,57.15,57.05,57.05,4437
148,329,2020-09-15 20:00:00,57.05,57.09,57.05,57.05,593
149,328,2020-09-16 07:30:00,57.12,57.15,57.1,57.1,1517
150,327,2020-09-16 08:00:00,57.11,57.2,57.11,57.2,284
151,326,2020-09-16 08:30:00,57.1099,57.15,57.05,57.15,3762
152,325,2020-09-16 09:00:00,57.15,57.15,57.07,57.1,3759
153,324,2020-09-16 09:30:00,57.15,57.18,57.04,57.18,7116
154,323,2020-09-16 10:00:00,57.2,57.2,56.43,56.43,2077499
155,322,2020-09-16 10:30:00,56.44,56.57,56.1,56.32,3027599
156,321,2020-09-16 11:00:00,56.324,57.04,56.324,56.935,1424596
157,320,2020-09-16 11:30:00,56.935,57.28,56.86,57.09,974806
158,319,2020-09-16 12:00:00,57.0809,57.55,57.067,57.395,645091
159,318,2020-09-16 12:30:00,57.4,57.55,57.14,57.175,610042
160,317,2020-09-16 13:00:00,57.175,57.4397,57.14,57.41,411651
161,316,2020-09-16 13:30:00,57.395,57.65,57.39,57.49,337834
162,315,2020-09-16 14:00:00,57.47,57.57,57.3242,57.48,311226
163,314,2020-09-16 14:30:00,57.46,57.71,57.361999999999995,57.605,321788
164,313,2020-09-16 15:00:00,57.61,57.845,57.6,57.68,512656
165,312,2020-09-16 15:30:00,57.68,57.72,57.2599,57.415,543144
166,311,2020-09-16 16:00:00,57.41,57.615,57.27,57.48,1463748
167,310,2020-09-16 16:30:00,57.48,57.67,56.3083,57.48,1125237
168,309,2020-09-16 17:00:00,57.39,57.39,57.39,57.39,2686
169,308,2020-09-16 17:30:00,57.75,57.75,57.6,57.6,387
170,307,2020-09-16 18:30:00,57.53,57.53,57.53,57.53,125
171,306,2020-09-16 19:00:00,57.6,57.6,57.6,57.6,150
172,305,2020-09-16 19:30:00,57.7,57.7,57.7,57.7,700
173,304,2020-09-16 20:00:00,57.6,57.7,57.6,57.7,595
174,303,2020-09-17 07:30:00,57.25,57.25,57.25,57.25,233
175,302,2020-09-17 08:00:00,57.25,57.28,57.15,57.25,1706
176,301,2020-09-17 08:30:00,57.31,57.31,57.25,57.3,1999
177,300,2020-09-17 09:00:00,57.2128,57.54,57.2128,57.47,4558
178,299,2020-09-17 09:30:00,57.1187,57.44,57.0374,57.2,5508
179,298,2020-09-17 10:00:00,57.1,57.41,56.82,57.31,1024456
180,297,2020-09-17 10:30:00,57.31,58.2599,57.22,58.23,765934
181,296,2020-09-17 11:00:00,58.23,58.28,57.96,58.03,551698
182,295,2020-09-17 11:30:00,58.03,58.2798,58.03,58.255,615926
183,294,2020-09-17 12:00:00,58.25,58.3186,58.1346,58.155,402813
184,293,2020-09-17 12:30:00,58.15,58.15,57.63,57.865,574220
185,292,2020-09-17 13:00:00,57.86,58.22,57.81,58.145,619019
186,291,2020-09-17 13:30:00,58.14,58.2,57.99,58.05,461617
187,290,2020-09-17 14:00:00,58.04,58.11,57.99,58.03,344820
188,289,2020-09-17 14:30:00,58.04,58.2,58.0186,58.08,516662
189,288,2020-09-17 15:00:00,58.07,58.31,58.03,58.25,642577
190,287,2020-09-17 15:30:00,58.25,58.48,58.075,58.44,827264
191,286,2020-09-17 16:00:00,58.43,58.675,58.35,58.41,2078940
192,285,2020-09-17 16:30:00,58.41,58.57,57.48,58.5,1056702
193,284,2020-09-17 17:00:00,58.5,58.5,58.45,58.45,2299
194,283,2020-09-17 17:30:00,58.5,58.5,58.45,58.4799,900
195,282,2020-09-17 18:00:00,58.49,58.49,58.25,58.25,1615
196,281,2020-09-17 18:30:00,58.49,58.57,58.49,58.55,5104
197,280,2020-09-17 19:00:00,58.57,58.57,58.57,58.57,660
198,279,2020-09-17 19:30:00,58.5,58.5,58.5,58.5,1318
199,278,2020-09-17 20:00:00,58.55,58.6,58.55,58.6,455
200,277,2020-09-18 07:30:00,58.7,58.7,58.62,58.62,210
201,276,2020-09-18 08:30:00,58.65,58.7,58.511,58.69,3847
202,275,2020-09-18 09:00:00,58.6,58.68,58.6,58.68,946
203,274,2020-09-18 09:30:00,58.69,58.821999999999996,58.65,58.65,2174
204,273,2020-09-18 10:00:00,58.51,58.72,57.88,58.4,2668260
205,272,2020-09-18 10:30:00,58.395,59.31,58.34,59.245,861483
206,271,2020-09-18 11:00:00,59.25,59.26,58.695,58.842,600191
207,270,2020-09-18 11:30:00,58.85,59.055,58.74,58.93899999999999,505668
208,269,2020-09-18 12:00:00,58.94,59.1,58.76,58.9,447998
209,268,2020-09-18 12:30:00,58.89,59.065,58.84,59.05,449813
210,267,2020-09-18 13:00:00,59.0566,59.06,58.6211,58.685,495299
211,266,2020-09-18 13:30:00,58.69,58.75,58.43,58.43,380727
212,265,2020-09-18 14:00:00,58.435,58.46,58.18,58.46,475449
213,264,2020-09-18 14:30:00,58.455,58.68,58.36,58.61,472861
214,263,2020-09-18 15:00:00,58.605,58.82,58.595,58.795,365296
215,262,2020-09-18 15:30:00,58.8,59.29,58.79,59.285,784455
216,261,2020-09-18 16:00:00,59.285,59.77,59.27,59.57,2627257
217,260,2020-09-18 16:30:00,59.57,59.5717,59.31,59.5717,392245
218,259,2020-09-18 17:00:00,59.53,59.75,59.53,59.57,9468
219,258,2020-09-18 17:30:00,59.55,59.55,59.39,59.4,18620
220,257,2020-09-18 18:00:00,59.4,59.4,59.4,59.4,1432
221,256,2020-09-18 18:30:00,59.65,59.65,59.4,59.48,871
222,255,2020-09-18 19:00:00,59.48,59.48,59.48,59.48,259
223,254,2020-09-18 19:30:00,59.67,59.69,59.67,59.69,3749
224,253,2020-09-18 20:00:00,59.69,59.69,59.66,59.69,523
225,252,2020-09-21 04:30:00,59.4,59.4,59.4,59.4,505
226,251,2020-09-21 05:00:00,58.9,58.9,58.9,58.9,1130
227,250,2020-09-21 05:30:00,58.61,58.9,58.6,58.9,649
228,249,2020-09-21 07:30:00,58.75,58.95,58.75,58.95,1136
229,248,2020-09-21 08:00:00,58.75,58.95,58.75,58.95,3932
230,247,2020-09-21 08:30:00,58.6004,58.9,58.51,58.74,4577
231,246,2020-09-21 09:00:00,58.7,58.85,58.62,58.85,3455
232,245,2020-09-21 09:30:00,58.82,59.2,58.62,59.07,35467
233,244,2020-09-21 10:00:00,58.85,59.01,57.96,58.3357,1721172
234,243,2020-09-21 10:30:00,58.35,58.49,58.04,58.26,1084475
235,242,2020-09-21 11:00:00,58.265,58.675,58.14,58.54,700012
236,241,2020-09-21 11:30:00,58.54,58.7611,58.5266,58.6428,524710
237,240,2020-09-21 12:00:00,58.64,58.77,58.48,58.67,599360
238,239,2020-09-21 12:30:00,58.6599,58.66,58.48,58.5481,415669
239,238,2020-09-21 13:00:00,58.54,58.55,58.37,58.49,391859
240,237,2020-09-21 13:30:00,58.49,58.7,58.41,58.695,391766
241,236,2020-09-21 14:00:00,58.695,58.73,58.365,58.395,385499
242,235,2020-09-21 14:30:00,58.4,58.42,58.238,58.31,634207
243,234,2020-09-21 15:00:00,58.3,58.56,58.2,58.525,357844
244,233,2020-09-21 15:30:00,58.52,58.85,58.51,58.725,518763
245,232,2020-09-21 16:00:00,58.73,58.91,58.58,58.88,1189156
246,231,2020-09-21 16:30:00,58.87,58.91,58.87,58.87,93060
247,230,2020-09-21 17:00:00,58.91,58.99,58.91,58.99,1611
248,229,2020-09-21 17:30:00,58.9,58.9,58.9,58.9,103
249,228,2020-09-21 18:00:00,58.85,58.85,58.85,58.85,1291
250,227,2020-09-21 18:30:00,58.9,58.94,58.88,58.94,941
251,226,2020-09-21 19:00:00,59.0,59.19,58.82,59.18,2709
252,225,2020-09-21 19:30:00,59.1,59.1,59.1,59.1,600
253,224,2020-09-21 20:00:00,58.96,59.06,58.89,58.9,1556
254,223,2020-09-22 07:30:00,59.1,59.1,59.1,59.1,165
255,222,2020-09-22 08:00:00,59.0,59.1,59.0,59.1,735
256,221,2020-09-22 08:30:00,59.19,59.19,59.0,59.0,714
257,220,2020-09-22 09:00:00,59.02,59.09,59.0,59.08,2806
258,219,2020-09-22 09:30:00,59.09,59.09,58.75,58.75,3202
259,218,2020-09-22 10:00:00,58.81,59.2278,58.61,58.89,745024
260,217,2020-09-22 10:30:00,58.89,59.16,58.56,59.0789,517311
261,216,2020-09-22 11:00:00,59.07,59.11,58.79,59.0,761009
262,215,2020-09-22 11:30:00,59.0,59.02,58.75,58.869,883149
263,214,2020-09-22 12:00:00,58.87,58.9199,58.61,58.69,329107
264,213,2020-09-22 12:30:00,58.7,58.79,58.57,58.61,227667
265,212,2020-09-22 13:00:00,58.6,58.66,58.43,58.5,191630
266,211,2020-09-22 13:30:00,58.5,58.6,58.42,58.59,212835
267,210,2020-09-22 14:00:00,58.59,58.67,58.39,58.52,388330
268,209,2020-09-22 14:30:00,58.53,58.63,58.5217,58.56,425952
269,208,2020-09-22 15:00:00,58.56,58.6442,58.48,58.51,222665
270,207,2020-09-22 15:30:00,58.5,58.545,58.355,58.51,356676
271,206,2020-09-22 16:00:00,58.5,58.505,58.09,58.15,996911
272,205,2020-09-22 16:30:00,58.14,58.2,58.1398,58.1398,89558
273,204,2020-09-22 17:00:00,58.12,58.12,58.12,58.12,335
274,203,2020-09-22 17:30:00,58.12,58.12,58.1198,58.12,1605
275,202,2020-09-22 18:00:00,58.14,58.14,58.14,58.14,100
276,201,2020-09-22 18:30:00,58.23,58.23,58.15,58.15,555
277,200,2020-09-22 19:00:00,58.15,58.15,58.1,58.1,1310
278,199,2020-09-22 20:00:00,58.09,58.19,58.09,58.19,1492
279,198,2020-09-23 05:30:00,59.35,59.35,59.35,59.35,315
280,197,2020-09-23 06:00:00,59.35,59.35,59.35,59.35,100
281,196,2020-09-23 07:30:00,58.73,58.73,58.5,58.5,1100
282,195,2020-09-23 08:00:00,58.3,58.3,58.3,58.3,685
283,194,2020-09-23 08:30:00,58.74,58.74,58.2,58.45,3301
284,193,2020-09-23 09:00:00,58.32,58.32,58.32,58.32,100
285,192,2020-09-23 09:30:00,58.1547,58.47,58.1547,58.18,10660
286,191,2020-09-23 10:00:00,58.16,58.375,57.88,58.01,836055
287,190,2020-09-23 10:30:00,58.005,58.2,57.835,57.905,392714
288,189,2020-09-23 11:00:00,57.92,58.0599,57.73,57.96,388762
289,188,2020-09-23 11:30:00,57.95,58.05,57.815,57.88,317753
290,187,2020-09-23 12:00:00,57.87,57.99,57.74,57.81,253159
291,186,2020-09-23 12:30:00,57.79,57.985,57.75,57.97,210677
292,185,2020-09-23 13:00:00,57.975,58.19,57.97,58.045,234087
293,184,2020-09-23 13:30:00,58.05,58.1325,57.89,57.89,163222
294,183,2020-09-23 14:00:00,57.895,57.905,57.8,57.905,236638
295,182,2020-09-23 14:30:00,57.905,57.92,57.53,57.58,373792
296,181,2020-09-23 15:00:00,57.57,57.68,57.44,57.46,466324
297,180,2020-09-23 15:30:00,57.465,57.6356,57.42,57.53,680263
298,179,2020-09-23 16:00:00,57.52,57.65,57.365,57.4,1289536
299,178,2020-09-23 16:30:00,57.4,57.4,57.4,57.4,96570
300,177,2020-09-23 17:30:00,57.5,57.56,57.5,57.55,908
301,176,2020-09-23 18:00:00,57.55,57.55,57.55,57.55,521
302,175,2020-09-23 18:30:00,57.55,57.55,57.55,57.55,1000
303,174,2020-09-23 19:00:00,57.45,57.5,57.45,57.5,250
304,173,2020-09-23 19:30:00,57.41,57.41,57.41,57.41,200
305,172,2020-09-23 20:00:00,57.4,57.4,57.33,57.35,1144
306,171,2020-09-24 08:00:00,57.6,57.6,57.56,57.56,1009
307,170,2020-09-24 08:30:00,57.4016,57.8,57.38,57.4,4351
308,169,2020-09-24 09:00:00,57.5,57.5001,57.21,57.21,4324
309,168,2020-09-24 09:30:00,57.2019,57.3301,57.12,57.12,7331
310,167,2020-09-24 10:00:00,57.18,57.6,56.98,57.12,1029652
311,166,2020-09-24 10:30:00,57.115,57.41,57.09,57.14,395025
312,165,2020-09-24 11:00:00,57.15,57.18,56.775,56.87,541507
313,164,2020-09-24 11:30:00,56.86,56.86,56.35,56.471000000000004,609540
314,163,2020-09-24 12:00:00,56.47,56.97,56.44,56.9388,431038
315,162,2020-09-24 12:30:00,56.94,57.107,56.9,57.02,358497
316,161,2020-09-24 13:00:00,57.01,57.01,56.785,56.89,220250
317,160,2020-09-24 13:30:00,56.88,57.17,56.86,57.095,364621
318,159,2020-09-24 14:00:00,57.1,57.16,57.01,57.04,376485
319,158,2020-09-24 14:30:00,57.06,57.14,56.841,56.88,312613
320,157,2020-09-24 15:00:00,56.885,56.9378,56.59,56.6,492998
321,156,2020-09-24 15:30:00,56.605,56.735,56.44,56.4811,543540
322,155,2020-09-24 16:00:00,56.48,56.76,56.46,56.7,915637
323,154,2020-09-24 16:30:00,56.71,57.1,56.56,56.56,53842
324,153,2020-09-24 17:00:00,56.7,56.7,56.7,56.7,265
325,152,2020-09-24 18:00:00,56.9,56.9,56.85,56.85,1248
326,151,2020-09-24 18:30:00,56.71,56.95,56.71,56.95,1660
327,150,2020-09-24 19:30:00,56.96,56.96,56.96,56.96,499
328,149,2020-09-24 20:00:00,56.95,56.95,56.95,56.95,433
329,148,2020-09-25 04:30:00,56.95,56.95,56.95,56.95,140
330,147,2020-09-25 07:30:00,56.6,56.65,56.59,56.65,837
331,146,2020-09-25 08:30:00,56.5001,56.77,56.5001,56.77,1444
332,145,2020-09-25 09:00:00,56.7699,56.7699,56.32,56.6999,5985
333,144,2020-09-25 09:30:00,56.75,56.75,56.34,56.34,10286
334,143,2020-09-25 10:00:00,56.31,57.115,56.11,56.92,682023
335,142,2020-09-25 10:30:00,56.91,57.04,56.5935,56.885,339637
336,141,2020-09-25 11:00:00,56.89,57.09,56.71,56.76,316834
337,140,2020-09-25 11:30:00,56.76,56.895,56.61,56.825,266416
338,139,2020-09-25 12:00:00,56.83,56.84,56.575,56.58,273792
339,138,2020-09-25 12:30:00,56.585,56.84,56.575,56.66,250650
340,137,2020-09-25 13:00:00,56.67,56.799,56.61,56.76,243408
341,136,2020-09-25 13:30:00,56.77,56.9868,56.6922,56.95,231980
342,135,2020-09-25 14:00:00,56.955,57.05,56.89,57.005,216919
343,134,2020-09-25 14:30:00,57.005,57.24,57.005,57.18,270729
344,133,2020-09-25 15:00:00,57.18,57.185,56.9908,57.14,253997
345,132,2020-09-25 15:30:00,57.15,57.43,57.135,57.42,315023
346,131,2020-09-25 16:00:00,57.42,57.43,57.185,57.33,661476
347,130,2020-09-25 16:30:00,57.32,57.34,57.32,57.34,66571
348,129,2020-09-25 17:00:00,57.34,57.34,57.34,57.34,501
349,128,2020-09-25 17:30:00,57.3,57.3,57.3,57.3,104
350,127,2020-09-25 18:00:00,57.34,57.34,57.34,57.34,100
351,126,2020-09-25 18:30:00,57.15,57.15,57.15,57.15,181
352,125,2020-09-25 19:30:00,57.3,57.32,57.01,57.32,1099
353,124,2020-09-25 20:00:00,57.25,57.3,57.25,57.3,1100
354,123,2020-09-28 04:30:00,57.5,57.83,57.5,57.79,704
355,122,2020-09-28 05:00:00,57.85,57.85,57.85,57.85,100
356,121,2020-09-28 07:30:00,57.5,58.0,57.5,57.81,1796
357,120,2020-09-28 08:00:00,57.73,57.73,57.73,57.73,100
358,119,2020-09-28 08:30:00,57.7499,57.8776,57.6,57.8344,4396
359,118,2020-09-28 09:00:00,57.84,57.88,57.7502,57.88,1793
360,117,2020-09-28 09:30:00,57.87,57.88,57.7,57.7,2146
361,116,2020-09-28 10:00:00,57.6,58.46,57.6,58.08,911206
362,115,2020-09-28 10:30:00,58.09,58.53,57.91,58.4,355841
363,114,2020-09-28 11:00:00,58.38,58.56,58.17,58.51,375422
364,113,2020-09-28 11:30:00,58.5094,58.56,58.2,58.3138,284848
365,112,2020-09-28 12:00:00,58.3,58.43,58.27,58.35,287050
366,111,2020-09-28 12:30:00,58.36,58.55,58.31,58.475,264820
367,110,2020-09-28 13:00:00,58.48,58.595,58.41,58.525,181785
368,109,2020-09-28 13:30:00,58.5206,58.525,58.325,58.35,214714
369,108,2020-09-28 14:00:00,58.36,58.52,58.36,58.4175,216936
370,107,2020-09-28 14:30:00,58.42,58.4299,58.31,58.35,223692
371,106,2020-09-28 15:00:00,58.35,58.37,58.2,58.26,227162
372,105,2020-09-28 15:30:00,58.25,58.25,58.065,58.125,256886
373,104,2020-09-28 16:00:00,58.12,58.1221,57.82,57.96,699642
374,103,2020-09-28 16:30:00,57.94,58.251000000000005,57.85,58.25,78379
375,102,2020-09-28 17:30:00,58.18,58.18,58.0,58.1,750
376,101,2020-09-28 18:00:00,58.0,58.0,58.0,58.0,500
377,100,2020-09-28 20:00:00,58.24,58.24,58.24,58.24,250
378,99,2020-09-29 08:00:00,58.0,58.0,58.0,58.0,120
379,98,2020-09-29 08:30:00,57.8802,57.8802,57.88,57.88,400
380,97,2020-09-29 09:00:00,57.89,57.89,57.89,57.89,305
381,96,2020-09-29 09:30:00,58.0695,58.1971,58.0695,58.1971,701
382,95,2020-09-29 10:00:00,57.95,57.95,57.38,57.65,711842
383,94,2020-09-29 10:30:00,57.66,57.84,57.55,57.66,291633
384,93,2020-09-29 11:00:00,57.66,57.74,57.261,57.31,304328
385,92,2020-09-29 11:30:00,57.29,57.34,57.11,57.2011,341921
386,91,2020-09-29 12:00:00,57.2,57.37,57.05,57.14,233161
387,90,2020-09-29 12:30:00,57.15,57.3,57.08,57.19,166494
388,89,2020-09-29 13:00:00,57.18,57.21,57.11,57.19,183308
389,88,2020-09-29 13:30:00,57.172,57.25,57.06,57.17,182712
390,87,2020-09-29 14:00:00,57.175,57.395,57.17,57.315,204032
391,86,2020-09-29 14:30:00,57.315,57.66,57.315,57.63,1124201
392,85,2020-09-29 15:00:00,57.63,57.77,57.605,57.65,439482
393,84,2020-09-29 15:30:00,57.65,57.6939,57.61,57.65,406240
394,83,2020-09-29 16:00:00,57.655,57.76,57.5,57.54,930472
395,82,2020-09-29 16:30:00,57.54,57.83,57.54,57.79,36760
396,81,2020-09-29 17:00:00,57.74,57.81,57.65,57.65,2206
397,80,2020-09-29 17:30:00,57.75,57.75,57.75,57.75,101
398,79,2020-09-29 18:00:00,57.75,57.75,57.75,57.75,435
399,78,2020-09-29 18:30:00,57.75,57.75,57.75,57.75,692
400,77,2020-09-29 19:00:00,57.75,57.75,57.75,57.75,400
401,76,2020-09-29 19:30:00,57.75,57.8,57.75,57.8,1416
402,75,2020-09-29 20:00:00,57.8,57.89,57.79,57.79,1430
403,74,2020-09-30 05:30:00,57.44,57.44,57.44,57.44,115
404,73,2020-09-30 07:30:00,57.82,57.82,57.82,57.82,261
405,72,2020-09-30 08:00:00,57.7,57.7,57.7,57.7,106
406,71,2020-09-30 08:30:00,57.5294,57.7,57.5294,57.55,2937
407,70,2020-09-30 09:00:00,57.7,57.7,57.55,57.64,1411
408,69,2020-09-30 09:30:00,57.6,57.86,57.6,57.8,2297
409,68,2020-09-30 10:00:00,57.64,58.4594,57.6,58.24,738184
410,67,2020-09-30 10:30:00,58.24,58.46,58.17,58.31,493619
411,66,2020-09-30 11:00:00,58.31,58.74,58.25,58.49,413733
412,65,2020-09-30 11:30:00,58.49,58.675,58.45,58.56,342630
413,64,2020-09-30 12:00:00,58.55,58.58,58.21,58.305,393097
414,63,2020-09-30 12:30:00,58.305,58.695,58.28,58.685,403638
415,62,2020-09-30 13:00:00,58.685,58.995,58.685,58.9427,408962
416,61,2020-09-30 13:30:00,58.9499,58.97,58.7703,58.865,374051
417,60,2020-09-30 14:00:00,58.87,59.095,58.87,58.93899999999999,416989
418,59,2020-09-30 14:30:00,58.93,59.08,58.54,58.68,474190
419,58,2020-09-30 15:00:00,58.67,58.67,58.345,58.63,471087
420,57,2020-09-30 15:30:00,58.63,58.635,58.11,58.3657,582069
421,56,2020-09-30 16:00:00,58.36,58.5689,58.26,58.38,1029025
422,55,2020-09-30 16:30:00,58.4,58.4,58.22,58.39,197084
423,54,2020-09-30 17:30:00,58.4,58.4,58.4,58.4,201
424,53,2020-09-30 18:00:00,58.39,58.39,58.39,58.39,130
425,52,2020-09-30 18:30:00,58.39,58.52,58.39,58.45,1280
426,51,2020-09-30 19:30:00,58.41,58.41,58.41,58.41,300
427,50,2020-10-01 07:30:00,58.9,58.99,58.9,58.99,1079
428,49,2020-10-01 08:30:00,59.0,59.0,58.9,59.0,1054
429,48,2020-10-01 09:00:00,58.85,58.9999,58.8,58.9,2000
430,47,2020-10-01 09:30:00,58.85,58.85,58.45,58.45,4286
431,46,2020-10-01 10:00:00,58.43,58.67,57.8001,57.86,885276
432,45,2020-10-01 10:30:00,57.86,57.95,57.58,57.669,584828
433,44,2020-10-01 11:00:00,57.67,57.91,57.53,57.59,539671
434,43,2020-10-01 11:30:00,57.6,57.745,57.45,57.69,486752
435,42,2020-10-01 12:00:00,57.7,57.74,57.55,57.7299,415509
436,41,2020-10-01 12:30:00,57.725,57.785,57.54,57.775,414802
437,40,2020-10-01 13:00:00,57.775,57.9699,57.7,57.9028,356115
438,39,2020-10-01 13:30:00,57.91,57.92,57.745,57.8,356839
439,38,2020-10-01 14:00:00,57.795,57.795,57.5502,57.6,367860
440,37,2020-10-01 14:30:00,57.61,57.68,57.355,57.6631,696699
441,36,2020-10-01 15:00:00,57.665,57.8,57.622,57.73,410283
442,35,2020-10-01 15:30:00,57.72,57.86,57.535,57.5678,427941
443,34,2020-10-01 16:00:00,57.545,57.85,57.53,57.84,1016616
444,33,2020-10-01 16:30:00,57.84,57.84,57.6684,57.75,171679
445,32,2020-10-01 17:00:00,57.7998,57.7998,57.75,57.75,1256
446,31,2020-10-01 17:30:00,57.8298,57.8298,57.79,57.79,945
447,30,2020-10-01 18:00:00,57.7,57.7,57.7,57.7,405
448,29,2020-10-01 18:30:00,57.83,57.83,57.83,57.83,1000
449,28,2020-10-01 19:30:00,57.83,57.83,57.78,57.78,1304
450,27,2020-10-01 20:00:00,57.83,57.83,57.83,57.83,100
451,26,2020-10-02 06:00:00,57.02,57.02,56.89,56.89,500
452,25,2020-10-02 07:30:00,57.3,57.4,57.25,57.3,2228
453,24,2020-10-02 08:00:00,57.26,57.26,57.2,57.2,962
454,23,2020-10-02 08:30:00,57.2,57.3,56.9999,57.0,29871
455,22,2020-10-02 09:00:00,57.07,57.15,57.0109,57.15,9646
456,21,2020-10-02 09:30:00,57.0323,57.11,56.88,57.02,12264
457,20,2020-10-02 10:00:00,57.09,57.94,56.92,57.81,897948
458,19,2020-10-02 10:30:00,57.8,58.11,57.62,57.83,389187
459,18,2020-10-02 11:00:00,57.83,57.93,57.57,57.69,353192
460,17,2020-10-02 11:30:00,57.69,57.99,57.62,57.96,231272
461,16,2020-10-02 12:00:00,57.965,58.0395,57.74,57.74100000000001,277776
462,15,2020-10-02 12:30:00,57.73,58.38,57.69,58.205,398098
463,14,2020-10-02 13:00:00,58.21,58.42,58.17,58.34,330566
464,13,2020-10-02 13:30:00,58.3458,58.69,58.29,58.62,347549
465,12,2020-10-02 14:00:00,58.62,58.64,58.2,58.265,364373
466,11,2020-10-02 14:30:00,58.265,58.385,58.19,58.235,620110
467,10,2020-10-02 15:00:00,58.24,58.255,58.12,58.17,501322
468,9,2020-10-02 15:30:00,58.17,58.22,57.99,58.195,401838
469,8,2020-10-02 16:00:00,58.2,58.24,57.8,57.83,1147884
470,7,2020-10-02 16:30:00,57.83,58.04,57.83,57.99,51918
471,6,2020-10-02 17:00:00,57.92,57.99,57.71,57.99,3396
472,5,2020-10-02 17:30:00,57.83,57.83,57.83,57.83,594
473,4,2020-10-02 18:00:00,57.83,57.83,57.83,57.83,226
474,3,2020-10-02 18:30:00,57.78,57.78,57.75,57.75,900
475,2,2020-10-02 19:00:00,57.74,57.74,57.74,57.74,102
476,1,2020-10-02 19:30:00,57.75,57.75,57.75,57.75,196
477,0,2020-10-02 20:00:00,57.78,57.85,57.78,57.82,4074
