,index,time,open,high,low,close,volume
0,509,2020-09-08 04:30:00,82.15,82.18,82.15,82.17,2349
1,508,2020-09-08 05:30:00,82.01,82.01,82.01,82.01,100
2,507,2020-09-08 06:00:00,82.32,82.32,82.32,82.32,197
3,506,2020-09-08 06:30:00,81.84,81.84,81.79,81.79,502
4,505,2020-09-08 07:00:00,81.83,81.83,81.51,81.51,1300
5,504,2020-09-08 07:30:00,81.55,81.55,80.89,81.28,8751
6,503,2020-09-08 08:00:00,81.05,81.05,80.86,81.01,1897
7,502,2020-09-08 08:30:00,81.25,81.7,80.73,81.0,17909
8,501,2020-09-08 09:00:00,81.0,81.0,80.73,80.88,4120
9,500,2020-09-08 09:30:00,80.75,80.75,80.25,80.49,39533
10,499,2020-09-08 10:00:00,80.5,80.58,78.38,78.82,2520269
11,498,2020-09-08 10:30:00,78.8398,80.07,78.29,78.82,1057685
12,497,2020-09-08 11:00:00,78.79,79.1,78.14,78.18,1180428
13,496,2020-09-08 11:30:00,78.185,79.25,78.04,79.13,881277
14,495,2020-09-08 12:00:00,79.13,79.34,78.24,78.5,1411067
15,494,2020-09-08 12:30:00,78.51,79.66,78.475,79.4836,888676
16,493,2020-09-08 13:00:00,79.4596,79.63,79.18,79.62,488280
17,492,2020-09-08 13:30:00,79.62,79.9279,79.49,79.85,510916
18,491,2020-09-08 14:00:00,79.85,80.1225,79.76,79.81,520013
19,490,2020-09-08 14:30:00,79.84,79.875,79.22,79.37,495229
20,489,2020-09-08 15:00:00,79.3877,79.3877,78.805,79.2,504442
21,488,2020-09-08 15:30:00,79.18,79.18,78.62,79.11,621391
22,487,2020-09-08 16:00:00,79.115,79.26,78.695,78.97,2197658
23,486,2020-09-08 16:30:00,79.0,79.14,78.89,79.05,219331
24,485,2020-09-08 17:00:00,79.05,79.25,78.97,79.25,36564
25,484,2020-09-08 18:00:00,78.97,78.97,78.3001,78.85,4530
26,483,2020-09-08 18:30:00,78.45,78.45,78.45,78.45,400
27,482,2020-09-08 19:00:00,78.5,78.5,78.47,78.47,865
28,481,2020-09-08 19:30:00,78.5,78.5,78.5,78.5,599
29,480,2020-09-09 04:30:00,79.5,79.5,79.5,79.5,200
30,479,2020-09-09 05:30:00,79.5,79.5,79.5,79.5,150
31,478,2020-09-09 06:00:00,79.5,79.5,79.5,79.5,160
32,477,2020-09-09 07:30:00,79.25,79.25,79.2,79.2,394
33,476,2020-09-09 08:00:00,79.2,79.45,79.2,79.45,3617
34,475,2020-09-09 08:30:00,79.1999,79.65,79.1999,79.65,2366
35,474,2020-09-09 09:00:00,79.45,79.6,79.3,79.6,2280
36,473,2020-09-09 09:30:00,79.43,79.97,79.41,79.97,13692
37,472,2020-09-09 10:00:00,79.97,81.07,79.68,81.01,1393073
38,471,2020-09-09 10:30:00,81.03,81.065,80.5232,80.57,840542
39,470,2020-09-09 11:00:00,80.57,80.84,80.18,80.435,471379
40,469,2020-09-09 11:30:00,80.46,80.7677,80.36,80.6163,509173
41,468,2020-09-09 12:00:00,80.64,80.85,80.3,80.35,477824
42,467,2020-09-09 12:30:00,80.35,80.43,80.135,80.24,439529
43,466,2020-09-09 13:00:00,80.25,80.49,79.89,79.96,446257
44,465,2020-09-09 13:30:00,79.97,80.71,79.91,80.5369,421968
45,464,2020-09-09 14:00:00,80.539,80.63,80.25,80.43,427049
46,463,2020-09-09 14:30:00,80.46,80.55,80.32,80.35,329471
47,462,2020-09-09 15:00:00,80.36,80.66,80.35,80.5783,363727
48,461,2020-09-09 15:30:00,80.59,80.76,80.43,80.49,354360
49,460,2020-09-09 16:00:00,80.5,80.57,80.01,80.05,1214059
50,459,2020-09-09 16:30:00,80.03,80.04,79.91,80.03,410440
51,458,2020-09-09 17:00:00,80.0,80.15,80.0,80.0,23831
52,457,2020-09-09 19:00:00,80.44,80.44,80.44,80.44,200
53,456,2020-09-09 19:30:00,80.45,80.45,80.45,80.45,625
54,455,2020-09-10 07:30:00,79.68,79.68,79.48,79.48,1561
55,454,2020-09-10 08:30:00,79.48,80.0,79.48,79.9,6458
56,453,2020-09-10 09:00:00,79.7327,80.55,79.7327,80.12,5791
57,452,2020-09-10 09:30:00,80.0,80.95,79.8,80.93,19771
58,451,2020-09-10 10:00:00,80.63,80.89,80.21,80.25,1654323
59,450,2020-09-10 10:30:00,80.25,80.74,80.13,80.3077,749073
60,449,2020-09-10 11:00:00,80.3,80.5098,79.8,79.88,730525
61,448,2020-09-10 11:30:00,79.87,80.08,79.68,80.03,582478
62,447,2020-09-10 12:00:00,80.03,80.23,79.84,79.9158,463903
63,446,2020-09-10 12:30:00,79.9134,80.12,79.55,79.61,492577
64,445,2020-09-10 13:00:00,79.6,79.62,78.89,79.05,710592
65,444,2020-09-10 13:30:00,79.06,79.64,79.03,79.423,573321
66,443,2020-09-10 14:00:00,79.435,79.56,78.94,79.06,536287
67,442,2020-09-10 14:30:00,79.05,79.31,78.69,78.725,710574
68,441,2020-09-10 15:00:00,78.71,79.01,78.62,78.85,719487
69,440,2020-09-10 15:30:00,78.835,78.89,78.3,78.5266,1115183
70,439,2020-09-10 16:00:00,78.53,78.64,78.05,78.11,1972346
71,438,2020-09-10 16:30:00,78.12,78.75,78.06,78.12,90840
72,437,2020-09-10 17:00:00,78.2,78.2,78.15,78.15,17426
73,436,2020-09-10 17:30:00,78.3,78.3,78.2502,78.2502,4851
74,435,2020-09-10 18:00:00,78.37,78.37,78.37,78.37,765
75,434,2020-09-10 18:30:00,78.4,78.71,78.4,78.71,809
76,433,2020-09-10 19:00:00,78.3001,78.3001,78.3001,78.3001,350
77,432,2020-09-10 19:30:00,78.7,78.7,78.7,78.7,176
78,431,2020-09-11 07:30:00,78.65,78.65,78.51,78.51,558
79,430,2020-09-11 08:00:00,78.66,78.66,78.65,78.65,416
80,429,2020-09-11 08:30:00,78.65,78.7,78.36,78.55,3672
81,428,2020-09-11 09:00:00,78.55,78.66,78.45,78.45,3921
82,427,2020-09-11 09:30:00,78.59,78.66,78.15,78.15,24019
83,426,2020-09-11 10:00:00,78.24,78.69,77.77,78.0,1158112
84,425,2020-09-11 10:30:00,78.0,78.41,77.89,78.12,1359286
85,424,2020-09-11 11:00:00,78.13,78.195,77.72,77.74,1769867
86,423,2020-09-11 11:30:00,77.73,78.054,77.54,77.84,1373533
87,422,2020-09-11 12:00:00,77.8575,77.88,77.65,77.76,405482
88,421,2020-09-11 12:30:00,77.77,77.95,77.67,77.73,836654
89,420,2020-09-11 13:00:00,77.73,77.92,77.609,77.63,800195
90,419,2020-09-11 13:30:00,77.65,77.72,77.4,77.405,921296
91,418,2020-09-11 14:00:00,77.4,77.43,77.13,77.16,745039
92,417,2020-09-11 14:30:00,77.17,77.57,77.065,77.44,1344420
93,416,2020-09-11 15:00:00,77.44,77.88,77.435,77.765,556213
94,415,2020-09-11 15:30:00,77.76,78.0,77.49,77.94,509289
95,414,2020-09-11 16:00:00,77.94,78.01,77.59,77.66,1132224
96,413,2020-09-11 16:30:00,77.67,77.69,77.66,77.69,141616
97,412,2020-09-11 17:00:00,77.67,77.67,77.65,77.65,1051
98,411,2020-09-11 18:00:00,77.79,77.79,77.71,77.71,366
99,410,2020-09-11 18:30:00,77.76,77.76,77.69,77.69,347
100,409,2020-09-11 19:00:00,77.65,77.65,77.65,77.65,400
101,408,2020-09-11 20:00:00,77.65,77.65,77.65,77.65,150
102,407,2020-09-14 04:30:00,78.17,78.41,78.17,78.41,572
103,406,2020-09-14 05:00:00,78.28,78.28,78.28,78.28,268
104,405,2020-09-14 05:30:00,78.22,78.4,78.22,78.4,328
105,404,2020-09-14 06:00:00,78.4,78.41,78.4,78.41,286
106,403,2020-09-14 06:30:00,77.88,77.88,77.88,77.88,208
107,402,2020-09-14 07:30:00,77.9,78.0,77.73,77.84,9906
108,401,2020-09-14 08:00:00,77.85,77.85,77.85,77.85,200
109,400,2020-09-14 08:30:00,78.11,78.15,77.8,77.9,2480
110,399,2020-09-14 09:00:00,77.82,78.06,77.82,78.06,200
111,398,2020-09-14 09:30:00,78.04,78.04,77.49,77.49,6370
112,397,2020-09-14 10:00:00,77.48,77.83,76.95,77.4,1092264
113,396,2020-09-14 10:30:00,77.4,77.4977,77.05,77.0988,584915
114,395,2020-09-14 11:00:00,77.1,77.278,76.9199,76.94,683266
115,394,2020-09-14 11:30:00,76.95,77.3,76.92,77.255,454611
116,393,2020-09-14 12:00:00,77.2567,77.58,77.25,77.35,418493
117,392,2020-09-14 12:30:00,77.3467,77.72,77.34,77.67,346334
118,391,2020-09-14 13:00:00,77.675,77.87,77.58,77.78,273444
119,390,2020-09-14 13:30:00,77.77,77.98,77.7,77.92,327854
120,389,2020-09-14 14:00:00,77.93,77.96,77.72,77.8872,328493
121,388,2020-09-14 14:30:00,77.88,77.96,77.68,77.77,333844
122,387,2020-09-14 15:00:00,77.76,77.94,77.65,77.73,366083
123,386,2020-09-14 15:30:00,77.73,77.81,77.32,77.49,587006
124,385,2020-09-14 16:00:00,77.51,77.57,77.26,77.28,1100709
125,384,2020-09-14 16:30:00,77.3056,77.3056,77.09,77.29,289433
126,383,2020-09-14 17:00:00,77.29,77.5,77.16,77.2352,104696
127,382,2020-09-14 17:30:00,77.17,77.2,77.17,77.2,6476
128,381,2020-09-14 18:00:00,77.5,77.53,77.15,77.53,6386
129,380,2020-09-14 19:00:00,77.53,77.53,77.53,77.53,100
130,379,2020-09-14 19:30:00,77.25,77.25,77.24,77.25,760
131,378,2020-09-14 20:00:00,77.3,77.3,77.3,77.3,404
132,377,2020-09-15 04:30:00,77.29,77.29,77.29,77.29,428
133,376,2020-09-15 05:30:00,78.23,78.23,78.23,78.23,305
134,375,2020-09-15 08:00:00,77.8,77.86,77.8,77.86,1036
135,374,2020-09-15 08:30:00,77.9,77.93,77.7,77.7,2406
136,373,2020-09-15 09:00:00,77.71,77.91,77.7,77.85,5669
137,372,2020-09-15 09:30:00,77.85,77.9275,77.25,77.25,11446
138,371,2020-09-15 10:00:00,77.56,78.48,77.31,77.31,758022
139,370,2020-09-15 10:30:00,77.3299,77.67,77.25,77.33,370102
140,369,2020-09-15 11:00:00,77.33,77.75,77.23,77.52,342287
141,368,2020-09-15 11:30:00,77.52,77.72,77.31,77.395,409679
142,367,2020-09-15 12:00:00,77.38,77.4718,77.06,77.07,535976
143,366,2020-09-15 12:30:00,77.06,77.2,76.95,77.005,578258
144,365,2020-09-15 13:00:00,77.005,77.05,76.57,76.6901,768640
145,364,2020-09-15 13:30:00,76.7018,76.8608,76.64,76.7054,487849
146,363,2020-09-15 14:00:00,76.7,76.83,76.62,76.7,585843
147,362,2020-09-15 14:30:00,76.7,76.9919,76.51,76.6,1244876
148,361,2020-09-15 15:00:00,76.595,76.79,76.47,76.605,477519
149,360,2020-09-15 15:30:00,76.61,76.62,76.24,76.315,698877
150,359,2020-09-15 16:00:00,76.3191,76.38,75.96,76.33,1696695
151,358,2020-09-15 16:30:00,76.35,76.47,76.33,76.33,1041674
152,357,2020-09-15 17:00:00,76.5,76.5,76.5,76.5,139
153,356,2020-09-15 17:30:00,76.35,76.5,76.33,76.5,2310
154,355,2020-09-15 18:00:00,76.46,76.63,76.35,76.63,5323
155,354,2020-09-15 19:00:00,76.5,76.5,76.5,76.5,500
156,353,2020-09-15 19:30:00,76.4,76.41,76.4,76.41,1050
157,352,2020-09-15 20:00:00,76.37,76.37,76.35,76.35,745
158,351,2020-09-16 05:30:00,77.1,77.1,77.1,77.1,200
159,350,2020-09-16 07:00:00,77.0,77.01,77.0,77.01,300
160,349,2020-09-16 07:30:00,76.8,76.86,76.78,76.86,1454
161,348,2020-09-16 08:00:00,76.8,76.8,76.8,76.8,557
162,347,2020-09-16 08:30:00,76.957,76.957,76.7001,76.79,8086
163,346,2020-09-16 09:00:00,76.79,76.82,76.4881,76.4881,2110
164,345,2020-09-16 09:30:00,76.74,76.8,75.99,76.26,11082
165,344,2020-09-16 10:00:00,76.35,76.6332,75.96,76.06,1408046
166,343,2020-09-16 10:30:00,76.0688,76.98,76.06,76.69,930807
167,342,2020-09-16 11:00:00,76.69,77.35,76.51,77.3,691159
168,341,2020-09-16 11:30:00,77.29,77.98,77.29,77.94,669250
169,340,2020-09-16 12:00:00,77.96,78.66,77.82,78.63,708667
170,339,2020-09-16 12:30:00,78.63,78.964,78.55,78.95,748581
171,338,2020-09-16 13:00:00,78.95,79.04,78.635,78.68,575010
172,337,2020-09-16 13:30:00,78.69,79.0401,78.4661,78.62,702489
173,336,2020-09-16 14:00:00,78.63,78.86,78.44,78.44,583225
174,335,2020-09-16 14:30:00,78.475,79.01,78.46,78.87,791581
175,334,2020-09-16 15:00:00,78.87,79.4791,78.83,79.42,671342
176,333,2020-09-16 15:30:00,79.415,79.48,78.22,78.525,818968
177,332,2020-09-16 16:00:00,78.52,78.83,78.31,78.6,1289850
178,331,2020-09-16 16:30:00,78.56,78.6,76.8232,78.56,287936
179,330,2020-09-16 17:00:00,78.5,78.68,78.5,78.56,3158
180,329,2020-09-16 17:30:00,78.79,78.79,78.65,78.65,1651
181,328,2020-09-16 18:00:00,78.79,78.79,78.79,78.79,421
182,327,2020-09-16 19:00:00,78.93,79.22,78.93,79.22,371
183,326,2020-09-16 19:30:00,79.3,79.3,79.3,79.3,126
184,325,2020-09-16 20:00:00,79.0,79.0,78.95,78.95,751
185,324,2020-09-17 07:30:00,77.66,77.66,77.66,77.66,238
186,323,2020-09-17 08:00:00,78.0,78.13,78.0,78.12,997
187,322,2020-09-17 08:30:00,77.57,78.14,77.57,77.9,9505
188,321,2020-09-17 09:00:00,77.8999,77.8999,77.6548,77.6548,1832
189,320,2020-09-17 09:30:00,77.66,77.92,77.57,77.7,8799
190,319,2020-09-17 10:00:00,77.53,77.65,76.37,77.37,972380
191,318,2020-09-17 10:30:00,77.39,78.51,77.2,78.13,709299
192,317,2020-09-17 11:00:00,78.12,78.21,77.6436,77.78,513343
193,316,2020-09-17 11:30:00,77.77,78.2,77.77,78.07,461222
194,315,2020-09-17 12:00:00,78.06,78.27,77.87,78.14,445594
195,314,2020-09-17 12:30:00,78.11,78.27,77.635,77.9,456713
196,313,2020-09-17 13:00:00,77.915,78.5,77.75,78.45,448381
197,312,2020-09-17 13:30:00,78.45,78.65,78.35,78.37,514257
198,311,2020-09-17 14:00:00,78.38,78.55,78.08,78.1,346118
199,310,2020-09-17 14:30:00,78.09,78.43,78.05,78.3,378365
200,309,2020-09-17 15:00:00,78.29,78.38,77.93,78.23,513216
201,308,2020-09-17 15:30:00,78.24,78.33,77.88,78.23,482829
202,307,2020-09-17 16:00:00,78.22,78.85,78.15,78.73,1613853
203,306,2020-09-17 16:30:00,78.7,78.79,78.5,78.5,695984
204,305,2020-09-17 17:00:00,78.6,78.6,78.6,78.6,1110
205,304,2020-09-17 17:30:00,78.36,78.57,78.36,78.57,369
206,303,2020-09-17 18:00:00,78.57,78.6,78.47,78.47,2045
207,302,2020-09-17 18:30:00,78.5,78.6,78.5,78.52,5029
208,301,2020-09-17 19:00:00,78.59,78.6,78.59,78.6,6564
209,300,2020-09-17 19:30:00,78.6,78.68,78.59,78.68,8533
210,299,2020-09-17 20:00:00,78.68,78.7,78.55,78.55,3390
211,298,2020-09-18 06:00:00,78.9,78.9,78.9,78.9,100
212,297,2020-09-18 08:00:00,78.6,78.6,78.51,78.51,1459
213,296,2020-09-18 08:30:00,78.5175,78.6002,77.8,78.36,5566
214,295,2020-09-18 09:00:00,78.15,78.6,78.15,78.6,6198
215,294,2020-09-18 09:30:00,78.62,78.79,77.65,77.67,15197
216,293,2020-09-18 10:00:00,77.88,78.66,77.551,77.86,4294431
217,292,2020-09-18 10:30:00,77.88,78.79,77.8682,78.77,575350
218,291,2020-09-18 11:00:00,78.77,78.89,78.26,78.3907,442202
219,290,2020-09-18 11:30:00,78.3854,79.15,78.33,78.818,562565
220,289,2020-09-18 12:00:00,78.82,78.87,78.45,78.48,449666
221,288,2020-09-18 12:30:00,78.46,78.52,78.2,78.25,475040
222,287,2020-09-18 13:00:00,78.25,78.4691,78.18,78.265,496468
223,286,2020-09-18 13:30:00,78.2708,78.47,77.86,77.86,393736
224,285,2020-09-18 14:00:00,77.85,77.87,77.5,77.87,511386
225,284,2020-09-18 14:30:00,77.88,78.09,77.65,77.98,386053
226,283,2020-09-18 15:00:00,77.97,78.025,77.7,77.85,464609
227,282,2020-09-18 15:30:00,77.87,78.15,77.725,78.1249,489675
228,281,2020-09-18 16:00:00,78.13,78.44,77.96,78.21,1148197
229,280,2020-09-18 16:30:00,78.02,78.2117,78.01,78.2117,1090829
230,279,2020-09-18 17:00:00,78.21,78.48,78.191,78.4,1697
231,278,2020-09-18 17:30:00,78.4,78.4,78.21,78.21,1950
232,277,2020-09-18 18:00:00,78.24,78.24,78.24,78.24,126
233,276,2020-09-18 19:00:00,78.15,78.3,78.15,78.3,266
234,275,2020-09-18 20:00:00,78.15,78.15,78.14,78.14,408
235,274,2020-09-21 04:30:00,78.0,78.0,76.81,76.81,767
236,273,2020-09-21 05:30:00,76.78,76.86,76.75,76.75,2106
237,272,2020-09-21 06:30:00,76.6,76.6,76.6,76.6,262
238,271,2020-09-21 07:00:00,76.53,76.53,76.53,76.53,119
239,270,2020-09-21 07:30:00,76.53,76.63,76.44,76.62,5349
240,269,2020-09-21 08:00:00,76.47,76.5,76.46,76.46,862
241,268,2020-09-21 08:30:00,76.4601,76.75,76.4,76.4,13842
242,267,2020-09-21 09:00:00,76.45,76.45,76.25,76.2512,7310
243,266,2020-09-21 09:30:00,76.34,76.5,76.25,76.26,12347
244,265,2020-09-21 10:00:00,76.24,76.6522,75.37,75.94,1707145
245,264,2020-09-21 10:30:00,75.925,76.005,75.05,75.47,1139472
246,263,2020-09-21 11:00:00,75.47,75.61,75.02,75.07,1074020
247,262,2020-09-21 11:30:00,75.06,75.2,74.695,74.95,1388845
248,261,2020-09-21 12:00:00,74.95,75.47,74.95,75.34,711665
249,260,2020-09-21 12:30:00,75.33,75.8,75.28,75.38,647854
250,259,2020-09-21 13:00:00,75.39,75.55,75.3,75.36,691120
251,258,2020-09-21 13:30:00,75.36,75.43,75.17,75.405,482554
252,257,2020-09-21 14:00:00,75.4,75.45,75.13,75.15,582243
253,256,2020-09-21 14:30:00,75.15,75.17,74.78,74.86,677834
254,255,2020-09-21 15:00:00,74.86,75.01,74.68,74.99,1061769
255,254,2020-09-21 15:30:00,74.985,75.75,74.94,75.635,710843
256,253,2020-09-21 16:00:00,75.63,76.36,75.37,76.3,2685041
257,252,2020-09-21 16:30:00,76.3,76.48,76.0285,76.0285,600218
258,251,2020-09-21 17:00:00,76.45,76.45,76.3,76.3,526
259,250,2020-09-21 17:30:00,76.3002,76.49,76.3,76.49,2463
260,249,2020-09-21 18:00:00,76.3,76.48,76.3,76.48,562
261,248,2020-09-21 18:30:00,76.47,76.48,76.37,76.48,612
262,247,2020-09-21 19:00:00,76.3,76.3,76.3,76.3,145
263,246,2020-09-21 19:30:00,76.32,76.47,76.32,76.47,600
264,245,2020-09-21 20:00:00,76.32,76.42,76.28,76.28,1811
265,244,2020-09-22 07:00:00,76.35,76.37,76.35,76.37,800
266,243,2020-09-22 07:30:00,76.33,76.33,76.3,76.3,1068
267,242,2020-09-22 08:00:00,76.5,76.5,76.3,76.3,820
268,241,2020-09-22 08:30:00,76.0,76.0,75.98,76.0,2080
269,240,2020-09-22 09:00:00,76.19,76.2,76.14,76.15,3368
270,239,2020-09-22 09:30:00,76.2399,76.7,76.16,76.17,8259
271,238,2020-09-22 10:00:00,76.15,77.53,76.12,76.47,1134577
272,237,2020-09-22 10:30:00,76.47,76.58,76.27,76.47,507821
273,236,2020-09-22 11:00:00,76.46,76.58,75.77,75.808,577666
274,235,2020-09-22 11:30:00,75.81,76.1,75.69,75.945,455585
275,234,2020-09-22 12:00:00,75.95,76.13,75.6101,76.01,540406
276,233,2020-09-22 12:30:00,76.01,76.15,75.85,75.86,571343
277,232,2020-09-22 13:00:00,75.85,75.855,75.42,75.45,516314
278,231,2020-09-22 13:30:00,75.455,75.56,75.35,75.525,500268
279,230,2020-09-22 14:00:00,75.52,75.73,75.43,75.68,429124
280,229,2020-09-22 14:30:00,75.69,76.02,75.635,75.81,454006
281,228,2020-09-22 15:00:00,75.82,75.985,75.8,75.83,381334
282,227,2020-09-22 15:30:00,75.84,75.98,75.71,75.95,410336
283,226,2020-09-22 16:00:00,75.95,75.95,75.49,75.52,1307965
284,225,2020-09-22 16:30:00,75.39,75.75,75.39,75.53,432785
285,224,2020-09-22 17:00:00,75.78,75.79,75.6,75.6,1969
286,223,2020-09-22 17:30:00,75.6101,75.6101,75.6101,75.6101,1020
287,222,2020-09-22 18:00:00,75.69,75.69,75.53,75.67,3806
288,221,2020-09-22 18:30:00,75.65,75.65,75.64,75.64,1037
289,220,2020-09-22 19:00:00,75.58,75.58,75.58,75.58,131
290,219,2020-09-22 19:30:00,75.52,75.6,75.52,75.52,1356
291,218,2020-09-22 20:00:00,75.6299,75.6299,75.52,75.52,1952
292,217,2020-09-23 07:00:00,75.75,75.75,75.75,75.75,400
293,216,2020-09-23 07:30:00,75.82,75.82,75.82,75.82,100
294,215,2020-09-23 08:00:00,76.22,76.22,76.0,76.0,577
295,214,2020-09-23 08:30:00,76.05,76.1499,76.0,76.0,4043
296,213,2020-09-23 09:00:00,76.05,76.1001,75.75,75.75,6646
297,212,2020-09-23 09:30:00,75.5109,75.74,75.5109,75.59,9921
298,211,2020-09-23 10:00:00,75.59,75.91,74.51,74.53,1979548
299,210,2020-09-23 10:30:00,74.5276,74.57,73.9,74.3,1694689
300,209,2020-09-23 11:00:00,74.28,74.43,73.7201,74.045,1250354
301,208,2020-09-23 11:30:00,74.04,74.32,73.82,73.91,791272
302,207,2020-09-23 12:00:00,73.9,73.9469,73.52,73.72,1072158
303,206,2020-09-23 12:30:00,73.72,74.23,73.66,74.09,1048195
304,205,2020-09-23 13:00:00,74.08,74.4,73.83,73.965,852740
305,204,2020-09-23 13:30:00,73.96,74.16,73.8,73.97,599083
306,203,2020-09-23 14:00:00,73.97,73.99,73.7243,73.93,602632
307,202,2020-09-23 14:30:00,73.92,73.92,73.07,73.15,841831
308,201,2020-09-23 15:00:00,73.15,73.17,72.7,72.715,934350
309,200,2020-09-23 15:30:00,72.72,72.81,72.29,72.56,1163151
310,199,2020-09-23 16:00:00,72.55,72.65,71.85,71.96,2220778
311,198,2020-09-23 16:30:00,71.9144,72.2,71.8,72.2,109030
312,197,2020-09-23 17:00:00,71.95,72.1799,71.95,72.04,15507
313,196,2020-09-23 17:30:00,72.01,72.19,71.98,71.98,1553
314,195,2020-09-23 18:00:00,71.9701,72.2,71.95,71.95,3065
315,194,2020-09-23 18:30:00,72.16,72.19,71.95,71.95,1308
316,193,2020-09-23 19:00:00,71.95,72.2,71.95,71.9501,705
317,192,2020-09-23 19:30:00,71.95,72.12,71.92,71.92,830
318,191,2020-09-23 20:00:00,71.9,71.9,71.9,71.9,100
319,190,2020-09-24 04:30:00,71.66,71.66,71.66,71.66,180
320,189,2020-09-24 07:30:00,72.35,72.35,72.35,72.35,600
321,188,2020-09-24 08:00:00,72.4,72.45,72.25,72.25,507
322,187,2020-09-24 08:30:00,72.4258,72.4258,71.91,71.95,6072
323,186,2020-09-24 09:00:00,71.87,71.87,71.49,71.7,14405
324,185,2020-09-24 09:30:00,71.6,71.69,70.99,70.99,24221
325,184,2020-09-24 10:00:00,71.25,71.93,70.8,71.23,1888269
326,183,2020-09-24 10:30:00,71.22,71.81,71.11,71.21,861818
327,182,2020-09-24 11:00:00,71.21,71.35,70.91,71.15,748860
328,181,2020-09-24 11:30:00,71.14,71.22,70.5,70.86,1543843
329,180,2020-09-24 12:00:00,70.85,71.15,70.84,71.02,1203260
330,179,2020-09-24 12:30:00,71.0199,71.69,71.0,71.42,934248
331,178,2020-09-24 13:00:00,71.435,71.8331,71.32,71.78,1642195
332,177,2020-09-24 13:30:00,71.785,72.95,71.78,72.6799,1219423
333,176,2020-09-24 14:00:00,72.68,73.03,72.51,72.64,1041621
334,175,2020-09-24 14:30:00,72.65,72.67,72.085,72.1,617157
335,174,2020-09-24 15:00:00,72.11,72.38,71.62,71.65,631511
336,173,2020-09-24 15:30:00,71.65,71.9,71.355,71.59,715858
337,172,2020-09-24 16:00:00,71.585,71.98,71.49,71.81,1076623
338,171,2020-09-24 16:30:00,71.8,71.8098,71.8,71.8,208960
339,170,2020-09-24 17:00:00,71.81,71.9998,71.81,71.9998,2070
340,169,2020-09-24 17:30:00,72.0,72.0,71.8,71.8,30616
341,168,2020-09-24 18:00:00,72.0,72.0,72.0,72.0,411
342,167,2020-09-24 18:30:00,72.15,72.29,72.15,72.29,89063
343,166,2020-09-24 19:00:00,72.29,72.3,72.29,72.3,300
344,165,2020-09-24 20:00:00,72.25,72.3,72.25,72.3,6101
345,164,2020-09-25 04:30:00,72.14,72.14,72.07,72.07,300
346,163,2020-09-25 05:00:00,72.18,72.18,72.16,72.16,328
347,162,2020-09-25 07:00:00,71.71,71.71,71.3,71.3,810
348,161,2020-09-25 07:30:00,71.5,71.5,71.2,71.5,1340
349,160,2020-09-25 08:00:00,71.3,71.48,71.25,71.48,818
350,159,2020-09-25 08:30:00,71.2101,71.55,71.1,71.25,3742
351,158,2020-09-25 09:00:00,71.2811,71.65,71.25,71.44,1687
352,157,2020-09-25 09:30:00,71.44,71.65,71.05,71.06,4473
353,156,2020-09-25 10:00:00,71.01,71.75,70.77,71.44,1492557
354,155,2020-09-25 10:30:00,71.48,71.52,70.85,71.23,896882
355,154,2020-09-25 11:00:00,71.23,71.71,70.99,71.45,835404
356,153,2020-09-25 11:30:00,71.46,71.69,71.1,71.57,722212
357,152,2020-09-25 12:00:00,71.57,71.83,71.1285,71.135,632107
358,151,2020-09-25 12:30:00,71.14,71.275,70.99,71.0339,532730
359,150,2020-09-25 13:00:00,71.04,71.33,70.96,71.19,562220
360,149,2020-09-25 13:30:00,71.19,71.635,71.09100000000001,71.585,480865
361,148,2020-09-25 14:00:00,71.5808,71.75,71.391,71.41,456273
362,147,2020-09-25 14:30:00,71.41,71.77,71.4,71.74,616588
363,146,2020-09-25 15:00:00,71.74,71.95,71.55,71.9373,588504
364,145,2020-09-25 15:30:00,71.93,72.48,71.9133,72.34,902611
365,144,2020-09-25 16:00:00,72.33,72.33,71.63,71.86,1627326
366,143,2020-09-25 16:30:00,71.81,71.8372,71.81,71.83,99193
367,142,2020-09-25 17:00:00,71.6877,71.7,71.68,71.68,699
368,141,2020-09-25 18:00:00,71.75,71.81,71.75,71.81,619
369,140,2020-09-25 18:30:00,71.84,71.84,71.84,71.84,626
370,139,2020-09-25 19:30:00,71.75,71.75,71.75,71.75,500
371,138,2020-09-25 20:00:00,71.75,71.83,71.75,71.8299,741
372,137,2020-09-28 04:30:00,72.1,72.1,72.1,72.1,199
373,136,2020-09-28 06:00:00,72.11,72.11,72.11,72.11,299
374,135,2020-09-28 06:30:00,72.41,72.8,72.41,72.8,850
375,134,2020-09-28 07:00:00,73.0,73.74,73.0,73.74,2446
376,133,2020-09-28 07:30:00,73.43,73.77,72.95,73.01,6735
377,132,2020-09-28 08:00:00,73.11,73.2,73.11,73.2,257
378,131,2020-09-28 08:30:00,72.96,73.3799,72.9,73.358,5629
379,130,2020-09-28 09:00:00,73.3,73.6235,73.3,73.38,5046
380,129,2020-09-28 09:30:00,73.4,73.81,73.11,73.81,14153
381,128,2020-09-28 10:00:00,73.64,74.76,73.62,74.2,1942870
382,127,2020-09-28 10:30:00,74.21,74.24,73.52,73.5542,792889
383,126,2020-09-28 11:00:00,73.54,73.82,73.32,73.7699,841689
384,125,2020-09-28 11:30:00,73.77,73.825,73.17,73.28,715791
385,124,2020-09-28 12:00:00,73.28,73.72,73.15,73.685,561448
386,123,2020-09-28 12:30:00,73.68,74.2067,73.65,74.18,883544
387,122,2020-09-28 13:00:00,74.18,74.36,73.96,74.23,851961
388,121,2020-09-28 13:30:00,74.225,74.34,73.99,74.15,470233
389,120,2020-09-28 14:00:00,74.16,74.2,73.77,73.891,535763
390,119,2020-09-28 14:30:00,73.9,74.15,73.855,73.995,459982
391,118,2020-09-28 15:00:00,73.99,74.45,73.98,74.42,653160
392,117,2020-09-28 15:30:00,74.415,74.435,73.99,74.25,661849
393,116,2020-09-28 16:00:00,74.25,74.25,73.81,73.97,1903408
394,115,2020-09-28 16:30:00,74.1,74.18,73.9226,73.95,320131
395,114,2020-09-28 17:00:00,73.93,74.11,73.81,73.93,32063
396,113,2020-09-28 17:30:00,73.94,74.11,73.94,74.11,1102
397,112,2020-09-28 18:00:00,74.11,74.2,74.1099,74.2,980
398,111,2020-09-28 18:30:00,74.2,74.2,74.17,74.17,2993
399,110,2020-09-28 19:00:00,74.2,74.28,74.2,74.28,400
400,109,2020-09-28 19:30:00,74.02,74.02,74.02,74.02,100
401,108,2020-09-28 20:00:00,74.18,74.18,74.0,74.0,27963
402,107,2020-09-29 08:30:00,73.6,73.8,73.5,73.5,2352
403,106,2020-09-29 09:00:00,73.6499,73.75,73.6499,73.73,2419
404,105,2020-09-29 09:30:00,73.7311,73.98,73.5,73.98,5523
405,104,2020-09-29 10:00:00,74.0,74.14,72.39,72.705,1325323
406,103,2020-09-29 10:30:00,72.7,72.8258,72.35,72.38,766729
407,102,2020-09-29 11:00:00,72.39,72.414,71.82,71.9,1026375
408,101,2020-09-29 11:30:00,71.89,71.9353,71.57,71.57,774907
409,100,2020-09-29 12:00:00,71.58,71.58,71.11,71.32,753109
410,99,2020-09-29 12:30:00,71.32,71.62,71.16,71.475,566865
411,98,2020-09-29 13:00:00,71.475,71.67,71.3043,71.64,587993
412,97,2020-09-29 13:30:00,71.65,71.925,71.4701,71.785,571880
413,96,2020-09-29 14:00:00,71.78,71.955,71.57,71.8,485002
414,95,2020-09-29 14:30:00,71.8,72.085,71.78,72.001,403161
415,94,2020-09-29 15:00:00,72.01,72.11,71.835,71.91,640207
416,93,2020-09-29 15:30:00,71.91,72.195,71.87,72.095,694318
417,92,2020-09-29 16:00:00,72.08,72.1699,71.87,71.9,1148110
418,91,2020-09-29 16:30:00,71.9,72.08,71.73,72.04,146610
419,90,2020-09-29 17:00:00,71.9,71.95,71.9,71.9,6007
420,89,2020-09-29 17:30:00,71.98,71.98,71.85,71.85,12778
421,88,2020-09-29 18:00:00,71.9,71.9,71.9,71.9,439
422,87,2020-09-29 18:30:00,71.9,71.9,71.61,71.9,1552
423,86,2020-09-29 19:00:00,71.92,72.08,71.92,72.08,2005
424,85,2020-09-29 19:30:00,72.1,72.1,72.1,72.1,200
425,84,2020-09-29 20:00:00,72.1,72.39,72.1,72.39,4111
426,83,2020-09-30 04:30:00,72.0,72.1,71.5,71.52,1035
427,82,2020-09-30 05:30:00,71.5,71.5,71.5,71.5,149
428,81,2020-09-30 07:30:00,71.6,71.9,71.6,71.61,4988
429,80,2020-09-30 08:00:00,71.61,71.7,71.6,71.6,574
430,79,2020-09-30 08:30:00,71.6002,71.73,71.37,71.7,7138
431,78,2020-09-30 09:00:00,71.8,71.9,71.78,71.85,2318
432,77,2020-09-30 09:30:00,71.919,72.2,71.919,72.18,3097
433,76,2020-09-30 10:00:00,72.25,72.75,71.99,72.43,908180
434,75,2020-09-30 10:30:00,72.43,72.89,71.9597,72.055,714334
435,74,2020-09-30 11:00:00,72.07,72.85,72.07,72.47,570624
436,73,2020-09-30 11:30:00,72.46,72.48,72.02,72.17,551940
437,72,2020-09-30 12:00:00,72.16,72.1702,71.82,72.04,545134
438,71,2020-09-30 12:30:00,72.04,72.4,72.03,72.39,364843
439,70,2020-09-30 13:00:00,72.39,72.69,72.17,72.6378,426066
440,69,2020-09-30 13:30:00,72.64,72.6405,72.31,72.34,342846
441,68,2020-09-30 14:00:00,72.345,72.46,72.18,72.31,377190
442,67,2020-09-30 14:30:00,72.31,72.615,71.97,72.1593,507345
443,66,2020-09-30 15:00:00,72.15,72.1675,71.63,72.115,731884
444,65,2020-09-30 15:30:00,72.11,72.18,71.61,71.9,717163
445,64,2020-09-30 16:00:00,71.88,72.29,71.63,71.99,1484168
446,63,2020-09-30 16:30:00,71.82,72.1331,71.8,71.97,409891
447,62,2020-09-30 17:00:00,71.9698,71.97,71.9698,71.97,377
448,61,2020-09-30 17:30:00,71.98,71.98,71.74,71.98,1368
449,60,2020-09-30 18:00:00,71.9,71.99,71.79,71.99,57078
450,59,2020-09-30 18:30:00,71.99,72.05,71.99,72.05,1002
451,58,2020-09-30 19:00:00,72.0,72.19,72.0,72.19,5995
452,57,2020-09-30 19:30:00,72.0,72.0,72.0,72.0,4996
453,56,2020-09-30 20:00:00,72.1,72.19,72.1,72.19,440
454,55,2020-10-01 05:00:00,72.24,72.24,72.24,72.24,168
455,54,2020-10-01 05:30:00,72.55,72.55,72.55,72.55,116
456,53,2020-10-01 07:30:00,72.56,72.56,72.3,72.39,2658
457,52,2020-10-01 08:00:00,72.09,72.15,72.07,72.15,1422
458,51,2020-10-01 08:30:00,72.0501,72.39,72.0,72.0,10813
459,50,2020-10-01 09:00:00,72.0,72.03,71.9,71.9,10197
460,49,2020-10-01 09:30:00,71.81,72.0,71.51,71.52,13338
461,48,2020-10-01 10:00:00,71.51,71.88,70.8601,71.11,2013454
462,47,2020-10-01 10:30:00,71.1,71.1439,70.33,70.58,1491757
463,46,2020-10-01 11:00:00,70.58,70.68,70.33,70.45,1149552
464,45,2020-10-01 11:30:00,70.45,70.84,70.2,70.66,1347856
465,44,2020-10-01 12:00:00,70.68,71.02,70.58,71.02,788688
466,43,2020-10-01 12:30:00,71.02,71.045,70.78,70.995,723242
467,42,2020-10-01 13:00:00,71.0,71.13,70.74,70.75,708411
468,41,2020-10-01 13:30:00,70.77,70.9,70.51,70.53,959072
469,40,2020-10-01 14:00:00,70.54,70.9,70.5,70.565,806550
470,39,2020-10-01 14:30:00,70.58,70.69,70.21,70.64,993792
471,38,2020-10-01 15:00:00,70.6317,70.7,70.38,70.42,571029
472,37,2020-10-01 15:30:00,70.42,70.55,70.03,70.06,881106
473,36,2020-10-01 16:00:00,70.05,70.51,70.04,70.4,1415836
474,35,2020-10-01 16:30:00,70.16,70.8,70.08,70.46,199941
475,34,2020-10-01 17:00:00,70.43,70.43,70.43,70.43,338
476,33,2020-10-01 17:30:00,70.3,70.55,70.3,70.5,2120
477,32,2020-10-01 18:00:00,70.5,70.55,70.5,70.5,3184
478,31,2020-10-01 18:30:00,70.5,70.55,70.5,70.5,3342
479,30,2020-10-01 19:00:00,70.55,70.55,70.5,70.5,3875
480,29,2020-10-01 19:30:00,70.5,70.5,70.5,70.5,370
481,28,2020-10-01 20:00:00,70.5,70.5,70.5,70.5,875
482,27,2020-10-02 04:30:00,70.0,70.0,69.15,69.15,1196
483,26,2020-10-02 05:00:00,69.05,69.05,69.05,69.05,500
484,25,2020-10-02 06:00:00,69.13,69.13,68.96,68.96,924
485,24,2020-10-02 06:30:00,68.77,68.77,68.77,68.77,405
486,23,2020-10-02 07:30:00,69.33,69.67,69.03,69.1,10968
487,22,2020-10-02 08:00:00,69.06,69.2,69.06,69.1,4994
488,21,2020-10-02 08:30:00,69.0382,69.4,69.0,69.3,32021
489,20,2020-10-02 09:00:00,69.25,69.3,68.71,68.9,75462
490,19,2020-10-02 09:30:00,68.89,69.12,68.55,69.1,42035
491,18,2020-10-02 10:00:00,68.92,69.93,68.82,69.77,2140382
492,17,2020-10-02 10:30:00,69.77,70.4,69.7,69.8468,723779
493,16,2020-10-02 11:00:00,69.84,70.01,69.55,69.83,522100
494,15,2020-10-02 11:30:00,69.79,70.84,69.73,70.8,669006
495,14,2020-10-02 12:00:00,70.8,71.24,70.74,70.805,624550
496,13,2020-10-02 12:30:00,70.78,71.61,70.68,71.12,644065
497,12,2020-10-02 13:00:00,71.14,71.5969,71.0,71.2695,780032
498,11,2020-10-02 13:30:00,71.29,71.62,71.2,71.45,387497
499,10,2020-10-02 14:00:00,71.49,71.52,70.99,71.175,366155
500,9,2020-10-02 14:30:00,71.19,71.67,71.16,71.41,461407
501,8,2020-10-02 15:00:00,71.43,71.6,71.37,71.48,339147
502,7,2020-10-02 15:30:00,71.49,71.55,71.2362,71.445,444229
503,6,2020-10-02 16:00:00,71.4424,71.65,71.13,71.19,940181
504,5,2020-10-02 16:30:00,71.15,71.19,71.09,71.1898,131494
505,4,2020-10-02 17:00:00,71.33,71.33,71.1988,71.1988,398
506,3,2020-10-02 17:30:00,71.21,71.21,70.75,70.75,1782
507,2,2020-10-02 18:00:00,71.06,71.19,70.5,71.19,807
508,1,2020-10-02 18:30:00,70.6,70.95,70.6,70.95,1500
509,0,2020-10-02 19:00:00,71.15,71.15,71.15,71.15,703
