,index,time,open,high,low,close,volume
0,131,2019-06-13 10:00:00,8.97228660151,8.97228660151,8.96654960483,8.96664365396,1200
1,130,2019-06-13 11:00:00,8.97228660151,8.97228660151,8.95347677635,8.95347677635,4282
2,129,2019-06-13 12:30:00,8.98526538087,8.98526538087,8.98526538087,8.98526538087,505
3,128,2019-06-13 14:30:00,8.958837576519999,8.958837576519999,8.958837576519999,8.958837576519999,2000
4,127,2019-06-13 15:00:00,8.99109642667,8.99109642667,8.99109642667,8.99109642667,1003
5,126,2019-06-13 15:30:00,9.00050133925,9.00050133925,9.00050133925,9.00050133925,232
6,125,2019-06-13 16:00:00,8.953570825469999,8.97228660151,8.95347677635,8.97228660151,2117
7,124,2019-06-14 10:00:00,9.009906251830001,9.066335727310001,9.009906251830001,9.009906251830001,4031
8,123,2019-06-14 10:30:00,9.009906251830001,9.009906251830001,8.9919428688,9.009906251830001,1045
9,122,2019-06-14 11:00:00,9.009906251830001,9.009906251830001,9.009906251830001,9.009906251830001,800
10,121,2019-06-14 11:30:00,9.009906251830001,9.009906251830001,9.00050133925,9.009906251830001,1203
11,120,2019-06-14 12:00:00,9.009906251830001,9.009906251830001,9.009906251830001,9.009906251830001,895
12,119,2019-06-14 13:00:00,8.98639397038,9.009906251830001,8.98639397038,9.00896576057,5219
13,118,2019-06-14 13:30:00,9.00050133925,9.00050133925,9.00050133925,9.00050133925,347
14,117,2019-06-14 15:00:00,9.009906251830001,9.009906251830001,9.009906251830001,9.009906251830001,347
15,116,2019-06-14 16:00:00,9.009906251830001,9.009906251830001,9.009906251830001,9.009906251830001,466
16,115,2019-06-17 11:30:00,9.02871607699,9.02871607699,9.02871607699,9.02871607699,600
17,114,2019-06-17 12:00:00,9.02871607699,9.02871607699,9.02871607699,9.02871607699,200
18,113,2019-06-17 13:00:00,9.02852797874,9.02871607699,9.02711724185,9.02711724185,1200
19,112,2019-06-17 14:30:00,8.981691514089999,8.981691514089999,8.981691514089999,8.981691514089999,500
20,111,2019-06-17 15:30:00,9.00050133925,9.00050133925,8.982067710589998,8.99297740918,2618
21,110,2019-06-17 16:00:00,8.981691514089999,8.981691514089999,8.981691514089999,8.981691514089999,100
22,109,2019-06-18 10:00:00,9.00570907521,9.00570907521,9.00570907521,9.00570907521,160
23,108,2019-06-18 11:30:00,8.97738923535,8.97738923535,8.96794928873,8.96794928873,1520
24,107,2019-06-18 16:00:00,8.96794928873,8.996269128589999,8.96794928873,8.996269128589999,824
25,106,2019-06-19 10:00:00,8.996269128589999,8.996269128589999,8.996269128589999,8.996269128589999,955
26,105,2019-06-19 10:30:00,8.96794928873,8.96794928873,8.96794928873,8.96794928873,376
27,104,2019-06-19 11:00:00,8.996269128589999,8.996269128589999,8.996269128589999,8.996269128589999,100
28,103,2019-06-19 12:00:00,8.996269128589999,8.996269128589999,8.996269128589999,8.996269128589999,100
29,102,2019-06-19 12:30:00,8.99617472912,8.99617472912,8.98210920866,8.98900036969,4120
30,101,2019-06-19 13:00:00,8.996269128589999,8.996269128589999,8.996269128589999,8.996269128589999,200
31,100,2019-06-20 14:00:00,8.977483634810001,8.977483634810001,8.977483634810001,8.977483634810001,239
32,99,2019-06-20 15:00:00,9.03487851026,9.03487851026,9.03487851026,9.03487851026,1038
33,98,2019-06-21 10:00:00,9.012033839439999,9.01514902183,8.97030927538,9.0079746624,2600
34,97,2019-06-21 11:30:00,9.0009891019,9.03402891507,8.9680436882,9.03402891507,2950
35,96,2019-06-21 12:30:00,9.03402891507,9.03402891507,9.029308941760002,9.029308941760002,200
36,95,2019-06-21 13:00:00,8.97738923535,9.029308941760002,8.96794928873,9.029308941760002,911
37,94,2019-06-21 13:30:00,9.02458896845,9.02458896845,9.02458896845,9.02458896845,125
38,93,2019-06-21 15:00:00,9.012883434639999,9.012883434639999,8.96794928873,8.96794928873,2100
39,92,2019-06-21 16:00:00,8.97738923535,8.97738923535,8.96794928873,8.96794928873,6657
40,91,2019-06-24 10:00:00,9.01514902183,9.01514902183,9.01514902183,9.01514902183,548
41,90,2019-06-24 10:30:00,9.0196801962,9.05290880831,9.01514902183,9.01514902183,2000
42,89,2019-06-24 11:00:00,9.015054622360001,9.015054622360001,8.993248345669999,8.993248345669999,2674
43,88,2019-06-24 11:30:00,8.97738923535,8.989566766489999,8.97738923535,8.989566766489999,4029
44,87,2019-06-24 12:00:00,8.99692992485,8.99692992485,8.99692992485,8.99692992485,200
45,86,2019-06-24 12:30:00,9.015054622360001,9.015054622360001,9.015054622360001,9.015054622360001,800
46,85,2019-06-24 13:30:00,8.99003876382,8.99003876382,8.99003876382,8.99003876382,252
47,84,2019-06-24 15:30:00,8.996269128589999,8.996269128589999,8.97738923535,8.996269128589999,2108
48,83,2019-06-24 16:00:00,8.996269128589999,8.996269128589999,8.996269128589999,8.996269128589999,408
49,82,2019-06-25 10:00:00,8.98682918197,9.01514902183,8.98682918197,8.988811570760001,1302
50,81,2019-06-25 11:00:00,8.98682918197,9.043468861689998,8.97738923535,9.043468861689998,4073
51,80,2019-06-25 14:00:00,9.03025293642,9.03025293642,9.03025293642,9.03025293642,2630
52,79,2019-06-25 14:30:00,9.02119058766,9.03402891507,9.02119058766,9.03402891507,800
53,78,2019-06-25 15:00:00,8.98682918197,8.98682918197,8.97738923535,8.97738923535,654
54,77,2019-06-25 15:30:00,8.97738923535,8.97880522734,8.939629448869999,8.94265023179,6799
55,76,2019-06-25 16:00:00,8.94906939549,8.94906939549,8.939629448869999,8.939629448869999,514
56,75,2019-06-26 10:00:00,8.97738923535,8.9867347825,8.97738923535,8.9867347825,2180
57,74,2019-06-26 11:00:00,8.97899402627,8.97899402627,8.97899402627,8.97899402627,1012
58,73,2019-06-26 11:30:00,8.96313491595,8.98682918197,8.95850934211,8.98682918197,3885
59,72,2019-06-26 12:30:00,8.96794928873,8.96794928873,8.96794928873,8.96794928873,127
60,71,2019-06-26 15:00:00,8.97738923535,8.97738923535,8.97738923535,8.97738923535,100
61,70,2019-06-26 15:30:00,8.96540050314,8.96908208232,8.96294611702,8.96511730474,4200
62,69,2019-06-26 16:00:00,8.97729483588,8.97729483588,8.96794928873,8.96794928873,1099
63,68,2019-06-27 10:00:00,8.996269128589999,8.996269128589999,8.996269128589999,8.996269128589999,1056
64,67,2019-06-27 10:30:00,8.996269128589999,8.996269128589999,8.996269128589999,8.996269128589999,438
65,66,2019-06-27 11:30:00,8.96794928873,8.996269128589999,8.96794928873,8.996269128589999,3705
66,65,2019-06-27 13:00:00,8.98210920866,8.98682918197,8.95850934211,8.97597324336,5873
67,64,2019-06-27 14:30:00,8.98607398624,8.98607398624,8.98607398624,8.98607398624,207
68,63,2019-06-27 15:00:00,8.97738923535,8.98682918197,8.97738923535,8.98682918197,500
69,62,2019-06-27 16:00:00,8.996269128589999,9.01514902183,8.96794928873,9.01514902183,4403
70,61,2019-06-28 10:00:00,8.96794928873,9.015054622360001,8.96794928873,9.015054622360001,1698
71,60,2019-06-28 10:30:00,8.99721312325,9.02458896845,8.99154915528,9.021662585,3516
72,59,2019-06-28 11:00:00,9.03402891507,9.03402891507,9.01986899514,9.02968653962,2983
73,58,2019-06-28 14:00:00,9.02213458233,9.02213458233,9.02213458233,9.02213458233,1772
74,57,2019-06-28 16:00:00,9.03402891507,9.03402891507,9.03402891507,9.03402891507,201
75,56,2019-07-01 10:00:00,9.02458896845,9.043468861689998,8.98682918197,9.043468861689998,3435
76,55,2019-07-01 10:30:00,9.02864814549,9.043468861689998,9.02864814549,9.043468861689998,1327
77,54,2019-07-01 11:00:00,9.043468861689998,9.043468861689998,9.033934515599999,9.043468861689998,1400
78,53,2019-07-01 11:30:00,9.043468861689998,9.043468861689998,9.043468861689998,9.043468861689998,1100
79,52,2019-07-01 12:00:00,9.043468861689998,9.05290880831,9.043468861689998,9.05290880831,700
80,51,2019-07-01 12:30:00,9.05290880831,9.05290880831,9.05290880831,9.05290880831,1000
81,50,2019-07-01 13:00:00,9.05290880831,9.06234875493,9.05290880831,9.05290880831,1225
82,49,2019-07-01 14:00:00,9.06234875493,9.07178870155,9.05441919977,9.05441919977,3258
83,48,2019-07-01 14:30:00,9.07178870155,9.07178870155,9.07178870155,9.07178870155,200
84,47,2019-07-01 15:00:00,9.07178870155,9.07178870155,9.07178870155,9.07178870155,100
85,46,2019-07-01 15:30:00,9.07178870155,9.07178870155,9.07178870155,9.07178870155,300
86,45,2019-07-01 16:00:00,9.05290880831,9.05290880831,9.03110253161,9.05290880831,3723
87,44,2019-07-02 10:00:00,9.02458896845,9.02458896845,9.02458896845,9.02458896845,551
88,43,2019-07-02 11:00:00,9.07178870155,9.07178870155,9.07178870155,9.07178870155,200
89,42,2019-07-02 11:30:00,9.09066859479,9.09066859479,9.07178870155,9.07188310101,2840
90,41,2019-07-02 12:00:00,9.095388568099999,9.11898843464,9.07178870155,9.07178870155,17462
91,40,2019-07-02 13:00:00,9.06234875493,9.13777392842,9.050171223789999,9.13777392842,16400
92,39,2019-07-02 13:30:00,9.07178870155,9.07178870155,9.043468861689998,9.043468861689998,2070
93,38,2019-07-02 16:00:00,9.06234875493,9.13786832788,9.06234875493,9.13786832788,1200
94,37,2019-07-03 10:00:00,9.10954848802,9.12342520956,9.10954848802,9.12342520956,353
95,36,2019-07-03 10:30:00,9.1204988261,9.1204988261,9.1204988261,9.1204988261,423
96,35,2019-07-03 11:30:00,9.1473082745,9.1473082745,9.1473082745,9.1473082745,2053
97,34,2019-07-05 10:00:00,9.108887691760001,9.114268461330001,9.09076299425,9.09774855475,1477
98,33,2019-07-05 10:30:00,9.10954848802,9.10954848802,9.09066859479,9.09066859479,1700
99,32,2019-07-05 11:00:00,9.10954848802,9.10954848802,9.10954848802,9.10954848802,200
100,31,2019-07-05 14:00:00,9.092273385710001,9.095388568099999,9.089441401719998,9.095388568099999,1000
101,30,2019-07-05 16:00:00,9.1001085414,9.1001085414,9.1001085414,9.1001085414,201
102,29,2019-07-08 10:00:00,9.10954848802,9.114268461330001,9.09066859479,9.1001085414,18934
103,28,2019-07-08 11:00:00,9.06234875493,9.08594862148,9.06234875493,9.06234875493,2106
104,27,2019-07-08 11:30:00,9.108887691760001,9.108887691760001,9.108887691760001,9.108887691760001,700
105,26,2019-07-08 12:30:00,9.08594862148,9.1001085414,9.08594862148,9.08594862148,900
106,25,2019-07-08 13:00:00,9.1001085414,9.1001085414,9.1001085414,9.1001085414,543
107,24,2019-07-08 14:00:00,9.1001085414,9.1001085414,9.08594862148,9.08594862148,1500
108,23,2019-07-08 14:30:00,9.1001085414,9.1001085414,9.1001085414,9.1001085414,1300
109,22,2019-07-08 15:00:00,9.10954848802,9.11898843464,9.10954848802,9.11898843464,519
110,21,2019-07-08 15:30:00,9.10482851471,9.10482851471,9.10482851471,9.10482851471,200
111,20,2019-07-08 16:00:00,9.10954848802,9.11898843464,9.10954848802,9.11898843464,462
112,19,2019-07-09 10:30:00,9.10954848802,9.11898843464,9.10954848802,9.11898843464,1101
113,18,2019-07-09 12:00:00,9.11898843464,9.11898843464,9.11898843464,9.11898843464,202
114,17,2019-07-09 15:00:00,9.11266367041,9.11266367041,9.11266367041,9.11266367041,800
115,16,2019-07-09 15:30:00,9.105772509380001,9.105772509380001,9.105772509380001,9.105772509380001,500
116,15,2019-07-09 16:00:00,9.11898843464,9.11898843464,9.11898843464,9.11898843464,313
117,14,2019-07-10 11:00:00,9.11898843464,9.11898843464,9.11898843464,9.11898843464,600
118,13,2019-07-10 11:30:00,9.13786832788,9.13786832788,9.13786832788,9.13786832788,300
119,12,2019-07-10 12:00:00,9.13786832788,9.13786832788,9.13786832788,9.13786832788,200
120,11,2019-07-10 12:30:00,9.1473082745,9.1473082745,9.1473082745,9.1473082745,800
121,10,2019-07-10 13:00:00,9.1473082745,9.1473082745,9.1001085414,9.1473082745,541
122,9,2019-07-10 16:00:00,9.13786832788,9.1473082745,9.13786832788,9.1473082745,700
123,8,2019-07-11 11:00:00,9.11143647735,9.11898843464,9.11143647735,9.11898843464,545
124,7,2019-07-11 16:00:00,9.1473082745,9.17562811436,9.128900378600001,9.1473082745,7128
125,6,2019-07-12 11:00:00,9.1473082745,9.1473082745,9.11898843464,9.11898843464,3163
126,5,2019-07-12 12:00:00,9.16618816774,9.16618816774,9.16618816774,9.16618816774,491
127,4,2019-07-12 12:30:00,9.16618816774,9.16618816774,9.16618816774,9.16618816774,400
128,3,2019-07-12 13:00:00,9.16618816774,9.16618816774,9.16618816774,9.16618816774,400
129,2,2019-07-12 14:00:00,9.15202824781,9.15202824781,9.146741877710001,9.146741877710001,923
130,1,2019-07-12 14:30:00,9.163544982689999,9.163544982689999,9.163544982689999,9.163544982689999,1130
131,0,2019-07-12 16:00:00,9.16618816774,9.16618816774,9.156748221119999,9.16618816774,2400
