,index,time,open,high,low,close,volume
0,357,2020-09-08 07:30:00,58.92,58.92,58.5,58.5,305
1,356,2020-09-08 08:30:00,58.75,59.1,58.75,59.1,344
2,355,2020-09-08 09:30:00,58.1101,58.2,58.1101,58.2,1009
3,354,2020-09-08 10:00:00,57.97,58.0,56.92,57.26,390252
4,353,2020-09-08 10:30:00,57.26,57.3,56.75,56.8739,397906
5,352,2020-09-08 11:00:00,56.86,57.1,56.5958,56.7,425458
6,351,2020-09-08 11:30:00,56.7,56.895,56.581,56.67,228129
7,350,2020-09-08 12:00:00,56.65,56.9,56.59,56.68,285026
8,349,2020-09-08 12:30:00,56.67,57.165,56.67,57.07,297954
9,348,2020-09-08 13:00:00,57.08,57.16,56.95,57.09,132827
10,347,2020-09-08 13:30:00,57.08,57.33,56.96,57.275,155141
11,346,2020-09-08 14:00:00,57.26,57.31,57.08,57.27,194532
12,345,2020-09-08 14:30:00,57.28,57.35,57.195,57.29,123192
13,344,2020-09-08 15:00:00,57.27,57.28,56.87,56.99,184109
14,343,2020-09-08 15:30:00,56.98,57.02,56.71,56.97,199950
15,342,2020-09-08 16:00:00,56.97,57.095,56.7,56.78,825630
16,341,2020-09-08 16:30:00,56.82,56.82,56.82,56.82,667502
17,340,2020-09-08 17:30:00,56.78,56.78,56.78,56.78,300
18,339,2020-09-08 18:00:00,56.78,56.78,56.78,56.78,150
19,338,2020-09-08 18:30:00,56.27,56.27,56.27,56.27,420
20,337,2020-09-08 19:00:00,56.27,56.27,56.27,56.27,100
21,336,2020-09-08 19:30:00,56.45,56.45,56.45,56.45,300
22,335,2020-09-09 08:00:00,56.79,57.05,56.79,57.05,200
23,334,2020-09-09 09:00:00,57.4499,57.45,57.4499,57.45,200
24,333,2020-09-09 10:00:00,57.54,58.27,57.33,58.01,351510
25,332,2020-09-09 10:30:00,58.04,58.2634,57.75,57.75,271931
26,331,2020-09-09 11:00:00,57.74,57.85,57.51,57.67,136938
27,330,2020-09-09 11:30:00,57.74,57.9,57.56,57.73,158633
28,329,2020-09-09 12:00:00,57.75,57.905,57.74,57.8005,131441
29,328,2020-09-09 12:30:00,57.81,58.13,57.765,58.0374,102817
30,327,2020-09-09 13:00:00,58.04,58.32,58.03,58.12,81539
31,326,2020-09-09 13:30:00,58.1193,58.45,58.1,58.37,110251
32,325,2020-09-09 14:00:00,58.37,58.47,58.17,58.23,174346
33,324,2020-09-09 14:30:00,58.24,58.27,57.99,58.015,248456
34,323,2020-09-09 15:00:00,58.02,58.27,58.02,58.21,128049
35,322,2020-09-09 15:30:00,58.19,58.35,58.185,58.27,142063
36,321,2020-09-09 16:00:00,58.25,58.34,57.92,57.93,455768
37,320,2020-09-09 16:30:00,57.93,57.93,57.93,57.93,55831
38,319,2020-09-09 17:00:00,57.81,57.81,57.81,57.81,1037
39,318,2020-09-09 18:00:00,58.0,58.0,58.0,58.0,216
40,317,2020-09-09 19:30:00,58.16,58.16,58.16,58.16,424
41,316,2020-09-10 07:30:00,58.01,58.01,58.01,58.01,350
42,315,2020-09-10 08:00:00,57.5,57.5,57.5,57.5,100
43,314,2020-09-10 08:30:00,58.0,58.06,58.0,58.06,620
44,313,2020-09-10 09:00:00,58.0,58.0,58.0,58.0,100
45,312,2020-09-10 10:00:00,58.11,58.56,57.845,58.45,276695
46,311,2020-09-10 10:30:00,58.49,58.57,58.25,58.25,208467
47,310,2020-09-10 11:00:00,58.26,58.5,58.0,58.0,189633
48,309,2020-09-10 11:30:00,58.0269,58.34,57.87,58.19,153929
49,308,2020-09-10 12:00:00,58.195,58.1974,57.91,57.95,105671
50,307,2020-09-10 12:30:00,57.92,58.15,57.91,58.1116,105810
51,306,2020-09-10 13:00:00,58.1,58.24,57.99,58.16,168285
52,305,2020-09-10 13:30:00,58.17,58.58,58.14,58.28,136351
53,304,2020-09-10 14:00:00,58.28,58.39,58.2,58.21,82271
54,303,2020-09-10 14:30:00,58.2,58.42,57.82,57.82,160656
55,302,2020-09-10 15:00:00,57.84,58.09,57.74,58.0412,173500
56,301,2020-09-10 15:30:00,58.06,58.07,57.59,57.84,143594
57,300,2020-09-10 16:00:00,57.83,58.07,57.67,57.73,480843
58,299,2020-09-10 16:30:00,57.73,57.73,57.73,57.73,538485
59,298,2020-09-10 17:00:00,57.6,57.85,57.6,57.85,1085
60,297,2020-09-10 17:30:00,58.49,58.49,58.49,58.49,100
61,296,2020-09-11 08:30:00,58.03,58.03,58.03,58.03,243
62,295,2020-09-11 09:00:00,58.2,58.2,58.07,58.07,200
63,294,2020-09-11 10:00:00,58.16,58.24,57.63,57.95,166266
64,293,2020-09-11 10:30:00,57.965,58.54,57.9332,58.405,138737
65,292,2020-09-11 11:00:00,58.39,58.85,58.29,58.73,221562
66,291,2020-09-11 11:30:00,58.75,59.075,58.71,58.87,171519
67,290,2020-09-11 12:00:00,58.85,58.85,58.52,58.73,110962
68,289,2020-09-11 12:30:00,58.73,58.92,58.65,58.68,146471
69,288,2020-09-11 13:00:00,58.67,58.71,58.36,58.39,115403
70,287,2020-09-11 13:30:00,58.4,58.46,58.11,58.17,90201
71,286,2020-09-11 14:00:00,58.15,58.34,58.02,58.0519,129160
72,285,2020-09-11 14:30:00,58.08,58.33,57.99,58.25,93363
73,284,2020-09-11 15:00:00,58.25,58.61,58.25,58.56,130583
74,283,2020-09-11 15:30:00,58.57,58.9,58.45,58.86,171482
75,282,2020-09-11 16:00:00,58.87,58.92,58.56,58.56,418401
76,281,2020-09-11 16:30:00,58.57,58.91,58.57,58.57,640280
77,280,2020-09-11 18:00:00,59.12,59.12,58.58,58.58,702
78,279,2020-09-11 19:00:00,58.79,58.79,58.79,58.79,500
79,278,2020-09-14 08:30:00,58.71,58.71,58.71,58.71,281
80,277,2020-09-14 09:00:00,59.3,59.4955,59.3,59.4955,254
81,276,2020-09-14 09:30:00,59.45,59.45,59.2099,59.2099,602
82,275,2020-09-14 10:00:00,59.19,59.86,58.86,59.81,306447
83,274,2020-09-14 10:30:00,59.84,60.0899,59.69,59.8,251225
84,273,2020-09-14 11:00:00,59.82,59.85,59.23,59.23,143935
85,272,2020-09-14 11:30:00,59.24,59.39,59.1,59.29,126583
86,271,2020-09-14 12:00:00,59.29,59.44,59.18,59.233999999999995,87034
87,270,2020-09-14 12:30:00,59.22,59.45,59.16,59.44,87817
88,269,2020-09-14 13:00:00,59.43,59.47,59.3,59.4025,99163
89,268,2020-09-14 13:30:00,59.4,59.57,59.32,59.45,93028
90,267,2020-09-14 14:00:00,59.48,59.48,59.22,59.23,87677
91,266,2020-09-14 14:30:00,59.23,59.58,59.21,59.58,141263
92,265,2020-09-14 15:00:00,59.59,59.67,59.34,59.42,144897
93,264,2020-09-14 15:30:00,59.44,59.46,59.11,59.26,129965
94,263,2020-09-14 16:00:00,59.27,59.675,59.23,59.4,460066
95,262,2020-09-14 16:30:00,59.43,59.43,59.43,59.43,579451
96,261,2020-09-14 17:00:00,59.44,59.44,59.44,59.44,120
97,260,2020-09-14 17:30:00,59.42,59.42,59.4174,59.4174,450
98,259,2020-09-15 07:30:00,59.7,59.7,59.7,59.7,102
99,258,2020-09-15 08:30:00,59.94,59.94,59.94,59.94,645
100,257,2020-09-15 09:30:00,59.9,59.93,59.43,59.44,9200
101,256,2020-09-15 10:00:00,59.43,59.86,59.22,59.295,382357
102,255,2020-09-15 10:30:00,59.315,59.83,59.25,59.781000000000006,205867
103,254,2020-09-15 11:00:00,59.79,59.93,59.67,59.88,133353
104,253,2020-09-15 11:30:00,59.88,59.96,59.79,59.858999999999995,79223
105,252,2020-09-15 12:00:00,59.8399,59.88,59.67,59.685,98784
106,251,2020-09-15 12:30:00,59.67,59.78,59.6,59.69,75005
107,250,2020-09-15 13:00:00,59.68,59.76,59.53,59.64,58552
108,249,2020-09-15 13:30:00,59.64,59.73,59.6,59.68,61405
109,248,2020-09-15 14:00:00,59.68,59.815,59.62,59.635,72500
110,247,2020-09-15 14:30:00,59.63,59.77,59.59,59.7099,74210
111,246,2020-09-15 15:00:00,59.7,59.89,59.66,59.88,103006
112,245,2020-09-15 15:30:00,59.88,59.925,59.7,59.73,121635
113,244,2020-09-15 16:00:00,59.73,59.73,59.5,59.53,515284
114,243,2020-09-15 16:30:00,59.55,59.55,59.54,59.54,79754
115,242,2020-09-16 08:30:00,60.0,60.0,60.0,60.0,800
116,241,2020-09-16 09:00:00,60.0,60.08,60.0,60.08,1882
117,240,2020-09-16 09:30:00,59.8,59.8,59.77,59.77,1410
118,239,2020-09-16 10:00:00,59.75,59.94,59.15,59.8325,194394
119,238,2020-09-16 10:30:00,59.825,60.33,59.81,60.305,177935
120,237,2020-09-16 11:00:00,60.32,60.64,60.31,60.56,256788
121,236,2020-09-16 11:30:00,60.5777,60.7077,60.46,60.51,157225
122,235,2020-09-16 12:00:00,60.53,60.7,60.42,60.59,98424
123,234,2020-09-16 12:30:00,60.6,60.69,60.4523,60.4801,108787
124,233,2020-09-16 13:00:00,60.48,60.54,60.34,60.39,101343
125,232,2020-09-16 13:30:00,60.39,60.58,60.3745,60.58,89209
126,231,2020-09-16 14:00:00,60.57,60.61,60.345,60.37,94799
127,230,2020-09-16 14:30:00,60.38,60.82,60.25,60.75,193219
128,229,2020-09-16 15:00:00,60.76,60.98,60.76,60.86,216526
129,228,2020-09-16 15:30:00,60.84,60.94,60.29,60.43,184453
130,227,2020-09-16 16:00:00,60.41,60.57,60.14,60.18,516509
131,226,2020-09-16 16:30:00,60.17,60.17,60.1357,60.17,165702
132,225,2020-09-16 17:00:00,60.1,60.1,60.01,60.01,600
133,224,2020-09-16 17:30:00,60.15,60.15,60.15,60.15,100
134,223,2020-09-16 18:30:00,60.5,60.5,60.5,60.5,391
135,222,2020-09-16 19:00:00,60.51,60.51,60.5,60.5,672
136,221,2020-09-17 08:30:00,59.34,59.34,59.33,59.33,956
137,220,2020-09-17 09:00:00,59.4,59.4,59.4,59.4,500
138,219,2020-09-17 09:30:00,59.39,59.89,59.0601,59.41,3632
139,218,2020-09-17 10:00:00,59.33,59.64,59.031000000000006,59.59,210800
140,217,2020-09-17 10:30:00,59.61,60.44,59.6,60.371,269124
141,216,2020-09-17 11:00:00,60.39,60.74,60.2801,60.41,572958
142,215,2020-09-17 11:30:00,60.43,60.64,60.41,60.5,160487
143,214,2020-09-17 12:00:00,60.5,60.79,60.48,60.77,195231
144,213,2020-09-17 12:30:00,60.77,60.92,60.25,60.4,205302
145,212,2020-09-17 13:00:00,60.39,60.67,60.32,60.67,139673
146,211,2020-09-17 13:30:00,60.66,60.68,60.46,60.565,187407
147,210,2020-09-17 14:00:00,60.55,60.77,60.3,60.66,473407
148,209,2020-09-17 14:30:00,60.68,60.92,60.57,60.57,243879
149,208,2020-09-17 15:00:00,60.56,60.59,60.32,60.4289,204976
150,207,2020-09-17 15:30:00,60.425,60.88,60.24,60.855,238313
151,206,2020-09-17 16:00:00,60.855,60.8912,60.61,60.8,705132
152,205,2020-09-17 16:30:00,60.77,60.77,60.17,60.17,108661
153,204,2020-09-18 07:30:00,60.75,60.75,60.73,60.75,1024
154,203,2020-09-18 08:30:00,61.0,61.0,61.0,61.0,295
155,202,2020-09-18 09:30:00,60.9,60.9,60.41,60.41,2026
156,201,2020-09-18 10:00:00,60.13,60.48,59.595,59.61,1240152
157,200,2020-09-18 10:30:00,59.62,60.07,59.61,59.97,295058
158,199,2020-09-18 11:00:00,59.96,59.96,59.51,59.605,243807
159,198,2020-09-18 11:30:00,59.605,59.95,59.51,59.5281,262538
160,197,2020-09-18 12:00:00,59.53,59.79,59.44,59.72,425637
161,196,2020-09-18 12:30:00,59.72,59.72,59.18,59.27,306004
162,195,2020-09-18 13:00:00,59.26,59.33,59.1,59.23,204648
163,194,2020-09-18 13:30:00,59.24,59.32,58.89,58.89,175002
164,193,2020-09-18 14:00:00,58.89,58.9855,58.67,58.98,198646
165,192,2020-09-18 14:30:00,58.97,59.055,58.81,58.98,144003
166,191,2020-09-18 15:00:00,58.98,59.07,58.885,59.035,245126
167,190,2020-09-18 15:30:00,59.04,59.36,59.03,59.36,236136
168,189,2020-09-18 16:00:00,59.375,59.53,59.26,59.27,767920
169,188,2020-09-18 16:30:00,59.29,59.2917,59.29,59.2917,197285
170,187,2020-09-18 17:00:00,59.294447,59.294447,59.294447,59.294447,869
171,186,2020-09-18 18:00:00,59.29,59.29,59.01,59.0855,452
172,185,2020-09-18 18:30:00,59.17,59.56,59.17,59.56,2610
173,184,2020-09-21 07:30:00,58.47,58.62,58.02,58.02,458
174,183,2020-09-21 08:30:00,58.0,58.05,58.0,58.0,3699
175,182,2020-09-21 09:00:00,58.0,58.0,57.71,57.71,849
176,181,2020-09-21 09:30:00,57.7,57.77,57.5,57.5,4712
177,180,2020-09-21 10:00:00,57.36,57.68,56.37,56.62,513937
178,179,2020-09-21 10:30:00,56.62,56.715,56.25,56.465,348953
179,178,2020-09-21 11:00:00,56.44,56.49,55.91,56.24,276441
180,177,2020-09-21 11:30:00,56.24,56.64,56.09,56.35,327347
181,176,2020-09-21 12:00:00,56.345,56.54,56.133,56.31,294540
182,175,2020-09-21 12:30:00,56.305,56.57,56.28,56.35,242566
183,174,2020-09-21 13:00:00,56.36,56.37,55.96,56.125,198282
184,173,2020-09-21 13:30:00,56.15,56.24,55.88,56.21,220602
185,172,2020-09-21 14:00:00,56.21,56.31,56.13,56.25,232765
186,171,2020-09-21 14:30:00,56.24,56.57,56.19,56.52,260487
187,170,2020-09-21 15:00:00,56.5,56.5,56.07,56.12,267863
188,169,2020-09-21 15:30:00,56.135,56.3156,56.095,56.2,250494
189,168,2020-09-21 16:00:00,56.2,56.27,56.06,56.17,1032166
190,167,2020-09-21 16:30:00,56.12,56.18,56.05,56.18,200682
191,166,2020-09-22 07:30:00,56.31,56.31,56.29,56.31,400
192,165,2020-09-22 08:30:00,56.32,56.32,56.31,56.31,204
193,164,2020-09-22 09:30:00,56.5,56.63,56.25,56.63,926
194,163,2020-09-22 10:00:00,56.22,56.2899,55.5001,55.5002,494444
195,162,2020-09-22 10:30:00,55.525,55.97,55.39,55.915,206193
196,161,2020-09-22 11:00:00,55.93,56.06,55.47,55.47,128730
197,160,2020-09-22 11:30:00,55.48,55.68,55.38,55.57,121573
198,159,2020-09-22 12:00:00,55.58,55.8,55.38,55.76,86646
199,158,2020-09-22 12:30:00,55.75,55.85,55.62,55.73,112838
200,157,2020-09-22 13:00:00,55.735,55.79,55.54,55.605,76401
201,156,2020-09-22 13:30:00,55.605,55.8,55.51,55.775,82227
202,155,2020-09-22 14:00:00,55.79,56.05,55.75,55.99,218377
203,154,2020-09-22 14:30:00,55.98,56.02,55.8,55.87,138228
204,153,2020-09-22 15:00:00,55.88,55.95,55.6774,55.705,215154
205,152,2020-09-22 15:30:00,55.71,55.94,55.69,55.885,211947
206,151,2020-09-22 16:00:00,55.885,55.94,55.73,55.77,536963
207,150,2020-09-22 16:30:00,55.81,55.81,55.76,55.76,67116
208,149,2020-09-22 18:00:00,55.76,55.99,55.6,55.99,3071
209,148,2020-09-22 20:00:00,55.6,55.6,55.6,55.6,300
210,147,2020-09-23 08:30:00,56.06,56.06,56.06,56.06,150
211,146,2020-09-23 09:30:00,55.7459,55.8,55.5,55.51,1575
212,145,2020-09-23 10:00:00,55.59,56.18,55.55,56.0,368331
213,144,2020-09-23 10:30:00,56.0,56.1,55.61,55.8,218543
214,143,2020-09-23 11:00:00,55.81,55.91,55.61,55.8,147483
215,142,2020-09-23 11:30:00,55.8,56.02,55.72,55.79,111676
216,141,2020-09-23 12:00:00,55.785,55.88,55.51,55.6069,99257
217,140,2020-09-23 12:30:00,55.59,55.74,55.53,55.72,129086
218,139,2020-09-23 13:00:00,55.72,55.88,55.67,55.88,450953
219,138,2020-09-23 13:30:00,55.88,55.94,55.72,55.73,128736
220,137,2020-09-23 14:00:00,55.73,55.77,55.48,55.58,121205
221,136,2020-09-23 14:30:00,55.577,55.59,54.96,54.98,274889
222,135,2020-09-23 15:00:00,54.99,55.01,54.73,54.79,256338
223,134,2020-09-23 15:30:00,54.81,54.88,54.56,54.76,308820
224,133,2020-09-23 16:00:00,54.75,54.82,54.31,54.38,1533929
225,132,2020-09-23 16:30:00,54.37,54.37,54.03,54.03,27760
226,131,2020-09-23 18:30:00,54.01,54.01,54.01,54.01,1000
227,130,2020-09-23 20:00:00,54.5,54.5,54.4999,54.4999,750
228,129,2020-09-24 09:00:00,54.04,54.04,54.02,54.02,1300
229,128,2020-09-24 09:30:00,54.26,54.26,54.0,54.0,601
230,127,2020-09-24 10:00:00,54.25,54.36,53.6405,53.74,322071
231,126,2020-09-24 10:30:00,53.72,54.69,53.695,54.19,403594
232,125,2020-09-24 11:00:00,54.2,54.23,53.69,53.8108,201245
233,124,2020-09-24 11:30:00,53.8,53.97,53.59,53.86,173976
234,123,2020-09-24 12:00:00,53.86,54.15,53.83,54.1,250504
235,122,2020-09-24 12:30:00,54.11,54.41,54.11,54.34,228502
236,121,2020-09-24 13:00:00,54.33,54.53,54.18,54.51,159759
237,120,2020-09-24 13:30:00,54.5,54.91,54.46,54.855,155325
238,119,2020-09-24 14:00:00,54.86,55.03,54.77,54.87,161653
239,118,2020-09-24 14:30:00,54.89,54.92,54.51,54.57,142108
240,117,2020-09-24 15:00:00,54.58,54.7,54.235,54.26,170951
241,116,2020-09-24 15:30:00,54.27,54.33,53.92,54.03,198355
242,115,2020-09-24 16:00:00,54.02,54.37,53.89,54.26,774361
243,114,2020-09-24 16:30:00,54.3,54.3,54.3,54.3,35842
244,113,2020-09-24 17:00:00,53.8,53.8,53.8,53.8,350
245,112,2020-09-24 17:30:00,54.3,54.3,54.3,54.3,3143
246,111,2020-09-24 18:30:00,54.6,54.88,54.41,54.88,6503
247,110,2020-09-25 08:30:00,54.29,54.29,54.29,54.29,200
248,109,2020-09-25 09:00:00,54.2,54.2,54.2,54.2,500
249,108,2020-09-25 10:00:00,53.81,54.6336,53.4901,54.51,420933
250,107,2020-09-25 10:30:00,54.5,54.73,54.11,54.53,168047
251,106,2020-09-25 11:00:00,54.55,54.78,54.34,54.53,102807
252,105,2020-09-25 11:30:00,54.55,54.64,54.41,54.53,166714
253,104,2020-09-25 12:00:00,54.55,54.72,54.37,54.412,124877
254,103,2020-09-25 12:30:00,54.44,54.76,54.4,54.645,99778
255,102,2020-09-25 13:00:00,54.66,54.895,54.64,54.81,106002
256,101,2020-09-25 13:30:00,54.81,54.98,54.75,54.935,129515
257,100,2020-09-25 14:00:00,54.935,55.14,54.91,55.14,145655
258,99,2020-09-25 14:30:00,55.13,55.27,54.9,54.965,248948
259,98,2020-09-25 15:00:00,54.955,54.9781,54.75,54.92,96395
260,97,2020-09-25 15:30:00,54.915,55.17,54.89,55.08,128733
261,96,2020-09-25 16:00:00,55.07,55.08,54.83,55.03,598177
262,95,2020-09-25 16:30:00,55.03,55.04,55.03,55.04,63286
263,94,2020-09-25 18:00:00,54.96,54.96,54.91,54.91,266
264,93,2020-09-25 18:30:00,54.89,54.89,54.89,54.89,121
265,92,2020-09-28 08:30:00,55.29,55.9975,55.29,55.9975,975
266,91,2020-09-28 09:30:00,55.61,55.61,55.61,55.61,200
267,90,2020-09-28 10:00:00,55.97,56.46,55.87,56.18,359874
268,89,2020-09-28 10:30:00,56.2,56.94,56.14,56.79,346013
269,88,2020-09-28 11:00:00,56.81,57.0,56.79,56.855,178815
270,87,2020-09-28 11:30:00,56.86,56.935,56.5599,56.77,234726
271,86,2020-09-28 12:00:00,56.76,57.1,56.76,57.1,155939
272,85,2020-09-28 12:30:00,57.09,57.25,56.965,57.075,180747
273,84,2020-09-28 13:00:00,57.075,57.29,57.0438,57.18,189852
274,83,2020-09-28 13:30:00,57.1697,57.18,56.86,56.87,131322
275,82,2020-09-28 14:00:00,56.9,56.96,56.71,56.73,150346
276,81,2020-09-28 14:30:00,56.735,56.895,56.685,56.83,141146
277,80,2020-09-28 15:00:00,56.83,57.03,56.8,56.825,275267
278,79,2020-09-28 15:30:00,56.815,56.82,56.64,56.725,192320
279,78,2020-09-28 16:00:00,56.72,56.74,56.43,56.57,618732
280,77,2020-09-28 16:30:00,56.55,56.55,56.55,56.55,20304
281,76,2020-09-29 06:00:00,57.2,57.2,57.2,57.2,100
282,75,2020-09-29 09:00:00,56.92,56.92,56.92,56.92,400
283,74,2020-09-29 09:30:00,56.75,56.75,56.6,56.6,230
284,73,2020-09-29 10:00:00,56.63,56.685,56.06,56.355,307312
285,72,2020-09-29 10:30:00,56.34,56.395,56.08,56.09,157335
286,71,2020-09-29 11:00:00,56.1,56.1,55.35,55.43,343971
287,70,2020-09-29 11:30:00,55.44,55.62,55.36,55.52,363746
288,69,2020-09-29 12:00:00,55.51,55.59,55.11,55.12,187397
289,68,2020-09-29 12:30:00,55.11,55.29,55.02,55.26,236933
290,67,2020-09-29 13:00:00,55.25,55.31,55.1023,55.15,127705
291,66,2020-09-29 13:30:00,55.16,55.42,55.02,55.365,277664
292,65,2020-09-29 14:00:00,55.36,55.57,55.35,55.4988,196485
293,64,2020-09-29 14:30:00,55.51,55.66,55.41,55.61,181605
294,63,2020-09-29 15:00:00,55.6,55.7,55.51,55.58,149696
295,62,2020-09-29 15:30:00,55.57,55.64,55.455,55.5,182864
296,61,2020-09-29 16:00:00,55.5,55.525,55.15,55.19,548945
297,60,2020-09-29 16:30:00,55.19,55.19,55.19,55.19,623024
298,59,2020-09-29 20:00:00,55.19,55.19,55.19,55.19,500
299,58,2020-09-30 08:00:00,55.1,55.19,55.1,55.19,400
300,57,2020-09-30 09:30:00,55.33,55.33,55.33,55.33,103
301,56,2020-09-30 10:00:00,55.54,56.22,55.54,56.06,256903
302,55,2020-09-30 10:30:00,56.05,56.28,55.88,56.0,326344
303,54,2020-09-30 11:00:00,56.02,56.33,55.97,56.14,163127
304,53,2020-09-30 11:30:00,56.15,56.16,55.7942,55.81,186588
305,52,2020-09-30 12:00:00,55.8,55.8,55.58,55.655,130203
306,51,2020-09-30 12:30:00,55.67,56.05,55.66,56.015,196979
307,50,2020-09-30 13:00:00,56.015,56.16,55.9,56.105,239942
308,49,2020-09-30 13:30:00,56.095,56.095,55.78,55.79,129815
309,48,2020-09-30 14:00:00,55.78,55.92,55.715,55.78,233129
310,47,2020-09-30 14:30:00,55.77,56.02,55.46,55.61,363870
311,46,2020-09-30 15:00:00,55.58,55.61,55.1686,55.46,204469
312,45,2020-09-30 15:30:00,55.45,55.53,55.02,55.2896,321804
313,44,2020-09-30 16:00:00,55.28,55.69,55.18,55.46,658599
314,43,2020-09-30 16:30:00,55.3,55.48,55.3,55.48,119956
315,42,2020-09-30 17:30:00,55.46,55.46,55.46,55.46,200
316,41,2020-09-30 18:30:00,55.5,55.5,55.5,55.5,750
317,40,2020-10-01 08:00:00,55.98,55.99,55.98,55.98,600
318,39,2020-10-01 08:30:00,56.0,56.0,56.0,56.0,340
319,38,2020-10-01 10:00:00,55.96,56.3101,55.62,55.62,328018
320,37,2020-10-01 10:30:00,55.61,55.74,55.33,55.5,253567
321,36,2020-10-01 11:00:00,55.48,55.725,55.34,55.43,198000
322,35,2020-10-01 11:30:00,55.44,55.958999999999996,55.33,55.9,232741
323,34,2020-10-01 12:00:00,55.915,55.92,55.565,55.787,202951
324,33,2020-10-01 12:30:00,55.78,55.78,55.58,55.71,159908
325,32,2020-10-01 13:00:00,55.7,55.81,55.57,55.57,169734
326,31,2020-10-01 13:30:00,55.57,55.62,55.33,55.36,143415
327,30,2020-10-01 14:00:00,55.37,55.44,55.13,55.19,229166
328,29,2020-10-01 14:30:00,55.18,55.26,54.8301,55.11,311725
329,28,2020-10-01 15:00:00,55.11,55.18,55.015,55.05,204762
330,27,2020-10-01 15:30:00,55.045,55.1125,54.68,54.69,400786
331,26,2020-10-01 16:00:00,54.69,54.77,54.425,54.53,946415
332,25,2020-10-01 16:30:00,54.53,54.53,54.53,54.53,192014
333,24,2020-10-01 17:00:00,54.64,54.68,54.64,54.64,5990
334,23,2020-10-01 18:00:00,54.98,54.98,54.53,54.53,226
335,22,2020-10-01 18:30:00,54.53,54.53,54.53,54.53,300
336,21,2020-10-01 19:00:00,54.5,54.5,54.5,54.5,300
337,20,2020-10-02 07:30:00,53.86,53.95,53.86,53.95,513
338,19,2020-10-02 08:00:00,53.82,53.82,53.75,53.75,751
339,18,2020-10-02 08:30:00,53.5223,54.0,53.5223,54.0,983
340,17,2020-10-02 09:00:00,53.53,53.55,53.51,53.51,1850
341,16,2020-10-02 09:30:00,53.42,53.71,53.4002,53.71,1605
342,15,2020-10-02 10:00:00,53.73,54.35,53.52,54.055,408066
343,14,2020-10-02 10:30:00,54.04,54.7399,54.0,54.67,216405
344,13,2020-10-02 11:00:00,54.66,54.76,54.495,54.66,175711
345,12,2020-10-02 11:30:00,54.66,55.09,54.55,54.95,306113
346,11,2020-10-02 12:00:00,54.965,55.09,54.8301,54.84,210014
347,10,2020-10-02 12:30:00,54.83,55.57,54.7595,55.25,443507
348,9,2020-10-02 13:00:00,55.25,55.37,55.13,55.335,346815
349,8,2020-10-02 13:30:00,55.34,55.44,55.24,55.3,231677
350,7,2020-10-02 14:00:00,55.31,55.32,54.9,55.005,166077
351,6,2020-10-02 14:30:00,55.0,55.24,55.0,55.14,213791
352,5,2020-10-02 15:00:00,55.145,55.37,55.1101,55.23,194259
353,4,2020-10-02 15:30:00,55.23,55.28,54.88,55.12,282347
354,3,2020-10-02 16:00:00,55.12,55.18,54.74,54.77,897198
355,2,2020-10-02 16:30:00,54.77,54.77,54.77,54.77,191502
356,1,2020-10-02 17:00:00,54.91,54.91,54.91,54.91,500
357,0,2020-10-02 17:30:00,54.91,54.91,54.91,54.91,15779
