,index,time,open,high,low,close,volume
0,400,2020-09-08 05:30:00,5.38,5.38,5.38,5.38,100
1,399,2020-09-08 07:30:00,5.45,5.45,5.41,5.41,560
2,398,2020-09-08 08:30:00,5.42,5.4201,5.42,5.42,2722
3,397,2020-09-08 09:00:00,5.41,5.41,5.4,5.4,1100
4,396,2020-09-08 09:30:00,5.3502,5.36,5.35,5.35,1465
5,395,2020-09-08 10:00:00,5.3,5.35,5.24,5.29,418879
6,394,2020-09-08 10:30:00,5.28,5.2860000000000005,5.22,5.26,296195
7,393,2020-09-08 11:00:00,5.26,5.26,5.16,5.202000000000001,359740
8,392,2020-09-08 11:30:00,5.2,5.26,5.19,5.225,131852
9,391,2020-09-08 12:00:00,5.225,5.24,5.21,5.24,101559
10,390,2020-09-08 12:30:00,5.24,5.28,5.2303,5.26,90797
11,389,2020-09-08 13:00:00,5.26,5.29,5.255,5.28,48895
12,388,2020-09-08 13:30:00,5.27,5.29,5.24,5.28,85785
13,387,2020-09-08 14:00:00,5.27,5.3,5.26,5.28,125974
14,386,2020-09-08 14:30:00,5.28,5.29,5.235,5.235,77210
15,385,2020-09-08 15:00:00,5.235,5.24,5.19,5.23,157044
16,384,2020-09-08 15:30:00,5.23,5.25,5.19,5.25,243842
17,383,2020-09-08 16:00:00,5.245,5.25,5.19,5.2,323988
18,382,2020-09-08 16:30:00,5.2,5.2002,5.2,5.2002,18883
19,381,2020-09-08 17:00:00,5.26,5.3,5.22,5.27,18158
20,380,2020-09-08 17:30:00,5.27,5.28,5.27,5.28,2026
21,379,2020-09-08 18:00:00,5.21,5.21,5.2,5.2,1903
22,378,2020-09-08 19:00:00,5.17,5.17,5.17,5.17,140
23,377,2020-09-09 08:30:00,5.2998,5.3,5.2998,5.3,2898
24,376,2020-09-09 09:00:00,5.31,5.31,5.16,5.2,17653
25,375,2020-09-09 09:30:00,5.2896,5.2896,5.27,5.27,350
26,374,2020-09-09 10:00:00,5.33,5.39,5.28,5.39,376104
27,373,2020-09-09 10:30:00,5.395,5.42,5.3577,5.38,182283
28,372,2020-09-09 11:00:00,5.38,5.445,5.38,5.4378,161300
29,371,2020-09-09 11:30:00,5.44,5.48,5.42,5.435,158961
30,370,2020-09-09 12:00:00,5.44,5.44,5.395,5.4064,97778
31,369,2020-09-09 12:30:00,5.4058,5.445,5.4001,5.435,53998
32,368,2020-09-09 13:00:00,5.44,5.45,5.42,5.42,94958
33,367,2020-09-09 13:30:00,5.425,5.465,5.42,5.435,82403
34,366,2020-09-09 14:00:00,5.44,5.45,5.41,5.415,92527
35,365,2020-09-09 14:30:00,5.42,5.45,5.41,5.415,60955
36,364,2020-09-09 15:00:00,5.4167,5.43,5.41,5.417999999999999,74882
37,363,2020-09-09 15:30:00,5.41,5.42,5.38,5.388,210260
38,362,2020-09-09 16:00:00,5.388,5.42,5.38,5.41,267840
39,361,2020-09-09 16:30:00,5.4,5.4,5.4,5.4,20588
40,360,2020-09-09 17:30:00,5.4,5.4,5.395,5.395,300
41,359,2020-09-09 18:30:00,5.39,5.39,5.3899,5.3899,1371
42,358,2020-09-09 19:00:00,5.39,5.39,5.39,5.39,100
43,357,2020-09-09 19:30:00,5.39,5.39,5.39,5.39,434
44,356,2020-09-09 20:00:00,5.33,5.33,5.33,5.33,1509
45,355,2020-09-10 08:30:00,5.37,5.37,5.37,5.37,1180
46,354,2020-09-10 09:00:00,5.37,5.4,5.37,5.4,3920
47,353,2020-09-10 09:30:00,5.37,5.4,5.37,5.4,5360
48,352,2020-09-10 10:00:00,5.39,5.57,5.382000000000001,5.52,513826
49,351,2020-09-10 10:30:00,5.525,5.54,5.4,5.42,136712
50,350,2020-09-10 11:00:00,5.42,5.465,5.38,5.39,229446
51,349,2020-09-10 11:30:00,5.385,5.415,5.37,5.405,135636
52,348,2020-09-10 12:00:00,5.405,5.47,5.38,5.445,212196
53,347,2020-09-10 12:30:00,5.45,5.468,5.42,5.435,68921
54,346,2020-09-10 13:00:00,5.435,5.45,5.42,5.45,43846
55,345,2020-09-10 13:30:00,5.45,5.47,5.44,5.445,71233
56,344,2020-09-10 14:00:00,5.45,5.45,5.41,5.417999999999999,101196
57,343,2020-09-10 14:30:00,5.4199,5.43,5.35,5.35,113832
58,342,2020-09-10 15:00:00,5.36,5.3774,5.3309,5.3774,180736
59,341,2020-09-10 15:30:00,5.371,5.371,5.31,5.3326,127588
60,340,2020-09-10 16:00:00,5.33,5.365,5.32,5.33,214164
61,339,2020-09-10 16:30:00,5.33,5.33,5.33,5.33,23832
62,338,2020-09-11 05:30:00,5.37,5.37,5.37,5.37,100
63,337,2020-09-11 07:30:00,5.4,5.4,5.4,5.4,106
64,336,2020-09-11 08:30:00,5.4,5.4,5.4,5.4,103
65,335,2020-09-11 09:00:00,5.4,5.4,5.4,5.4,695
66,334,2020-09-11 10:00:00,5.36,5.37,5.26,5.275,198582
67,333,2020-09-11 10:30:00,5.28,5.33,5.26,5.31,128782
68,332,2020-09-11 11:00:00,5.308,5.33,5.26,5.305,153434
69,331,2020-09-11 11:30:00,5.31,5.34,5.29,5.295,145098
70,330,2020-09-11 12:00:00,5.29,5.3063,5.27,5.28,96013
71,329,2020-09-11 12:30:00,5.28,5.32,5.27,5.305,53433
72,328,2020-09-11 13:00:00,5.3,5.305,5.265,5.265,81528
73,327,2020-09-11 13:30:00,5.265,5.29,5.2599,5.28,106138
74,326,2020-09-11 14:00:00,5.275,5.28,5.24,5.24,134335
75,325,2020-09-11 14:30:00,5.24,5.27,5.24,5.2598,90496
76,324,2020-09-11 15:00:00,5.25,5.29,5.25,5.285,71210
77,323,2020-09-11 15:30:00,5.285,5.31,5.26,5.29,92697
78,322,2020-09-11 16:00:00,5.295,5.3,5.21,5.215,325649
79,321,2020-09-11 16:30:00,5.22,5.22,5.22,5.22,100
80,320,2020-09-11 17:00:00,5.24,5.24,5.24,5.24,100
81,319,2020-09-11 17:30:00,5.23,5.23,5.23,5.23,1984
82,318,2020-09-11 18:00:00,5.22,5.24,5.22,5.24,5100
83,317,2020-09-11 18:30:00,5.23,5.23,5.23,5.23,100
84,316,2020-09-11 19:30:00,5.23,5.24,5.23,5.24,1250
85,315,2020-09-11 20:00:00,5.29,5.29,5.29,5.29,100
86,314,2020-09-14 07:30:00,5.26,5.26,5.25,5.25,419
87,313,2020-09-14 08:30:00,5.3542,5.3542,5.26,5.3,3281
88,312,2020-09-14 09:30:00,5.3,5.3,5.3,5.3,200
89,311,2020-09-14 10:00:00,5.27,5.32,5.23,5.2776,456803
90,310,2020-09-14 10:30:00,5.28,5.36,5.23,5.32,153520
91,309,2020-09-14 11:00:00,5.32,5.33,5.26,5.2788,71237
92,308,2020-09-14 11:30:00,5.28,5.29,5.23,5.2769,105089
93,307,2020-09-14 12:00:00,5.28,5.29,5.25,5.255,81765
94,306,2020-09-14 12:30:00,5.25,5.31,5.245,5.3021,83105
95,305,2020-09-14 13:00:00,5.3,5.31,5.2841,5.29,62428
96,304,2020-09-14 13:30:00,5.29,5.295,5.245,5.29,115587
97,303,2020-09-14 14:00:00,5.285,5.29,5.26,5.2808,30932
98,302,2020-09-14 14:30:00,5.28,5.3,5.27,5.29,52857
99,301,2020-09-14 15:00:00,5.3,5.31,5.29,5.305,50180
100,300,2020-09-14 15:30:00,5.3021,5.33,5.29,5.325,81548
101,299,2020-09-14 16:00:00,5.33,5.35,5.3001,5.332000000000001,194493
102,298,2020-09-14 16:30:00,5.34,5.34,5.34,5.34,17950
103,297,2020-09-14 17:30:00,5.35,5.36,5.35,5.36,950
104,296,2020-09-14 18:00:00,5.38,5.42,5.38,5.42,1805
105,295,2020-09-14 18:30:00,5.42,5.42,5.42,5.42,1800
106,294,2020-09-14 19:00:00,5.42,5.42,5.42,5.42,200
107,293,2020-09-14 19:30:00,5.35,5.35,5.35,5.35,1000
108,292,2020-09-15 08:30:00,5.34,5.34,5.34,5.34,500
109,291,2020-09-15 09:30:00,5.44,5.45,5.44,5.45,500
110,290,2020-09-15 10:00:00,5.37,5.4399,5.3501,5.355,218518
111,289,2020-09-15 10:30:00,5.355,5.4,5.355,5.4,79499
112,288,2020-09-15 11:00:00,5.405,5.44,5.395,5.44,55348
113,287,2020-09-15 11:30:00,5.435,5.435,5.38,5.395,75042
114,286,2020-09-15 12:00:00,5.395,5.4,5.335,5.345,130320
115,285,2020-09-15 12:30:00,5.345,5.37,5.33,5.355,66716
116,284,2020-09-15 13:00:00,5.355,5.36,5.32,5.345,90231
117,283,2020-09-15 13:30:00,5.3486,5.35,5.33,5.335,50483
118,282,2020-09-15 14:00:00,5.34,5.34,5.31,5.315,52252
119,281,2020-09-15 14:30:00,5.3114,5.3186,5.29,5.295,56043
120,280,2020-09-15 15:00:00,5.2945,5.3,5.28,5.2981,56815
121,279,2020-09-15 15:30:00,5.3,5.3,5.28,5.28,89431
122,278,2020-09-15 16:00:00,5.285,5.29,5.25,5.27,198554
123,277,2020-09-15 16:30:00,5.31,5.31,5.31,5.31,300
124,276,2020-09-15 17:00:00,5.31,5.31,5.2902,5.2902,1086
125,275,2020-09-15 17:30:00,5.3,5.3,5.3,5.3,1000
126,274,2020-09-15 18:00:00,5.31,5.31,5.31,5.31,100
127,273,2020-09-15 18:30:00,5.42,5.42,5.42,5.42,100
128,272,2020-09-15 19:30:00,5.33,5.33,5.33,5.33,100
129,271,2020-09-16 07:30:00,5.35,5.35,5.35,5.35,1000
130,270,2020-09-16 08:30:00,5.32,5.32,5.31,5.31,400
131,269,2020-09-16 09:30:00,5.32,5.32,5.32,5.32,210
132,268,2020-09-16 10:00:00,5.38,5.3886,5.3,5.37,395019
133,267,2020-09-16 10:30:00,5.379,5.44,5.37,5.405,197554
134,266,2020-09-16 11:00:00,5.4029,5.42,5.38,5.3886,118196
135,265,2020-09-16 11:30:00,5.39,5.4,5.37,5.39,57147
136,264,2020-09-16 12:00:00,5.382000000000001,5.41,5.36,5.4,68297
137,263,2020-09-16 12:30:00,5.405,5.41,5.34,5.345,55130
138,262,2020-09-16 13:00:00,5.34,5.36,5.33,5.35,65309
139,261,2020-09-16 13:30:00,5.345,5.38,5.33,5.37,50219
140,260,2020-09-16 14:00:00,5.36,5.365,5.33,5.345,45866
141,259,2020-09-16 14:30:00,5.3468,5.4,5.33,5.395,84961
142,258,2020-09-16 15:00:00,5.395,5.415,5.38,5.3999,83599
143,257,2020-09-16 15:30:00,5.3981,5.4,5.33,5.355,93727
144,256,2020-09-16 16:00:00,5.35,5.355,5.31,5.34,248969
145,255,2020-09-16 16:30:00,5.34,5.34,5.34,5.34,94251
146,254,2020-09-16 19:30:00,5.4,5.42,5.4,5.42,1060
147,253,2020-09-17 08:30:00,5.28,5.3,5.26,5.3,870
148,252,2020-09-17 09:00:00,5.3,5.3,5.3,5.3,300
149,251,2020-09-17 09:30:00,5.28,5.2801,5.27,5.27,812
150,250,2020-09-17 10:00:00,5.25,5.29,5.17,5.255,344255
151,249,2020-09-17 10:30:00,5.25,5.2786,5.2401,5.25,98366
152,248,2020-09-17 11:00:00,5.255,5.2739,5.23,5.23,79777
153,247,2020-09-17 11:30:00,5.23,5.2623,5.23,5.245,92153
154,246,2020-09-17 12:00:00,5.24,5.25,5.2072,5.21,89532
155,245,2020-09-17 12:30:00,5.21,5.22,5.18,5.2101,170404
156,244,2020-09-17 13:00:00,5.2112,5.23,5.2,5.22,68474
157,243,2020-09-17 13:30:00,5.215,5.22,5.18,5.1939,88610
158,242,2020-09-17 14:00:00,5.1901,5.21,5.1843,5.2,82988
159,241,2020-09-17 14:30:00,5.205,5.24,5.19,5.225,111322
160,240,2020-09-17 15:00:00,5.225,5.24,5.21,5.23,76361
161,239,2020-09-17 15:30:00,5.23,5.24,5.2,5.2,112892
162,238,2020-09-17 16:00:00,5.205,5.24,5.2,5.21,247357
163,237,2020-09-17 16:30:00,5.21,5.21,5.21,5.21,5758
164,236,2020-09-17 17:30:00,5.23,5.23,5.23,5.23,1493
165,235,2020-09-17 18:00:00,5.24,5.24,5.24,5.24,100
166,234,2020-09-17 20:00:00,5.24,5.24,5.24,5.24,800
167,233,2020-09-18 08:30:00,5.24,5.24,5.2399,5.2399,200
168,232,2020-09-18 09:30:00,5.2001,5.22,5.2,5.22,499
169,231,2020-09-18 10:00:00,5.25,5.27,5.1852,5.21,520836
170,230,2020-09-18 10:30:00,5.22,5.32,5.215,5.27,153830
171,229,2020-09-18 11:00:00,5.2778,5.2778,5.2,5.215,139006
172,228,2020-09-18 11:30:00,5.215,5.2499,5.205,5.2306,90041
173,227,2020-09-18 12:00:00,5.2399,5.24,5.2,5.2314,111049
174,226,2020-09-18 12:30:00,5.23,5.23,5.19,5.1925,91890
175,225,2020-09-18 13:00:00,5.2,5.2,5.17,5.185,187742
176,224,2020-09-18 13:30:00,5.185,5.23,5.175,5.1799,162579
177,223,2020-09-18 14:00:00,5.17,5.2055,5.165,5.2055,89033
178,222,2020-09-18 14:30:00,5.205,5.23,5.185,5.23,90902
179,221,2020-09-18 15:00:00,5.225,5.245,5.21,5.235,83547
180,220,2020-09-18 15:30:00,5.235,5.32,5.235,5.32,197554
181,219,2020-09-18 16:00:00,5.315,5.33,5.27,5.32,777754
182,218,2020-09-18 16:30:00,5.32,5.3217,5.2898,5.3217,338341
183,217,2020-09-18 17:00:00,5.29,5.29,5.29,5.29,5300
184,216,2020-09-18 19:00:00,5.29,5.29,5.29,5.29,100
185,215,2020-09-18 19:30:00,5.25,5.25,5.25,5.25,100
186,214,2020-09-18 20:00:00,5.29,5.29,5.29,5.29,600
187,213,2020-09-21 06:00:00,5.25,5.25,5.25,5.25,100
188,212,2020-09-21 07:00:00,5.27,5.27,5.27,5.27,312
189,211,2020-09-21 07:30:00,5.29,5.37,5.29,5.37,4495
190,210,2020-09-21 08:30:00,5.25,5.3199,5.25,5.25,756
191,209,2020-09-21 09:00:00,5.25,5.25,5.25,5.25,250
192,208,2020-09-21 09:30:00,5.3,5.3,5.18,5.18,5810
193,207,2020-09-21 10:00:00,5.15,5.2,5.07,5.125,413539
194,206,2020-09-21 10:30:00,5.12,5.14,5.07,5.075,211503
195,205,2020-09-21 11:00:00,5.0799,5.085,5.05,5.06,248916
196,204,2020-09-21 11:30:00,5.065,5.09,5.05,5.075,202221
197,203,2020-09-21 12:00:00,5.075,5.09,5.05,5.09,133093
198,202,2020-09-21 12:30:00,5.09,5.09,5.02,5.025,289941
199,201,2020-09-21 13:00:00,5.025,5.03,5.0,5.005,388812
200,200,2020-09-21 13:30:00,5.01,5.015,4.99,5.005,295394
201,199,2020-09-21 14:00:00,5.01,5.01,4.95,4.9615,251717
202,198,2020-09-21 14:30:00,4.965,4.98,4.94,4.945,236299
203,197,2020-09-21 15:00:00,4.95,4.97,4.94,4.965,200152
204,196,2020-09-21 15:30:00,4.965,5.02,4.96,5.005,203004
205,195,2020-09-21 16:00:00,5.01,5.01,4.985,5.0,470999
206,194,2020-09-21 16:30:00,5.01,5.01,5.01,5.01,12755
207,193,2020-09-21 17:00:00,5.02,5.02,5.01,5.01,850
208,192,2020-09-21 17:30:00,5.01,5.01,5.01,5.01,642
209,191,2020-09-21 18:30:00,5.01,5.01,5.01,5.01,2200
210,190,2020-09-21 19:00:00,5.01,5.01,5.0,5.0,2698
211,189,2020-09-21 20:00:00,5.0,5.0,5.0,5.0,600
212,188,2020-09-22 08:00:00,5.03,5.03,5.03,5.03,2527
213,187,2020-09-22 08:30:00,5.0402,5.07,5.03,5.03,5130
214,186,2020-09-22 09:00:00,5.03,5.04,5.0105,5.0105,2700
215,185,2020-09-22 09:30:00,5.05,5.05,5.05,5.05,401
216,184,2020-09-22 10:00:00,5.02,5.08,4.8848,4.9273,420628
217,183,2020-09-22 10:30:00,4.925,5.0,4.92,4.985,173298
218,182,2020-09-22 11:00:00,4.985,4.995,4.945,4.945,174307
219,181,2020-09-22 11:30:00,4.94,4.96,4.92,4.935,82005
220,180,2020-09-22 12:00:00,4.94,4.95,4.92,4.945,84476
221,179,2020-09-22 12:30:00,4.95,4.95,4.94,4.945,56389
222,178,2020-09-22 13:00:00,4.95,4.95,4.91,4.92,59249
223,177,2020-09-22 13:30:00,4.92,4.92,4.9,4.91,153854
224,176,2020-09-22 14:00:00,4.9175,4.97,4.91,4.955,116376
225,175,2020-09-22 14:30:00,4.955,4.99,4.955,4.99,88865
226,174,2020-09-22 15:00:00,4.99,5.0,4.96,4.965,111712
227,173,2020-09-22 15:30:00,4.965,5.0,4.96,5.0,151466
228,172,2020-09-22 16:00:00,5.0,5.02,4.97,4.97,367763
229,171,2020-09-22 16:30:00,4.98,4.98,4.9717,4.9717,15163
230,170,2020-09-22 17:00:00,4.95,4.95,4.95,4.95,300
231,169,2020-09-22 17:30:00,5.0,5.0,5.0,5.0,300
232,168,2020-09-22 19:30:00,5.0,5.0,5.0,5.0,700
233,167,2020-09-23 08:30:00,5.0,5.0535,4.98,5.0535,4251
234,166,2020-09-23 09:00:00,5.0,5.0,5.0,5.0,110
235,165,2020-09-23 09:30:00,5.0,5.0,4.99,4.99,1622
236,164,2020-09-23 10:00:00,4.98,5.03,4.96,5.0,211781
237,163,2020-09-23 10:30:00,4.9966,5.01,4.95,4.9599,178481
238,162,2020-09-23 11:00:00,4.955,4.96,4.88,4.8819,175456
239,161,2020-09-23 11:30:00,4.885,4.91,4.87,4.875,215562
240,160,2020-09-23 12:00:00,4.87,4.88,4.85,4.855,122466
241,159,2020-09-23 12:30:00,4.86,4.86,4.82,4.8283,201555
242,158,2020-09-23 13:00:00,4.825,4.835,4.82,4.825,210695
243,157,2020-09-23 13:30:00,4.82,4.8299,4.805,4.805,145980
244,156,2020-09-23 14:00:00,4.8018,4.81,4.77,4.785,233354
245,155,2020-09-23 14:30:00,4.78,4.785,4.72,4.7485,256393
246,154,2020-09-23 15:00:00,4.745,4.76,4.72,4.72,168957
247,153,2020-09-23 15:30:00,4.72,4.75,4.72,4.74,151922
248,152,2020-09-23 16:00:00,4.745,4.7469,4.7,4.73,477669
249,151,2020-09-23 16:30:00,4.73,4.8,4.73,4.8,25190
250,150,2020-09-23 19:00:00,4.74,4.74,4.74,4.74,619
251,149,2020-09-23 19:30:00,4.74,4.74,4.74,4.74,300
252,148,2020-09-23 20:00:00,4.73,4.73,4.73,4.73,875
253,147,2020-09-24 06:00:00,4.79,4.8,4.79,4.8,1255
254,146,2020-09-24 07:30:00,4.73,4.73,4.73,4.73,900
255,145,2020-09-24 08:00:00,4.75,4.75,4.75,4.75,2400
256,144,2020-09-24 08:30:00,4.75,4.75,4.75,4.75,4490
257,143,2020-09-24 09:00:00,4.72,4.73,4.72,4.72,2277
258,142,2020-09-24 09:30:00,4.73,4.75,4.72,4.72,9812
259,141,2020-09-24 10:00:00,4.7,4.76,4.6,4.76,364098
260,140,2020-09-24 10:30:00,4.7684,4.805,4.73,4.74,200120
261,139,2020-09-24 11:00:00,4.7462,4.8,4.6977,4.775,149448
262,138,2020-09-24 11:30:00,4.78,4.81,4.7415,4.7923,115283
263,137,2020-09-24 12:00:00,4.8,4.805,4.755,4.765,150846
264,136,2020-09-24 12:30:00,4.765,4.78,4.74,4.745,149748
265,135,2020-09-24 13:00:00,4.74,4.75,4.72,4.745,147167
266,134,2020-09-24 13:30:00,4.75,4.81,4.735,4.795,256146
267,133,2020-09-24 14:00:00,4.795,4.815,4.785,4.795,95473
268,132,2020-09-24 14:30:00,4.7901,4.7961,4.74,4.745,96655
269,131,2020-09-24 15:00:00,4.745,4.75,4.685,4.685,126326
270,130,2020-09-24 15:30:00,4.69,4.71,4.67,4.6718,102395
271,129,2020-09-24 16:00:00,4.67,4.7,4.65,4.66,295656
272,128,2020-09-24 17:00:00,4.8,4.8,4.8,4.8,300
273,127,2020-09-24 17:30:00,4.75,4.75,4.75,4.75,100
274,126,2020-09-25 09:30:00,4.65,4.68,4.65,4.68,1401
275,125,2020-09-25 10:00:00,4.66,4.72,4.63,4.685,139588
276,124,2020-09-25 10:30:00,4.69,4.725,4.67,4.71,134987
277,123,2020-09-25 11:00:00,4.7045,4.7055,4.64,4.6615,80983
278,122,2020-09-25 11:30:00,4.667,4.69,4.6446,4.6629,94696
279,121,2020-09-25 12:00:00,4.66,4.67,4.63,4.6474,93327
280,120,2020-09-25 12:30:00,4.65,4.69,4.64,4.665,87839
281,119,2020-09-25 13:00:00,4.6636,4.71,4.66,4.7,54620
282,118,2020-09-25 13:30:00,4.69,4.7,4.66,4.665,130489
283,117,2020-09-25 14:00:00,4.67,4.67,4.62,4.625,114903
284,116,2020-09-25 14:30:00,4.625,4.64,4.62,4.625,179943
285,115,2020-09-25 15:00:00,4.625,4.64,4.62,4.6375,128690
286,114,2020-09-25 15:30:00,4.635,4.66,4.63,4.655,119908
287,113,2020-09-25 16:00:00,4.65,4.71,4.63,4.645,663537
288,112,2020-09-25 16:30:00,4.65,4.65,4.65,4.65,400
289,111,2020-09-25 17:00:00,4.65,4.65,4.65,4.65,100
290,110,2020-09-25 17:30:00,4.63,4.64,4.63,4.64,1700
291,109,2020-09-25 18:30:00,4.66,4.66,4.66,4.66,520
292,108,2020-09-25 20:00:00,4.65,4.65,4.65,4.65,1000
293,107,2020-09-28 07:00:00,4.91,4.91,4.91,4.91,145
294,106,2020-09-28 08:30:00,4.7,4.75,4.65,4.7499,14790
295,105,2020-09-28 09:00:00,4.7001,4.75,4.7001,4.73,2596
296,104,2020-09-28 09:30:00,4.74,4.75,4.74,4.74,17054
297,103,2020-09-28 10:00:00,4.74,4.88,4.74,4.8315,310363
298,102,2020-09-28 10:30:00,4.835,4.94,4.835,4.9259,184763
299,101,2020-09-28 11:00:00,4.93,4.955,4.9,4.915,119138
300,100,2020-09-28 11:30:00,4.92,4.925,4.875,4.88,71830
301,99,2020-09-28 12:00:00,4.88,4.89,4.835,4.86,104284
302,98,2020-09-28 12:30:00,4.86,4.9,4.85,4.865,120546
303,97,2020-09-28 13:00:00,4.87,4.87,4.84,4.845,77082
304,96,2020-09-28 13:30:00,4.85,4.85,4.82,4.8465,102151
305,95,2020-09-28 14:00:00,4.845,4.85,4.82,4.82,71456
306,94,2020-09-28 14:30:00,4.82,4.82,4.8,4.8082,81350
307,93,2020-09-28 15:00:00,4.8,4.81,4.8,4.805,56234
308,92,2020-09-28 15:30:00,4.805,4.81,4.79,4.81,114565
309,91,2020-09-28 16:00:00,4.805,4.81,4.78,4.79,296518
310,90,2020-09-28 16:30:00,4.79,4.79,4.79,4.79,41660
311,89,2020-09-28 18:00:00,4.82,4.82,4.82,4.82,1001
312,88,2020-09-28 19:00:00,4.82,4.82,4.82,4.82,700
313,87,2020-09-28 20:00:00,4.82,4.82,4.82,4.82,2300
314,86,2020-09-29 07:30:00,4.93,4.93,4.82,4.85,901
315,85,2020-09-29 08:30:00,4.82,4.83,4.82,4.83,1300
316,84,2020-09-29 09:00:00,4.83,4.83,4.83,4.83,500
317,83,2020-09-29 10:00:00,4.84,4.925,4.77,4.86,332960
318,82,2020-09-29 10:30:00,4.855,5.0699,4.84,5.0329,561916
319,81,2020-09-29 11:00:00,5.0353,5.04,4.88,4.885,335934
320,80,2020-09-29 11:30:00,4.88,4.89,4.86,4.885,146655
321,79,2020-09-29 12:00:00,4.885,4.89,4.84,4.84,174792
322,78,2020-09-29 12:30:00,4.845,4.89,4.83,4.875,161954
323,77,2020-09-29 13:00:00,4.87,4.88,4.835,4.88,77023
324,76,2020-09-29 13:30:00,4.8776,4.89,4.83,4.855,83251
325,75,2020-09-29 14:00:00,4.855,4.87,4.84,4.86,38634
326,74,2020-09-29 14:30:00,4.86,4.9,4.85,4.9,40648
327,73,2020-09-29 15:00:00,4.9,4.92,4.8818,4.9178,49361
328,72,2020-09-29 15:30:00,4.915,4.95,4.91,4.93,94424
329,71,2020-09-29 16:00:00,4.925,4.93,4.895,4.92,248224
330,70,2020-09-29 16:30:00,4.92,4.92,4.92,4.92,400
331,69,2020-09-29 17:30:00,4.94,4.94,4.94,4.94,100
332,68,2020-09-29 18:00:00,4.94,4.95,4.94,4.95,600
333,67,2020-09-29 19:00:00,4.95,5.05,4.95,5.05,8111
334,66,2020-09-29 19:30:00,5.05,5.06,5.05,5.06,2600
335,65,2020-09-29 20:00:00,4.99,4.99,4.98,4.98,300
336,64,2020-09-30 08:30:00,4.9101,5.0,4.9101,4.998,1335
337,63,2020-09-30 09:00:00,4.9502,5.0,4.9502,4.99,650
338,62,2020-09-30 09:30:00,4.9599,4.9799,4.95,4.95,5300
339,61,2020-09-30 10:00:00,4.93,5.125,4.92,5.08,356449
340,60,2020-09-30 10:30:00,5.08,5.12,4.98,5.005,209907
341,59,2020-09-30 11:00:00,5.005,5.03,4.9822,4.989,400938
342,58,2020-09-30 11:30:00,4.99,4.99,4.9414,4.9414,76487
343,57,2020-09-30 12:00:00,4.9462,4.98,4.9462,4.9777,42139
344,56,2020-09-30 12:30:00,4.9801,5.0,4.98,4.995,30554
345,55,2020-09-30 13:00:00,4.9985,5.0,4.96,4.9779,57201
346,54,2020-09-30 13:30:00,4.975,4.99,4.96,4.99,35980
347,53,2020-09-30 14:00:00,4.99,5.0,4.9715,4.9875,43907
348,52,2020-09-30 14:30:00,4.98,5.01,4.97,4.97,97430
349,51,2020-09-30 15:00:00,4.97,4.975,4.91,4.9585,69553
350,50,2020-09-30 15:30:00,4.958,4.96,4.86,4.905,165919
351,49,2020-09-30 16:00:00,4.905,4.93,4.8722,4.9,218032
352,48,2020-09-30 16:30:00,4.91,4.91,4.9,4.9,10695
353,47,2020-09-30 17:00:00,4.91,4.91,4.91,4.91,100
354,46,2020-09-30 17:30:00,4.91,4.91,4.9001,4.9001,630
355,45,2020-10-01 08:30:00,4.9201,5.0,4.92,5.0,1550
356,44,2020-10-01 09:00:00,5.0,5.0,5.0,5.0,100
357,43,2020-10-01 09:30:00,5.0,5.0,4.95,4.97,5076
358,42,2020-10-01 10:00:00,4.94,4.9792,4.915,4.94,189864
359,41,2020-10-01 10:30:00,4.935,4.96,4.88,4.9,136943
360,40,2020-10-01 11:00:00,4.9,4.905,4.865,4.88,70413
361,39,2020-10-01 11:30:00,4.88,4.9,4.8719,4.8899,42574
362,38,2020-10-01 12:00:00,4.88,4.89,4.87,4.88,37114
363,37,2020-10-01 12:30:00,4.8799,4.91,4.865,4.905,70824
364,36,2020-10-01 13:00:00,4.91,4.91,4.8783,4.8783,48493
365,35,2020-10-01 13:30:00,4.8795,4.91,4.8795,4.89,67779
366,34,2020-10-01 14:00:00,4.89,4.9,4.865,4.865,49065
367,33,2020-10-01 14:30:00,4.87,4.88,4.83,4.88,75945
368,32,2020-10-01 15:00:00,4.88,4.91,4.87,4.8838,126069
369,31,2020-10-01 15:30:00,4.885,4.91,4.88,4.9026,75319
370,30,2020-10-01 16:00:00,4.905,4.91,4.87,4.87,409450
371,29,2020-10-01 16:30:00,4.88,4.88,4.88,4.88,40283
372,28,2020-10-01 17:30:00,4.87,4.87,4.87,4.87,150
373,27,2020-10-01 18:00:00,4.87,4.87,4.87,4.87,370
374,26,2020-10-01 18:30:00,4.87,4.87,4.87,4.87,1140
375,25,2020-10-01 19:00:00,4.85,4.85,4.85,4.85,500
376,24,2020-10-01 20:00:00,4.88,4.88,4.88,4.88,100
377,23,2020-10-02 05:00:00,4.92,4.92,4.88,4.88,397
378,22,2020-10-02 06:00:00,4.85,4.9,4.82,4.9,409
379,21,2020-10-02 07:00:00,4.75,4.75,4.75,4.75,500
380,20,2020-10-02 07:30:00,4.83,4.83,4.81,4.81,690
381,19,2020-10-02 08:00:00,4.81,4.81,4.81,4.81,100
382,18,2020-10-02 08:30:00,4.81,4.88,4.8,4.8,1421
383,17,2020-10-02 09:00:00,4.79,4.79,4.79,4.79,101
384,16,2020-10-02 09:30:00,4.75,4.7898,4.7,4.7201,5076
385,15,2020-10-02 10:00:00,4.75,4.75,4.6716,4.705,474707
386,14,2020-10-02 10:30:00,4.7065,4.81,4.7,4.78,158111
387,13,2020-10-02 11:00:00,4.785,4.79,4.732,4.755,83164
388,12,2020-10-02 11:30:00,4.75,4.8,4.7483,4.79,42148
389,11,2020-10-02 12:00:00,4.785,4.8486,4.775,4.8273,218808
390,10,2020-10-02 12:30:00,4.825,4.89,4.82,4.8686,94822
391,9,2020-10-02 13:00:00,4.865,4.8986,4.861000000000001,4.87,41083
392,8,2020-10-02 13:30:00,4.88,4.88,4.84,4.855,42509
393,7,2020-10-02 14:00:00,4.855,4.86,4.81,4.8152,58197
394,6,2020-10-02 14:30:00,4.815,4.86,4.81,4.845,44180
395,5,2020-10-02 15:00:00,4.845,4.8559,4.83,4.8458,48184
396,4,2020-10-02 15:30:00,4.84,4.87,4.825,4.845,65688
397,3,2020-10-02 16:00:00,4.85,4.87,4.835,4.87,243580
398,2,2020-10-02 16:30:00,4.87,4.87,4.87,4.87,2376
399,1,2020-10-02 18:00:00,4.8,4.8,4.75,4.75,1000
400,0,2020-10-02 20:00:00,4.86,4.86,4.86,4.86,199
