,index,time,open,high,low,close,volume
0,318,2020-09-08 10:00:00,209.138113515,210.11474246400002,207.254614828,209.028491898,247831
1,317,2020-09-08 10:30:00,209.028491898,210.22436408099998,207.60341088099997,209.526771974,126345
2,316,2020-09-08 11:00:00,209.506840771,210.473504119,208.629867837,209.32745994400003,62515
3,315,2020-09-08 11:30:00,209.11818231200002,210.39377930700002,208.84911107099998,209.267666335,85135
4,314,2020-09-08 12:00:00,209.187941523,209.68622159900002,208.365779397,209.292580339,66289
5,313,2020-09-08 12:30:00,209.227803929,211.46009866900002,208.99859509400002,210.88707658200002,85490
6,312,2020-09-08 13:00:00,210.847214176,211.85872273,210.473504119,211.848757129,65385
7,311,2020-09-08 13:30:00,211.868688332,211.98827555,211.171096225,211.968344347,70443
8,310,2020-09-08 14:00:00,211.98827555,212.506486829,211.609582692,212.13775957299998,86107
9,309,2020-09-08 14:30:00,212.237415588,212.366968408,211.011646601,211.300649045,76215
10,308,2020-09-08 15:00:00,211.350477053,211.48002987200002,210.22436408099998,211.48002987200002,121513
11,307,2020-09-08 15:30:00,211.41027066200002,211.475047072,209.89549923099997,210.907007785,160208
12,306,2020-09-08 16:00:00,210.842231375,211.15116502200001,209.36732235,209.70615280200002,307727
13,305,2020-09-08 16:30:00,209.51680637299998,209.51680637299998,209.51680637299998,209.51680637299998,178632
14,304,2020-09-09 09:00:00,213.183151172,213.183151172,213.183151172,213.183151172,200
15,303,2020-09-09 09:30:00,210.433641713,210.433641713,210.433641713,210.433641713,235
16,302,2020-09-09 10:00:00,210.13467366700002,213.144285326,210.13467366700002,213.144285326,121252
17,301,2020-09-09 10:30:00,213.214044537,215.107508826,212.68586765599997,214.35012311,150341
18,300,2020-09-09 11:00:00,214.13984891799998,214.838437585,213.76215262099998,214.03122386200002,63586
19,299,2020-09-09 11:30:00,214.140845478,215.122457228,212.785523672,214.44977912599998,190747
20,298,2020-09-09 12:00:00,214.47967593,215.007852811,214.449280845,214.61670295099998,60663
21,297,2020-09-09 12:30:00,214.678987961,215.56592649599997,214.61919435099998,215.147371232,68356
22,296,2020-09-09 13:00:00,215.11747442700002,215.51609848799998,214.99788720900003,215.32675205900003,66828
23,295,2020-09-09 13:30:00,215.37658006700002,216.09011713599998,215.37658006700002,215.68551371400002,62227
24,294,2020-09-09 14:00:00,215.72537612,216.44289943,215.645651308,216.39307142200002,79738
25,293,2020-09-09 14:30:00,216.452865031,216.502693039,215.32675205900003,215.506132887,80749
26,292,2020-09-09 15:00:00,215.555960894,216.173828189,215.555960894,216.024344166,70252
27,291,2020-09-09 15:30:00,216.04427536900002,216.55252104599998,216.034309767,216.163862587,94162
28,290,2020-09-09 16:00:00,216.11403458,216.293415407,214.69891916400002,214.987921608,301247
29,289,2020-09-09 16:30:00,214.77864397599998,214.77864397599998,213.17418213099998,214.77864397599998,42878
30,288,2020-09-09 18:30:00,214.85836878799998,214.85836878799998,214.85836878799998,214.85836878799998,102
31,287,2020-09-10 10:00:00,215.177268037,217.000973115,214.840729673,216.53258984299998,154426
32,286,2020-09-10 10:30:00,216.46283063299998,217.29994116,216.36815741799998,216.36815741799998,86156
33,285,2020-09-10 11:00:00,216.293415407,217.08069792700002,215.20467344099998,215.346683262,83420
34,284,2020-09-10 11:30:00,215.51609848799998,216.831557889,215.30682085599997,216.69702226799998,80426
35,283,2020-09-10 12:00:00,216.622280257,217.47932198799998,216.24817157599998,217.280009957,238947
36,282,2020-09-10 12:30:00,217.250113153,217.38963157400002,215.037749615,215.406476872,101290
37,281,2020-09-10 13:00:00,215.416442473,216.15389698599998,214.589297547,216.043677433,54530
38,280,2020-09-10 13:30:00,215.974516158,216.622280257,214.54943514099998,215.5958233,305172
39,279,2020-09-10 14:00:00,215.62562044900002,215.94172932900003,214.958024803,214.958024803,84935
40,278,2020-09-10 14:30:00,214.92812799900003,215.65561691,213.253906943,213.357549199,60781
41,277,2020-09-10 15:00:00,213.42332216900002,214.828471983,212.875214085,214.61421155099998,86122
42,276,2020-09-10 15:30:00,214.50458993400002,214.748747171,213.22401013799998,214.061120666,90290
43,275,2020-09-10 16:00:00,213.976413053,215.39651127,213.75218701900002,214.370054313,199519
44,274,2020-09-10 16:30:00,214.370054313,214.370054313,214.370054313,214.370054313,66322
45,273,2020-09-10 19:00:00,216.25355300099997,216.25355300099997,216.25355300099997,216.25355300099997,175
46,272,2020-09-11 08:30:00,215.815066534,215.815066534,215.815066534,215.815066534,500
47,271,2020-09-11 09:30:00,214.24050149400003,215.007852811,211.938447542,213.36352856,3060
48,270,2020-09-11 10:00:00,213.39342536400002,215.426408075,212.267312393,214.065904155,307848
49,269,2020-09-11 10:30:00,214.091017471,215.506132887,213.418339368,215.35166606299998,115185
50,268,2020-09-11 11:00:00,215.38654566900001,216.009395764,214.770671495,215.506132887,86892
51,267,2020-09-11 11:30:00,215.5958233,217.75536915,215.5958233,217.544098398,164910
52,266,2020-09-11 12:00:00,217.38963157400002,217.539115597,214.60922875,215.476236082,237542
53,265,2020-09-11 12:30:00,215.276924052,216.104068978,215.087577623,215.14238843099997,122285
54,264,2020-09-11 13:00:00,215.107508826,215.227096044,213.60270299599998,213.682427808,127252
55,263,2020-09-11 13:30:00,213.802015027,214.365071513,213.263872545,213.453218973,83013
56,262,2020-09-11 14:00:00,213.463184575,214.43981352400002,213.03466371,213.74720421799998,60127
57,261,2020-09-11 14:30:00,213.69239341,214.35012311,213.413356567,213.91163664299998,75437
58,260,2020-09-11 15:00:00,213.95149905,214.92812799900003,213.95149905,214.659056757,104659
59,259,2020-09-11 15:30:00,214.559400742,215.5958233,213.98139585400003,215.25699284900003,93258
60,258,2020-09-11 16:00:00,215.366614465,215.72537612,214.93809359999997,215.247027247,215355
61,257,2020-09-11 16:30:00,215.217130443,215.217130443,215.217130443,215.217130443,35347
62,256,2020-09-11 17:30:00,215.25699284900003,215.25699284900003,215.25699284900003,215.25699284900003,250
63,255,2020-09-11 18:30:00,215.157336834,215.157336834,215.057680818,215.057680818,301
64,254,2020-09-14 07:30:00,215.25699284900003,215.25699284900003,215.25699284900003,215.25699284900003,111
65,253,2020-09-14 08:30:00,215.436373676,215.436373676,215.436373676,215.436373676,116
66,252,2020-09-14 10:00:00,217.15045713799998,218.366260523,215.954584955,217.40457997599998,130951
67,251,2020-09-14 10:30:00,217.628806011,218.09718928200002,217.020904318,217.633788811,139074
68,250,2020-09-14 11:00:00,217.68859962,217.803204037,216.851489092,217.155439938,75792
69,249,2020-09-14 11:30:00,217.110594732,217.28997555900003,216.333277813,216.47668281900002,63028
70,248,2020-09-14 12:00:00,216.46781343400002,217.907842853,216.383105821,217.608874808,76494
71,247,2020-09-14 12:30:00,217.54908119900003,217.867980447,217.120560333,217.369700371,49385
72,246,2020-09-14 13:00:00,217.329837965,217.95468118,217.03086991900003,217.877946049,65044
73,245,2020-09-14 13:30:00,217.838083643,218.127086087,217.38963157400002,217.588943605,51305
74,244,2020-09-14 14:00:00,217.66866841700002,217.708530823,216.761798678,217.260078754,52805
75,243,2020-09-14 14:30:00,217.31987236400002,217.673651218,216.97107631,217.399597176,54114
76,242,2020-09-14 15:00:00,217.47932198799998,217.80818683799998,217.17038834099998,217.80818683799998,64827
77,241,2020-09-14 15:30:00,217.81815244,217.957670861,216.46283063299998,217.000973115,73888
78,240,2020-09-14 16:00:00,216.97107631,218.13705168799999,216.77176428,217.489287589,176154
79,239,2020-09-14 16:30:00,217.578978003,217.578978003,217.578978003,217.578978003,79774
80,238,2020-09-15 09:00:00,219.143577442,219.243233457,219.143577442,219.243233457,1412
81,237,2020-09-15 09:30:00,219.641857518,219.641857518,219.273130262,219.273130262,451
82,236,2020-09-15 10:00:00,219.053887028,220.199931203,217.399597176,218.047361275,232153
83,235,2020-09-15 10:30:00,218.07725807900002,218.25663890599998,216.353209016,216.9062999,221349
84,234,2020-09-15 11:00:00,216.951145107,217.49925319099998,216.542555445,216.84152349099998,122398
85,233,2020-09-15 11:30:00,216.846506291,217.76832443200001,216.70200506900002,217.728462026,69793
86,232,2020-09-15 12:00:00,217.66866841700002,217.708530823,216.931213904,216.951145107,44917
87,231,2020-09-15 12:30:00,216.91128270099998,217.010938716,216.18379379,216.18379379,49724
88,230,2020-09-15 13:00:00,216.15389698599998,216.46283063299998,215.65561691,216.084137775,65961
89,229,2020-09-15 13:30:00,216.05424097,216.12400018099999,215.366614465,215.65561691,62843
90,228,2020-09-15 14:00:00,215.63568570700002,219.243233457,215.11747442700002,215.218824595,86577
91,227,2020-09-15 14:30:00,215.18723363799998,215.336717661,214.61919435099998,214.838437585,87871
92,226,2020-09-15 15:00:00,214.798575179,214.818506382,214.44977912599998,214.71885036700002,99675
93,225,2020-09-15 15:30:00,214.728815968,215.406476872,214.44977912599998,215.37658006700002,144445
94,224,2020-09-15 16:00:00,215.37658006700002,215.77520412799998,214.85836878799998,215.02778401400002,339563
95,223,2020-09-15 16:30:00,215.02778401400002,215.02778401400002,215.02778401400002,215.02778401400002,36766
96,222,2020-09-16 05:30:00,216.13396578299998,216.13396578299998,216.13396578299998,216.13396578299998,250
97,221,2020-09-16 09:00:00,215.50623254299998,215.50623254299998,215.50623254299998,215.50623254299998,400
98,220,2020-09-16 09:30:00,215.506132887,216.27348420400003,215.506132887,216.27348420400003,1452
99,219,2020-09-16 10:00:00,216.413002625,218.16694849299998,214.120914275,215.346683262,156095
100,218,2020-09-16 10:30:00,215.511115688,215.914722549,214.66902235900002,215.296855255,74968
101,217,2020-09-16 11:00:00,215.252010048,216.094103376,214.71885036700002,215.94960215400002,73665
102,216,2020-09-16 11:30:00,215.94461935400003,217.54908119900003,215.94461935400003,217.22021634799998,66343
103,215,2020-09-16 12:00:00,217.160422739,217.31987236400002,216.640417652,216.640417652,47178
104,214,2020-09-16 12:30:00,216.607331855,216.781729881,215.555960894,215.904756948,66376
105,213,2020-09-16 13:00:00,215.85742034,215.974516158,215.271941251,215.45630487900002,59796
106,212,2020-09-16 13:30:00,215.46627048099998,215.476236082,214.579331945,214.84840318599998,72461
107,211,2020-09-16 14:00:00,214.84840318599998,215.25699284900003,214.469710329,215.20716484099998,63751
108,210,2020-09-16 14:30:00,215.247027247,215.85492894,215.13242283,215.65561691,71398
109,209,2020-09-16 15:00:00,215.755272925,216.270494523,215.04771521700002,215.53602969099998,73252
110,208,2020-09-16 15:30:00,215.481218883,215.815066534,214.36008871200002,214.813523581,103416
111,207,2020-09-16 16:00:00,214.76867837400002,216.213690595,214.365071513,214.688953562,243169
112,206,2020-09-16 16:30:00,214.659056757,215.691792043,214.659056757,215.691792043,29939
113,205,2020-09-17 08:30:00,214.71635896599997,214.71635896599997,214.71635896599997,214.71635896599997,100
114,204,2020-09-17 09:30:00,213.16421652900002,213.16421652900002,213.16421652900002,213.16421652900002,414
115,203,2020-09-17 10:00:00,213.06456051400002,215.104120521,211.28121612200002,215.104120521,125818
116,202,2020-09-17 10:30:00,215.227096044,217.190319544,215.157336834,217.190319544,90617
117,201,2020-09-17 11:00:00,217.15045713799998,219.303027066,216.91128270099998,218.904403005,138369
118,200,2020-09-17 11:30:00,218.93429981,220.080343985,218.93429981,219.78635874,158586
119,199,2020-09-17 12:00:00,219.831203947,220.83772969999998,219.63189191599997,219.86608355200002,156432
120,198,2020-09-17 12:30:00,219.78137593900001,220.05044718,217.469356386,218.40612292900002,168365
121,197,2020-09-17 13:00:00,218.391174527,219.073818231,218.196845297,218.954231013,49806
122,196,2020-09-17 13:30:00,218.984127818,219.35285507400002,218.794781389,218.93429981,52647
123,195,2020-09-17 14:00:00,218.84460939599998,219.193405449,218.715056576,218.84460939599998,64857
124,194,2020-09-17 14:30:00,218.894437404,219.59192985400003,218.854574998,218.854574998,73280
125,193,2020-09-17 15:00:00,218.73498777900002,218.924334208,218.13705168799999,218.50079614400002,115440
126,192,2020-09-17 15:30:00,218.555606952,218.864540599,217.250113153,218.316432516,271249
127,191,2020-09-17 16:00:00,218.296501313,219.601995112,218.16694849299998,219.193405449,249773
128,190,2020-09-17 16:30:00,219.183439848,219.72158233,214.659056757,219.72158233,32317
129,189,2020-09-17 17:00:00,219.91092875900003,219.91092875900003,218.56557255400003,218.56557255400003,808
130,188,2020-09-17 19:30:00,219.542201503,219.542201503,219.542201503,219.542201503,124
131,187,2020-09-18 07:30:00,220.239793609,220.239793609,220.239793609,220.239793609,333
132,186,2020-09-18 08:30:00,220.52879605299998,221.066938535,220.52879605299998,221.066938535,629
133,185,2020-09-18 09:30:00,219.472442292,219.472442292,219.243233457,219.243233457,1733
134,184,2020-09-18 10:00:00,218.715056576,220.96728252,218.695125373,220.488933647,568069
135,183,2020-09-18 10:30:00,220.588589662,224.16624060799998,220.26969041400002,223.807478954,270117
136,182,2020-09-18 11:00:00,223.84734136,224.00679098400002,222.611606771,222.93548882,165792
137,181,2020-09-18 11:30:00,222.97973609099998,223.359026885,222.267793519,223.119852449,94642
138,180,2020-09-18 12:00:00,223.179646058,224.604727075,222.74115959099998,223.90713496900003,139436
139,179,2020-09-18 12:30:00,223.83737575799998,223.887203766,222.292707522,222.857159193,77795
140,178,2020-09-18 13:00:00,222.935887445,223.12981805,222.193051507,222.691331583,79382
141,177,2020-09-18 13:30:00,222.60164117,223.26933647099997,222.033601883,222.093395492,74084
142,176,2020-09-18 14:00:00,221.82432425099998,221.834289852,221.11676654299998,221.46556259599998,78840
143,175,2020-09-18 14:30:00,221.575184213,221.982777315,221.086869738,221.50044220200002,62164
144,174,2020-09-18 15:00:00,221.430682991,221.535321807,220.982230922,221.196491355,59478
145,173,2020-09-18 15:30:00,221.216422558,221.485493799,220.987213723,221.251302163,109890
146,172,2020-09-18 16:00:00,221.246319363,222.113326695,220.892540509,220.997179325,353407
147,171,2020-09-18 16:30:00,221.206456957,221.455596995,221.206456957,221.206456957,195548
148,170,2020-09-18 17:00:00,221.206456957,221.206456957,221.206456957,221.206456957,104
149,169,2020-09-18 17:30:00,222.13325789799998,222.13325789799998,222.13325789799998,222.13325789799998,125
150,168,2020-09-18 18:00:00,221.73463383700002,221.73463383700002,221.73463383700002,221.73463383700002,200
151,167,2020-09-21 06:30:00,218.974162216,218.974162216,218.974162216,218.974162216,100
152,166,2020-09-21 07:30:00,218.715056576,218.715056576,217.250113153,217.250113153,246
153,165,2020-09-21 08:30:00,215.755272925,215.755272925,215.755272925,215.755272925,230
154,164,2020-09-21 09:30:00,216.15389698599998,216.15389698599998,214.798575179,214.838437585,3250
155,163,2020-09-21 10:00:00,215.506132887,216.70200506900002,213.01473250700002,213.44325337200002,251181
156,162,2020-09-21 10:30:00,213.44325337200002,214.071086268,211.061474608,212.20751878299998,186773
157,161,2020-09-21 11:00:00,212.18758758,212.18758758,210.29412329099998,210.892059383,126026
158,160,2020-09-21 11:30:00,210.77247216400002,211.978309948,209.61147958700002,209.875568028,131970
159,159,2020-09-21 12:00:00,209.82574002,211.021612202,209.452029963,210.72264415700002,75455
160,158,2020-09-21 12:30:00,210.721149317,212.297209197,210.707695755,211.759066715,62520
161,157,2020-09-21 13:00:00,211.73913551200002,211.92848194099997,210.44360731400002,210.593091337,52649
162,156,2020-09-21 13:30:00,210.72264415700002,210.72264415700002,209.85563682400002,210.314054494,69707
163,155,2020-09-21 14:00:00,210.26920928799998,210.39377930700002,209.91543043400003,210.03501765200002,84182
164,154,2020-09-21 14:30:00,210.005120847,211.679341903,209.53773413599998,211.639479497,86252
165,153,2020-09-21 15:00:00,211.59274082599998,212.197553182,210.87212818,212.04806915900002,109452
166,152,2020-09-21 15:30:00,212.01817235400003,213.263872545,211.823843125,212.885179687,107252
167,151,2020-09-21 16:00:00,212.89514528799998,213.76215262099998,212.64600525,213.513012583,300007
168,150,2020-09-21 16:30:00,213.473150177,213.811980628,213.473150177,213.473150177,114371
169,149,2020-09-21 17:00:00,213.811980628,213.811980628,213.811980628,213.811980628,100
170,148,2020-09-21 17:30:00,214.250367439,214.250367439,214.250367439,214.250367439,250
171,147,2020-09-22 09:30:00,214.87829999099998,215.20716484099998,214.87829999099998,215.20716484099998,2725
172,146,2020-09-22 10:00:00,214.35012311,216.56746944900001,213.792049425,216.104068978,196123
173,145,2020-09-22 10:30:00,216.084137775,218.08722368099998,215.78516972900002,218.002516068,106725
174,144,2020-09-22 11:00:00,217.947705259,218.30646691400003,215.11747442700002,215.147371232,140036
175,143,2020-09-22 11:30:00,215.222113243,217.120560333,215.057680818,216.77176428,106254
176,142,2020-09-22 12:00:00,216.871420295,216.871420295,215.56592649599997,216.20372499299998,73740
177,141,2020-09-22 12:30:00,216.20372499299998,217.07571512599998,215.829417,215.964550557,73472
178,140,2020-09-22 13:00:00,216.004412963,216.353209016,215.276924052,215.311803657,53631
179,139,2020-09-22 13:30:00,215.333927292,216.77176428,215.037749615,216.64221146,45388
180,138,2020-09-22 14:00:00,216.612314656,217.120560333,216.452865031,216.612314656,46314
181,137,2020-09-22 14:30:00,216.662142663,217.07073232599998,216.263518602,216.65217706200002,51744
182,136,2020-09-22 15:00:00,216.672108265,217.075216846,216.413002625,216.692039468,62183
183,135,2020-09-22 15:30:00,216.716953472,217.59890920599997,215.98448176,217.31488956299998,67672
184,134,2020-09-22 16:00:00,217.33980356700002,217.82811804099998,216.741867475,216.831557889,201246
185,133,2020-09-22 16:30:00,216.831557889,216.831557889,216.723132144,216.723132144,34221
186,132,2020-09-22 18:00:00,216.831557889,216.831557889,216.831557889,216.831557889,119
187,131,2020-09-23 09:00:00,216.80166108400002,216.80166108400002,216.80166108400002,216.80166108400002,120
188,130,2020-09-23 10:00:00,216.831557889,219.761444736,216.502693039,218.884471802,207424
189,129,2020-09-23 10:30:00,218.964196614,219.91092875900003,218.73000497900003,219.65182311900003,108948
190,128,2020-09-23 11:00:00,219.601995112,219.621926315,217.867980447,218.959213814,102171
191,127,2020-09-23 11:30:00,218.894437404,219.293061465,218.41110573,218.485847741,90082
192,126,2020-09-23 12:00:00,218.465916538,218.525710148,217.33980356700002,217.75835883,70554
193,125,2020-09-23 12:30:00,217.628806011,218.107154884,217.050801122,217.622527682,116978
194,124,2020-09-23 13:00:00,217.608874808,218.02743007200002,217.379665973,217.97760206400002,40730
195,123,2020-09-23 13:30:00,217.97760206400002,218.34632932,217.349769168,217.907842853,53861
196,122,2020-09-23 14:00:00,217.967636462,218.485847741,217.658702815,218.09718928200002,65970
197,121,2020-09-23 14:30:00,217.957670861,218.047361275,215.834997737,216.163862587,105178
198,120,2020-09-23 15:00:00,216.094203032,216.383105821,214.659056757,214.71885036700002,65272
199,119,2020-09-23 15:30:00,214.77864397599998,215.38654566900001,214.22057029099997,214.95304200200002,111132
200,118,2020-09-23 16:00:00,214.967990405,215.09754322400002,213.642565402,213.782083824,257876
201,117,2020-09-23 16:30:00,213.811980628,213.921602245,209.985189644,209.985189644,154510
202,116,2020-09-23 17:00:00,213.921602245,214.001327057,213.921602245,214.001327057,277
203,115,2020-09-23 18:00:00,213.27383814599997,213.27383814599997,213.27383814599997,213.27383814599997,100
204,114,2020-09-23 20:00:00,213.253906943,213.263872545,210.583125735,210.583125735,482
205,113,2020-09-24 10:00:00,212.96490449900003,214.260432697,210.65288494599997,213.89170544,144876
206,112,2020-09-24 10:30:00,214.203130488,215.18723363799998,213.722290215,214.25734336,66018
207,111,2020-09-24 11:00:00,214.140845478,214.300295103,213.333631755,213.77211822200002,43239
208,110,2020-09-24 11:30:00,213.802015027,214.78860957700002,213.76215262099998,214.43981352400002,36780
209,109,2020-09-24 12:00:00,214.469710329,215.46627048099998,214.419882321,215.37658006700002,50929
210,108,2020-09-24 12:30:00,215.45630487900002,216.44289943,215.44633927799998,216.074172173,40461
211,107,2020-09-24 13:00:00,215.755272925,216.522624242,214.868334389,216.48276183599998,42750
212,106,2020-09-24 13:30:00,216.51265864,218.366260523,216.46781343400002,218.246673305,69980
213,105,2020-09-24 14:00:00,218.25663890599998,218.625366163,217.489287589,217.519184394,57256
214,104,2020-09-24 14:30:00,217.588943605,217.798221237,216.682173522,216.986024713,41612
215,103,2020-09-24 15:00:00,216.97107631,217.160422739,215.72537612,215.85492894,52614
216,102,2020-09-24 15:30:00,215.84496333799999,216.572452249,215.20218204,215.366614465,63524
217,101,2020-09-24 16:00:00,215.354655744,216.193759392,215.13740563,215.864894542,163483
218,100,2020-09-24 16:30:00,215.77520412799998,215.77520412799998,215.77520412799998,215.77520412799998,6407
219,99,2020-09-24 17:30:00,216.452865031,216.452865031,216.452865031,216.452865031,100
220,98,2020-09-24 18:00:00,215.77520412799998,215.77520412799998,215.77520412799998,215.77520412799998,200
221,97,2020-09-25 10:00:00,214.210604689,217.079701367,214.091017471,216.592383453,135477
222,96,2020-09-25 10:30:00,216.572452249,217.000973115,214.399951118,216.73190187400002,78358
223,95,2020-09-25 11:00:00,216.81162668599998,217.250113153,215.89479134599998,216.70200506900002,59989
224,94,2020-09-25 11:30:00,216.79169548299998,217.85801484599997,216.05424097,217.020904318,64337
225,93,2020-09-25 12:00:00,217.110594732,218.007498868,217.085680728,217.47932198799998,74022
226,92,2020-09-25 12:30:00,217.35973477,218.884471802,217.35973477,218.316432516,130588
227,91,2020-09-25 13:00:00,218.376226125,218.455950937,217.519184394,217.862997646,47888
228,90,2020-09-25 13:30:00,217.862997646,218.80474699,217.64873721400002,218.376226125,58439
229,89,2020-09-25 14:00:00,218.386191726,219.06385263,218.34632932,218.99409341900002,52405
230,88,2020-09-25 14:30:00,218.93429981,219.332923871,218.525710148,219.193405449,63014
231,87,2020-09-25 15:00:00,219.148560243,219.233267856,218.715056576,219.123646239,47845
232,86,2020-09-25 15:30:00,219.03893862599998,220.17003439799998,218.974162216,219.577081108,76297
233,85,2020-09-25 16:00:00,219.51230469799998,219.52227030000003,218.047361275,218.595469358,211306
234,84,2020-09-25 16:30:00,218.49581334299998,218.49581334299998,218.49581334299998,218.49581334299998,9618
235,83,2020-09-28 09:30:00,221.634977822,221.88411786,221.634977822,221.88411786,795
236,82,2020-09-28 10:00:00,221.29614737,223.020196433,220.738073685,221.575184213,310810
237,81,2020-09-28 10:30:00,222.023636281,223.488579705,221.40078618599998,222.860746809,56775
238,80,2020-09-28 11:00:00,222.804839785,223.503528107,222.531881959,222.74115959099998,47822
239,79,2020-09-28 11:30:00,222.920540418,222.94047162099997,222.18308590599997,222.648977777,62114
240,78,2020-09-28 12:00:00,222.63153797400003,223.239439667,222.611606771,222.900609215,42358
241,77,2020-09-28 12:30:00,222.900609215,223.58474776,222.75112519200002,222.900609215,59459
242,76,2020-09-28 13:00:00,223.089955644,223.45868289999999,222.711262786,222.725712908,42209
243,75,2020-09-28 13:30:00,222.721228388,222.721228388,221.176560152,221.176560152,49245
244,74,2020-09-28 14:00:00,221.206456957,221.82432425099998,221.206456957,221.505425002,38651
245,73,2020-09-28 14:30:00,221.54528740799998,221.88411786,221.28618176900002,221.575184213,45911
246,72,2020-09-28 15:00:00,221.595115416,222.093395492,221.515390604,221.649926224,40527
247,71,2020-09-28 15:30:00,221.625012221,221.699754232,221.12673214400002,221.515390604,60853
248,70,2020-09-28 16:00:00,221.475528198,221.68978863,220.90250611,221.13669774599998,199558
249,69,2020-09-28 16:30:00,221.13669774599998,221.13669774599998,221.13669774599998,221.13669774599998,16598
250,68,2020-09-29 09:30:00,222.9907,222.9907,222.9907,222.9907,100
251,67,2020-09-29 10:00:00,221.65,222.39,220.49,221.66,106605
252,66,2020-09-29 10:30:00,221.32,222.28900000000002,221.32,221.75,49080
253,65,2020-09-29 11:00:00,221.75,221.7625,219.3,219.35,87030
254,64,2020-09-29 11:30:00,219.28,220.51,219.05,220.33,50186
255,63,2020-09-29 12:00:00,220.27,220.3175,218.07,218.475,77288
256,62,2020-09-29 12:30:00,218.48,219.55,218.36,219.4312,47751
257,61,2020-09-29 13:00:00,219.325,220.025,219.07,219.83,62564
258,60,2020-09-29 13:30:00,219.82,220.04,219.245,220.005,46730
259,59,2020-09-29 14:00:00,220.05,220.84,219.57,220.79,44208
260,58,2020-09-29 14:30:00,220.78,221.4786,220.68,221.4,47832
261,57,2020-09-29 15:00:00,221.39,221.4,220.67,220.795,46644
262,56,2020-09-29 15:30:00,220.85,221.79,220.75,221.21,71702
263,55,2020-09-29 16:00:00,221.18,221.29,220.1,220.13,103009
264,54,2020-09-29 16:30:00,220.18,220.18,220.18,220.18,5833
265,53,2020-09-29 19:30:00,220.18,220.18,220.18,220.18,10440
266,52,2020-09-30 09:00:00,219.5,220.0,219.5,220.0,1186
267,51,2020-09-30 10:00:00,221.38,223.12,220.7697,222.36,86586
268,50,2020-09-30 10:30:00,222.32,224.775,222.315,224.63,93483
269,49,2020-09-30 11:00:00,224.81,225.35,224.54,224.83,116043
270,48,2020-09-30 11:30:00,224.83,225.07,224.32,224.79,93915
271,47,2020-09-30 12:00:00,224.75,224.86,223.68,223.9,51644
272,46,2020-09-30 12:30:00,223.9,226.06,223.9,225.82,93231
273,45,2020-09-30 13:00:00,225.81,225.81,224.75,224.98,71065
274,44,2020-09-30 13:30:00,224.93,225.19,224.3566,224.7728,107338
275,43,2020-09-30 14:00:00,224.755,224.9224,223.97,223.97,66882
276,42,2020-09-30 14:30:00,224.0,224.66,222.185,223.07,143782
277,41,2020-09-30 15:00:00,223.055,223.365,220.9,222.065,111671
278,40,2020-09-30 15:30:00,222.01,222.31,220.235,221.335,132568
279,39,2020-09-30 16:00:00,221.31,222.28,220.91,221.51,371846
280,38,2020-09-30 16:30:00,221.63,221.63,221.63,221.63,37930
281,37,2020-09-30 17:30:00,219.0,219.0,219.0,219.0,207
282,36,2020-10-01 04:30:00,223.08,223.08,223.08,223.08,250
283,35,2020-10-01 09:00:00,223.2,223.2,223.2,223.2,200
284,34,2020-10-01 09:30:00,223.2,223.2,223.2,223.2,789
285,33,2020-10-01 10:00:00,223.5,223.78,221.01,221.15,131868
286,32,2020-10-01 10:30:00,221.02,221.87,220.59,221.04,80285
287,31,2020-10-01 11:00:00,221.03,222.22,220.9,221.365,113113
288,30,2020-10-01 11:30:00,221.66,222.57,221.1297,222.53,78760
289,29,2020-10-01 12:00:00,222.57,222.64,221.5092,222.24,56166
290,28,2020-10-01 12:30:00,222.18,222.21,221.5,221.95,45286
291,27,2020-10-01 13:00:00,221.9,222.45,221.49,221.56,59631
292,26,2020-10-01 13:30:00,221.495,221.63,220.0,220.215,65998
293,25,2020-10-01 14:00:00,220.325,220.49,218.9,219.4,82018
294,24,2020-10-01 14:30:00,219.42,219.79,218.57,219.66,79125
295,23,2020-10-01 15:00:00,219.69,220.63,219.64,219.915,76198
296,22,2020-10-01 15:30:00,219.96,220.0,219.02,219.12,91320
297,21,2020-10-01 16:00:00,219.05,219.96,218.885,219.05,252172
298,20,2020-10-01 16:30:00,219.04,219.04,218.9,218.9,43427
299,19,2020-10-01 18:30:00,218.61,218.61,218.61,218.61,150
300,18,2020-10-01 19:00:00,218.55,218.55,218.55,218.55,100
301,17,2020-10-02 07:30:00,218.0,218.0,218.0,218.0,116
302,16,2020-10-02 08:30:00,215.0,215.0,215.0,215.0,225
303,15,2020-10-02 09:00:00,215.01,215.01,215.01,215.01,220
304,14,2020-10-02 09:30:00,215.02,215.03,215.01,215.01,2111
305,13,2020-10-02 10:00:00,215.25,220.245,215.02,219.395,164614
306,12,2020-10-02 10:30:00,219.39,220.57,219.34,220.57,75054
307,11,2020-10-02 11:00:00,220.48,220.96,219.88,220.63,69706
308,10,2020-10-02 11:30:00,220.55,223.08,220.25,223.0,68029
309,9,2020-10-02 12:00:00,222.97,223.1,222.07,222.3026,54732
310,8,2020-10-02 12:30:00,222.315,224.5,222.1,223.935,87755
311,7,2020-10-02 13:00:00,223.98,225.13,223.94,224.95,69769
312,6,2020-10-02 13:30:00,225.18,225.79,224.635,225.28,83365
313,5,2020-10-02 14:00:00,225.39,225.39,224.0953,224.53,81700
314,4,2020-10-02 14:30:00,224.57,225.85,224.57,225.755,50210
315,3,2020-10-02 15:00:00,225.83,226.52,225.56,225.94,91643
316,2,2020-10-02 15:30:00,225.9,226.08,224.92,225.47,70705
317,1,2020-10-02 16:00:00,225.39,225.64,224.3,224.8,247569
318,0,2020-10-02 16:30:00,224.79,224.79,224.79,224.79,51272
