,index,time,open,high,low,close,volume
0,398,2020-09-08 04:30:00,5.5,5.55,5.5,5.5,300
1,397,2020-09-08 07:30:00,5.28,5.28,5.25,5.25,383
2,396,2020-09-08 08:30:00,5.28,5.28,5.17,5.17,26631
3,395,2020-09-08 09:00:00,5.18,5.18,5.17,5.17,1200
4,394,2020-09-08 09:30:00,5.19,5.2,5.19,5.2,1020
5,393,2020-09-08 10:00:00,5.2,5.24,5.15,5.175,420839
6,392,2020-09-08 10:30:00,5.18,5.21,5.165,5.2,291282
7,391,2020-09-08 11:00:00,5.2,5.22,5.18,5.21,284677
8,390,2020-09-08 11:30:00,5.2,5.27,5.2,5.255,316392
9,389,2020-09-08 12:00:00,5.255,5.28,5.25,5.265,307379
10,388,2020-09-08 12:30:00,5.26,5.27,5.23,5.26,203983
11,387,2020-09-08 13:00:00,5.265,5.27,5.26,5.2625,120076
12,386,2020-09-08 13:30:00,5.2625,5.27,5.24,5.255,188485
13,385,2020-09-08 14:00:00,5.255,5.27,5.245,5.255,203359
14,384,2020-09-08 14:30:00,5.26,5.26,5.23,5.23,115897
15,383,2020-09-08 15:00:00,5.235,5.26,5.23,5.255,81575
16,382,2020-09-08 15:30:00,5.26,5.26,5.24,5.255,152900
17,381,2020-09-08 16:00:00,5.2599,5.2599,5.235,5.25,272795
18,380,2020-09-08 16:30:00,5.25,5.25,5.25,5.25,13192
19,379,2020-09-08 17:00:00,5.24,5.24,5.24,5.24,100
20,378,2020-09-08 17:30:00,5.2401,5.2401,5.24,5.24,761
21,377,2020-09-08 18:30:00,5.23,5.23,5.23,5.23,152
22,376,2020-09-08 20:00:00,5.23,5.23,5.23,5.23,100
23,375,2020-09-09 07:30:00,5.25,5.25,5.25,5.25,3514
24,374,2020-09-09 08:30:00,5.25,5.3002,5.23,5.3,18886
25,373,2020-09-09 09:00:00,5.28,5.3002,5.28,5.3002,2319
26,372,2020-09-09 09:30:00,5.3002,5.32,5.27,5.32,14263
27,371,2020-09-09 10:00:00,5.29,5.4,5.27,5.39,1181198
28,370,2020-09-09 10:30:00,5.385,5.435,5.36,5.36,319577
29,369,2020-09-09 11:00:00,5.365,5.37,5.34,5.345,135734
30,368,2020-09-09 11:30:00,5.34,5.355,5.32,5.335,175771
31,367,2020-09-09 12:00:00,5.335,5.36,5.33,5.35,111180
32,366,2020-09-09 12:30:00,5.345,5.36,5.32,5.335,184329
33,365,2020-09-09 13:00:00,5.34,5.35,5.335,5.345,110160
34,364,2020-09-09 13:30:00,5.35,5.36,5.34,5.35,136848
35,363,2020-09-09 14:00:00,5.35,5.36,5.34,5.345,176379
36,362,2020-09-09 14:30:00,5.345,5.36,5.34,5.345,154334
37,361,2020-09-09 15:00:00,5.35,5.36,5.34,5.35,211417
38,360,2020-09-09 15:30:00,5.3525,5.36,5.34,5.35,252389
39,359,2020-09-09 16:00:00,5.35,5.36,5.34,5.35,391237
40,358,2020-09-09 16:30:00,5.35,5.35,5.35,5.35,46671
41,357,2020-09-09 17:30:00,5.34,5.34,5.32,5.32,400
42,356,2020-09-09 18:00:00,5.36,5.36,5.36,5.36,200
43,355,2020-09-09 18:30:00,5.32,5.32,5.32,5.32,200
44,354,2020-09-09 19:00:00,5.31,5.31,5.31,5.31,1000
45,353,2020-09-09 20:00:00,5.3,5.3,5.3,5.3,250
46,352,2020-09-10 08:00:00,5.37,5.38,5.37,5.38,1450
47,351,2020-09-10 08:30:00,5.33,5.39,5.33,5.36,2111
48,350,2020-09-10 09:30:00,5.35,5.39,5.35,5.3899,2505
49,349,2020-09-10 10:00:00,5.36,5.36,5.27,5.31,300568
50,348,2020-09-10 10:30:00,5.315,5.3184,5.29,5.305,95722
51,347,2020-09-10 11:00:00,5.3018,5.33,5.28,5.29,391834
52,346,2020-09-10 11:30:00,5.292000000000001,5.32,5.29,5.305,97220
53,345,2020-09-10 12:00:00,5.305,5.31,5.29,5.305,128243
54,344,2020-09-10 12:30:00,5.3025,5.315,5.29,5.31,135680
55,343,2020-09-10 13:00:00,5.31,5.34,5.305,5.335,81292
56,342,2020-09-10 13:30:00,5.337999999999999,5.36,5.335,5.345,92412
57,341,2020-09-10 14:00:00,5.35,5.35,5.33,5.34,75432
58,340,2020-09-10 14:30:00,5.3323,5.375,5.315,5.325,317475
59,339,2020-09-10 15:00:00,5.325,5.355,5.32,5.345,236609
60,338,2020-09-10 15:30:00,5.345,5.36,5.34,5.3591,119552
61,337,2020-09-10 16:00:00,5.355,5.385,5.35,5.36,544331
62,336,2020-09-10 16:30:00,5.37,5.37,5.3,5.3,19465
63,335,2020-09-10 17:30:00,5.39,5.39,5.39,5.39,100
64,334,2020-09-10 18:30:00,5.37,5.39,5.37,5.39,4200
65,333,2020-09-10 20:00:00,5.39,5.4,5.39,5.4,600
66,332,2020-09-11 05:30:00,5.42,5.42,5.42,5.42,200
67,331,2020-09-11 07:30:00,5.36,5.36,5.36,5.36,400
68,330,2020-09-11 08:00:00,5.41,5.44,5.41,5.44,1670
69,329,2020-09-11 08:30:00,5.36,5.45,5.36,5.45,1728
70,328,2020-09-11 09:00:00,5.45,5.5499,5.45,5.5,15346
71,327,2020-09-11 09:30:00,5.49,5.57,5.49,5.57,33611
72,326,2020-09-11 10:00:00,5.5,5.83,5.46,5.8056,1359494
73,325,2020-09-11 10:30:00,5.81,5.8219,5.69,5.74,1066980
74,324,2020-09-11 11:00:00,5.74,5.84,5.71,5.8,762727
75,323,2020-09-11 11:30:00,5.805,5.85,5.78,5.8399,428416
76,322,2020-09-11 12:00:00,5.83,5.92,5.83,5.87,814986
77,321,2020-09-11 12:30:00,5.867999999999999,5.9,5.83,5.8952,505782
78,320,2020-09-11 13:00:00,5.898,5.9,5.82,5.84,268083
79,319,2020-09-11 13:30:00,5.84,5.8599,5.76,5.775,239391
80,318,2020-09-11 14:00:00,5.7708,5.777101999999999,5.68,5.69,487939
81,317,2020-09-11 14:30:00,5.69,5.76,5.69,5.75,178220
82,316,2020-09-11 15:00:00,5.755,5.77,5.73,5.745,163792
83,315,2020-09-11 15:30:00,5.75,5.77,5.72,5.765,188510
84,314,2020-09-11 16:00:00,5.765,5.79,5.76,5.79,435188
85,313,2020-09-11 16:30:00,5.78,5.79,5.73,5.78,27297
86,312,2020-09-11 17:00:00,5.72,5.72,5.72,5.72,220
87,311,2020-09-11 17:30:00,5.73,5.73,5.73,5.73,252
88,310,2020-09-11 18:00:00,5.78,5.78,5.78,5.78,100
89,309,2020-09-11 18:30:00,5.78,5.78,5.78,5.78,450
90,308,2020-09-11 19:00:00,5.75,5.75,5.75,5.75,200
91,307,2020-09-11 19:30:00,5.78,5.78,5.78,5.78,800
92,306,2020-09-14 04:30:00,5.8,5.8,5.8,5.8,158
93,305,2020-09-14 08:00:00,5.88,5.88,5.85,5.85,684
94,304,2020-09-14 08:30:00,5.88,5.89,5.85,5.88,4130
95,303,2020-09-14 09:00:00,5.88,5.88,5.8102,5.8102,1322
96,302,2020-09-14 09:30:00,5.81,5.85,5.81,5.84,3050
97,301,2020-09-14 10:00:00,5.8,5.85,5.66,5.825,958432
98,300,2020-09-14 10:30:00,5.82,5.85,5.77,5.775,314283
99,299,2020-09-14 11:00:00,5.78,5.8,5.75,5.795,209067
100,298,2020-09-14 11:30:00,5.795,5.83,5.79,5.825,108118
101,297,2020-09-14 12:00:00,5.825,5.85,5.79,5.79,250234
102,296,2020-09-14 12:30:00,5.795,5.84,5.79,5.82,166870
103,295,2020-09-14 13:00:00,5.825,5.88,5.825,5.84,199933
104,294,2020-09-14 13:30:00,5.84,5.87,5.835,5.87,72424
105,293,2020-09-14 14:00:00,5.87,5.87,5.83,5.85,144969
106,292,2020-09-14 14:30:00,5.855,5.88,5.85,5.855,89888
107,291,2020-09-14 15:00:00,5.85,5.87,5.84,5.86,139590
108,290,2020-09-14 15:30:00,5.86,5.865,5.83,5.84,134847
109,289,2020-09-14 16:00:00,5.845,5.91,5.835,5.9,638208
110,288,2020-09-14 17:30:00,5.89,5.9,5.89,5.9,861
111,287,2020-09-14 18:00:00,5.85,5.85,5.85,5.85,2000
112,286,2020-09-14 18:30:00,5.8,5.8,5.8,5.8,1580
113,285,2020-09-14 19:00:00,5.88,5.88,5.8,5.8,1200
114,284,2020-09-14 19:30:00,5.89,5.89,5.89,5.89,100
115,283,2020-09-15 08:30:00,5.91,5.91,5.91,5.91,500
116,282,2020-09-15 09:00:00,5.94,5.94,5.92,5.92,414
117,281,2020-09-15 09:30:00,5.91,5.96,5.88,5.96,8242
118,280,2020-09-15 10:00:00,5.95,5.95,5.63,5.655,751291
119,279,2020-09-15 10:30:00,5.65,5.73,5.62,5.715,295639
120,278,2020-09-15 11:00:00,5.7149,5.73,5.685,5.7,207191
121,277,2020-09-15 11:30:00,5.7,5.725,5.69,5.71,175383
122,276,2020-09-15 12:00:00,5.71,5.72,5.675,5.7,165313
123,275,2020-09-15 12:30:00,5.7,5.72,5.69,5.715,138436
124,274,2020-09-15 13:00:00,5.715,5.72,5.7,5.7,87250
125,273,2020-09-15 13:30:00,5.7,5.72,5.69,5.69,102801
126,272,2020-09-15 14:00:00,5.695,5.705,5.68,5.695,107066
127,271,2020-09-15 14:30:00,5.69,5.7,5.66,5.665,91682
128,270,2020-09-15 15:00:00,5.665,5.68,5.655,5.665,80217
129,269,2020-09-15 15:30:00,5.6601,5.67,5.58,5.59,196020
130,268,2020-09-15 16:00:00,5.59,5.62,5.57,5.6,478652
131,267,2020-09-15 17:30:00,5.72,5.72,5.61,5.61,490
132,266,2020-09-15 18:00:00,5.61,5.61,5.61,5.61,8908
133,265,2020-09-15 18:30:00,5.61,5.61,5.61,5.61,500
134,264,2020-09-15 19:00:00,5.61,5.61,5.61,5.61,501
135,263,2020-09-16 09:30:00,5.6,5.65,5.6,5.65,1122
136,262,2020-09-16 10:00:00,5.64,5.775,5.58,5.757999999999999,344083
137,261,2020-09-16 10:30:00,5.76,5.82,5.73,5.745,248886
138,260,2020-09-16 11:00:00,5.74,5.745,5.7,5.71,163886
139,259,2020-09-16 11:30:00,5.715,5.75,5.7,5.745,166794
140,258,2020-09-16 12:00:00,5.75,5.77,5.74,5.75,79662
141,257,2020-09-16 12:30:00,5.745,5.775,5.74,5.755,113814
142,256,2020-09-16 13:00:00,5.755,5.8,5.75,5.78,127505
143,255,2020-09-16 13:30:00,5.78,5.79,5.715,5.725,186028
144,254,2020-09-16 14:00:00,5.725,5.735,5.69,5.69,83499
145,253,2020-09-16 14:30:00,5.69,5.715,5.68,5.715,111157
146,252,2020-09-16 15:00:00,5.7151,5.74,5.7,5.7318,111654
147,251,2020-09-16 15:30:00,5.735,5.74,5.685,5.695,170797
148,250,2020-09-16 16:00:00,5.695,5.73,5.68,5.72,373120
149,249,2020-09-16 16:30:00,5.72,5.72,5.72,5.72,42502
150,248,2020-09-16 17:00:00,5.7,5.72,5.7,5.72,400
151,247,2020-09-16 17:30:00,5.7,5.7,5.7,5.7,1000
152,246,2020-09-16 19:00:00,5.7,5.7,5.7,5.7,856
153,245,2020-09-17 07:30:00,5.72,5.72,5.67,5.67,200
154,244,2020-09-17 08:30:00,5.6501,5.72,5.65,5.6701,1696
155,243,2020-09-17 09:30:00,5.7,5.7,5.68,5.69,1140
156,242,2020-09-17 10:00:00,5.67,5.8,5.62,5.78,283279
157,241,2020-09-17 10:30:00,5.7805,5.7887,5.73,5.7599,213088
158,240,2020-09-17 11:00:00,5.75,5.785,5.73,5.785,101057
159,239,2020-09-17 11:30:00,5.785,5.79,5.76,5.775,84456
160,238,2020-09-17 12:00:00,5.78,5.78,5.75,5.755,63122
161,237,2020-09-17 12:30:00,5.755,5.755,5.685,5.705,122451
162,236,2020-09-17 13:00:00,5.7099,5.7298,5.7,5.725,62408
163,235,2020-09-17 13:30:00,5.725,5.73,5.7,5.705,73529
164,234,2020-09-17 14:00:00,5.7,5.715,5.67,5.685,111645
165,233,2020-09-17 14:30:00,5.69,5.71,5.67,5.67,84056
166,232,2020-09-17 15:00:00,5.68,5.69,5.675,5.69,45410
167,231,2020-09-17 15:30:00,5.69,5.69,5.65,5.66,129863
168,230,2020-09-17 16:00:00,5.67,5.72,5.67,5.71,408119
169,229,2020-09-17 16:30:00,5.71,5.7199,5.71,5.71,26410
170,228,2020-09-17 18:30:00,5.71,5.71,5.71,5.71,1258
171,227,2020-09-17 19:30:00,5.7,5.7,5.7,5.7,500
172,226,2020-09-17 20:00:00,5.7,5.7,5.7,5.7,200
173,225,2020-09-18 05:00:00,5.7,5.7,5.7,5.7,270
174,224,2020-09-18 08:30:00,5.71,5.7101,5.71,5.7101,1884
175,223,2020-09-18 09:30:00,5.71,5.71,5.65,5.65,13503
176,222,2020-09-18 10:00:00,5.71,5.71,5.63,5.65,515821
177,221,2020-09-18 10:30:00,5.66,5.69,5.65,5.6702,101546
178,220,2020-09-18 11:00:00,5.67,5.7,5.6618,5.675,66009
179,219,2020-09-18 11:30:00,5.68,5.72,5.665,5.715,125818
180,218,2020-09-18 12:00:00,5.72,5.72,5.67,5.685,80975
181,217,2020-09-18 12:30:00,5.68,5.69,5.66,5.68,51645
182,216,2020-09-18 13:00:00,5.685,5.685,5.66,5.675,41884
183,215,2020-09-18 13:30:00,5.675,5.69,5.66,5.665,34819
184,214,2020-09-18 14:00:00,5.6615,5.68,5.65,5.655,57933
185,213,2020-09-18 14:30:00,5.66,5.67,5.65,5.66,105741
186,212,2020-09-18 15:00:00,5.66,5.67,5.65,5.655,36150
187,211,2020-09-18 15:30:00,5.6583,5.66,5.61,5.63,132970
188,210,2020-09-18 16:00:00,5.63,5.66,5.62,5.64,403297
189,209,2020-09-18 16:30:00,5.64,5.72,5.64,5.6417,64332
190,208,2020-09-18 17:00:00,5.7002,5.7002,5.7,5.7,300
191,207,2020-09-18 17:30:00,5.7002,5.7002,5.7002,5.7002,872
192,206,2020-09-18 18:00:00,5.7,5.7,5.7,5.7,254
193,205,2020-09-21 07:30:00,5.7,5.7,5.63,5.63,415
194,204,2020-09-21 08:00:00,5.64,5.64,5.64,5.64,106
195,203,2020-09-21 08:30:00,5.61,5.6131,5.61,5.61,613
196,202,2020-09-21 09:00:00,5.6115,5.64,5.56,5.5998,5685
197,201,2020-09-21 09:30:00,5.5998,5.5998,5.56,5.56,4732
198,200,2020-09-21 10:00:00,5.54,5.57,5.33,5.39,555229
199,199,2020-09-21 10:30:00,5.39,5.44,5.35,5.35,238338
200,198,2020-09-21 11:00:00,5.36,5.395,5.32,5.38,298241
201,197,2020-09-21 11:30:00,5.3882,5.39,5.34,5.375,148847
202,196,2020-09-21 12:00:00,5.375,5.43,5.36,5.42,110157
203,195,2020-09-21 12:30:00,5.4228,5.46,5.42,5.435,82253
204,194,2020-09-21 13:00:00,5.4328,5.445,5.42,5.435,78705
205,193,2020-09-21 13:30:00,5.435,5.435,5.42,5.43,48329
206,192,2020-09-21 14:00:00,5.43,5.43,5.39,5.395,90913
207,191,2020-09-21 14:30:00,5.395,5.415,5.37,5.38,98737
208,190,2020-09-21 15:00:00,5.38,5.41,5.375,5.39,108204
209,189,2020-09-21 15:30:00,5.39,5.42,5.38,5.415,113830
210,188,2020-09-21 16:00:00,5.415,5.43,5.395,5.42,344305
211,187,2020-09-21 16:30:00,5.42,5.43,5.42,5.43,147530
212,186,2020-09-21 17:00:00,5.42,5.43,5.42,5.43,690
213,185,2020-09-21 17:30:00,5.43,5.43,5.43,5.43,300
214,184,2020-09-21 19:30:00,5.43,5.43,5.43,5.43,363
215,183,2020-09-22 08:30:00,5.4468,5.5,5.4468,5.5,612
216,182,2020-09-22 09:30:00,5.47,5.47,5.45,5.47,2785
217,181,2020-09-22 10:00:00,5.45,5.4946,5.37,5.37,268047
218,180,2020-09-22 10:30:00,5.38,5.3999,5.33,5.3505,345113
219,179,2020-09-22 11:00:00,5.3585,5.36,5.28,5.28,181799
220,178,2020-09-22 11:30:00,5.27,5.31,5.27,5.295,156154
221,177,2020-09-22 12:00:00,5.295,5.305,5.27,5.28,85417
222,176,2020-09-22 12:30:00,5.29,5.31,5.27,5.2899,80720
223,175,2020-09-22 13:00:00,5.29,5.29,5.235,5.245,156406
224,174,2020-09-22 13:30:00,5.245,5.25,5.21,5.225,137263
225,173,2020-09-22 14:00:00,5.22,5.245,5.21,5.2318,164316
226,172,2020-09-22 14:30:00,5.235,5.25,5.2,5.21,95607
227,171,2020-09-22 15:00:00,5.21,5.23,5.2,5.22,112693
228,170,2020-09-22 15:30:00,5.225,5.23,5.21,5.215,133674
229,169,2020-09-22 16:00:00,5.215,5.22,5.18,5.18,462668
230,168,2020-09-22 16:30:00,5.18,5.24,5.18,5.2399,17691
231,167,2020-09-22 17:00:00,5.23,5.23,5.21,5.21,953
232,166,2020-09-22 17:30:00,5.2,5.2,5.2,5.2,222
233,165,2020-09-22 19:30:00,5.21,5.21,5.21,5.21,945
234,164,2020-09-23 08:30:00,5.23,5.23,5.23,5.23,400
235,163,2020-09-23 09:00:00,5.2597,5.2597,5.2499,5.2499,1632
236,162,2020-09-23 09:30:00,5.2402,5.25,5.2402,5.25,400
237,161,2020-09-23 10:00:00,5.23,5.23,5.08,5.095,554447
238,160,2020-09-23 10:30:00,5.1,5.11,5.02,5.02,435820
239,159,2020-09-23 11:00:00,5.03,5.13,5.02,5.08,453324
240,158,2020-09-23 11:30:00,5.085,5.13,5.08,5.09,131692
241,157,2020-09-23 12:00:00,5.09,5.11,5.07,5.085,169360
242,156,2020-09-23 12:30:00,5.08,5.11,5.06,5.09,129717
243,155,2020-09-23 13:00:00,5.085,5.095,5.05,5.0659,121423
244,154,2020-09-23 13:30:00,5.06,5.0696,5.04,5.045,121736
245,153,2020-09-23 14:00:00,5.045,5.0489999999999995,5.02,5.035,93468
246,152,2020-09-23 14:30:00,5.035,5.04,4.98,5.0099,552774
247,151,2020-09-23 15:00:00,5.01,5.02,4.98,5.0,185251
248,150,2020-09-23 15:30:00,4.995,5.0675,4.99,5.065,235681
249,149,2020-09-23 16:00:00,5.0621,5.0625,5.0,5.02,445408
250,148,2020-09-23 16:30:00,5.02,5.0698,5.02,5.06,97717
251,147,2020-09-23 17:00:00,5.06,5.06,5.06,5.06,100
252,146,2020-09-23 17:30:00,5.04,5.04,4.98,4.98,6445
253,145,2020-09-23 18:00:00,5.0,5.0,5.0,5.0,299
254,144,2020-09-23 18:30:00,5.02,5.06,4.99,5.06,1703
255,143,2020-09-23 19:00:00,5.06,5.06,5.06,5.06,1600
256,142,2020-09-23 19:30:00,5.02,5.02,4.98,4.98,1000
257,141,2020-09-23 20:00:00,5.02,5.02,5.02,5.02,350
258,140,2020-09-24 06:30:00,5.02,5.02,5.02,5.02,500
259,139,2020-09-24 07:30:00,5.06,5.06,5.06,5.06,1000
260,138,2020-09-24 08:30:00,5.0201,5.0599,5.01,5.03,12050
261,137,2020-09-24 09:00:00,5.02,5.0201,5.01,5.0101,2200
262,136,2020-09-24 09:30:00,5.03,5.06,5.01,5.06,6869
263,135,2020-09-24 10:00:00,5.01,5.03,4.9,4.92,748951
264,134,2020-09-24 10:30:00,4.925,4.98,4.89,4.89,341249
265,133,2020-09-24 11:00:00,4.89,4.96,4.88,4.9501,301892
266,132,2020-09-24 11:30:00,4.9597,5.02,4.915,5.01,201707
267,131,2020-09-24 12:00:00,5.005,5.075,4.995,5.07,145779
268,130,2020-09-24 12:30:00,5.07,5.09,5.055,5.07,137304
269,129,2020-09-24 13:00:00,5.07,5.07,5.03,5.0599,63861
270,128,2020-09-24 13:30:00,5.06,5.09,5.055,5.065,68210
271,127,2020-09-24 14:00:00,5.06,5.08,5.055,5.07,57025
272,126,2020-09-24 14:30:00,5.07,5.075,5.02,5.025,77461
273,125,2020-09-24 15:00:00,5.025,5.035,5.015,5.015,118766
274,124,2020-09-24 15:30:00,5.015,5.04,4.99,5.0,165948
275,123,2020-09-24 16:00:00,4.99,5.05,4.99,5.03,420464
276,122,2020-09-24 16:30:00,5.02,5.02,5.02,5.02,13898
277,121,2020-09-24 17:00:00,5.0,5.07,5.0,5.0698,5529
278,120,2020-09-24 17:30:00,5.01,5.01,5.01,5.01,4184
279,119,2020-09-24 20:00:00,5.05,5.05,5.05,5.05,1100
280,118,2020-09-25 08:30:00,5.0,5.06,5.0,5.06,750
281,117,2020-09-25 09:00:00,5.05,5.08,5.05,5.08,1600
282,116,2020-09-25 09:30:00,5.08,5.09,5.05,5.05,2406
283,115,2020-09-25 10:00:00,5.05,5.23,5.02,5.165,443169
284,114,2020-09-25 10:30:00,5.165,5.185,5.1,5.12,149016
285,113,2020-09-25 11:00:00,5.12,5.12,5.065,5.0853,107118
286,112,2020-09-25 11:30:00,5.085,5.09,5.045,5.07,132426
287,111,2020-09-25 12:00:00,5.07,5.095,5.055,5.09,98573
288,110,2020-09-25 12:30:00,5.09,5.09,5.03,5.055,111323
289,109,2020-09-25 13:00:00,5.06,5.1,5.05,5.085,75372
290,108,2020-09-25 13:30:00,5.08,5.095,5.07,5.085,42695
291,107,2020-09-25 14:00:00,5.09,5.13,5.085,5.105,91759
292,106,2020-09-25 14:30:00,5.1071,5.12,5.085,5.105,92514
293,105,2020-09-25 15:00:00,5.1,5.13,5.1,5.12,94131
294,104,2020-09-25 15:30:00,5.125,5.17,5.125,5.155,98023
295,103,2020-09-25 16:00:00,5.155,5.155,5.12,5.13,198052
296,102,2020-09-25 16:30:00,5.13,5.15,5.13,5.15,26290
297,101,2020-09-25 17:00:00,5.14,5.14,5.14,5.14,225
298,100,2020-09-25 17:30:00,5.14,5.14,5.14,5.14,400
299,99,2020-09-25 18:30:00,5.15,5.15,5.15,5.15,1181
300,98,2020-09-25 19:00:00,5.17,5.17,5.17,5.17,900
301,97,2020-09-28 08:30:00,5.15,5.17,5.15,5.17,1041
302,96,2020-09-28 09:30:00,5.2,5.2,5.18,5.2,2417
303,95,2020-09-28 10:00:00,5.21,5.22,5.07,5.083,384830
304,94,2020-09-28 10:30:00,5.085,5.095,5.03,5.04,175048
305,93,2020-09-28 11:00:00,5.05,5.06,5.03,5.05,114355
306,92,2020-09-28 11:30:00,5.05,5.06,5.035,5.0472,105699
307,91,2020-09-28 12:00:00,5.05,5.06,5.02,5.05,132826
308,90,2020-09-28 12:30:00,5.05,5.085,5.05,5.075,82365
309,89,2020-09-28 13:00:00,5.08,5.11,5.07,5.095,108837
310,88,2020-09-28 13:30:00,5.095,5.1185,5.08,5.1,139421
311,87,2020-09-28 14:00:00,5.1,5.115,5.1,5.105,85060
312,86,2020-09-28 14:30:00,5.1,5.14,5.1,5.14,127556
313,85,2020-09-28 15:00:00,5.135,5.16,5.1304,5.145,141294
314,84,2020-09-28 15:30:00,5.145,5.155,5.13,5.135,107908
315,83,2020-09-28 16:00:00,5.13,5.14,5.1,5.11,279653
316,82,2020-09-28 16:30:00,5.11,5.11,5.1,5.1,28386
317,81,2020-09-28 17:00:00,5.14,5.14,5.14,5.14,100
318,80,2020-09-28 18:00:00,5.1,5.1,5.1,5.1,100
319,79,2020-09-28 20:00:00,5.12,5.12,5.12,5.12,101
320,78,2020-09-29 08:30:00,5.15,5.16,5.12,5.12,1209
321,77,2020-09-29 09:00:00,5.19,5.19,5.19,5.19,419
322,76,2020-09-29 09:30:00,5.12,5.12,5.11,5.11,1767
323,75,2020-09-29 10:00:00,5.08,5.12,5.05,5.1,215483
324,74,2020-09-29 10:30:00,5.1,5.145,5.1,5.13,110562
325,73,2020-09-29 11:00:00,5.1265,5.16,5.085,5.1,102953
326,72,2020-09-29 11:30:00,5.1,5.11,5.075,5.095,71915
327,71,2020-09-29 12:00:00,5.09,5.115,5.07,5.071000000000001,64576
328,70,2020-09-29 12:30:00,5.075,5.1,5.065,5.095,52353
329,69,2020-09-29 13:00:00,5.09,5.09,5.06,5.07,40361
330,68,2020-09-29 13:30:00,5.06,5.08,5.05,5.0785,59573
331,67,2020-09-29 14:00:00,5.08,5.1085,5.08,5.1,35011
332,66,2020-09-29 14:30:00,5.1,5.135,5.095,5.1345,43858
333,65,2020-09-29 15:00:00,5.13,5.135,5.11,5.115,48285
334,64,2020-09-29 15:30:00,5.12,5.14,5.115,5.125,70158
335,63,2020-09-29 16:00:00,5.1212,5.16,5.1212,5.15,253997
336,62,2020-09-29 16:30:00,5.13,5.13,5.13,5.13,485
337,61,2020-09-29 17:00:00,5.13,5.13,5.13,5.13,377
338,60,2020-09-29 17:30:00,5.13,5.14,5.13,5.14,393
339,59,2020-09-29 18:00:00,5.16,5.16,5.16,5.16,5000
340,58,2020-09-29 18:30:00,5.14,5.14,5.14,5.14,1000
341,57,2020-09-29 20:00:00,5.18,5.18,5.18,5.18,190
342,56,2020-09-30 08:30:00,5.1,5.1,5.1,5.1,7464
343,55,2020-09-30 09:30:00,5.14,5.14,5.14,5.14,285
344,54,2020-09-30 10:00:00,5.15,5.23,5.15,5.2,166555
345,53,2020-09-30 10:30:00,5.205,5.23,5.18,5.205,113233
346,52,2020-09-30 11:00:00,5.21,5.24,5.2,5.23,95138
347,51,2020-09-30 11:30:00,5.23,5.25,5.2,5.24,129217
348,50,2020-09-30 12:00:00,5.245,5.265,5.24,5.26,106085
349,49,2020-09-30 12:30:00,5.26,5.29,5.245,5.265,120211
350,48,2020-09-30 13:00:00,5.265,5.2711,5.24,5.27,84334
351,47,2020-09-30 13:30:00,5.27,5.27,5.235,5.24,45870
352,46,2020-09-30 14:00:00,5.24,5.249,5.19,5.195,71998
353,45,2020-09-30 14:30:00,5.2,5.21,5.17,5.185,67110
354,44,2020-09-30 15:00:00,5.18,5.19,5.145,5.185,92544
355,43,2020-09-30 15:30:00,5.1816,5.19,5.15,5.17,108599
356,42,2020-09-30 16:00:00,5.17,5.18,5.14,5.155,356856
357,41,2020-09-30 16:30:00,5.16,5.16,5.16,5.16,13460
358,40,2020-09-30 17:00:00,5.17,5.2,5.17,5.2,755
359,39,2020-09-30 17:30:00,5.17,5.17,5.17,5.17,184
360,38,2020-09-30 19:00:00,5.19,5.19,5.19,5.19,150
361,37,2020-10-01 09:30:00,5.2,5.23,5.18,5.18,4610
362,36,2020-10-01 10:00:00,5.17,5.24,5.17,5.21,200664
363,35,2020-10-01 10:30:00,5.215,5.215,5.15,5.16,56969
364,34,2020-10-01 11:00:00,5.1519,5.16,5.11,5.115,63126
365,33,2020-10-01 11:30:00,5.115,5.1285,5.09,5.11,99126
366,32,2020-10-01 12:00:00,5.11,5.13,5.1078,5.12,22315
367,31,2020-10-01 12:30:00,5.12,5.14,5.1177,5.12,58417
368,30,2020-10-01 13:00:00,5.1285,5.15,5.11,5.15,33654
369,29,2020-10-01 13:30:00,5.15,5.17,5.1493,5.17,31876
370,28,2020-10-01 14:00:00,5.17,5.19,5.15,5.175,69934
371,27,2020-10-01 14:30:00,5.18,5.185,5.15,5.17,76240
372,26,2020-10-01 15:00:00,5.17,5.17,5.14,5.155,57778
373,25,2020-10-01 15:30:00,5.15,5.16,5.13,5.14,85183
374,24,2020-10-01 16:00:00,5.15,5.2,5.15,5.2,198276
375,23,2020-10-01 16:30:00,5.19,5.19,5.15,5.15,15243
376,22,2020-10-02 05:00:00,5.15,5.15,5.15,5.15,200
377,21,2020-10-02 07:30:00,5.09,5.09,5.09,5.09,100
378,20,2020-10-02 08:00:00,5.06,5.07,5.06,5.07,550
379,19,2020-10-02 08:30:00,5.08,5.11,5.05,5.05,16794
380,18,2020-10-02 09:00:00,5.05,5.1,5.05,5.07,10367
381,17,2020-10-02 09:30:00,5.09,5.1,5.08,5.08,3125
382,16,2020-10-02 10:00:00,5.07,5.15,5.03,5.1078,331991
383,15,2020-10-02 10:30:00,5.11,5.15,5.1,5.1,106468
384,14,2020-10-02 11:00:00,5.1058,5.11,5.07,5.09,89844
385,13,2020-10-02 11:30:00,5.085,5.1165,5.08,5.115,68004
386,12,2020-10-02 12:00:00,5.1115,5.175,5.1,5.13,131603
387,11,2020-10-02 12:30:00,5.13,5.18,5.11,5.1601,84213
388,10,2020-10-02 13:00:00,5.1685,5.2001,5.155,5.16,139009
389,9,2020-10-02 13:30:00,5.16,5.19,5.16,5.16,63490
390,8,2020-10-02 14:00:00,5.16,5.1699,5.13,5.16,136115
391,7,2020-10-02 14:30:00,5.16,5.2,5.16,5.185,76761
392,6,2020-10-02 15:00:00,5.18,5.19,5.16,5.175,128039
393,5,2020-10-02 15:30:00,5.175,5.19,5.16,5.18,91794
394,4,2020-10-02 16:00:00,5.185,5.2,5.17,5.18,314876
395,3,2020-10-02 16:30:00,5.18,5.18,5.18,5.18,100
396,2,2020-10-02 17:30:00,5.2098,5.2098,5.2098,5.2098,500
397,1,2020-10-02 18:00:00,5.19,5.19,5.19,5.19,2000
398,0,2020-10-02 18:30:00,5.19,5.19,5.19,5.19,380
