,index,time,open,high,low,close,volume
0,209,2020-01-17 10:30:00,13.5,13.7,13.25,13.36,1515552
1,208,2020-01-17 11:00:00,13.35,13.4,13.0,13.16,259192
2,207,2020-01-17 11:30:00,13.22,13.37,13.13,13.3,96077
3,206,2020-01-17 12:00:00,13.295,13.45,13.25,13.3,81651
4,205,2020-01-17 12:30:00,13.3,13.3073,13.0,13.0,48899
5,204,2020-01-17 13:00:00,13.0,13.14,13.0,13.02,37759
6,203,2020-01-17 13:30:00,13.0,13.08,13.0,13.02,17831
7,202,2020-01-17 14:00:00,13.02,13.06,13.0,13.0,24540
8,201,2020-01-17 14:30:00,13.0,13.05,13.0,13.0,16198
9,200,2020-01-17 15:00:00,13.0,13.08,13.0,13.0,18155
10,199,2020-01-17 15:30:00,13.0,13.04,13.0,13.0,23538
11,198,2020-01-17 16:00:00,13.02,13.6,13.01,13.5,257078
12,197,2020-01-17 16:30:00,13.6,13.6,13.6,13.6,100
13,196,2020-01-17 19:30:00,13.4799,13.4799,13.4799,13.4799,200
14,195,2020-01-21 05:00:00,13.45,13.45,13.45,13.45,100
15,194,2020-01-21 08:30:00,13.4,13.4,13.4,13.4,175
16,193,2020-01-21 09:30:00,13.28,13.28,13.15,13.15,300
17,192,2020-01-21 10:00:00,13.15,13.35,13.02,13.12,22961
18,191,2020-01-21 10:30:00,13.08,13.09,12.95,13.0,28002
19,190,2020-01-21 11:00:00,12.9749,13.15,12.95,12.99,24411
20,189,2020-01-21 11:30:00,12.99,13.08,12.95,12.9599,12229
21,188,2020-01-21 12:00:00,12.95,13.013,12.95,13.0,11801
22,187,2020-01-21 12:30:00,13.0,13.08,13.0,13.05,15628
23,186,2020-01-21 13:00:00,13.05,13.065,13.0,13.0,15372
24,185,2020-01-21 13:30:00,13.0,13.0773,13.0,13.0316,13710
25,184,2020-01-21 14:00:00,13.035,13.035,13.0,13.02,10345
26,183,2020-01-21 14:30:00,13.02,13.03,13.0,13.0,9701
27,182,2020-01-21 15:00:00,13.0,13.16,13.0,13.07,6034
28,181,2020-01-21 15:30:00,13.08,13.25,13.04,13.25,29996
29,180,2020-01-21 16:00:00,13.25,13.5,13.25,13.5,233979
30,179,2020-01-21 16:30:00,13.52,13.52,13.52,13.52,285
31,178,2020-01-21 17:30:00,13.49,13.5,13.49,13.5,300
32,177,2020-01-21 20:00:00,13.55,13.55,13.49,13.49,1518
33,176,2020-01-22 09:30:00,13.45,13.48,13.45,13.48,2097
34,175,2020-01-22 10:00:00,13.45,13.45,13.08,13.29,30825
35,174,2020-01-22 10:30:00,13.285,13.35,13.17,13.35,7666
36,173,2020-01-22 11:00:00,13.39,13.43,13.3501,13.3501,4894
37,172,2020-01-22 11:30:00,13.41,13.41,13.21,13.25,4857
38,171,2020-01-22 12:00:00,13.26,13.4,13.24,13.4,4202
39,170,2020-01-22 12:30:00,13.39,13.39,13.29,13.37,3638
40,169,2020-01-22 13:00:00,13.38,13.4,13.3,13.38,3568
41,168,2020-01-22 13:30:00,13.39,13.39,13.37,13.38,2353
42,167,2020-01-22 14:00:00,13.38,13.43,13.38,13.43,6522
43,166,2020-01-22 14:30:00,13.43,13.45,13.409,13.45,5552
44,165,2020-01-22 15:00:00,13.45,13.49,13.415,13.42,8080
45,164,2020-01-22 15:30:00,13.43,13.43,13.36,13.38,6503
46,163,2020-01-22 16:00:00,13.369000000000002,13.49,13.369000000000002,13.42,37364
47,162,2020-01-22 18:00:00,13.28,13.28,13.28,13.28,100
48,161,2020-01-22 19:30:00,13.29,13.29,13.29,13.29,162
49,160,2020-01-23 09:00:00,13.06,13.35,13.0,13.0,11100
50,159,2020-01-23 10:00:00,13.25,13.25,12.85,13.11,33374
51,158,2020-01-23 10:30:00,13.11,13.21,13.02,13.09,11793
52,157,2020-01-23 11:00:00,13.15,13.2,13.15,13.17,6602
53,156,2020-01-23 11:30:00,13.19,13.2,13.145,13.17,15766
54,155,2020-01-23 12:00:00,13.17,13.22,13.1467,13.21,11317
55,154,2020-01-23 12:30:00,13.21,13.22,13.16,13.2015,4794
56,153,2020-01-23 13:00:00,13.22,13.22,13.11,13.2,6356
57,152,2020-01-23 13:30:00,13.2,13.22,13.14,13.16,4278
58,151,2020-01-23 14:00:00,13.18,13.185,13.1,13.1,8507
59,150,2020-01-23 14:30:00,13.1,13.22,13.1,13.21,12293
60,149,2020-01-23 15:00:00,13.22,13.35,13.22,13.35,14286
61,148,2020-01-23 15:30:00,13.36,13.4,13.3463,13.39,3252
62,147,2020-01-23 16:00:00,13.39,13.395,13.24,13.27,11853
63,146,2020-01-24 10:00:00,13.29,13.33,13.12,13.14,8784
64,145,2020-01-24 10:30:00,13.2,13.35,13.1701,13.335,2824
65,144,2020-01-24 11:00:00,13.32,13.3348,13.07,13.09,7050
66,143,2020-01-24 11:30:00,13.09,13.11,13.08,13.1,3719
67,142,2020-01-24 12:00:00,13.1,13.135,13.08,13.08,7404
68,141,2020-01-24 12:30:00,13.09,13.09,12.85,13.0,27349
69,140,2020-01-24 13:00:00,13.0,13.0,13.0,13.0,3345
70,139,2020-01-24 13:30:00,13.0,13.0,13.0,13.0,3620
71,138,2020-01-24 14:00:00,13.0,13.0,13.0,13.0,4610
72,137,2020-01-24 14:30:00,13.0,13.0,13.0,13.0,3200
73,136,2020-01-24 15:00:00,13.0,13.15,13.0,13.15,3969
74,135,2020-01-24 15:30:00,13.01,13.13,13.01,13.03,7947
75,134,2020-01-24 16:00:00,13.03,13.32,13.03,13.25,69173
76,133,2020-01-27 04:30:00,12.58,12.58,12.58,12.58,155
77,132,2020-01-27 06:00:00,12.58,12.58,12.58,12.58,503
78,131,2020-01-27 06:30:00,12.58,12.58,12.58,12.58,210
79,130,2020-01-27 07:30:00,12.58,12.58,12.58,12.58,1600
80,129,2020-01-27 08:00:00,12.58,12.58,12.58,12.58,170
81,128,2020-01-27 10:00:00,13.01,13.05,12.83,12.905,31022
82,127,2020-01-27 10:30:00,12.86,12.88,12.5,12.82,25824
83,126,2020-01-27 11:00:00,12.85,12.92,12.75,12.805,11860
84,125,2020-01-27 11:30:00,12.805,12.85,12.75,12.85,14450
85,124,2020-01-27 12:00:00,12.77,12.81,12.75,12.75,11438
86,123,2020-01-27 12:30:00,12.75,12.8,12.75,12.8,6001
87,122,2020-01-27 13:00:00,12.83,12.83,12.75,12.76,4960
88,121,2020-01-27 13:30:00,12.75,12.8089,12.75,12.79,13654
89,120,2020-01-27 14:00:00,12.79,12.83,12.75,12.75,5252
90,119,2020-01-27 14:30:00,12.77,12.77,12.6,12.68,32334
91,118,2020-01-27 15:00:00,12.7389,12.75,12.68,12.68,4910
92,117,2020-01-27 15:30:00,12.725,12.84,12.68,12.82,8848
93,116,2020-01-27 16:00:00,12.82,12.84,12.75,12.75,27615
94,115,2020-01-28 10:00:00,12.61,12.74,12.37,12.42,4920
95,114,2020-01-28 10:30:00,12.51,12.6244,12.51,12.6244,525
96,113,2020-01-28 11:00:00,12.61,12.7,12.6,12.6,2953
97,112,2020-01-28 11:30:00,12.65,12.65,12.51,12.59,3400
98,111,2020-01-28 12:00:00,12.6,12.72,12.6,12.72,2250
99,110,2020-01-28 12:30:00,12.69,12.7,12.69,12.69,3260
100,109,2020-01-28 13:00:00,12.6945,12.7,12.6945,12.7,500
101,108,2020-01-28 13:30:00,12.7,12.74,12.7,12.7,1728
102,107,2020-01-28 14:00:00,12.7,12.74,12.7,12.74,775
103,106,2020-01-28 14:30:00,12.7,12.7218,12.7,12.7218,500
104,105,2020-01-28 15:00:00,12.75,12.75,12.74,12.75,1115
105,104,2020-01-28 15:30:00,12.75,12.77,12.74,12.75,3245
106,103,2020-01-28 16:00:00,12.75,12.79,12.75,12.75,2499
107,102,2020-01-29 10:00:00,12.7,12.7,12.52,12.52,9107
108,101,2020-01-29 10:30:00,12.52,12.52,12.39,12.5,7663
109,100,2020-01-29 11:00:00,12.5,12.62,12.5,12.5,6000
110,99,2020-01-29 11:30:00,12.58,12.58,12.55,12.55,303
111,98,2020-01-29 12:00:00,12.55,12.55,12.55,12.55,200
112,97,2020-01-29 12:30:00,12.545,12.55,12.5,12.5,5105
113,96,2020-01-29 13:00:00,12.5,12.53,12.5,12.5258,4292
114,95,2020-01-29 14:00:00,12.515,12.515,12.5,12.5,650
115,94,2020-01-29 14:30:00,12.5,12.53,12.5,12.53,450
116,93,2020-01-29 16:00:00,12.5,12.5109,12.5,12.5,1219
117,92,2020-01-29 16:30:00,12.56,12.56,12.56,12.56,100
118,91,2020-01-29 19:30:00,12.5,12.5,12.5,12.5,100
119,90,2020-01-30 10:00:00,12.4,12.4,12.01,12.03,10816
120,89,2020-01-30 10:30:00,12.17,12.29,12.15,12.15,2824
121,88,2020-01-30 11:00:00,12.15,12.2001,12.15,12.2,2299
122,87,2020-01-30 11:30:00,12.15,12.2108,12.15,12.1955,498
123,86,2020-01-30 12:00:00,12.25,12.33,12.25,12.3,3230
124,85,2020-01-30 12:30:00,12.32,12.33,12.32,12.33,9145
125,84,2020-01-30 13:00:00,12.33,12.4,12.33,12.39,11935
126,83,2020-01-30 13:30:00,12.39,12.5,12.39,12.42,22911
127,82,2020-01-30 14:00:00,12.41,12.4528,12.41,12.45,1465
128,81,2020-01-30 14:30:00,12.45,12.455,12.45,12.45,900
129,80,2020-01-30 15:00:00,12.455,12.5,12.41,12.5,5613
130,79,2020-01-30 16:00:00,12.5,12.57,12.5,12.57,1896
131,78,2020-01-30 19:00:00,12.5,12.5,12.5,12.5,200
132,77,2020-01-30 19:30:00,12.5,12.5,12.5,12.5,288
133,76,2020-01-31 09:30:00,12.47,12.47,12.47,12.47,200
134,75,2020-01-31 10:00:00,12.48,12.54,12.21,12.4,6298
135,74,2020-01-31 10:30:00,12.47,12.99,12.47,12.61,6929
136,73,2020-01-31 11:00:00,12.7,12.8,12.7,12.8,1725
137,72,2020-01-31 11:30:00,12.6,12.7,12.6,12.7,800
138,71,2020-01-31 12:00:00,12.64,12.67,12.6,12.67,1400
139,70,2020-01-31 12:30:00,12.65,12.6721,12.65,12.66,1300
140,69,2020-01-31 13:00:00,12.67,12.7,12.67,12.7,1290
141,68,2020-01-31 13:30:00,12.7,12.725999999999999,12.64,12.65,1741
142,67,2020-01-31 14:00:00,12.64,12.75,12.44,12.75,2440
143,66,2020-01-31 14:30:00,12.79,12.9,12.79,12.87,4100
144,65,2020-01-31 15:00:00,12.87,12.87,12.87,12.87,219
145,64,2020-01-31 15:30:00,12.87,12.87,12.87,12.87,576
146,63,2020-01-31 16:00:00,12.86,12.92,12.85,12.92,4846
147,62,2020-02-03 08:30:00,12.24,12.24,12.24,12.24,100
148,61,2020-02-03 09:30:00,12.58,12.6,12.58,12.6,600
149,60,2020-02-03 10:00:00,12.7,12.7,12.25,12.4314,8292
150,59,2020-02-03 10:30:00,12.4,12.65,12.4,12.65,5452
151,58,2020-02-03 11:00:00,12.6,12.65,12.6,12.6499,2385
152,57,2020-02-03 11:30:00,12.64,12.64,12.64,12.64,400
153,56,2020-02-03 12:00:00,12.64,12.73,12.64,12.73,8056
154,55,2020-02-03 12:30:00,12.73,12.8,12.73,12.78,600
155,54,2020-02-03 13:30:00,12.795,12.8652,12.79,12.8,1538
156,53,2020-02-03 14:00:00,12.8,13.07,12.8,13.04,4083
157,52,2020-02-03 14:30:00,13.0507,13.08,13.03,13.08,1694
158,51,2020-02-03 15:00:00,13.08,13.4097,13.07,13.4097,8517
159,50,2020-02-03 15:30:00,13.41,13.56,13.41,13.5,22071
160,49,2020-02-03 16:00:00,13.5062,13.57,13.5,13.5,33382
161,48,2020-02-03 18:30:00,13.54,13.54,13.54,13.54,200
162,47,2020-02-04 04:30:00,13.51,13.51,13.51,13.51,245
163,46,2020-02-04 09:00:00,13.57,13.57,13.57,13.57,442
164,45,2020-02-04 10:00:00,13.46,13.5207,13.09,13.51,8259
165,44,2020-02-04 10:30:00,13.51,13.55,13.5,13.5136,9928
166,43,2020-02-04 11:00:00,13.51,13.53,13.5,13.515,18511
167,42,2020-02-04 11:30:00,13.52,13.52,13.5,13.5,3210
168,41,2020-02-04 12:00:00,13.51,13.51,13.5,13.5,34285
169,40,2020-02-04 12:30:00,13.5,13.51,13.5,13.51,3780
170,39,2020-02-04 13:00:00,13.51,13.5499,13.51,13.51,3157
171,38,2020-02-04 13:30:00,13.52,13.54,13.52,13.53,1304
172,37,2020-02-04 14:00:00,13.53,13.54,13.53,13.53,9376
173,36,2020-02-04 14:30:00,13.535,13.535,13.535,13.535,10000
174,35,2020-02-04 15:00:00,13.535,13.55,13.53,13.55,717
175,34,2020-02-04 15:30:00,13.535,13.7,13.535,13.67,11976
176,33,2020-02-04 16:00:00,13.6505,13.66,13.51,13.53,27423
177,32,2020-02-04 17:00:00,13.55,13.55,13.55,13.55,200
178,31,2020-02-05 10:00:00,13.55,13.7,13.31,13.7,6412
179,30,2020-02-05 10:30:00,13.675,13.829,13.67,13.71,6759
180,29,2020-02-05 11:00:00,13.68,13.73,13.68,13.71,823
181,28,2020-02-05 11:30:00,13.75,13.8,13.75,13.79,4049
182,27,2020-02-05 12:30:00,13.75,13.76,13.71,13.71,1885
183,26,2020-02-05 13:00:00,13.79,13.79,13.75,13.75,1100
184,25,2020-02-05 13:30:00,13.75,13.75,13.71,13.72,2900
185,24,2020-02-05 14:30:00,13.72,13.78,13.7107,13.7107,1355
186,23,2020-02-05 15:00:00,13.7468,13.7468,13.72,13.72,675
187,22,2020-02-05 15:30:00,13.7891,13.79,13.76,13.76,500
188,21,2020-02-05 16:00:00,13.7637,13.78,13.71,13.73,8286
189,20,2020-02-05 19:30:00,13.72,13.72,13.72,13.72,230
190,19,2020-02-06 10:00:00,13.89,13.9,13.78,13.89,2206
191,18,2020-02-06 10:30:00,13.8822,13.8822,13.8509,13.88,1300
192,17,2020-02-06 11:30:00,13.6803,13.7785,13.6803,13.71,1500
193,16,2020-02-06 12:30:00,13.7,13.7,13.69,13.69,900
194,15,2020-02-06 13:00:00,13.69,13.74,13.69,13.69,514
195,14,2020-02-06 13:30:00,13.7,13.75,13.69,13.69,1165
196,13,2020-02-06 14:00:00,13.66,13.73,13.65,13.65,1340
197,12,2020-02-06 14:30:00,13.65,13.65,13.65,13.65,230
198,11,2020-02-06 15:00:00,13.62,13.62,13.62,13.62,425
199,10,2020-02-06 15:30:00,13.62,13.67,13.61,13.61,1510
200,9,2020-02-06 16:00:00,13.7,13.7,13.6,13.61,5119
201,8,2020-02-07 10:00:00,13.51,13.6799,13.51,13.5102,1932
202,7,2020-02-07 10:30:00,13.5746,13.6799,13.51,13.6799,1332
203,6,2020-02-07 11:00:00,13.58,13.58,13.5511,13.5511,700
204,5,2020-02-07 11:30:00,13.51,13.51,13.51,13.51,155
205,4,2020-02-07 12:00:00,13.618,13.7222,13.5203,13.5203,2725
206,3,2020-02-07 12:30:00,13.635,13.635,13.53,13.53,400
207,2,2020-02-07 13:00:00,13.535,13.55,13.53,13.53,800
208,1,2020-02-07 14:30:00,13.5292,13.5292,13.5292,13.5292,500
209,0,2020-02-07 16:00:00,13.51,13.51,13.5,13.5,749
