,index,time,open,high,low,close,volume
0,417,2020-08-06 07:30:00,82.5670175019,82.5670175019,82.5670175019,82.5670175019,241
1,416,2020-08-06 08:30:00,82.685634072,82.685634072,82.685634072,82.685634072,500
2,415,2020-08-06 09:30:00,82.7844812138,82.7844812138,82.3001302192,82.3198996476,1841
3,414,2020-08-06 10:00:00,82.3100149334,82.5769022161,81.7169320829,82.329982056,348151
4,413,2020-08-06 10:30:00,82.35449614720001,83.2194086375,82.290245505,82.9525213548,377670
5,412,2020-08-06 11:00:00,82.97229078310001,83.0711379249,82.7350576429,82.9475789977,149241
6,411,2020-08-06 11:30:00,82.9426366406,82.9426366406,82.5472480736,82.5670175019,156607
7,410,2020-08-06 12:00:00,82.5472480736,82.6362105012,82.3001302192,82.3594385043,129796
8,409,2020-08-06 12:30:00,82.35449614720001,82.65597992949999,82.35449614720001,82.4138044322,135010
9,408,2020-08-06 13:00:00,82.45828564600001,82.8339047847,82.44345857479999,82.8141353563,161980
10,407,2020-08-06 13:30:00,82.8141353563,82.98217549729999,82.7844812138,82.97229078310001,114884
11,406,2020-08-06 14:00:00,82.96240606890001,83.1007920674,82.8932130697,83.0599681978,126469
12,405,2020-08-06 14:30:00,83.0612532107,83.1502156383,82.98217549729999,83.021714354,126330
13,404,2020-08-06 15:00:00,83.0118296398,83.1798697808,83.0118296398,83.1601003524,185132
14,403,2020-08-06 15:30:00,83.16998506659999,83.308371065,82.97229078310001,83.0540373693,212967
15,402,2020-08-06 16:00:00,83.05136849649999,83.41710292100001,83.05136849649999,83.24906278,555391
16,401,2020-08-06 16:30:00,83.2391780658,83.3479099217,83.1798697808,83.3479099217,79535
17,400,2020-08-07 09:30:00,82.8734436414,82.8734436414,82.8635589272,82.8635589272,637
18,399,2020-08-07 10:00:00,82.8240200705,84.06949405649999,82.7152882146,83.985473986,287234
19,398,2020-08-07 10:30:00,84.0387525954,84.4055743385,83.80260677380001,84.2206313362,272774
20,397,2020-08-07 11:00:00,84.2029376979,84.7120004779,84.0793787707,84.5538450511,279769
21,396,2020-08-07 11:30:00,84.5933839078,84.88992533300001,84.51430619439999,84.8800406188,178884
22,395,2020-08-07 12:00:00,84.85621845770001,85.1963514724,84.85621845770001,85.1370431874,210492
23,394,2020-08-07 12:30:00,85.1271584732,85.1666973299,84.8701559047,85.1073890449,126139
24,393,2020-08-07 13:00:00,85.1073890449,85.5522011827,85.0777349023,85.4335846126,156942
25,392,2020-08-07 13:30:00,85.4236998985,85.6905871812,85.2457750433,85.4335846126,460146
26,391,2020-08-07 14:00:00,85.4406027597,85.512662326,84.8701559047,84.8701559047,177606
27,390,2020-08-07 14:30:00,84.9294641897,85.0480807598,84.6706823726,84.9549667523,147928
28,389,2020-08-07 15:00:00,84.9393489039,85.2062361866,84.91967832270001,85.15681261569999,336820
29,388,2020-08-07 15:30:00,85.1469279016,85.5867976823,85.1321008303,85.4731234693,338467
30,387,2020-08-07 16:00:00,85.4681811122,85.6213941819,85.3050833284,85.60162475359999,823657
31,386,2020-08-07 16:30:00,85.61150946779999,85.6905871812,85.61150946779999,85.6905871812,37866
32,385,2020-08-07 17:00:00,85.6906860283,85.6906860283,85.6906860283,85.6906860283,592
33,384,2020-08-07 17:30:00,85.7696648946,85.7696648946,85.7696648946,85.7696648946,200
34,383,2020-08-07 20:00:00,85.8981661788,86.2540158891,85.8981661788,86.2540158891,367
35,382,2020-08-10 08:00:00,86.49124902930001,86.9854847381,86.49124902930001,86.9854847381,856
36,381,2020-08-10 08:30:00,86.3429783167,86.9854847381,86.0958604623,86.9854847381,5722
37,380,2020-08-10 09:00:00,87.0052541664,87.0349083089,86.9854847381,87.0349083089,3517
38,379,2020-08-10 09:30:00,86.9854847381,86.9854847381,86.0958604623,86.0958604623,1891
39,378,2020-08-10 10:00:00,86.18482288989999,86.2045923183,84.721885192,85.014077343,391844
40,377,2020-08-10 10:30:00,84.9887724748,85.7133220238,84.72445521770001,85.6213941819,248366
41,376,2020-08-10 11:00:00,85.626336539,85.7004718953,84.3363813392,84.3858049101,407793
42,375,2020-08-10 11:30:00,84.3956896243,84.8405017621,84.3956896243,84.51430619439999,401245
43,374,2020-08-10 12:00:00,84.5439603369,84.6823463353,84.3858049101,84.56372976520001,368358
44,373,2020-08-10 12:30:00,84.5538450511,84.6032686219,84.0299551998,84.05960934229999,200373
45,372,2020-08-10 13:00:00,84.0585220238,84.10409055609999,83.74329848869999,83.7528866615,211583
46,371,2020-08-10 13:30:00,83.74329848869999,83.89651155840001,83.5512384923,83.89651155840001,194774
47,370,2020-08-10 14:00:00,83.8816844872,84.0793787707,83.8421456305,83.9755892718,188892
48,369,2020-08-10 14:30:00,83.99041634310001,84.1782259124,83.9310092109,84.0892634849,149084
49,368,2020-08-10 15:00:00,84.06949405649999,84.1881106266,83.9508774864,84.1584564841,182746
50,367,2020-08-10 15:30:00,84.1485717699,84.2868589212,84.039839914,84.2424765546,230149
51,366,2020-08-10 16:00:00,84.2424765546,84.26125751149999,83.7136443462,83.7828373454,694922
52,365,2020-08-10 16:30:00,83.7828373454,84.0200704856,83.7828373454,83.9014539155,16973
53,364,2020-08-10 17:00:00,83.7729526313,83.7729526313,83.7729526313,83.7729526313,599
54,363,2020-08-10 18:00:00,83.6247807658,83.6247807658,83.6247807658,83.6247807658,449
55,362,2020-08-10 18:30:00,84.2573036258,84.2573036258,83.6741054895,83.6741054895,514
56,361,2020-08-10 19:30:00,83.8322609163,83.8322609163,83.8322609163,83.8322609163,500
57,360,2020-08-11 09:00:00,84.0200704856,84.0200704856,84.0200704856,84.0200704856,200
58,359,2020-08-11 09:30:00,84.06949405649999,84.2375341975,84.06949405649999,84.2375341975,1132
59,358,2020-08-11 10:00:00,84.01018577149999,84.1104167732,83.62468191859999,83.8223762021,295008
60,357,2020-08-11 10:30:00,83.8223762021,83.86191505880001,83.4072182068,83.4862959202,220201
61,356,2020-08-11 11:00:00,83.4862959202,83.4862959202,82.7647117854,83.08428459470001,224308
62,355,2020-08-11 11:30:00,83.081022639,83.3182557792,82.7844812138,83.2984863509,212898
63,354,2020-08-11 12:00:00,83.308371065,83.4665264918,83.1255038528,83.3380252076,119352
64,353,2020-08-11 12:30:00,83.3281404934,83.3380252076,82.99206021149999,83.0019449256,108006
65,352,2020-08-11 13:00:00,82.99206021149999,83.189754495,82.8141353563,82.9129824981,134034
66,351,2020-08-11 13:30:00,82.8932130697,82.9327519264,82.7152882146,82.7251729287,144067
67,350,2020-08-11 14:00:00,82.7350576429,82.8141353563,82.6658646437,82.7548270713,125828
68,349,2020-08-11 14:30:00,82.7745964996,82.9228672122,82.7251729287,82.7350576429,169902
69,348,2020-08-11 15:00:00,82.74,82.7548270713,82.5175939311,82.6757493579,209649
70,347,2020-08-11 15:30:00,82.6757493579,82.97229078310001,82.5670175019,82.7251729287,691776
71,346,2020-08-11 16:00:00,82.7152882146,82.7647117854,82.50276685979999,82.7103458575,772628
72,345,2020-08-11 16:30:00,82.7054035004,82.7054035004,82.7054035004,82.7054035004,45927
73,344,2020-08-11 17:00:00,82.98217549729999,82.98217549729999,82.9327519264,82.9327519264,958
74,343,2020-08-11 18:00:00,83.021714354,83.021714354,83.021714354,83.021714354,1285
75,342,2020-08-11 19:00:00,83.021714354,83.021714354,83.021714354,83.021714354,100
76,341,2020-08-11 20:00:00,82.98217549729999,83.0118296398,82.98217549729999,83.0118296398,600
77,340,2020-08-12 08:30:00,84.01018577149999,84.01018577149999,82.9525213548,83.2391780658,1207
78,339,2020-08-12 09:00:00,83.04148378229999,83.04148378229999,83.0315990682,83.0315990682,6272
79,338,2020-08-12 09:30:00,83.11067678159999,83.1403309241,82.9327519264,82.9327519264,2470
80,337,2020-08-12 10:00:00,83.05136849649999,83.4489317006,82.8635589272,83.4269876351,372518
81,336,2020-08-12 10:30:00,83.4269876351,83.6938749179,83.1502156383,83.2589474942,207620
82,335,2020-08-12 11:00:00,83.2589474942,83.6345666328,82.99206021149999,83.2292933517,270552
83,334,2020-08-12 11:30:00,83.2292933517,83.4862959202,83.1007920674,83.4467570635,154309
84,333,2020-08-12 12:00:00,83.44181470640001,83.644451347,83.24906278,83.4072182068,152577
85,332,2020-08-12 12:30:00,83.4269876351,83.7531832029,83.4269876351,83.7185867033,204308
86,331,2020-08-12 13:00:00,83.7185867033,83.7235290604,83.308371065,83.3479099217,139651
87,330,2020-08-12 13:30:00,83.3577946359,83.6395089899,83.3479099217,83.4467570635,161932
88,329,2020-08-12 14:00:00,83.4566417777,83.6543360612,83.4269876351,83.5950277761,118355
89,328,2020-08-12 14:30:00,83.5851430619,83.7334137746,83.55548891939999,83.67232624100001,147631
90,327,2020-08-12 15:00:00,83.6839902037,83.7976644167,83.4862959202,83.7185867033,224776
91,326,2020-08-12 15:30:00,83.7185867033,83.7334137746,83.4592118034,83.5357194911,398193
92,325,2020-08-12 16:00:00,83.5357194911,83.55548891939999,83.2292933517,83.3775640643,520513
93,324,2020-08-12 16:30:00,83.3479099217,83.3775640643,83.3479099217,83.3479099217,48034
94,323,2020-08-12 17:00:00,83.3577946359,83.3577946359,83.3577946359,83.3577946359,1611
95,322,2020-08-12 17:30:00,83.3676793501,83.3775640643,83.3577946359,83.3775640643,1100
96,321,2020-08-12 18:30:00,83.3578934831,83.3578934831,83.3578934831,83.3578934831,250
97,320,2020-08-12 19:00:00,83.3775640643,83.3775640643,83.3775640643,83.3775640643,419
98,319,2020-08-12 20:00:00,83.3775640643,83.3775640643,83.3775640643,83.3775640643,100
99,318,2020-08-13 08:00:00,83.6,83.6,83.6,83.6,200
100,317,2020-08-13 08:30:00,84.0,84.0,84.0,84.0,528
101,316,2020-08-13 09:00:00,83.52,83.52,83.35,83.4,1861
102,315,2020-08-13 09:30:00,83.4,83.4,83.17,83.17,3705
103,314,2020-08-13 10:00:00,83.03,83.23,82.21,82.87,447971
104,313,2020-08-13 10:30:00,82.84,83.02,82.652,82.76,215302
105,312,2020-08-13 11:00:00,82.75,83.09,82.7,83.05,163156
106,311,2020-08-13 11:30:00,83.05,83.11,82.74,82.81,237465
107,310,2020-08-13 12:00:00,82.8,82.8,82.39,82.5,164550
108,309,2020-08-13 12:30:00,82.48,82.68,82.22,82.225,189034
109,308,2020-08-13 13:00:00,82.225,82.59,82.0,82.5899,192344
110,307,2020-08-13 13:30:00,82.58,83.09,82.48,83.03,214146
111,306,2020-08-13 14:00:00,83.04,83.05,82.73700000000001,82.76,107142
112,305,2020-08-13 14:30:00,82.7466,82.97,82.63,82.76,131669
113,304,2020-08-13 15:00:00,82.76,82.8,82.45,82.505,158504
114,303,2020-08-13 15:30:00,82.52,82.68,82.37,82.665,184398
115,302,2020-08-13 16:00:00,82.67,82.78,82.38,82.74,521068
116,301,2020-08-13 16:30:00,82.74,82.74,82.74,82.74,17026
117,300,2020-08-13 18:00:00,82.56,82.56,82.56,82.56,621
118,299,2020-08-13 19:30:00,82.81,82.81,82.81,82.81,120
119,298,2020-08-13 20:00:00,82.86,82.86,82.86,82.86,500
120,297,2020-08-14 09:30:00,82.74,82.74,82.74,82.74,200
121,296,2020-08-14 10:00:00,82.66,82.85,81.93,82.72,314004
122,295,2020-08-14 10:30:00,82.735,82.7479,82.38,82.68700000000001,119124
123,294,2020-08-14 11:00:00,82.72,82.896,82.46,82.46,113544
124,293,2020-08-14 11:30:00,82.465,82.5779,82.2501,82.3,109426
125,292,2020-08-14 12:00:00,82.3133,82.47,82.31,82.43,64274
126,291,2020-08-14 12:30:00,82.44,82.45,82.12,82.2,78639
127,290,2020-08-14 13:00:00,82.2,82.26,82.03,82.12,86909
128,289,2020-08-14 13:30:00,82.1198,82.38,82.1,82.1943,94771
129,288,2020-08-14 14:00:00,82.2125,82.44,82.2125,82.335,68606
130,287,2020-08-14 14:30:00,82.335,82.355,82.24,82.295,79928
131,286,2020-08-14 15:00:00,82.29899999999999,82.34,82.19,82.26,84832
132,285,2020-08-14 15:30:00,82.26,82.32,82.1,82.2,135987
133,284,2020-08-14 16:00:00,82.2,82.24,81.99,82.15,358072
134,283,2020-08-14 16:30:00,82.15,82.15,82.15,82.15,58986
135,282,2020-08-14 17:00:00,82.16,82.16,82.16,82.16,100
136,281,2020-08-14 17:30:00,82.15,82.15,82.14,82.14,681
137,280,2020-08-14 18:00:00,82.14,82.14,82.14,82.14,740
138,279,2020-08-17 09:00:00,82.25,82.25,82.2,82.2,995
139,278,2020-08-17 09:30:00,82.21,82.21,82.21,82.21,200
140,277,2020-08-17 10:00:00,82.29,82.5848,81.66,82.5848,361605
141,276,2020-08-17 10:30:00,82.6,83.01,82.4,82.9,199407
142,275,2020-08-17 11:00:00,82.92,83.02,82.73,82.845,178980
143,274,2020-08-17 11:30:00,82.84,83.11,82.77,83.07,154726
144,273,2020-08-17 12:00:00,83.075,83.075,82.68,82.76,90720
145,272,2020-08-17 12:30:00,82.765,82.79,82.4577,82.525,86032
146,271,2020-08-17 13:00:00,82.5443,82.727,82.53,82.62,96106
147,270,2020-08-17 13:30:00,82.615,82.62799999999999,82.43,82.46,96023
148,269,2020-08-17 14:00:00,82.47,82.755,82.4682,82.63,110104
149,268,2020-08-17 14:30:00,82.64,82.68,82.57,82.6,100955
150,267,2020-08-17 15:00:00,82.6,82.6,82.325,82.355,115830
151,266,2020-08-17 15:30:00,82.36,82.54799999999999,82.36,82.51,160363
152,265,2020-08-17 16:00:00,82.51,82.62,82.37,82.6,477142
153,264,2020-08-17 16:30:00,82.6,82.6,82.32,82.6,738249
154,263,2020-08-17 18:30:00,82.3,82.65,82.3,82.65,676
155,262,2020-08-18 08:00:00,82.7,82.7,82.7,82.7,195
156,261,2020-08-18 08:30:00,83.4188,83.4188,82.75,82.75,780
157,260,2020-08-18 09:00:00,82.75,82.75,82.75,82.75,908
158,259,2020-08-18 09:30:00,82.7,82.7,82.7,82.7,364
159,258,2020-08-18 10:00:00,82.57,82.77,82.335,82.52,217046
160,257,2020-08-18 10:30:00,82.53,82.53,82.01,82.38,140277
161,256,2020-08-18 11:00:00,82.39,82.46,81.91,81.935,150416
162,255,2020-08-18 11:30:00,81.93,81.95,81.58,81.82,155330
163,254,2020-08-18 12:00:00,81.81,82.01,81.75,81.97,131292
164,253,2020-08-18 12:30:00,81.96,82.05,81.72,81.8513,111497
165,252,2020-08-18 13:00:00,81.86,82.07,81.81,81.92,105775
166,251,2020-08-18 13:30:00,81.915,81.9287,81.585,81.585,172002
167,250,2020-08-18 14:00:00,81.585,81.7,81.5,81.669,140802
168,249,2020-08-18 14:30:00,81.67,81.88,81.67,81.7996,108813
169,248,2020-08-18 15:00:00,81.79,81.99,81.75,81.99,135985
170,247,2020-08-18 15:30:00,81.98,82.01,81.81,81.82,159110
171,246,2020-08-18 16:00:00,81.82,81.87,81.6,81.67,496502
172,245,2020-08-18 16:30:00,81.66,81.7,81.66,81.7,60377
173,244,2020-08-18 19:00:00,81.69,81.69,81.69,81.69,200
174,243,2020-08-19 08:30:00,81.7501,81.7501,81.6,81.6,1895
175,242,2020-08-19 09:00:00,81.7999,81.7999,81.7999,81.7999,200
176,241,2020-08-19 09:30:00,81.81,81.96,81.81,81.96,1330
177,240,2020-08-19 10:00:00,81.88,82.1855,81.46,81.86,280686
178,239,2020-08-19 10:30:00,81.85,81.91,81.57,81.62,164488
179,238,2020-08-19 11:00:00,81.625,81.7,81.46,81.56,166100
180,237,2020-08-19 11:30:00,81.555,82.05,81.5,81.859,255907
181,236,2020-08-19 12:00:00,81.86,82.005,81.77,81.94,108741
182,235,2020-08-19 12:30:00,81.94,82.01,81.83,81.915,123716
183,234,2020-08-19 13:00:00,81.92,82.01,81.8125,81.85,97346
184,233,2020-08-19 13:30:00,81.84,81.96,81.76,81.78,87937
185,232,2020-08-19 14:00:00,81.79,82.0,81.77,81.85,89883
186,231,2020-08-19 14:30:00,81.86,82.07,81.8,81.875,123240
187,230,2020-08-19 15:00:00,81.9,81.955,81.79,81.895,134689
188,229,2020-08-19 15:30:00,81.905,81.99,81.77,81.83,164749
189,228,2020-08-19 16:00:00,81.83,81.92,81.6,81.66,537440
190,227,2020-08-19 16:30:00,81.66,81.66,81.66,81.66,39360
191,226,2020-08-19 19:00:00,81.7,81.7,81.7,81.7,500
192,225,2020-08-20 04:30:00,81.4,81.4,81.4,81.4,100
193,224,2020-08-20 08:00:00,81.62,81.62,81.62,81.62,100
194,223,2020-08-20 08:30:00,81.5,81.5,81.5,81.5,1456
195,222,2020-08-20 09:30:00,81.5,81.5,81.3,81.3,1291
196,221,2020-08-20 10:00:00,81.26,81.61,80.93,81.2,292601
197,220,2020-08-20 10:30:00,81.18,81.38,80.99,81.38,163035
198,219,2020-08-20 11:00:00,81.375,81.41,81.03,81.1,138774
199,218,2020-08-20 11:30:00,81.075,81.4241,81.07,81.265,137849
200,217,2020-08-20 12:00:00,81.26,81.33,81.16,81.18,111923
201,216,2020-08-20 12:30:00,81.18,81.18,80.92,81.16,159174
202,215,2020-08-20 13:00:00,81.13600000000001,81.2,80.77,80.8,136300
203,214,2020-08-20 13:30:00,80.805,80.91,80.56,80.69,268375
204,213,2020-08-20 14:00:00,80.69,81.0064,80.56,80.885,193873
205,212,2020-08-20 14:30:00,80.89,80.9,80.67,80.825,103314
206,211,2020-08-20 15:00:00,80.83,80.97,80.81,80.96,112915
207,210,2020-08-20 15:30:00,80.9597,81.04,80.81,80.84,148676
208,209,2020-08-20 16:00:00,80.83,81.11,80.805,81.04,450066
209,208,2020-08-20 16:30:00,81.04,81.04,81.04,81.04,31623
210,207,2020-08-20 18:00:00,80.96,80.96,80.96,80.96,1232
211,206,2020-08-21 08:00:00,81.08,81.08,80.96,81.0,1120
212,205,2020-08-21 08:30:00,81.0,81.0,81.0,81.0,151
213,204,2020-08-21 09:30:00,80.97,81.3,80.97,81.3,1089
214,203,2020-08-21 10:00:00,81.2,81.21,80.68,80.93,853056
215,202,2020-08-21 10:30:00,80.93,81.27,80.45,80.5135,249254
216,201,2020-08-21 11:00:00,80.52,80.71,80.335,80.38,172471
217,200,2020-08-21 11:30:00,80.36,80.635,80.28,80.45,108036
218,199,2020-08-21 12:00:00,80.445,80.95,80.44,80.83,140795
219,198,2020-08-21 12:30:00,80.85,80.91,80.72,80.82,76830
220,197,2020-08-21 13:00:00,80.8139,80.88,80.61,80.64,92430
221,196,2020-08-21 13:30:00,80.63,80.98,80.63,80.88,88452
222,195,2020-08-21 14:00:00,80.88,81.17,80.8766,81.12,100914
223,194,2020-08-21 14:30:00,81.12,81.12,80.9168,80.995,87329
224,193,2020-08-21 15:00:00,81.0,81.18,81.0,81.1,110122
225,192,2020-08-21 15:30:00,81.095,81.33,81.08,81.15,154337
226,191,2020-08-21 16:00:00,81.145,81.2,80.9,80.98,417115
227,190,2020-08-21 16:30:00,81.0,81.0,81.0,81.0,51926
228,189,2020-08-21 17:30:00,80.81,80.81,80.81,80.81,151
229,188,2020-08-24 08:30:00,81.2,81.5,81.2,81.5,455
230,187,2020-08-24 09:30:00,81.21,81.21,81.2,81.2,850
231,186,2020-08-24 10:00:00,81.38,81.39,80.63,80.83,300882
232,185,2020-08-24 10:30:00,80.83,80.98,80.5,80.69,216288
233,184,2020-08-24 11:00:00,80.7,81.11,80.58,81.04,204866
234,183,2020-08-24 11:30:00,81.03,81.13,80.89,81.08,119662
235,182,2020-08-24 12:00:00,81.08,81.125,80.66,80.68,173793
236,181,2020-08-24 12:30:00,80.7,80.89,80.66,80.89,83811
237,180,2020-08-24 13:00:00,80.9,81.115,80.88,80.98,132690
238,179,2020-08-24 13:30:00,80.96,81.078,80.86,81.02,95165
239,178,2020-08-24 14:00:00,81.03,81.4374,81.025,81.4374,123076
240,177,2020-08-24 14:30:00,81.43,81.5754,81.365,81.545,93751
241,176,2020-08-24 15:00:00,81.55,81.655,81.47,81.565,125109
242,175,2020-08-24 15:30:00,81.56,81.65,81.41,81.5,191827
243,174,2020-08-24 16:00:00,81.51,81.63,81.35,81.47,418076
244,173,2020-08-24 16:30:00,81.47,81.47,81.4402,81.4402,83903
245,172,2020-08-24 17:00:00,81.3,81.3,81.3,81.3,261
246,171,2020-08-24 20:00:00,81.5,81.5,81.5,81.5,100
247,170,2020-08-25 08:30:00,81.84,81.84,81.84,81.84,250
248,169,2020-08-25 10:00:00,81.5,81.5,81.02,81.05,280206
249,168,2020-08-25 10:30:00,81.01,81.01,80.76,80.91,161890
250,167,2020-08-25 11:00:00,80.88,80.94,80.62,80.63,113801
251,166,2020-08-25 11:30:00,80.62,80.77,80.43,80.765,161558
252,165,2020-08-25 12:00:00,80.74,80.81,80.63,80.66,68543
253,164,2020-08-25 12:30:00,80.67,80.77,80.6,80.71,80763
254,163,2020-08-25 13:00:00,80.72,80.7501,80.595,80.6402,85909
255,162,2020-08-25 13:30:00,80.63,80.7,80.55,80.655,102588
256,161,2020-08-25 14:00:00,80.66,80.68,80.52,80.63,114517
257,160,2020-08-25 14:30:00,80.63,80.84,80.63,80.71,135098
258,159,2020-08-25 15:00:00,80.7,80.93,80.7,80.9,147774
259,158,2020-08-25 15:30:00,80.89,81.0,80.82,80.97,168451
260,157,2020-08-25 16:00:00,80.965,81.19,80.85,80.86,516982
261,156,2020-08-25 16:30:00,80.85,80.85,80.85,80.85,209421
262,155,2020-08-25 17:00:00,80.7602,80.7602,80.75,80.75,763
263,154,2020-08-25 17:30:00,80.76,80.76,80.76,80.76,236
264,153,2020-08-25 19:30:00,80.77,80.77,80.77,80.77,100
265,152,2020-08-26 08:00:00,80.85,80.85,80.85,80.85,100
266,151,2020-08-26 08:30:00,80.77,80.77,80.77,80.77,719
267,150,2020-08-26 09:00:00,80.77,80.77,80.7,80.7,2205
268,149,2020-08-26 09:30:00,80.61,80.95,80.35,80.42,4381
269,148,2020-08-26 10:00:00,80.42,80.62,79.71,80.26,492120
270,147,2020-08-26 10:30:00,80.255,80.45,80.01,80.055,139668
271,146,2020-08-26 11:00:00,80.05,80.13,79.69,79.695,243813
272,145,2020-08-26 11:30:00,79.68,79.859,79.54,79.55,187949
273,144,2020-08-26 12:00:00,79.53,79.66,79.41,79.53,172058
274,143,2020-08-26 12:30:00,79.54,79.75,79.47,79.52,196674
275,142,2020-08-26 13:00:00,79.51,79.64,79.45,79.575,174287
276,141,2020-08-26 13:30:00,79.57,79.6199,79.45,79.52,157948
277,140,2020-08-26 14:00:00,79.525,79.56,79.31,79.36,210164
278,139,2020-08-26 14:30:00,79.36,79.535,79.32,79.49,138248
279,138,2020-08-26 15:00:00,79.48,79.66,79.4,79.5699,219448
280,137,2020-08-26 15:30:00,79.5629,79.66,79.46,79.63,206536
281,136,2020-08-26 16:00:00,79.635,79.71,79.39,79.55,503646
282,135,2020-08-26 16:30:00,79.55,79.55,79.55,79.55,97552
283,134,2020-08-26 17:30:00,79.6,79.6,79.6,79.6,500
284,133,2020-08-26 19:00:00,79.65,79.65,79.6,79.6,245
285,132,2020-08-26 19:30:00,79.6,79.6,79.6,79.6,300
286,131,2020-08-26 20:00:00,79.55,79.55,79.55,79.55,500
287,130,2020-08-27 08:30:00,79.49,79.5501,79.49,79.5501,221
288,129,2020-08-27 09:00:00,79.6,79.6,79.6,79.6,200
289,128,2020-08-27 09:30:00,79.5999,79.84,79.5999,79.84,938
290,127,2020-08-27 10:00:00,79.68,80.31,79.68,80.12,340967
291,126,2020-08-27 10:30:00,80.115,80.37,79.6629,79.99,230037
292,125,2020-08-27 11:00:00,80.0,80.08,79.41,79.45,186165
293,124,2020-08-27 11:30:00,79.4421,79.57,79.26,79.335,217911
294,123,2020-08-27 12:00:00,79.35,79.58,79.33,79.575,117839
295,122,2020-08-27 12:30:00,79.58,79.58,79.27,79.3183,154865
296,121,2020-08-27 13:00:00,79.315,79.38,79.215,79.345,152821
297,120,2020-08-27 13:30:00,79.33,79.5,79.27,79.43,107847
298,119,2020-08-27 14:00:00,79.43,79.57,79.35,79.47,145408
299,118,2020-08-27 14:30:00,79.46,79.6,79.38,79.44,133266
300,117,2020-08-27 15:00:00,79.439,79.555,79.41,79.5,120925
301,116,2020-08-27 15:30:00,79.52,79.7,79.49,79.66,198264
302,115,2020-08-27 16:00:00,79.66,79.765,79.54,79.57,550941
303,114,2020-08-27 16:30:00,79.55,79.55,79.55,79.55,17169
304,113,2020-08-27 17:00:00,79.55,79.55,79.55,79.55,1298
305,112,2020-08-28 10:00:00,79.92,79.99,79.36,79.42,283995
306,111,2020-08-28 10:30:00,79.42,79.42,79.0658,79.09,264426
307,110,2020-08-28 11:00:00,79.09,79.56,79.09,79.43,256395
308,109,2020-08-28 11:30:00,79.445,79.46,79.12,79.1318,146078
309,108,2020-08-28 12:00:00,79.14,79.17,78.95,79.09,231815
310,107,2020-08-28 12:30:00,79.095,79.29,79.08,79.26,119873
311,106,2020-08-28 13:00:00,79.2536,79.35,79.22,79.35,96494
312,105,2020-08-28 13:30:00,79.33,79.525,79.29,79.4,155749
313,104,2020-08-28 14:00:00,79.4079,79.44,79.14,79.1713,165302
314,103,2020-08-28 14:30:00,79.16,79.5,79.16,79.5,152708
315,102,2020-08-28 15:00:00,79.498,79.67,79.435,79.65,148889
316,101,2020-08-28 15:30:00,79.66,79.86,79.58,79.845,158992
317,100,2020-08-28 16:00:00,79.84,79.84,79.61,79.69,646147
318,99,2020-08-28 16:30:00,79.71,79.71,79.71,79.71,67569
319,98,2020-08-28 18:00:00,79.75,79.75,79.75,79.75,300
320,97,2020-08-28 20:00:00,79.71,79.71,79.71,79.71,300
321,96,2020-08-31 08:30:00,79.5,79.75,79.5,79.75,560
322,95,2020-08-31 09:00:00,79.88,79.88,79.88,79.88,250
323,94,2020-08-31 09:30:00,79.8,79.8499,79.8,79.8335,999
324,93,2020-08-31 10:00:00,79.7,80.93,79.61,80.93,562526
325,92,2020-08-31 10:30:00,80.94,81.53,80.83,81.4086,340493
326,91,2020-08-31 11:00:00,81.41,81.435,80.79,80.79,189770
327,90,2020-08-31 11:30:00,80.73,80.73,80.4684,80.4882,157656
328,89,2020-08-31 12:00:00,80.48,80.79,80.46,80.69,110101
329,88,2020-08-31 12:30:00,80.695,80.72,80.25,80.31,135804
330,87,2020-08-31 13:00:00,80.31,80.445,80.19,80.34,106060
331,86,2020-08-31 13:30:00,80.34,80.42,80.28,80.3205,74909
332,85,2020-08-31 14:00:00,80.3326,80.3413,80.04,80.14,120230
333,84,2020-08-31 14:30:00,80.13,80.2801,80.12,80.155,110120
334,83,2020-08-31 15:00:00,80.1587,80.34,80.115,80.26,120854
335,82,2020-08-31 15:30:00,80.27,80.3,80.11,80.27,182141
336,81,2020-08-31 16:00:00,80.27,80.53,80.2,80.29,618834
337,80,2020-08-31 16:30:00,80.34,80.34,80.13,80.13,156276
338,79,2020-08-31 19:30:00,80.2,80.2,80.2,80.2,432
339,78,2020-09-01 07:30:00,80.46,80.46,80.34,80.34,487
340,77,2020-09-01 08:30:00,80.01,80.34,80.01,80.34,1812
341,76,2020-09-01 09:00:00,80.15,80.15,80.15,80.15,116
342,75,2020-09-01 09:30:00,80.34,80.34,79.77,79.8,13017
343,74,2020-09-01 10:00:00,79.84,80.175,79.39,79.55,379766
344,73,2020-09-01 10:30:00,79.57,79.73,79.11,79.23,258205
345,72,2020-09-01 11:00:00,79.24,79.79,79.223,79.43,192078
346,71,2020-09-01 11:30:00,79.4,79.42,79.19,79.29,169651
347,70,2020-09-01 12:00:00,79.29,79.335,79.16,79.275,142390
348,69,2020-09-01 12:30:00,79.26,79.5,79.21,79.44,118861
349,68,2020-09-01 13:00:00,79.4429,79.4429,79.24,79.29,109555
350,67,2020-09-01 13:30:00,79.285,79.305,79.11,79.1316,150973
351,66,2020-09-01 14:00:00,79.1364,79.17,78.975,79.1288,176871
352,65,2020-09-01 14:30:00,79.1356,79.26899999999999,79.08,79.18,117048
353,64,2020-09-01 15:00:00,79.19,79.35,79.08,79.125,151020
354,63,2020-09-01 15:30:00,79.125,79.19,78.99,79.1201,211332
355,62,2020-09-01 16:00:00,79.13,79.27,79.08,79.19,546963
356,61,2020-09-01 16:30:00,79.21,79.49,79.21,79.49,37247
357,60,2020-09-01 17:00:00,79.28,79.28,79.28,79.28,202
358,59,2020-09-01 17:30:00,79.28,79.28,79.28,79.28,266
359,58,2020-09-01 18:00:00,79.35,79.35,79.35,79.35,100
360,57,2020-09-01 18:30:00,79.35,79.35,79.35,79.35,508
361,56,2020-09-01 19:00:00,79.35,79.35,79.35,79.35,492
362,55,2020-09-02 09:00:00,79.3,79.3,79.3,79.3,453
363,54,2020-09-02 09:30:00,79.5,79.5,79.14,79.14,1344
364,53,2020-09-02 10:00:00,79.24,80.78,78.98,80.6426,531581
365,52,2020-09-02 10:30:00,80.66,81.12,80.35,80.37,317270
366,51,2020-09-02 11:00:00,80.375,80.68,80.28,80.585,222870
367,50,2020-09-02 11:30:00,80.61,81.35,80.51,81.17,290216
368,49,2020-09-02 12:00:00,81.17,81.86,81.04,81.8352,200923
369,48,2020-09-02 12:30:00,81.84,81.9,81.53,81.59,147061
370,47,2020-09-02 13:00:00,81.59,81.89,81.58,81.86,113978
371,46,2020-09-02 13:30:00,81.86,81.86,81.54,81.64,152300
372,45,2020-09-02 14:00:00,81.62,81.6599,81.455,81.5,188208
373,44,2020-09-02 14:30:00,81.495,81.6,81.37,81.5687,159982
374,43,2020-09-02 15:00:00,81.56,81.61,81.39,81.49,175862
375,42,2020-09-02 15:30:00,81.48,81.72,81.41,81.72,198638
376,41,2020-09-02 16:00:00,81.71,81.88,81.46,81.46,582274
377,40,2020-09-02 16:30:00,81.47,81.47,80.57,80.92,45362
378,39,2020-09-02 18:00:00,81.26,81.3,81.26,81.3,1450
379,38,2020-09-02 19:00:00,81.57,81.57,81.57,81.57,245
380,37,2020-09-03 08:30:00,81.3901,81.3901,81.005,81.005,2308
381,36,2020-09-03 09:30:00,81.64,81.68,81.64,81.68,458
382,35,2020-09-03 10:00:00,81.82,82.7,81.8,82.54,269478
383,34,2020-09-03 10:30:00,82.57,82.585,81.9568,82.12,214736
384,33,2020-09-03 11:00:00,82.13,82.33,81.86,81.93,230216
385,32,2020-09-03 11:30:00,81.95,81.96,80.98,81.3,262681
386,31,2020-09-03 12:00:00,81.25,81.62,81.15,81.53,233544
387,30,2020-09-03 12:30:00,81.53,81.73,81.36,81.38,148260
388,29,2020-09-03 13:00:00,81.38,81.425,81.03,81.03,150705
389,28,2020-09-03 13:30:00,81.03,81.17,80.71,80.9225,147800
390,27,2020-09-03 14:00:00,80.89,80.89,80.58,80.82,159673
391,26,2020-09-03 14:30:00,80.81,80.92,80.58,80.8,224325
392,25,2020-09-03 15:00:00,80.78,81.03,80.5,80.54,134544
393,24,2020-09-03 15:30:00,80.52,80.67,80.38,80.46,143762
394,23,2020-09-03 16:00:00,80.49,81.23,80.34,81.14,438629
395,22,2020-09-03 16:30:00,81.14,81.14,80.49,81.14,69275
396,21,2020-09-03 17:00:00,81.14,81.14,81.14,81.14,100
397,20,2020-09-03 19:30:00,80.51,80.51,80.51,80.51,100
398,19,2020-09-04 07:30:00,80.56,80.56,80.2,80.2,1900
399,18,2020-09-04 08:00:00,80.37,80.37,80.19,80.19,3008
400,17,2020-09-04 08:30:00,80.2,81.16,80.2,80.61,2744
401,16,2020-09-04 09:30:00,81.5,81.5,81.5,81.5,801
402,15,2020-09-04 10:00:00,81.22,81.62,80.73,81.45,306597
403,14,2020-09-04 10:30:00,81.47800000000001,81.82,81.27,81.43,260126
404,13,2020-09-04 11:00:00,81.44,81.78,80.98,81.15,210672
405,12,2020-09-04 11:30:00,81.1,81.32,80.2704,80.51,209271
406,11,2020-09-04 12:00:00,80.54,80.56,79.93,80.015,220118
407,10,2020-09-04 12:30:00,80.025,80.58,79.93,80.53,136894
408,9,2020-09-04 13:00:00,80.5501,80.89,80.41,80.89,129625
409,8,2020-09-04 13:30:00,80.8963,81.2043,80.78,81.11,130997
410,7,2020-09-04 14:00:00,81.1,81.167,80.92,81.01,101722
411,6,2020-09-04 14:30:00,80.99,81.07,80.78,81.02,109775
412,5,2020-09-04 15:00:00,81.015,81.36,80.89,81.205,128439
413,4,2020-09-04 15:30:00,81.2,81.32,80.995,81.14,200162
414,3,2020-09-04 16:00:00,81.125,81.16,80.84,80.96,382317
415,2,2020-09-04 16:30:00,80.97,80.97,80.97,80.97,34069
416,1,2020-09-04 18:00:00,80.94,80.94,80.94,80.94,100
417,0,2020-09-04 19:00:00,81.12,81.12,81.12,81.12,100
418,349,2020-09-08 07:00:00,81.13,81.14,81.13,81.14,300
419,348,2020-09-08 08:00:00,81.15,81.26,81.12,81.12,1296
420,347,2020-09-08 08:30:00,81.12,81.15,81.1,81.15,1543
421,346,2020-09-08 09:30:00,80.7693,80.7693,80.7693,80.7693,225
422,345,2020-09-08 10:00:00,81.06,81.24,79.88,80.08,377680
423,344,2020-09-08 10:30:00,80.08,80.11,79.38,79.52,270602
424,343,2020-09-08 11:00:00,79.5,79.96,79.42,79.7,160919
425,342,2020-09-08 11:30:00,79.71,80.16,79.65,79.745,163315
426,341,2020-09-08 12:00:00,79.74,79.99,79.59,79.71,144078
427,340,2020-09-08 12:30:00,79.69,80.13,79.615,80.02,123401
428,339,2020-09-08 13:00:00,80.01,80.32,79.92,80.31,115562
429,338,2020-09-08 13:30:00,80.29,80.791,80.27,80.791,106647
430,337,2020-09-08 14:00:00,80.78,80.93,80.7,80.88,109802
431,336,2020-09-08 14:30:00,80.89,80.97,80.65,80.68,118855
432,335,2020-09-08 15:00:00,80.68,80.69,80.24,80.48,161284
433,334,2020-09-08 15:30:00,80.46,80.75,80.234,80.73,208594
434,333,2020-09-08 16:00:00,80.71,81.13,80.61,80.73,567557
435,332,2020-09-08 16:30:00,80.73,80.73,80.73,80.73,77165
436,331,2020-09-08 18:00:00,80.06,80.06,80.06,80.06,250
437,330,2020-09-09 06:30:00,81.28,81.4,81.28,81.4,1373
438,329,2020-09-09 08:00:00,81.4,81.4,81.4,81.4,100
439,328,2020-09-09 08:30:00,81.7781,81.7781,81.7781,81.7781,1010
440,327,2020-09-09 09:00:00,81.7,81.7,81.7,81.7,738
441,326,2020-09-09 09:30:00,81.7,82.4,81.7,82.35,5645
442,325,2020-09-09 10:00:00,82.42,83.67,81.85,83.57,626881
443,324,2020-09-09 10:30:00,83.55,83.7,82.62,82.645,391513
444,323,2020-09-09 11:00:00,82.64,82.8,82.24,82.36,194621
445,322,2020-09-09 11:30:00,82.38,82.9597,82.215,82.8874,214768
446,321,2020-09-09 12:00:00,82.9,83.13,82.8,82.975,243536
447,320,2020-09-09 12:30:00,82.98,83.14,82.895,83.11,208041
448,319,2020-09-09 13:00:00,83.12,83.4,83.03,83.03,130385
449,318,2020-09-09 13:30:00,83.05,83.55,83.05,83.48,141048
450,317,2020-09-09 14:00:00,83.49,83.73,83.41,83.45,157257
451,316,2020-09-09 14:30:00,83.45,83.7,83.3187,83.465,213330
452,315,2020-09-09 15:00:00,83.47,83.855,83.43,83.84,291644
453,314,2020-09-09 15:30:00,83.83,83.89,83.495,83.55,405243
454,313,2020-09-09 16:00:00,83.55,83.62,82.39,82.59,703039
455,312,2020-09-09 16:30:00,82.59,82.59,82.59,82.59,106692
456,311,2020-09-09 17:00:00,82.76,82.76,82.76,82.76,526
457,310,2020-09-10 09:30:00,82.5819,82.5819,82.5819,82.5819,100
458,309,2020-09-10 10:00:00,82.22,82.27,81.41,81.64,317204
459,308,2020-09-10 10:30:00,81.67,82.15,81.44,82.05,162921
460,307,2020-09-10 11:00:00,82.07,82.39,81.84,81.91,183362
461,306,2020-09-10 11:30:00,81.94,82.56,81.69,82.48,221667
462,305,2020-09-10 12:00:00,82.5,82.5379,82.04,82.1,149826
463,304,2020-09-10 12:30:00,82.07,82.25,81.86,82.1,134301
464,303,2020-09-10 13:00:00,82.07,82.33,81.87,82.2826,184817
465,302,2020-09-10 13:30:00,82.3,82.58,82.2901,82.4,150054
466,301,2020-09-10 14:00:00,82.4,82.6574,82.4,82.49,160817
467,300,2020-09-10 14:30:00,82.51,82.7311,82.0,82.08,156722
468,299,2020-09-10 15:00:00,82.05,82.45,82.01,82.39,237956
469,298,2020-09-10 15:30:00,82.39,82.41,82.05,82.37,252078
470,297,2020-09-10 16:00:00,82.35,82.52,81.98,82.01,873260
471,296,2020-09-10 16:30:00,82.0,82.0,82.0,82.0,57242
472,295,2020-09-11 10:00:00,82.07,82.23,81.75,81.93,312422
473,294,2020-09-11 10:30:00,81.9,82.21,81.77,82.11,153877
474,293,2020-09-11 11:00:00,82.17,82.51,82.1,82.2815,202075
475,292,2020-09-11 11:30:00,82.31,82.61,82.2,82.59,181888
476,291,2020-09-11 12:00:00,82.56,82.73,82.39,82.72,234586
477,290,2020-09-11 12:30:00,82.64,83.07,82.54,83.02,147613
478,289,2020-09-11 13:00:00,83.01,83.2,82.94,83.12,228996
479,288,2020-09-11 13:30:00,83.1183,83.41,82.77,82.78,223038
480,287,2020-09-11 14:00:00,82.77,82.8,82.5,82.51,131628
481,286,2020-09-11 14:30:00,82.52,82.79,82.5,82.67,142467
482,285,2020-09-11 15:00:00,82.68,82.99,82.66,82.86,128233
483,284,2020-09-11 15:30:00,82.85,83.1599,82.7,83.09,236335
484,283,2020-09-11 16:00:00,83.09,83.21,82.92,83.04,483499
485,282,2020-09-11 16:30:00,83.03,83.03,83.03,83.03,90427
486,281,2020-09-11 19:30:00,82.9,82.9,82.9,82.9,100
487,280,2020-09-14 08:30:00,82.51,82.51,82.51,82.51,175
488,279,2020-09-14 09:30:00,83.48,83.63,83.48,83.63,1436
489,278,2020-09-14 10:00:00,83.58,84.67,83.58,84.62,529125
490,277,2020-09-14 10:30:00,84.63,84.74,84.24,84.45,285358
491,276,2020-09-14 11:00:00,84.44,84.59,84.17,84.195,175134
492,275,2020-09-14 11:30:00,84.22,84.29,83.92,84.16,162657
493,274,2020-09-14 12:00:00,84.155,84.3774,84.13,84.2067,117841
494,273,2020-09-14 12:30:00,84.21,84.6,84.18,84.59,134946
495,272,2020-09-14 13:00:00,84.5876,84.62,84.36,84.45,93125
496,271,2020-09-14 13:30:00,84.464,84.68,84.4,84.63,119730
497,270,2020-09-14 14:00:00,84.65,84.83,84.6,84.81,178375
498,269,2020-09-14 14:30:00,84.81,84.935,84.69,84.82,218221
499,268,2020-09-14 15:00:00,84.8026,84.84,84.49,84.65,158559
500,267,2020-09-14 15:30:00,84.65,84.66,84.19,84.36,210667
501,266,2020-09-14 16:00:00,84.38,84.48,84.25,84.38,616623
502,265,2020-09-14 16:30:00,84.38,84.45,84.38,84.38,122553
503,264,2020-09-15 08:30:00,85.0,85.0,85.0,85.0,569
504,263,2020-09-15 09:30:00,84.94,84.94,84.94,84.94,229
505,262,2020-09-15 10:00:00,84.94,85.19,84.7299,85.19,286666
506,261,2020-09-15 10:30:00,85.1506,85.87,85.1506,85.353,234809
507,260,2020-09-15 11:00:00,85.38,85.83,85.336,85.72,234780
508,259,2020-09-15 11:30:00,85.73,85.8,85.43,85.49,160081
509,258,2020-09-15 12:00:00,85.49,85.5,85.27,85.29,127699
510,257,2020-09-15 12:30:00,85.285,85.29,84.9,84.95,96947
511,256,2020-09-15 13:00:00,84.955,84.98,84.665,84.735,90826
512,255,2020-09-15 13:30:00,84.7357,84.9251,84.67,84.83,106734
513,254,2020-09-15 14:00:00,84.85,84.85,84.43,84.43,102313
514,253,2020-09-15 14:30:00,84.44,84.47,84.14,84.24,126556
515,252,2020-09-15 15:00:00,84.24,84.355,84.07,84.14,85718
516,251,2020-09-15 15:30:00,84.145,84.18,83.93,84.0,104285
517,250,2020-09-15 16:00:00,83.98,84.63,83.9258,84.45,498330
518,249,2020-09-15 16:30:00,84.45,84.45,84.45,84.45,75298
519,248,2020-09-16 09:30:00,84.8799,85.18,84.75,85.11,5285
520,247,2020-09-16 10:00:00,85.0,85.22,84.59,84.81,554688
521,246,2020-09-16 10:30:00,84.79,85.28,84.73,85.135,193343
522,245,2020-09-16 11:00:00,85.13,85.48,85.13,85.455,143508
523,244,2020-09-16 11:30:00,85.45,85.45,85.11,85.28,123051
524,243,2020-09-16 12:00:00,85.26,85.26,85.05,85.18,111135
525,242,2020-09-16 12:30:00,85.19,85.3,85.05,85.08,94806
526,241,2020-09-16 13:00:00,85.07,85.1386,84.91,84.94,79643
527,240,2020-09-16 13:30:00,84.92,85.15,84.91,85.1,170343
528,239,2020-09-16 14:00:00,85.1,85.22,84.96,85.155,107307
529,238,2020-09-16 14:30:00,85.155,85.38,85.0,85.26,112352
530,237,2020-09-16 15:00:00,85.28,85.45,85.015,85.05,119037
531,236,2020-09-16 15:30:00,85.06,85.15,84.57,84.955,251736
532,235,2020-09-16 16:00:00,84.96,85.23,84.75,84.85,448512
533,234,2020-09-16 16:30:00,84.84,85.1648,84.84,85.1648,58096
534,233,2020-09-16 19:30:00,85.21,85.21,85.21,85.21,5000
535,232,2020-09-17 08:00:00,84.5,84.5,84.5,84.5,1185
536,231,2020-09-17 08:30:00,84.4,84.4,84.4,84.4,719
537,230,2020-09-17 09:00:00,84.4205,84.4205,84.4205,84.4205,200
538,229,2020-09-17 09:30:00,84.42,84.42,84.3,84.3,610
539,228,2020-09-17 10:00:00,84.25,84.57,83.64,83.825,271430
540,227,2020-09-17 10:30:00,83.825,84.66,83.77,84.56,230197
541,226,2020-09-17 11:00:00,84.57,84.75,84.44,84.515,157232
542,225,2020-09-17 11:30:00,84.52,84.78,84.43,84.47,151411
543,224,2020-09-17 12:00:00,84.48,84.49,84.12,84.26,142333
544,223,2020-09-17 12:30:00,84.21,84.28,83.92,84.07,144660
545,222,2020-09-17 13:00:00,84.1,84.55,84.02,84.42,136315
546,221,2020-09-17 13:30:00,84.415,84.435,83.985,84.03,159859
547,220,2020-09-17 14:00:00,84.02,84.15,83.91,83.985,144478
548,219,2020-09-17 14:30:00,83.985,84.39,83.98,84.19,246300
549,218,2020-09-17 15:00:00,84.19,84.425,84.15,84.42,186484
550,217,2020-09-17 15:30:00,84.415,84.42,84.02,84.09,142465
551,216,2020-09-17 16:00:00,84.07,84.63,84.06,84.6,469949
552,215,2020-09-17 16:30:00,84.6,84.84,84.59,84.84,249891
553,214,2020-09-17 19:00:00,84.58,84.58,84.58,84.58,200
554,213,2020-09-18 09:00:00,84.69,84.7,84.69,84.7,200
555,212,2020-09-18 09:30:00,84.28,84.28,84.28,84.28,200
556,211,2020-09-18 10:00:00,84.2,84.74,84.1,84.29,1472725
557,210,2020-09-18 10:30:00,84.32,84.45,83.95,83.95,210275
558,209,2020-09-18 11:00:00,83.93,83.99,83.68,83.82,151699
559,208,2020-09-18 11:30:00,83.78,83.91,83.58,83.7,167539
560,207,2020-09-18 12:00:00,83.7125,84.09,83.7125,83.91,168749
561,206,2020-09-18 12:30:00,83.895,84.23,83.86,84.05,91858
562,205,2020-09-18 13:00:00,84.04,84.04,83.74,83.75,127830
563,204,2020-09-18 13:30:00,83.73,83.77,83.44,83.445,180792
564,203,2020-09-18 14:00:00,83.43,83.57,83.12,83.485,119800
565,202,2020-09-18 14:30:00,83.485,83.49,83.02,83.23,327840
566,201,2020-09-18 15:00:00,83.2,83.2,82.95,83.01,201554
567,200,2020-09-18 15:30:00,83.02,83.43,82.97,83.39,249845
568,199,2020-09-18 16:00:00,83.38,83.46,82.9,82.94,667468
569,198,2020-09-18 16:30:00,82.95,82.9517,82.95,82.9517,287050
570,197,2020-09-18 17:00:00,82.943779,83.4,82.943779,83.4,2114
571,196,2020-09-18 17:30:00,82.95,82.95,82.95,82.95,364
572,195,2020-09-21 04:30:00,82.75,82.75,82.04,82.04,1775
573,194,2020-09-21 07:30:00,82.52,82.52,82.52,82.52,100
574,193,2020-09-21 08:00:00,82.51,82.51,82.5,82.5,3839
575,192,2020-09-21 08:30:00,82.52,82.97,82.29,82.3,1946
576,191,2020-09-21 09:00:00,82.84,82.84,82.84,82.84,150
577,190,2020-09-21 09:30:00,82.08,82.08,82.05,82.06,1960
578,189,2020-09-21 10:00:00,82.05,82.56,81.1694,81.68,382221
579,188,2020-09-21 10:30:00,81.66,82.13,81.4336,82.1,199968
580,187,2020-09-21 11:00:00,82.07,82.5,81.94,82.15100000000001,188174
581,186,2020-09-21 11:30:00,82.1014,82.36,81.72,81.72,178454
582,185,2020-09-21 12:00:00,81.72,82.06,81.66,81.87,158033
583,184,2020-09-21 12:30:00,81.87,82.0199,81.77,81.824,120291
584,183,2020-09-21 13:00:00,81.79,82.0,81.64,81.72,136309
585,182,2020-09-21 13:30:00,81.7,81.86,81.6,81.85,104655
586,181,2020-09-21 14:00:00,81.8514,81.96,81.7,81.9,132852
587,180,2020-09-21 14:30:00,81.905,81.94,81.575,81.61,93589
588,179,2020-09-21 15:00:00,81.59,81.62,81.34,81.6098,163800
589,178,2020-09-21 15:30:00,81.61,82.43,81.57,82.295,236316
590,177,2020-09-21 16:00:00,82.325,82.57,82.14,82.57,422685
591,176,2020-09-21 16:30:00,82.57,82.57,82.57,82.57,93364
592,175,2020-09-21 19:30:00,81.77,81.77,81.77,81.77,400
593,174,2020-09-22 08:00:00,82.73,82.73,82.73,82.73,100
594,173,2020-09-22 08:30:00,82.73,82.73,82.73,82.73,208
595,172,2020-09-22 10:00:00,82.41,83.535,82.255,82.98,435959
596,171,2020-09-22 10:30:00,82.985,84.01,82.97,83.87,182636
597,170,2020-09-22 11:00:00,83.84,83.84,83.33,83.37,143397
598,169,2020-09-22 11:30:00,83.375,83.4767,83.205,83.39,195600
599,168,2020-09-22 12:00:00,83.4,83.52,83.1232,83.51,108205
600,167,2020-09-22 12:30:00,83.52,83.64,83.44,83.56,76326
601,166,2020-09-22 13:00:00,83.55,83.72,83.36,83.43,99035
602,165,2020-09-22 13:30:00,83.46,83.67,83.4,83.63,97468
603,164,2020-09-22 14:00:00,83.605,83.83,83.59,83.73,114971
604,163,2020-09-22 14:30:00,83.75,83.9,83.36,83.37,192373
605,162,2020-09-22 15:00:00,83.37,83.4399,83.06,83.11,150086
606,161,2020-09-22 15:30:00,83.11,83.185,82.94,83.11,148192
607,160,2020-09-22 16:00:00,83.11,83.11,82.58,82.69,446144
608,159,2020-09-22 16:30:00,82.69,82.69,82.69,82.69,66535
609,158,2020-09-22 17:00:00,82.52,82.52,82.52,82.52,263
610,157,2020-09-22 18:00:00,82.8,82.8,82.8,82.8,1000
611,156,2020-09-22 19:00:00,82.5,82.5,82.5,82.5,249
612,155,2020-09-23 09:30:00,82.6691,82.6691,82.6691,82.6691,394
613,154,2020-09-23 10:00:00,82.9,83.13,82.2,82.27,278216
614,153,2020-09-23 10:30:00,82.25,82.64299999999999,82.18,82.36,94570
615,152,2020-09-23 11:00:00,82.366,82.375,82.1,82.13,106637
616,151,2020-09-23 11:30:00,82.12,82.2686,81.88,81.9,116433
617,150,2020-09-23 12:00:00,81.88,82.14,81.78,81.92,96755
618,149,2020-09-23 12:30:00,81.87,82.08,81.79,82.05,87990
619,148,2020-09-23 13:00:00,82.05,82.4,82.05,82.25,83209
620,147,2020-09-23 13:30:00,82.26,82.46,82.14,82.32,76615
621,146,2020-09-23 14:00:00,82.31,82.37,82.0,82.0758,73485
622,145,2020-09-23 14:30:00,82.07,82.0953,81.59,81.67,122669
623,144,2020-09-23 15:00:00,81.66,81.82,81.56,81.62,120264
624,143,2020-09-23 15:30:00,81.61,81.72,81.34,81.565,173474
625,142,2020-09-23 16:00:00,81.555,81.56,81.23,81.27,354015
626,141,2020-09-23 16:30:00,81.28,81.28,81.28,81.28,18195
627,140,2020-09-23 17:30:00,81.35,81.35,81.35,81.35,212
628,139,2020-09-23 18:00:00,81.17,81.17,81.17,81.17,300
629,138,2020-09-24 09:00:00,81.15,81.15,81.12,81.12,564
630,137,2020-09-24 09:30:00,81.13,81.28,81.13,81.28,613
631,136,2020-09-24 10:00:00,81.23,81.32,80.41,80.76,245131
632,135,2020-09-24 10:30:00,80.76,81.35,80.61,80.995,224610
633,134,2020-09-24 11:00:00,81.015,81.09,80.66,81.06,148750
634,133,2020-09-24 11:30:00,81.05,81.21,80.64,80.65899999999999,145791
635,132,2020-09-24 12:00:00,80.65,81.34,80.58,81.32,154654
636,131,2020-09-24 12:30:00,81.35,81.98,81.32,81.94,128204
637,130,2020-09-24 13:00:00,81.92,81.9409,81.57,81.87,105692
638,129,2020-09-24 13:30:00,81.85,82.345,81.85,82.17,114288
639,128,2020-09-24 14:00:00,82.17,82.41,82.12,82.17,122336
640,127,2020-09-24 14:30:00,82.19,82.225,81.78,81.8435,137124
641,126,2020-09-24 15:00:00,81.85,81.96,81.44,81.46,166088
642,125,2020-09-24 15:30:00,81.47,81.71,81.36,81.395,199103
643,124,2020-09-24 16:00:00,81.39,81.92,81.28,81.66,444172
644,123,2020-09-24 16:30:00,81.67,81.67,81.67,81.67,26037
645,122,2020-09-25 07:30:00,81.6,81.6,80.55,80.55,3400
646,121,2020-09-25 10:00:00,81.28,82.0139,81.01,81.41,256970
647,120,2020-09-25 10:30:00,81.43,81.86,80.95,81.48,279360
648,119,2020-09-25 11:00:00,81.48,81.81,81.15,81.7587,122147
649,118,2020-09-25 11:30:00,81.76,81.95,81.45,81.67,144813
650,117,2020-09-25 12:00:00,81.67,81.76,81.44,81.56,90519
651,116,2020-09-25 12:30:00,81.57,81.73,81.5,81.55,74253
652,115,2020-09-25 13:00:00,81.59,81.76,81.56,81.67,104672
653,114,2020-09-25 13:30:00,81.66,81.965,81.6,81.78,110301
654,113,2020-09-25 14:00:00,81.8,82.1,81.8,82.0,121085
655,112,2020-09-25 14:30:00,81.98,82.19,81.94,82.12,119170
656,111,2020-09-25 15:00:00,82.11,82.18,81.99,82.14,150734
657,110,2020-09-25 15:30:00,82.13,82.5,82.12,82.485,223802
658,109,2020-09-25 16:00:00,82.48,82.59,82.02,82.48,580076
659,108,2020-09-25 16:30:00,82.47,82.47,82.47,82.47,968337
660,107,2020-09-28 07:30:00,82.51,82.75,82.51,82.75,299
661,106,2020-09-28 09:30:00,82.76,82.76,82.76,82.76,126
662,105,2020-09-28 10:00:00,82.97,83.46,82.66,83.1,253966
663,104,2020-09-28 10:30:00,83.11,83.93,82.97,83.7996,169245
664,103,2020-09-28 11:00:00,83.79,83.98,83.53,83.77,99965
665,102,2020-09-28 11:30:00,83.79,83.89,83.55,83.71,124201
666,101,2020-09-28 12:00:00,83.715,84.08,83.68,84.075,133382
667,100,2020-09-28 12:30:00,84.07,84.07,83.85,83.91,113603
668,99,2020-09-28 13:00:00,83.905,84.01,83.69,83.995,117889
669,98,2020-09-28 13:30:00,84.0,84.06,83.8,83.85,129042
670,97,2020-09-28 14:00:00,83.85,84.005,83.83,83.896,100119
671,96,2020-09-28 14:30:00,83.89,83.89,83.635,83.65,91579
672,95,2020-09-28 15:00:00,83.65,83.72,83.39,83.53,120399
673,94,2020-09-28 15:30:00,83.51,83.51,83.11,83.17,156149
674,93,2020-09-28 16:00:00,83.2,83.2,82.78,82.87,421765
675,92,2020-09-28 16:30:00,82.87,82.87,82.87,82.87,20480
676,91,2020-09-28 17:30:00,82.89,82.89,82.89,82.89,300
677,90,2020-09-28 18:00:00,82.8502,82.8502,82.85,82.85,207
678,89,2020-09-28 19:30:00,82.91,82.91,82.91,82.91,200
679,88,2020-09-28 20:00:00,82.91,82.91,82.91,82.91,817
680,87,2020-09-29 10:00:00,83.07,83.4,82.85,83.01,197272
681,86,2020-09-29 10:30:00,83.0,83.35,82.81,83.21,160967
682,85,2020-09-29 11:00:00,83.24,83.33,82.7,82.8,152493
683,84,2020-09-29 11:30:00,82.79,82.82,82.4201,82.45,125597
684,83,2020-09-29 12:00:00,82.44,82.64,82.21,82.22,112028
685,82,2020-09-29 12:30:00,82.24,82.29,82.05,82.16,107285
686,81,2020-09-29 13:00:00,82.15,82.22,82.04,82.17,63696
687,80,2020-09-29 13:30:00,82.16,82.44,82.15,82.43,100616
688,79,2020-09-29 14:00:00,82.44,82.66,82.38,82.52,90962
689,78,2020-09-29 14:30:00,82.515,82.73,82.43,82.72,175222
690,77,2020-09-29 15:00:00,82.715,82.87,82.698,82.81,103365
691,76,2020-09-29 15:30:00,82.81,82.9,82.6814,82.74,148086
692,75,2020-09-29 16:00:00,82.74,82.86,82.39,82.4,289834
693,74,2020-09-29 16:30:00,82.41,82.41,82.41,82.41,22941
694,73,2020-09-29 17:00:00,82.6,82.6,82.6,82.6,122
695,72,2020-09-29 19:30:00,83.06,88.0,83.06,85.7,21450
696,71,2020-09-29 20:00:00,86.23,88.0,85.4,88.0,26882
697,70,2020-09-30 04:30:00,88.17,88.17,88.17,88.17,180
698,69,2020-09-30 05:00:00,88.1,88.1,88.1,88.1,820
699,68,2020-09-30 05:30:00,87.91,87.91,87.9,87.9,200
700,67,2020-09-30 06:00:00,87.79,89.06,87.79,89.06,2166
701,66,2020-09-30 06:30:00,89.0,89.0,89.0,89.0,300
702,65,2020-09-30 07:00:00,89.01,89.01,89.0,89.0,6661
703,64,2020-09-30 07:30:00,88.11,88.5,87.09,88.02,38648
704,63,2020-09-30 08:00:00,88.02,88.7,88.0,88.2,32553
705,62,2020-09-30 08:30:00,88.41,88.7,87.25,88.0,103156
706,61,2020-09-30 09:00:00,88.0,88.0,87.05,87.7,68607
707,60,2020-09-30 09:30:00,87.7,88.39,87.6,87.75,208262
708,59,2020-09-30 10:00:00,88.0,89.24,87.35,89.0,3650306
709,58,2020-09-30 10:30:00,88.995,89.4899,87.53,87.6,2068844
710,57,2020-09-30 11:00:00,87.61,87.7,86.69,87.35,1398232
711,56,2020-09-30 11:30:00,87.35,88.4,87.275,88.24,1289656
712,55,2020-09-30 12:00:00,88.26,88.37,86.43,86.6699,1402831
713,54,2020-09-30 12:30:00,86.6699,87.66,86.52,87.53,933253
714,53,2020-09-30 13:00:00,87.5141,87.55,87.2,87.26,1201465
715,52,2020-09-30 13:30:00,87.26,87.79,87.23,87.475,685133
716,51,2020-09-30 14:00:00,87.475,88.19,87.47,88.08,675660
717,50,2020-09-30 14:30:00,88.08,88.63,88.0,88.515,786204
718,49,2020-09-30 15:00:00,88.5,88.515,87.86,88.2606,551576
719,48,2020-09-30 15:30:00,88.26,88.48,87.77,88.12,669024
720,47,2020-09-30 16:00:00,88.12,89.07,87.955,88.52,1668044
721,46,2020-09-30 16:30:00,89.23,89.23,88.12,88.56,138434
722,45,2020-09-30 17:00:00,88.56,88.56,88.56,88.56,1636
723,44,2020-09-30 17:30:00,88.56,88.56,88.56,88.56,200
724,43,2020-09-30 18:00:00,88.87,88.87,88.58,88.7,2010
725,42,2020-09-30 18:30:00,88.61,88.63,88.56,88.56,3546
726,41,2020-09-30 19:30:00,89.0,89.0,89.0,89.0,213
727,40,2020-09-30 20:00:00,88.57,88.61,88.57,88.61,308
728,39,2020-10-01 07:30:00,88.0,88.0,88.0,88.0,215
729,38,2020-10-01 08:30:00,89.0,89.09,88.19,88.19,1898
730,37,2020-10-01 09:00:00,87.76,87.9,87.76,87.9,247
731,36,2020-10-01 09:30:00,87.66,88.0,87.49,87.99,3895
732,35,2020-10-01 10:00:00,88.03,89.165,87.6,88.56,951886
733,34,2020-10-01 10:30:00,88.54,88.64,88.17,88.38,383676
734,33,2020-10-01 11:00:00,88.38,89.37,88.38,89.35,383030
735,32,2020-10-01 11:30:00,89.351,89.42,89.1,89.38,495816
736,31,2020-10-01 12:00:00,89.38,89.73,89.325,89.625,318239
737,30,2020-10-01 12:30:00,89.6499,89.97,89.56,89.91,292460
738,29,2020-10-01 13:00:00,89.91,90.07,89.81,89.93,337923
739,28,2020-10-01 13:30:00,89.94,90.22,89.895,89.96,263855
740,27,2020-10-01 14:00:00,89.9666,90.13,89.35,89.465,364884
741,26,2020-10-01 14:30:00,89.48,89.69,89.18,89.65,416478
742,25,2020-10-01 15:00:00,89.65,90.07,89.64,90.02,327904
743,24,2020-10-01 15:30:00,90.03,90.36,89.95,90.1,438403
744,23,2020-10-01 16:00:00,90.09,90.3,89.68,90.04,815681
745,22,2020-10-01 16:30:00,90.05,90.05,90.05,90.05,86091
746,21,2020-10-02 07:30:00,88.92,88.92,88.76,88.92,1821
747,20,2020-10-02 08:30:00,89.0,89.12,88.8,89.0501,5293
748,19,2020-10-02 09:00:00,88.9898,88.9898,88.9898,88.9898,169
749,18,2020-10-02 09:30:00,88.9265,88.9705,88.65,88.65,6360
750,17,2020-10-02 10:00:00,89.22,90.03,88.69,89.9,406579
751,16,2020-10-02 10:30:00,89.9,90.2,89.6,90.01,244841
752,15,2020-10-02 11:00:00,89.98,90.52,89.95,90.29,307766
753,14,2020-10-02 11:30:00,90.26,90.31,89.78,89.89,278240
754,13,2020-10-02 12:00:00,89.8649,90.1,89.69,89.84,255146
755,12,2020-10-02 12:30:00,89.825,90.27,89.81,89.92,264603
756,11,2020-10-02 13:00:00,89.925,91.75,89.77,91.29,1296141
757,10,2020-10-02 13:30:00,91.345,92.0,90.96,91.3064,637734
758,9,2020-10-02 14:00:00,91.285,91.9,91.2,91.805,287190
759,8,2020-10-02 14:30:00,91.82,92.05,91.4927,92.005,353154
760,7,2020-10-02 15:00:00,92.03,92.07,91.64,91.9732,247536
761,6,2020-10-02 15:30:00,91.96,92.07,91.73,92.005,327535
762,5,2020-10-02 16:00:00,92.01,92.15,91.53,91.55,642015
763,4,2020-10-02 16:30:00,91.58,91.58,90.85,90.85,16089
764,3,2020-10-02 17:00:00,90.85,90.85,90.85,90.85,1800
765,2,2020-10-02 18:00:00,90.96,90.96,90.96,90.96,100
766,1,2020-10-02 19:00:00,90.99,91.0,90.99,90.99,739
767,0,2020-10-02 20:00:00,90.97,91.0,90.97,91.0,250
