,index,time,open,high,low,close,volume
0,481,2020-05-08 08:30:00,11.759738844300001,11.884429512,11.6448240783,11.884429512,6289
1,480,2020-05-08 09:00:00,11.884429512,11.884429512,11.7885873385,11.7885873385,2080
2,479,2020-05-08 09:30:00,11.8365084253,11.884429512,11.807755773199998,11.807755773199998,17819
3,478,2020-05-08 10:00:00,11.807755773199998,12.095282293699999,11.750250469100001,11.975479576800002,1087927
4,477,2020-05-08 10:30:00,11.975479576800002,12.133619163099999,11.9131821641,11.932350598800001,751946
5,476,2020-05-08 11:00:00,11.9275584901,12.0186085549,11.7885873385,11.911552847100001,492161
6,475,2020-05-08 11:30:00,11.9083900554,11.941934816099998,11.8460926426,11.8747494525,359262
7,474,2020-05-08 12:00:00,11.8688072377,11.9563111421,11.779003121199999,11.85567686,385245
8,473,2020-05-08 12:30:00,11.8508847513,11.8748452947,11.759834686500001,11.831716316600001,358137
9,472,2020-05-08 13:00:00,11.8269242079,11.898805838,11.807755773199998,11.85567686,304060
10,471,2020-05-08 13:30:00,11.85567686,11.8604689686,11.779003121199999,11.807755773199998,227307
11,470,2020-05-08 14:00:00,11.8125478819,11.8269242079,11.7406662518,11.8125478819,267071
12,469,2020-05-08 14:30:00,11.8125478819,11.894013729400001,11.7885873385,11.870053186,324276
13,468,2020-05-08 15:00:00,11.8652610773,12.0473612069,11.8460926426,12.0473612069,511509
14,467,2020-05-08 15:30:00,12.0473612069,12.0569454243,11.9706874682,12.0281927722,454665
15,466,2020-05-08 16:00:00,12.023400663599999,12.1911244672,12.013816446199998,12.157579706400002,1393894
16,465,2020-05-08 16:30:00,12.1719560325,12.1719560325,12.037776989600001,12.037776989600001,53266
17,464,2020-05-08 17:00:00,12.219877119200001,12.219877119200001,12.1719560325,12.1719560325,254
18,463,2020-05-08 17:30:00,12.1719560325,12.1719560325,12.1719560325,12.1719560325,300
19,462,2020-05-08 18:00:00,12.2102929019,12.2102929019,12.1719560325,12.1719560325,49113
20,461,2020-05-08 18:30:00,12.2102929019,12.2102929019,12.2102929019,12.2102929019,600
21,460,2020-05-08 19:00:00,12.2102929019,12.2102929019,12.2102929019,12.2102929019,278
22,459,2020-05-08 19:30:00,12.219877119200001,12.267798205999998,12.1719560325,12.1719560325,4020
23,458,2020-05-08 20:00:00,12.1719560325,12.1719560325,12.1719560325,12.1719560325,1116
24,457,2020-05-11 04:30:00,12.1719560325,12.1719560325,12.1719560325,12.1719560325,278
25,456,2020-05-11 07:30:00,12.1240349457,12.1240349457,11.9802716855,11.9802716855,1827
26,455,2020-05-11 08:00:00,11.8365084253,11.8365084253,11.8365084253,11.8365084253,500
27,454,2020-05-11 08:30:00,11.8130270928,12.1719560325,11.7406662518,12.0665296416,13847
28,453,2020-05-11 09:00:00,12.076113859000001,12.421145683499999,12.0186085549,12.2189186975,5639
29,452,2020-05-11 09:30:00,12.0665296416,12.1719560325,12.0569454243,12.0569454243,2658
30,451,2020-05-11 10:00:00,11.9802716855,12.2294613366,11.8269242079,11.9131821641,1212100
31,450,2020-05-11 10:30:00,11.9227663814,12.037776989600001,11.769418903800002,11.8365084253,724399
32,449,2020-05-11 11:00:00,11.8460926426,11.9227663814,11.7358741431,11.807755773199998,597532
33,448,2020-05-11 11:30:00,11.8125478819,11.9802716855,11.7981715559,11.855772702100001,511207
34,447,2020-05-11 12:00:00,11.8604689686,12.0186085549,11.85567686,11.9994401202,412822
35,446,2020-05-11 12:30:00,11.9946480115,12.1911244672,11.961103250799999,12.1384112718,452028
36,445,2020-05-11 13:00:00,12.1432033804,12.219877119200001,12.085698076300002,12.2102929019,421174
37,444,2020-05-11 13:30:00,12.2102929019,12.248629771300001,12.133619163099999,12.1432033804,404714
38,443,2020-05-11 14:00:00,12.147995489100001,12.147995489100001,12.037776989600001,12.0713217503,437944
39,442,2020-05-11 14:30:00,12.0665296416,12.1144507284,11.961103250799999,11.9946480115,568726
40,441,2020-05-11 15:00:00,11.9946480115,12.1384112718,11.9898559029,12.004232228900001,426823
41,440,2020-05-11 15:30:00,12.0090243375,12.0521533156,11.961103250799999,11.9802716855,394388
42,439,2020-05-11 16:00:00,11.9802716855,12.061737532999999,11.932350598800001,11.941934816099998,1036974
43,438,2020-05-11 16:30:00,11.941934816099998,11.941934816099998,11.941934816099998,11.941934816099998,40035
44,437,2020-05-11 18:00:00,11.941934816099998,11.941934816099998,11.941934816099998,11.941934816099998,500
45,436,2020-05-11 18:30:00,11.941934816099998,11.9802716855,11.941934816099998,11.9802716855,1452
46,435,2020-05-11 19:00:00,11.9802716855,11.9802716855,11.9802716855,11.9802716855,507
47,434,2020-05-11 20:00:00,11.941934816099998,11.951519033499999,11.941934816099998,11.951519033499999,1400
48,433,2020-05-12 06:30:00,11.941934816099998,11.941934816099998,11.941934816099998,11.941934816099998,400
49,432,2020-05-12 07:30:00,11.9898559029,12.1719560325,11.9898559029,12.1719560325,1100
50,431,2020-05-12 08:00:00,12.1623718151,12.1623718151,12.1623718151,12.1623718151,500
51,430,2020-05-12 08:30:00,11.9898559029,11.9898559029,11.9898559029,11.9898559029,550
52,429,2020-05-12 09:00:00,12.104866510999999,12.104866510999999,12.076113859000001,12.076113859000001,1000
53,428,2020-05-12 09:30:00,12.1719560325,12.1719560325,12.095282293699999,12.095282293699999,1877
54,427,2020-05-12 10:00:00,12.1144507284,12.2869666407,11.941934816099998,12.1144507284,799626
55,426,2020-05-12 10:30:00,12.1144507284,12.296550858,12.0569454243,12.2150850105,634660
56,425,2020-05-12 11:00:00,12.2150850105,12.2390455539,12.013816446199998,12.0569454243,372623
57,424,2020-05-12 11:30:00,12.061737532999999,12.2582139886,12.0473612069,12.2294613366,452357
58,423,2020-05-12 12:00:00,12.2342534452,12.3013429667,12.1623718151,12.296550858,334867
59,422,2020-05-12 12:30:00,12.296550858,12.536156291700001,12.277382423299999,12.497819422300001,1001556
60,421,2020-05-12 13:00:00,12.502611531,12.536156291700001,12.3348877274,12.3588482708,621582
61,420,2020-05-12 13:30:00,12.3588482708,12.3780167055,12.1384112718,12.147995489100001,580955
62,419,2020-05-12 14:00:00,12.1527875978,12.2102929019,12.1432033804,12.1863323585,331982
63,418,2020-05-12 14:30:00,12.1863323585,12.1911244672,12.0569454243,12.0665296416,353577
64,417,2020-05-12 15:00:00,12.061737532999999,12.2007086845,12.037776989600001,12.1432033804,451174
65,416,2020-05-12 15:30:00,12.133619163099999,12.291758749300001,12.133619163099999,12.1959165758,431018
66,415,2020-05-12 16:00:00,12.1959165758,12.205500793199999,11.884429512,11.903597946700001,1262258
67,414,2020-05-12 16:30:00,11.884429512,11.9802716855,11.8365084253,11.9802716855,69954
68,413,2020-05-12 17:00:00,11.884429512,11.884429512,11.7406662518,11.7406662518,164414
69,412,2020-05-12 17:30:00,11.8365084253,11.8365084253,11.8365084253,11.8365084253,301
70,411,2020-05-12 18:30:00,11.8365084253,11.8365084253,11.7119135997,11.7119135997,5401
71,410,2020-05-12 19:00:00,11.8365084253,11.8365084253,11.7885873385,11.7885873385,400
72,409,2020-05-12 19:30:00,11.7885873385,11.8365084253,11.7119135997,11.8365084253,1025
73,408,2020-05-12 20:00:00,11.8365084253,11.8365084253,11.8365084253,11.8365084253,100
74,407,2020-05-13 07:30:00,11.8748452947,11.884429512,11.8748452947,11.884429512,3570
75,406,2020-05-13 08:00:00,12.0281927722,12.0281927722,12.0090243375,12.0090243375,1250
76,405,2020-05-13 08:30:00,11.9898559029,12.0665296416,11.9801758433,11.9801758433,7480
77,404,2020-05-13 09:00:00,11.894013729400001,11.932350598800001,11.884429512,11.932350598800001,4929
78,403,2020-05-13 09:30:00,11.932350598800001,11.961103250799999,11.7406662518,11.7406662518,10216
79,402,2020-05-13 10:00:00,11.7406662518,11.759834686500001,11.2806238191,11.3764659926,1121329
80,401,2020-05-13 10:30:00,11.3668817752,11.5106450354,11.223118515,11.309376471099998,615095
81,400,2020-05-13 11:00:00,11.318960688499999,11.577734556900001,11.165613210899998,11.1943658629,665710
82,399,2020-05-13 11:30:00,11.1943658629,11.218326406300001,11.055394711400002,11.1416526675,653960
83,398,2020-05-13 12:00:00,11.1368605588,11.1847816456,10.935591994500001,10.9883051899,730785
84,397,2020-05-13 12:30:00,10.9883051899,11.0362262767,10.8205813863,10.9883051899,706262
85,396,2020-05-13 13:00:00,10.983513081300002,11.1224842328,10.9643446466,11.031434167999999,660568
86,395,2020-05-13 13:30:00,11.031434167999999,11.1943658629,10.911631451199998,11.1368605588,512116
87,394,2020-05-13 14:00:00,11.1464447762,11.1636963674,10.9499683206,10.993097298599999,435162
88,393,2020-05-13 14:30:00,10.9978894073,11.0506026027,10.930799885899999,11.0121698911,392043
89,392,2020-05-13 15:00:00,11.007473624600001,11.0697710374,10.8876709078,10.8924630165,433087
90,391,2020-05-13 15:30:00,10.8924630165,10.993097298599999,10.8685024731,10.9068393425,591200
91,390,2020-05-13 16:00:00,10.9068393425,11.1129000155,10.8924630165,11.0601868201,1301667
92,389,2020-05-13 16:30:00,11.0506026027,11.0601868201,11.0506026027,11.0601868201,333488
93,388,2020-05-13 17:00:00,11.0601868201,11.117692124100001,11.0601868201,11.1175004398,601
94,387,2020-05-13 17:30:00,11.0506026027,11.462723948699999,11.0506026027,11.462723948699999,69700
95,386,2020-05-13 19:00:00,11.0697710374,11.0697710374,11.0601868201,11.0601868201,994
96,385,2020-05-13 20:00:00,11.261455384400001,11.443555514000002,11.261455384400001,11.261455384400001,555
97,384,2020-05-14 07:30:00,11.2135342976,11.2135342976,11.0410183854,11.0697710374,9232
98,383,2020-05-14 08:30:00,10.8301656037,11.673576730399999,10.7247392129,10.724835055,8447
99,382,2020-05-14 09:00:00,10.7343234302,10.8301656037,10.686402343500001,10.7343234302,8899
100,381,2020-05-14 09:30:00,10.6868815543,10.839749821,10.6480654741,10.6480654741,618
101,380,2020-05-14 10:00:00,10.7439076476,10.777452408299999,10.3413705189,10.413252149,848190
102,379,2020-05-14 10:30:00,10.4084600404,10.839749821,10.3413705189,10.8205813863,647296
103,378,2020-05-14 11:00:00,10.8205813863,11.381258101199998,10.8205813863,11.251871167000001,821369
104,377,2020-05-14 11:30:00,11.251871167000001,11.443555514000002,11.0793552548,11.1368605588,699384
105,376,2020-05-14 12:00:00,11.127276341500002,11.309376471099998,10.9451762119,11.2135342976,645759
106,375,2020-05-14 12:30:00,11.223118515,11.3285449058,11.1368605588,11.1464447762,372586
107,374,2020-05-14 13:00:00,11.1464447762,11.4004265359,11.1464447762,11.357297557899999,319728
108,373,2020-05-14 13:30:00,11.3668817752,11.5393976875,11.2806238191,11.5250213615,381280
109,372,2020-05-14 14:00:00,11.5202292528,11.553774013499998,11.266247493,11.2791861865,416313
110,371,2020-05-14 14:30:00,11.2806238191,11.3045843624,11.1943658629,11.2758317104,251788
111,370,2020-05-14 15:00:00,11.2806238191,11.309376471099998,11.1560289935,11.1943658629,447493
112,369,2020-05-14 15:30:00,11.1847816456,11.237494840999998,11.0985236895,11.1464447762,355447
113,368,2020-05-14 16:00:00,11.1416526675,11.1943658629,11.0410183854,11.175197428199999,1066131
114,367,2020-05-14 16:30:00,11.175197428199999,11.299792253800002,11.165613210899998,11.299792253800002,60359
115,366,2020-05-14 17:00:00,11.1847816456,11.1847816456,11.175197428199999,11.175197428199999,455
116,365,2020-05-14 19:00:00,11.309376471099998,11.309376471099998,11.309376471099998,11.309376471099998,298
117,364,2020-05-14 20:00:00,11.251871167000001,11.251871167000001,11.251871167000001,11.251871167000001,100
118,363,2020-05-15 07:30:00,11.309376471099998,11.309376471099998,11.165613210899998,11.175197428199999,4000
119,362,2020-05-15 08:00:00,11.117692124100001,11.117692124100001,11.117692124100001,11.117692124100001,120
120,361,2020-05-15 08:30:00,11.1430903001,11.1430903001,11.1430903001,11.1430903001,550
121,360,2020-05-15 09:30:00,11.0697710374,11.0697710374,11.0697710374,11.0697710374,999
122,359,2020-05-15 10:00:00,11.127276341500002,11.4531397313,11.031434167999999,11.3477133405,999019
123,358,2020-05-15 10:30:00,11.3477133405,11.5681503395,11.2279106237,11.5202292528,713760
124,357,2020-05-15 11:00:00,11.5106450354,11.7023293824,11.472308166,11.5202292528,861106
125,356,2020-05-15 11:30:00,11.5202292528,11.649616187000001,11.4148028619,11.577734556900001,596976
126,355,2020-05-15 12:00:00,11.5681503395,11.6064872089,11.4100107533,11.45793184,367330
127,354,2020-05-15 12:30:00,11.4531397313,11.5489819048,11.4243870793,11.4866844921,339968
128,353,2020-05-15 13:00:00,11.4866844921,11.505852926800001,11.4052186446,11.443555514000002,214843
129,352,2020-05-15 13:30:00,11.443555514000002,11.472308166,11.4052186446,11.433971296600001,204062
130,351,2020-05-15 14:00:00,11.433971296600001,11.616071426300001,11.4243870793,11.5969029916,454913
131,350,2020-05-15 14:30:00,11.5969029916,11.8273075766,11.5969029916,11.7262899258,695127
132,349,2020-05-15 15:00:00,11.7310820344,11.7310820344,11.5969029916,11.5969029916,470381
133,348,2020-05-15 15:30:00,11.6064872089,11.678368839000001,11.5825266655,11.6400319696,519751
134,347,2020-05-15 16:00:00,11.6448240783,11.6544082957,11.3764659926,11.4531397313,1172713
135,346,2020-05-15 16:30:00,11.4531397313,11.7214978171,11.309376471099998,11.5585661222,103020
136,345,2020-05-15 20:00:00,11.4243870793,11.4243870793,11.4243870793,11.4243870793,362
137,344,2020-05-18 07:30:00,11.903597946700001,12.1719560325,11.903597946700001,12.1719560325,11400
138,343,2020-05-18 08:00:00,12.0281927722,12.267798205999998,12.0281927722,12.267798205999998,2595
139,342,2020-05-18 08:30:00,11.884429512,12.449898335599999,11.884429512,12.411561466199998,7365
140,341,2020-05-18 09:00:00,12.267798205999998,12.3732245968,12.267798205999998,12.267798205999998,9995
141,340,2020-05-18 09:30:00,12.1815402498,12.3828088141,12.095282293699999,12.1815402498,9034
142,339,2020-05-18 10:00:00,12.32530351,12.556283148099999,12.133619163099999,12.2630060973,1621109
143,338,2020-05-18 10:30:00,12.267798205999998,12.392393031500001,12.104866510999999,12.3732245968,770105
144,337,2020-05-18 11:00:00,12.3828088141,12.5697010524,12.3732245968,12.392393031500001,876818
145,336,2020-05-18 11:30:00,12.392393031500001,12.8045143775,12.3732245968,12.780553834100001,751779
146,335,2020-05-18 12:00:00,12.780553834100001,12.7853459428,12.5601168351,12.6224142478,559895
147,334,2020-05-18 12:30:00,12.6224142478,12.6463747912,12.516987857,12.5888694871,517014
148,333,2020-05-18 13:00:00,12.593661595799999,12.6415826825,12.5074036397,12.584077378499998,316435
149,332,2020-05-18 13:30:00,12.5792852698,12.718256421300001,12.5792852698,12.6990879866,466342
150,331,2020-05-18 14:00:00,12.6990879866,12.727840638699998,12.5409484004,12.727840638699998,425737
151,330,2020-05-18 14:30:00,12.727840638699998,12.7565932907,12.5265720744,12.5553247264,419519
152,329,2020-05-18 15:00:00,12.545740509100002,12.6895037693,12.545740509100002,12.6032458132,612028
153,328,2020-05-18 15:30:00,12.608037921800001,12.6607511172,12.584077378499998,12.6224142478,874630
154,327,2020-05-18 16:00:00,12.620018193499998,12.6751274433,12.536156291700001,12.5744931611,1665543
155,326,2020-05-18 16:30:00,12.5744931611,12.6319984652,12.459482552899999,12.6319984652,376001
156,325,2020-05-18 17:00:00,12.6990879866,12.6990879866,12.5649089438,12.5649089438,501
157,324,2020-05-18 17:30:00,12.679919551900001,12.679919551900001,12.679919551900001,12.679919551900001,100
158,323,2020-05-18 18:00:00,12.459482552899999,12.459482552899999,12.459482552899999,12.459482552899999,1899
159,322,2020-05-18 19:00:00,12.5074036397,12.6990879866,12.459482552899999,12.6990879866,2200
160,321,2020-05-18 19:30:00,12.6990879866,12.6990879866,12.6990879866,12.6990879866,210
161,320,2020-05-18 20:00:00,12.6511668999,12.6511668999,12.6511668999,12.6511668999,315
162,319,2020-05-19 05:00:00,12.516987857,12.516987857,12.516987857,12.516987857,1500
163,318,2020-05-19 07:30:00,12.459482552899999,12.5744931611,12.459482552899999,12.5744931611,4651
164,317,2020-05-19 08:00:00,12.6990879866,12.6990879866,12.6511668999,12.6511668999,2650
165,316,2020-05-19 08:30:00,12.6511668999,12.6511668999,12.5553247264,12.6032458132,5076
166,315,2020-05-19 09:30:00,12.6990879866,12.6990879866,12.6032458132,12.6032458132,6439
167,314,2020-05-19 10:00:00,12.593661595799999,12.6128300305,12.0665296416,12.2869666407,1455772
168,313,2020-05-19 10:30:00,12.2869666407,12.4403141182,12.2390455539,12.248629771300001,687446
169,312,2020-05-19 11:00:00,12.2582139886,12.3061350754,12.0473612069,12.144641013,674521
170,311,2020-05-19 11:30:00,12.1432033804,12.1959165758,12.013816446199998,12.1000744024,466512
171,310,2020-05-19 12:00:00,12.095282293699999,12.1719560325,11.9227663814,11.9802716855,630880
172,309,2020-05-19 12:30:00,11.9850637942,12.0281927722,11.894013729400001,11.903597946700001,444530
173,308,2020-05-19 13:00:00,11.9083900554,11.932350598800001,11.8652610773,11.879637403299999,492432
174,307,2020-05-19 13:30:00,11.884429512,12.0473612069,11.7981715559,11.9994401202,860847
175,306,2020-05-19 14:00:00,11.9932103789,12.104866510999999,11.9706874682,12.085698076300002,586421
176,305,2020-05-19 14:30:00,12.095282293699999,12.1623718151,12.0521533156,12.1144507284,387790
177,304,2020-05-19 15:00:00,12.1144507284,12.147995489100001,11.9227663814,11.932350598800001,659887
178,303,2020-05-19 15:30:00,11.9227663814,12.090490185,11.9131821641,11.9994401202,785548
179,302,2020-05-19 16:00:00,11.9994401202,12.0090243375,11.7885873385,11.7981715559,1262862
180,301,2020-05-19 16:30:00,11.7981715559,11.961103250799999,11.7981715559,11.961103250799999,28263
181,300,2020-05-19 17:00:00,11.8365084253,11.8365084253,11.7885873385,11.7885873385,3029
182,299,2020-05-19 17:30:00,11.903597946700001,11.903597946700001,11.894013729400001,11.903597946700001,1600
183,298,2020-05-19 18:00:00,11.932350598800001,11.932350598800001,11.932350598800001,11.932350598800001,250
184,297,2020-05-19 18:30:00,11.932350598800001,11.932350598800001,11.932350598800001,11.932350598800001,120
185,296,2020-05-19 19:30:00,11.8460926426,11.8460926426,11.8365084253,11.8365084253,2897
186,295,2020-05-19 20:00:00,11.8269242079,11.8269242079,11.807755773199998,11.8269242079,8115
187,294,2020-05-20 07:30:00,12.076113859000001,12.1623718151,12.076113859000001,12.1623718151,613
188,293,2020-05-20 08:00:00,12.1527875978,12.1719560325,12.1527875978,12.1719560325,3186
189,292,2020-05-20 08:30:00,12.1718601903,12.315719292699999,12.076113859000001,12.267798205999998,15737
190,291,2020-05-20 09:00:00,12.248629771300001,12.267798205999998,11.7981715559,11.7981715559,1049
191,290,2020-05-20 09:30:00,12.219877119200001,12.2582139886,12.0281927722,12.0281927722,13449
192,289,2020-05-20 10:00:00,12.095282293699999,12.219877119200001,11.9802716855,12.157579706400002,1256150
193,288,2020-05-20 10:30:00,12.1623718151,12.3348877274,12.1192428371,12.2390455539,666527
194,287,2020-05-20 11:00:00,12.248629771300001,12.2582139886,12.1145465706,12.1767481411,1301209
195,286,2020-05-20 11:30:00,12.1815402498,12.2150850105,12.104866510999999,12.104866510999999,637269
196,285,2020-05-20 12:00:00,12.104866510999999,12.109658619700001,11.9802716855,11.9946480115,551838
197,284,2020-05-20 12:30:00,11.9898559029,12.076113859000001,11.951519033499999,12.061737532999999,601596
198,283,2020-05-20 13:00:00,12.061737532999999,12.104866510999999,12.0090243375,12.0531117374,598546
199,282,2020-05-20 13:30:00,12.0569454243,12.0569454243,11.903597946700001,11.9227663814,396780
200,281,2020-05-20 14:00:00,11.9227663814,11.951519033499999,11.884429512,11.9131821641,262248
201,280,2020-05-20 14:30:00,11.9218079597,11.975479576800002,11.884429512,11.951519033499999,563951
202,279,2020-05-20 15:00:00,11.951519033499999,11.9994401202,11.9227663814,11.9467269248,615040
203,278,2020-05-20 15:30:00,11.9467269248,11.9706874682,11.8460926426,11.9563111421,800494
204,277,2020-05-20 16:00:00,11.9563111421,11.9706874682,11.8652610773,11.903597946700001,1689951
205,276,2020-05-20 16:30:00,11.903597946700001,11.961103250799999,11.7981715559,11.7981715559,63070
206,275,2020-05-20 17:00:00,11.9131821641,11.9131821641,11.9131821641,11.9131821641,101
207,274,2020-05-20 17:30:00,11.961103250799999,11.961103250799999,11.961103250799999,11.961103250799999,701
208,273,2020-05-20 18:00:00,11.903597946700001,11.961103250799999,11.903597946700001,11.903597946700001,753
209,272,2020-05-20 18:30:00,11.9706874682,11.9706874682,11.9706874682,11.9706874682,1000
210,271,2020-05-20 19:00:00,11.961103250799999,11.961103250799999,11.961103250799999,11.961103250799999,500
211,270,2020-05-20 19:30:00,11.932350598800001,11.932350598800001,11.932350598800001,11.932350598800001,500
212,269,2020-05-20 20:00:00,11.85567686,11.932350598800001,11.85567686,11.932350598800001,1495
213,268,2020-05-21 08:30:00,12.0186085549,12.037776989600001,11.9324464409,11.9324464409,1700
214,267,2020-05-21 09:00:00,11.941934816099998,12.0473612069,11.941934816099998,12.037776989600001,2006
215,266,2020-05-21 09:30:00,11.941934816099998,12.0281927722,11.932350598800001,12.0281927722,10038
216,265,2020-05-21 10:00:00,11.9706874682,12.037776989600001,11.769418903800002,11.8748452947,1266869
217,264,2020-05-21 10:30:00,11.8748452947,12.085698076300002,11.822132099300001,12.0186085549,1177697
218,263,2020-05-21 11:00:00,12.0186085549,12.032984880899999,11.8460926426,11.8460926426,489071
219,262,2020-05-21 11:30:00,11.8365084253,11.841300534,11.5441897962,11.5959445698,814829
220,261,2020-05-21 12:00:00,11.5921108829,11.7550425778,11.577734556900001,11.7406662518,449806
221,260,2020-05-21 12:30:00,11.7406662518,11.8652610773,11.7262899258,11.807755773199998,350652
222,259,2020-05-21 13:00:00,11.807755773199998,11.8269242079,11.7550425778,11.7885873385,275676
223,258,2020-05-21 13:30:00,11.779003121199999,11.870053186,11.759834686500001,11.85567686,327796
224,257,2020-05-21 14:00:00,11.8604689686,11.898805838,11.807755773199998,11.8460926426,337546
225,256,2020-05-21 14:30:00,11.8365084253,11.9172075354,11.8269242079,11.9083900554,315970
226,255,2020-05-21 15:00:00,11.9045563685,11.9467269248,11.870053186,11.884429512,432746
227,254,2020-05-21 15:30:00,11.884429512,11.932350598800001,11.8365084253,11.8604689686,411600
228,253,2020-05-21 16:00:00,11.8604689686,11.870053186,11.745458360499999,11.7885873385,962537
229,252,2020-05-21 16:30:00,11.779003121199999,11.7981715559,11.779003121199999,11.7981715559,58663
230,251,2020-05-21 17:00:00,11.884429512,11.884429512,11.779003121199999,11.779003121199999,110941
231,250,2020-05-21 19:30:00,11.884429512,11.884429512,11.884429512,11.884429512,150
232,249,2020-05-21 20:00:00,11.9226705392,11.9226705392,11.9226705392,11.9226705392,100
233,248,2020-05-22 07:30:00,11.6064872089,11.6544082957,11.6064872089,11.6448240783,4089
234,247,2020-05-22 08:00:00,11.5202292528,11.5202292528,11.5202292528,11.5202292528,5320
235,246,2020-05-22 08:30:00,11.6448240783,11.6448240783,11.5202292528,11.5969029916,7844
236,245,2020-05-22 09:00:00,11.6448240783,11.6448240783,11.6064872089,11.6448240783,2541
237,244,2020-05-22 09:30:00,11.6064872089,11.6065830511,11.6064872089,11.6064872089,700
238,243,2020-05-22 10:00:00,11.6448240783,11.7119135997,11.362089666500001,11.4531397313,766689
239,242,2020-05-22 10:30:00,11.4531397313,11.6064872089,11.3045843624,11.6064872089,820434
240,241,2020-05-22 11:00:00,11.6016951002,11.616071426300001,11.362089666500001,11.462723948699999,426240
241,240,2020-05-22 11:30:00,11.45793184,11.5969029916,11.4531397313,11.5393976875,317216
242,239,2020-05-22 12:00:00,11.5393976875,11.635239860999999,11.491476600699999,11.6064872089,237907
243,238,2020-05-22 12:30:00,11.6064872089,11.6064872089,11.429179187999999,11.443555514000002,602264
244,237,2020-05-22 13:00:00,11.4531397313,11.472308166,11.3477133405,11.3668817752,784119
245,236,2020-05-22 13:30:00,11.3764659926,11.462723948699999,11.3668817752,11.443459671800001,259281
246,235,2020-05-22 14:00:00,11.443555514000002,11.577734556900001,11.4243870793,11.5681503395,265914
247,234,2020-05-22 14:30:00,11.5729424482,11.5969029916,11.491476600699999,11.515437144100002,492369
248,233,2020-05-22 15:00:00,11.5202292528,11.5729424482,11.472308166,11.5729424482,331113
249,232,2020-05-22 15:30:00,11.5681503395,11.625655643599998,11.5441897962,11.5969029916,779938
250,231,2020-05-22 16:00:00,11.5921108829,11.7406662518,11.5873187742,11.635239860999999,1834458
251,230,2020-05-22 16:30:00,11.635239860999999,11.7310820344,11.5585661222,11.7214978171,33915
252,229,2020-05-22 17:00:00,11.6525872944,11.6525872944,11.6525872944,11.6525872944,130
253,228,2020-05-22 17:30:00,11.6448240783,11.6448240783,11.6448240783,11.6448240783,430
254,227,2020-05-22 18:00:00,11.6448240783,11.6448240783,11.6448240783,11.6448240783,244
255,226,2020-05-22 19:30:00,11.6448240783,11.6449199205,11.6448240783,11.6448240783,519
256,225,2020-05-26 07:30:00,11.932350598800001,12.0569454243,11.932350598800001,12.0473612069,2476
257,224,2020-05-26 08:00:00,11.9802716855,11.9802716855,11.9706874682,11.9706874682,700
258,223,2020-05-26 08:30:00,12.0376811474,12.0569454243,11.961103250799999,11.999248435899998,7212
259,222,2020-05-26 09:00:00,11.9994401202,12.037776989600001,11.9802716855,11.9802716855,5356
260,221,2020-05-26 09:30:00,11.9802716855,12.1911244672,11.9802716855,12.1911244672,15256
261,220,2020-05-26 10:00:00,12.2102929019,12.2582139886,11.831716316600001,11.8652610773,1233178
262,219,2020-05-26 10:30:00,11.874557768199999,11.9706874682,11.8269242079,11.932350598800001,486954
263,218,2020-05-26 11:00:00,11.9371427074,11.9946480115,11.903597946700001,11.9179742727,655779
264,217,2020-05-26 11:30:00,11.9131821641,11.9179742727,11.7358741431,11.779003121199999,695467
265,216,2020-05-26 12:00:00,11.769418903800002,11.831716316600001,11.6064872089,11.745458360499999,766829
266,215,2020-05-26 12:30:00,11.745458360499999,11.750250469100001,11.6448240783,11.649616187000001,401691
267,214,2020-05-26 13:00:00,11.654024927,11.769418903800002,11.649616187000001,11.7214978171,525189
268,213,2020-05-26 13:30:00,11.7214978171,11.807755773199998,11.697537273699998,11.707121491099999,490333
269,212,2020-05-26 14:00:00,11.7119135997,11.8269242079,11.673576730399999,11.817339990599999,492046
270,211,2020-05-26 14:30:00,11.8125478819,11.903597946700001,11.7742110125,11.8508847513,560431
271,210,2020-05-26 15:00:00,11.8508847513,11.932350598800001,11.817339990599999,11.85567686,540546
272,209,2020-05-26 15:30:00,11.85567686,11.9227663814,11.7983632402,11.9131821641,415420
273,208,2020-05-26 16:00:00,11.9179742727,11.961103250799999,11.7262899258,11.7981715559,1169881
274,207,2020-05-26 16:30:00,11.7981715559,11.7981715559,11.769418903800002,11.769418903800002,233951
275,206,2020-05-26 17:30:00,11.769418903800002,11.769418903800002,11.769418903800002,11.769418903800002,250
276,205,2020-05-26 18:00:00,11.779003121199999,11.7885873385,11.779003121199999,11.7885873385,1200
277,204,2020-05-26 18:30:00,11.8269242079,11.8269242079,11.8269242079,11.8269242079,6134
278,203,2020-05-26 19:00:00,11.759834686500001,11.759834686500001,11.759834686500001,11.759834686500001,175
279,202,2020-05-27 04:30:00,11.9706874682,11.9706874682,11.9706874682,11.9706874682,200
280,201,2020-05-27 05:00:00,11.961103250799999,11.961103250799999,11.961103250799999,11.961103250799999,200
281,200,2020-05-27 06:00:00,11.961103250799999,11.961103250799999,11.961103250799999,11.961103250799999,1090
282,199,2020-05-27 07:30:00,12.0090243375,12.085698076300002,11.961103250799999,12.076113859000001,1440
283,198,2020-05-27 08:30:00,12.0664337995,12.1623718151,11.970591626,12.0186085549,13934
284,197,2020-05-27 09:00:00,12.0090243375,12.0090243375,11.9898559029,11.9898559029,4618
285,196,2020-05-27 09:30:00,11.941934816099998,11.941934816099998,11.903597946700001,11.903597946700001,12106
286,195,2020-05-27 10:00:00,11.9802716855,11.9802716855,11.491476600699999,11.5202292528,1457663
287,194,2020-05-27 10:30:00,11.5106450354,11.7310820344,11.462723948699999,11.625655643599998,659848
288,193,2020-05-27 11:00:00,11.625655643599998,11.625655643599998,11.290208036400001,11.472308166,1001913
289,192,2020-05-27 11:30:00,11.4818923834,11.616071426300001,11.3860502099,11.5873187742,547740
290,191,2020-05-27 12:00:00,11.5825266655,11.750250469100001,11.553774013499998,11.7310820344,614692
291,190,2020-05-27 12:30:00,11.7310820344,11.8604689686,11.7119135997,11.7981715559,481035
292,189,2020-05-27 13:00:00,11.7933794472,11.807755773199998,11.6831609477,11.6831609477,305155
293,188,2020-05-27 13:30:00,11.6927451651,11.7406662518,11.6544082957,11.6927451651,335392
294,187,2020-05-27 14:00:00,11.6927451651,11.807755773199998,11.673576730399999,11.781303333399999,299643
295,186,2020-05-27 14:30:00,11.779003121199999,11.884429512,11.7646267952,11.8460926426,460403
296,185,2020-05-27 15:00:00,11.8460926426,11.8748452947,11.8029636646,11.831716316600001,363355
297,184,2020-05-27 15:30:00,11.8269242079,11.879637403299999,11.7837952299,11.8652610773,503399
298,183,2020-05-27 16:00:00,11.8747494525,11.9275584901,11.8269242079,11.9131821641,1380862
299,182,2020-05-27 16:30:00,11.9131821641,11.9227663814,11.884429512,11.884429512,212877
300,181,2020-05-27 17:00:00,11.8748452947,11.8748452947,11.8460926426,11.8460926426,5956
301,180,2020-05-27 17:30:00,11.807755773199998,11.807755773199998,11.6831609477,11.6831609477,8500
302,179,2020-05-27 18:00:00,11.900818523699998,11.900818523699998,11.900818523699998,11.900818523699998,180
303,178,2020-05-27 18:30:00,11.7310820344,11.7310820344,11.7310820344,11.7310820344,200
304,177,2020-05-27 19:30:00,11.759834686500001,11.759834686500001,11.759834686500001,11.759834686500001,500
305,176,2020-05-28 08:30:00,11.8460926426,11.8460926426,11.750250469100001,11.7525506813,3029
306,175,2020-05-28 09:00:00,11.807755773199998,11.8365084253,11.807755773199998,11.8112060915,1822
307,174,2020-05-28 09:30:00,11.8460926426,11.932350598800001,11.759834686500001,11.759834686500001,13185
308,173,2020-05-28 10:00:00,11.8748452947,11.884429512,11.309376471099998,11.5585661222,1559655
309,172,2020-05-28 10:30:00,11.5489819048,11.577734556900001,11.3525054492,11.395634427300001,837836
310,171,2020-05-28 11:00:00,11.4052186446,11.4890805464,11.357297557899999,11.3764659926,753455
311,170,2020-05-28 11:30:00,11.3668817752,11.4052186446,11.2901121942,11.4052186446,633535
312,169,2020-05-28 12:00:00,11.395634427300001,11.491476600699999,11.2758317104,11.472308166,628632
313,168,2020-05-28 12:30:00,11.472308166,11.625655643599998,11.462723948699999,11.5873187742,701615
314,167,2020-05-28 13:00:00,11.5969029916,11.707121491099999,11.577734556900001,11.6544082957,505563
315,166,2020-05-28 13:30:00,11.6478910279,11.6831609477,11.5298134701,11.563358230799999,448877
316,165,2020-05-28 14:00:00,11.5681503395,11.6112793176,11.515437144100002,11.577734556900001,377877
317,164,2020-05-28 14:30:00,11.577734556900001,11.5969029916,11.5010608181,11.515437144100002,349316
318,163,2020-05-28 15:00:00,11.5202292528,11.5393976875,11.395634427300001,11.4387634053,524662
319,162,2020-05-28 15:30:00,11.433971296600001,11.491476600699999,11.4004265359,11.4004265359,605585
320,161,2020-05-28 16:00:00,11.395634427300001,11.4148028619,11.0889394721,11.175197428199999,2386613
321,160,2020-05-28 16:30:00,11.175197428199999,11.251871167000001,11.175197428199999,11.251871167000001,58815
322,159,2020-05-28 17:00:00,11.261455384400001,11.299792253800002,11.251871167000001,11.299792253800002,15287
323,158,2020-05-28 17:30:00,11.3764659926,11.3764659926,11.261455384400001,11.261455384400001,12040
324,157,2020-05-28 18:00:00,11.3668817752,11.4052186446,11.290208036400001,11.3668817752,1945
325,156,2020-05-28 18:30:00,11.290208036400001,11.299792253800002,11.290208036400001,11.299792253800002,200
326,155,2020-05-28 19:00:00,11.290208036400001,11.290208036400001,11.290208036400001,11.290208036400001,400
327,154,2020-05-28 19:30:00,11.261455384400001,11.261455384400001,11.261455384400001,11.261455384400001,200
328,153,2020-05-29 08:00:00,11.2806238191,11.2806238191,11.175197428199999,11.175197428199999,1265
329,152,2020-05-29 08:30:00,11.165709053099999,11.357297557899999,11.165709053099999,11.357297557899999,1300
330,151,2020-05-29 09:00:00,11.175197428199999,11.1847816456,11.0697710374,11.165613210899998,3087
331,150,2020-05-29 09:30:00,11.0697710374,11.0697710374,10.973928863900001,10.973928863900001,17476
332,149,2020-05-29 10:00:00,11.0218499507,11.0793552548,10.6288970394,10.715154995499999,1702902
333,148,2020-05-29 10:30:00,10.7055707782,10.858918255699999,10.6288970394,10.825373495,1287382
334,147,2020-05-29 11:00:00,10.8301656037,10.839749821,10.5570154093,10.571391735299999,926360
335,146,2020-05-29 11:30:00,10.5809759526,10.6480654741,10.542639083200001,10.6288970394,1006700
336,145,2020-05-29 12:00:00,10.619312822000001,10.6336891481,10.5138864312,10.5186785399,833501
337,144,2020-05-29 12:30:00,10.5234706485,10.5809759526,10.4467969098,10.571391735299999,1007132
338,143,2020-05-29 13:00:00,10.5619033601,10.6576496914,10.4995101052,10.614520713400001,980459
339,142,2020-05-29 13:30:00,10.614520713400001,10.686402343500001,10.5857680613,10.6241049307,856933
340,141,2020-05-29 14:00:00,10.6241049307,10.6368519398,10.4755495618,10.4755495618,595782
341,140,2020-05-29 14:30:00,10.4755495618,10.6672339088,10.398875823,10.614520713400001,1343793
342,139,2020-05-29 15:00:00,10.614520713400001,10.6672339088,10.4372126924,10.659854061399999,1698971
343,138,2020-05-29 15:30:00,10.6672339088,10.9068393425,10.6576496914,10.6720260174,2327158
344,137,2020-05-29 16:00:00,10.6672339088,10.748699756199999,10.322202084199999,10.365331062300001,7522699
345,136,2020-05-29 16:30:00,10.3605389536,10.542639083200001,10.3605389536,10.4851337792,4336323
346,135,2020-05-29 17:00:00,10.485037937000001,10.542639083200001,10.4755495618,10.542639083200001,25721
347,134,2020-05-29 17:30:00,10.4947179965,10.542639083200001,10.4755495618,10.542639083200001,7585
348,133,2020-05-29 18:00:00,10.5234706485,10.59056017,10.5234706485,10.5234706485,11246
349,132,2020-05-29 18:30:00,10.5618075179,10.5809759526,10.5234706485,10.5234706485,2387
350,131,2020-05-29 19:00:00,10.542639083200001,10.542639083200001,10.5234706485,10.5234706485,1605
351,130,2020-06-01 07:30:00,10.6384812567,10.6480654741,10.5234706485,10.6480654741,4825
352,129,2020-06-01 08:00:00,10.59056017,10.59056017,10.542639083200001,10.542639083200001,1771
353,128,2020-06-01 08:30:00,10.5904643278,10.686402343500001,10.4946221543,10.542639083200001,19845
354,127,2020-06-01 09:00:00,10.542639083200001,10.542639083200001,10.4084600404,10.4084600404,3358
355,126,2020-06-01 09:30:00,10.4467969098,10.542639083200001,10.3605389536,10.542639083200001,198914
356,125,2020-06-01 10:00:00,10.3509547363,10.7994961082,10.178438824,10.6768181261,1518801
357,124,2020-06-01 10:30:00,10.6768181261,10.983513081300002,10.6097286047,10.9499683206,981397
358,123,2020-06-01 11:00:00,10.9499683206,11.007473624600001,10.8541261471,10.8780866904,700023
359,122,2020-06-01 11:30:00,10.8780866904,10.973928863900001,10.7630760823,10.8685024731,846961
360,121,2020-06-01 12:00:00,10.8672565248,10.935591994500001,10.8205813863,10.9068393425,446343
361,120,2020-06-01 12:30:00,10.9068393425,11.0122657333,10.8876709078,10.9681783335,541425
362,119,2020-06-01 13:00:00,10.9654947527,11.108203749000001,10.9643446466,11.064978928699999,754505
363,118,2020-06-01 13:30:00,11.0697710374,11.223118515,11.0506026027,11.155933151400001,511713
364,117,2020-06-01 14:00:00,11.1464447762,11.2950001451,11.117692124100001,11.247079058399999,836991
365,116,2020-06-01 14:30:00,11.2422869497,11.251871167000001,11.117692124100001,11.117692124100001,621758
366,115,2020-06-01 15:00:00,11.1081079068,11.2710396017,11.0985236895,11.266247493,504168
367,114,2020-06-01 15:30:00,11.2710396017,11.357297557899999,11.251871167000001,11.3285449058,767817
368,113,2020-06-01 16:00:00,11.3285449058,11.381258101199998,11.1464447762,11.223118515,2004525
369,112,2020-06-01 16:30:00,11.2135342976,11.309376471099998,11.127276341500002,11.309376471099998,75649
370,111,2020-06-01 17:00:00,11.309376471099998,11.309376471099998,11.309376471099998,11.309376471099998,400
371,110,2020-06-01 17:30:00,11.165613210899998,11.165613210899998,11.165613210899998,11.165613210899998,258
372,109,2020-06-01 18:00:00,11.165613210899998,11.165613210899998,11.165613210899998,11.165613210899998,302
373,108,2020-06-01 18:30:00,11.2135342976,11.2135342976,11.2135342976,11.2135342976,109
374,107,2020-06-01 19:00:00,11.175197428199999,11.175197428199999,11.175197428199999,11.175197428199999,200
375,106,2020-06-01 19:30:00,11.165613210899998,11.165613210899998,11.165613210899998,11.165613210899998,1000
376,105,2020-06-01 20:00:00,11.165613210899998,11.165613210899998,11.165613210899998,11.165613210899998,100
377,104,2020-06-02 07:30:00,11.309376471099998,11.5010608181,11.309376471099998,11.5010608181,7766
378,103,2020-06-02 08:00:00,11.5393976875,11.5681503395,11.5298134701,11.5681503395,589
379,102,2020-06-02 08:30:00,11.500964975899999,11.5489819048,11.443555514000002,11.5010608181,9757
380,101,2020-06-02 09:00:00,11.5010608181,11.5106450354,11.443555514000002,11.5106450354,10063
381,100,2020-06-02 09:30:00,11.472308166,11.472308166,11.1368605588,11.3477133405,11898
382,99,2020-06-02 10:00:00,11.3860502099,11.7119135997,11.362089666500001,11.547256745699999,1208013
383,98,2020-06-02 10:30:00,11.5393976875,11.7119135997,11.419594970599999,11.6831609477,833387
384,97,2020-06-02 11:00:00,11.6831609477,11.6831609477,11.4873045909,11.5873187742,459464
385,96,2020-06-02 11:30:00,11.5969029916,11.6592004043,11.492818391199998,11.635239860999999,587824
386,95,2020-06-02 12:00:00,11.635239860999999,11.6400319696,11.5298134701,11.5489819048,432191
387,94,2020-06-02 12:30:00,11.5489819048,11.5585661222,11.462723948699999,11.5393976875,448675
388,93,2020-06-02 13:00:00,11.5298134701,11.6064872089,11.5298134701,11.5585661222,436157
389,92,2020-06-02 13:30:00,11.5585661222,11.6448240783,11.5489819048,11.596232096400001,391744
390,91,2020-06-02 14:00:00,11.5892356177,11.5969029916,11.5489819048,11.5729424482,328731
391,90,2020-06-02 14:30:00,11.5729424482,11.6208635349,11.5441897962,11.5873187742,357643
392,89,2020-06-02 15:00:00,11.577734556900001,11.5873187742,11.5106450354,11.577734556900001,390800
393,88,2020-06-02 15:30:00,11.577734556900001,11.5969029916,11.5298134701,11.577734556900001,518690
394,87,2020-06-02 16:00:00,11.577734556900001,11.673576730399999,11.5585661222,11.663992513,1490398
395,86,2020-06-02 16:30:00,11.6544082957,11.6544082957,11.5873187742,11.6448240783,91351
396,85,2020-06-02 17:00:00,11.6448240783,11.673576730399999,11.644344867400001,11.673576730399999,2526
397,84,2020-06-02 17:30:00,11.673576730399999,11.673576730399999,11.673576730399999,11.673576730399999,701
398,83,2020-06-02 18:30:00,11.5969029916,11.5969029916,11.5969029916,11.5969029916,100
399,82,2020-06-02 19:30:00,11.5969029916,11.5969029916,11.5969029916,11.5969029916,5000
400,81,2020-06-02 20:00:00,11.6927451651,11.6927451651,11.6927451651,11.6927451651,3550
401,80,2020-06-03 04:30:00,11.8652610773,11.8652610773,11.8652610773,11.8652610773,501
402,79,2020-06-03 05:00:00,11.9802716855,11.9802716855,11.9802716855,11.9802716855,193
403,78,2020-06-03 06:30:00,11.9802716855,11.9802716855,11.7885873385,11.7885873385,1130
404,77,2020-06-03 07:00:00,11.8652610773,11.8652610773,11.8652610773,11.8652610773,350
405,76,2020-06-03 07:30:00,11.7885873385,11.884429512,11.7885873385,11.7885873385,11050
406,75,2020-06-03 08:00:00,11.7885873385,11.7885873385,11.7885873385,11.7885873385,5356
407,74,2020-06-03 08:30:00,11.8832794059,11.932350598800001,11.7884914964,11.9131821641,16597
408,73,2020-06-03 09:00:00,11.884429512,11.884429512,11.7119135997,11.759834686500001,2892
409,72,2020-06-03 09:30:00,11.779003121199999,11.9131821641,11.779003121199999,11.9131821641,6184
410,71,2020-06-03 10:00:00,11.884429512,12.0665296416,11.7981715559,11.8748452947,1314194
411,70,2020-06-03 10:30:00,11.8748452947,11.961103250799999,11.831716316600001,11.8900842003,572064
412,69,2020-06-03 11:00:00,11.884429512,11.894013729400001,11.625655643599998,11.625751485799999,935203
413,68,2020-06-03 11:30:00,11.625655643599998,11.817339990599999,11.577734556900001,11.779003121199999,560658
414,67,2020-06-03 12:00:00,11.7885873385,11.8604689686,11.7023293824,11.7167057084,421340
415,66,2020-06-03 12:30:00,11.7167057084,11.7310820344,11.616071426300001,11.6544082957,314992
416,65,2020-06-03 13:00:00,11.6544082957,11.673576730399999,11.5969029916,11.6448240783,336840
417,64,2020-06-03 13:30:00,11.6544082957,11.750250469100001,11.635239860999999,11.750250469100001,406292
418,63,2020-06-03 14:00:00,11.745458360499999,11.817339990599999,11.7023293824,11.769418903800002,486423
419,62,2020-06-03 14:30:00,11.7742110125,11.951519033499999,11.769418903800002,11.9467269248,587336
420,61,2020-06-03 15:00:00,11.941934816099998,12.0090243375,11.9179742727,11.951519033499999,444695
421,60,2020-06-03 15:30:00,11.9467269248,12.0090243375,11.9227663814,11.9802716855,413275
422,59,2020-06-03 16:00:00,11.9802716855,12.0521533156,11.965895359500001,11.9994401202,943455
423,58,2020-06-03 16:30:00,11.9994401202,12.0569454243,11.999344277999999,11.9994401202,54386
424,57,2020-06-03 17:00:00,11.941934816099998,11.9802716855,11.941934816099998,11.941934816099998,1358
425,56,2020-06-03 18:00:00,11.9802716855,11.9802716855,11.941934816099998,11.941934816099998,2585
426,55,2020-06-03 19:00:00,11.9994401202,11.9994401202,11.9994401202,11.9994401202,100
427,54,2020-06-03 19:30:00,11.9994401202,11.9994401202,11.941934816099998,11.941934816099998,1200
428,53,2020-06-03 20:00:00,11.941934816099998,11.9994401202,11.941934816099998,11.9994401202,600
429,52,2020-06-04 07:30:00,11.6544082957,11.6544082957,11.6544082957,11.6544082957,292
430,51,2020-06-04 08:00:00,11.7885873385,11.903597946700001,11.769418903800002,11.903597946700001,9162
431,50,2020-06-04 08:30:00,11.616071426300001,11.941934816099998,11.616071426300001,11.941934816099998,8636
432,49,2020-06-04 09:00:00,11.9227663814,11.9227663814,11.8652610773,11.8652610773,1020
433,48,2020-06-04 09:30:00,11.7981715559,11.884429512,11.7023293824,11.7214978171,12436
434,47,2020-06-04 10:00:00,11.8365084253,11.9563111421,11.5786929786,11.663992513,1136402
435,46,2020-06-04 10:30:00,11.6592004043,11.8508847513,11.6592004043,11.8269242079,562496
436,45,2020-06-04 11:00:00,11.822132099300001,11.9563111421,11.759834686500001,11.9275584901,634820
437,44,2020-06-04 11:30:00,11.9227663814,11.9898559029,11.8365084253,11.941934816099998,684460
438,43,2020-06-04 12:00:00,11.9371427074,12.104866510999999,11.9163449558,12.061737532999999,681915
439,42,2020-06-04 12:30:00,12.0582872147,12.1192428371,12.004232228900001,12.0090243375,317408
440,41,2020-06-04 13:00:00,11.9994401202,12.0473612069,11.951519033499999,12.0090243375,401888
441,40,2020-06-04 13:30:00,11.9994401202,12.085698076300002,11.941934816099998,12.0569454243,348131
442,39,2020-06-04 14:00:00,12.0569454243,12.248629771300001,12.0473612069,12.219877119200001,730512
443,38,2020-06-04 14:30:00,12.2150850105,12.2869666407,12.1911244672,12.2869666407,388976
444,37,2020-06-04 15:00:00,12.2869666407,12.2869666407,12.0473612069,12.0569454243,486963
445,36,2020-06-04 15:30:00,12.0521533156,12.109658619700001,11.9227663814,12.032984880899999,718884
446,35,2020-06-04 16:00:00,12.032984880899999,12.2007086845,12.004232228900001,12.1911244672,1746548
447,34,2020-06-04 16:30:00,12.1911244672,12.1911244672,11.9706874682,12.0569454243,822504
448,33,2020-06-04 17:00:00,12.1527875978,12.1807735124,12.1527875978,12.1807735124,10483
449,32,2020-06-04 17:30:00,12.1623718151,12.1911244672,12.1623718151,12.1911244672,13103
450,31,2020-06-04 18:00:00,12.1911244672,12.1911244672,12.1911244672,12.1911244672,100
451,30,2020-06-04 18:30:00,12.1911244672,12.1911244672,12.1527875978,12.1527875978,8330
452,29,2020-06-04 19:30:00,12.267798205999998,12.267798205999998,12.1719560325,12.1719560325,900
453,28,2020-06-04 20:00:00,12.2582139886,12.2582139886,12.2102929019,12.2102929019,1900
454,27,2020-06-05 04:30:00,12.449898335599999,12.449898335599999,12.4403141182,12.4403141182,5400
455,26,2020-06-05 05:00:00,12.449898335599999,12.449898335599999,12.449898335599999,12.449898335599999,2700
456,25,2020-06-05 06:00:00,12.459482552899999,12.459482552899999,12.459482552899999,12.459482552899999,100
457,24,2020-06-05 07:30:00,12.488235205,12.5553247264,12.3828088141,12.5553247264,41514
458,23,2020-06-05 08:00:00,12.6511668999,12.6895037693,12.6511668999,12.679919551900001,1700
459,22,2020-06-05 08:30:00,12.5744931611,12.727840638699998,12.363640379400001,12.679919551900001,34502
460,21,2020-06-05 09:00:00,12.679919551900001,12.9386934203,12.679919551900001,12.9386934203,40169
461,20,2020-06-05 09:30:00,12.9482776377,13.1303777673,12.9482776377,13.034535593800001,25573
462,19,2020-06-05 10:00:00,12.9482776377,13.6191728521,12.9386934203,13.2933094622,2538063
463,18,2020-06-05 10:30:00,13.2837252449,13.7150150256,13.2741410275,13.6000044174,1161811
464,17,2020-06-05 11:00:00,13.6000044174,13.7054308082,13.3603989837,13.7054308082,1175286
465,16,2020-06-05 11:30:00,13.7054308082,13.877946720499999,13.6670939388,13.8731546118,827481
466,15,2020-06-05 12:00:00,13.8731546118,14.0408784154,13.810857199,13.9929573287,856457
467,14,2020-06-05 12:30:00,14.002541546,14.036086306700001,13.695846590899999,13.8683625031,751534
468,13,2020-06-05 13:00:00,13.8683625031,13.9689967853,13.810857199,13.9354520246,582878
469,12,2020-06-05 13:30:00,13.9354520246,14.0792152848,13.892323046500001,14.0696310675,532150
470,11,2020-06-05 14:00:00,14.0697269096,14.084007393499999,13.968230047899999,14.0408784154,612187
471,10,2020-06-05 14:30:00,14.0408784154,14.0744231761,13.9258678072,14.060046850099999,693316
472,9,2020-06-05 15:00:00,14.0571715849,14.266107523099999,14.0073336547,14.2517311971,950485
473,8,2020-06-05 15:30:00,14.2517311971,14.280483849100001,13.8971151552,14.093591610799999,1108725
474,7,2020-06-05 16:00:00,14.093591610799999,14.098383719500001,13.8491940684,13.9833731113,2714417
475,6,2020-06-05 16:30:00,13.9929573287,14.107967936800001,13.8012729817,14.107967936800001,304567
476,5,2020-06-05 17:00:00,13.9929573287,13.9929573287,13.9066993725,13.9066993725,2072
477,4,2020-06-05 17:30:00,13.9929573287,13.9929573287,13.820441416400001,13.973788894,1276
478,3,2020-06-05 18:00:00,13.973788894,13.973788894,13.8971151552,13.973788894,2483
479,2,2020-06-05 18:30:00,13.973788894,13.973788894,13.973788894,13.973788894,200
480,1,2020-06-05 19:30:00,13.964108834500001,14.021709980699999,13.964108834500001,14.021709980699999,23178
481,0,2020-06-05 20:00:00,14.098383719500001,14.2708996318,14.0887995022,14.2325627624,18148
482,511,2020-06-08 04:30:00,15.3347477574,15.430589930899998,15.047221237,15.430589930899998,800
483,510,2020-06-08 05:00:00,15.622274277899999,16.2931694923,15.622274277899999,16.2931694923,300
484,509,2020-06-08 05:30:00,16.2452484055,16.2452484055,16.2452484055,16.2452484055,1100
485,508,2020-06-08 06:00:00,16.2452484055,16.2452484055,16.2452484055,16.2452484055,1202
486,507,2020-06-08 07:30:00,15.392253061500002,16.2452484055,15.392253061500002,15.9098007983,21204
487,506,2020-06-08 08:00:00,15.9098007983,16.235664188199998,15.9098007983,15.9098007983,32318
488,505,2020-06-08 08:30:00,16.2431398777,16.2452484055,15.2293213666,15.478511017699999,118068
489,504,2020-06-08 09:00:00,15.430589930899998,15.430589930899998,15.047221237,15.0951423237,43669
490,503,2020-06-08 09:30:00,15.267658235999999,15.478511017699999,14.615931456300002,14.663852543099999,54036
491,502,2020-06-08 10:00:00,14.9993001503,15.0951423237,14.3954944573,14.678228869100002,2214943
492,501,2020-06-08 10:30:00,14.6830209778,14.7676496169,14.0887995022,14.136720588900001,1397462
493,500,2020-06-08 11:00:00,14.136720588900001,14.3304176215,13.9354520246,14.290068066500002,1151579
494,499,2020-06-08 11:30:00,14.290068066500002,14.4050786747,14.2038101103,14.3763260226,520173
495,498,2020-06-08 12:00:00,14.3763260226,14.4913366308,14.337989153199999,14.4625839787,510065
496,497,2020-06-08 12:30:00,14.4625839787,14.6926051951,14.4625839787,14.663852543099999,715588
497,496,2020-06-08 13:00:00,14.6590604344,14.7021894125,14.5296735002,14.654268325699999,506480
498,495,2020-06-08 13:30:00,14.654268325699999,14.7740710426,14.6446841084,14.6973973038,503168
499,494,2020-06-08 14:00:00,14.6926051951,14.798031585899999,14.6271449906,14.6973973038,474035
500,493,2020-06-08 14:30:00,14.6926051951,14.750110499200002,14.547883513099999,14.558426152200001,445936
501,492,2020-06-08 15:00:00,14.558426152200001,14.8076158033,14.520089282799999,14.8028236946,685572
502,491,2020-06-08 15:30:00,14.8028236946,14.8459526727,14.7069815211,14.798031585899999,779254
503,490,2020-06-08 16:00:00,14.798031585899999,15.1047265411,14.798031585899999,15.1047265411,2026843
504,489,2020-06-08 16:30:00,15.1047265411,15.3347477574,14.922626411500001,15.3347477574,105851
505,488,2020-06-08 17:00:00,15.248489801300002,15.248489801300002,14.9513790635,15.248489801300002,5232
506,487,2020-06-08 17:30:00,14.980131715599999,15.0951423237,14.980131715599999,15.0951423237,6851
507,486,2020-06-08 18:00:00,15.0951423237,15.2101529319,15.0951423237,15.2101529319,3631
508,485,2020-06-08 18:30:00,15.200568714600001,15.430589930899998,15.200568714600001,15.430589930899998,13046
509,484,2020-06-08 19:00:00,15.430589930899998,15.574353191199998,15.3635004095,15.3635004095,5726
510,483,2020-06-08 19:30:00,15.3347477574,15.3347477574,15.2868266707,15.3347477574,2256
511,482,2020-06-08 20:00:00,15.3443319748,15.574353191199998,15.3443319748,15.5071678275,2339
512,481,2020-06-09 04:30:00,15.066389671700001,15.066389671700001,15.066389671700001,15.066389671700001,135
513,480,2020-06-09 05:00:00,14.4050786747,14.4050786747,14.3954944573,14.3954944573,700
514,479,2020-06-09 06:00:00,13.379567418399999,13.379567418399999,13.379567418399999,13.379567418399999,211
515,478,2020-06-09 07:30:00,13.973788894,14.8076158033,13.973788894,14.606347239000002,9636
516,477,2020-06-09 08:00:00,14.520089282799999,14.932210628800002,14.481752413399999,14.7596947165,7994
517,476,2020-06-09 08:30:00,14.520185125,14.9513790635,13.839609851099999,14.85553689,91283
518,475,2020-06-09 09:00:00,14.826784238,14.8363684553,14.5680103696,14.7021894125,35132
519,474,2020-06-09 09:30:00,14.7021894125,14.8459526727,14.472168196099998,14.472168196099998,34973
520,473,2020-06-09 10:00:00,14.3763260226,14.4050786747,13.9066993725,13.964204676600001,1637300
521,472,2020-06-09 10:30:00,13.964204676600001,13.992382275599999,13.6287570694,13.9162835899,1219538
522,471,2020-06-09 11:00:00,13.9066993725,14.237354871099999,13.882738829200001,14.1175521542,730584
523,470,2020-06-09 11:30:00,14.1175521542,14.2133943277,14.002541546,14.021709980699999,548862
524,469,2020-06-09 12:00:00,14.021709980699999,14.021709980699999,13.8491940684,13.9066993725,404830
525,468,2020-06-09 12:30:00,13.9162835899,13.9594125679,13.8491940684,13.9306599159,415213
526,467,2020-06-09 13:00:00,13.9354520246,13.973788894,13.8731546118,13.882738829200001,405246
527,466,2020-06-09 13:30:00,13.882738829200001,14.012125763399998,13.8012729817,13.9833731113,480286
528,465,2020-06-09 14:00:00,13.9785810026,14.0696310675,13.940244133299998,13.9977494373,494431
529,464,2020-06-09 14:30:00,13.9977494373,14.016917872,13.830025633699998,13.8491940684,575785
530,463,2020-06-09 15:00:00,13.839609851099999,13.9929573287,13.820441416400001,13.9785810026,524256
531,462,2020-06-09 15:30:00,13.9766641592,14.1175521542,13.964204676600001,14.1175521542,677888
532,461,2020-06-09 16:00:00,14.1175521542,14.146304806199998,13.9162835899,13.9450362419,1802573
533,460,2020-06-09 16:30:00,13.9450362419,13.9450362419,13.9450362419,13.9450362419,29371
534,459,2020-06-09 17:00:00,13.9450362419,13.9450362419,13.8683625031,13.9450362419,4120
535,458,2020-06-09 17:30:00,13.954620459300001,14.0887995022,13.417904287799999,14.0887995022,10614
536,457,2020-06-09 18:00:00,13.753351895,13.9450362419,13.6575097215,13.8012729817,7883
537,456,2020-06-09 18:30:00,13.8012729817,13.9450362419,13.8012729817,13.9450362419,1002
538,455,2020-06-09 19:00:00,13.820441416400001,13.820441416400001,13.7437676776,13.7437676776,3339
539,454,2020-06-09 19:30:00,13.7437676776,13.8012729817,13.7437676776,13.782104547000001,1601
540,453,2020-06-09 20:00:00,13.782104547000001,13.782104547000001,13.7437676776,13.7437676776,1850
541,452,2020-06-10 07:00:00,13.417904287799999,13.417904287799999,13.417904287799999,13.417904287799999,300
542,451,2020-06-10 07:30:00,13.417904287799999,13.417904287799999,13.2933094622,13.417904287799999,2700
543,450,2020-06-10 08:00:00,13.6191728521,13.6191728521,13.417904287799999,13.552083330599999,11995
544,449,2020-06-10 08:30:00,13.419341920399999,13.8012729817,13.322062114300001,13.7054308082,20926
545,448,2020-06-10 09:00:00,13.7245992429,13.8012729817,13.590420199999999,13.6575097215,33919
546,447,2020-06-10 09:30:00,13.6575097215,13.6575097215,13.417904287799999,13.513746461199998,62348
547,446,2020-06-10 10:00:00,13.561667547999999,13.6718860475,13.0489119199,13.2262199408,1364311
548,445,2020-06-10 10:30:00,13.235804158099999,13.322062114300001,12.7949301601,12.9865186649,952838
549,444,2020-06-10 11:00:00,12.9770302897,13.235804158099999,12.9386934203,13.1543383107,777215
550,443,2020-06-10 11:30:00,13.1543383107,13.551987488499998,13.139961984700001,13.4274885051,1040432
551,442,2020-06-10 12:00:00,13.4274885051,13.7150150256,13.4274885051,13.6766781562,1129365
552,441,2020-06-10 12:30:00,13.686262373499998,13.758144003599998,13.6047965261,13.647925504100002,584423
553,440,2020-06-10 13:00:00,13.6527176128,13.6527176128,13.504162243900002,13.6047965261,566013
554,439,2020-06-10 13:30:00,13.6047965261,13.7054308082,13.5712517653,13.6670939388,475953
555,438,2020-06-10 14:00:00,13.6718860475,13.7725203297,13.6431333955,13.6575097215,485377
556,437,2020-06-10 14:30:00,13.647925504100002,13.8971151552,13.5329148959,13.719807134200002,575137
557,436,2020-06-10 15:00:00,13.719807134200002,13.719807134200002,13.3028936796,13.3987358531,861070
558,435,2020-06-10 15:30:00,13.393943744400001,13.4035279617,13.2310120495,13.3891516357,916088
559,434,2020-06-10 16:00:00,13.393943744400001,13.4370727225,13.0968330066,13.1016251153,1885740
560,433,2020-06-10 16:30:00,13.1016251153,13.5424991133,13.034535593800001,13.0824566806,383055
561,432,2020-06-10 17:00:00,13.0824566806,13.1112093326,13.0822649962,13.0824566806,2476
562,431,2020-06-10 17:30:00,13.0824566806,13.0824566806,13.034535593800001,13.034535593800001,2260
563,430,2020-06-10 18:00:00,12.9386934203,13.0824566806,12.9386934203,12.9386934203,10512
564,429,2020-06-10 18:30:00,12.9482776377,12.957861855,12.9386934203,12.957861855,5858
565,428,2020-06-10 19:30:00,12.9386934203,12.957861855,12.919524985599999,12.919524985599999,3813
566,427,2020-06-10 20:00:00,12.775761725399999,12.775761725399999,12.6703353346,12.6703353346,11518
567,426,2020-06-11 04:30:00,12.536156291700001,12.8428512469,12.536156291700001,12.8428512469,1500
568,425,2020-06-11 06:00:00,11.9802716855,11.9802716855,11.9802716855,11.9802716855,100
569,424,2020-06-11 07:00:00,12.085698076300002,12.085698076300002,12.085698076300002,12.085698076300002,400
570,423,2020-06-11 07:30:00,12.459482552899999,12.459482552899999,11.9898559029,11.9898559029,2377
571,422,2020-06-11 08:00:00,12.085698076300002,12.2294613366,11.9802716855,12.219877119200001,8963
572,421,2020-06-11 08:30:00,12.1567171269,12.411561466199998,11.6927451651,11.7883956542,25580
573,420,2020-06-11 09:00:00,11.6831609477,11.7885873385,11.625655643599998,11.7885873385,19973
574,419,2020-06-11 09:30:00,11.7214978171,12.0569454243,11.6448240783,11.6831609477,38414
575,418,2020-06-11 10:00:00,11.6927451651,12.617622139200002,11.443555514000002,12.401977248800002,1610336
576,417,2020-06-11 10:30:00,12.411561466199998,12.6703353346,12.3061350754,12.4307299009,631635
577,416,2020-06-11 11:00:00,12.421145683499999,12.5553247264,12.2869666407,12.3444719447,487412
578,415,2020-06-11 11:30:00,12.3348877274,12.3348877274,12.0713217503,12.0713217503,530658
579,414,2020-06-11 12:00:00,12.0665296416,12.1815402498,12.037776989600001,12.0665296416,437962
580,413,2020-06-11 12:30:00,12.061737532999999,12.061737532999999,11.8460926426,11.85567686,478483
581,412,2020-06-11 13:00:00,11.8604689686,12.076113859000001,11.85567686,11.9898559029,375045
582,411,2020-06-11 13:30:00,11.9802716855,12.1911244672,11.9706874682,12.076113859000001,488444
583,410,2020-06-11 14:00:00,12.076113859000001,12.1523083869,11.9850637942,12.1240349457,304689
584,409,2020-06-11 14:30:00,12.1144507284,12.2007086845,12.0186085549,12.1384112718,621620
585,408,2020-06-11 15:00:00,12.1432033804,12.1623718151,11.9898559029,12.037776989600001,528161
586,407,2020-06-11 15:30:00,12.037776989600001,12.0809059677,11.7119135997,11.779003121199999,780073
587,406,2020-06-11 16:00:00,11.7742110125,11.894013729400001,11.663992513,11.7023293824,1350325
588,405,2020-06-11 16:30:00,11.7023293824,11.7023293824,11.663992513,11.673576730399999,2361
589,404,2020-06-11 17:00:00,11.7023293824,11.7023293824,11.7021376981,11.7023293824,7513
590,403,2020-06-11 17:30:00,11.7023293824,11.7310820344,11.7023293824,11.7310820344,1573
591,402,2020-06-11 18:00:00,12.0186085549,12.0281927722,12.0186085549,12.0281927722,1345
592,401,2020-06-11 19:00:00,11.932350598800001,11.932350598800001,11.932350598800001,11.932350598800001,1100
593,400,2020-06-11 19:30:00,11.932350598800001,11.932350598800001,11.7885873385,11.7885873385,1100
594,399,2020-06-11 20:00:00,11.884429512,12.037776989600001,11.740762094,11.9802716855,3991
595,398,2020-06-12 07:30:00,12.469890414000002,12.6632220483,12.4215575054,12.469890414000002,2038
596,397,2020-06-12 08:00:00,12.4215575054,12.469890414000002,12.4215575054,12.4602238322,3317
597,396,2020-06-12 08:30:00,12.4892235774,12.6341256373,12.3345582699,12.3345582699,14567
598,395,2020-06-12 09:00:00,12.4118909237,12.4118909237,12.4022243419,12.4118909237,5755
599,394,2020-06-12 09:30:00,12.4118909237,12.6342223031,12.4118909237,12.528083235899999,12539
600,393,2020-06-12 10:00:00,12.595555976300002,12.6535554666,12.2137259985,12.344224851600002,1026786
601,392,2020-06-12 10:30:00,12.3345582699,12.4988901591,12.170226380699999,12.170226380699999,449246
602,391,2020-06-12 11:00:00,12.175059671600001,12.189559544200002,11.831896020699999,11.831896020699999,450729
603,390,2020-06-12 11:30:00,11.822229439000001,12.005894491600001,11.706230458399999,11.935715108299998,650486
604,389,2020-06-12 12:00:00,11.9382284196,12.141226635599999,11.875395638399999,12.141226635599999,611983
605,388,2020-06-12 12:30:00,12.141226635599999,12.2427257436,12.0638939819,12.1325267121,361697
606,387,2020-06-12 13:00:00,12.124696780899999,12.225809225599999,12.0638939819,12.1685830619,284935
607,386,2020-06-12 13:30:00,12.170226380699999,12.3055585248,12.117060181300001,12.271725488800001,363821
608,385,2020-06-12 14:00:00,12.266892197899999,12.295891943099999,11.8995620927,11.904395383599999,368461
609,384,2020-06-12 14:30:00,11.904395383599999,12.0687272727,11.836729311500001,12.0687272727,492625
610,383,2020-06-12 15:00:00,12.0638939819,12.141226635599999,11.957561583,12.112226890499999,386156
611,382,2020-06-12 15:30:00,12.112226890499999,12.276462113800001,12.1025603087,12.194392835,573828
612,381,2020-06-12 16:00:00,12.194392835,12.4215575054,12.1508932173,12.3732245968,1365031
613,380,2020-06-12 16:30:00,12.3055585248,12.4988901591,12.3055585248,12.3055585248,410
614,379,2020-06-12 17:00:00,12.4795569957,12.4795569957,12.3055585248,12.3055585248,1520
615,378,2020-06-12 17:30:00,12.440890668800002,12.440890668800002,12.3730312652,12.3732245968,800
616,377,2020-06-12 18:00:00,12.3248916882,12.3248916882,12.3248916882,12.3248916882,206
617,376,2020-06-12 18:30:00,12.3248916882,12.3248916882,12.3248916882,12.3248916882,968
618,375,2020-06-12 19:30:00,12.3248916882,12.440890668800002,12.3248916882,12.440890668800002,2000
619,374,2020-06-15 04:30:00,11.889895510999999,11.889895510999999,11.6965638767,11.6965638767,1025
620,373,2020-06-15 07:00:00,12.0735605636,12.0735605636,12.0735605636,12.0735605636,107
621,372,2020-06-15 07:30:00,11.7448967852,11.889895510999999,11.599898059500001,11.599898059500001,10945
622,371,2020-06-15 08:00:00,11.599898059500001,11.725563621800001,11.599898059500001,11.599898059500001,2131
623,370,2020-06-15 08:30:00,11.7448967852,11.880228929300001,11.599898059500001,11.7448967852,22707
624,369,2020-06-15 09:00:00,11.7448967852,11.7932296938,11.6965638767,11.7835631121,13352
625,368,2020-06-15 09:30:00,11.7448967852,11.831896020699999,11.6192312229,11.6192312229,5884
626,367,2020-06-15 10:00:00,11.609564641199999,11.933395128699999,11.426866246800001,11.778729821199999,1367538
627,366,2020-06-15 10:30:00,11.778729821199999,12.025227655,11.6675641315,11.918895256099999,609821
628,365,2020-06-15 11:00:00,11.909228674400001,12.2088927076,11.904395383599999,12.179796296600001,511574
629,364,2020-06-15 11:30:00,12.1798929625,12.286225361300001,12.1508932173,12.189559544200002,424023
630,363,2020-06-15 12:00:00,12.1798929625,12.2475590345,12.126726762999999,12.160559799000001,318709
631,362,2020-06-15 12:30:00,12.160559799000001,12.407057632799999,12.131560053900001,12.3780578876,398519
632,361,2020-06-15 13:00:00,12.3828911785,12.5568896494,12.295891943099999,12.532723195099999,338779
633,360,2020-06-15 13:30:00,12.5278899042,12.5858893945,12.4118909237,12.4602238322,425009
634,359,2020-06-15 14:00:00,12.4505572505,12.469890414000002,12.281392070499999,12.3345582699,295814
635,358,2020-06-15 14:30:00,12.344224851600002,12.6535554666,12.344224851600002,12.5762228128,483826
636,357,2020-06-15 15:00:00,12.5858893945,12.605222558,12.4602238322,12.4988901591,301487
637,356,2020-06-15 15:30:00,12.4988901591,12.605222558,12.4312240871,12.4505572505,334509
638,355,2020-06-15 16:00:00,12.4505572505,12.469890414000002,12.3200583973,12.469890414000002,992277
639,354,2020-06-15 16:30:00,12.4602238322,12.6148891397,12.4602238322,12.6148891397,212013
640,353,2020-06-15 17:00:00,12.6148891397,12.6148891397,12.5472230677,12.547416399300001,2000
641,352,2020-06-15 17:30:00,12.6148891397,12.6148891397,12.6148891397,12.6148891397,200
642,351,2020-06-15 18:00:00,12.6148891397,12.6535554666,12.5858893945,12.6535554666,6891
643,350,2020-06-15 18:30:00,12.6342223031,12.6535554666,12.6342223031,12.6535554666,835
644,349,2020-06-15 20:00:00,12.6922217934,12.6922217934,12.566556231099998,12.605222558,5175
645,348,2020-06-16 04:30:00,13.049885316900001,13.049885316900001,13.049885316900001,13.049885316900001,600
646,347,2020-06-16 05:30:00,12.7598878654,12.7598878654,12.7598878654,12.7598878654,334
647,346,2020-06-16 07:30:00,12.8372205192,13.0402187352,12.8372205192,13.001552408299998,4338
648,345,2020-06-16 08:00:00,13.146551134100001,13.2238837878,13.146551134100001,13.2238837878,4552
649,344,2020-06-16 08:30:00,12.9798992653,13.2335503695,12.895220009500001,13.204550624400001,16854
650,343,2020-06-16 09:00:00,13.146551134100001,13.436548585599999,13.146551134100001,13.436548585599999,19555
651,342,2020-06-16 09:30:00,13.4215653839,13.523547821,13.185217460999999,13.3495493501,38524
652,341,2020-06-16 10:00:00,13.4075488404,13.4172154221,12.8710535552,13.078885062100001,1434807
653,340,2020-06-16 10:30:00,13.0885516438,13.214217206099999,13.020885571800001,13.078885062100001,558298
654,339,2020-06-16 11:00:00,13.078885062100001,13.0885516438,12.4892235774,12.5278899042,820266
655,338,2020-06-16 11:30:00,12.5182233225,12.8275539375,12.3732245968,12.8210773277,1052923
656,337,2020-06-16 12:00:00,12.8227206466,12.8372205192,12.624555721400002,12.706721665999998,544095
657,336,2020-06-16 12:30:00,12.7115549569,12.784054319700001,12.624555721400002,12.7695544472,492100
658,335,2020-06-16 13:00:00,12.7598878654,12.8662202643,12.7308881203,12.7550545746,378866
659,334,2020-06-16 13:30:00,12.750221283699998,12.7695544472,12.6873885026,12.7308881203,235692
660,333,2020-06-16 14:00:00,12.7308881203,12.7514779393,12.6148891397,12.6825552117,638757
661,332,2020-06-16 14:30:00,12.67288863,12.846887100899998,12.67288863,12.8372205192,482518
662,331,2020-06-16 15:00:00,12.8372205192,12.875886845999998,12.740554702,12.7550545746,257375
663,330,2020-06-16 15:30:00,12.7598878654,12.7647211563,12.6148891397,12.735721411099998,527498
664,329,2020-06-16 16:00:00,12.740554702,12.8710535552,12.7115549569,12.8662202643,1053699
665,328,2020-06-16 16:30:00,12.8565536826,12.8565536826,12.8565536826,12.8565536826,72910
666,327,2020-06-16 17:00:00,12.8565536826,12.8565536826,12.8565536826,12.8565536826,603
667,326,2020-06-16 17:30:00,12.8565536826,12.8565536826,12.8565536826,12.8565536826,833
668,325,2020-06-16 18:00:00,12.7598878654,12.7598878654,12.7598878654,12.7598878654,2281
669,324,2020-06-16 18:30:00,12.7598878654,12.8178873557,12.6632220483,12.6632220483,4968
670,323,2020-06-16 19:30:00,12.6632220483,12.6632220483,12.6632220483,12.6632220483,5025
671,322,2020-06-17 07:30:00,12.875886845999998,12.924219754600001,12.875886845999998,12.924219754600001,300
672,321,2020-06-17 08:30:00,12.8953166753,12.8953166753,12.875886845999998,12.875886845999998,652
673,320,2020-06-17 09:00:00,12.7888876106,12.8275539375,12.7695544472,12.8083174398,8620
674,319,2020-06-17 09:30:00,12.8178873557,12.9638527397,12.7598878654,12.8565536826,2346
675,318,2020-06-17 10:00:00,12.7598878654,12.8662202643,12.4022243419,12.469890414000002,773144
676,317,2020-06-17 10:30:00,12.4602238322,12.6125691601,12.3732245968,12.426390796199998,771140
677,316,2020-06-17 11:00:00,12.4312240871,12.6632220483,12.4215575054,12.5230566134,515313
678,315,2020-06-17 11:30:00,12.5182233225,12.566556231099998,12.4215575054,12.4312240871,414119
679,314,2020-06-17 12:00:00,12.4215575054,12.4988901591,12.3877244694,12.4602238322,243053
680,313,2020-06-17 12:30:00,12.4602238322,12.4602238322,12.3683913059,12.4022243419,244452
681,312,2020-06-17 13:00:00,12.4118909237,12.4640904649,12.392557760199999,12.4640904649,203001
682,311,2020-06-17 13:30:00,12.469890414000002,12.4892235774,12.4312240871,12.484390286500002,245339
683,310,2020-06-17 14:00:00,12.4892235774,12.4892235774,12.426390796199998,12.4312240871,341256
684,309,2020-06-17 14:30:00,12.4312240871,12.5133900317,12.3490581425,12.3780578876,483875
685,308,2020-06-17 15:00:00,12.3732245968,12.4118909237,12.326051677999999,12.344224851600002,303997
686,307,2020-06-17 15:30:00,12.344224851600002,12.392557760199999,12.252392325299999,12.286225361300001,419653
687,306,2020-06-17 16:00:00,12.2910586522,12.295891943099999,12.1798929625,12.2088927076,1135547
688,305,2020-06-17 16:30:00,12.3345582699,12.4892235774,12.1992261259,12.4892235774,455794
689,304,2020-06-17 17:30:00,12.2765587796,12.2765587796,12.189559544200002,12.228225871,7225
690,303,2020-06-17 18:00:00,12.228225871,12.2378924528,12.228225871,12.2378924528,1187
691,302,2020-06-17 18:30:00,12.2378924528,12.2378924528,12.2378924528,12.2378924528,250
692,301,2020-06-17 19:00:00,12.4892235774,12.4892235774,12.4892235774,12.4892235774,210
693,300,2020-06-17 19:30:00,12.266892197899999,12.266892197899999,12.2378924528,12.2378924528,825
694,299,2020-06-17 20:00:00,12.2378924528,12.2378924528,12.228225871,12.228225871,5250
695,298,2020-06-18 05:00:00,12.8178873557,12.8178873557,12.8178873557,12.8178873557,150
696,297,2020-06-18 05:30:00,12.2185592893,12.2185592893,12.2088927076,12.2088927076,1450
697,296,2020-06-18 07:30:00,12.2088927076,12.2088927076,12.2088927076,12.2088927076,620
698,295,2020-06-18 08:00:00,12.2088927076,12.3538914334,12.0832271453,12.0832271453,8496
699,294,2020-06-18 08:30:00,12.3538914334,12.3538914334,12.025227655,12.0542274002,4576
700,293,2020-06-18 09:00:00,12.5085567408,12.5085567408,12.170226380699999,12.170226380699999,5344
701,292,2020-06-18 09:30:00,12.1798929625,12.2185592893,12.044560818399999,12.1218934722,6950
702,291,2020-06-18 10:00:00,12.025227655,12.3828911785,11.957561583,12.2475590345,818964
703,290,2020-06-18 10:30:00,12.2572256162,12.610055848800002,12.2572256162,12.566556231099998,652696
704,289,2020-06-18 11:00:00,12.571389522,12.7018883751,12.5182233225,12.615082471300001,497223
705,288,2020-06-18 11:30:00,12.6148891397,12.6197224306,12.3732245968,12.4505572505,510152
706,287,2020-06-18 12:00:00,12.4505572505,12.469890414000002,12.3248916882,12.3683913059,241900
707,286,2020-06-18 12:30:00,12.3635580151,12.4892235774,12.3393915608,12.4602238322,204154
708,285,2020-06-18 13:00:00,12.4602238322,12.4747237048,12.3828911785,12.440890668800002,201621
709,284,2020-06-18 13:30:00,12.440890668800002,12.50372345,12.440890668800002,12.4892235774,218341
710,283,2020-06-18 14:00:00,12.4940568682,12.537556486,12.469890414000002,12.5133900317,304480
711,282,2020-06-18 14:30:00,12.5182233225,12.5472230677,12.4360573779,12.5278899042,291403
712,281,2020-06-18 15:00:00,12.5278899042,12.5472230677,12.469890414000002,12.469890414000002,284024
713,280,2020-06-18 15:30:00,12.4795569957,12.5182233225,12.4022243419,12.4892235774,386934
714,279,2020-06-18 16:00:00,12.4892235774,12.537556486,12.407057632799999,12.5182233225,1402175
715,278,2020-06-18 16:30:00,12.5182233225,12.5566963178,12.4795569957,12.4795569957,99322
716,277,2020-06-18 18:00:00,12.5374598201,12.5374598201,12.5374598201,12.5374598201,800
717,276,2020-06-18 18:30:00,12.537556486,12.537556486,12.5278899042,12.537556486,600
718,275,2020-06-18 19:00:00,12.5568896494,12.566556231099998,12.5085567408,12.5085567408,3295
719,274,2020-06-18 19:30:00,12.605222558,12.605222558,12.605222558,12.605222558,159
720,273,2020-06-18 20:00:00,12.6632220483,12.8565536826,12.6632220483,12.8565536826,1008
721,272,2020-06-19 08:00:00,12.895220009500001,13.0402187352,12.895220009500001,13.0402187352,1900
722,271,2020-06-19 08:30:00,12.9724559974,13.156217715799999,12.904886591199999,13.1368845524,10916
723,270,2020-06-19 09:00:00,13.098121559700001,13.0982182255,13.049885316900001,13.049885316900001,15177
724,269,2020-06-19 09:30:00,13.001552408299998,13.0885516438,12.9628860815,13.078885062100001,10095
725,268,2020-06-19 10:00:00,12.9725526632,13.204550624400001,12.8178873557,13.059551898599999,1780347
726,267,2020-06-19 10:30:00,13.059551898599999,13.190050751800001,12.987052535799998,12.987052535799998,624444
727,266,2020-06-19 11:00:00,12.987052535799998,13.030552153499999,12.7647211563,12.7695544472,780103
728,265,2020-06-19 11:30:00,12.774387738,12.8517203917,12.7308881203,12.8372205192,373424
729,264,2020-06-19 12:00:00,12.8323872283,12.8517203917,12.6922217934,12.7308881203,268135
730,263,2020-06-19 12:30:00,12.7308881203,12.7308881203,12.4747237048,12.5278899042,443088
731,262,2020-06-19 13:00:00,12.5278899042,12.624555721400002,12.469890414000002,12.610055848800002,240943
732,261,2020-06-19 13:30:00,12.610055848800002,12.610055848800002,12.4505572505,12.4650571231,284174
733,260,2020-06-19 14:00:00,12.4650571231,12.469890414000002,12.392557760199999,12.392557760199999,441343
734,259,2020-06-19 14:30:00,12.3973910511,12.5133900317,12.300725233900001,12.5133900317,786719
735,258,2020-06-19 15:00:00,12.5085567408,12.6825552117,12.4988901591,12.6438888848,540885
736,257,2020-06-19 15:30:00,12.639055594,12.6922217934,12.581056103699998,12.5907226854,483056
737,256,2020-06-19 16:00:00,12.595555976300002,12.6535554666,12.440890668800002,12.5085567408,2043718
738,255,2020-06-19 16:30:00,12.5085567408,12.510006728099999,12.4505572505,12.469890414000002,912880
739,254,2020-06-19 17:00:00,12.469890414000002,12.469890414000002,12.4505572505,12.4505572505,390
740,253,2020-06-19 17:30:00,12.3055585248,12.4582905159,12.3055585248,12.4582905159,200
741,252,2020-06-19 18:00:00,12.295891943099999,12.3732245968,12.295891943099999,12.3732245968,16884
742,251,2020-06-19 18:30:00,12.3732245968,12.3732245968,12.3732245968,12.3732245968,1500
743,250,2020-06-19 19:00:00,12.3732245968,12.6825552117,12.3345582699,12.3345582699,3632
744,249,2020-06-22 07:30:00,12.5762228128,12.5762228128,12.5762228128,12.5762228128,600
745,248,2020-06-22 08:30:00,12.7582445465,12.7582445465,12.3732245968,12.5566963178,4414
746,247,2020-06-22 09:00:00,12.5568896494,12.566556231099998,12.5085567408,12.566556231099998,4162
747,246,2020-06-22 09:30:00,12.5568896494,12.7598878654,12.4215575054,12.4215575054,8845
748,245,2020-06-22 10:00:00,12.4795569957,12.5472230677,12.1363933447,12.266892197899999,810875
749,244,2020-06-22 10:30:00,12.266892197899999,12.295891943099999,12.1363933447,12.2040594168,485685
750,243,2020-06-22 11:00:00,12.1992261259,12.315225106500002,12.155726508199999,12.315225106500002,381646
751,242,2020-06-22 11:30:00,12.3055585248,12.3103918156,12.189559544200002,12.2427257436,290524
752,241,2020-06-22 12:00:00,12.2475590345,12.3393915608,12.2378924528,12.2620589071,293362
753,240,2020-06-22 12:30:00,12.2572256162,12.344224851600002,12.252392325299999,12.281392070499999,346262
754,239,2020-06-22 13:00:00,12.286225361300001,12.4360573779,12.281392070499999,12.4360573779,171406
755,238,2020-06-22 13:30:00,12.440890668800002,12.4602238322,12.3732245968,12.4457239597,190673
756,237,2020-06-22 14:00:00,12.440890668800002,12.4650571231,12.3973910511,12.4167242145,201505
757,236,2020-06-22 14:30:00,12.4215575054,12.4215575054,12.281392070499999,12.295891943099999,232407
758,235,2020-06-22 15:00:00,12.3055585248,12.3248916882,12.2475590345,12.315225106500002,293117
759,234,2020-06-22 15:30:00,12.315225106500002,12.3345582699,12.1992261259,12.2088927076,327850
760,233,2020-06-22 16:00:00,12.2137259985,12.295891943099999,12.1992261259,12.2765587796,895408
761,232,2020-06-22 16:30:00,12.2765587796,12.392557760199999,12.2765587796,12.392557760199999,134833
762,231,2020-06-22 17:00:00,12.286225361300001,12.3828911785,12.2765587796,12.3828911785,5922
763,230,2020-06-22 19:00:00,12.286225361300001,12.286225361300001,12.286225361300001,12.286225361300001,900
764,229,2020-06-22 19:30:00,12.3828911785,12.3828911785,12.3828911785,12.3828911785,1600
765,228,2020-06-22 20:00:00,12.3732245968,12.3732245968,12.3732245968,12.3732245968,1300
766,227,2020-06-23 04:30:00,12.3828911785,12.3828911785,12.3828911785,12.3828911785,650
767,226,2020-06-23 06:00:00,12.4505572505,12.4505572505,12.4505572505,12.4505572505,760
768,225,2020-06-23 07:00:00,12.566556231099998,12.566556231099998,12.566556231099998,12.566556231099998,1536
769,224,2020-06-23 07:30:00,12.5762228128,12.6632220483,12.566556231099998,12.566556231099998,3600
770,223,2020-06-23 08:00:00,12.5568896494,12.6535554666,12.5568896494,12.6535554666,5985
771,222,2020-06-23 08:30:00,12.6632220483,12.7598878654,12.605222558,12.6632220483,20652
772,221,2020-06-23 09:00:00,12.624555721400002,12.624555721400002,12.5377498176,12.566459565299999,5130
773,220,2020-06-23 09:30:00,12.537556486,12.537556486,12.4215575054,12.4215575054,12306
774,219,2020-06-23 10:00:00,12.4795569957,12.566556231099998,12.266892197899999,12.3103918156,1177925
775,218,2020-06-23 10:30:00,12.3055585248,12.315225106500002,12.180569623199998,12.286225361300001,521250
776,217,2020-06-23 11:00:00,12.286225361300001,12.300725233900001,12.0977270179,12.126726762999999,703227
777,216,2020-06-23 11:30:00,12.126726762999999,12.2378924528,12.092893727,12.1992261259,367926
778,215,2020-06-23 12:00:00,12.2088927076,12.2378924528,12.175059671600001,12.2233925802,263451
779,214,2020-06-23 12:30:00,12.228225871,12.2765587796,12.2035760877,12.2378924528,243673
780,213,2020-06-23 13:00:00,12.2330591619,12.252392325299999,12.112226890499999,12.126726762999999,342435
781,212,2020-06-23 13:30:00,12.131560053900001,12.1363933447,12.015561073299999,12.030060945899999,596995
782,211,2020-06-23 14:00:00,12.025227655,12.025227655,11.8850622201,11.9285618378,706735
783,210,2020-06-23 14:30:00,11.923728547,12.034894236700001,11.875395638399999,12.034894236700001,775214
784,209,2020-06-23 15:00:00,12.034894236700001,12.044560818399999,11.962394873800001,11.976894746400001,780783
785,208,2020-06-23 15:30:00,11.972061455599999,12.025227655,11.9382284196,11.957561583,589579
786,207,2020-06-23 16:00:00,11.957561583,11.9962279099,11.8705623475,11.9672281647,1457095
787,206,2020-06-23 16:30:00,11.9672281647,12.005894491600001,11.9672281647,11.9672281647,537106
788,205,2020-06-23 17:00:00,12.005894491600001,12.005894491600001,12.005797825799998,12.005894491600001,1033
789,204,2020-06-23 17:30:00,11.986561328099999,12.0638939819,11.986561328099999,12.0638939819,121050
790,203,2020-06-23 18:00:00,12.0638939819,12.0638939819,11.9672281647,11.9672281647,601
791,202,2020-06-23 18:30:00,11.9672281647,12.0542274002,11.9672281647,12.0542274002,228
792,201,2020-06-23 19:00:00,11.9672281647,11.9672281647,11.9672281647,11.9672281647,600
793,200,2020-06-23 19:30:00,11.947895001300001,11.947895001300001,11.860895765799999,11.860895765799999,2000
794,199,2020-06-24 05:30:00,11.7448967852,11.7448967852,11.7448967852,11.7448967852,300
795,198,2020-06-24 06:00:00,11.7448967852,11.7448967852,11.7448967852,11.7448967852,172
796,197,2020-06-24 07:30:00,11.6578975498,11.7738965304,11.599898059500001,11.7738965304,5987
797,196,2020-06-24 08:00:00,11.7738965304,11.7738965304,11.725563621800001,11.754563366900001,14572
798,195,2020-06-24 08:30:00,11.7547566986,11.7547566986,11.6868972949,11.6965638767,19242
799,194,2020-06-24 09:00:00,11.754563366900001,11.7932296938,11.6965638767,11.7932296938,1119
800,193,2020-06-24 09:30:00,11.703910478800001,11.822229439000001,11.6965638767,11.7835631121,1597
801,192,2020-06-24 10:00:00,11.706230458399999,11.764229948699999,11.411399715999998,11.4162330069,1465158
802,191,2020-06-24 10:30:00,11.4138192614,11.6192312229,11.4065664252,11.609564641199999,852370
803,190,2020-06-24 11:00:00,11.599898059500001,11.666017478399999,11.3389003532,11.3389003532,833275
804,189,2020-06-24 11:30:00,11.3389003532,11.474232497200001,11.1939016274,11.271234281099998,615691
805,188,2020-06-24 12:00:00,11.271234281099998,11.271234281099998,10.971570247899999,11.1262355554,820271
806,187,2020-06-24 12:30:00,11.1262355554,11.2325679543,11.1102856956,11.1649018823,527345
807,186,2020-06-24 13:00:00,11.1649018823,11.3098039422,11.140735428,11.2615676994,355969
808,185,2020-06-24 13:30:00,11.2615676994,11.3534002257,11.0682360651,11.0779026468,383941
809,184,2020-06-24 14:00:00,11.073069356,11.073069356,11.0005699931,11.0537361925,482543
810,183,2020-06-24 14:30:00,11.0585694834,11.145568718800002,10.986070120499999,11.131068846300002,467359
811,182,2020-06-24 15:00:00,11.1262355554,11.174568464000002,11.0005699931,11.0102365748,284195
812,181,2020-06-24 15:30:00,11.0102365748,11.0779026468,10.9619036662,10.9619036662,570177
813,180,2020-06-24 16:00:00,10.971570247899999,11.0392363199,10.8749044308,10.8749044308,1877661
814,179,2020-06-24 16:30:00,10.8749044308,10.9135707576,10.8749044308,10.9135707576,108958
815,178,2020-06-24 17:00:00,10.971570247899999,10.971570247899999,10.9619036662,10.971570247899999,719
816,177,2020-06-24 17:30:00,10.971570247899999,10.971570247899999,10.8749044308,10.971570247899999,1856
817,176,2020-06-24 18:00:00,10.971570247899999,11.0585694834,10.971570247899999,11.0585694834,847
818,175,2020-06-24 18:30:00,10.8845710125,10.8845710125,10.8845710125,10.8845710125,500
819,174,2020-06-24 19:00:00,10.9329039211,10.9329039211,10.9329039211,10.9329039211,200
820,173,2020-06-24 19:30:00,10.9329039211,10.9329039211,10.9232373394,10.9232373394,1100
821,172,2020-06-24 20:00:00,10.8749044308,10.8749044308,10.816904940499999,10.816904940499999,5452
822,171,2020-06-25 07:30:00,10.729905705,10.729905705,10.729905705,10.729905705,836
823,170,2020-06-25 08:00:00,10.6912393782,10.6912393782,10.6332398879,10.6332398879,658
824,169,2020-06-25 08:30:00,10.8749044308,10.8749044308,10.6332398879,10.7782386136,7295
825,168,2020-06-25 09:00:00,10.729905705,10.8265715222,10.6815727964,10.7879051953,2119
826,167,2020-06-25 09:30:00,10.807238358800001,10.865237849100001,10.6429064696,10.865237849100001,10013
827,166,2020-06-25 10:00:00,10.739572286700001,11.1987349183,10.6912393782,11.1968016019,1422440
828,165,2020-06-25 10:30:00,11.1939016274,11.3872332617,11.145568718800002,11.3679000983,659213
829,164,2020-06-25 11:00:00,11.376890019300001,11.3968998434,11.0102365748,11.097235810199999,606021
830,163,2020-06-25 11:30:00,11.0939491725,11.174568464000002,11.0102365748,11.0875692285,426992
831,162,2020-06-25 12:00:00,11.097235810199999,11.2035682091,11.0295697382,11.1649018823,295869
832,161,2020-06-25 12:30:00,11.1649018823,11.2518044519,11.1649018823,11.1987349183,263350
833,160,2020-06-25 13:00:00,11.1974782626,11.242234536,11.1842350457,11.1987349183,244510
834,159,2020-06-25 13:30:00,11.1939016274,11.1987349183,11.106902392,11.1649018823,299523
835,158,2020-06-25 14:00:00,11.1649018823,11.300234026300002,11.140735428,11.1697351731,345852
836,157,2020-06-25 14:30:00,11.174568464000002,11.1794017548,11.0295697382,11.0682360651,528711
837,156,2020-06-25 15:00:00,11.0585694834,11.1359021371,10.9812368297,11.116568973699998,609305
838,155,2020-06-25 15:30:00,11.116568973699998,11.3582335166,11.097235810199999,11.3244004806,563285
839,154,2020-06-25 16:00:00,11.3195671897,11.348566934900001,11.242234536,11.3195671897,1237736
840,153,2020-06-25 16:30:00,11.309900608,11.309900608,11.309900608,11.309900608,374639
841,152,2020-06-25 17:00:00,11.2132347908,11.2132347908,11.2035682091,11.2035682091,1609
842,151,2020-06-25 18:30:00,11.309900608,11.309900608,11.309900608,11.309900608,105
843,150,2020-06-26 07:30:00,11.3582335166,11.3582335166,11.3582335166,11.3582335166,490
844,149,2020-06-26 08:00:00,11.3582335166,11.3582335166,11.3582335166,11.3582335166,150
845,148,2020-06-26 08:30:00,11.3582335166,11.3582335166,11.3582335166,11.3582335166,218
846,147,2020-06-26 09:00:00,11.145665384600001,11.1649018823,11.145665384600001,11.1649018823,1107
847,146,2020-06-26 09:30:00,11.1939016274,11.2132347908,11.1359021371,11.2132347908,1452
848,145,2020-06-26 10:00:00,11.174568464000002,11.1842350457,10.816904940499999,10.942570502799999,800905
849,144,2020-06-26 10:30:00,10.9522370845,10.9812368297,10.6719062147,10.754072159300001,499513
850,143,2020-06-26 11:00:00,10.754072159300001,10.836238103900001,10.6719062147,10.7009059599,358442
851,142,2020-06-26 11:30:00,10.7105725416,10.802405067899999,10.6477397604,10.696072669,438181
852,141,2020-06-26 12:00:00,10.7009059599,10.782975238699999,10.696072669,10.7444055776,184829
853,140,2020-06-26 12:30:00,10.739572286700001,10.7879051953,10.6815727964,10.7685720319,231236
854,139,2020-06-26 13:00:00,10.773211991099998,10.7879051953,10.7202391233,10.739572286700001,237679
855,138,2020-06-26 13:30:00,10.739572286700001,10.7927384862,10.6670729239,10.6815727964,230035
856,137,2020-06-26 14:00:00,10.6736461994,10.7589054502,10.662239632999999,10.739572286700001,174250
857,136,2020-06-26 14:30:00,10.7444055776,10.749238868499999,10.613906724400001,10.6295665868,392160
858,135,2020-06-26 15:00:00,10.6332398879,10.6429064696,10.5075743256,10.5414073616,604313
859,134,2020-06-26 15:30:00,10.5365740707,10.6525730513,10.4882411621,10.594573561,822384
860,133,2020-06-26 16:00:00,10.5897402701,10.6090734336,10.5365740707,10.5655738159,1251418
861,132,2020-06-26 16:30:00,10.5752403976,10.6719062147,10.5752403976,10.5752403976,637631
862,131,2020-06-26 17:00:00,10.5849069793,10.6815727964,10.5849069793,10.6815727964,905
863,130,2020-06-26 17:30:00,10.6525730513,10.6525730513,10.6525730513,10.6525730513,215
864,129,2020-06-26 18:00:00,10.6042401427,10.6525730513,10.5849069793,10.5849069793,501
865,128,2020-06-26 18:30:00,10.526907489,10.526907489,10.526907489,10.526907489,104
866,127,2020-06-26 19:30:00,10.5849069793,10.5849069793,10.5849069793,10.5849069793,150
867,126,2020-06-29 07:30:00,10.5365740707,10.6332398879,10.5365740707,10.6332398879,1413
868,125,2020-06-29 08:30:00,10.6332398879,10.729905705,10.6332398879,10.6429064696,1569
869,124,2020-06-29 09:00:00,10.739572286700001,10.8265715222,10.6042401427,10.6042401427,16011
870,123,2020-06-29 09:30:00,10.6429064696,10.803371726099998,10.613906724400001,10.613906724400001,16736
871,122,2020-06-29 10:00:00,10.5559072341,10.7289390469,10.4302416718,10.6429064696,842549
872,121,2020-06-29 10:30:00,10.6525730513,10.7782386136,10.6235733061,10.6719062147,580058
873,120,2020-06-29 11:00:00,10.6719062147,10.6815727964,10.526907489,10.6090734336,658276
874,119,2020-06-29 11:30:00,10.613906724400001,10.6429064696,10.3964086358,10.522074198099999,538979
875,118,2020-06-29 12:00:00,10.522074198099999,10.5445973335,10.452861472999999,10.512407616399999,304268
876,117,2020-06-29 12:30:00,10.5075743256,10.7202391233,10.5027410347,10.7202391233,371114
877,116,2020-06-29 13:00:00,10.7202391233,10.816904940499999,10.7105725416,10.739572286700001,299618
878,115,2020-06-29 13:30:00,10.749238868499999,10.8262815247,10.7009059599,10.8120716496,347473
879,114,2020-06-29 14:00:00,10.8120716496,10.816904940499999,10.6332398879,10.6477397604,457837
880,113,2020-06-29 14:30:00,10.6429064696,10.69027272,10.5752403976,10.6090734336,509596
881,112,2020-06-29 15:00:00,10.613906724400001,10.6525730513,10.5462406524,10.5752403976,492539
882,111,2020-06-29 15:30:00,10.5752403976,10.6912393782,10.4979077438,10.6525730513,680524
883,110,2020-06-29 16:00:00,10.662239632999999,10.7589054502,10.6332398879,10.749238868499999,993947
884,109,2020-06-29 16:30:00,10.749238868499999,10.749238868499999,10.739572286700001,10.739572286700001,63848
885,108,2020-06-29 17:00:00,10.749238868499999,10.7879051953,10.739572286700001,10.7879051953,3394
886,107,2020-06-29 18:00:00,10.7685720319,10.7685720319,10.7589054502,10.7589054502,2151
887,106,2020-06-29 18:30:00,10.8265715222,10.9039041759,10.8265715222,10.9039041759,2000
888,105,2020-06-29 19:00:00,10.8749044308,10.8749044308,10.8749044308,10.8749044308,300
889,104,2020-06-29 20:00:00,10.8845710125,10.8845710125,10.8845710125,10.8845710125,500
890,103,2020-06-30 05:30:00,10.8265715222,10.8265715222,10.8265715222,10.8265715222,2000
891,102,2020-06-30 06:00:00,10.749238868499999,10.749238868499999,10.749238868499999,10.749238868499999,800
892,101,2020-06-30 07:30:00,10.749238868499999,10.749238868499999,10.749238868499999,10.749238868499999,100
893,100,2020-06-30 08:00:00,10.7105725416,10.7589054502,10.7105725416,10.739572286700001,1400
894,99,2020-06-30 08:30:00,10.9135707576,10.9135707576,10.6912393782,10.739572286700001,5446
895,98,2020-06-30 09:30:00,10.6727762071,10.739572286700001,10.5849069793,10.5849069793,15628
896,97,2020-06-30 10:00:00,10.5849069793,10.6525730513,10.4205750901,10.599406851900001,677467
897,96,2020-06-30 10:30:00,10.6042401427,10.6815727964,10.5172409073,10.613906724400001,696417
898,95,2020-06-30 11:00:00,10.613906724400001,10.845904685599999,10.594573561,10.7782386136,433256
899,94,2020-06-30 11:30:00,10.7879051953,10.807238358800001,10.6670729239,10.7057392507,501505
900,93,2020-06-30 12:00:00,10.7009059599,10.7782386136,10.6477397604,10.7154058325,373049
901,92,2020-06-30 12:30:00,10.7202391233,10.7879051953,10.7105725416,10.7154058325,319026
902,91,2020-06-30 13:00:00,10.7105725416,10.7202391233,10.6477397604,10.662239632999999,278083
903,90,2020-06-30 13:30:00,10.662239632999999,10.739572286700001,10.6235733061,10.7154058325,334308
904,89,2020-06-30 14:00:00,10.712215860499999,10.807238358800001,10.6912393782,10.7879051953,400745
905,88,2020-06-30 14:30:00,10.7879051953,10.836238103900001,10.749238868499999,10.831404812999999,424808
906,87,2020-06-30 15:00:00,10.8265715222,10.971570247899999,10.816904940499999,10.9667369571,470498
907,86,2020-06-30 15:30:00,10.971570247899999,11.0247364474,10.9184040485,10.976403538800001,556528
908,85,2020-06-30 16:00:00,10.971570247899999,11.0489029017,10.9329039211,10.9522370845,1540502
909,84,2020-06-30 16:30:00,10.9619036662,11.0005699931,10.9522370845,10.9618070004,117281
910,83,2020-06-30 17:00:00,10.8265715222,10.8265715222,10.8265715222,10.8265715222,502
911,82,2020-06-30 17:30:00,10.9522370845,10.9522370845,10.9522370845,10.9522370845,100
912,81,2020-06-30 18:00:00,10.9522370845,11.0102365748,10.9522370845,11.0102365748,10978
913,80,2020-06-30 18:30:00,10.9619036662,10.9619036662,10.9619036662,10.9619036662,322
914,79,2020-06-30 19:00:00,10.9619036662,10.9619036662,10.9619036662,10.9619036662,813
915,78,2020-06-30 19:30:00,10.9619036662,10.9619036662,10.9619036662,10.9619036662,100
916,77,2020-06-30 20:00:00,11.019903156500002,11.0392363199,10.9619036662,10.9812368297,3770
917,76,2020-07-01 06:00:00,11.0682360651,11.0682360651,11.0682360651,11.0682360651,1000
918,75,2020-07-01 06:30:00,11.0682360651,11.0682360651,11.019903156500002,11.019903156500002,1200
919,74,2020-07-01 07:00:00,11.019903156500002,11.019903156500002,11.019903156500002,11.019903156500002,800
920,73,2020-07-01 07:30:00,11.019903156500002,11.019903156500002,10.971570247899999,10.971570247899999,656
921,72,2020-07-01 08:00:00,10.9329039211,10.9329039211,10.9232373394,10.9232373394,2105
922,71,2020-07-01 08:30:00,10.9337739134,11.0682360651,10.8265715222,10.8265715222,12250
923,70,2020-07-01 09:00:00,10.9135707576,10.971570247899999,10.9135707576,10.971570247899999,2175
924,69,2020-07-01 09:30:00,11.097235810199999,11.116568973699998,11.0005699931,11.0005699931,10500
925,68,2020-07-01 10:00:00,10.9812368297,11.4017331343,10.9329039211,11.3195671897,934252
926,67,2020-07-01 10:30:00,11.3195671897,11.3582335166,11.1262355554,11.2132347908,683837
927,66,2020-07-01 11:00:00,11.2132347908,11.2809008629,11.0005699931,11.145568718800002,990434
928,65,2020-07-01 11:30:00,11.140735428,11.1552353005,10.821738231300001,10.879737721600002,490475
929,64,2020-07-01 12:00:00,10.8749044308,10.9135707576,10.7589054502,10.7782386136,504855
930,63,2020-07-01 12:30:00,10.7782386136,10.8265715222,10.6815727964,10.6889193986,491423
931,62,2020-07-01 13:00:00,10.6912393782,10.7589054502,10.6429064696,10.6864060873,597064
932,61,2020-07-01 13:30:00,10.6912393782,10.7589054502,10.6332398879,10.729905705,390172
933,60,2020-07-01 14:00:00,10.7250724142,10.7250724142,10.6332398879,10.6429064696,415195
934,59,2020-07-01 14:30:00,10.6429064696,10.749238868499999,10.6332398879,10.6670729239,599075
935,58,2020-07-01 15:00:00,10.6670729239,10.6670729239,10.613906724400001,10.6525730513,442936
936,57,2020-07-01 15:30:00,10.6574063422,10.7782386136,10.6429064696,10.7685720319,638358
937,56,2020-07-01 16:00:00,10.763738741,10.8265715222,10.7009059599,10.729905705,1342546
938,55,2020-07-01 16:30:00,10.729905705,10.729905705,10.729905705,10.729905705,118069
939,54,2020-07-01 17:00:00,10.7105725416,10.7105725416,10.6429064696,10.6429064696,600
940,53,2020-07-01 17:30:00,10.7009059599,10.7009059599,10.6910460465,10.6912393782,704
941,52,2020-07-01 18:00:00,10.6912393782,10.6912393782,10.6912393782,10.6912393782,500
942,51,2020-07-01 18:30:00,10.6429064696,10.6429064696,10.6429064696,10.6429064696,100
943,50,2020-07-01 19:30:00,10.7879051953,10.7879051953,10.7879051953,10.7879051953,488
944,49,2020-07-01 20:00:00,10.787808529500001,10.787808529500001,10.787808529500001,10.787808529500001,500
945,48,2020-07-02 07:30:00,10.807238358800001,10.865237849100001,10.807238358800001,10.865237849100001,1445
946,47,2020-07-02 08:00:00,10.8749044308,11.0585694834,10.8749044308,10.971570247899999,1804
947,46,2020-07-02 08:30:00,10.7396689526,10.923430670999998,10.7396689526,10.8845710125,2317
948,45,2020-07-02 09:00:00,10.8845710125,11.0682360651,10.8749044308,11.0682360651,6990
949,44,2020-07-02 09:30:00,11.0874725627,11.116568973699998,11.0005699931,11.097235810199999,10697
950,43,2020-07-02 10:00:00,11.0875692285,11.271234281099998,11.019903156500002,11.0569261645,1194268
951,42,2020-07-02 10:30:00,11.0585694834,11.116568973699998,10.8700711399,10.9039041759,663840
952,41,2020-07-02 11:00:00,10.9039041759,11.034403029100002,10.802405067899999,10.802405067899999,500306
953,40,2020-07-02 11:30:00,10.807238358800001,10.9377372119,10.763738741,10.9280706302,587774
954,39,2020-07-02 12:00:00,10.9232373394,11.0392363199,10.9184040485,10.9280706302,405731
955,38,2020-07-02 12:30:00,10.9329039211,11.0489029017,10.9280706302,11.0295697382,398381
956,37,2020-07-02 13:00:00,11.0295697382,11.0682360651,11.0005699931,11.019903156500002,303265
957,36,2020-07-02 13:30:00,11.0247364474,11.0295697382,10.831404812999999,10.8410713948,445675
958,35,2020-07-02 14:00:00,10.8410713948,11.0005699931,10.8410713948,10.9667369571,557522
959,34,2020-07-02 14:30:00,10.966930288699999,10.9957367022,10.9377372119,10.9795935108,296226
960,33,2020-07-02 15:00:00,10.976403538800001,11.0585694834,10.9474037936,10.9619036662,447794
961,32,2020-07-02 15:30:00,10.9619036662,11.019903156500002,10.9039041759,10.9135707576,544652
962,31,2020-07-02 16:00:00,10.9135707576,10.9280706302,10.8265715222,10.8749044308,1280018
963,30,2020-07-02 16:30:00,10.865237849100001,10.8749044308,10.8650445174,10.865237849100001,67723
964,29,2020-07-02 17:00:00,10.865237849100001,10.865237849100001,10.865237849100001,10.865237849100001,9030
965,28,2020-07-02 17:30:00,10.942570502799999,10.942570502799999,10.942570502799999,10.942570502799999,300
966,27,2020-07-02 18:00:00,10.865237849100001,10.8749044308,10.865237849100001,10.8749044308,1298
967,26,2020-07-06 04:30:00,11.116568973699998,11.116568973699998,11.116568973699998,11.116568973699998,5000
968,25,2020-07-06 06:30:00,11.1359021371,11.1649018823,11.1359021371,11.1649018823,200
969,24,2020-07-06 07:00:00,11.019903156500002,11.019903156500002,11.0102365748,11.0102365748,664
970,23,2020-07-06 07:30:00,11.106902392,11.2132347908,11.106902392,11.2132347908,7213
971,22,2020-07-06 08:00:00,11.2132347908,11.222901372599999,11.0779026468,11.1649018823,2537
972,21,2020-07-06 08:30:00,11.1649018823,11.2615676994,11.0779026468,11.2519011177,13293
973,20,2020-07-06 09:00:00,11.222901372599999,11.222901372599999,11.1262355554,11.1939016274,3103
974,19,2020-07-06 09:30:00,11.1552353005,11.2034715433,11.097235810199999,11.2034715433,13886
975,18,2020-07-06 10:00:00,11.116568973699998,11.3389003532,10.9232373394,11.1842350457,1069419
976,17,2020-07-06 10:30:00,11.1939016274,11.222901372599999,10.7879051953,10.7879051953,722536
977,16,2020-07-06 11:00:00,10.789838511700001,10.9377372119,10.739572286700001,10.9280706302,540872
978,15,2020-07-06 11:30:00,10.9280706302,10.9329039211,10.7763052973,10.797571777,377464
979,14,2020-07-06 12:00:00,10.797571777,10.8120716496,10.6429064696,10.6525730513,593780
980,13,2020-07-06 12:30:00,10.6525730513,10.739572286700001,10.6488997502,10.7202391233,586761
981,12,2020-07-06 13:00:00,10.729905705,10.7589054502,10.6525730513,10.754072159300001,363741
982,11,2020-07-06 13:30:00,10.749238868499999,10.754072159300001,10.6574063422,10.676739505599999,451972
983,10,2020-07-06 14:00:00,10.6815727964,10.7250724142,10.6719062147,10.7105725416,340426
984,9,2020-07-06 14:30:00,10.7154058325,10.729905705,10.613906724400001,10.6574063422,572420
985,8,2020-07-06 15:00:00,10.6525730513,10.7009059599,10.6235733061,10.6816694623,455236
986,7,2020-07-06 15:30:00,10.6864060873,10.749238868499999,10.6864060873,10.7250724142,581941
987,6,2020-07-06 16:00:00,10.7250724142,10.816904940499999,10.6864060873,10.7782386136,1238038
988,5,2020-07-06 16:30:00,10.7879051953,10.7879051953,10.7009059599,10.7202391233,73374
989,4,2020-07-06 17:00:00,10.807238358800001,10.816904940499999,10.7782386136,10.816904940499999,1900
990,3,2020-07-06 17:30:00,10.8265715222,10.8265715222,10.8265715222,10.8265715222,1000
991,2,2020-07-06 18:00:00,10.8265715222,10.865237849100001,10.8265715222,10.865237849100001,200
992,1,2020-07-06 19:00:00,10.816904940499999,10.816904940499999,10.816904940499999,10.816904940499999,125
993,0,2020-07-06 20:00:00,10.7685720319,10.7685720319,10.729905705,10.729905705,2300
