,index,time,open,high,low,close,volume
0,163,2018-10-16 10:00:00,19.4502009881,19.5248206844,19.4502009881,19.5248206844,420
1,162,2018-10-16 11:00:00,19.4772858474,19.4772858474,19.4630163074,19.4630163074,665
2,161,2018-10-16 11:30:00,19.459289867,19.459289867,19.459289867,19.459289867,200
3,160,2018-10-16 12:30:00,19.4980993802,19.4980993802,19.4980993802,19.4980993802,201
4,159,2018-10-16 14:00:00,19.5138231408,19.5138231408,19.5138231408,19.5138231408,100
5,158,2018-10-16 14:30:00,19.5138231408,19.5138231408,19.4412029979,19.4412029979,390
6,157,2018-10-16 15:30:00,19.442020997,19.4694694115,19.4411121091,19.4411121091,1460
7,156,2018-10-16 16:00:00,19.442020997,19.442020997,19.3502233194,19.3502233194,3978
8,155,2018-10-17 10:00:00,19.3956677143,19.3956677143,19.3956677143,19.3956677143,800
9,154,2018-10-17 11:00:00,19.3502233194,19.3502233194,19.3502233194,19.3502233194,500
10,153,2018-10-17 12:00:00,19.359312198399998,19.359312198399998,19.359312198399998,19.359312198399998,915
11,152,2018-10-17 13:30:00,19.440203221199997,19.440203221199997,19.440203221199997,19.440203221199997,404
12,151,2018-10-17 14:00:00,19.4411121091,19.4502009881,19.4320232301,19.4411121091,1335
13,150,2018-10-17 14:30:00,19.4119368076,19.4119368076,19.4119368076,19.4119368076,130
14,149,2018-10-18 10:00:00,19.4320232301,19.4320232301,19.3429522162,19.374490626300002,2250
15,148,2018-10-18 10:30:00,19.3502233194,19.4320232301,19.3502233194,19.4320232301,1600
16,147,2018-10-18 11:30:00,19.420298576300002,19.420298576300002,19.420298576300002,19.420298576300002,200
17,146,2018-10-18 12:00:00,19.3595848648,19.4251156821,19.3595848648,19.3956677143,1599
18,145,2018-10-18 12:30:00,19.3238655704,19.4195714659,19.3238655704,19.4195714659,240
19,144,2018-10-18 13:30:00,19.313867803599997,19.313867803599997,19.2956900456,19.2956900456,2260
20,143,2018-10-18 15:30:00,19.3722184065,19.3722184065,19.3722184065,19.3722184065,100
21,142,2018-10-19 10:00:00,19.3047789246,19.3047789246,19.3047789246,19.3047789246,100
22,141,2018-10-19 13:00:00,19.4436569952,19.4436569952,19.4436569952,19.4436569952,150
23,140,2018-10-19 13:30:00,19.4085739224,19.5327280091,19.4085739224,19.5327280091,2139
24,139,2018-10-19 14:00:00,19.3994850434,19.3994850434,19.3994850434,19.3994850434,900
25,138,2018-10-19 14:30:00,19.3456788799,19.4390216669,19.3456788799,19.4390216669,815
26,137,2018-10-19 15:00:00,19.4047565932,19.4047565932,19.4047565932,19.4047565932,200
27,136,2018-10-19 15:30:00,19.4673789693,19.4673789693,19.4673789693,19.4673789693,500
28,135,2018-10-19 16:00:00,19.3774899563,19.3774899563,19.359312198399998,19.359312198399998,898
29,134,2018-10-22 11:00:00,19.3161400233,19.3411344405,19.313867803599997,19.313867803599997,760
30,133,2018-10-22 11:30:00,19.3411344405,19.3411344405,19.3411344405,19.3411344405,1200
31,132,2018-10-22 12:00:00,19.3411344405,19.3411344405,19.327501122,19.340861774100002,1000
32,131,2018-10-22 14:00:00,19.3411344405,19.3411344405,19.3411344405,19.3411344405,200
33,130,2018-10-22 14:30:00,19.3411344405,19.3411344405,19.3410435517,19.3410435517,1200
34,129,2018-10-22 15:00:00,19.3411344405,19.3411344405,19.3215933507,19.3229566825,3900
35,128,2018-10-22 15:30:00,19.3139586923,19.3229566825,19.313867803599997,19.313867803599997,3808
36,127,2018-10-22 16:30:00,19.313867803599997,19.313867803599997,19.313867803599997,19.313867803599997,22975
37,126,2018-10-23 10:00:00,19.3411344405,19.3411344405,19.3411344405,19.3411344405,100
38,125,2018-10-23 10:30:00,19.2956900456,19.4047565932,19.2956900456,19.4047565932,3084
39,124,2018-10-23 11:30:00,19.4729231855,19.4729231855,19.4502009881,19.4502009881,968
40,123,2018-10-23 12:00:00,19.4502009881,19.5138231408,19.4502009881,19.5138231408,2930
41,122,2018-10-23 12:30:00,19.4749227388,19.4749227388,19.4749227388,19.4749227388,800
42,121,2018-10-23 13:30:00,19.4411121091,19.4502009881,19.4411121091,19.4502009881,200
43,120,2018-10-23 14:00:00,19.416572135899997,19.416572135899997,19.416572135899997,19.416572135899997,466
44,119,2018-10-23 15:30:00,19.3865788353,19.3865788353,19.3865788353,19.3865788353,850
45,118,2018-10-23 16:00:00,19.4295692328,19.4295692328,19.4295692328,19.4295692328,400
46,117,2018-10-24 10:00:00,19.4865565039,19.4865565039,19.4865565039,19.4865565039,230
47,116,2018-10-24 10:30:00,19.4485649898,19.4485649898,19.4485649898,19.4485649898,400
48,115,2018-10-24 11:00:00,19.4739229622,19.541089777699998,19.4739229622,19.5138231408,5426
49,114,2018-10-24 12:00:00,19.6838760663,19.6838760663,19.6838760663,19.6838760663,123
50,113,2018-10-24 12:30:00,19.6774229622,19.722867357000002,19.532000898699998,19.532000898699998,1510
51,112,2018-10-24 13:30:00,19.5911695008,19.5911695008,19.5174586924,19.5174586924,1268
52,111,2018-10-24 14:00:00,19.5864432838,19.5864432838,19.5631757536,19.5631757536,1300
53,110,2018-10-24 14:30:00,19.5865341725,19.5865341725,19.5356364503,19.5356364503,1200
54,109,2018-10-24 15:30:00,19.5229120198,19.5229120198,19.5138231408,19.5138231408,3802
55,108,2018-10-24 16:00:00,19.5138231408,19.5138231408,19.4365676696,19.459289867,3997
56,107,2018-10-25 10:00:00,19.595623051500002,19.595623051500002,19.595623051500002,19.595623051500002,115
57,106,2018-10-25 11:00:00,19.5683564146,19.5683564146,19.4047565932,19.4047565932,1553
58,105,2018-10-25 11:30:00,19.541089777699998,19.541089777699998,19.541089777699998,19.541089777699998,300
59,104,2018-10-25 12:30:00,19.4865565039,19.541089777699998,19.477467625,19.541089777699998,485
60,103,2018-10-25 13:00:00,19.5227302422,19.5227302422,19.5227302422,19.5227302422,700
61,102,2018-10-25 13:30:00,19.5232755749,19.5232755749,19.5232755749,19.5232755749,134
62,101,2018-10-25 14:00:00,19.4956453829,19.5146411399,19.4617438643,19.4956453829,1200
63,100,2018-10-25 14:30:00,19.4956453829,19.5047342618,19.4956453829,19.5047342618,400
64,99,2018-10-25 16:00:00,19.4840116178,19.4840116178,19.4840116178,19.4840116178,189
65,98,2018-10-26 10:00:00,19.541089777699998,19.541089777699998,19.541089777699998,19.541089777699998,100
66,97,2018-10-26 11:00:00,19.5013713766,19.5013713766,19.5013713766,19.5013713766,159
67,96,2018-10-26 12:00:00,19.503825374,19.5047342618,19.503825374,19.5047342618,300
68,95,2018-10-26 13:00:00,19.540998888900003,19.540998888900003,19.540998888900003,19.540998888900003,163
69,94,2018-10-26 14:30:00,19.5015531542,19.541089777699998,19.5015531542,19.541089777699998,1058
70,93,2018-10-26 16:00:00,19.5080971471,19.7591319841,19.5080971471,19.7591319841,3002
71,92,2018-10-29 10:00:00,19.5592675356,19.6774229622,19.5592675356,19.6774229622,500
72,91,2018-10-29 11:00:00,19.618345248900003,19.618345248900003,19.618345248900003,19.618345248900003,100
73,90,2018-10-29 12:30:00,19.5229120198,19.541089777699998,19.5229120198,19.541089777699998,500
74,89,2018-10-29 13:00:00,19.4865565039,19.541089777699998,19.4865565039,19.534636673599998,2052
75,88,2018-10-29 13:30:00,19.5774452936,19.6527012114,19.5774452936,19.6527012114,460
76,87,2018-10-29 14:00:00,19.5047342618,19.5047342618,19.5047342618,19.5047342618,111
77,86,2018-10-29 15:30:00,19.4956453829,19.6464298849,19.4956453829,19.6464298849,801
78,85,2018-10-29 16:00:00,19.5047342618,19.5047342618,19.5047342618,19.5047342618,100
79,84,2018-10-30 10:00:00,19.6228896884,19.6228896884,19.6228896884,19.6228896884,200
80,83,2018-10-30 10:30:00,19.4320232301,19.6228896884,19.4320232301,19.6228896884,1200
81,82,2018-10-30 13:00:00,19.4349316714,19.4349316714,19.4349316714,19.4349316714,208
82,81,2018-10-30 14:00:00,19.459289867,19.461471197999998,19.459289867,19.461471197999998,367
83,80,2018-10-30 15:30:00,19.4502009881,19.4502009881,19.4502009881,19.4502009881,672
84,79,2018-10-30 16:00:00,19.4864656151,19.4864656151,19.4864656151,19.4864656151,391
85,78,2018-10-31 10:00:00,19.5381813364,19.5381813364,19.5381813364,19.5381813364,350
86,77,2018-10-31 10:30:00,19.459289867,19.459289867,19.4502009881,19.4502009881,205
87,76,2018-10-31 11:30:00,19.4502009881,19.4502009881,19.4502009881,19.4502009881,1500
88,75,2018-10-31 12:00:00,19.5020984869,19.5020984869,19.464288750399998,19.464288750399998,1241
89,74,2018-10-31 13:00:00,19.5385448916,19.5385448916,19.5300922342,19.5300922342,280
90,73,2018-10-31 13:30:00,19.6137099207,19.6137099207,19.5047342618,19.5047342618,800
91,72,2018-10-31 14:00:00,19.5274564593,19.5274564593,19.5274564593,19.5274564593,100
92,71,2018-10-31 14:30:00,19.5183675803,19.5865341725,19.5183675803,19.5778997375,931
93,70,2018-10-31 15:30:00,19.4709236321,19.4709236321,19.4709236321,19.4709236321,100
94,69,2018-10-31 16:00:00,19.4066652578,19.5373633373,19.4066652578,19.5373633373,1213
95,68,2018-11-01 10:00:00,19.5774452936,19.5774452936,19.541089777699998,19.541089777699998,900
96,67,2018-11-01 12:30:00,19.7137784781,19.7137784781,19.4078468121,19.4078468121,575
97,66,2018-11-01 13:30:00,19.7046895991,19.7128695902,19.541089777699998,19.7128695902,1100
98,65,2018-11-01 14:00:00,19.616709250699998,19.6766049631,19.541089777699998,19.6766049631,1154
99,64,2018-11-01 14:30:00,19.541089777699998,19.541089777699998,19.541089777699998,19.541089777699998,200
100,63,2018-11-01 15:00:00,19.541089777699998,19.541089777699998,19.541089777699998,19.541089777699998,500
101,62,2018-11-02 10:00:00,19.541089777699998,19.541089777699998,19.541089777699998,19.541089777699998,215
102,61,2018-11-02 11:00:00,19.541089777699998,19.541089777699998,19.4956453829,19.4956453829,3691
103,60,2018-11-02 12:00:00,19.4233887951,19.4233887951,19.4233887951,19.4233887951,449
104,59,2018-11-02 12:30:00,19.4047565932,19.4591080894,19.4047565932,19.4591080894,575
105,58,2018-11-02 13:00:00,19.4456565486,19.7137784781,19.4168448022,19.4168448022,1278
106,57,2018-11-02 13:30:00,19.6956007201,19.6956007201,19.5592675356,19.633432788,4400
107,56,2018-11-02 14:30:00,19.5592675356,19.5592675356,19.541089777699998,19.541089777699998,1200
108,55,2018-11-05 10:00:00,19.541089777699998,19.541089777699998,19.541089777699998,19.541089777699998,634
109,54,2018-11-05 10:30:00,19.722867357000002,19.722867357000002,19.722867357000002,19.722867357000002,265
110,53,2018-11-05 12:00:00,19.5018258206,19.5018258206,19.5018258206,19.5018258206,1000
111,52,2018-11-05 12:30:00,19.6116194785,19.6116194785,19.6116194785,19.6116194785,113
112,51,2018-11-05 14:00:00,19.5547230962,19.5547230962,19.5547230962,19.5547230962,100
113,50,2018-11-05 15:00:00,19.496008938,19.496008938,19.496008938,19.496008938,500
114,49,2018-11-06 10:00:00,19.581171734,19.581171734,19.581171734,19.581171734,363
115,48,2018-11-06 10:30:00,19.5592675356,19.5592675356,19.541089777699998,19.541089777699998,500
116,47,2018-11-06 11:00:00,19.6501563253,19.6501563253,19.6501563253,19.6501563253,100
117,46,2018-11-06 11:30:00,19.6400676697,19.6400676697,19.6062570399,19.6062570399,500
118,45,2018-11-06 12:00:00,19.5775361824,19.641067446300003,19.5775361824,19.591078612,794
119,44,2018-11-06 13:30:00,19.6501563253,19.6501563253,19.6501563253,19.6501563253,545
120,43,2018-11-06 14:00:00,19.5683564146,19.641067446300003,19.5674475267,19.600167491,2247
121,42,2018-11-06 15:00:00,19.641067446300003,19.6501563253,19.6256163521,19.6256163521,1100
122,41,2018-11-07 10:30:00,19.754860211,19.754860211,19.754860211,19.754860211,800
123,40,2018-11-07 12:00:00,19.722867357000002,19.7774006308,19.6956007201,19.7774006308,3100
124,39,2018-11-07 14:00:00,19.6774229622,19.6774229622,19.6774229622,19.6774229622,2405
125,38,2018-11-07 14:30:00,19.67533252,19.67533252,19.67533252,19.67533252,531
126,37,2018-11-07 15:00:00,19.5865341725,19.7774006308,19.5865341725,19.7754010775,2314
127,36,2018-11-07 15:30:00,19.6501563253,19.6501563253,19.6501563253,19.6501563253,195
128,35,2018-11-07 16:00:00,19.6098925915,19.6098925915,19.6098925915,19.6098925915,333
129,34,2018-11-07 17:00:00,19.5865341725,19.5865341725,19.5865341725,19.5865341725,1500
130,33,2018-11-08 10:00:00,19.668334083199998,19.668334083199998,19.5774452936,19.595623051500002,778
131,32,2018-11-08 10:30:00,19.5865341725,19.5865341725,19.5774452936,19.5774452936,293
132,31,2018-11-08 11:00:00,19.5865341725,19.5865341725,19.5774452936,19.5774452936,476
133,30,2018-11-08 13:00:00,19.6310696795,19.6319785674,19.5938052757,19.6047119305,1600
134,29,2018-11-08 14:00:00,19.5865341725,19.5865341725,19.5774452936,19.5774452936,700
135,28,2018-11-08 14:30:00,19.6101652579,19.6101652579,19.6101652579,19.6101652579,1500
136,27,2018-11-08 16:00:00,19.6047119305,19.6319785674,19.6047119305,19.6138008094,600
137,26,2018-11-09 10:30:00,19.686511841199998,19.686511841199998,19.6136190319,19.6136190319,1100
138,25,2018-11-09 11:30:00,19.584625508,19.584625508,19.584625508,19.584625508,600
139,24,2018-11-09 12:00:00,19.5501786567,19.5619941993,19.5229120198,19.5619941993,1806
140,23,2018-11-09 13:00:00,19.5955321627,19.5955321627,19.5955321627,19.5955321627,360
141,22,2018-11-09 15:00:00,19.5592675356,19.595623051500002,19.5229120198,19.5683564146,2598
142,21,2018-11-09 15:30:00,19.5619941993,19.5619941993,19.5619941993,19.5619941993,400
143,20,2018-11-12 10:30:00,19.5619941993,19.5619941993,19.5229120198,19.532000898699998,718
144,19,2018-11-12 11:00:00,19.553087098,19.5865341725,19.553087098,19.5865341725,1164
145,18,2018-11-12 11:30:00,19.5865341725,19.5865341725,19.5865341725,19.5865341725,400
146,17,2018-11-12 12:00:00,19.5229120198,19.5229120198,19.5229120198,19.5229120198,969
147,16,2018-11-12 13:00:00,19.542362220799998,19.542362220799998,19.542362220799998,19.542362220799998,277
148,15,2018-11-12 13:30:00,19.5229120198,19.5229120198,19.5229120198,19.5229120198,100
149,14,2018-11-12 14:00:00,19.462380085899998,19.462380085899998,19.462380085899998,19.462380085899998,500
150,13,2018-11-12 14:30:00,19.5683564146,19.5865341725,19.5683564146,19.5865341725,1000
151,12,2018-11-13 10:00:00,19.668334083199998,19.668334083199998,19.668334083199998,19.668334083199998,132
152,11,2018-11-13 11:30:00,19.641067446300003,19.641067446300003,19.641067446300003,19.641067446300003,200
153,10,2018-11-13 12:00:00,19.5566317607,19.7864895098,19.5566317607,19.7592228729,1550
154,9,2018-11-13 13:30:00,19.5477246594,19.6618809792,19.5477246594,19.6618809792,506
155,8,2018-11-13 15:00:00,19.4956453829,19.4956453829,19.413845472200002,19.413845472200002,5825
156,7,2018-11-14 10:00:00,19.4956453829,19.5047342618,19.4956453829,19.4956453829,300
157,6,2018-11-14 10:30:00,19.4956453829,19.4956453829,19.4956453829,19.4956453829,566
158,5,2018-11-14 12:30:00,19.5911695008,19.5911695008,19.5911695008,19.5911695008,500
159,4,2018-11-14 13:00:00,19.4352952265,19.4352952265,19.4352952265,19.4352952265,400
160,3,2018-11-14 14:30:00,19.3865788353,19.3956677143,19.3774899563,19.3774899563,700
161,2,2018-11-14 15:00:00,19.3865788353,19.3865788353,19.3865788353,19.3865788353,500
162,1,2018-11-14 15:30:00,19.3865788353,19.3865788353,19.3774899563,19.3865788353,1109
163,0,2018-11-14 16:00:00,19.3865788353,19.3952132703,19.3865788353,19.3952132703,200
164,138,2018-11-15 10:00:00,19.3865788353,19.3865788353,19.3865788353,19.3865788353,800
165,137,2018-11-15 10:30:00,19.3684010774,19.3684010774,19.3229566825,19.3229566825,724
166,136,2018-11-15 11:00:00,19.5389084468,19.5389084468,19.5389084468,19.5389084468,500
167,135,2018-11-15 11:30:00,19.3524955392,19.3524955392,19.3524955392,19.3524955392,310
168,134,2018-11-15 12:30:00,19.4729231855,19.4729231855,19.4729231855,19.4729231855,1200
169,133,2018-11-15 13:00:00,19.4502918768,19.4502918768,19.3516775401,19.3516775401,480
170,132,2018-11-15 14:30:00,19.394577048800002,19.394577048800002,19.313867803599997,19.313867803599997,401
171,131,2018-11-15 16:00:00,19.335681113099998,19.335681113099998,19.335681113099998,19.335681113099998,506
172,130,2018-11-16 12:00:00,19.313867803599997,19.313867803599997,19.313867803599997,19.313867803599997,1598
173,129,2018-11-16 14:30:00,19.3828523949,19.3828523949,19.3828523949,19.3828523949,1500
174,128,2018-11-16 15:00:00,19.413845472200002,19.413845472200002,19.413845472200002,19.413845472200002,100
175,127,2018-11-19 10:00:00,19.3229566825,19.3229566825,19.3229566825,19.3229566825,416
176,126,2018-11-19 12:00:00,19.3229566825,19.4424754409,19.3229566825,19.4424754409,828
177,125,2018-11-19 13:00:00,19.2958718232,19.2958718232,19.2958718232,19.2958718232,100
178,124,2018-11-19 13:30:00,19.2995982636,19.2995982636,19.2995982636,19.2995982636,400
179,123,2018-11-19 14:30:00,19.2684234087,19.2820567272,19.2684234087,19.2820567272,3800
180,122,2018-11-19 15:00:00,19.2837836142,19.2837836142,19.2837836142,19.2837836142,107
181,121,2018-11-19 16:00:00,19.2685142975,19.2685142975,19.2684234087,19.2684234087,400
182,120,2018-11-20 10:30:00,19.2229790139,19.2229790139,19.2229790139,19.2229790139,100
183,119,2018-11-20 12:30:00,19.262061193399997,19.262061193399997,19.1411791032,19.2229790139,3341
184,118,2018-11-20 14:00:00,19.4047565932,19.4047565932,19.4047565932,19.4047565932,300
185,117,2018-11-21 11:00:00,19.357767089,19.357767089,19.357767089,19.357767089,200
186,116,2018-11-21 13:30:00,19.3512230961,19.3512230961,19.3512230961,19.3512230961,400
187,115,2018-11-21 15:00:00,19.414481693699997,19.414481693699997,19.414481693699997,19.414481693699997,1000
188,114,2018-11-23 10:00:00,19.195712377,19.4674698581,19.195712377,19.465561193499997,1418
189,113,2018-11-23 13:00:00,19.327501122,19.327501122,19.327501122,19.327501122,320
190,112,2018-11-26 10:00:00,19.2138901349,19.2138901349,19.2138901349,19.2138901349,100
191,111,2018-11-26 11:00:00,19.2775122877,19.3911232748,19.2684234087,19.3911232748,4200
192,110,2018-11-26 11:30:00,19.2684234087,19.4190261332,19.2684234087,19.382034395799998,1907
193,109,2018-11-26 12:00:00,19.2775122877,19.382034395799998,19.2684234087,19.382034395799998,3000
194,108,2018-11-26 12:30:00,19.286601166700002,19.3684010774,19.2684234087,19.308050921,1453
195,107,2018-11-26 13:00:00,19.4212983529,19.4212983529,19.4212983529,19.4212983529,2000
196,106,2018-11-26 14:00:00,19.3502233194,19.4320232301,19.3502233194,19.413845472200002,4763
197,105,2018-11-26 14:30:00,19.4320232301,19.4320232301,19.4320232301,19.4320232301,220
198,104,2018-11-26 15:00:00,19.390214386900002,19.4865565039,19.3502233194,19.4865565039,3778
199,103,2018-11-26 15:30:00,19.4763769595,19.4865565039,19.464652305599998,19.4865565039,1033
200,102,2018-11-26 16:00:00,19.4865565039,19.541089777699998,19.47183252,19.5020984869,6242
201,101,2018-11-27 10:00:00,19.541089777699998,19.541089777699998,19.541089777699998,19.541089777699998,1415
202,100,2018-11-27 11:00:00,19.541089777699998,19.541089777699998,19.541089777699998,19.541089777699998,200
203,99,2018-11-27 11:30:00,19.569174413699997,19.5969863834,19.3911232748,19.5607217563,7843
204,98,2018-11-27 12:00:00,19.5348184512,19.5348184512,19.5342731185,19.5342731185,1000
205,97,2018-11-27 12:30:00,19.5550866513,19.5550866513,19.359312198399998,19.468378746,4353
206,96,2018-11-27 14:30:00,19.5639028639,19.5639028639,19.5639028639,19.5639028639,185
207,95,2018-11-27 15:00:00,19.5566317607,19.5566317607,19.468378746,19.541089777699998,850
208,94,2018-11-27 15:30:00,19.541089777699998,19.541089777699998,19.541089777699998,19.541089777699998,600
209,93,2018-11-27 16:00:00,19.5865341725,19.5865341725,19.5865341725,19.5865341725,100
210,92,2018-11-28 10:00:00,19.477467625,19.477467625,19.477467625,19.477467625,1116
211,91,2018-11-28 11:00:00,19.3956677143,19.5138231408,19.306960255499998,19.3774899563,4575
212,90,2018-11-28 11:30:00,19.4956453829,19.4956453829,19.4956453829,19.4956453829,200
213,89,2018-11-28 12:30:00,19.4956453829,19.516549804500002,19.4274787906,19.516549804500002,3593
214,88,2018-11-28 16:00:00,19.4502009881,19.541089777699998,19.4502009881,19.541089777699998,874
215,87,2018-11-29 10:00:00,19.5469438712,19.5469438712,19.408797389,19.408797389,2000
216,86,2018-11-29 10:30:00,19.491648414700002,19.491648414700002,19.491648414700002,19.491648414700002,338
217,85,2018-11-29 12:00:00,19.5192961429,19.5469438712,19.5192961429,19.5445477347,950
218,84,2018-11-29 13:00:00,19.6483188748,19.6483188748,19.6418677382,19.6418677382,1975
219,83,2018-11-29 13:30:00,19.5838075089,19.5838075089,19.5838075089,19.5838075089,1000
220,82,2018-11-29 14:30:00,19.6266614876,19.6434344428,19.6266614876,19.6434344428,500
221,81,2018-11-29 15:00:00,19.5192961429,19.5192961429,19.491648414700002,19.491648414700002,1145
222,80,2018-11-29 15:30:00,19.5423359165,19.6483188748,19.5423359165,19.6418677382,750
223,79,2018-11-29 16:00:00,19.6483188748,19.675966603,19.5791995541,19.5791995541,857
224,78,2018-11-30 10:00:00,19.675966603,19.675966603,19.675966603,19.675966603,300
225,77,2018-11-30 10:30:00,19.675966603,19.675966603,19.675966603,19.675966603,317
226,76,2018-11-30 11:30:00,19.5434418256,19.5434418256,19.5434418256,19.5434418256,371
227,75,2018-11-30 12:00:00,19.675966603,19.675966603,19.675966603,19.675966603,119
228,74,2018-11-30 13:00:00,19.6068472824,19.675966603,19.5377279618,19.675966603,4573
229,73,2018-11-30 13:30:00,19.8008421756,19.8008421756,19.8008421756,19.8008421756,112
230,72,2018-11-30 14:00:00,19.700388763,19.700388763,19.700388763,19.700388763,139
231,71,2018-11-30 15:00:00,19.6056492142,19.6056492142,19.6056492142,19.6056492142,194
232,70,2018-11-30 15:30:00,19.5745915994,19.6447246701,19.5745915994,19.6447246701,1400
233,69,2018-11-30 16:00:00,19.6314537605,19.6314537605,19.6314537605,19.6314537605,154
234,68,2018-12-03 10:00:00,19.5008643241,19.7220461501,19.5008643241,19.7220461501,1988
235,67,2018-12-03 11:30:00,19.6829706942,19.7128302407,19.6829706942,19.7128302407,903
236,66,2018-12-03 12:00:00,19.5008643241,19.7220461501,19.5008643241,19.5593853489,2118
237,65,2018-12-03 12:30:00,19.6298870559,19.6298870559,19.5963411457,19.5963411457,267
238,64,2018-12-03 13:00:00,19.6634329662,19.6634329662,19.6634329662,19.6634329662,178
239,63,2018-12-03 13:30:00,19.721953991,19.721953991,19.703614331300003,19.703614331300003,1000
240,62,2018-12-03 14:00:00,19.6059256915,19.6059256915,19.6059256915,19.6059256915,117
241,61,2018-12-03 15:00:00,19.675966603,19.7220461501,19.675966603,19.7220461501,903
242,60,2018-12-03 15:30:00,19.653940579500002,19.653940579500002,19.653940579500002,19.653940579500002,407
243,59,2018-12-03 16:00:00,19.6242653512,19.6242653512,19.6242653512,19.6242653512,150
244,58,2018-12-04 10:00:00,19.7220461501,19.7220461501,19.7220461501,19.7220461501,113
245,57,2018-12-04 10:30:00,19.7220461501,19.7220461501,19.7220461501,19.7220461501,195
246,56,2018-12-04 11:30:00,19.6191044419,19.7220461501,19.6191044419,19.7220461501,1904
247,55,2018-12-04 12:30:00,19.7016789903,19.7016789903,19.7016789903,19.7016789903,465
248,54,2018-12-04 14:00:00,19.7681256972,19.7681256972,19.6405775109,19.6405775109,984
249,53,2018-12-04 15:00:00,19.6383656926,19.7220461501,19.6383656926,19.7220461501,420
250,52,2018-12-04 16:00:00,19.7271149003,19.7271149003,19.666750693599997,19.666750693599997,690
251,51,2018-12-06 10:00:00,19.491648414700002,19.491648414700002,19.491648414700002,19.491648414700002,877
252,50,2018-12-06 11:30:00,19.6206711465,19.6206711465,19.6206711465,19.6206711465,255
253,49,2018-12-06 12:30:00,19.5491556895,19.5491556895,19.5491556895,19.5491556895,107
254,48,2018-12-06 13:30:00,19.670344898299998,19.7220461501,19.670344898299998,19.7220461501,1100
255,47,2018-12-06 14:30:00,19.6344950106,19.6782705804,19.6344950106,19.6782705804,563
256,46,2018-12-06 15:00:00,19.560583417100002,19.560583417100002,19.560583417100002,19.560583417100002,750
257,45,2018-12-06 15:30:00,19.6483188748,19.6483188748,19.6483188748,19.6483188748,403
258,44,2018-12-06 16:00:00,19.5681404628,19.675966603,19.5681404628,19.675966603,650
259,43,2018-12-07 10:00:00,19.7220461501,19.7220461501,19.7220461501,19.7220461501,100
260,42,2018-12-07 11:00:00,19.675966603,19.7220461501,19.675966603,19.7220461501,2481
261,41,2018-12-07 12:00:00,19.5261159159,19.7220461501,19.5261159159,19.7220461501,2200
262,40,2018-12-07 13:00:00,19.7220461501,19.7220461501,19.5838075089,19.5838075089,2100
263,39,2018-12-07 14:00:00,19.6851825124,19.6851825124,19.6851825124,19.6851825124,300
264,38,2018-12-10 10:00:00,19.7220461501,19.7220461501,19.7220461501,19.7220461501,100
265,37,2018-12-10 10:30:00,19.703614331300003,19.7220461501,19.703614331300003,19.703614331300003,1500
266,36,2018-12-10 11:00:00,19.7220461501,19.7220461501,19.7220461501,19.7220461501,713
267,35,2018-12-10 12:00:00,19.703614331300003,19.7128302407,19.703614331300003,19.7128302407,667
268,34,2018-12-10 13:00:00,19.6391029654,19.7363308097,19.6298870559,19.7363308097,1000
269,33,2018-12-10 13:30:00,19.7225069456,19.7225069456,19.7225069456,19.7225069456,300
270,32,2018-12-10 14:00:00,19.7681256972,19.7681256972,19.7681256972,19.7681256972,111
271,31,2018-12-10 14:30:00,19.753288083,19.753288083,19.753288083,19.753288083,124
272,30,2018-12-10 15:00:00,19.7220461501,19.7220461501,19.7220461501,19.7220461501,568
273,29,2018-12-10 16:00:00,19.7220461501,19.7681256972,19.7220461501,19.7681256972,2564
274,28,2018-12-11 10:00:00,19.7220461501,19.7220461501,19.7220461501,19.7220461501,100
275,27,2018-12-11 11:00:00,19.7458231964,19.7458231964,19.704351604,19.704351604,1000
276,26,2018-12-11 12:00:00,19.7692316063,19.7692316063,19.7692316063,19.7692316063,476
277,25,2018-12-11 13:00:00,19.814205244300002,19.814205244300002,19.814205244300002,19.814205244300002,100
278,24,2018-12-11 13:30:00,19.814205244300002,19.814205244300002,19.814205244300002,19.814205244300002,200
279,23,2018-12-11 14:00:00,19.703614331300003,19.804989334800002,19.703614331300003,19.804989334800002,500
280,22,2018-12-11 15:00:00,19.814205244300002,19.814205244300002,19.7240736502,19.804989334800002,2812
281,21,2018-12-11 15:30:00,19.804989334800002,19.804989334800002,19.703614331300003,19.7681256972,500
282,20,2018-12-11 16:00:00,19.7681256972,19.7681256972,19.703614331300003,19.7681256972,1079
283,19,2018-12-12 10:30:00,19.5838075089,19.5838075089,19.5838075089,19.5838075089,355
284,18,2018-12-12 11:30:00,19.675966603,19.814205244300002,19.675966603,19.814205244300002,2900
285,17,2018-12-12 12:00:00,19.754301833099998,19.8234211537,19.754301833099998,19.8234211537,1601
286,16,2018-12-12 12:30:00,19.792916493499998,19.864892746,19.792916493499998,19.864892746,628
287,15,2018-12-12 13:00:00,19.864892746,19.864892746,19.864892746,19.864892746,400
288,14,2018-12-12 13:30:00,19.864892746,19.864892746,19.8556768366,19.8556768366,400
289,13,2018-12-12 14:00:00,19.8556768366,19.8556768366,19.7220461501,19.8556768366,1819
290,12,2018-12-12 14:30:00,19.8556768366,19.8556768366,19.8556768366,19.8556768366,408
291,11,2018-12-12 15:00:00,19.8556768366,20.0024862736,19.8556768366,19.8556768366,1050
292,10,2018-12-12 15:30:00,19.8418529725,19.8418529725,19.7856359251,19.832637063099998,729
293,9,2018-12-12 16:00:00,19.832637063099998,19.9063643384,19.675966603,19.832637063099998,1177
294,8,2018-12-13 11:00:00,19.9317080893,19.9317080893,19.9317080893,19.9317080893,1500
295,7,2018-12-13 13:00:00,19.6518209203,19.6518209203,19.6518209203,19.6518209203,298
296,6,2018-12-13 14:30:00,19.6206711465,19.6298870559,19.6099806916,19.6099806916,1194
297,5,2018-12-14 10:30:00,19.9063643384,19.9063643384,19.6114552371,19.9063643384,3250
298,4,2018-12-14 11:00:00,19.897148429,19.897148429,19.5960646684,19.5960646684,1000
299,3,2018-12-14 11:30:00,19.7185441045,19.7185441045,19.7185441045,19.7185441045,600
300,2,2018-12-14 12:00:00,19.897148429,19.897148429,19.897148429,19.897148429,218
301,1,2018-12-14 14:00:00,19.7589097878,19.804989334800002,19.7589097878,19.804989334800002,961
302,0,2018-12-14 14:30:00,19.7324601277,19.7324601277,19.7324601277,19.7324601277,349
303,145,2018-12-17 10:00:00,19.8879325196,19.8879325196,19.8483962682,19.8879325196,1300
304,144,2018-12-17 11:30:00,19.845723654500002,19.897148429,19.845723654500002,19.897148429,1103
305,143,2018-12-17 12:00:00,19.7800142203,19.8585337685,19.7800142203,19.8585337685,571
306,142,2018-12-17 13:00:00,19.827660472,19.9484810444,19.827660472,19.9484810444,1982
307,141,2018-12-17 13:30:00,19.9063643384,19.9321688848,19.8372450178,19.9063643384,1900
308,140,2018-12-17 14:00:00,19.8879325196,19.8879325196,19.7312620595,19.7957734254,1621
309,139,2018-12-17 14:30:00,19.9063643384,19.9340120667,19.8879325196,19.9340120667,5464
310,138,2018-12-17 15:00:00,19.9063643384,19.9063643384,19.749325242,19.814205244300002,2346
311,137,2018-12-17 15:30:00,19.9524438855,19.9524438855,19.943227976099998,19.9524438855,875
312,136,2018-12-17 16:00:00,19.832637063099998,19.9063643384,19.676888194,19.814205244300002,3807
313,135,2018-12-18 10:00:00,19.9524438855,19.9524438855,19.9524438855,19.9524438855,100
314,134,2018-12-18 11:30:00,19.893277747,19.893277747,19.893277747,19.893277747,169
315,133,2018-12-18 12:00:00,19.9063643384,19.9063643384,19.8517139956,19.8602847913,2926
316,132,2018-12-18 14:00:00,19.8202877445,19.8202877445,19.8202877445,19.8202877445,420
317,131,2018-12-18 14:30:00,19.799736266500002,19.799736266500002,19.799736266500002,19.799736266500002,1000
318,130,2018-12-18 15:00:00,19.8114404714,19.9063643384,19.8114404714,19.9063643384,607
319,129,2018-12-18 15:30:00,19.9063643384,19.9201882025,19.9063643384,19.9201882025,1000
320,128,2018-12-18 16:00:00,19.9063643384,19.9524438855,19.8685791098,19.943227976099998,1430
321,127,2018-12-19 10:30:00,19.678915694,19.678915694,19.678915694,19.678915694,500
322,126,2018-12-19 12:30:00,19.7696002427,19.7696002427,19.7696002427,19.7696002427,423
323,125,2018-12-19 13:00:00,19.769047288099998,19.9063643384,19.769047288099998,19.9063643384,2100
324,124,2018-12-19 13:30:00,19.9340120667,19.943227976099998,19.9340120667,19.943227976099998,1000
325,123,2018-12-19 14:00:00,19.8764126328,19.9893075232,19.8552160412,19.9893075232,2184
326,122,2018-12-19 14:30:00,19.9985234326,20.0261711608,19.9985234326,20.0261711608,1200
327,121,2018-12-19 15:00:00,20.0261711608,20.0261711608,20.0261711608,20.0261711608,1111
328,120,2018-12-19 15:30:00,20.0261711608,20.6620689105,20.0261711608,20.5422620881,917
329,119,2018-12-19 16:00:00,20.5422620881,20.6344211823,20.2727888968,20.2727888968,7785
330,118,2018-12-20 10:30:00,20.3948075375,20.3948075375,19.827476153800003,19.827476153800003,399
331,117,2018-12-20 11:00:00,20.0261711608,20.0993454816,19.9063643384,19.9063643384,2769
332,116,2018-12-20 11:30:00,20.1586037791,20.1586037791,20.1586037791,20.1586037791,406
333,115,2018-12-20 12:00:00,20.0446029797,20.0630347985,20.0353870702,20.0353870702,2073
334,114,2018-12-20 14:00:00,19.9257177482,19.9616597949,19.9247961572,19.9247961572,1000
335,113,2018-12-20 14:30:00,19.6851825124,19.8270153583,19.675966603,19.8270153583,2101
336,112,2018-12-20 15:00:00,19.814205244300002,20.2067108263,19.629979215,20.2067108263,2874
337,111,2018-12-21 10:00:00,19.943227976099998,20.219705258599998,19.6852746715,19.8787166102,717
338,110,2018-12-21 10:30:00,19.8879325196,19.8879325196,19.8879325196,19.8879325196,200
339,109,2018-12-21 11:00:00,19.8879325196,20.3948075375,19.8787166102,20.3948075375,8145
340,108,2018-12-21 11:30:00,20.349926058599998,20.384485718900002,20.3118643527,20.3763757186,900
341,107,2018-12-21 12:00:00,20.349926058599998,20.349926058599998,20.349926058599998,20.349926058599998,700
342,106,2018-12-21 12:30:00,20.3118643527,20.3948075375,20.2842166245,20.385591628,1096
343,105,2018-12-21 13:30:00,20.5302814059,20.5302814059,20.5302814059,20.5302814059,1255
344,104,2018-12-21 14:00:00,20.2842166245,20.4312103797,20.2842166245,20.2842166245,850
345,103,2018-12-21 14:30:00,20.2842166245,20.339512081,20.2750007151,20.339512081,3301
346,102,2018-12-21 16:00:00,20.2842166245,20.3474377631,20.2842166245,20.3231077622,1082
347,101,2018-12-24 10:00:00,20.4336065161,20.4336065161,20.3487279904,20.3487279904,659
348,100,2018-12-24 11:30:00,19.740477968900002,20.2750007151,19.740477968900002,20.2750007151,1300
349,99,2018-12-24 12:30:00,20.2738026468,20.2738026468,20.2455098049,20.2455098049,604
350,98,2018-12-24 13:00:00,19.777157288399998,20.2750007151,19.777157288399998,20.2750007151,310
351,97,2018-12-26 10:00:00,20.228921168,20.228921168,19.7497860374,19.7497860374,625
352,96,2018-12-26 10:30:00,20.256568896199997,20.2750007151,20.256568896199997,20.2750007151,1108
353,95,2018-12-26 13:00:00,20.1050593454,20.1050593454,20.1050593454,20.1050593454,421
354,94,2018-12-26 13:30:00,20.1214636642,20.1551938926,20.0446029797,20.0666290032,2518
355,93,2018-12-26 14:00:00,20.0731722988,20.0731722988,20.0731722988,20.0731722988,2000
356,92,2018-12-26 15:30:00,20.1045063909,20.1828416209,20.1045063909,20.1551938926,1700
357,91,2018-12-26 16:30:00,20.1421073013,20.1421073013,20.1421073013,20.1421073013,1846
358,90,2018-12-27 10:00:00,20.3763757186,20.5606939069,20.2232073041,20.3362865127,2552
359,89,2018-12-27 12:00:00,20.3671598092,20.4224552657,20.3487279904,20.4132393563,1400
360,88,2018-12-27 12:30:00,20.4894549272,20.4894549272,20.4894549272,20.4894549272,126
361,87,2018-12-27 13:00:00,20.289838329200002,20.5103750415,20.289838329200002,20.3856837871,1048
362,86,2018-12-27 13:30:00,20.5311108377,20.5311108377,20.2842166245,20.4985786775,1602
363,85,2018-12-27 16:00:00,20.298040488599998,20.298040488599998,20.2842166245,20.2842166245,246
364,84,2018-12-27 16:30:00,20.2750007151,20.2842166245,20.2750007151,20.2842166245,530
365,83,2018-12-28 10:00:00,20.2750007151,20.2750007151,20.2750007151,20.2750007151,200
366,82,2018-12-28 11:00:00,20.3256882168,20.3256882168,20.3210802621,20.3210802621,300
367,81,2018-12-28 13:00:00,20.4232846976,20.5449347018,20.4232846976,20.4869666316,2300
368,80,2018-12-28 13:30:00,20.4307495842,20.4869666316,20.4307495842,20.4869666316,400
369,79,2018-12-28 15:30:00,20.505029814100002,20.505029814100002,20.4721290175,20.482358676900002,1281
370,78,2018-12-28 16:00:00,20.533046178699998,20.533046178699998,20.533046178699998,20.533046178699998,100
371,77,2018-12-31 10:00:00,20.4224552657,20.4224552657,20.418768901900002,20.418768901900002,600
372,76,2018-12-31 11:30:00,20.7176408443,20.7176408443,20.7176408443,20.7176408443,888
373,75,2018-12-31 13:30:00,20.542999360899998,20.542999360899998,20.542999360899998,20.542999360899998,273
374,74,2019-01-02 10:00:00,20.330296171500002,20.330296171500002,20.3210802621,20.3210802621,400
375,73,2019-01-02 13:30:00,20.5408797017,20.5408797017,20.5408797017,20.5408797017,927
376,72,2019-01-02 14:30:00,20.6205973181,20.7451042544,20.6205973181,20.7451042544,2549
377,71,2019-01-02 15:00:00,20.7077798212,20.7077798212,20.7077798212,20.7077798212,150
378,70,2019-01-02 16:00:00,20.7075033439,20.7542280047,20.7075033439,20.7542280047,450
379,69,2019-01-02 16:30:00,20.781875732899998,20.781875732899998,20.781875732899998,20.781875732899998,200
380,68,2019-01-03 10:00:00,20.735796185799998,20.735796185799998,20.735796185799998,20.735796185799998,600
381,67,2019-01-03 11:00:00,20.9043551691,20.9043551691,20.9043551691,20.9043551691,406
382,66,2019-01-03 13:00:00,20.9754098307,20.9754098307,20.9754098307,20.9754098307,600
383,65,2019-01-03 13:30:00,20.9754098307,20.9754098307,20.809523461199998,20.809523461199998,480
384,64,2019-01-03 14:00:00,21.1337391544,21.1337391544,21.0629609701,21.0629609701,289
385,63,2019-01-03 14:30:00,21.1320802907,21.152355291400003,21.049137106,21.0777064252,757
386,62,2019-01-03 15:00:00,21.1044325625,21.1044325625,21.1044325625,21.1044325625,1000
387,61,2019-01-03 15:30:00,21.159728019,21.159728019,21.159728019,21.159728019,431
388,60,2019-01-03 16:00:00,21.1044325625,21.1044325625,20.7680518688,20.9155064195,3169
389,59,2019-01-04 10:00:00,20.735796185799998,20.745012095299998,20.735796185799998,20.745012095299998,1125
390,58,2019-01-04 10:30:00,21.270318932000002,21.270318932000002,20.7634439141,20.7634439141,628
391,57,2019-01-04 11:00:00,20.7634439141,20.8891489185,20.6778281156,20.861224713,3563
392,56,2019-01-04 11:30:00,20.809523461199998,20.938546193,20.569909816400003,20.569909816400003,1242
393,55,2019-01-04 13:00:00,20.9108984648,20.9108984648,20.9108984648,20.9108984648,100
394,54,2019-01-04 13:30:00,20.8698876679,20.9108984648,20.8233473253,20.8233473253,2006
395,53,2019-01-04 14:00:00,20.8233473253,20.8609482357,20.8233473253,20.8233473253,1837
396,52,2019-01-04 14:30:00,20.7772677782,20.8233473253,20.7772677782,20.8233473253,300
397,51,2019-01-04 15:00:00,20.8233473253,20.9108984648,20.8233473253,20.9108984648,220
398,50,2019-01-04 16:00:00,20.5975575446,20.8371711894,20.385591628,20.8371711894,18087
399,49,2019-01-07 10:00:00,20.771553914400002,20.771553914400002,20.771553914400002,20.771553914400002,299
400,48,2019-01-07 11:00:00,20.7634439141,20.8159745978,20.7634439141,20.8159745978,200
401,47,2019-01-07 11:30:00,20.7542280047,20.7542280047,20.7542280047,20.7542280047,200
402,46,2019-01-07 12:00:00,20.7954231198,20.7954231198,20.7311882311,20.735796185799998,3181
403,45,2019-01-07 12:30:00,20.735796185799998,20.7726598235,20.735796185799998,20.740772776900002,916
404,44,2019-01-07 13:00:00,20.7542280047,20.8159745978,20.74962005,20.7956995971,1200
405,43,2019-01-07 13:30:00,20.7542280047,20.7542280047,20.74962005,20.7542280047,400
406,42,2019-01-07 14:00:00,20.7836267557,20.7836267557,20.735796185799998,20.74962005,1913
407,41,2019-01-07 14:30:00,20.74962005,20.7838110739,20.74962005,20.7838110739,341
408,40,2019-01-07 15:00:00,20.745933686199997,20.745933686199997,20.680500729400002,20.680500729400002,1029
409,39,2019-01-07 15:30:00,20.74962005,20.74962005,20.74962005,20.74962005,200
410,38,2019-01-07 16:00:00,20.735796185799998,20.8003075518,20.680500729400002,20.8003075518,1193
411,37,2019-01-08 10:00:00,20.7600340276,20.7600340276,20.7600340276,20.7600340276,400
412,36,2019-01-08 10:30:00,20.745012095299998,20.745012095299998,20.745012095299998,20.745012095299998,500
413,35,2019-01-08 11:00:00,20.613132431500002,20.613132431500002,20.613132431500002,20.613132431500002,140
414,34,2019-01-08 13:00:00,20.613132431500002,20.613132431500002,20.613132431500002,20.613132431500002,600
415,33,2019-01-08 14:30:00,20.680500729400002,20.7433532316,20.680500729400002,20.7433532316,601
416,32,2019-01-08 15:00:00,20.7081484576,20.809523461199998,20.7081484576,20.732478458499997,529
417,31,2019-01-08 15:30:00,20.781875732899998,20.781875732899998,20.781875732899998,20.781875732899998,119
418,30,2019-01-08 16:00:00,20.781875732899998,20.781875732899998,20.7634439141,20.7634439141,264
419,29,2019-01-09 10:00:00,20.807403802,20.807403802,20.807403802,20.807403802,206
420,28,2019-01-09 11:30:00,20.6712848199,20.6712848199,20.6712848199,20.6712848199,400
421,27,2019-01-09 12:00:00,20.7910916423,20.809523461199998,20.7910916423,20.809523461199998,600
422,26,2019-01-09 12:30:00,20.7127564123,20.7127564123,20.7127564123,20.7127564123,515
423,25,2019-01-09 13:30:00,20.781875732899998,20.781875732899998,20.781875732899998,20.781875732899998,221
424,24,2019-01-09 14:00:00,20.781875732899998,21.1873757472,20.7726598235,21.1873757472,5865
425,23,2019-01-09 14:30:00,21.5283643956,21.6113075804,21.4248697329,21.4730689391,1100
426,22,2019-01-09 15:00:00,21.2353906353,21.5053246221,21.2353906353,21.5053246221,1605
427,21,2019-01-09 15:30:00,21.5053246221,21.5053246221,21.380909845,21.380909845,860
428,20,2019-01-09 16:00:00,21.3256143885,21.5652280333,21.3256143885,21.5652280333,400
429,19,2019-01-09 16:30:00,21.048399833199998,21.048399833199998,21.048399833199998,21.048399833199998,5465
430,18,2019-01-10 10:30:00,21.3025746149,21.3191632519,21.3025746149,21.3191632519,794
431,17,2019-01-10 11:00:00,21.4266207557,21.4266207557,21.3025746149,21.3025746149,450
432,16,2019-01-10 11:30:00,21.371693935499998,21.426989392,21.371693935499998,21.426989392,200
433,15,2019-01-10 12:30:00,21.2242393849,21.2242393849,21.2242393849,21.2242393849,200
434,14,2019-01-10 13:30:00,21.440628938,21.440628938,21.440628938,21.440628938,200
435,13,2019-01-10 14:00:00,21.3064452969,21.3064452969,21.242763362799998,21.242763362799998,1015
436,12,2019-01-10 15:00:00,21.4137184825,21.4137184825,21.307274728699998,21.307274728699998,450
437,11,2019-01-10 16:00:00,21.509932576799997,21.509932576799997,21.509932576799997,21.509932576799997,100
438,10,2019-01-11 10:30:00,21.23898484,21.23898484,21.23898484,21.23898484,200
439,9,2019-01-11 11:00:00,21.2887507508,21.2887507508,21.1781598378,21.1781598378,1952
440,8,2019-01-11 11:30:00,20.9661939212,21.1781598378,20.9661939212,21.1781598378,489
441,7,2019-01-11 12:00:00,20.8922823277,21.0743886978,20.8922823277,21.0743886978,1476
442,6,2019-01-11 12:30:00,21.1320802907,21.1320802907,21.1320802907,21.1320802907,100
443,5,2019-01-11 13:00:00,20.9778981262,20.9778981262,20.9778981262,20.9778981262,1000
444,4,2019-01-11 13:30:00,20.9800177854,20.9800177854,20.9800177854,20.9800177854,100
445,3,2019-01-11 14:00:00,21.0555882426,21.0555882426,21.0555882426,21.0555882426,150
446,2,2019-01-11 14:30:00,21.1781598378,21.1781598378,21.1781598378,21.1781598378,100
447,1,2019-01-11 16:00:00,21.1781598378,21.1781598378,21.1781598378,21.1781598378,100
448,0,2019-01-11 16:30:00,21.2168666574,21.2168666574,21.2168666574,21.2168666574,500
449,146,2019-01-14 10:30:00,21.1781598378,21.1781598378,21.1781598378,21.1781598378,289
450,145,2019-01-14 11:00:00,21.1691282466,21.1781598378,21.1044325625,21.1781598378,1877
451,144,2019-01-14 12:30:00,21.1075659717,21.1075659717,21.1075659717,21.1075659717,753
452,143,2019-01-14 13:30:00,21.1200996085,21.1200996085,21.1200996085,21.1200996085,146
453,142,2019-01-14 15:30:00,21.168943928399997,21.168943928399997,21.168943928399997,21.168943928399997,201
454,141,2019-01-15 10:00:00,21.0767848342,21.0767848342,21.0721768795,21.0721768795,1605
455,140,2019-01-15 10:30:00,21.06093347,21.06093347,21.0307052872,21.0307052872,1099
456,139,2019-01-15 11:00:00,20.8943098278,20.8943098278,20.8943098278,20.8943098278,120
457,138,2019-01-15 11:30:00,20.8808546001,20.8808546001,20.8808546001,20.8808546001,2049
458,137,2019-01-15 12:30:00,20.9625075575,20.9625075575,20.9625075575,20.9625075575,102
459,136,2019-01-15 14:00:00,20.9514484662,20.9527386935,20.9514484662,20.9527386935,217
460,135,2019-01-15 15:00:00,20.962415398399997,21.0029653998,20.962415398399997,21.0029653998,930
461,134,2019-01-15 15:30:00,20.9569780118,20.9569780118,20.8924666459,20.9569780118,2970
462,133,2019-01-15 16:00:00,20.9754098307,21.1412962001,20.9615859665,21.1412962001,4446
463,132,2019-01-16 10:00:00,21.1412962001,21.1412962001,21.058353015399998,21.058353015399998,900
464,131,2019-01-16 11:00:00,21.127011540599998,21.127011540599998,21.0537450607,21.122772222200002,1600
465,130,2019-01-16 12:00:00,21.0294150598,21.1680223375,21.0294150598,21.1206525631,1079
466,129,2019-01-16 12:30:00,21.1412962001,21.1505121096,21.1412962001,21.1505121096,501
467,128,2019-01-16 16:00:00,21.1320802907,21.1320802907,21.1320802907,21.1320802907,204
468,127,2019-01-17 11:30:00,21.13622745,21.13622745,21.13622745,21.13622745,300
469,126,2019-01-17 13:30:00,20.9931965358,20.9931965358,20.9931965358,20.9931965358,175
470,125,2019-01-17 14:00:00,20.9997398315,20.9997398315,20.9997398315,20.9997398315,300
471,124,2019-01-17 15:30:00,21.0022281271,21.0022281271,21.0022281271,21.0022281271,1000
472,123,2019-01-17 16:00:00,21.049137106,21.049137106,21.049137106,21.049137106,100
473,122,2019-01-18 10:00:00,20.993841649500002,20.993841649500002,20.993841649500002,20.993841649500002,100
474,121,2019-01-18 12:30:00,21.1035109715,21.1035109715,21.1035109715,21.1035109715,445
475,120,2019-01-22 10:00:00,21.168943928399997,21.168943928399997,21.0030575589,21.0030575589,2380
476,119,2019-01-22 11:00:00,20.997712331400002,21.026650287,20.997712331400002,21.0122734683,2100
477,118,2019-01-22 13:30:00,21.0122734683,21.0122734683,21.0122734683,21.0122734683,478
478,117,2019-01-22 14:00:00,20.7634439141,20.8469400534,20.7542280047,20.7865758467,1600
479,116,2019-01-22 14:30:00,20.9614938074,20.9614938074,20.8469400534,20.8887802822,1390
480,115,2019-01-23 10:00:00,20.8924666459,20.8924666459,20.8924666459,20.8924666459,1300
481,114,2019-01-23 10:30:00,20.7542280047,20.7634439141,20.7542280047,20.7634439141,2200
482,113,2019-01-23 11:00:00,21.0997324487,21.0997324487,21.0997324487,21.0997324487,800
483,112,2019-01-23 13:30:00,20.7910916423,20.7910916423,20.7910916423,20.7910916423,1000
484,111,2019-01-23 15:30:00,21.062868810999998,21.062868810999998,21.062868810999998,21.062868810999998,860
485,110,2019-01-23 16:00:00,20.9431541477,21.1044325625,20.9431541477,21.1044325625,2197
486,109,2019-01-24 10:00:00,20.8858311911,20.8858311911,20.8858311911,20.8858311911,600
487,108,2019-01-24 11:30:00,20.8786427818,20.8786427818,20.8786427818,20.8786427818,200
488,107,2019-01-24 12:00:00,20.8740348271,21.0399211966,20.791183801400003,21.0399211966,1302
489,106,2019-01-24 13:00:00,21.0307052872,21.0399211966,20.9846257401,20.9959613087,836
490,105,2019-01-24 14:00:00,20.9016825553,20.9016825553,20.9016825553,20.9016825553,800
491,104,2019-01-24 16:00:00,20.993841649500002,20.993841649500002,20.993841649500002,20.993841649500002,103
492,103,2019-01-25 10:00:00,21.086000743699998,21.086000743699998,21.086000743699998,21.086000743699998,100
493,102,2019-01-25 11:30:00,20.8904391458,20.8904391458,20.8904391458,20.8904391458,300
494,101,2019-01-25 12:00:00,21.0107989228,21.0107989228,21.0107989228,21.0107989228,300
495,100,2019-01-25 16:00:00,21.0122734683,21.1123582446,21.0030575589,21.1123582446,800
496,99,2019-01-28 11:00:00,21.0030575589,21.058353015399998,21.0030575589,21.058353015399998,300
497,98,2019-01-28 11:30:00,21.1412962001,21.1412962001,21.0896871074,21.0896871074,1100
498,97,2019-01-28 12:00:00,21.058353015399998,21.080471197999998,21.058353015399998,21.080471197999998,1898
499,96,2019-01-28 12:30:00,21.1044325625,21.1781598378,21.1044325625,21.1044325625,1100
500,95,2019-01-28 13:00:00,21.1781598378,21.1781598378,21.1781598378,21.1781598378,100
501,94,2019-01-28 13:30:00,21.1781598378,21.1781598378,21.1044325625,21.1044325625,661
502,93,2019-01-28 14:00:00,21.1781598378,21.2150234755,21.1781598378,21.2150234755,1021
503,92,2019-01-28 14:30:00,21.2150234755,21.2611030226,21.2150234755,21.2518871131,627
504,91,2019-01-28 15:00:00,21.2518871131,21.2611030226,21.2518871131,21.2611030226,584
505,90,2019-01-28 15:30:00,21.2611030226,21.426989392,21.2611030226,21.426989392,1635
506,89,2019-01-28 16:00:00,21.380909845,21.380909845,21.380909845,21.380909845,282
507,88,2019-01-29 10:00:00,21.5007166674,21.5007166674,21.3630309807,21.3630309807,965
508,87,2019-01-29 11:30:00,21.537580305,21.537580305,21.3939964363,21.3939964363,500
509,86,2019-01-29 12:30:00,21.477676893800002,21.477676893800002,21.4178656417,21.4178656417,600
510,85,2019-01-29 13:00:00,21.445421210899998,21.509932576799997,21.3993416638,21.4708571209,2001
511,84,2019-01-29 14:00:00,21.4325189377,21.509932576799997,21.4325189377,21.509932576799997,1100
512,83,2019-01-29 15:00:00,21.5037579175,21.509932576799997,21.4730689391,21.509932576799997,732
513,82,2019-01-29 16:00:00,21.5007166674,21.5007166674,21.4730689391,21.4730689391,300
514,81,2019-01-30 10:00:00,21.2887507508,21.2887507508,21.2887507508,21.2887507508,100
515,80,2019-01-30 10:30:00,21.2887507508,21.2887507508,21.2887507508,21.2887507508,810
516,79,2019-01-30 11:00:00,21.2631305226,21.2631305226,21.2631305226,21.2631305226,100
517,78,2019-01-30 12:00:00,21.3412814345,21.3412814345,21.3412814345,21.3412814345,150
518,77,2019-01-30 12:30:00,21.3081041606,21.3081041606,21.3081041606,21.3081041606,525
519,76,2019-01-30 13:30:00,21.4085575732,21.6297393992,21.3560268895,21.5560121239,4135
520,75,2019-01-30 14:00:00,21.685034855700003,21.685034855700003,21.4730689391,21.537580305,4210
521,74,2019-01-30 14:30:00,21.5191484862,21.786409859299997,21.5191484862,21.786409859299997,313
522,73,2019-01-30 15:00:00,21.657387127399996,21.657387127399996,21.569835988,21.657387127399996,700
523,72,2019-01-30 15:30:00,21.657387127399996,21.657387127399996,21.4794279166,21.6389553086,387
524,71,2019-01-30 16:00:00,21.6297393992,21.6389553086,21.5348155322,21.6297393992,758
525,70,2019-01-31 10:00:00,21.6297393992,21.6389553086,21.6297393992,21.6389553086,4001
526,69,2019-01-31 10:30:00,21.482284848499997,21.6389553086,21.482284848499997,21.6389553086,200
527,68,2019-01-31 11:00:00,21.5652280333,21.5652280333,21.5652280333,21.5652280333,307
528,67,2019-01-31 12:30:00,21.389664958900003,21.389664958900003,21.389664958900003,21.389664958900003,135
529,66,2019-01-31 13:00:00,21.4730689391,21.7034666745,21.4730689391,21.7034666745,7100
530,65,2019-01-31 13:30:00,21.685034855700003,21.685034855700003,21.657387127399996,21.657387127399996,1500
531,64,2019-01-31 14:00:00,21.6988587198,21.6988587198,21.602091670900002,21.6297393992,1300
532,63,2019-01-31 14:30:00,21.685034855700003,21.6942507651,21.6701050824,21.6942507651,686
533,62,2019-01-31 15:00:00,21.7043882655,21.7043882655,21.3440462073,21.5283643956,1600
534,61,2019-01-31 15:30:00,21.5283643956,21.685034855700003,21.5283643956,21.685034855700003,4608
535,60,2019-01-31 16:00:00,21.685034855700003,21.7495462216,21.5652280333,21.7495462216,4304
536,59,2019-02-01 10:00:00,22.1273985077,22.1273985077,21.8040122462,22.035239413499998,1530
537,58,2019-02-01 10:30:00,21.2099547253,22.1450008946,21.2099547253,22.1450008946,2630
538,57,2019-02-01 11:00:00,21.3164906381,21.3164906381,21.3164906381,21.3164906381,375
539,56,2019-02-01 13:00:00,21.832489406300002,22.0260235041,21.7218984934,22.0260235041,688
540,55,2019-02-01 13:30:00,21.7034666745,21.989159866399998,21.6437475815,21.6437475815,2548
541,54,2019-02-01 14:30:00,22.1965178283,22.1965178283,22.1965178283,22.1965178283,100
542,53,2019-02-01 15:00:00,22.0813189606,22.102515552199996,22.0813189606,22.102515552199996,400
543,52,2019-02-01 15:30:00,22.201125783000002,22.201125783000002,22.016807594699998,22.016807594699998,1024
544,51,2019-02-01 16:00:00,22.0813189606,22.0813189606,21.999297366799997,21.999297366799997,400
545,50,2019-02-04 12:30:00,21.9937678211,21.9937678211,21.8970007723,21.8970007723,1010
546,49,2019-02-04 14:30:00,21.9707280476,21.9707280476,21.9707280476,21.9707280476,122
547,48,2019-02-05 10:00:00,22.0444553229,22.0444553229,22.0444553229,22.0444553229,806
548,47,2019-02-05 12:00:00,21.922344523099998,21.922344523099998,21.922344523099998,21.922344523099998,200
549,46,2019-02-05 13:30:00,21.974230093200003,22.0260235041,21.974230093200003,22.0260235041,1224
550,45,2019-02-05 14:00:00,22.0444553229,22.0444553229,22.0444553229,22.0444553229,400
551,44,2019-02-05 14:30:00,22.0444553229,22.0444553229,22.035239413499998,22.0444553229,900
552,43,2019-02-05 15:00:00,22.0444553229,22.0444553229,22.0353315726,22.0353315726,768
553,42,2019-02-05 15:30:00,22.0536712323,22.0536712323,22.0260235041,22.0536712323,1211
554,41,2019-02-05 16:00:00,22.0444553229,22.047220095700002,22.0444553229,22.047220095700002,1500
555,40,2019-02-06 10:00:00,21.906216681700002,21.906216681700002,21.906216681700002,21.906216681700002,500
556,39,2019-02-06 11:00:00,21.9983757758,21.9983757758,21.8878770219,21.8878770219,746
557,38,2019-02-06 12:00:00,21.583659852100002,21.583659852100002,21.583659852100002,21.583659852100002,235
558,37,2019-02-06 12:30:00,21.8417053158,21.9477804331,21.8417053158,21.9477804331,515
559,36,2019-02-06 14:00:00,22.0899819154,22.0899819154,22.0899819154,22.0899819154,400
560,35,2019-02-06 14:30:00,22.0289725951,22.0289725951,21.951743274200002,21.951743274200002,1097
561,34,2019-02-06 15:30:00,22.021599867600003,22.021599867600003,22.021599867600003,22.021599867600003,500
562,33,2019-02-06 16:00:00,21.9983757758,22.108966688800002,21.9522962288,22.108966688800002,1273
563,32,2019-02-06 16:30:00,22.0260235041,22.0260235041,22.0260235041,22.0260235041,746
564,31,2019-02-07 10:00:00,21.9707280476,21.9707280476,21.9707280476,21.9707280476,100
565,30,2019-02-07 11:00:00,21.774982131599998,21.774982131599998,21.740330312199998,21.740330312199998,1102
566,29,2019-02-07 11:30:00,21.906216681700002,21.906216681700002,21.906216681700002,21.906216681700002,200
567,28,2019-02-07 13:00:00,21.774982131599998,21.774982131599998,21.774982131599998,21.774982131599998,400
568,27,2019-02-07 14:30:00,21.933864409899996,21.933864409899996,21.933864409899996,21.933864409899996,100
569,26,2019-02-07 15:30:00,21.943080319299998,22.1181825982,21.943080319299998,22.1181825982,1600
570,25,2019-02-07 16:00:00,22.1181825982,22.1734780547,22.1181825982,22.1734780547,700
571,24,2019-02-08 10:00:00,21.979943957,22.01219964,21.657387127399996,21.657387127399996,11384
572,23,2019-02-08 12:00:00,21.8865867946,22.043533731999997,21.7956257687,22.043533731999997,2639
573,22,2019-02-08 12:30:00,22.035239413499998,22.035239413499998,22.016807594699998,22.016807594699998,210
574,21,2019-02-08 13:00:00,22.016807594699998,22.016807594699998,22.016807594699998,22.016807594699998,390
575,20,2019-02-08 14:30:00,22.237159988800002,22.237159988800002,22.237159988800002,22.237159988800002,100
576,19,2019-02-11 10:00:00,22.422307609,22.422307609,22.422307609,22.422307609,100
577,18,2019-02-11 10:30:00,21.8532252025,21.8532252025,21.8532252025,21.8532252025,122
578,17,2019-02-11 11:00:00,22.4499553372,22.477603065500002,22.4499553372,22.477603065500002,707
579,16,2019-02-11 11:30:00,22.2472053301,22.2472053301,22.2472053301,22.2472053301,200
580,15,2019-02-11 12:30:00,22.210341692399997,22.2453621482,22.210341692399997,22.2453621482,200
581,14,2019-02-11 13:00:00,22.2195576018,22.4407394278,22.2195576018,22.4407394278,705
582,13,2019-02-11 14:00:00,22.0090662308,22.3670121525,22.0090662308,22.3670121525,500
583,12,2019-02-11 15:00:00,22.1504382812,22.3670121525,21.869813839499997,22.3670121525,6211
584,11,2019-02-12 10:00:00,21.906216681700002,22.0793836196,21.906216681700002,21.979943957,3312
585,10,2019-02-12 10:30:00,22.049063277600002,22.049063277600002,21.8970007723,21.9154325911,1600
586,9,2019-02-12 11:00:00,21.9154325911,21.9154325911,21.878568953400002,21.8970007723,1117
587,8,2019-02-12 11:30:00,21.906124522600003,21.906124522600003,21.8659431575,21.8659431575,600
588,7,2019-02-12 12:00:00,21.906216681700002,21.906216681700002,21.887784862800004,21.906216681700002,1999
589,6,2019-02-12 13:00:00,22.261858626,22.261858626,22.261858626,22.261858626,303
590,5,2019-02-12 13:30:00,21.8970007723,21.906216681700002,21.8970007723,21.8970007723,1016
591,4,2019-02-12 14:00:00,21.9154325911,21.924648500500002,21.906216681700002,21.924648500500002,905
592,3,2019-02-12 14:30:00,22.2567898759,22.2567898759,22.2567898759,22.2567898759,145
593,2,2019-02-12 15:00:00,22.1919098736,22.1919098736,21.8509212252,21.8509212252,327
594,1,2019-02-12 15:30:00,22.480367838299998,22.480367838299998,22.480367838299998,22.480367838299998,1000
595,0,2019-02-12 16:00:00,21.933864409899996,21.933864409899996,21.8509212252,21.869353044,2890
596,144,2019-02-13 10:00:00,21.8417053158,21.8417053158,21.832489406300002,21.8417053158,6198
597,143,2019-02-13 11:30:00,21.8370973611,21.8370973611,21.8370973611,21.8370973611,120
598,142,2019-02-13 12:00:00,21.797745427800002,21.797745427800002,21.797745427800002,21.797745427800002,400
599,141,2019-02-13 13:30:00,21.8417053158,21.9394861147,21.832489406300002,21.9394861147,1250
600,140,2019-02-13 14:30:00,21.933864409899996,21.933864409899996,21.933864409899996,21.933864409899996,219
601,139,2019-02-13 15:00:00,21.933864409899996,21.933864409899996,21.933864409899996,21.933864409899996,581
602,138,2019-02-13 16:00:00,21.933864409899996,21.933864409899996,21.933864409899996,21.933864409899996,375
603,137,2019-02-13 17:00:00,21.869353044,21.887784862800004,21.869353044,21.887784862800004,774
604,136,2019-02-14 10:00:00,21.933864409899996,21.933864409899996,21.933864409899996,21.933864409899996,104
605,135,2019-02-14 10:30:00,21.740330312199998,21.7703741769,21.731114402800003,21.770282017800003,2100
606,134,2019-02-14 13:00:00,22.0444553229,22.0444553229,22.0444553229,22.0444553229,100
607,133,2019-02-14 13:30:00,21.942803842100002,21.942803842100002,21.933864409899996,21.933864409899996,325
608,132,2019-02-14 14:00:00,21.933864409899996,22.0444553229,21.933864409899996,22.0444553229,2302
609,131,2019-02-14 15:00:00,21.981971457100002,21.981971457100002,21.981971457100002,21.981971457100002,400
610,130,2019-02-14 15:30:00,22.008881912600003,22.008881912600003,22.008881912600003,22.008881912600003,402
611,129,2019-02-15 10:00:00,21.7771939498,21.7771939498,21.7679780404,21.7679780404,950
612,128,2019-02-15 15:00:00,21.7956257687,21.855529179899996,21.7956257687,21.855529179899996,290
613,127,2019-02-19 10:00:00,22.2564212395,22.2564212395,22.2564212395,22.2564212395,1108
614,126,2019-02-19 10:30:00,21.9596689563,22.2554996485,21.9596689563,22.2521819211,1500
615,125,2019-02-19 12:00:00,22.1379046444,22.1379046444,22.1379046444,22.1379046444,1000
616,124,2019-02-19 12:30:00,22.2287735112,22.2287735112,22.2287735112,22.2287735112,294
617,123,2019-02-19 13:00:00,22.237989420599998,22.237989420599998,22.2036140785,22.2195576018,1100
618,122,2019-02-19 14:30:00,22.238081579699998,22.238081579699998,22.238081579699998,22.238081579699998,300
619,121,2019-02-19 16:00:00,22.210341692399997,22.210341692399997,22.210341692399997,22.210341692399997,180
620,120,2019-02-20 10:00:00,22.2472053301,22.2472053301,22.2472053301,22.2472053301,200
621,119,2019-02-20 10:30:00,21.933864409899996,21.933864409899996,21.933864409899996,21.933864409899996,200
622,118,2019-02-20 15:30:00,22.202047373899997,22.202047373899997,22.183339077800003,22.183339077800003,500
623,117,2019-02-20 16:00:00,22.2472053301,22.2564212395,22.1366144171,22.1366144171,1373
624,116,2019-02-21 11:00:00,22.201402260300004,22.201402260300004,22.201402260300004,22.201402260300004,134
625,115,2019-02-21 14:00:00,22.223704761100002,22.223704761100002,22.223704761100002,22.223704761100002,122
626,114,2019-02-21 15:30:00,22.194766805500002,22.194766805500002,22.194766805500002,22.194766805500002,1225
627,113,2019-02-21 16:00:00,22.2195576018,22.2195576018,22.2195576018,22.2195576018,561
628,112,2019-02-22 10:30:00,22.2195576018,22.2195576018,22.2195576018,22.2195576018,1000
629,111,2019-02-22 13:00:00,22.2241655565,22.2287735112,22.2195576018,22.2287735112,1004
630,110,2019-02-22 15:00:00,22.2564212395,22.2564212395,22.2564212395,22.2564212395,700
631,109,2019-02-25 10:00:00,22.3485803336,22.3485803336,22.1181825982,22.1182747573,3762
632,108,2019-02-25 10:30:00,22.299551695500003,22.299551695500003,22.2564212395,22.2564212395,400
633,107,2019-02-25 12:00:00,22.304804763899998,22.304804763899998,22.304804763899998,22.304804763899998,153
634,106,2019-02-25 13:00:00,22.2564212395,22.4637792013,22.2564212395,22.4637792013,5546
635,105,2019-02-25 14:00:00,22.532898521999996,22.532898521999996,22.532898521999996,22.532898521999996,534
636,104,2019-02-25 14:30:00,22.532898521999996,22.578978069,22.532898521999996,22.558518750100003,1474
637,103,2019-02-25 15:00:00,22.560638409299997,22.560638409299997,22.560546250199998,22.560546250199998,900
638,102,2019-02-25 15:30:00,22.578978069,22.578978069,22.3946598807,22.432445109299998,3940
639,101,2019-02-25 16:00:00,22.560546250199998,22.560546250199998,22.560546250199998,22.560546250199998,100
640,100,2019-02-26 10:00:00,22.4407394278,22.4407394278,22.4407394278,22.4407394278,100
641,99,2019-02-26 10:30:00,22.578978069,22.578978069,22.578978069,22.578978069,100
642,98,2019-02-26 11:00:00,22.578978069,22.578978069,22.578978069,22.578978069,322
643,97,2019-02-26 11:30:00,22.574738750700003,22.574738750700003,22.574738750700003,22.574738750700003,104
644,96,2019-02-26 12:00:00,22.6250576161,22.6250576161,22.6250576161,22.6250576161,243
645,95,2019-02-26 12:30:00,22.6250576161,22.763296257399997,22.6250576161,22.763296257399997,3910
646,94,2019-02-26 13:30:00,22.763296257399997,22.763296257399997,22.763296257399997,22.763296257399997,100
647,93,2019-02-26 14:30:00,22.763296257399997,22.763296257399997,22.7264326197,22.7264326197,229
648,92,2019-02-26 15:00:00,22.763296257399997,22.763296257399997,22.763296257399997,22.763296257399997,200
649,91,2019-02-26 15:30:00,22.763296257399997,22.763296257399997,22.735648529099997,22.735648529099997,200
650,90,2019-02-26 16:00:00,22.763296257399997,22.763296257399997,22.7172167103,22.7172167103,327
651,89,2019-02-27 10:00:00,22.748979004899997,22.8583867637,22.748979004899997,22.7583061796,3218
652,88,2019-02-27 11:00:00,22.786287703600003,22.8238762175,22.5637413161,22.5637413161,1705
653,87,2019-02-27 12:00:00,22.967701250799998,22.967701250799998,22.967701250799998,22.967701250799998,471
654,86,2019-02-27 13:00:00,23.047448594099997,23.047448594099997,22.9914855462,23.047448594099997,982
655,85,2019-02-27 13:30:00,22.8186529996,23.047448594099997,22.571855958,23.047448594099997,661
656,84,2019-02-27 14:30:00,23.047448594099997,23.047448594099997,23.010139895500004,23.010139895500004,200
657,83,2019-02-27 15:00:00,23.047448594099997,23.047448594099997,22.8329235769,22.8329235769,200
658,82,2019-02-27 15:30:00,23.047448594099997,23.047448594099997,22.944849672800004,22.944849672800004,200
659,81,2019-02-27 16:00:00,22.944849672800004,22.944849672800004,22.944849672800004,22.944849672800004,233
660,80,2019-02-28 10:30:00,22.8433700125,22.8433700125,22.8433700125,22.8433700125,420
661,79,2019-02-28 11:30:00,22.944849672800004,22.944849672800004,22.944849672800004,22.944849672800004,768
662,78,2019-02-28 12:00:00,22.944849672800004,22.944849672800004,22.944849672800004,22.944849672800004,212
663,77,2019-02-28 13:00:00,23.0661029435,23.0661029435,23.0661029435,23.0661029435,100
664,76,2019-02-28 14:00:00,22.9914855462,22.9914855462,22.9914855462,22.9914855462,2330
665,75,2019-02-28 14:30:00,22.940186085500002,22.940186085500002,22.940186085500002,22.940186085500002,200
666,74,2019-02-28 15:00:00,22.9914855462,23.068901095900003,22.9914855462,23.0661029435,5470
667,73,2019-02-28 15:30:00,22.805035324600002,22.940186085500002,22.805035324600002,22.930858910900003,1000
668,72,2019-02-28 16:00:00,22.9355224982,23.084757292800003,22.8982137995,23.075430118099998,2811
669,71,2019-03-01 10:00:00,23.0567757688,23.0567757688,22.851577926199997,22.9261953235,3135
670,70,2019-03-01 10:30:00,22.9355224982,22.9914855462,22.9355224982,22.9914855462,1385
671,69,2019-03-01 11:00:00,22.9914855462,22.9914855462,22.9914855462,22.9914855462,495
672,68,2019-03-01 11:30:00,23.039054136999997,23.084757292800003,22.8142692276,22.8142692276,1078
673,67,2019-03-01 12:00:00,23.1873562141,23.2153377381,23.1873562141,23.2153377381,300
674,66,2019-03-01 13:00:00,23.1593746901,23.178029039400002,23.1593746901,23.178029039400002,1335
675,65,2019-03-01 13:30:00,23.178029039400002,23.178029039400002,23.1313931661,23.1313931661,1054
676,64,2019-03-01 14:00:00,23.178029039400002,23.178029039400002,23.178029039400002,23.178029039400002,100
677,63,2019-03-01 15:00:00,23.178029039400002,23.178029039400002,23.178029039400002,23.178029039400002,100
678,62,2019-03-01 15:30:00,23.1966833888,23.1966833888,23.1966833888,23.1966833888,159
679,61,2019-03-01 16:00:00,23.1966833888,23.271300786100003,23.1966833888,23.271300786100003,3016
680,60,2019-03-04 10:00:00,23.2246649128,23.2992823101,23.2246649128,23.2433192621,737
681,59,2019-03-04 11:30:00,23.2246649128,23.2433192621,23.2246649128,23.2246649128,600
682,58,2019-03-04 12:30:00,23.1593746901,23.1593746901,23.1593746901,23.1593746901,100
683,57,2019-03-04 13:00:00,23.1593746901,23.271300786100003,23.1593746901,23.2246649128,1325
684,56,2019-03-04 13:30:00,23.2619736114,23.2619736114,23.2619736114,23.2619736114,100
685,55,2019-03-04 14:00:00,23.2421067294,23.2421067294,23.178029039400002,23.178029039400002,832
686,54,2019-03-04 14:30:00,23.1220659915,23.2899551354,23.0661029435,23.2899551354,6487
687,53,2019-03-04 15:00:00,23.2619736114,23.2619736114,23.2433192621,23.2433192621,300
688,52,2019-03-04 15:30:00,23.1687018648,23.3179366594,23.1687018648,23.3179366594,4457
689,51,2019-03-04 16:00:00,23.144078123699998,23.308609484699996,23.144078123699998,23.308609484699996,402
690,50,2019-03-05 10:00:00,23.271300786100003,23.271300786100003,23.2167368143,23.2167368143,896
691,49,2019-03-05 11:00:00,23.271300786100003,23.271300786100003,23.271300786100003,23.271300786100003,1304
692,48,2019-03-05 11:30:00,23.2899551354,23.2899551354,23.2899551354,23.2899551354,300
693,47,2019-03-05 12:00:00,23.2899551354,23.308609484699996,23.2899551354,23.308609484699996,318
694,46,2019-03-05 13:00:00,23.271300786100003,23.271300786100003,23.271300786100003,23.271300786100003,217
695,45,2019-03-05 15:00:00,23.271300786100003,23.271300786100003,23.271300786100003,23.271300786100003,104
696,44,2019-03-05 15:30:00,23.1966833888,23.2433192621,23.1128320885,23.2433192621,2100
697,43,2019-03-05 16:00:00,23.1066761533,23.1066761533,23.1066761533,23.1066761533,280
698,42,2019-03-06 12:30:00,23.178029039400002,23.178029039400002,23.1687018648,23.178029039400002,1583
699,41,2019-03-06 13:30:00,23.1687018648,23.178029039400002,23.1687018648,23.178029039400002,218
700,40,2019-03-06 14:00:00,23.2246649128,23.2246649128,23.2246649128,23.2246649128,246
701,39,2019-03-06 14:30:00,23.2153377381,23.2153377381,23.2153377381,23.2153377381,100
702,38,2019-03-06 15:00:00,23.1687018648,23.1687018648,23.1687018648,23.1687018648,200
703,37,2019-03-06 16:00:00,23.2246649128,23.3179366594,23.2246649128,23.3179366594,1789
704,36,2019-03-07 10:00:00,23.114324436500002,23.1220659915,23.0940844675,23.0940844675,1815
705,35,2019-03-07 11:30:00,23.084757292800003,23.084757292800003,23.084757292800003,23.084757292800003,566
706,34,2019-03-07 12:00:00,23.084757292800003,23.084757292800003,23.084757292800003,23.084757292800003,266
707,33,2019-03-07 12:30:00,23.084757292800003,23.084757292800003,23.084757292800003,23.084757292800003,1574
708,32,2019-03-07 13:00:00,22.9482074557,23.113018632,22.888886624899996,22.907820789400002,1894
709,31,2019-03-07 14:00:00,23.203585498000002,23.203585498000002,23.203585498000002,23.203585498000002,1000
710,30,2019-03-07 14:30:00,23.1966833888,23.1966833888,23.1966833888,23.1966833888,366
711,29,2019-03-07 15:00:00,23.1873562141,23.1966833888,23.1873562141,23.194071779899996,766
712,28,2019-03-07 16:00:00,23.2619736114,23.280627960700002,23.2619736114,23.280627960700002,300
713,27,2019-03-08 10:00:00,23.0940844675,23.0940844675,23.0940844675,23.0940844675,100
714,26,2019-03-08 14:00:00,22.976282251500002,23.2433192621,22.966955076799998,23.2433192621,505
715,25,2019-03-08 14:30:00,23.2619736114,23.2619736114,23.2619736114,23.2619736114,100
716,24,2019-03-08 15:30:00,23.233992087399997,23.233992087399997,23.233992087399997,23.233992087399997,100
717,23,2019-03-11 10:00:00,23.0940844675,23.0940844675,23.0940844675,23.0940844675,543
718,22,2019-03-11 13:30:00,23.271300786100003,23.271300786100003,23.0568690406,23.0568690406,600
719,21,2019-03-11 14:00:00,23.1687018648,23.1687018648,23.1687018648,23.1687018648,190
720,20,2019-03-11 16:00:00,23.178029039400002,23.178029039400002,23.178029039400002,23.178029039400002,100
721,19,2019-03-12 10:30:00,22.9449429446,22.9449429446,22.9449429446,22.9449429446,1239
722,18,2019-03-12 11:30:00,23.169354766999998,23.169354766999998,23.169354766999998,23.169354766999998,600
723,17,2019-03-12 14:30:00,23.1313931661,23.150047515500003,23.075430118099998,23.075430118099998,2011
724,16,2019-03-12 15:00:00,22.982158371500002,23.1313931661,22.9355224982,22.9452227598,1481
725,15,2019-03-12 15:30:00,23.038121419499998,23.038121419499998,23.038121419499998,23.038121419499998,100
726,14,2019-03-12 16:00:00,23.112738816799997,23.112738816799997,23.112738816799997,23.112738816799997,100
727,13,2019-03-13 10:00:00,22.972831196799998,22.972831196799998,22.972831196799998,22.972831196799998,100
728,12,2019-03-13 12:00:00,23.178029039400002,23.178029039400002,23.178029039400002,23.178029039400002,100
729,11,2019-03-13 13:00:00,23.1593746901,23.1593746901,23.1593746901,23.1593746901,120
730,10,2019-03-13 13:30:00,23.1110599254,23.1110599254,23.063118247600002,23.070953074299997,2100
731,9,2019-03-13 14:00:00,23.0800937055,23.178029039400002,23.0800937055,23.178029039400002,308
732,8,2019-03-13 15:30:00,23.178029039400002,23.178029039400002,23.178029039400002,23.178029039400002,200
733,7,2019-03-13 16:00:00,23.178029039400002,23.178029039400002,23.084757292800003,23.084757292800003,214
734,6,2019-03-13 16:30:00,23.183345529,23.183345529,23.183345529,23.183345529,395
735,5,2019-03-14 11:30:00,23.178029039400002,23.2692488077,23.178029039400002,23.2692488077,1000
736,4,2019-03-14 13:00:00,23.1873562141,23.1873562141,23.1873562141,23.1873562141,100
737,3,2019-03-14 13:30:00,23.2106741508,23.2946187227,23.2106741508,23.2946187227,544
738,2,2019-03-14 14:30:00,23.3179366594,23.3179366594,23.3179366594,23.3179366594,144
739,1,2019-03-14 15:30:00,23.280627960700002,23.280627960700002,23.280627960700002,23.280627960700002,100
740,0,2019-03-14 16:00:00,23.2899551354,23.2899551354,23.2899551354,23.2899551354,100
741,149,2019-03-15 10:00:00,23.1313931661,23.1313931661,23.1313931661,23.1313931661,100
742,148,2019-03-15 10:30:00,23.0230113965,23.0938046522,23.0230113965,23.0938046522,500
743,147,2019-03-15 12:00:00,23.2265303477,23.2265303477,23.072911781,23.072911781,750
744,146,2019-03-15 13:00:00,23.2246649128,23.2246649128,23.2246649128,23.2246649128,103
745,145,2019-03-15 13:30:00,23.0568690406,23.0593873777,23.0568690406,23.0593873777,2107
746,144,2019-03-15 14:00:00,23.1381087319,23.1381087319,23.1381087319,23.1381087319,500
747,143,2019-03-15 16:00:00,23.3179366594,23.3179366594,23.3179366594,23.3179366594,100
748,142,2019-03-18 10:00:00,23.2246649128,23.2246649128,23.1313931661,23.1313931661,200
749,141,2019-03-18 11:30:00,23.1929525189,23.1929525189,23.1929525189,23.1929525189,200
750,140,2019-03-18 12:00:00,23.163571918699997,23.163571918699997,23.163571918699997,23.163571918699997,200
751,139,2019-03-18 12:30:00,23.1590016031,23.1590016031,23.1590016031,23.1590016031,390
752,138,2019-03-18 13:30:00,23.2246649128,23.2246649128,23.1873562141,23.2246649128,1337
753,137,2019-03-18 14:00:00,23.084757292800003,23.1593746901,23.084757292800003,23.1593746901,775
754,136,2019-03-18 15:00:00,23.2246649128,23.2246649128,23.2246649128,23.2246649128,115
755,135,2019-03-18 16:00:00,23.2153377381,23.280627960700002,23.2153377381,23.2368835116,1813
756,134,2019-03-19 10:00:00,23.206010563400003,23.206010563400003,23.206010563400003,23.206010563400003,372
757,133,2019-03-19 11:00:00,23.1687018648,23.1687018648,23.1687018648,23.1687018648,456
758,132,2019-03-19 11:30:00,23.084757292800003,23.084757292800003,23.084757292800003,23.084757292800003,100
759,131,2019-03-19 12:00:00,23.0940844675,23.0940844675,23.0940844675,23.0940844675,100
760,130,2019-03-19 13:00:00,23.1034116421,23.140720340799998,23.0940844675,23.140720340799998,747
761,129,2019-03-19 13:30:00,23.0940844675,23.0940844675,23.0940844675,23.0940844675,500
762,128,2019-03-19 14:00:00,23.1593746901,23.1593746901,23.1593746901,23.1593746901,100
763,127,2019-03-19 15:30:00,23.1650642667,23.1650642667,23.1650642667,23.1650642667,300
764,126,2019-03-19 16:00:00,23.2461174145,23.2461174145,23.0940844675,23.0940844675,2470
765,125,2019-03-20 10:00:00,23.1248641439,23.1701942127,23.0940844675,23.1554572768,3256
766,124,2019-03-20 13:00:00,23.206010563400003,23.206010563400003,23.206010563400003,23.206010563400003,100
767,123,2019-03-20 14:00:00,23.206010563400003,23.308609484699996,23.206010563400003,23.308609484699996,1860
768,122,2019-03-20 14:30:00,23.280627960700002,23.280627960700002,23.280627960700002,23.280627960700002,100
769,121,2019-03-20 15:00:00,23.2992823101,23.2992823101,23.2992823101,23.2992823101,133
770,120,2019-03-20 17:00:00,23.2992823101,23.308609484699996,23.2992823101,23.308609484699996,752
771,119,2019-03-21 10:00:00,23.1873562141,23.1873562141,23.112738816799997,23.112738816799997,1517
772,118,2019-03-21 10:30:00,23.1687018648,23.1687018648,23.1687018648,23.1687018648,600
773,117,2019-03-21 11:30:00,23.178029039400002,23.178029039400002,23.178029039400002,23.178029039400002,205
774,116,2019-03-21 12:00:00,23.2167368143,23.2167368143,23.2167368143,23.2167368143,500
775,115,2019-03-21 12:30:00,23.1733654521,23.1733654521,23.112738816799997,23.117215860599998,2205
776,114,2019-03-21 14:00:00,23.187822572800002,23.187822572800002,23.187822572800002,23.187822572800002,601
777,113,2019-03-21 14:30:00,23.143425221399998,23.192019801399997,23.143425221399998,23.192019801399997,501
778,112,2019-03-21 15:30:00,23.2619736114,23.2619736114,23.2619736114,23.2619736114,100
779,111,2019-03-21 16:00:00,23.2619736114,23.2619736114,23.2619736114,23.2619736114,100
780,110,2019-03-22 11:00:00,23.112738816799997,23.112738816799997,23.112738816799997,23.112738816799997,126
781,109,2019-03-22 12:00:00,23.112738816799997,23.112738816799997,23.112738816799997,23.112738816799997,108
782,108,2019-03-22 14:30:00,23.178029039400002,23.178029039400002,23.178029039400002,23.178029039400002,100
783,107,2019-03-22 15:00:00,23.112738816799997,23.112738816799997,23.112738816799997,23.112738816799997,1220
784,106,2019-03-22 16:00:00,23.1429588627,23.1453839281,23.1429588627,23.1453839281,219
785,105,2019-03-25 10:30:00,23.211886683499998,23.211886683499998,23.211886683499998,23.211886683499998,500
786,104,2019-03-25 12:30:00,23.1828791703,23.1828791703,23.1828791703,23.1828791703,293
787,103,2019-03-25 13:00:00,23.2246649128,23.2246649128,23.2246649128,23.2246649128,100
788,102,2019-03-25 14:00:00,23.1607737663,23.1607737663,23.1607737663,23.1607737663,104
789,101,2019-03-25 14:30:00,23.1733654521,23.2246649128,23.1733654521,23.19034091,774
790,100,2019-03-25 16:00:00,23.206010563400003,23.206010563400003,23.1313931661,23.1873562141,1514
791,99,2019-03-26 12:00:00,23.178029039400002,23.178029039400002,23.178029039400002,23.178029039400002,500
792,98,2019-03-26 12:30:00,23.178029039400002,23.178029039400002,23.178029039400002,23.178029039400002,100
793,97,2019-03-26 13:00:00,23.178029039400002,23.178029039400002,23.178029039400002,23.178029039400002,300
794,96,2019-03-26 13:30:00,23.178029039400002,23.178029039400002,23.178029039400002,23.178029039400002,100
795,95,2019-03-26 14:00:00,23.178029039400002,23.178029039400002,23.1571361682,23.1571361682,705
796,94,2019-03-26 14:30:00,23.178029039400002,23.2153377381,23.178029039400002,23.2153377381,312
797,93,2019-03-26 15:00:00,23.2153377381,23.2153377381,23.164038277399996,23.2153377381,420
798,92,2019-03-26 16:00:00,23.2246649128,23.2246649128,23.2246649128,23.2246649128,728
799,91,2019-03-27 10:30:00,23.2526464368,23.2526464368,23.2526464368,23.2526464368,314
800,90,2019-03-27 11:00:00,23.2085289006,23.2085289006,23.2085289006,23.2085289006,450
801,89,2019-03-27 11:30:00,23.2526464368,23.2526464368,23.2433192621,23.2433192621,592
802,88,2019-03-27 12:00:00,23.2340853592,23.2340853592,23.2340853592,23.2340853592,250
803,87,2019-03-27 12:30:00,23.2433192621,23.2433192621,23.2433192621,23.2433192621,200
804,86,2019-03-27 13:00:00,23.2386556748,23.2433192621,23.2386556748,23.2402412944,676
805,85,2019-03-27 13:30:00,23.2433192621,23.2433192621,23.2367902398,23.2367902398,480
806,84,2019-03-27 14:00:00,23.243132718600002,23.2433192621,23.240521109699998,23.2433192621,1330
807,83,2019-03-27 14:30:00,23.2433192621,23.2433192621,23.2433192621,23.2433192621,600
808,82,2019-03-27 15:00:00,23.2433192621,23.2526464368,23.239588392199998,23.2526464368,1497
809,81,2019-03-27 15:30:00,23.2526464368,23.2526464368,23.2526464368,23.2526464368,1015
810,80,2019-03-27 16:00:00,23.2526464368,23.271300786100003,23.229328500100003,23.271300786100003,2157
811,79,2019-03-27 16:30:00,23.2758711017,23.2758711017,23.2758711017,23.2758711017,1196
812,78,2019-03-28 10:00:00,23.271300786100003,23.308609484699996,23.271300786100003,23.308609484699996,224
813,77,2019-03-28 10:30:00,23.3179366594,23.3272638341,23.3179366594,23.3179366594,4960
814,76,2019-03-28 11:00:00,23.3645725327,23.383226882,23.3645725327,23.3645725327,3281
815,75,2019-03-28 11:30:00,23.401881231399997,23.4578442794,23.3460114551,23.411208406,3302
816,74,2019-03-28 12:30:00,23.345918183400002,23.3552453581,23.345918183400002,23.345918183400002,622
817,73,2019-03-28 13:00:00,23.3645725327,23.434059984,23.336591008699997,23.336591008699997,3413
818,72,2019-03-28 13:30:00,23.3412545961,23.3645725327,23.3412545961,23.3645725327,719
819,71,2019-03-28 14:00:00,23.383226882,23.4205355807,23.383226882,23.383226882,974
820,70,2019-03-28 14:30:00,23.411208406,23.411208406,23.373899707399996,23.373899707399996,516
821,69,2019-03-28 15:00:00,23.401881231399997,23.411208406,23.401881231399997,23.411208406,632
822,68,2019-03-28 15:30:00,23.4205355807,23.4205355807,23.381547990599998,23.381547990599998,1299
823,67,2019-03-28 16:00:00,23.378563294699997,23.411208406,23.378563294699997,23.411208406,320
824,66,2019-03-29 10:00:00,23.373899707399996,23.373899707399996,23.373899707399996,23.373899707399996,100
825,65,2019-03-29 10:30:00,23.401881231399997,23.401881231399997,23.401881231399997,23.401881231399997,100
826,64,2019-03-29 11:00:00,23.3645725327,23.401881231399997,23.3645725327,23.401881231399997,757
827,63,2019-03-29 11:30:00,23.411208406,23.43918993,23.411208406,23.43918993,1300
828,62,2019-03-29 12:00:00,23.5138073273,23.5138073273,23.4345263427,23.50914374,701
829,61,2019-03-29 12:30:00,23.43918993,23.5138073273,23.43918993,23.5138073273,969
830,60,2019-03-29 13:30:00,23.523134501999998,23.5687443861,23.523134501999998,23.567252038200003,1232
831,59,2019-03-29 14:00:00,23.4998165653,23.4998165653,23.4205355807,23.4604558883,2000
832,58,2019-03-29 14:30:00,23.506532131100002,23.546452438699998,23.5044801527,23.5044801527,1124
833,57,2019-03-29 15:00:00,23.4998165653,23.4998165653,23.4998165653,23.4998165653,100
834,56,2019-03-29 15:30:00,23.495152978,23.569770375300003,23.495152978,23.569770375300003,3900
835,55,2019-03-29 16:00:00,23.597751899299997,24.2506541258,23.597751899299997,24.2506541258,2471
836,54,2019-03-29 16:30:00,23.597751899299997,23.597751899299997,23.597751899299997,23.597751899299997,100
837,53,2019-04-01 10:00:00,23.373899707399996,23.532461676700002,23.373899707399996,23.5236008607,1671
838,52,2019-04-01 10:30:00,23.9044294023,23.9044294023,23.9044294023,23.9044294023,500
839,51,2019-04-01 11:00:00,23.5417888513,23.5417888513,23.345918183400002,23.345918183400002,499
840,50,2019-04-01 11:30:00,23.345918183400002,23.345918183400002,23.336591008699997,23.345918183400002,1000
841,49,2019-04-01 12:00:00,23.3179366594,23.3356582913,23.3179366594,23.3356582913,300
842,48,2019-04-01 13:00:00,23.373899707399996,23.597751899299997,23.373899707399996,23.5921555945,4973
843,47,2019-04-01 13:30:00,23.607079074,23.607079074,23.597751899299997,23.597751899299997,500
844,46,2019-04-01 14:00:00,23.5978451711,23.7158339306,23.401881231399997,23.5188440017,1060
845,45,2019-04-01 15:00:00,23.691023645900003,23.691023645900003,23.691023645900003,23.691023645900003,100
846,44,2019-04-01 15:30:00,23.482094933499997,23.482094933499997,23.482094933499997,23.482094933499997,200
847,43,2019-04-01 16:00:00,23.57909755,24.0641106325,23.532461676700002,24.0641106325,1413
848,42,2019-04-01 16:30:00,23.569770375300003,23.569770375300003,23.569770375300003,23.569770375300003,100
849,41,2019-04-02 10:00:00,23.6537149473,23.6537149473,23.5138073273,23.5138073273,1214
850,40,2019-04-02 12:30:00,23.532461676700002,23.532461676700002,23.495152978,23.495152978,900
851,39,2019-04-02 13:00:00,23.523134501999998,23.523134501999998,23.495152978,23.495152978,1977
852,38,2019-04-02 13:30:00,23.5044801527,23.523134501999998,23.376324772800004,23.376324772800004,7195
853,37,2019-04-02 14:00:00,23.474819737199997,23.474819737199997,23.474819737199997,23.474819737199997,107
854,36,2019-04-02 14:30:00,23.466518551799997,23.466518551799997,23.466518551799997,23.466518551799997,359
855,35,2019-04-02 15:00:00,23.5332078506,23.5332078506,23.5332078506,23.5332078506,105
856,34,2019-04-02 15:30:00,23.5417888513,23.5417888513,23.5044801527,23.5044801527,316
857,33,2019-04-02 16:00:00,23.4578442794,23.4578442794,23.345918183400002,23.345918183400002,1665
858,32,2019-04-03 10:00:00,23.3552453581,23.4298627554,23.3552453581,23.4298627554,904
859,31,2019-04-03 10:30:00,23.401881231399997,23.401881231399997,23.401881231399997,23.401881231399997,200
860,30,2019-04-03 11:00:00,23.3925540567,23.401881231399997,23.3925540567,23.401881231399997,1406
861,29,2019-04-03 11:30:00,23.3925540567,23.401881231399997,23.233992087399997,23.233992087399997,3872
862,28,2019-04-03 12:00:00,23.2246649128,23.2246649128,23.2246649128,23.2246649128,1483
863,27,2019-04-03 12:30:00,23.2946187227,23.33612465,23.2946187227,23.33612465,838
864,26,2019-04-03 13:30:00,23.3645725327,23.373899707399996,23.3375237262,23.345918183400002,1794
865,25,2019-04-03 15:30:00,23.2246649128,23.2246649128,23.2246649128,23.2246649128,200
866,24,2019-04-04 10:00:00,23.265424665999998,23.265424665999998,23.178029039400002,23.192206344899997,1378
867,23,2019-04-04 12:00:00,23.1966833888,23.1966833888,23.1873562141,23.1873562141,700
868,22,2019-04-04 13:00:00,23.138668362399997,23.138668362399997,23.138668362399997,23.138668362399997,750
869,21,2019-04-04 14:30:00,23.1873562141,23.1873562141,23.150047515500003,23.150047515500003,466
870,20,2019-04-04 15:00:00,23.140720340799998,23.141653058299998,23.112738816799997,23.112738816799997,500
871,19,2019-04-04 16:00:00,23.1313931661,23.140720340799998,23.1313931661,23.1313931661,2800
872,18,2019-04-05 10:30:00,23.1313931661,23.1779357677,23.1313931661,23.1779357677,360
873,17,2019-04-05 12:30:00,23.222053303899997,23.222053303899997,23.222053303899997,23.222053303899997,236
874,16,2019-04-05 16:00:00,23.1313931661,23.1313931661,23.112738816799997,23.112738816799997,200
875,15,2019-04-08 10:00:00,23.1313931661,23.1313931661,23.1313931661,23.1313931661,300
876,14,2019-04-08 13:30:00,23.112738816799997,23.1220659915,23.112738816799997,23.1220659915,400
877,13,2019-04-08 15:00:00,23.1220659915,23.1220659915,23.1220659915,23.1220659915,100
878,12,2019-04-08 15:30:00,23.112738816799997,23.112738816799997,23.1034116421,23.112738816799997,400
879,11,2019-04-09 10:00:00,23.112738816799997,23.112738816799997,23.112738816799997,23.112738816799997,1700
880,10,2019-04-09 11:00:00,23.1034116421,23.233992087399997,23.1034116421,23.233992087399997,663
881,9,2019-04-09 13:30:00,23.1220659915,23.1220659915,23.0567757688,23.084757292800003,5440
882,8,2019-04-09 14:00:00,23.084757292800003,23.084757292800003,23.084757292800003,23.084757292800003,330
883,7,2019-04-09 15:00:00,23.0940844675,23.0940844675,23.0940844675,23.0940844675,237
884,6,2019-04-09 16:00:00,23.117402404099998,23.117402404099998,23.0940844675,23.0940844675,300
885,5,2019-04-10 10:00:00,23.0940844675,23.0940844675,23.0940844675,23.0940844675,100
886,4,2019-04-10 11:30:00,23.0940844675,23.0940844675,23.0940844675,23.0940844675,666
887,3,2019-04-10 12:00:00,23.1034116421,23.1034116421,23.1034116421,23.1034116421,200
888,2,2019-04-10 12:30:00,23.0940844675,23.1037847291,23.0940844675,23.1034116421,2385
889,1,2019-04-10 15:30:00,23.140720340799998,23.140720340799998,23.140720340799998,23.140720340799998,205
890,0,2019-04-12 16:00:00,23.140720340799998,23.1921130732,23.140720340799998,23.1921130732,715
