,index,time,open,high,low,close,volume
0,151,2020-03-09 10:00:00,23.968637273899997,23.968637273899997,23.826249329699998,23.826249329699998,900
1,150,2020-03-09 11:00:00,23.826344255,23.836596186999998,23.7313240336,23.7313240336,3742
2,149,2020-03-09 12:00:00,23.740816563200003,23.826249329699998,23.7313240336,23.7313240336,2000
3,148,2020-03-09 12:30:00,23.683861385500002,23.683861385500002,23.5889360894,23.5889360894,1600
4,147,2020-03-09 13:30:00,23.636398737399997,23.636398737399997,23.636398737399997,23.636398737399997,500
5,146,2020-03-09 14:00:00,23.541473441300003,23.583050721,23.541473441300003,23.541473441300003,3313
6,145,2020-03-09 14:30:00,23.541473441300003,23.541473441300003,23.5166030137,23.5215391291,805
7,144,2020-03-09 15:30:00,23.4940107932,23.4940107932,23.4465481452,23.4465481452,337
8,143,2020-03-09 16:00:00,23.4370556155,23.4465481452,23.4370556155,23.4465481452,500
9,142,2020-03-10 12:00:00,23.420443688699997,23.4275630859,23.3990854971,23.3990854971,2280
10,141,2020-03-10 12:30:00,23.3990854971,23.3990854971,23.351622849,23.351622849,800
11,140,2020-03-10 13:30:00,23.3517177743,23.4940107932,23.3517177743,23.475500360500003,1125
12,139,2020-03-10 14:30:00,23.434207856700002,23.434207856700002,23.434207856700002,23.434207856700002,500
13,138,2020-03-10 15:00:00,23.4925869138,23.6719957235,23.45129441,23.6719957235,1300
14,137,2020-03-10 16:00:00,23.3706079082,23.3706079082,23.3611153786,23.3611153786,825
15,136,2020-03-11 10:00:00,23.351622849,23.351622849,23.351622849,23.351622849,500
16,135,2020-03-11 10:30:00,23.351622849,23.4837588612,23.351622849,23.351622849,1608
17,134,2020-03-11 11:00:00,23.1617722568,23.1617722568,23.1617722568,23.1617722568,1900
18,133,2020-03-11 13:00:00,23.1617722568,23.260494564699997,23.1617722568,23.260494564699997,400
19,132,2020-03-11 13:30:00,23.0668469606,23.099596187800003,23.0668469606,23.099596187800003,304
20,131,2020-03-11 14:00:00,22.820041190700003,22.8393110258,22.782071072199997,22.8264961108,2200
21,130,2020-03-11 15:30:00,22.7346084241,22.7346084241,22.687145776100003,22.687145776100003,1050
22,129,2020-03-11 16:00:00,22.782071072199997,22.782071072199997,22.782071072199997,22.782071072199997,700
23,128,2020-03-12 10:00:00,22.430847476500002,22.430847476500002,20.0767001324,20.8171174422,2330
24,127,2020-03-12 10:30:00,20.3140133727,20.3140133727,20.3140133727,20.3140133727,2415
25,126,2020-03-12 11:00:00,20.2665507247,20.295028313499998,20.1716254285,20.1716254285,2689
26,125,2020-03-12 11:30:00,20.1716254285,20.4090335942,20.1716254285,20.4090335942,850
27,124,2020-03-12 12:00:00,20.7251348303,20.9170737791,20.7251348303,20.9170737791,824
28,123,2020-03-12 13:00:00,21.2252962156,21.2252962156,21.2252962156,21.2252962156,360
29,122,2020-03-12 13:30:00,22.4023698877,23.2566975529,22.4023698877,23.2566975529,1850
30,121,2020-03-12 14:00:00,22.8105486611,23.0668469606,22.8105486611,23.0668469606,310
31,120,2020-03-12 14:30:00,22.782071072199997,23.1997423752,21.0354456233,21.0354456233,3015
32,119,2020-03-12 15:00:00,21.4056542783,21.4531169263,21.4056542783,21.4531169263,8250
33,118,2020-03-12 15:30:00,21.4531169263,21.4531169263,21.4531169263,21.4531169263,750
34,117,2020-03-12 16:00:00,22.047823906599998,22.047823906599998,21.4531169263,21.4531169263,1500
35,116,2020-03-13 10:30:00,22.0215366376,22.0215366376,22.0215366376,22.0215366376,100
36,115,2020-03-13 11:00:00,22.0292648145,22.218508546,22.0292648145,22.218508546,485
37,114,2020-03-13 12:00:00,22.498654958099998,22.498654958099998,22.411712968099998,22.411712968099998,500
38,113,2020-03-13 14:00:00,22.856083139000003,22.856083139000003,22.856083139000003,22.856083139000003,130
39,112,2020-03-16 10:00:00,21.2524864353,21.2524864353,21.2524864353,21.2524864353,100
40,111,2020-03-16 10:30:00,20.6438925056,20.6535527267,19.4556853094,20.0383898466,1535
41,110,2020-03-16 11:30:00,20.5279698523,21.2524864353,20.5279698523,21.2524864353,1259
42,109,2020-03-16 12:00:00,21.223505772,21.2524864353,21.223505772,21.2524864353,1575
43,108,2020-03-16 13:00:00,21.1022699971,21.1022699971,21.1022699971,21.1022699971,230
44,107,2020-03-16 14:00:00,20.6245720633,20.6245720633,20.6149118422,20.6149118422,525
45,106,2020-03-16 15:00:00,20.962679802100002,20.962679802100002,20.962679802100002,20.962679802100002,1000
46,105,2020-03-16 15:30:00,20.9336991388,20.962679802100002,20.8516838616,20.8516838616,3100
47,104,2020-03-16 16:00:00,20.8913873703,20.8913873703,20.885398033199998,20.885398033199998,200
48,103,2020-03-17 10:30:00,19.8035498715,19.8035498715,19.8035498715,19.8035498715,600
49,102,2020-03-17 11:30:00,20.2864643246,20.2864643246,19.5619477416,19.5619477416,2605
50,101,2020-03-17 12:00:00,19.3687433194,19.4022642867,19.3204422139,19.4022642867,2980
51,100,2020-03-17 12:30:00,19.3880637616,19.827603822,19.3687433194,19.827603822,800
52,99,2020-03-17 13:00:00,19.803453269200002,19.803453269200002,19.803453269200002,19.803453269200002,202
53,98,2020-03-17 14:00:00,20.0449587969,20.0449587969,20.0449587969,20.0449587969,250
54,97,2020-03-18 11:00:00,18.5394133374,18.5394133374,17.9003897112,17.9003897112,849
55,96,2020-03-18 11:30:00,17.707185289,17.707185289,16.8860664949,16.8860664949,7200
56,95,2020-03-18 12:00:00,16.3933952185,16.3933952185,16.3933952185,16.3933952185,200
57,94,2020-03-18 12:30:00,14.905721168,14.905721168,14.905721168,14.905721168,200
58,93,2020-03-18 13:00:00,15.456353771099998,15.456353771099998,15.1617170274,15.3819700686,1000
59,92,2020-03-18 13:30:00,15.456353771099998,15.456353771099998,15.456353771099998,15.456353771099998,100
60,91,2020-03-18 14:00:00,14.867080283599998,14.867080283599998,13.7838796909,13.7838796909,550
61,90,2020-03-18 14:30:00,13.775475298499998,13.775475298499998,12.606588544600001,12.606588544600001,1000
62,89,2020-03-18 15:00:00,12.1235774892,12.442364785799999,12.118747378699998,12.442364785799999,14451
63,88,2020-03-18 15:30:00,12.5872681024,13.775475298499998,12.5872681024,13.775475298499998,7841
64,87,2020-03-18 16:00:00,14.2971272383,15.456353771099998,14.2971272383,15.4524896827,15136
65,86,2020-03-19 10:00:00,15.697859298800001,15.746160404300001,15.5973929993,15.6592184144,3265
66,85,2020-03-19 11:00:00,15.8524228365,15.8524228365,15.630237751,15.678538856600001,11442
67,84,2020-03-19 11:30:00,15.900723942,16.171210133,15.900723942,16.0456272586,1215
68,83,2020-03-19 12:00:00,16.1682154645,16.171210133,16.0214767059,16.171210133,700
69,82,2020-03-19 12:30:00,16.2388316808,16.982668706,16.2388316808,16.982668706,1150
70,81,2020-03-19 13:00:00,17.050386856,17.050386856,17.0502902538,17.0502902538,2000
71,80,2020-03-19 14:30:00,17.2572121899,17.2572121899,17.2572121899,17.2572121899,400
72,79,2020-03-19 15:00:00,17.8714090479,18.9050527063,17.8714090479,18.9050527063,1628
73,78,2020-03-19 15:30:00,18.025972585599998,18.668377289200002,17.8527648211,18.668377289200002,325
74,77,2020-03-19 16:00:00,19.3204422139,21.1655444453,19.3107819928,21.1655444453,3919
75,76,2020-03-20 10:00:00,21.0109809076,22.2571494304,21.0109809076,21.116084113299998,3800
76,75,2020-03-20 10:30:00,20.3734063146,20.3734063146,20.2864643246,20.2864643246,500
77,74,2020-03-20 11:30:00,19.958016807,19.958016807,18.2288372288,19.803453269200002,800
78,73,2020-03-20 12:00:00,18.9919946963,18.9919946963,18.837431158599998,18.837431158599998,900
79,72,2020-03-20 13:30:00,18.3544201032,18.3544201032,18.3447598821,18.3447598821,800
80,71,2020-03-20 14:00:00,18.757347925599998,18.779469831900002,18.3447598821,18.3447598821,1360
81,70,2020-03-20 14:30:00,18.8181107163,18.8857322641,18.8181107163,18.8857322641,600
82,69,2020-03-20 15:30:00,19.1658786762,19.513646636,18.9483304969,18.9483304969,2305
83,68,2020-03-20 16:00:00,19.513646636,19.513646636,19.513646636,19.513646636,100
84,67,2020-03-23 10:00:00,19.0547861335,19.0547861335,19.0547861335,19.0547861335,1000
85,66,2020-03-23 12:00:00,18.692527841900002,18.692527841900002,18.3544201032,18.3640803243,2905
86,65,2020-03-23 12:30:00,18.8615817113,19.3204422139,18.8615817113,19.243160445,965
87,64,2020-03-23 13:00:00,19.1272377918,19.1272377918,18.3544201032,18.3544201032,3100
88,63,2020-03-23 13:30:00,18.4706325631,19.2721411084,18.4706325631,19.243160445,1300
89,62,2020-03-23 14:30:00,18.8084504952,18.8084504952,18.3544201032,18.3544201032,8475
90,61,2020-03-23 15:00:00,18.3545167054,18.3545167054,18.3545167054,18.3545167054,400
91,60,2020-03-23 15:30:00,18.3834007665,18.3834007665,18.3834007665,18.3834007665,275
92,59,2020-03-24 10:00:00,19.281801329500002,19.513646636,19.281801329500002,19.513646636,940
93,58,2020-03-24 11:00:00,19.3204422139,19.3204422139,19.3204422139,19.3204422139,100
94,57,2020-03-24 11:30:00,19.3494228772,19.3494228772,19.0789366862,19.0789366862,1900
95,56,2020-03-24 12:00:00,18.8470913797,18.9581839224,18.837431158599998,18.9581839224,900
96,55,2020-03-24 12:30:00,18.8953924852,18.8953924852,18.8953924852,18.8953924852,1000
97,54,2020-03-24 13:30:00,18.8857322641,18.8953924852,18.837431158599998,18.8953924852,1805
98,53,2020-03-24 14:00:00,18.9436935907,19.320538816099997,18.9436935907,19.320538816099997,2795
99,52,2020-03-24 14:30:00,19.330102435,19.330102435,19.3206354183,19.3206354183,1275
100,51,2020-03-24 15:00:00,20.0430267527,20.0430267527,19.3204422139,19.3204422139,1450
101,50,2020-03-24 16:00:00,19.1743796708,19.1743796708,19.0789366862,19.0789366862,3340
102,49,2020-03-25 10:00:00,19.3204422139,19.3204422139,19.3204422139,19.3204422139,200
103,48,2020-03-25 10:30:00,19.0789366862,19.1664582895,19.0789366862,19.0789366862,5000
104,47,2020-03-25 12:00:00,19.3204422139,19.3204422139,19.3204422139,19.3204422139,5778
105,46,2020-03-25 12:30:00,19.6585499526,19.8517543748,19.6585499526,19.706851058199998,7200
106,45,2020-03-25 13:30:00,19.4073842039,19.4073842039,19.330102435,19.4073842039,500
107,44,2020-03-25 14:00:00,19.513646636,19.706851058199998,19.513646636,19.706851058199998,334
108,43,2020-03-25 14:30:00,19.7739895949,19.7739895949,19.7739895949,19.7739895949,401
109,42,2020-03-25 15:30:00,19.803453269200002,19.803453269200002,19.5619477416,19.5619477416,5000
110,41,2020-03-25 16:00:00,19.803453269200002,19.803453269200002,19.803453269200002,19.803453269200002,400
111,40,2020-03-26 12:00:00,20.0352985758,20.0449587969,20.0352985758,20.040128686400003,701
112,39,2020-03-26 13:00:00,20.040128686400003,20.040128686400003,20.040128686400003,20.040128686400003,100
113,38,2020-03-26 14:00:00,19.8732966679,19.8733932701,19.803453269200002,19.803453269200002,900
114,37,2020-03-26 15:30:00,20.2478234402,20.2864643246,20.2478234402,20.2864643246,3800
115,36,2020-03-26 16:00:00,21.349088646400002,21.349088646400002,21.349088646400002,21.349088646400002,100
116,35,2020-03-27 11:00:00,20.5762709578,20.5762709578,20.5762709578,20.5762709578,160
117,34,2020-03-27 11:30:00,19.9000554803,19.9000554803,19.8903952592,19.9000554803,701
118,33,2020-03-27 12:00:00,19.9966576914,19.9966576914,19.803453269200002,19.803453269200002,6914
119,32,2020-03-27 13:00:00,20.1802018924,20.1802018924,20.1802018924,20.1802018924,140
120,31,2020-03-27 13:30:00,20.0840826924,20.0840826924,19.7261715004,19.7406618321,4340
121,30,2020-03-27 14:00:00,19.7551521637,19.803453269200002,19.7551521637,19.803453269200002,410
122,29,2020-03-27 15:30:00,19.8420941537,19.8903952592,19.8324339326,19.8324339326,400
123,28,2020-03-27 16:00:00,19.9024705356,19.9024705356,19.803453269200002,19.803453269200002,4238
124,27,2020-03-30 10:00:00,19.803453269200002,19.8035498715,19.5619477416,19.5619477416,10010
125,26,2020-03-30 11:00:00,19.6199090682,19.7179603125,19.6199090682,19.7131302019,500
126,25,2020-03-30 12:00:00,19.7261715004,19.8248023579,19.7261715004,19.8248023579,850
127,24,2020-03-30 13:00:00,19.8324339326,20.0352985758,19.8324339326,20.0352985758,400
128,23,2020-03-30 13:30:00,19.8517543748,19.8517543748,19.8324339326,19.8324339326,500
129,22,2020-03-30 14:00:00,19.8324339326,19.8324339326,19.8324339326,19.8324339326,100
130,21,2020-03-30 14:30:00,19.735831721500002,19.735831721500002,19.7165112793,19.7165112793,866
131,20,2020-03-30 16:00:00,19.7165112793,19.7165112793,19.706851058199998,19.7165112793,522
132,19,2020-03-31 10:00:00,18.9147129274,19.417044425,18.9147129274,19.3687433194,1478
133,18,2020-03-31 11:00:00,19.600588626,19.6585499526,19.600588626,19.6585499526,740
134,17,2020-03-31 12:00:00,20.753149606300003,20.753149606300003,20.753149606300003,20.753149606300003,155
135,16,2020-03-31 12:30:00,20.3299353196,20.3299353196,20.3299353196,20.3299353196,455
136,15,2020-04-01 13:00:00,19.827603822,19.827603822,19.827603822,19.827603822,340
137,14,2020-04-02 11:00:00,19.8131134904,19.8131134904,19.3784035405,19.3785001428,950
138,13,2020-04-02 12:00:00,19.4460250883,19.4460250883,19.4460250883,19.4460250883,600
139,12,2020-04-02 12:30:00,19.3784035405,19.3784035405,19.3204422139,19.3204422139,2000
140,11,2020-04-02 15:30:00,19.417044425,19.417044425,19.417044425,19.417044425,100
141,10,2020-04-03 13:30:00,18.489663198699997,18.489663198699997,18.489663198699997,18.489663198699997,100
142,9,2020-04-03 15:30:00,18.4993234198,18.4993234198,18.4993234198,18.4993234198,350
143,8,2020-04-03 16:00:00,18.7058589471,18.7058589471,18.3640803243,18.489663198699997,1244
144,7,2020-04-06 10:00:00,18.4800029776,18.4800029776,18.4800029776,18.4800029776,200
145,6,2020-04-06 12:00:00,18.8268049153,18.8268049153,18.8268049153,18.8268049153,100
146,5,2020-04-06 14:00:00,18.3545167054,18.3545167054,18.3544201032,18.3544201032,517
147,4,2020-04-06 15:00:00,18.3447598821,18.3544201032,18.3447598821,18.3544201032,979
148,3,2020-04-07 10:00:00,18.9919946963,18.9919946963,18.5089836409,18.837431158599998,4800
149,2,2020-04-07 12:00:00,19.0306355807,19.042227846,19.0306355807,19.042227846,200
150,1,2020-04-07 13:30:00,19.312231026,19.312231026,19.312231026,19.312231026,400
151,0,2020-04-07 14:30:00,19.1755388973,19.5988497862,19.1755388973,19.5988497862,500
152,141,2020-04-08 13:00:00,19.803453269200002,19.803453269200002,19.803453269200002,19.803453269200002,800
153,140,2020-04-08 15:00:00,20.054619018,20.054619018,20.0461180235,20.0461180235,225
154,139,2020-04-08 15:30:00,20.054619018,20.054619018,20.0449587969,20.0449587969,500
155,138,2020-04-09 11:30:00,21.344258535799998,21.344258535799998,21.344258535799998,21.344258535799998,245
156,137,2020-04-09 12:30:00,21.0592820132,21.0592820132,21.0592820132,21.0592820132,1852
157,136,2020-04-09 15:00:00,20.962679802100002,20.962679802100002,20.7694753799,20.7694753799,1600
158,135,2020-04-13 11:00:00,19.803453269200002,19.803453269200002,19.6102488471,19.6102488471,610
159,134,2020-04-13 12:00:00,20.2864643246,20.2864643246,20.2864643246,20.2864643246,200
160,133,2020-04-13 16:00:00,20.276804103499998,20.2864643246,20.276804103499998,20.2864643246,1200
161,132,2020-04-14 14:30:00,19.5716079627,19.8952253698,19.5426272994,19.8952253698,1270
162,131,2020-04-14 15:00:00,19.5137432382,19.5137432382,19.5137432382,19.5137432382,250
163,130,2020-04-14 15:30:00,19.5473608077,20.2574836613,19.5426272994,20.2574836613,2821
164,129,2020-04-15 10:00:00,20.238163219100002,20.238163219100002,20.238163219100002,20.238163219100002,200
165,128,2020-04-15 11:00:00,19.803453269200002,19.803453269200002,18.6635471786,18.6635471786,2100
166,127,2020-04-15 11:30:00,19.2141797817,19.2141797817,19.2141797817,19.2141797817,300
167,126,2020-04-15 12:00:00,19.1103324048,19.7454919426,18.9286236458,19.7454919426,3015
168,125,2020-04-15 13:00:00,19.803453269200002,19.803453269200002,19.7031801742,19.706851058199998,1821
169,124,2020-04-15 13:30:00,19.803453269200002,19.803453269200002,19.803453269200002,19.803453269200002,220
170,123,2020-04-15 14:00:00,19.6572941239,19.6592261681,19.6572941239,19.6592261681,620
171,122,2020-04-15 14:30:00,19.5619477416,19.5619477416,19.5619477416,19.5619477416,1200
172,121,2020-04-15 15:30:00,19.5619477416,19.5619477416,19.5619477416,19.5619477416,493
173,120,2020-04-16 10:00:00,20.1898621135,20.2864643246,20.1898621135,20.2864643246,2400
174,119,2020-04-16 11:30:00,20.2865609268,20.416877309500002,20.2865609268,20.387896646199998,3275
175,118,2020-04-16 12:00:00,20.2864643246,20.2864643246,20.228986009,20.228986009,675
176,117,2020-04-16 12:30:00,20.2864643246,20.2864643246,20.2864643246,20.2864643246,500
177,116,2020-04-16 13:00:00,20.5376300734,20.5376300734,20.5376300734,20.5376300734,125
178,115,2020-04-16 13:30:00,20.5279698523,20.5279698523,20.5279698523,20.5279698523,560
179,114,2020-04-16 15:00:00,20.356017916600003,20.3830665357,20.141561008,20.141561008,1840
180,113,2020-04-16 16:00:00,20.2091825557,20.2864643246,20.2091825557,20.2574836613,860
181,112,2020-04-17 10:00:00,20.412047199,20.4762876693,20.412047199,20.4762876693,1200
182,111,2020-04-17 11:30:00,20.2864643246,20.2864643246,20.2420273075,20.2420273075,1140
183,110,2020-04-17 12:00:00,20.2961245457,20.3558247121,20.2961245457,20.3558247121,600
184,109,2020-04-17 12:30:00,20.3830665357,20.4506880834,20.3830665357,20.3882830551,1500
185,108,2020-04-17 13:00:00,20.460348304500002,21.7741383751,20.460348304500002,21.2911273197,6599
186,107,2020-04-17 14:00:00,21.3152778725,21.7018799212,20.8370969277,20.8370969277,700
187,106,2020-04-17 14:30:00,20.972919636500002,21.0882626765,20.972919636500002,21.0882626765,625
188,105,2020-04-17 15:00:00,20.8564173699,20.8564173699,20.7694753799,20.7694753799,700
189,104,2020-04-17 15:30:00,20.6342322844,20.7694753799,20.6245720633,20.7694753799,1913
190,103,2020-04-17 16:00:00,20.7694753799,20.866077591,20.7694753799,20.7887958222,460
191,102,2020-04-20 10:00:00,19.8807350381,19.8807350381,19.8807350381,19.8807350381,1500
192,101,2020-04-20 10:30:00,19.803453269200002,20.3154449879,19.803453269200002,20.3154449879,935
193,100,2020-04-20 11:00:00,20.3154449879,20.474065818499998,20.3154449879,20.3154449879,1000
194,99,2020-04-20 11:30:00,20.412047199,20.412047199,20.3154449879,20.3154449879,1043
195,98,2020-04-20 12:00:00,20.3154449879,20.5762709578,20.0932599025,20.0932599025,2062
196,97,2020-04-20 13:00:00,20.0933565047,20.0933565047,20.0933565047,20.0933565047,125
197,96,2020-04-20 14:00:00,20.2236728874,20.2236728874,20.208216533599998,20.208216533599998,1000
198,95,2020-04-20 14:30:00,20.348482944100002,20.348482944100002,20.348482944100002,20.348482944100002,300
199,94,2020-04-20 15:30:00,20.2091825557,20.2961245457,20.0932599025,20.2961245457,1224
200,93,2020-04-20 16:00:00,20.4796687467,20.4796687467,19.803453269200002,19.803453269200002,4425
201,92,2020-04-21 10:00:00,19.803453269200002,19.9024705356,19.803453269200002,19.803453269200002,1896
202,91,2020-04-21 11:00:00,19.803453269200002,19.9023739334,19.803453269200002,19.9023739334,300
203,90,2020-04-21 11:30:00,19.803453269200002,19.803453269200002,19.7937930481,19.7937930481,200
204,89,2020-04-21 12:00:00,19.7648123848,19.803453269200002,19.7648123848,19.803453269200002,600
205,88,2020-04-21 12:30:00,19.803453269200002,19.803453269200002,19.803453269200002,19.803453269200002,400
206,87,2020-04-21 13:00:00,19.7696424954,19.7696424954,19.7696424954,19.7696424954,250
207,86,2020-04-21 13:30:00,19.822773711500002,19.976661033699997,19.822773711500002,19.976661033699997,2087
208,85,2020-04-21 14:00:00,20.2814410096,20.2814410096,20.2814410096,20.2814410096,240
209,84,2020-04-21 15:00:00,20.0352985758,20.0449587969,19.8517543748,19.9815877465,1801
210,83,2020-04-21 15:30:00,19.8952253698,19.8952253698,19.8952253698,19.8952253698,500
211,82,2020-04-21 16:00:00,19.8324339326,19.9000554803,19.8324339326,19.9000554803,1200
212,81,2020-04-22 11:00:00,20.276804103499998,20.276804103499998,20.177303826099998,20.1842591853,440
213,80,2020-04-22 11:30:00,20.276804103499998,20.276804103499998,20.177303826099998,20.177303826099998,280
214,79,2020-04-22 14:00:00,20.0449587969,20.0449587969,19.972507138599997,20.0448621947,2171
215,78,2020-04-22 14:30:00,19.9502886301,19.9502886301,19.948356585899997,19.948356585899997,650
216,77,2020-04-22 15:00:00,19.9000554803,19.9000554803,19.7165112793,19.7165112793,845
217,76,2020-04-22 16:00:00,19.803453269200002,19.9000554803,19.803453269200002,19.803453269200002,3965
218,75,2020-04-23 10:00:00,20.1898621135,20.1898621135,20.1898621135,20.1898621135,200
219,74,2020-04-23 15:30:00,20.1802018924,20.1802018924,20.0808948194,20.1251386321,460
220,73,2020-04-24 10:00:00,20.4410278623,20.663212947799998,20.111807527,20.3400785517,3236
221,72,2020-04-24 11:00:00,20.3811344914,20.5666107367,20.3347654301,20.5666107367,2325
222,71,2020-04-24 12:30:00,20.4275035528,20.4275035528,20.4275035528,20.4275035528,215
223,70,2020-04-24 14:00:00,20.4960911226,20.5762709578,20.4743556251,20.5279698523,1900
224,69,2020-04-24 15:00:00,20.6245720633,20.7211742744,20.6192589417,20.6192589417,1360
225,68,2020-04-24 15:30:00,20.7018538322,20.7018538322,20.6438925056,20.6438925056,320
226,67,2020-04-24 16:00:00,20.6131730024,20.6131730024,20.6131730024,20.6131730024,210
227,66,2020-04-27 10:00:00,20.4796687467,20.8129463749,20.4796687467,20.5555014824,2451
228,65,2020-04-27 10:30:00,20.5279698523,20.556660709000003,20.4796687467,20.556660709000003,2003
229,64,2020-04-27 11:00:00,20.9433593599,20.9433593599,20.9433593599,20.9433593599,100
230,63,2020-04-27 12:00:00,20.8143954081,20.8143954081,20.7694753799,20.7694753799,770
231,62,2020-04-27 12:30:00,20.7694753799,20.7694753799,20.7694753799,20.7694753799,400
232,61,2020-04-27 13:30:00,20.8528430881,20.8528430881,20.8528430881,20.8528430881,873
233,60,2020-04-27 15:00:00,20.7694753799,20.7694753799,20.5376300734,20.5376300734,590
234,59,2020-04-27 15:30:00,20.5279698523,20.5279698523,20.4893289678,20.5279698523,400
235,58,2020-04-27 16:00:00,20.5859311789,20.5859311789,19.8324339326,20.2864643246,4550
236,57,2020-04-27 18:30:00,20.2864643246,20.2864643246,20.2864643246,20.2864643246,4122
237,56,2020-04-28 10:00:00,20.0642792391,20.0642792391,20.0449587969,20.0642792391,1300
238,55,2020-04-28 10:30:00,20.412047199,20.412047199,20.363746093499998,20.363746093499998,400
239,54,2020-04-28 11:30:00,20.2671438824,20.5730830848,20.2671438824,20.3000852364,1204
240,53,2020-04-28 12:00:00,20.238163219100002,20.2864643246,20.238163219100002,20.2864643246,1055
241,52,2020-04-28 12:30:00,20.431367641199998,20.431367641199998,20.313512943699997,20.313512943699997,735
242,51,2020-04-28 13:00:00,20.4318506523,20.4318506523,20.4318506523,20.4318506523,135
243,50,2020-04-28 13:30:00,20.391470928,20.4796687467,20.391470928,20.4796687467,400
244,49,2020-04-28 14:00:00,20.4796687467,20.5762709578,20.4796687467,20.5762709578,1050
245,48,2020-04-28 15:30:00,20.305784766800002,20.305784766800002,20.2864643246,20.305784766800002,950
246,47,2020-04-28 16:00:00,20.305784766800002,20.305784766800002,20.305784766800002,20.305784766800002,675
247,46,2020-04-29 11:00:00,20.3830665357,20.3830665357,20.2821172251,20.3830665357,3160
248,45,2020-04-29 11:30:00,20.5569505156,20.5760777534,20.3155415901,20.3155415901,4200
249,44,2020-04-29 12:00:00,20.3154449879,20.5762709578,20.3154449879,20.4997620066,1010
250,43,2020-04-29 13:00:00,20.7694753799,20.7694753799,20.7694753799,20.7694753799,1700
251,42,2020-04-29 13:30:00,20.8129463749,20.8129463749,20.8129463749,20.8129463749,125
252,41,2020-04-29 15:30:00,20.5279698523,20.5279698523,20.518309631199998,20.518309631199998,1000
253,40,2020-04-29 16:00:00,20.518309631199998,20.518309631199998,20.2333331085,20.276804103499998,6650
254,39,2020-04-30 11:30:00,20.5762709578,20.6245720633,20.4498186635,20.4498186635,1805
255,38,2020-04-30 12:00:00,20.5569505156,20.5666107367,20.5569505156,20.5666107367,2000
256,37,2020-04-30 13:00:00,20.5569505156,20.5762709578,20.455518194,20.5762709578,5050
257,36,2020-04-30 13:30:00,20.6728731689,20.7694753799,20.5545354603,20.667173638399998,1555
258,35,2020-04-30 14:00:00,20.7501549377,20.7694753799,20.6589624505,20.6589624505,900
259,34,2020-04-30 15:30:00,20.5820670905,20.5820670905,20.5820670905,20.5820670905,300
260,33,2020-04-30 16:00:00,20.779135601,20.779135601,20.676157644,20.676157644,475
261,32,2020-05-01 10:00:00,20.4520405144,20.4520405144,20.3766907897,20.3766907897,349
262,31,2020-05-01 11:00:00,20.7887958222,20.7887958222,20.7887958222,20.7887958222,100
263,30,2020-05-01 11:30:00,20.5435228083,20.663212947799998,20.5435228083,20.663212947799998,1025
264,29,2020-05-01 12:00:00,20.474838636199998,20.474838636199998,20.474838636199998,20.474838636199998,150
265,28,2020-05-01 12:30:00,20.478123111400002,20.5762709578,20.478123111400002,20.5762709578,295
266,27,2020-05-01 14:00:00,20.4997620066,20.4997620066,20.4997620066,20.4997620066,150
267,26,2020-05-01 14:30:00,20.6438925056,20.6728731689,20.6438925056,20.6728731689,580
268,25,2020-05-01 15:00:00,20.574242311400003,20.574242311400003,20.574242311400003,20.574242311400003,420
269,24,2020-05-01 16:00:00,20.6680430583,20.7404947166,20.6680430583,20.7404947166,210
270,23,2020-05-04 10:00:00,20.7921768995,20.7921768995,20.460348304500002,20.460348304500002,575
271,22,2020-05-04 10:30:00,20.866077591,20.866077591,20.866077591,20.866077591,100
272,21,2020-05-04 12:30:00,20.639062395,20.866077591,20.639062395,20.859218834,1600
273,20,2020-05-04 13:00:00,20.8757378121,20.8757378121,20.866077591,20.866077591,850
274,19,2020-05-04 13:30:00,20.8659809888,20.866077591,20.859218834,20.859218834,1700
275,18,2020-05-04 14:00:00,20.866077591,20.8757378121,20.763969053900002,20.866077591,1400
276,17,2020-05-04 14:30:00,20.866077591,21.0158110182,20.7633894406,21.0158110182,3600
277,16,2020-05-04 16:00:00,20.9047184754,21.1075831187,20.886750464200002,21.1075831187,500
278,15,2020-05-05 10:00:00,21.1075831187,21.1462240031,21.1075831187,21.1462240031,400
279,14,2020-05-05 11:30:00,21.4456908574,21.4456908574,21.4456908574,21.4456908574,196
280,13,2020-05-05 12:00:00,21.493991963000003,21.493991963000003,21.0303013498,21.0303013498,1700
281,12,2020-05-05 13:00:00,21.1558842242,21.1655444453,21.1558842242,21.1558842242,892
282,11,2020-05-05 16:00:00,21.1558842242,21.2041853298,21.136563782,21.136563782,1033
283,10,2020-05-06 10:30:00,21.919041691700002,21.967342797199997,21.919041691700002,21.967342797199997,220
284,9,2020-05-06 11:30:00,20.962679802100002,20.962679802100002,20.962679802100002,20.962679802100002,275
285,8,2020-05-06 12:00:00,21.2459174849,21.2459174849,21.2459174849,21.2459174849,185
286,7,2020-05-06 12:30:00,21.455351078499998,21.455351078499998,21.3505376795,21.3505376795,555
287,6,2020-05-06 14:30:00,21.2524864353,21.2524864353,21.147673036300002,21.147673036300002,630
288,5,2020-05-07 11:00:00,21.1075831187,21.1075831187,21.1075831187,21.1075831187,100
289,4,2020-05-07 11:30:00,21.0592820132,21.0592820132,21.0592820132,21.0592820132,600
290,3,2020-05-07 12:00:00,21.0786024554,21.2524864353,21.0689422343,21.175204666400003,1600
291,2,2020-05-07 14:00:00,21.186893534,21.2573165458,21.186893534,21.2573165458,450
292,1,2020-05-07 15:30:00,21.2814670986,21.2814670986,21.2814670986,21.2814670986,100
293,0,2020-05-07 16:00:00,21.1558842242,21.1558842242,21.1558842242,21.1558842242,276
294,164,2020-05-08 10:30:00,21.493991963000003,21.493991963000003,21.493991963000003,21.493991963000003,100
295,163,2020-05-08 12:00:00,21.417579614,21.417579614,21.417579614,21.417579614,100
296,162,2020-05-08 12:30:00,21.3587488675,21.3587488675,21.3587488675,21.3587488675,100
297,161,2020-05-08 13:00:00,21.407049973,21.9287019128,21.3587488675,21.9287019128,933
298,160,2020-05-08 15:30:00,21.658215721799998,21.658215721799998,21.6388952796,21.658215721799998,750
299,159,2020-05-08 16:00:00,21.542293068499998,21.542293068499998,21.493991963000003,21.493991963000003,1250
300,158,2020-05-11 10:00:00,21.493991963000003,21.493991963000003,21.493991963000003,21.493991963000003,1998
301,157,2020-05-11 11:00:00,21.687196385100002,21.778678679000002,21.687196385100002,21.778678679000002,1200
302,156,2020-05-11 11:30:00,21.7714335132,21.7714335132,21.7714335132,21.7714335132,150
303,155,2020-05-11 12:00:00,21.6649778766,21.6649778766,21.6649778766,21.6649778766,300
304,154,2020-05-11 12:30:00,21.629235058499997,21.680627434699996,21.629235058499997,21.680627434699996,400
305,153,2020-05-11 14:00:00,21.5229726263,21.725837269499998,21.5229726263,21.634065169,2050
306,152,2020-05-11 14:30:00,21.7354974906,21.880400807199997,21.7354974906,21.880400807199997,480
307,151,2020-05-11 16:00:00,21.8417599228,21.875570696700002,21.832099701700002,21.832099701700002,1900
308,150,2020-05-12 10:00:00,21.7374295349,21.832099701700002,21.6678759429,21.8320030995,1300
309,149,2020-05-12 10:30:00,21.701783319,21.832099701700002,21.701783319,21.8320030995,500
310,148,2020-05-12 11:00:00,21.7065168273,21.7065168273,21.7065168273,21.7065168273,200
311,147,2020-05-12 11:30:00,21.5326328474,21.8224394806,21.5171764936,21.8223428784,1200
312,146,2020-05-12 13:00:00,21.6851677387,21.812779259499997,21.6851677387,21.8126826573,300
313,145,2020-05-12 13:30:00,21.812779259499997,21.8224394806,21.6643982633,21.8224394806,460
314,144,2020-05-12 14:30:00,21.7354974906,21.7354974906,21.7354008884,21.7354008884,200
315,143,2020-05-12 15:30:00,21.7354974906,21.7354974906,21.6263369921,21.672706053400002,1700
316,142,2020-05-12 16:00:00,21.6195748374,21.7354974906,21.551663483000002,21.7354008884,1125
317,141,2020-05-13 10:00:00,21.6096248096,21.6096248096,21.6096248096,21.6096248096,100
318,140,2020-05-13 10:30:00,21.609914616199998,21.609914616199998,21.605084505700002,21.605084505700002,400
319,139,2020-05-13 11:00:00,21.5400712176,21.571273731799998,21.493991963000003,21.493991963000003,1618
320,138,2020-05-13 12:00:00,21.3007875408,21.3007875408,21.2718068775,21.2718068775,400
321,137,2020-05-13 12:30:00,21.2524864353,21.3394284253,21.2524864353,21.2524864353,2275
322,136,2020-05-13 14:00:00,20.850041624,21.2524864353,20.7887958222,21.0438256594,2100
323,135,2020-05-13 14:30:00,21.0109809076,21.2524864353,20.6680430583,21.2524864353,3050
324,134,2020-05-13 15:30:00,20.7694753799,21.1762672908,20.7694753799,21.1762672908,1032
325,133,2020-05-13 16:00:00,21.0206411287,21.0206411287,20.7501549377,20.7501549377,2850
326,132,2020-05-14 10:00:00,21.607982571999997,21.607982571999997,21.3684090886,21.3828994202,400
327,131,2020-05-14 11:00:00,21.9383621339,21.967342797199997,21.9383621339,21.967342797199997,405
328,130,2020-05-14 12:00:00,21.1462240031,21.1462240031,21.0747383669,21.0747383669,290
329,129,2020-05-14 12:30:00,21.2524864353,21.2524864353,21.2524864353,21.2524864353,400
330,128,2020-05-14 13:00:00,20.8950582543,20.8950582543,20.8950582543,20.8950582543,325
331,127,2020-05-14 14:30:00,21.2524864353,21.2524864353,21.2524864353,21.2524864353,480
332,126,2020-05-14 15:30:00,21.0303013498,21.0303013498,20.866077591,20.962679802100002,963
333,125,2020-05-14 16:00:00,20.9625831999,20.9625831999,20.7694753799,20.8950582543,1045
334,124,2020-05-15 11:00:00,21.4938953608,21.4938953608,21.4938953608,21.4938953608,445
335,123,2020-05-15 11:30:00,21.2524864353,21.2524864353,21.2523898331,21.2523898331,990
336,122,2020-05-15 12:00:00,20.942876348800002,21.2524864353,20.942876348800002,21.2523898331,620
337,121,2020-05-15 12:30:00,20.8564173699,20.8564173699,20.8564173699,20.8564173699,105
338,120,2020-05-15 15:30:00,20.5086494101,20.6245720633,20.4700085256,20.6245720633,3450
339,119,2020-05-18 10:00:00,20.2961245457,21.1075831187,20.2961245457,21.1075831187,940
340,118,2020-05-18 11:00:00,21.3405876518,21.3405876518,21.3405876518,21.3405876518,670
341,117,2020-05-18 11:30:00,21.0206411287,21.0206411287,21.0206411287,21.0206411287,500
342,116,2020-05-18 12:00:00,21.1861207163,21.4360306363,21.1861207163,21.4360306363,800
343,115,2020-05-18 12:30:00,21.0938656047,21.3973897519,21.0938656047,21.3104477619,1000
344,114,2020-05-18 15:00:00,21.349088646400002,21.4456908574,21.3007875408,21.3925596413,3715
345,113,2020-05-18 15:30:00,21.3104477619,21.408692210599998,21.3007875408,21.3007875408,984
346,112,2020-05-18 16:00:00,21.0303013498,21.086813643299998,20.9820002443,21.086813643299998,2620
347,111,2020-05-19 10:00:00,20.348676148499997,20.7694753799,20.348676148499997,20.4989891889,2700
348,110,2020-05-19 10:30:00,20.866077591,20.866077591,20.866077591,20.866077591,100
349,109,2020-05-19 12:00:00,21.2524864353,21.2524864353,21.1481560473,21.1481560473,735
350,108,2020-05-19 12:30:00,21.2524864353,21.2524864353,21.2523898331,21.2523898331,370
351,107,2020-05-19 14:30:00,21.493991963000003,21.493991963000003,21.493991963000003,21.493991963000003,228
352,106,2020-05-19 15:30:00,21.276636988099998,21.276636988099998,21.276636988099998,21.276636988099998,150
353,105,2020-05-19 16:00:00,21.0786024554,21.0786024554,21.0786024554,21.0786024554,250
354,104,2020-05-20 11:30:00,21.3973897519,21.3973897519,21.2283358825,21.321267209600002,600
355,103,2020-05-20 12:30:00,21.1848648875,21.2428262142,21.1848648875,21.1848648875,2600
356,102,2020-05-20 13:00:00,21.2524864353,21.2524864353,21.1848648875,21.2524864353,2620
357,101,2020-05-20 14:00:00,21.2524864353,21.2524864353,21.2041853298,21.2524864353,360
358,100,2020-05-20 14:30:00,21.1655444453,21.1655444453,21.1655444453,21.1655444453,250
359,99,2020-05-20 15:00:00,21.1655444453,21.175204666400003,21.1558842242,21.175204666400003,7305
360,98,2020-05-20 15:30:00,21.0882626765,21.329768204100002,21.0882626765,21.329768204100002,1070
361,97,2020-05-20 16:00:00,21.329768204100002,21.3973897519,21.2876496401,21.3973897519,1200
362,96,2020-05-21 15:30:00,21.648555500700002,21.7354974906,21.5809339529,21.5809339529,1650
363,95,2020-05-21 16:00:00,21.9093814706,21.9093814706,21.9093814706,21.9093814706,100
364,94,2020-05-22 10:30:00,21.7140517998,21.7140517998,21.7140517998,21.7140517998,250
365,93,2020-05-22 11:00:00,21.9287019128,21.9287019128,21.7548179329,21.7548179329,450
366,92,2020-05-22 12:00:00,21.9287019128,21.9287019128,21.5619033173,21.6388952796,1250
367,91,2020-05-22 13:00:00,21.6388952796,21.6388952796,21.6388952796,21.6388952796,800
368,90,2020-05-22 13:30:00,21.9093814706,21.9093814706,21.9093814706,21.9093814706,200
369,89,2020-05-22 14:00:00,21.832099701700002,21.8409871051,21.725837269499998,21.725837269499998,500
370,88,2020-05-22 15:30:00,21.948022355,21.948022355,21.948022355,21.948022355,200
371,87,2020-05-22 16:00:00,21.9287019128,21.948022355,21.832099701700002,21.948022355,825
372,86,2020-05-26 08:30:00,22.585596948000003,22.585596948000003,22.585596948000003,22.585596948000003,300
373,85,2020-05-26 09:30:00,22.5083151792,22.5083151792,22.5083151792,22.5083151792,420
374,84,2020-05-26 10:00:00,23.1072488878,23.1072488878,22.3247709782,22.4262032998,14013
375,83,2020-05-26 10:30:00,22.4866762839,22.527635621399998,22.218508546,22.218508546,2011
376,82,2020-05-26 11:00:00,22.4793345159,22.4793345159,22.3327889617,22.4696742948,1272
377,81,2020-05-26 11:30:00,22.4696742948,22.488994737,22.3714298461,22.3714298461,944
378,80,2020-05-26 12:00:00,22.488994737,22.488994737,22.450353852600003,22.450353852600003,559
379,79,2020-05-26 12:30:00,22.450353852600003,22.450353852600003,22.4438815044,22.450353852600003,2800
380,78,2020-05-26 13:00:00,22.411712968099998,22.4509334658,22.411616365900002,22.411712968099998,2513
381,77,2020-05-26 13:30:00,22.411712968099998,22.4600140737,22.411712968099998,22.4282319462,1200
382,76,2020-05-26 14:00:00,22.701519601300003,22.701519601300003,22.5896542409,22.6068494345,1100
383,75,2020-05-26 14:30:00,22.7373590216,22.8464229179,22.665486976599997,22.8464229179,1700
384,74,2020-05-26 15:00:00,22.7980252102,22.7980252102,22.4600140737,22.4600140737,1529
385,73,2020-05-26 15:30:00,22.4600140737,22.4600140737,22.4399208138,22.4399208138,2410
386,72,2020-05-26 16:00:00,22.5952571692,22.6242378325,22.3730720837,22.3730720837,6998
387,71,2020-05-27 11:00:00,22.701519601300003,22.7340745465,22.411712968099998,22.4213731892,3050
388,70,2020-05-27 11:30:00,22.363411862600003,22.363411862600003,22.363411862600003,22.363411862600003,190
389,69,2020-05-27 12:00:00,22.363411862600003,22.387562415399998,22.363411862600003,22.387562415399998,300
390,68,2020-05-27 12:30:00,22.2474892093,22.2474892093,22.2184119438,22.2184119438,3945
391,67,2020-05-27 13:00:00,22.1991881038,22.1991881038,22.1702074404,22.1702074404,725
392,66,2020-05-27 14:00:00,22.218508546,22.218508546,22.218508546,22.218508546,1125
393,65,2020-05-27 14:30:00,22.3151107571,22.3151107571,22.2668096515,22.3151107571,1115
394,64,2020-05-27 15:00:00,22.3151107571,22.4696742948,22.3151107571,22.4600140737,1155
395,63,2020-05-27 15:30:00,22.836762696799997,22.836762696799997,22.555843467,22.555843467,3110
396,62,2020-05-27 16:00:00,22.517975400300003,22.5566162847,22.3344311993,22.3344311993,2046
397,61,2020-05-28 10:00:00,22.5469560636,22.5469560636,22.4363465319,22.455183963099998,1000
398,60,2020-05-28 10:30:00,22.5278288258,22.5566162847,22.5278288258,22.5566162847,1366
399,59,2020-05-28 12:00:00,22.7498207069,22.7498207069,22.7498207069,22.7498207069,130
400,58,2020-05-28 14:30:00,22.827102475700002,22.836762696799997,22.827102475700002,22.836762696799997,520
401,57,2020-05-28 15:00:00,22.8950138301,22.9243809023,22.836762696799997,22.836762696799997,1900
402,56,2020-05-28 16:00:00,22.943025129000002,22.9623455712,22.875403581300002,22.875500183499998,2700
403,55,2020-05-29 11:00:00,23.162505352600004,23.162505352600004,23.162505352600004,23.162505352600004,650
404,54,2020-05-29 12:30:00,22.9720057923,22.9912296323,22.8947240235,22.9912296323,2500
405,53,2020-05-29 13:00:00,22.7045142699,22.788461591300003,22.431033410300003,22.647325760900003,3927
406,52,2020-05-29 13:30:00,22.769141149099998,22.798121812399998,22.7071225296,22.7071225296,1400
407,51,2020-05-29 14:00:00,22.798121812399998,23.051702616500002,22.7980252102,23.051702616500002,1000
408,50,2020-05-29 15:30:00,23.128018363200002,23.128018363200002,23.0492875612,23.0492875612,3208
409,49,2020-06-01 10:30:00,23.12656933,23.12656933,23.12656933,23.12656933,125
410,48,2020-06-01 11:00:00,23.0686080034,23.0686080034,23.0589477823,23.0589477823,200
411,47,2020-06-01 11:30:00,23.0589477823,23.0589477823,23.0589477823,23.0589477823,100
412,46,2020-06-01 12:00:00,23.1273421477,23.1273421477,23.1273421477,23.1273421477,1000
413,45,2020-06-01 13:00:00,23.1748704356,23.1845306567,23.126472727800003,23.126472727800003,1025
414,44,2020-06-01 15:00:00,23.0770123958,23.0770123958,23.0770123958,23.0770123958,350
415,43,2020-06-01 15:30:00,23.1354567335,23.1354567335,23.1354567335,23.1354567335,500
416,42,2020-06-01 16:00:00,23.0686080034,23.1845306567,23.0589477823,23.1845306567,1775
417,41,2020-06-02 10:00:00,23.1305300207,23.1305300207,23.1305300207,23.1305300207,300
418,40,2020-06-02 10:30:00,23.1845306567,23.1845306567,23.1845306567,23.1845306567,1050
419,39,2020-06-02 11:00:00,23.0879284456,23.1845306567,23.0879284456,23.1845306567,5700
420,38,2020-06-02 11:30:00,23.1941908778,23.2811328677,23.0879284456,23.2811328677,1974
421,37,2020-06-02 12:00:00,23.232831762199996,23.2811328677,23.12656933,23.2634546631,3085
422,36,2020-06-02 12:30:00,23.2811328677,23.4426517647,23.2634546631,23.2811328677,3758
423,35,2020-06-02 13:00:00,23.3294339733,23.4646770688,23.3294339733,23.387395299899996,1672
424,34,2020-06-02 13:30:00,23.3101135311,23.4067157421,23.309147509000002,23.3487544155,1600
425,33,2020-06-02 14:00:00,23.435696405500003,23.4730814611,23.4163759632,23.4260361844,1250
426,32,2020-06-02 14:30:00,23.397055521,23.397055521,23.397055521,23.397055521,330
427,31,2020-06-02 15:30:00,23.4260361844,23.4260361844,23.397055521,23.397055521,1046
428,30,2020-06-02 16:00:00,23.4743372899,23.4743372899,23.2811328677,23.3777350788,3268
429,29,2020-06-03 10:00:00,23.5952832581,23.6095803854,23.570939500999998,23.570939500999998,4030
430,28,2020-06-03 10:30:00,23.585429832600003,23.585429832600003,23.4888276215,23.504477179699997,975
431,27,2020-06-03 11:00:00,23.5038975665,23.585429832600003,23.5038975665,23.5612792799,605
432,26,2020-06-03 11:30:00,23.5612792799,23.5612792799,23.4936577321,23.5612792799,905
433,25,2020-06-03 12:00:00,23.5354864895,23.5354864895,23.5354864895,23.5354864895,100
434,24,2020-06-03 12:30:00,23.4938509365,23.570939500999998,23.4936577321,23.5612792799,2325
435,23,2020-06-03 13:00:00,23.5612792799,23.570939500999998,23.5226383954,23.541958837600003,2330
436,22,2020-06-03 13:30:00,23.534906876199997,23.570939500999998,23.483997511,23.5708428987,3528
437,21,2020-06-03 14:00:00,23.5612792799,23.5612792799,23.5605064622,23.5605064622,800
438,20,2020-06-03 14:30:00,23.5516190587,23.5516190587,23.5516190587,23.5516190587,765
439,19,2020-06-03 15:00:00,23.552681683099998,23.5619554953,23.552681683099998,23.5612792799,924
440,18,2020-06-03 15:30:00,23.5612792799,23.5612792799,23.5511360477,23.5511360477,651
441,17,2020-06-03 16:00:00,23.541958837600003,23.541958837600003,23.522541793200002,23.522541793200002,610
442,16,2020-06-04 10:00:00,23.5322986165,23.5322986165,23.4260361844,23.4260361844,2162
443,15,2020-06-04 10:30:00,23.4743372899,23.4743372899,23.4453566266,23.4646770688,800
444,14,2020-06-04 11:00:00,23.4743372899,23.4743372899,23.4741440855,23.4741440855,400
445,13,2020-06-04 12:00:00,23.4743372899,23.4743372899,23.461392593600003,23.4743372899,3770
446,12,2020-06-04 12:30:00,23.4743372899,23.4743372899,23.4626484223,23.4626484223,300
447,11,2020-06-04 13:00:00,23.4646770688,23.4743372899,23.4242973446,23.4242973446,2064
448,10,2020-06-04 14:00:00,23.4260361844,23.4260361844,23.4252633667,23.4252633667,1192
449,9,2020-06-04 14:30:00,23.4018856316,23.4260361844,23.3777350788,23.405266709,921
450,8,2020-06-04 15:00:00,23.3777350788,23.4260361844,23.3777350788,23.4259395821,1152
451,7,2020-06-04 15:30:00,23.4260361844,23.4260361844,23.420240051700002,23.420240051700002,315
452,6,2020-06-04 16:00:00,23.4067157421,23.4067157421,23.1845306567,23.1845306567,13525
453,5,2020-06-05 10:00:00,23.667541712,23.715842817600002,23.4888276215,23.667541712,2374
454,4,2020-06-05 10:30:00,23.628900827600003,23.715842817600002,23.5458229261,23.696522375300002,2375
455,3,2020-06-05 13:00:00,23.5612792799,23.6095803854,23.5516190587,23.5612792799,2231
456,2,2020-06-05 13:30:00,23.5516190587,23.5516190587,23.2907930889,23.397055521,2068
457,1,2020-06-05 14:00:00,23.3342640838,23.667541712,23.3342640838,23.5506530366,3242
458,0,2020-06-05 16:00:00,23.570939500999998,23.667541712,23.4743372899,23.667541712,765
459,181,2020-06-08 10:00:00,23.541958837600003,23.541958837600003,23.541958837600003,23.541958837600003,1287
460,180,2020-06-08 10:30:00,23.6192406065,23.6192406065,23.5805997221,23.5805997221,450
461,179,2020-06-08 11:30:00,23.7061825965,23.715842817600002,23.6636776236,23.715842817600002,750
462,178,2020-06-08 12:00:00,23.667541712,23.667541712,23.667541712,23.667541712,400
463,177,2020-06-08 12:30:00,23.754483701999998,23.754483701999998,23.715842817600002,23.715842817600002,250
464,176,2020-06-08 13:00:00,23.667541712,23.7641439231,23.667541712,23.7640473209,1545
465,175,2020-06-08 14:00:00,23.7641439231,23.7641439231,23.7641439231,23.7641439231,900
466,174,2020-06-08 15:00:00,23.7641439231,23.7641439231,23.725503038699998,23.7621152767,1362
467,173,2020-06-08 15:30:00,23.8752364658,23.8752364658,23.812445028600003,23.812445028600003,450
468,172,2020-06-08 16:00:00,23.9179346431,23.9179346431,23.9179346431,23.9179346431,1025
469,171,2020-06-09 10:30:00,23.667541712,23.715842817600002,23.667541712,23.715842817600002,800
470,170,2020-06-09 11:30:00,23.667541712,23.667541712,23.667541712,23.667541712,200
471,169,2020-06-09 13:00:00,23.8027848075,23.928271079699996,23.8027848075,23.928271079699996,200
472,168,2020-06-09 13:30:00,23.909047239699998,23.909047239699998,23.909047239699998,23.909047239699998,893
473,167,2020-06-09 15:00:00,23.7738041442,23.7738041442,23.7738041442,23.7738041442,200
474,166,2020-06-09 15:30:00,23.7738041442,23.8169853326,23.5226383954,23.5226383954,1608
475,165,2020-06-09 16:00:00,23.4196604384,23.667541712,23.3671088356,23.6674451098,5290
476,164,2020-06-10 10:00:00,23.768974033600003,23.768974033600003,23.768974033600003,23.768974033600003,100
477,163,2020-06-10 11:00:00,23.625423148000003,23.7641439231,23.608904169899997,23.7641439231,1125
478,162,2020-06-10 13:00:00,23.5999201643,23.5999201643,23.5999201643,23.5999201643,110
479,161,2020-06-10 13:30:00,23.715842817600002,23.715842817600002,23.6727582314,23.6727582314,320
480,160,2020-06-10 14:00:00,23.6786509663,23.715842817600002,23.6786509663,23.6897602206,1350
481,159,2020-06-10 14:30:00,23.7641439231,23.7641439231,23.7641439231,23.7641439231,1300
482,158,2020-06-10 15:00:00,23.725503038699998,23.725503038699998,23.6758495022,23.6758495022,950
483,157,2020-06-10 16:00:00,23.6488974853,23.6488974853,23.5999201643,23.5999201643,7471
484,156,2020-06-11 10:00:00,23.2811328677,23.3342640838,23.2714726466,23.3342640838,2507
485,155,2020-06-11 11:00:00,23.5375151359,23.5375151359,23.5375151359,23.5375151359,648
486,154,2020-06-11 11:30:00,23.3584146366,23.3584146366,23.3584146366,23.3584146366,200
487,153,2020-06-11 13:00:00,23.330496597600003,23.334940299299998,23.3271155202,23.334940299299998,1700
488,152,2020-06-11 13:30:00,23.377155465599998,23.377155465599998,23.377155465599998,23.377155465599998,1500
489,151,2020-06-11 14:00:00,23.4260361844,23.4762693341,23.4260361844,23.4260361844,2100
490,150,2020-06-11 14:30:00,23.3535845261,23.4260361844,23.3535845261,23.4163759632,750
491,149,2020-06-11 15:00:00,23.3192907411,23.3508796641,23.2907930889,23.2907930889,1575
492,148,2020-06-11 15:30:00,23.1845306567,23.1845306567,23.1845306567,23.1845306567,140
493,147,2020-06-11 16:00:00,23.1394174241,23.1845306567,23.1362295511,23.1845306567,2600
494,146,2020-06-12 10:00:00,23.4778279346,23.4778279346,23.3512954198,23.4139226241,1159
495,145,2020-06-12 10:30:00,23.20254352,23.20254352,23.20254352,23.20254352,355
496,144,2020-06-12 11:00:00,23.1337224163,23.20254352,23.1337224163,23.20254352,400
497,143,2020-06-12 11:30:00,23.123890830100002,23.20254352,22.789616898000002,22.789616898000002,2504
498,142,2020-06-12 12:00:00,22.8092800705,23.119171668699998,22.8092800705,23.0943960714,770
499,141,2020-06-12 12:30:00,23.036881291900002,23.060673730599998,22.789616898000002,22.8486064155,3850
500,140,2020-06-12 13:00:00,22.824027449899997,22.8584380017,22.824027449899997,22.8583396858,1200
501,139,2020-06-12 13:30:00,22.907595932899998,22.907595932899998,22.8977643466,22.8977643466,450
502,138,2020-06-12 14:00:00,22.8977643466,22.907497616999997,22.8604043189,22.907497616999997,1100
503,137,2020-06-12 14:30:00,22.907595932899998,22.907595932899998,22.8338590361,22.8338590361,900
504,136,2020-06-12 15:00:00,22.8584380017,22.907595932899998,22.8584380017,22.8584380017,772
505,135,2020-06-12 15:30:00,22.8338590361,22.907595932899998,22.8338590361,22.907595932899998,1500
506,134,2020-06-12 16:00:00,22.907595932899998,22.9534111248,22.907595932899998,22.907595932899998,2599
507,133,2020-06-15 10:00:00,22.8993374004,22.8993374004,22.6913010357,22.6913010357,1101
508,132,2020-06-15 10:30:00,22.7764425725,22.7764425725,22.7764425725,22.7764425725,108
509,131,2020-06-15 11:00:00,22.8091817547,22.8091817547,22.8091817547,22.8091817547,100
510,130,2020-06-15 11:30:00,22.8092800705,22.907595932899998,22.8092800705,22.907595932899998,2000
511,129,2020-06-15 12:30:00,22.7207957944,22.7207957944,22.7109642081,22.7109642081,405
512,128,2020-06-15 13:30:00,22.730627380599998,22.730627380599998,22.730627380599998,22.730627380599998,100
513,127,2020-06-15 14:30:00,22.828549979499996,22.828549979499996,22.828549979499996,22.828549979499996,216
514,126,2020-06-15 15:00:00,22.819111656799997,22.819111656799997,22.819111656799997,22.819111656799997,433
515,125,2020-06-15 15:30:00,22.792861321500002,22.792861321500002,22.792861321500002,22.792861321500002,430
516,124,2020-06-15 16:00:00,22.799448484299997,22.799448484299997,22.7654311959,22.799448484299997,1800
517,123,2020-06-16 10:30:00,22.819111656799997,23.644964900700003,22.7207957944,22.996080209000002,5806
518,122,2020-06-16 12:30:00,22.907497616999997,22.907497616999997,22.6913010357,22.6913010357,4373
519,121,2020-06-16 13:00:00,22.838774829200002,22.8574548431,22.6913010357,22.8010215381,5025
520,120,2020-06-16 13:30:00,22.789616898000002,22.789616898000002,22.789616898000002,22.789616898000002,200
521,119,2020-06-16 14:00:00,22.819111656799997,22.819111656799997,22.8092800705,22.8092800705,375
522,118,2020-06-16 14:30:00,22.838774829200002,22.838774829200002,22.814195863600002,22.814195863600002,250
523,117,2020-06-16 15:00:00,22.8092800705,22.8092800705,22.7699537256,22.7699537256,660
524,116,2020-06-16 15:30:00,22.7699537256,22.7895185822,22.6913010357,22.6913010357,1268
525,115,2020-06-16 16:00:00,22.7404589669,22.7502905531,22.7109642081,22.7109642081,2445
526,114,2020-06-17 10:00:00,22.8092800705,22.8584380017,22.760122139299998,22.7699537256,10190
527,113,2020-06-17 10:30:00,22.730627380599998,22.748914131,22.730627380599998,22.7404589669,950
528,112,2020-06-17 11:00:00,22.7257115875,22.760122139299998,22.6913010357,22.7319054868,1525
529,111,2020-06-17 11:30:00,22.7452764441,22.7452764441,22.730627380599998,22.730627380599998,900
530,110,2020-06-17 12:30:00,22.730627380599998,22.730627380599998,22.6913010357,22.6913010357,525
531,109,2020-06-17 13:30:00,22.730627380599998,22.730627380599998,22.730627380599998,22.730627380599998,600
532,108,2020-06-17 14:30:00,22.7305290648,22.730627380599998,22.7158800013,22.730627380599998,2120
533,107,2020-06-17 15:00:00,22.735543173699998,22.735543173699998,22.7109642081,22.7109642081,580
534,106,2020-06-17 15:30:00,22.7109642081,22.7109642081,22.7109642081,22.7109642081,150
535,105,2020-06-17 16:00:00,22.7011326219,22.7011326219,22.6913010357,22.6913010357,2100
536,104,2020-06-18 10:00:00,22.6913010357,22.6913010357,22.6913010357,22.6913010357,600
537,103,2020-06-18 11:00:00,22.722073900599998,22.722073900599998,22.6993629364,22.7040820978,1900
538,102,2020-06-18 11:30:00,22.7039837819,22.7039837819,22.7039837819,22.7039837819,1000
539,101,2020-06-18 12:00:00,22.6913010357,22.6913010357,22.5718472629,22.6759637611,608
540,100,2020-06-18 13:30:00,22.5634904146,22.5634904146,22.5634904146,22.5634904146,181
541,99,2020-06-18 15:00:00,22.6128449775,22.6913010357,22.6128449775,22.6913010357,850
542,98,2020-06-18 15:30:00,22.6519746907,22.6519746907,22.6519746907,22.6519746907,100
543,97,2020-06-18 16:00:00,22.6128449775,22.6128449775,22.6126483458,22.6126483458,638
544,96,2020-06-19 11:00:00,22.604783076799997,22.604783076799997,22.604783076799997,22.604783076799997,425
545,95,2020-06-19 12:00:00,22.8470333617,23.045139824299998,22.8470333617,23.045139824299998,725
546,94,2020-06-19 12:30:00,22.465174552199997,22.465174552199997,22.416016621,22.416016621,2045
547,93,2020-06-19 13:00:00,22.5634904146,22.5634904146,22.5634904146,22.5634904146,100
548,92,2020-06-19 13:30:00,22.5634904146,22.5634904146,22.3668586898,22.3668586898,3482
549,91,2020-06-19 14:30:00,22.416016621,22.416016621,22.398024818200003,22.398024818200003,204
550,90,2020-06-19 15:30:00,22.5634904146,22.5634904146,22.4818882488,22.4818882488,400
551,89,2020-06-19 16:00:00,22.440595586599997,22.440595586599997,22.440595586599997,22.440595586599997,100
552,88,2020-06-22 10:00:00,22.6913010357,22.951838070999997,22.6242496175,22.7109642081,16293
553,87,2020-06-22 10:30:00,22.7109642081,22.760122139299998,22.7109642081,22.730627380599998,1130
554,86,2020-06-22 11:00:00,22.7602204552,22.8928485535,22.7602204552,22.828943243,2200
555,85,2020-06-22 11:30:00,22.828943243,22.9550824944,22.828943243,22.8682695879,9415
556,84,2020-06-22 12:00:00,22.8928485535,22.8928485535,22.828943243,22.8305162968,800
557,83,2020-06-22 12:30:00,22.8781011742,22.8781011742,22.8584380017,22.8584380017,443
558,82,2020-06-22 13:00:00,22.858536317600002,22.907595932899998,22.8584380017,22.907595932899998,500
559,81,2020-06-22 13:30:00,22.8595194762,22.8603060031,22.8584380017,22.858536317600002,500
560,80,2020-06-22 14:00:00,22.8588312651,23.035406554,22.8588312651,22.9910661,3414
561,79,2020-06-22 15:00:00,22.9862486228,22.9862486228,22.9272591054,22.9272591054,780
562,78,2020-06-22 15:30:00,23.0255749677,23.035406554,23.0255749677,23.035406554,1000
563,77,2020-06-22 16:00:00,23.0255749677,23.035406554,23.0059117953,23.0059117953,3714
564,76,2020-06-23 10:00:00,23.0452381402,23.556480624499997,23.0452381402,23.4974911071,4420
565,75,2020-06-23 10:30:00,23.3352699342,23.3352699342,23.104227657600003,23.104227657600003,500
566,74,2020-06-23 11:00:00,23.4578698146,23.4668165581,23.350017313600002,23.350017313600002,1797
567,73,2020-06-23 11:30:00,23.4871679416,23.4871679416,23.337039619699997,23.337039619699997,1919
568,72,2020-06-23 12:30:00,23.4385015897,23.4385015897,23.4385015897,23.4385015897,300
569,71,2020-06-23 13:00:00,23.3942594516,23.3966190323,23.3598488998,23.3966190323,650
570,70,2020-06-23 13:30:00,23.2713646237,23.3680091164,23.2517014512,23.312657285900002,2179
571,69,2020-06-23 14:00:00,23.310690968600003,23.310690968600003,23.310690968600003,23.310690968600003,125
572,68,2020-06-23 15:00:00,23.20254352,23.2356759656,23.192711933800002,23.202445204099998,1006
573,67,2020-06-23 15:30:00,23.20254352,23.20254352,23.1739336041,23.1739336041,347
574,66,2020-06-23 16:00:00,23.1337224163,23.1337224163,23.1337224163,23.1337224163,150
575,65,2020-06-24 10:00:00,23.104227657600003,23.2506199767,23.104227657600003,23.104227657600003,1250
576,64,2020-06-24 10:30:00,23.3008593824,23.3008593824,23.20254352,23.20254352,900
577,63,2020-06-24 11:00:00,23.192711933800002,23.192711933800002,23.104227657600003,23.104227657600003,600
578,62,2020-06-24 12:00:00,22.9928357856,23.0570360437,22.907595932899998,22.907595932899998,1736
579,61,2020-06-24 13:30:00,22.9174275191,22.946922277800002,22.8879327604,22.8879327604,1210
580,60,2020-06-24 14:00:00,22.9360092171,22.9360092171,22.8584380017,22.8706291686,1702
581,59,2020-06-24 14:30:00,22.8486064155,22.8486064155,22.8092800705,22.8092800705,242
582,58,2020-06-24 15:00:00,22.760122139299998,22.760122139299998,22.730627380599998,22.7502905531,1079
583,57,2020-06-24 15:30:00,22.730627380599998,22.760122139299998,22.730627380599998,22.760122139299998,1300
584,56,2020-06-24 16:00:00,22.760122139299998,22.760122139299998,22.760122139299998,22.760122139299998,250
585,55,2020-06-25 10:00:00,22.760122139299998,22.760122139299998,22.760122139299998,22.760122139299998,125
586,54,2020-06-25 10:30:00,22.760122139299998,22.7602204552,22.760122139299998,22.760122139299998,350
587,53,2020-06-25 11:00:00,22.907595932899998,22.907595932899998,22.907595932899998,22.907595932899998,200
588,52,2020-06-25 11:30:00,22.9120201467,22.9120201467,22.8584380017,22.858536317600002,500
589,51,2020-06-25 12:00:00,22.8535222086,22.8535222086,22.8535222086,22.8535222086,200
590,50,2020-06-25 14:30:00,22.912511725999998,22.921163521900002,22.912511725999998,22.921163521900002,350
591,49,2020-06-25 15:30:00,22.9302085812,22.9302085812,22.912511725999998,22.923228155,725
592,48,2020-06-25 16:00:00,22.9272591054,22.956753864099998,22.8682695879,22.9244079454,2590
593,47,2020-06-26 10:00:00,22.956753864099998,22.956753864099998,22.956753864099998,22.956753864099998,100
594,46,2020-06-26 10:30:00,22.8781011742,22.8781011742,22.781751629000002,22.781751629000002,4000
595,45,2020-06-26 11:30:00,22.956753864099998,22.956753864099998,22.8486064155,22.956753864099998,500
596,44,2020-06-26 14:30:00,22.819111656799997,22.819111656799997,22.819111656799997,22.819111656799997,250
597,43,2020-06-26 15:00:00,22.8092800705,22.8092800705,22.8092800705,22.8092800705,100
598,42,2020-06-26 15:30:00,22.838774829200002,22.838774829200002,22.819111656799997,22.819111656799997,475
599,41,2020-06-26 16:00:00,22.8270752416,22.8270752416,22.779785311799998,22.779785311799998,440
600,40,2020-06-29 10:00:00,22.8584380017,22.8584380017,22.7109642081,22.7109642081,899
601,39,2020-06-29 11:00:00,22.7109642081,22.7109642081,22.7109642081,22.7109642081,400
602,38,2020-06-29 12:00:00,22.711062524000003,22.711062524000003,22.711062524000003,22.711062524000003,275
603,37,2020-06-29 12:30:00,22.784701104899998,22.784701104899998,22.784701104899998,22.784701104899998,100
604,36,2020-06-29 13:00:00,22.786765738000003,22.786765738000003,22.786765738000003,22.786765738000003,190
605,35,2020-06-29 14:00:00,22.7109642081,22.7109642081,22.622479931999997,22.7109642081,993
606,34,2020-06-29 15:00:00,22.733970119899997,22.733970119899997,22.733970119899997,22.733970119899997,305
607,33,2020-06-29 15:30:00,22.724728428899997,22.724728428899997,22.724728428899997,22.724728428899997,125
608,32,2020-06-30 10:30:00,22.760122139299998,22.799448484299997,22.760122139299998,22.799448484299997,360
609,31,2020-06-30 11:00:00,22.8385781975,22.8385781975,22.8201931312,22.8201931312,330
610,30,2020-06-30 12:00:00,22.8092800705,22.8158672333,22.8092800705,22.8158672333,400
611,29,2020-06-30 13:30:00,22.8092800705,22.8259937671,22.8092800705,22.8259937671,1643
612,28,2020-06-30 15:00:00,22.8092800705,22.821766185,22.8092800705,22.8092800705,1235
613,27,2020-06-30 16:00:00,22.642143104499997,22.642143104499997,22.5880693802,22.5880693802,1563
614,26,2020-07-01 10:00:00,22.602816759499998,22.602816759499998,22.602816759499998,22.602816759499998,270
615,25,2020-07-01 10:30:00,22.799448484299997,22.8092800705,22.789616898000002,22.7940411118,400
616,24,2020-07-01 11:00:00,22.706048415,22.7109642081,22.706048415,22.7109642081,300
617,23,2020-07-01 11:30:00,22.760122139299998,22.760122139299998,22.7600238235,22.7600238235,300
618,22,2020-07-01 12:00:00,22.7502905531,22.7502905531,22.7011326219,22.7011326219,225
619,21,2020-07-01 12:30:00,22.602816759499998,22.602816759499998,22.602816759499998,22.602816759499998,377
620,20,2020-07-01 13:30:00,22.7109642081,22.760122139299998,22.7109642081,22.760122139299998,600
621,19,2020-07-01 15:00:00,22.7207957944,22.760122139299998,22.7109642081,22.7109642081,2554
622,18,2020-07-01 15:30:00,22.661806276999997,22.661806276999997,22.661806276999997,22.661806276999997,125
623,17,2020-07-01 16:00:00,22.661806276999997,22.6863852425,22.661806276999997,22.6863852425,275
624,16,2020-07-02 10:00:00,22.8092800705,22.8092800705,22.8092800705,22.8092800705,302
625,15,2020-07-02 10:30:00,22.7011326219,22.7109642081,22.642143104499997,22.642143104499997,1527
626,14,2020-07-02 11:30:00,22.6692782825,22.6692782825,22.6692782825,22.6692782825,200
627,13,2020-07-02 12:00:00,22.7109642081,22.7109642081,22.7109642081,22.7109642081,1100
628,12,2020-07-02 13:00:00,22.7011326219,22.7011326219,22.7011326219,22.7011326219,500
629,11,2020-07-02 14:30:00,22.666722070100004,22.7109642081,22.6126483458,22.7109642081,3200
630,10,2020-07-02 15:00:00,22.6126483458,22.7108658923,22.6126483458,22.7108658923,305
631,9,2020-07-02 15:30:00,22.642143104499997,22.642143104499997,22.5634904146,22.5634904146,1223
632,8,2020-07-02 16:00:00,22.602816759499998,22.7011326219,22.602816759499998,22.6126483458,1200
633,7,2020-07-06 10:00:00,22.5929851733,22.6126483458,22.5929851733,22.6126483458,300
634,6,2020-07-06 11:30:00,22.6126483458,22.6126483458,22.6126483458,22.6126483458,170
635,5,2020-07-06 12:00:00,22.7109642081,22.7109642081,22.7109642081,22.7109642081,200
636,4,2020-07-06 13:00:00,22.5929851733,22.5929851733,22.586791274,22.586791274,578
637,3,2020-07-06 14:30:00,22.5438272421,22.5438272421,22.5339956559,22.5339956559,240
638,2,2020-07-06 15:00:00,22.5241640696,22.5436306104,22.5143324834,22.5436306104,702
639,1,2020-07-06 15:30:00,22.514529115100004,22.514529115100004,22.486017515,22.486017515,695
640,0,2020-07-06 16:00:00,22.4897535178,22.5634904146,22.465174552199997,22.5634904146,1750
641,153,2020-07-07 10:00:00,22.465174552199997,22.465174552199997,22.465174552199997,22.465174552199997,1830
642,152,2020-07-07 10:30:00,22.484837724699997,22.484837724699997,22.484837724699997,22.484837724699997,200
643,151,2020-07-07 11:00:00,22.455342966,22.455342966,22.455342966,22.455342966,200
644,150,2020-07-07 11:30:00,22.484837724699997,22.5634904146,22.484837724699997,22.5479565083,1250
645,149,2020-07-07 12:00:00,22.5143324834,22.5143324834,22.5143324834,22.5143324834,450
646,148,2020-07-07 12:30:00,22.5143324834,22.5143324834,22.5143324834,22.5143324834,450
647,147,2020-07-07 13:00:00,22.5143324834,22.5143324834,22.465174552199997,22.4665509743,625
648,146,2020-07-07 13:30:00,22.4897535178,22.7109642081,22.4897535178,22.7109642081,2991
649,145,2020-07-07 14:00:00,22.711849050900003,22.760122139299998,22.573322000799998,22.6323115182,1105
650,144,2020-07-07 14:30:00,22.5634904146,22.622479931999997,22.5634904146,22.622479931999997,902
651,143,2020-07-07 15:00:00,22.529079862800003,22.6913010357,22.529079862800003,22.661806276999997,1768
652,142,2020-07-07 15:30:00,22.7275795889,22.7275795889,22.7275795889,22.7275795889,150
653,141,2020-07-07 16:00:00,22.6018336009,22.722172216500002,22.6018336009,22.6519746907,3095
654,140,2020-07-08 10:00:00,22.7109642081,22.7109642081,22.7109642081,22.7109642081,200
655,139,2020-07-08 10:30:00,22.6842222936,22.6842222936,22.6814694494,22.6814694494,350
656,138,2020-07-08 11:00:00,22.6415532093,22.6415532093,22.6415532093,22.6415532093,195
657,137,2020-07-08 12:00:00,22.661806276999997,22.661806276999997,22.661806276999997,22.661806276999997,1000
658,136,2020-07-08 13:30:00,22.7787038373,22.7787038373,22.7787038373,22.7787038373,886
659,135,2020-07-08 14:00:00,22.799448484299997,22.799448484299997,22.799448484299997,22.799448484299997,400
660,134,2020-07-08 14:30:00,22.8092800705,22.8436906223,22.7109642081,22.7109642081,3550
661,133,2020-07-08 15:00:00,22.7109642081,22.7109642081,22.553658828299998,22.6126483458,2327
662,132,2020-07-08 15:30:00,22.8584380017,22.8584380017,22.8584380017,22.8584380017,101
663,131,2020-07-08 16:00:00,22.8584380017,22.9558690213,22.840446198899997,22.858536317600002,2966
664,130,2020-07-09 10:00:00,22.8092800705,22.8092800705,22.8092800705,22.8092800705,301
665,129,2020-07-09 11:00:00,22.7898135298,22.7898135298,22.7898135298,22.7898135298,209
666,128,2020-07-09 11:30:00,22.784701104899998,22.784701104899998,22.784701104899998,22.784701104899998,100
667,127,2020-07-09 12:30:00,22.8584380017,22.8584380017,22.8584380017,22.8584380017,200
668,126,2020-07-09 13:00:00,22.8486064155,22.8486064155,22.824027449899997,22.824027449899997,680
669,125,2020-07-09 13:30:00,22.829139874699997,22.854996946500002,22.829139874699997,22.854996946500002,500
670,124,2020-07-09 14:00:00,22.8486064155,22.8584380017,22.828943243,22.8584380017,500
671,123,2020-07-09 14:30:00,22.8682695879,22.9199837315,22.8682695879,22.9199837315,725
672,122,2020-07-09 15:00:00,22.912511725999998,22.912511725999998,22.912511725999998,22.912511725999998,105
673,121,2020-07-09 16:00:00,22.912511725999998,22.946922277800002,22.8781011742,22.946922277800002,621
674,120,2020-07-10 11:00:00,22.8682695879,22.951838070999997,22.642143104499997,22.642143104499997,5100
675,119,2020-07-10 11:30:00,22.8584380017,22.8584380017,22.838774829200002,22.8584380017,1600
676,118,2020-07-10 12:00:00,22.789616898000002,22.8092800705,22.7207957944,22.7207957944,740
677,117,2020-07-10 12:30:00,22.842904095399998,22.8717106431,22.842904095399998,22.8584380017,610
678,116,2020-07-10 13:30:00,22.784701104899998,22.784701104899998,22.784701104899998,22.784701104899998,500
679,115,2020-07-10 14:30:00,22.8092800705,22.8092800705,22.8092800705,22.8092800705,1078
680,114,2020-07-10 16:00:00,22.8977643466,22.8977643466,22.8902923411,22.8902923411,1550
681,113,2020-07-13 10:00:00,22.6814694494,22.6814694494,22.6814694494,22.6814694494,2095
682,112,2020-07-13 10:30:00,22.730627380599998,22.730627380599998,22.7207957944,22.7207957944,300
683,111,2020-07-13 11:00:00,22.7502905531,22.7502905531,22.7502905531,22.7502905531,500
684,110,2020-07-13 11:30:00,22.7581558221,22.7581558221,22.7581558221,22.7581558221,120
685,109,2020-07-13 12:00:00,22.760122139299998,22.760122139299998,22.730627380599998,22.730627380599998,400
686,108,2020-07-13 12:30:00,22.7502905531,22.8584380017,22.7502905531,22.8584380017,1576
687,107,2020-07-13 13:30:00,22.789616898000002,22.789616898000002,22.789616898000002,22.789616898000002,115
688,106,2020-07-13 14:00:00,22.8347438789,22.8347438789,22.8092800705,22.8092800705,600
689,105,2020-07-13 14:30:00,22.824027449899997,22.824027449899997,22.789616898000002,22.789616898000002,605
690,104,2020-07-13 15:00:00,22.8583396858,22.8583396858,22.789616898000002,22.789616898000002,523
691,103,2020-07-13 15:30:00,22.8486064155,22.8584380017,22.824027449899997,22.838774829200002,600
692,102,2020-07-13 16:00:00,22.8584380017,23.0353082381,22.8486064155,23.0353082381,1495
693,101,2020-07-14 10:00:00,23.0059117953,23.0059117953,22.9174275191,22.9174275191,1266
694,100,2020-07-14 10:30:00,22.937090691599998,22.937090691599998,22.907595932899998,22.907595932899998,600
695,99,2020-07-14 11:00:00,22.907890880500002,22.916837623899998,22.8977643466,22.916837623899998,500
696,98,2020-07-14 11:30:00,22.8781011742,22.8944216073,22.6716378632,22.8354320899,1000
697,97,2020-07-14 12:00:00,22.8497862058,22.907595932899998,22.7404589669,22.7404589669,2368
698,96,2020-07-14 12:30:00,22.8584380017,22.8584380017,22.819111656799997,22.819111656799997,600
699,95,2020-07-14 13:00:00,22.819111656799997,22.819111656799997,22.819111656799997,22.819111656799997,100
700,94,2020-07-14 13:30:00,22.878887701100002,22.8830169673,22.828943243,22.8830169673,1175
701,93,2020-07-14 14:00:00,22.8830169673,22.8830169673,22.8584380017,22.8584380017,1000
702,92,2020-07-14 14:30:00,22.907595932899998,22.9172308874,22.8584380017,22.9172308874,1125
703,91,2020-07-14 15:00:00,22.8879327604,22.8879327604,22.8584380017,22.8584380017,575
704,90,2020-07-14 15:30:00,22.8584380017,22.8584380017,22.828943243,22.8290415589,600
705,89,2020-07-14 16:00:00,22.7502905531,22.7502905531,22.622479931999997,22.622479931999997,1901
706,88,2020-07-15 10:00:00,22.6716378632,22.6913010357,22.6323115182,22.642143104499997,3840
707,87,2020-07-15 10:30:00,22.838774829200002,22.8879327604,22.838774829200002,22.8879327604,2300
708,86,2020-07-15 12:00:00,22.8879327604,22.8879327604,22.7109642081,22.7109642081,435
709,85,2020-07-15 12:30:00,22.7913865836,22.7913865836,22.7913865836,22.7913865836,305
710,84,2020-07-15 13:00:00,22.7781139421,22.7781139421,22.7781139421,22.7781139421,154
711,83,2020-07-15 14:00:00,22.8059373312,22.819111656799997,22.6814694494,22.6814694494,6105
712,82,2020-07-15 14:30:00,22.7109642081,22.7109642081,22.7109642081,22.7109642081,220
713,81,2020-07-16 10:00:00,22.7109642081,22.774869518699997,22.7109642081,22.774869518699997,1830
714,80,2020-07-16 10:30:00,22.8092800705,22.8092800705,22.8092800705,22.8092800705,200
715,79,2020-07-16 11:30:00,22.8092800705,22.8092800705,22.8092800705,22.8092800705,100
716,78,2020-07-16 12:00:00,22.838676513400003,22.838676513400003,22.827665136799997,22.827665136799997,425
717,77,2020-07-16 13:00:00,22.760122139299998,22.760122139299998,22.760122139299998,22.760122139299998,280
718,76,2020-07-16 14:00:00,22.799448484299997,22.799448484299997,22.799448484299997,22.799448484299997,100
719,75,2020-07-16 14:30:00,22.760122139299998,22.799448484299997,22.760122139299998,22.760122139299998,1259
720,74,2020-07-16 15:00:00,22.838774829200002,22.838774829200002,22.838774829200002,22.838774829200002,100
721,73,2020-07-16 16:00:00,22.799448484299997,22.8486064155,22.730627380599998,22.799448484299997,2922
722,72,2020-07-17 11:30:00,22.819111656799997,22.819111656799997,22.7502905531,22.7502905531,622
723,71,2020-07-17 12:00:00,22.751765290999998,22.751765290999998,22.7502905531,22.7502905531,390
724,70,2020-07-17 12:30:00,22.838774829200002,22.838774829200002,22.838774829200002,22.838774829200002,100
725,69,2020-07-17 13:00:00,22.819111656799997,22.819111656799997,22.789616898000002,22.8092800705,800
726,68,2020-07-17 13:30:00,22.8092800705,22.8781011742,22.8092800705,22.8780028583,1195
727,67,2020-07-17 14:00:00,23.034226763600003,23.034226763600003,23.034226763600003,23.034226763600003,350
728,66,2020-07-17 15:00:00,23.0845644852,23.0845644852,23.0845644852,23.0845644852,375
729,65,2020-07-17 15:30:00,23.0059117953,23.0059117953,23.0059117953,23.0059117953,100
730,64,2020-07-17 16:00:00,23.0059117953,23.0943960714,23.0059117953,23.0943960714,400
731,63,2020-07-20 10:00:00,23.0059117953,23.064901312699998,23.0059117953,23.0501539333,2134
732,62,2020-07-20 10:30:00,23.0501539333,23.0501539333,23.0501539333,23.0501539333,125
733,61,2020-07-20 12:30:00,23.0943960714,23.5368174521,23.0943960714,23.5368174521,633
734,60,2020-07-20 14:00:00,23.286112003000003,23.4974911071,23.286112003000003,23.288274952,319
735,59,2020-07-20 14:30:00,23.3008593824,23.3008593824,23.3008593824,23.3008593824,300
736,58,2020-07-20 15:00:00,23.4385015897,23.4385015897,23.0845644852,23.0845644852,860
737,57,2020-07-20 15:30:00,23.3008593824,23.3008593824,23.3008593824,23.3008593824,374
738,56,2020-07-20 16:00:00,23.258976825,23.3008593824,23.197627726900002,23.3008593824,888
739,55,2020-07-21 10:00:00,23.576143796999997,23.576143796999997,23.576143796999997,23.576143796999997,534
740,54,2020-07-21 10:30:00,23.5466490383,23.5466490383,23.463080555300003,23.463080555300003,593
741,53,2020-07-21 11:00:00,23.4165771524,23.4165771524,23.4165771524,23.4165771524,300
742,52,2020-07-21 12:30:00,23.481957200900002,23.481957200900002,23.481957200900002,23.481957200900002,175
743,51,2020-07-21 13:00:00,23.3795120723,23.3795120723,23.3795120723,23.3795120723,225
744,50,2020-07-21 14:30:00,23.443417382800003,23.443417382800003,23.443417382800003,23.443417382800003,324
745,49,2020-07-21 15:00:00,23.507322693400003,23.5466490383,23.507322693400003,23.5171542796,870
746,48,2020-07-21 15:30:00,23.5466490383,23.5466490383,23.463080555300003,23.463080555300003,450
747,47,2020-07-21 16:00:00,23.3795120723,23.3795120723,23.123890830100002,23.123890830100002,805
748,46,2020-07-22 10:00:00,23.4778279346,23.4778279346,23.4778279346,23.4778279346,424
749,45,2020-07-22 10:30:00,23.310690968600003,23.310690968600003,23.123890830100002,23.143554002600002,1057
750,44,2020-07-22 11:00:00,23.350017313600002,23.350017313600002,23.350017313600002,23.350017313600002,130
751,43,2020-07-22 13:30:00,23.1632171751,23.261533037399996,23.1632171751,23.261533037399996,200
752,42,2020-07-22 15:00:00,23.330354141100003,23.350017313600002,23.330354141100003,23.350017313600002,218
753,41,2020-07-23 10:00:00,23.5269858658,23.5269858658,23.5269858658,23.5269858658,406
754,40,2020-07-23 11:30:00,23.5269858658,23.5588402052,23.5269858658,23.5588402052,1004
755,39,2020-07-23 12:30:00,23.527182497600002,23.527182497600002,23.527182497600002,23.527182497600002,200
756,38,2020-07-23 13:00:00,23.5368174521,23.576143796999997,23.4974911071,23.576143796999997,627
757,37,2020-07-23 14:00:00,23.576143796999997,23.576143796999997,23.4385015897,23.4385015897,1000
758,36,2020-07-23 14:30:00,23.3598488998,23.3598488998,23.3598488998,23.3598488998,260
759,35,2020-07-23 15:30:00,23.4040910379,23.4040910379,23.4040910379,23.4040910379,200
760,34,2020-07-24 14:00:00,23.104227657600003,23.104227657600003,23.0550697264,23.0550697264,1384
761,33,2020-07-24 14:30:00,23.130969572199998,23.130969572199998,23.130969572199998,23.130969572199998,500
762,32,2020-07-27 11:00:00,23.1304779929,23.1304779929,23.1304779929,23.1304779929,1000
763,31,2020-07-27 11:30:00,23.4483331759,23.4483331759,23.4483331759,23.4483331759,100
764,30,2020-07-27 12:00:00,23.2713646237,23.2713646237,23.2713646237,23.2713646237,100
765,29,2020-07-27 12:30:00,23.3008593824,23.3986836654,23.2713646237,23.3980937703,764
766,28,2020-07-27 13:00:00,23.350017313600002,23.350017313600002,23.350017313600002,23.350017313600002,100
767,27,2020-07-27 16:00:00,23.1632171751,23.1632171751,23.1632171751,23.1632171751,132
768,26,2020-07-28 10:00:00,23.153385588800003,23.153385588800003,23.153385588800003,23.153385588800003,300
769,25,2020-07-28 14:00:00,23.104227657600003,23.1632171751,23.104227657600003,23.104227657600003,1221
770,24,2020-07-28 15:00:00,23.2979099065,23.2979099065,23.2979099065,23.2979099065,104
771,23,2020-07-29 12:00:00,23.4778279346,23.4778279346,23.4778279346,23.4778279346,450
772,22,2020-07-29 13:30:00,23.222305008299998,23.222305008299998,23.222305008299998,23.222305008299998,100
773,21,2020-07-29 16:00:00,23.3008593824,23.3008593824,23.294665483000003,23.294665483000003,2145
774,20,2020-07-30 15:00:00,23.2772635754,23.2772635754,23.2772635754,23.2772635754,425
775,19,2020-07-30 15:30:00,23.241869865,23.261336405700003,23.2320382787,23.2320382787,384
776,18,2020-07-31 12:30:00,23.1632171751,23.1632171751,23.104227657600003,23.104227657600003,750
777,17,2020-07-31 13:00:00,23.0599855196,23.082303220300002,23.0599855196,23.0599855196,400
778,16,2020-07-31 15:00:00,23.0255749677,23.0256732836,23.0059117953,23.0256732836,733
779,15,2020-07-31 16:00:00,23.0845644852,23.0845644852,23.0550697264,23.0550697264,300
780,14,2020-08-03 10:00:00,23.3008593824,23.3008593824,23.3008593824,23.3008593824,2100
781,13,2020-08-03 12:30:00,23.177276343400003,23.177276343400003,23.177276343400003,23.177276343400003,242
782,12,2020-08-03 13:00:00,23.171967286799998,23.171967286799998,23.0501539333,23.0501539333,1290
783,11,2020-08-03 13:30:00,23.104227657600003,23.104227657600003,23.0550697264,23.0550697264,2250
784,10,2020-08-03 14:00:00,23.0550697264,23.104227657600003,23.0059117953,23.104227657600003,3500
785,9,2020-08-03 14:30:00,23.0550697264,23.0550697264,23.0550697264,23.0550697264,276
786,8,2020-08-03 15:00:00,23.0550697264,23.0550697264,23.0550697264,23.0550697264,200
787,7,2020-08-03 15:30:00,23.0475977209,23.0475977209,23.0059117953,23.0059117953,613
788,6,2020-08-03 16:00:00,23.015743381500002,23.015743381500002,23.015743381500002,23.015743381500002,100
789,5,2020-08-04 11:00:00,23.0059117953,23.015743381500002,23.0059117953,23.015743381500002,271
790,4,2020-08-04 15:30:00,23.153385588800003,23.153385588800003,23.153385588800003,23.153385588800003,100
791,3,2020-08-05 11:00:00,23.2517014512,23.2517014512,23.1828803475,23.1828803475,1200
792,2,2020-08-05 12:30:00,23.1707874965,23.1749167627,23.1707874965,23.1749167627,750
793,1,2020-08-05 14:00:00,23.153385588800003,23.153385588800003,23.153385588800003,23.153385588800003,195
794,0,2020-08-05 16:00:00,23.2713646237,23.325438348000002,23.232431542199997,23.325438348000002,912
795,129,2020-08-06 12:00:00,23.3360564611,23.3360564611,23.3360564611,23.3360564611,250
796,128,2020-08-06 13:30:00,23.3930796613,23.3930796613,23.3930796613,23.3930796613,165
797,127,2020-08-06 14:00:00,23.4581647622,23.4581647622,23.4581647622,23.4581647622,100
798,126,2020-08-06 15:30:00,23.418838417199996,23.418838417199996,23.418838417199996,23.418838417199996,100
799,125,2020-08-06 16:00:00,23.418838417199996,23.418838417199996,23.418838417199996,23.418838417199996,100
800,124,2020-08-07 10:30:00,23.448431491799997,23.448431491799997,23.448431491799997,23.448431491799997,500
801,123,2020-08-07 11:30:00,23.5368174521,23.5368174521,23.4974911071,23.4974911071,1900
802,122,2020-08-07 13:30:00,23.4483331759,23.4483331759,23.261533037399996,23.261533037399996,900
803,121,2020-08-07 15:00:00,23.0845644852,23.0845644852,23.0845644852,23.0845644852,566
804,120,2020-08-07 15:30:00,23.3156067617,23.3156067617,23.3156067617,23.3156067617,100
805,119,2020-08-10 11:00:00,23.301842541,23.301842541,23.301842541,23.301842541,175
806,118,2020-08-10 12:00:00,23.576045481199998,23.576045481199998,23.576045481199998,23.576045481199998,100
807,117,2020-08-10 12:30:00,23.3399890956,23.3935712406,23.2713646237,23.3935712406,1000
808,116,2020-08-10 14:00:00,23.2811962099,23.3008593824,23.2811962099,23.2910277961,600
809,115,2020-08-10 14:30:00,23.3555230019,23.3555230019,23.3555230019,23.3555230019,150
810,114,2020-08-10 15:00:00,23.3352699342,23.3352699342,23.330354141100003,23.330354141100003,300
811,113,2020-08-10 15:30:00,23.3844278654,23.3844278654,23.3352699342,23.3352699342,800
812,112,2020-08-10 16:00:00,23.350017313600002,23.350017313600002,23.153385588800003,23.2910277961,1568
813,111,2020-08-11 10:00:00,23.350017313600002,23.407433777199998,23.2517014512,23.2517014512,2170
814,110,2020-08-11 13:30:00,23.4139226241,23.4139226241,23.4139226241,23.4139226241,100
815,109,2020-08-11 14:00:00,23.4139226241,23.4139226241,23.4139226241,23.4139226241,100
816,108,2020-08-11 15:00:00,23.409006831,23.409006831,23.409006831,23.409006831,100
817,107,2020-08-12 10:00:00,23.3008593824,23.3008593824,23.3008593824,23.3008593824,2000
818,106,2020-08-12 11:00:00,23.310690968600003,23.5009321623,23.310690968600003,23.5009321623,1214
819,105,2020-08-12 12:00:00,23.310690968600003,23.3205225549,23.3008593824,23.3008593824,1300
820,104,2020-08-12 14:00:00,23.3401857273,23.4567883401,23.3205225549,23.4335857966,900
821,103,2020-08-12 14:30:00,23.4483331759,23.4483331759,23.4483331759,23.4483331759,400
822,102,2020-08-12 16:00:00,23.310690968600003,23.310690968600003,23.310690968600003,23.310690968600003,210
823,101,2020-08-13 11:00:00,23.4601310794,23.4601310794,23.330354141100003,23.4335857966,945
824,100,2020-08-13 11:30:00,23.4385015897,23.4385015897,23.3795120723,23.3795120723,505
825,99,2020-08-13 12:00:00,23.3844278654,23.3844278654,23.3844278654,23.3844278654,150
826,98,2020-08-13 12:30:00,23.4378133787,23.4378133787,23.3844278654,23.3844278654,1113
827,97,2020-08-13 14:00:00,23.418838417199996,23.418838417199996,23.3795120723,23.409006831,684
828,96,2020-08-13 14:30:00,23.4267036862,23.4267036862,23.4267036862,23.4267036862,250
829,95,2020-08-13 15:00:00,23.463080555300003,23.463080555300003,23.463080555300003,23.463080555300003,330
830,94,2020-08-13 16:00:00,23.576143796999997,23.753112349299997,23.576143796999997,23.753112349299997,2055
831,93,2020-08-14 10:30:00,23.7629439355,23.7727755218,23.6941228319,23.7727755218,2027
832,92,2020-08-14 11:00:00,23.7924386942,23.7924386942,23.7924386942,23.7924386942,1000
833,91,2020-08-14 11:30:00,23.869518330300004,23.869518330300004,23.869518330300004,23.869518330300004,295
834,90,2020-08-14 12:00:00,23.86833854,23.86833854,23.8022702805,23.8022702805,200
835,89,2020-08-14 12:30:00,23.8799398118,23.8809229704,23.792635326,23.792635326,1530
836,88,2020-08-14 13:00:00,23.7924386942,23.7924386942,23.7924386942,23.7924386942,200
837,87,2020-08-14 15:00:00,23.8415966254,23.871091384099998,23.8415966254,23.871091384099998,800
838,86,2020-08-14 15:30:00,23.871091384099998,23.8809229704,23.871091384099998,23.8809229704,800
839,85,2020-08-14 16:00:00,23.8415966254,23.855950741300003,23.7727755218,23.830585248800002,1512
840,84,2020-08-17 10:00:00,23.821933453000003,23.821933453000003,23.821933453000003,23.821933453000003,100
841,83,2020-08-17 11:00:00,23.8809229704,23.8809229704,23.8809229704,23.8809229704,1100
842,82,2020-08-17 13:00:00,23.7236175906,23.7236175906,23.7236175906,23.7236175906,500
843,81,2020-08-17 13:30:00,23.7825087921,23.7825087921,23.7825087921,23.7825087921,200
844,80,2020-08-17 14:30:00,23.753112349299997,23.753112349299997,23.7236175906,23.748098240300003,900
845,79,2020-08-17 15:00:00,23.782607108,23.782607108,23.7489830831,23.782607108,1300
846,78,2020-08-17 15:30:00,23.738364969899997,23.7924386942,23.733449176799997,23.7924386942,3200
847,77,2020-08-18 10:00:00,23.65971228,23.7924386942,23.65971228,23.7924386942,890
848,76,2020-08-18 11:00:00,23.7059207354,23.7059207354,23.7059207354,23.7059207354,125
849,75,2020-08-18 12:00:00,23.8809229704,23.8809229704,23.8809229704,23.8809229704,100
850,74,2020-08-18 14:30:00,23.871091384099998,23.871091384099998,23.861948008899997,23.861948008899997,350
851,73,2020-08-18 16:00:00,23.866175590999998,23.9300809016,23.866175590999998,23.9300809016,1425
852,72,2020-08-19 10:30:00,23.7481965562,23.7481965562,23.7481965562,23.7481965562,125
853,71,2020-08-19 11:00:00,23.7727755218,23.7727755218,23.7727755218,23.7727755218,100
854,70,2020-08-19 14:30:00,23.8809229704,23.890754556599997,23.8809229704,23.890754556599997,402
855,69,2020-08-19 16:00:00,23.9595756603,23.9595756603,23.9344067995,23.949744074,1570
856,68,2020-08-20 10:00:00,23.8252761923,23.8252761923,23.8252761923,23.8252761923,200
857,67,2020-08-20 16:00:00,23.9005861429,23.9005861429,23.9005861429,23.9005861429,100
858,66,2020-08-21 10:00:00,24.0775546951,24.0775546951,24.0775546951,24.0775546951,426
859,65,2020-08-21 12:00:00,23.910417729099997,23.910417729099997,23.910417729099997,23.910417729099997,100
860,64,2020-08-21 13:30:00,23.9399124878,23.9399124878,23.9399124878,23.9399124878,1500
861,63,2020-08-21 15:30:00,23.890754556599997,23.890754556599997,23.8901646614,23.8901646614,375
862,62,2020-08-24 10:00:00,23.890754556599997,23.890754556599997,23.890754556599997,23.890754556599997,1100
863,61,2020-08-24 11:00:00,23.911302571900002,23.911302571900002,23.911302571900002,23.911302571900002,300
864,60,2020-08-24 11:30:00,23.9399124878,23.9399124878,23.9399124878,23.9399124878,400
865,59,2020-08-24 12:00:00,23.890754556599997,23.9399124878,23.8906562408,23.9398141719,696
866,58,2020-08-24 12:30:00,23.989070419,23.989070419,23.989070419,23.989070419,300
867,57,2020-08-24 13:30:00,24.067723108899997,24.067723108899997,24.067723108899997,24.067723108899997,100
868,56,2020-08-24 15:00:00,24.057891522600002,24.057891522600002,24.057891522600002,24.057891522600002,100
869,55,2020-08-24 16:00:00,23.9621318727,24.048059936399998,23.9621318727,24.0382283502,800
870,54,2020-08-25 10:00:00,24.067723108899997,24.067723108899997,24.067723108899997,24.067723108899997,700
871,53,2020-08-25 13:30:00,24.0554336261,24.0554336261,24.0554336261,24.0554336261,200
872,52,2020-08-26 11:30:00,24.052975729499998,24.052975729499998,23.989070419,23.989070419,1543
873,51,2020-08-26 12:00:00,23.9399124878,24.0381300343,23.9399124878,24.0381300343,350
874,50,2020-08-26 14:30:00,23.989070419,23.989070419,23.9399124878,23.9399124878,220
875,49,2020-08-26 16:00:00,23.954659867199997,23.989070419,23.951317127800003,23.989070419,1390
876,48,2020-08-27 11:30:00,23.989070419,23.989070419,23.989070419,23.989070419,100
877,47,2020-08-27 14:30:00,23.9300809016,23.9300809016,23.9202493153,23.9202493153,1200
878,46,2020-08-27 15:00:00,23.9202493153,23.9202493153,23.9202493153,23.9202493153,366
879,45,2020-08-27 15:30:00,23.989070419,23.989070419,23.9478760727,23.989070419,1466
880,44,2020-08-27 16:00:00,23.989070419,23.989070419,23.932538798099998,23.932538798099998,268
881,43,2020-08-28 10:00:00,23.989070419,23.989070419,23.989070419,23.989070419,200
882,42,2020-08-28 10:30:00,23.890754556599997,23.938536065700003,23.890754556599997,23.938536065700003,1050
883,41,2020-08-28 11:00:00,23.9448282809,23.9448282809,23.9448282809,23.9448282809,140
884,40,2020-08-28 12:00:00,23.940895646399998,23.989070419,23.940895646399998,23.989070419,1000
885,39,2020-08-28 13:00:00,23.979238832800004,23.989070419,23.9005861429,23.9005861429,2950
886,38,2020-08-28 15:00:00,23.9300809016,23.9300809016,23.9300809016,23.9300809016,336
887,37,2020-08-28 15:30:00,24.0185651777,24.0382283502,24.0185651777,24.0382283502,400
888,36,2020-08-28 16:00:00,23.949744074,23.949744074,23.9005861429,23.9005861429,1400
889,35,2020-08-31 10:00:00,24.0112898039,24.067723108899997,23.979238832800004,24.067624793,1400
890,34,2020-08-31 10:30:00,23.989070419,23.989070419,23.989070419,23.989070419,100
891,33,2020-08-31 12:00:00,24.067624793,24.087386281399997,24.0299698177,24.0299698177,1650
892,32,2020-08-31 14:30:00,23.9989020052,23.9989020052,23.979238832800004,23.979238832800004,2325
893,31,2020-08-31 15:00:00,23.9989020052,23.9989020052,23.9989020052,23.9989020052,100
894,30,2020-09-01 11:00:00,24.067723108899997,24.087386281399997,24.067723108899997,24.087386281399997,200
895,29,2020-09-01 11:30:00,24.067723108899997,24.067723108899997,23.989070419,23.989070419,200
896,28,2020-09-01 12:00:00,24.054253835700003,24.054253835700003,24.054253835700003,24.054253835700003,300
897,27,2020-09-01 14:30:00,24.0615292096,24.0615292096,24.0615292096,24.0615292096,400
898,26,2020-09-01 15:30:00,24.0185651777,24.0185651777,24.0185651777,24.0185651777,175
899,25,2020-09-01 16:00:00,24.087287965500003,24.087386281399997,24.0628073158,24.0628073158,1274
900,24,2020-09-02 09:30:00,24.0972178676,24.0972178676,24.0972178676,24.0972178676,200
901,23,2020-09-02 10:00:00,24.087386281399997,24.2541299839,24.087386281399997,24.2541299839,1600
902,22,2020-09-02 12:30:00,24.1906179369,24.1906179369,24.1906179369,24.1906179369,250
903,21,2020-09-02 13:00:00,24.274186419899998,24.274186419899998,24.274186419899998,24.274186419899998,205
904,20,2020-09-02 13:30:00,24.2279779646,24.2279779646,24.2279779646,24.2279779646,100
905,19,2020-09-02 14:00:00,24.2201126956,24.2201126956,24.1857021437,24.1857021437,300
906,18,2020-09-02 14:30:00,24.1267126263,24.1267126263,24.0973161835,24.0973161835,960
907,17,2020-09-02 15:00:00,24.2348600749,24.2348600749,24.1857021437,24.1857021437,240
908,16,2020-09-02 15:30:00,24.19553373,24.1965168886,24.19553373,24.1965168886,200
909,15,2020-09-03 10:00:00,24.284018006100002,24.2938495923,24.284018006100002,24.2938495923,1300
910,14,2020-09-03 10:30:00,24.239775868000002,24.274186419899998,24.239775868000002,24.274186419899998,300
911,13,2020-09-03 11:00:00,24.239775868000002,24.284018006100002,24.239775868000002,24.284018006100002,350
912,12,2020-09-03 11:30:00,24.19553373,24.19553373,24.19553373,24.19553373,674
913,11,2020-09-03 12:30:00,24.026922025999998,24.0382283502,24.026922025999998,24.0382283502,325
914,10,2020-09-03 14:00:00,24.1856038279,24.1856038279,24.1856038279,24.1856038279,115
915,9,2020-09-04 10:00:00,24.264354833600002,24.264354833600002,24.053368993000003,24.053368993000003,725
916,8,2020-09-04 11:00:00,24.067723108899997,24.107049453800002,24.0382283502,24.107049453800002,800
917,7,2020-09-04 11:30:00,24.107049453800002,24.107049453800002,24.107049453800002,24.107049453800002,104
918,6,2020-09-04 12:00:00,24.0382283502,24.0632988951,23.9382411181,23.9382411181,550
919,5,2020-09-04 12:30:00,23.9815984134,23.9815984134,23.9815984134,23.9815984134,201
920,4,2020-09-04 13:30:00,24.087386281399997,24.087386281399997,24.087386281399997,24.087386281399997,393
921,3,2020-09-04 14:30:00,24.0972178676,24.107049453800002,24.0775546951,24.0775546951,585
922,2,2020-09-04 15:00:00,24.107049453800002,24.431491799699998,24.107049453800002,24.431491799699998,2428
923,1,2020-09-04 16:00:00,23.9595756603,23.9694072465,23.7924386942,23.9399124878,2875
924,0,2020-09-04 20:00:00,24.4904813171,24.4904813171,24.4904813171,24.4904813171,300
