,index,time,open,high,low,close,volume
0,141,2020-03-09 10:00:00,23.7141608011,23.8053180353,23.7141608011,23.8053180353,1556
1,140,2020-03-09 10:30:00,23.9755857098,23.9755857098,23.7141608011,23.7141608011,754
2,139,2020-03-09 11:30:00,23.486504857399996,23.486504857399996,23.486504857399996,23.486504857399996,875
3,138,2020-03-09 12:00:00,23.628315539000003,23.628315539000003,23.628315539000003,23.628315539000003,200
4,137,2020-03-09 13:30:00,23.6193041579,23.638275486599998,23.6193041579,23.6193041579,1279
5,136,2020-03-09 14:00:00,23.5062350392,23.5062350392,23.5062350392,23.5062350392,500
6,135,2020-03-09 14:30:00,23.524447514699997,23.524447514699997,23.524447514699997,23.524447514699997,250
7,134,2020-03-09 15:00:00,23.4770191931,23.4770191931,23.439076535799998,23.439076535799998,1179
8,133,2020-03-09 15:30:00,23.4399302456,23.4399302456,23.4399302456,23.4399302456,250
9,132,2020-03-09 16:00:00,23.4770191931,23.4770191931,23.353705556999998,23.353705556999998,657
10,131,2020-03-10 10:00:00,23.3821625499,23.618260734899998,23.3821625499,23.618260734899998,3696
11,130,2020-03-10 11:00:00,23.3645192143,23.3645192143,23.3645192143,23.3645192143,443
12,129,2020-03-10 11:30:00,23.296791571,23.3869053821,23.277820242399997,23.277820242399997,2300
13,128,2020-03-10 12:00:00,23.2114205921,23.296791571,23.2114205921,23.2965070011,1000
14,127,2020-03-10 13:30:00,23.240826151500002,23.296791571,23.154222036300002,23.296791571,1079
15,126,2020-03-10 15:30:00,23.464023833000002,23.464023833000002,23.464023833000002,23.464023833000002,210
16,125,2020-03-11 14:00:00,23.3685031933,23.486504857399996,23.1545066062,23.1545066062,5144
17,124,2020-03-11 16:00:00,22.794051361999998,23.1432186657,22.538033281999997,23.1432186657,1811
18,123,2020-03-12 10:00:00,22.4241104535,22.4241104535,19.5878968217,19.5878968217,2150
19,122,2020-03-12 10:30:00,20.0242373805,21.3901730426,19.0339340254,21.3901730426,2595
20,121,2020-03-12 11:00:00,21.5704006647,21.5704006647,21.3806873783,21.5704006647,1150
21,120,2020-03-12 11:30:00,21.579886329,21.698457133,21.579886329,21.698457133,1000
22,119,2020-03-12 13:00:00,21.524774619299997,21.524774619299997,21.524774619299997,21.524774619299997,200
23,118,2020-03-12 14:30:00,21.608343322,21.6301603499,21.608343322,21.6301603499,1775
24,117,2020-03-13 10:00:00,22.4968009759,22.701793339600002,22.4968009759,22.701793339600002,325
25,116,2020-03-13 12:00:00,22.4602848998,22.4602848998,22.2284367976,22.4602848998,2075
26,115,2020-03-13 13:00:00,22.21877646,22.21877646,21.5618735038,21.5618735038,485
27,114,2020-03-13 14:00:00,22.124974581999997,22.124974581999997,22.124974581999997,22.124974581999997,100
28,113,2020-03-13 14:30:00,22.124974581999997,22.124974581999997,22.124974581999997,22.124974581999997,100
29,112,2020-03-13 15:30:00,22.2863988231,22.354021186300002,22.169412134899996,22.348804604,1330
30,111,2020-03-13 16:00:00,22.1318334217,22.1318334217,22.1318334217,22.1318334217,151
31,110,2020-03-16 10:30:00,20.286708941700002,20.286708941700002,19.8713144253,19.8713144253,1389
32,109,2020-03-16 11:00:00,19.7650507118,20.4412743432,19.7650507118,20.4412743432,1000
33,108,2020-03-16 11:30:00,20.4605950184,21.6400256349,20.4605950184,21.6400256349,700
34,107,2020-03-16 12:00:00,21.2624030385,21.2624030385,20.0742781181,20.0742781181,1600
35,106,2020-03-16 12:30:00,20.6441414326,21.0112342611,20.6441414326,21.0112342611,800
36,105,2020-03-16 13:00:00,21.2527427009,21.4168718365,21.2527427009,21.2527427009,2100
37,104,2020-03-16 13:30:00,21.2527427009,21.2527427009,19.3979578833,20.045200502,1000
38,103,2020-03-16 14:00:00,20.7697258213,20.822084851,20.7697258213,20.822084851,1100
39,102,2020-03-16 14:30:00,20.7697258213,20.7697258213,20.7697258213,20.7697258213,200
40,101,2020-03-16 15:00:00,20.4412743432,20.6393112638,20.286708941700002,20.286708941700002,3650
41,100,2020-03-16 15:30:00,19.3206751826,20.5428044913,19.3206751826,20.4449452715,5909
42,99,2020-03-16 16:00:00,20.1831501228,20.1831501228,20.1831501228,20.1831501228,250
43,98,2020-03-17 10:30:00,19.5621836224,19.6587869983,19.5621836224,19.5621836224,1453
44,97,2020-03-17 11:00:00,19.6104853103,19.6104853103,19.5621836224,19.5621836224,200
45,96,2020-03-17 11:30:00,20.0881890042,20.0881890042,19.57184396,19.8012769778,1267
46,95,2020-03-17 12:30:00,20.0935021899,20.0935021899,19.9941939195,19.9941939195,450
47,94,2020-03-17 14:30:00,19.9972852275,19.9972852275,19.9972852275,19.9972852275,300
48,93,2020-03-17 15:30:00,20.0705105864,20.0838418523,20.0705105864,20.0838418523,200
49,92,2020-03-18 10:00:00,18.3836224363,18.3836224363,18.3836224363,18.3836224363,411
50,91,2020-03-18 10:30:00,18.3643017611,18.4512447994,18.3643017611,18.368648913,1800
51,90,2020-03-18 11:00:00,17.9199262319,17.9964361056,17.9199262319,17.9964361056,1700
52,89,2020-03-18 11:30:00,17.9199262319,17.9199262319,13.5244726278,14.1142362378,11054
53,88,2020-03-18 12:00:00,14.9735232665,15.2342557781,14.750369468199999,14.9386494478,5316
54,87,2020-03-18 12:30:00,15.0680013682,15.2729937319,13.920546469100001,14.4615253742,7489
55,86,2020-03-18 13:00:00,13.8625844435,13.8625844435,13.5244726278,13.5244726278,6323
56,85,2020-03-18 13:30:00,14.2972996351,14.2972996351,13.235628533800002,13.235628533800002,900
57,84,2020-03-18 14:00:00,13.2346625001,13.2346625001,13.0317954107,13.0317954107,500
58,83,2020-03-18 14:30:00,13.0221350731,13.0800970986,13.0221350731,13.0800970986,400
59,82,2020-03-18 15:00:00,13.994158241500001,14.1028370394,13.3699072264,13.4375295895,3424
60,81,2020-03-18 15:30:00,13.5824346534,14.519487399700001,13.5824346534,14.3166203103,22087
61,80,2020-03-18 16:00:00,14.572619256500001,14.572619256500001,14.572619256500001,14.572619256500001,800
62,79,2020-03-19 10:30:00,15.176390355899999,16.0071793888,15.0778549125,15.1474093432,1900
63,78,2020-03-19 11:00:00,15.4082384581,15.456540146099998,15.3599367702,15.456540146099998,1989
64,77,2020-03-19 11:30:00,15.828463143399999,16.0071793888,15.828463143399999,16.0071793888,500
65,76,2020-03-19 13:00:00,16.4901962684,16.4901962684,16.4901962684,16.4901962684,100
66,75,2020-03-19 13:30:00,16.7441665436,16.7441665436,16.7441665436,16.7441665436,200
67,74,2020-03-19 14:00:00,17.3113249636,17.3113249636,17.019486165,17.019486165,292
68,73,2020-03-19 14:30:00,17.2842760184,18.171095009200002,17.2842760184,18.171095009200002,500
69,72,2020-03-19 15:00:00,18.5092068249,18.5381878377,18.5092068249,18.5381878377,200
70,71,2020-03-19 15:30:00,19.3520712798,19.3520712798,19.3520712798,19.3520712798,101
71,70,2020-03-19 16:00:00,18.9535823541,21.2527427009,18.9535823541,21.2527427009,1199
72,69,2020-03-20 10:30:00,20.286708941700002,20.286708941700002,20.286708941700002,20.286708941700002,387
73,68,2020-03-20 11:30:00,20.286708941700002,20.286708941700002,20.286708941700002,20.286708941700002,501
74,67,2020-03-20 15:00:00,18.9632426917,19.311014845,18.7739000749,18.7739000749,1430
75,66,2020-03-20 15:30:00,18.8860565944,18.8860565944,18.8860565944,18.8860565944,202
76,65,2020-03-20 16:00:00,19.3206751826,19.6491266607,19.011640983099998,19.3206751826,1706
77,64,2020-03-23 10:00:00,18.813507459100002,18.813507459100002,17.3692869892,17.6301161041,8900
78,63,2020-03-23 10:30:00,17.267853444500002,17.6301161041,17.0021941607,17.6301161041,6955
79,62,2020-03-23 11:00:00,17.6301161041,18.8762996534,17.6301161041,18.8762996534,10000
80,61,2020-03-23 12:00:00,18.3546414235,18.8478982609,18.3546414235,18.8478982609,912
81,60,2020-03-23 13:00:00,18.3546414235,18.3546414235,18.3546414235,18.3546414235,1485
82,59,2020-03-23 16:00:00,18.3546414235,18.3546414235,18.3546414235,18.3546414235,2000
83,58,2020-03-24 10:00:00,19.1679452453,19.1679452453,19.0791667428,19.0791667428,3400
84,57,2020-03-24 10:30:00,19.0791667428,19.0839969116,19.0791667428,19.0839969116,27801
85,56,2020-03-24 11:00:00,19.3995035374,19.3995035374,19.3995035374,19.3995035374,100
86,55,2020-03-24 12:30:00,19.0791667428,19.0791667428,19.0791667428,19.0791667428,500
87,54,2020-03-24 13:00:00,19.0791667428,19.0791667428,18.9825633669,18.9825633669,200
88,53,2020-03-24 14:00:00,19.0791667428,19.2240718067,19.0791667428,19.2240718067,20253
89,52,2020-03-24 15:00:00,19.2337321443,19.2337321443,19.0791667428,19.0791667428,5510
90,51,2020-03-24 15:30:00,19.0791667428,19.0791667428,19.0791667428,19.0791667428,6270
91,50,2020-03-24 16:00:00,19.0791667428,19.3979578833,19.0791667428,19.3979578833,9300
92,49,2020-03-25 10:00:00,19.3206751826,19.3206751826,19.088827080399998,19.2482226507,1900
93,48,2020-03-25 11:00:00,19.1999209627,19.1999209627,19.1999209627,19.1999209627,400
94,47,2020-03-25 12:00:00,19.3206751826,19.3206751826,19.3206751826,19.3206751826,4308
95,46,2020-03-25 12:30:00,19.691632146099998,19.691632146099998,19.691632146099998,19.691632146099998,200
96,45,2020-03-25 13:00:00,19.4462595713,19.5621836224,19.436599233699997,19.5621836224,600
97,44,2020-03-25 13:30:00,19.3206751826,20.286708941700002,19.098487418,19.1939315534,7040
98,43,2020-03-25 14:00:00,19.6925981799,19.6925981799,19.6925981799,19.6925981799,100
99,42,2020-03-25 14:30:00,19.349656195399998,19.9582574636,19.349656195399998,19.697428348699997,2800
100,41,2020-03-25 15:00:00,19.6027570403,19.697428348699997,19.6027570403,19.697428348699997,693
101,40,2020-03-25 16:00:00,19.7022585175,20.045200502,19.7022585175,19.8036920622,900
102,39,2020-03-26 13:00:00,20.8259489861,20.8259489861,20.8259489861,20.8259489861,120
103,38,2020-03-26 13:30:00,21.0111376577,21.0111376577,21.0111376577,21.0111376577,2000
104,37,2020-03-26 14:00:00,21.986928357800004,21.986928357800004,21.986928357800004,21.986928357800004,145
105,36,2020-03-26 16:00:00,21.9289663323,21.9289663323,21.9289663323,21.9289663323,145
106,35,2020-03-27 10:00:00,20.286708941700002,20.286708941700002,20.286708941700002,20.286708941700002,300
107,34,2020-03-27 11:00:00,20.3389713681,20.3389713681,20.3389713681,20.3389713681,100
108,33,2020-03-27 15:00:00,20.107992696300002,20.107992696300002,20.107992696300002,20.107992696300002,145
109,32,2020-03-27 16:00:00,19.9846301853,19.9846301853,19.9846301853,19.9846301853,100
110,31,2020-03-30 11:00:00,20.286708941700002,21.3923345791,20.286708941700002,21.3923345791,863
111,30,2020-03-30 13:00:00,20.286708941700002,20.286708941700002,20.286708941700002,20.286708941700002,400
112,29,2020-03-30 14:30:00,20.286708941700002,20.286708941700002,20.286708941700002,20.286708941700002,100
113,28,2020-03-30 15:30:00,20.1504015783,20.1504015783,20.1504015783,20.1504015783,200
114,27,2020-03-31 10:00:00,19.001884042100002,19.3303355202,18.8473186406,19.3206751826,3900
115,26,2020-03-31 10:30:00,20.257727929,20.4412743432,20.1630566206,20.3466030348,1020
116,25,2020-03-31 11:00:00,20.5185570439,20.5282173815,20.286708941700002,20.286708941700002,635
117,24,2020-03-31 11:30:00,20.286708941700002,20.286708941700002,20.045200502,20.045200502,510
118,23,2020-04-01 12:00:00,19.3206751826,19.3206751826,19.3206751826,19.3206751826,400
119,22,2020-04-01 12:30:00,19.3206751826,19.3206751826,19.2262936843,19.2262936843,905
120,21,2020-04-01 13:00:00,19.9002954381,19.9002954381,19.9002954381,19.9002954381,415
121,20,2020-04-01 13:30:00,20.0258798268,20.0355401644,20.0258798268,20.0355401644,315
122,19,2020-04-01 16:00:00,20.0258798268,20.0258798268,20.0258798268,20.0258798268,470
123,18,2020-04-02 10:00:00,19.0791667428,19.0791667428,19.0791667428,19.0791667428,120
124,17,2020-04-02 11:00:00,19.320771785999998,19.320771785999998,19.320771785999998,19.320771785999998,398
125,16,2020-04-02 15:00:00,19.5525232848,19.5525232848,19.4559199089,19.4559199089,200
126,15,2020-04-02 15:30:00,20.0258798268,20.0258798268,20.0258798268,20.0258798268,1200
127,14,2020-04-03 11:00:00,19.6394663231,19.7167490239,19.6394663231,19.7167490239,500
128,13,2020-04-03 12:00:00,19.3371943599,19.6013079896,19.3206751826,19.6013079896,1400
129,12,2020-04-06 10:00:00,19.146789106,19.146789106,19.146789106,19.146789106,200
130,11,2020-04-06 11:30:00,19.0405253925,19.1958636209,19.0405253925,19.1958636209,1735
131,10,2020-04-06 12:00:00,19.8519937501,19.8519937501,19.8519937501,19.8519937501,100
132,9,2020-04-06 13:00:00,19.736069699,19.736069699,19.736069699,19.736069699,400
133,8,2020-04-07 11:00:00,19.8519937501,20.1378431395,19.7457300366,20.1378431395,425
134,7,2020-04-07 11:30:00,20.296369279300002,20.296369279300002,20.296369279300002,20.296369279300002,200
135,6,2020-04-07 12:30:00,20.0956274642,20.0956274642,20.045200502,20.0838418523,432
136,5,2020-04-07 13:00:00,20.0935021899,20.1418038779,20.0935021899,20.1418038779,390
137,4,2020-04-07 13:30:00,20.0689649324,20.0689649324,20.0689649324,20.0689649324,400
138,3,2020-04-07 14:00:00,20.1176530339,20.1176530339,20.1176530339,20.1176530339,455
139,2,2020-04-07 15:00:00,20.0689649324,20.0689649324,20.0689649324,20.0689649324,200
140,1,2020-04-07 15:30:00,20.0935021899,20.0935021899,20.0935021899,20.0935021899,150
141,0,2020-04-07 16:00:00,20.045200502,20.0452971053,20.045200502,20.0452971053,250
