,index,time,open,high,low,close,volume
0,129,2018-10-16 10:00:00,8.18052203127,8.18052203127,8.18052203127,8.18052203127,500
1,128,2018-10-16 10:30:00,8.17128893643,8.208221315800001,8.17128893643,8.208221315800001,2500
2,127,2018-10-16 11:00:00,8.226687505489998,8.226687505489998,8.226687505489998,8.226687505489998,360
3,126,2018-10-16 12:00:00,8.23592060033,8.23592060033,8.23592060033,8.23592060033,1013
4,125,2018-10-16 12:30:00,8.226687505489998,8.23592060033,7.9284585420500004,8.23592060033,18248
5,124,2018-10-16 13:30:00,8.23592060033,8.23592060033,8.23592060033,8.23592060033,100
6,123,2018-10-16 15:30:00,8.2497702426,8.2497702426,8.2497702426,8.2497702426,138
7,122,2018-10-16 16:00:00,8.291319169389999,8.300552264239998,8.291319169389999,8.300552264239998,500
8,121,2018-10-17 10:00:00,8.26361988486,8.263712215810001,8.26361988486,8.26361988486,4061
9,120,2018-10-17 10:30:00,8.263712215810001,8.263712215810001,8.26361988486,8.26361988486,995
10,119,2018-10-17 12:00:00,8.226687505489998,8.26361988486,8.226687505489998,8.26361988486,300
11,118,2018-10-17 12:30:00,8.18052203127,8.212099215639999,8.18052203127,8.212099215639999,2593
12,117,2018-10-17 14:30:00,8.208221315800001,8.208221315800001,8.208221315800001,8.208221315800001,100
13,116,2018-10-17 15:30:00,8.208221315800001,8.22391757703,8.18975512611,8.22391757703,1290
14,115,2018-10-18 10:00:00,8.162055841579999,8.162055841579999,8.162055841579999,8.162055841579999,100
15,114,2018-10-18 11:30:00,8.16214817253,8.16214817253,8.162055841579999,8.162055841579999,1508
16,113,2018-10-18 12:00:00,8.175351498160001,8.175351498160001,8.074341440569999,8.074341440569999,4689
17,112,2018-10-18 13:30:00,8.097608839580001,8.097608839580001,8.097608839580001,8.097608839580001,183
18,111,2018-10-18 16:00:00,8.12512346221,8.12512346221,8.12512346221,8.12512346221,200
19,110,2018-10-19 13:00:00,8.005093229249999,8.09733184673,8.005093229249999,8.09733184673,605
20,109,2018-10-19 13:30:00,8.005093229249999,8.08809875189,8.005093229249999,8.04202560862,1115
21,108,2018-10-19 15:00:00,8.069724893150001,8.069724893150001,8.069724893150001,8.069724893150001,200
22,107,2018-10-19 16:00:00,8.06049179831,8.09742417768,8.06049179831,8.09742417768,5700
23,106,2018-10-22 10:00:00,8.04202560862,8.04202560862,8.04202560862,8.04202560862,1440
24,105,2018-10-22 10:30:00,8.05125870346,8.05125870346,8.01432632409,8.03279251378,1726
25,104,2018-10-22 11:00:00,8.01432632409,8.01432632409,8.01432632409,8.01432632409,200
26,103,2018-10-22 11:30:00,8.01432632409,8.02355941893,8.01432632409,8.01441865504,649
27,102,2018-10-22 12:00:00,8.01441865504,8.01441865504,8.01441865504,8.01441865504,654
28,101,2018-10-22 12:30:00,8.01432632409,8.01432632409,8.01432632409,8.01432632409,15714
29,100,2018-10-22 14:00:00,8.0284529592,8.0284529592,8.0284529592,8.0284529592,335
30,99,2018-10-22 14:30:00,8.04765779647,8.04765779647,8.0374090612,8.0374090612,450
31,98,2018-10-23 10:00:00,7.838897522060001,7.89660436484,7.838897522060001,7.887371269989999,4232
32,97,2018-10-23 14:00:00,7.88506299628,7.89429609112,7.88506299628,7.88506299628,2600
33,96,2018-10-23 16:00:00,7.94969466019,7.94969466019,7.8895872127499995,7.8895872127499995,1879
34,95,2018-10-24 10:00:00,7.8758299014399995,7.940461565339999,7.8758299014399995,7.940461565339999,4691
35,94,2018-10-24 10:30:00,7.940461565339999,7.940461565339999,7.940461565339999,7.940461565339999,1213
36,93,2018-10-24 11:30:00,7.89429609112,7.89429609112,7.89429609112,7.89429609112,886
37,92,2018-10-24 12:00:00,7.89429609112,7.89429609112,7.82033900143,7.82043133238,4923
38,91,2018-10-24 14:00:00,7.801965142689999,7.801965142689999,7.801965142689999,7.801965142689999,811
39,90,2018-10-24 15:30:00,7.74665890458,7.74665890458,7.693937933019999,7.693937933019999,1498
40,89,2018-10-24 16:00:00,7.76078553969,7.76078553969,7.76078553969,7.76078553969,300
41,88,2018-10-25 10:00:00,7.75579966847,7.820985318069999,7.75579966847,7.820985318069999,1134
42,87,2018-10-25 10:30:00,7.848130616910001,7.848130616910001,7.81119823753,7.81119823753,1556
43,86,2018-10-25 11:00:00,7.811105906589999,7.811105906589999,7.7604162159,7.7604162159,1130
44,85,2018-10-25 12:00:00,7.801965142689999,7.81119823753,7.801965142689999,7.81119823753,2070
45,84,2018-10-25 13:00:00,7.81119823753,7.81119823753,7.81119823753,7.81119823753,200
46,83,2018-10-25 16:00:00,7.81119823753,7.81119823753,7.801965142689999,7.80205747364,1999
47,82,2018-10-26 11:00:00,7.7097265252,7.71895962005,7.7097265252,7.71895962005,2156
48,81,2018-10-26 12:00:00,7.728100383939999,7.7557073375300005,7.728100383939999,7.7557073375300005,605
49,80,2018-10-26 13:00:00,7.7557073375300005,7.75579966847,7.7557073375300005,7.7557073375300005,1763
50,79,2018-10-26 13:30:00,7.7557073375300005,7.7557073375300005,7.7557073375300005,7.7557073375300005,503
51,78,2018-10-29 10:00:00,7.838897522060001,7.838897522060001,7.838897522060001,7.838897522060001,100
52,77,2018-10-29 12:00:00,7.838897522060001,7.890879846030001,7.838897522060001,7.890879846030001,1975
53,76,2018-10-29 12:30:00,7.838989853010001,7.838989853010001,7.838989853010001,7.838989853010001,1007
54,75,2018-10-29 13:00:00,7.848130616910001,7.848130616910001,7.848130616910001,7.848130616910001,200
55,74,2018-10-29 14:00:00,7.848130616910001,7.848130616910001,7.848130616910001,7.848130616910001,100
56,73,2018-10-29 15:00:00,7.84822294786,7.84822294786,7.848130616910001,7.848130616910001,2014
57,72,2018-10-29 15:30:00,7.848130616910001,7.848130616910001,7.848130616910001,7.848130616910001,714
58,71,2018-10-29 16:00:00,7.783498953,7.783498953,7.783498953,7.783498953,300
59,70,2018-10-30 10:00:00,7.783498953,7.783498953,7.783498953,7.783498953,2005
60,69,2018-10-30 10:30:00,7.783498953,7.783498953,7.774265858160001,7.774265858160001,2505
61,68,2018-10-30 11:00:00,7.75579966847,7.75579966847,7.75579966847,7.75579966847,500
62,67,2018-10-30 12:00:00,7.74407363802,7.74656657363,7.74407363802,7.74656657363,540
63,66,2018-10-30 12:30:00,7.7419500262100005,7.74656657363,7.7419500262100005,7.74656657363,1500
64,65,2018-10-30 14:00:00,7.74665890458,7.74665890458,7.74665890458,7.74665890458,1569
65,64,2018-10-30 14:30:00,7.74656657363,7.74656657363,7.74656657363,7.74656657363,300
66,63,2018-10-30 15:30:00,7.74656657363,7.774265858160001,7.74656657363,7.74656657363,1400
67,62,2018-10-30 16:00:00,7.74665890458,7.74665890458,7.74665890458,7.74665890458,1032
68,61,2018-10-31 10:30:00,7.85754837365,7.85754837365,7.848130616910001,7.848130616910001,2599
69,60,2018-10-31 11:00:00,7.848130616910001,7.887371269989999,7.848130616910001,7.848130616910001,1187
70,59,2018-10-31 11:30:00,7.848130616910001,7.8684434255600015,7.848130616910001,7.8684434255600015,1042
71,58,2018-10-31 12:00:00,7.86659680659,7.86659680659,7.86659680659,7.86659680659,579
72,57,2018-10-31 15:00:00,7.866227482799999,7.866227482799999,7.866227482799999,7.866227482799999,400
73,56,2018-10-31 16:00:00,7.85736371175,7.85736371175,7.848130616910001,7.848130616910001,3199
74,55,2018-11-01 10:00:00,7.912762280810001,7.912762280810001,7.912762280810001,7.912762280810001,100
75,54,2018-11-01 11:00:00,7.912762280810001,7.940553896289999,7.912762280810001,7.940461565339999,5879
76,53,2018-11-01 12:30:00,7.940553896289999,7.940553896289999,7.940553896289999,7.940553896289999,586
77,52,2018-11-01 16:00:00,7.940461565339999,7.940461565339999,7.940461565339999,7.940461565339999,800
78,51,2018-11-02 12:30:00,7.8758299014399995,7.8758299014399995,7.85736371175,7.85736371175,1276
79,50,2018-11-02 13:00:00,7.86659680659,7.86659680659,7.86659680659,7.86659680659,1000
80,49,2018-11-02 15:00:00,7.949786991130001,7.959020085980001,7.949786991130001,7.95892775503,2622
81,48,2018-11-02 15:30:00,8.02355941893,8.04202560862,8.02355941893,8.02355941893,1675
82,47,2018-11-05 10:00:00,8.05125870346,8.05125870346,7.986627039560001,7.986627039560001,1640
83,46,2018-11-05 10:30:00,7.986627039560001,7.986627039560001,7.986627039560001,7.986627039560001,944
84,45,2018-11-05 11:00:00,7.97739394472,7.97739394472,7.97739394472,7.97739394472,200
85,44,2018-11-05 12:00:00,7.97739394472,7.986627039560001,7.97739394472,7.986627039560001,1528
86,43,2018-11-05 13:00:00,7.986627039560001,7.986627039560001,7.986627039560001,7.986627039560001,200
87,42,2018-11-05 15:00:00,7.995860134400001,7.995860134400001,7.995860134400001,7.995860134400001,492
88,41,2018-11-05 15:30:00,7.995860134400001,7.995860134400001,7.995860134400001,7.995860134400001,717
89,40,2018-11-06 10:00:00,7.940461565339999,7.940461565339999,7.81119823753,7.90352918597,7251
90,39,2018-11-06 11:00:00,7.90352918597,7.90352918597,7.90352918597,7.90352918597,300
91,38,2018-11-06 11:30:00,7.90352918597,7.90352918597,7.8758299014399995,7.8758299014399995,1566
92,37,2018-11-06 12:00:00,7.8758299014399995,7.8758299014399995,7.8758299014399995,7.8758299014399995,2000
93,36,2018-11-06 13:30:00,7.89429609112,7.9045448264,7.89429609112,7.9045448264,1411
94,35,2018-11-06 14:00:00,7.90352918597,7.90352918597,7.90352918597,7.90352918597,552
95,34,2018-11-06 14:30:00,7.90352918597,7.90352918597,7.90352918597,7.90352918597,1394
96,33,2018-11-06 16:00:00,7.90352918597,7.90352918597,7.838897522060001,7.838897522060001,7359
97,32,2018-11-07 10:00:00,7.8758299014399995,7.915255216419999,7.86659680659,7.915255216419999,8928
98,31,2018-11-07 15:00:00,7.940461565339999,7.940461565339999,7.940461565339999,7.940461565339999,200
99,30,2018-11-07 16:00:00,7.96816084987,7.96816084987,7.940461565339999,7.96576024521,9530
100,29,2018-11-08 10:00:00,7.8758299014399995,7.940461565339999,7.8758299014399995,7.940461565339999,1675
101,28,2018-11-08 10:30:00,7.921995375660001,7.9312284705,7.921995375660001,7.921995375660001,1358
102,27,2018-11-08 11:30:00,7.89429609112,7.995860134400001,7.89429609112,7.995860134400001,843
103,26,2018-11-08 12:00:00,7.995952465349999,7.995952465349999,7.995952465349999,7.995952465349999,1803
104,25,2018-11-08 12:30:00,7.995952465349999,7.995952465349999,7.995952465349999,7.995952465349999,582
105,24,2018-11-08 13:00:00,8.00518556019,8.00518556019,8.00518556019,8.00518556019,1168
106,23,2018-11-08 14:30:00,8.00518556019,8.00518556019,7.986627039560001,7.986627039560001,3045
107,22,2018-11-08 15:00:00,7.95431120761,7.95892775503,7.95431120761,7.95892775503,500
108,21,2018-11-09 10:00:00,7.82043133238,7.82043133238,7.82043133238,7.82043133238,600
109,20,2018-11-09 11:00:00,7.88506299628,7.88506299628,7.88506299628,7.88506299628,250
110,19,2018-11-09 14:00:00,7.88506299628,7.90352918597,7.88506299628,7.90352918597,227
111,18,2018-11-09 14:30:00,7.90352918597,7.90352918597,7.90352918597,7.90352918597,1129
112,17,2018-11-09 16:00:00,7.90352918597,7.90352918597,7.90352918597,7.90352918597,200
113,16,2018-11-12 10:00:00,7.848130616910001,7.848130616910001,7.848130616910001,7.848130616910001,140
114,15,2018-11-12 10:30:00,7.84822294786,7.84822294786,7.84822294786,7.84822294786,600
115,14,2018-11-12 11:00:00,7.848130616910001,7.848130616910001,7.848130616910001,7.848130616910001,700
116,13,2018-11-12 11:30:00,7.84822294786,7.84822294786,7.848130616910001,7.848130616910001,1300
117,12,2018-11-12 13:30:00,7.848130616910001,7.84822294786,7.848130616910001,7.84822294786,771
118,11,2018-11-12 14:00:00,7.848130616910001,7.848130616910001,7.8435140694899985,7.8435140694899985,1300
119,10,2018-11-12 15:30:00,7.85736371175,7.85736371175,7.848130616910001,7.848130616910001,1000
120,9,2018-11-12 16:00:00,7.737333478789999,7.737333478789999,7.737333478789999,7.737333478789999,2428
121,8,2018-11-13 10:00:00,7.76503276332,7.76503276332,7.76503276332,7.76503276332,100
122,7,2018-11-13 11:30:00,7.801965142689999,7.83880519112,7.801965142689999,7.83880519112,1711
123,6,2018-11-13 14:30:00,7.82966442722,7.838897522060001,7.774265858160001,7.774265858160001,2800
124,5,2018-11-13 16:00:00,7.774265858160001,7.774265858160001,7.774265858160001,7.774265858160001,438
125,4,2018-11-14 10:00:00,7.801965142689999,7.801965142689999,7.801965142689999,7.801965142689999,731
126,3,2018-11-14 12:30:00,7.82329359178,7.82329359178,7.82329359178,7.82329359178,360
127,2,2018-11-14 13:00:00,7.80205747364,7.80205747364,7.80205747364,7.80205747364,503
128,1,2018-11-14 13:30:00,7.80205747364,7.80205747364,7.801965142689999,7.801965142689999,1000
129,0,2018-11-14 14:00:00,7.801965142689999,7.801965142689999,7.801965142689999,7.801965142689999,703
