,index,time,open,high,low,close,volume
0,166,2020-03-09 10:00:00,8.355130923210002,8.355130923210002,8.355130923210002,8.355130923210002,1552
1,165,2020-03-09 11:00:00,7.863652633610001,7.863652633610001,7.84399350202,7.863652633610001,12456
2,164,2020-03-09 13:00:00,8.05306836642,8.05306836642,8.05306836642,8.05306836642,300
3,163,2020-03-09 13:30:00,8.05041438366,8.05041438366,8.05041438366,8.05041438366,1300
4,162,2020-03-09 14:00:00,7.991436988899999,8.011096120489999,7.98150912745,7.981607423110001,10272
5,161,2020-03-09 14:30:00,8.26224152647,8.26224152647,8.1911737658,8.1911737658,1260
6,160,2020-03-09 15:00:00,7.981607423110001,7.981607423110001,7.981607423110001,7.981607423110001,1062
7,159,2020-03-09 15:30:00,8.08196728985,8.08196728985,8.08196728985,8.08196728985,300
8,158,2020-03-09 16:00:00,8.04638426168,8.052380296810002,8.033507530489999,8.052380296810002,4000
9,157,2020-03-10 12:30:00,8.34530135742,8.34530135742,8.34530135742,8.34530135742,190
10,156,2020-03-10 13:00:00,7.991436988899999,7.991436988899999,7.981607423110001,7.981607423110001,284
11,155,2020-03-10 14:00:00,8.07380875024,8.07380875024,8.07380875024,8.07380875024,580
12,154,2020-03-10 15:00:00,8.05041438366,8.05041438366,8.05041438366,8.05041438366,610
13,153,2020-03-10 15:30:00,8.05041438366,8.05041438366,8.05041438366,8.05041438366,550
14,152,2020-03-10 16:00:00,8.0012665547,8.0012665547,7.991436988899999,7.991436988899999,2500
15,151,2020-03-11 10:00:00,7.91280046257,7.91280046257,7.91280046257,7.91280046257,556
16,150,2020-03-11 10:30:00,7.893141330980001,7.893141330980001,7.83907871913,7.863652633610001,469
17,149,2020-03-11 13:00:00,7.87544811256,7.87544811256,7.81450480465,7.82924915334,5290
18,148,2020-03-11 13:30:00,7.765356975689999,7.765356975689999,7.765356975689999,7.765356975689999,200
19,147,2020-03-11 15:30:00,7.78501610727,7.79681158622,7.578595225639999,7.578595225639999,1700
20,146,2020-03-11 16:00:00,7.65782152592,7.65782152592,7.65782152592,7.65782152592,100
21,145,2020-03-12 10:00:00,7.32302651505,7.32302651505,6.880696054410001,6.880696054410001,2296
22,144,2020-03-12 10:30:00,6.8905256202,6.96739282469,6.880696054410001,6.96739282469,544
23,143,2020-03-12 11:00:00,6.90035518599,6.90035518599,6.8905256202,6.8905256202,1473
24,142,2020-03-12 11:30:00,6.90035518599,6.90035518599,6.89072221151,6.89072221151,1621
25,141,2020-03-12 12:30:00,6.9973730003600005,7.047798672869999,6.90035518599,6.90035518599,1601
26,140,2020-03-12 13:30:00,6.90035518599,6.90045348165,6.77257083069,6.77257083069,8979
27,139,2020-03-12 14:00:00,6.97899171233,6.97909000798,6.974076929430001,6.97909000798,1400
28,138,2020-03-12 16:00:00,6.97899171233,7.01369007957,6.97899171233,7.01369007957,1695
29,137,2020-03-13 10:00:00,7.185412593960001,7.185412593960001,7.185412593960001,7.185412593960001,568
30,136,2020-03-13 10:30:00,7.185412593960001,7.2149012913399995,7.185412593960001,7.2149012913399995,2000
31,135,2020-03-13 11:30:00,6.8905256202,6.8905256202,6.880696054410001,6.880696054410001,204
32,134,2020-03-13 12:00:00,6.93289104876,6.93289104876,6.93289104876,6.93289104876,150
33,133,2020-03-13 13:00:00,6.9691621465299995,7.2542195545000006,6.9691621465299995,7.2542195545000006,1500
34,132,2020-03-13 15:00:00,6.8905256202,6.8905256202,6.8905256202,6.8905256202,1000
35,131,2020-03-13 16:00:00,6.91608249126,6.91608249126,6.880696054410001,6.880696054410001,520
36,130,2020-03-16 10:00:00,6.644786475399999,6.644786475399999,6.52368622484,6.52368622484,2100
37,129,2020-03-16 11:00:00,6.44819515956,6.542558991159999,6.4383655937699995,6.49734298852,2015
38,128,2020-03-16 11:30:00,6.50717255431,6.50717255431,6.50717255431,6.50717255431,1092
39,127,2020-03-16 12:00:00,6.48751342273,6.48751342273,6.48751342273,6.48751342273,154
40,126,2020-03-16 12:30:00,6.38921776481,6.38921776481,6.29583688978,6.29583688978,1639
41,125,2020-03-16 13:00:00,6.12637517553,6.3468523362400004,6.12637517553,6.3468523362400004,5250
42,124,2020-03-16 14:30:00,6.11398992263,6.11398992263,5.6618298962,5.907569041,2060
43,123,2020-03-16 15:00:00,6.025523830499999,6.29809768991,6.025523830499999,6.29809768991,10974
44,122,2020-03-16 15:30:00,6.13561496737,6.27755389741,6.13561496737,6.27755389741,1014
45,121,2020-03-16 16:00:00,6.222115146340001,6.29092210689,6.21228558055,6.29092210689,3665
46,120,2020-03-17 10:00:00,6.21228558055,6.21228558055,6.21228558055,6.21228558055,2236
47,119,2020-03-17 10:30:00,6.21228558055,6.21228558055,6.17306561304,6.17306561304,1512
48,118,2020-03-17 11:00:00,6.19252815331,6.19262644897,6.182796883169999,6.182796883169999,3191
49,117,2020-03-17 12:00:00,6.340069935850001,6.38921776481,6.33024037005,6.37938819901,8756
50,116,2020-03-17 12:30:00,6.36267793717,6.36267793717,6.34989950164,6.34989950164,3012
51,115,2020-03-17 13:00:00,6.37643932928,6.37643932928,6.37643932928,6.37643932928,1000
52,114,2020-03-17 13:30:00,6.36464385033,6.36464385033,6.3614000936099995,6.3614000936099995,1100
53,113,2020-03-17 14:30:00,6.3694603375600005,6.3694603375600005,6.3694603375600005,6.3694603375600005,250
54,112,2020-03-17 15:00:00,6.36533191993,6.36562680691,6.36533191993,6.36562680691,315
55,111,2020-03-17 16:00:00,6.34989950164,6.34989950164,6.34989950164,6.34989950164,130
56,110,2020-03-18 10:00:00,5.85842121204,6.0845012252499995,5.85842121204,6.0845012252499995,4666
57,109,2020-03-18 10:30:00,6.09305294749,6.09305294749,6.09305294749,6.09305294749,500
58,108,2020-03-18 11:00:00,6.0845012252499995,6.089416008150001,6.04518296209,6.04518296209,56303
59,107,2020-03-18 11:30:00,6.04528125774,6.048131831819999,6.04518296209,6.048131831819999,9302
60,106,2020-03-18 12:00:00,6.04518296209,6.04518296209,6.04518296209,6.04518296209,765
61,105,2020-03-18 12:30:00,6.04518296209,6.04547784906,6.04518296209,6.04518296209,23588
62,104,2020-03-18 13:00:00,6.04518296209,6.04518296209,6.04518296209,6.04518296209,5940
63,103,2020-03-18 13:30:00,6.05501252788,6.05501252788,6.04518296209,6.04646080564,13412
64,102,2020-03-18 14:00:00,5.986205567330001,5.986205567330001,5.75029598833,5.966546435750001,68149
65,101,2020-03-18 14:30:00,5.956716869959999,5.956716869959999,5.75029598833,5.789614251490001,8198
66,100,2020-03-18 15:00:00,5.77486990281,5.97637600154,5.760125554119999,5.88790990941,7151
67,99,2020-03-18 15:30:00,5.88790990941,6.04518296209,5.88790990941,6.0273914479999995,8400
68,98,2020-03-18 16:00:00,5.9272281725800005,5.9272281725800005,5.76995511991,5.76995511991,8457
69,97,2020-03-19 10:00:00,5.65200033041,5.65200033041,5.65200033041,5.65200033041,802
70,96,2020-03-19 11:00:00,5.7797846857,5.89773947521,5.7797846857,5.89773947521,2253
71,95,2020-03-19 13:00:00,5.89773947521,5.89783777086,5.66330433107,5.66330433107,4000
72,94,2020-03-19 13:30:00,5.833650706240001,5.833650706240001,5.833650706240001,5.833650706240001,100
73,93,2020-03-19 14:00:00,5.82893251466,5.82893251466,5.65200033041,5.68148902778,21998
74,92,2020-03-19 14:30:00,5.68148902778,5.68158732344,5.65200033041,5.65200033041,4238
75,91,2020-03-19 15:00:00,5.7655318153,5.7655318153,5.7655318153,5.7655318153,200
76,90,2020-03-19 15:30:00,5.7655318153,5.868447369149999,5.66792422699,5.6962333764699995,2000
77,89,2020-03-19 16:00:00,5.65200033041,6.38921776481,5.6274264159300005,6.38921776481,12540
78,88,2020-03-20 10:00:00,6.3695586332200005,6.3695586332200005,6.202456014759999,6.24973622622,1000
79,87,2020-03-20 11:30:00,6.29190506347,6.33024037005,6.29190506347,6.33024037005,2500
80,86,2020-03-20 12:00:00,6.33024037005,6.33024037005,6.33024037005,6.33024037005,300
81,85,2020-03-20 12:30:00,6.33024037005,6.33024037005,6.33024037005,6.33024037005,350
82,84,2020-03-20 13:00:00,6.33024037005,6.33024037005,6.33024037005,6.33024037005,625
83,83,2020-03-20 14:30:00,6.33024037005,6.33024037005,6.33024037005,6.33024037005,1031
84,82,2020-03-20 15:00:00,6.33024037005,6.33024037005,6.33024037005,6.33024037005,1076
85,81,2020-03-20 15:30:00,6.30075167268,6.30075167268,6.202456014759999,6.20933671081,6780
86,80,2020-03-20 16:00:00,6.21228558055,6.21228558055,6.21228558055,6.21228558055,200
87,79,2020-03-23 10:00:00,6.07467165946,6.09433079105,6.07467165946,6.09433079105,4776
88,78,2020-03-23 11:00:00,6.12381948842,6.12381948842,6.12381948842,6.12381948842,391
89,77,2020-03-23 12:00:00,6.00586469892,6.00586469892,5.996035133130001,5.996035133130001,1700
90,76,2020-03-23 14:00:00,5.956716869959999,5.98650045431,5.799443817289999,5.828441036369999,12150
91,75,2020-03-23 15:00:00,5.809273383080001,5.809273383080001,5.799443817289999,5.799443817289999,6800
92,74,2020-03-23 15:30:00,5.799443817289999,5.84859164625,5.799443817289999,5.83876208045,1250
93,73,2020-03-23 16:00:00,5.799443817289999,5.8162523747899995,5.799443817289999,5.809273383080001,4601
94,72,2020-03-24 10:00:00,6.05501252788,6.05501252788,5.93705773837,5.93705773837,1966
95,71,2020-03-24 10:30:00,6.05501252788,6.09433079105,5.9981976376,6.09433079105,5400
96,70,2020-03-24 11:00:00,6.143478620009999,6.143478620009999,6.142987141719999,6.143478620009999,3300
97,69,2020-03-24 11:30:00,6.1297172279,6.133550758559999,6.08351826867,6.0845012252499995,1679
98,68,2020-03-24 12:00:00,6.08273190341,6.102489330650001,6.08273190341,6.102489330650001,12305
99,67,2020-03-24 12:30:00,6.09433079105,6.09433079105,6.07467165946,6.07467165946,3377
100,66,2020-03-24 13:00:00,6.09433079105,6.17296731738,6.09433079105,6.163137751590001,7933
101,65,2020-03-24 13:30:00,6.1533081858,6.15674853383,6.1533081858,6.15674853383,4813
102,64,2020-03-24 15:00:00,6.13364905421,6.1483934029,6.13364905421,6.1483934029,1377
103,63,2020-03-24 15:30:00,6.12873427132,6.12873427132,6.035353396290001,6.04518296209,8478
104,62,2020-03-24 16:00:00,6.04518296209,6.35972906743,6.04518296209,6.35972906743,8360
105,61,2020-03-25 10:00:00,6.29711473334,6.38921776481,6.29711473334,6.38656378204,2900
106,60,2020-03-25 11:00:00,6.3695586332200005,6.38921776481,6.354814284530001,6.38921776481,1867
107,59,2020-03-25 11:30:00,6.38921776481,6.664445606980001,6.354814284530001,6.6324995181599995,21282
108,58,2020-03-25 12:30:00,6.53292601669,6.57106473196,6.53292601669,6.57106473196,800
109,57,2020-03-25 13:30:00,6.644786475399999,6.644786475399999,6.595835237749999,6.63495690961,721
110,56,2020-03-25 14:00:00,6.63495690961,6.63495690961,6.5268316858899995,6.63495690961,4241
111,55,2020-03-25 14:30:00,6.63495690961,6.63495690961,6.573030645119999,6.63495690961,5411
112,54,2020-03-25 15:30:00,6.605468212230001,6.880696054410001,6.53666125169,6.66542856356,22194
113,53,2020-03-25 16:00:00,6.585809080650001,6.585809080650001,6.585809080650001,6.585809080650001,1090
114,52,2020-03-26 10:00:00,6.6069426471,6.68410473857,6.6069426471,6.68115586883,2500
115,51,2020-03-26 12:00:00,6.68538258212,6.7627412649,6.68538258212,6.7627412649,600
116,50,2020-03-26 12:30:00,6.743082133320001,6.8905256202,6.55632038327,6.55632038327,8302
117,49,2020-03-26 13:00:00,6.880696054410001,6.880696054410001,6.880696054410001,6.880696054410001,2300
118,48,2020-03-26 13:30:00,6.743082133320001,6.75291169911,6.73325256753,6.75291169911,1500
119,47,2020-03-26 14:00:00,6.77257083069,6.77257083069,6.77257083069,6.77257083069,600
120,46,2020-03-26 15:00:00,6.79222996228,6.79222996228,6.782400396490001,6.782400396490001,4525
121,45,2020-03-26 16:00:00,6.9691621465299995,6.9691621465299995,6.9691621465299995,6.9691621465299995,100
122,44,2020-03-27 12:30:00,6.68410473857,6.7627412649,6.68410473857,6.730107106469999,10237
123,43,2020-03-27 13:00:00,6.72342300173,6.7627412649,6.585809080650001,6.59563864644,9872
124,42,2020-03-27 14:00:00,6.71909799279,6.71909799279,6.71909799279,6.71909799279,100
125,41,2020-03-27 15:00:00,6.75291169911,6.7627412649,6.743082133320001,6.7627412649,8578
126,40,2020-03-27 16:00:00,6.782400396490001,6.8063845370200005,6.7627412649,6.7627412649,9022
127,39,2020-03-30 15:00:00,6.880696054410001,6.880696054410001,6.841377791240001,6.841377791240001,1200
128,38,2020-03-30 16:00:00,6.868802279800001,6.868802279800001,6.82171865965,6.83154822545,15685
129,37,2020-03-31 10:00:00,6.68410473857,6.68410473857,6.68410473857,6.68410473857,200
130,36,2020-03-31 11:30:00,6.72342300173,6.72342300173,6.72342300173,6.72342300173,100
131,35,2020-03-31 12:30:00,6.69393430436,6.69393430436,6.69393430436,6.69393430436,1447
132,34,2020-03-31 13:30:00,6.743082133320001,6.743082133320001,6.743082133320001,6.743082133320001,2988
133,33,2020-03-31 14:00:00,6.87578127151,6.880696054410001,6.870866488609999,6.870866488609999,1726
134,32,2020-03-31 14:30:00,6.880696054410001,6.88158071533,6.500488449570001,6.880696054410001,13678
135,31,2020-03-31 15:00:00,6.90035518599,6.91018475178,6.90035518599,6.91018475178,200
136,30,2020-03-31 15:30:00,6.77748561359,6.77748561359,6.77748561359,6.77748561359,200
137,29,2020-03-31 16:00:00,6.94950301495,6.94950301495,6.94950301495,6.94950301495,100
138,28,2020-04-01 11:30:00,6.44819515956,6.74150940279,6.44819515956,6.74150940279,1497
139,27,2020-04-01 12:30:00,6.65461604119,6.70867865305,6.65461604119,6.70867865305,993
140,26,2020-04-01 13:00:00,6.67427517277,6.67427517277,6.664445606980001,6.67427517277,928
141,25,2020-04-01 14:00:00,6.5268316858899995,6.5268316858899995,6.51719871142,6.5268316858899995,3100
142,24,2020-04-01 14:30:00,6.605468212230001,6.605468212230001,6.605468212230001,6.605468212230001,500
143,23,2020-04-01 15:00:00,6.605468212230001,6.605468212230001,6.605468212230001,6.605468212230001,2622
144,22,2020-04-01 16:00:00,6.50717255431,6.50717255431,6.48751342273,6.50717255431,1480
145,21,2020-04-02 10:00:00,6.35972906743,6.7037638701499995,6.33024037005,6.340069935850001,2637
146,20,2020-04-02 10:30:00,6.61972108263,6.61972108263,6.61972108263,6.61972108263,800
147,19,2020-04-02 11:00:00,6.65461604119,6.65461604119,6.65461604119,6.65461604119,100
148,18,2020-04-02 14:30:00,6.63495690961,6.63495690961,6.63495690961,6.63495690961,1757
149,17,2020-04-02 15:30:00,6.727944602000001,6.727944602000001,6.727944602000001,6.727944602000001,175
150,16,2020-04-02 16:00:00,6.65461604119,6.65461604119,6.63495690961,6.63495690961,300
151,15,2020-04-03 12:30:00,6.4383655937699995,6.4383655937699995,6.4383655937699995,6.4383655937699995,330
152,14,2020-04-03 14:30:00,6.410449626919999,6.410449626919999,6.410449626919999,6.410449626919999,400
153,13,2020-04-03 16:00:00,6.49242820562,6.5170021201,6.49242820562,6.5170021201,1111
154,12,2020-04-06 10:00:00,6.8118890938600005,6.8118890938600005,6.644884771059999,6.644884771059999,2200
155,11,2020-04-06 11:00:00,6.86398579256,6.86398579256,6.86398579256,6.86398579256,200
156,10,2020-04-06 12:30:00,6.802059528069999,6.802059528069999,6.802059528069999,6.802059528069999,500
157,9,2020-04-06 13:00:00,6.79714474517,6.79714474517,6.79714474517,6.79714474517,100
158,8,2020-04-06 14:00:00,6.77257083069,6.880696054410001,6.77257083069,6.880696054410001,744
159,7,2020-04-06 14:30:00,6.84629257413,6.84629257413,6.782400396490001,6.80559817176,347
160,6,2020-04-06 15:30:00,6.85612213993,6.880696054410001,6.80608965005,6.880696054410001,2981
161,5,2020-04-06 16:00:00,6.880696054410001,6.8905256202,6.851207357030001,6.8905256202,4622
162,4,2020-04-07 10:00:00,6.9691621465299995,6.9691621465299995,6.9691621465299995,6.9691621465299995,200
163,3,2020-04-07 12:30:00,7.13095679947,7.185412593960001,7.003565626810001,7.12112723368,3550
164,2,2020-04-07 14:30:00,7.11660563342,7.11660563342,7.07237258735,7.106776067619999,1180
165,1,2020-04-07 15:00:00,7.07237258735,7.09448911038,7.02813954129,7.07237258735,3946
166,0,2020-04-07 16:00:00,7.07237258735,7.096946501830001,7.07237258735,7.08711693604,9322
167,154,2020-04-08 10:00:00,7.224730857130001,7.224730857130001,7.224730857130001,7.224730857130001,200
168,153,2020-04-08 10:30:00,7.07728737025,7.08711693604,7.07728737025,7.08711693604,317
169,152,2020-04-08 11:00:00,7.05762823866,7.05762823866,6.99363776536,7.02813954129,2102
170,151,2020-04-08 11:30:00,6.8661482970300005,7.03796910708,6.8661482970300005,7.03796910708,2052
171,150,2020-04-08 12:00:00,7.047798672869999,7.32302651505,6.91018475178,6.93967344916,6500
172,149,2020-04-08 12:30:00,6.94950301495,7.00386051378,6.92984388337,6.9691621465299995,6733
173,148,2020-04-08 13:00:00,7.1456028525,7.1456028525,7.117195407360001,7.117195407360001,1000
174,147,2020-04-08 13:30:00,7.225812109360001,7.225812109360001,7.067457804450001,7.067457804450001,4350
175,146,2020-04-08 16:00:00,7.07728737025,7.096946501830001,7.07728737025,7.07728737025,530
176,145,2020-04-09 10:00:00,7.11660563342,7.11660563342,7.11660563342,7.11660563342,2240
177,144,2020-04-09 12:30:00,7.3118208100399995,7.3118208100399995,7.3118208100399995,7.3118208100399995,173
178,143,2020-04-09 14:30:00,7.264049120299999,7.264049120299999,7.264049120299999,7.264049120299999,5017
179,142,2020-04-09 15:30:00,7.3772857182200005,7.3772857182200005,7.264049120299999,7.264049120299999,2311
180,141,2020-04-09 16:00:00,7.264049120299999,7.272895729510001,7.264049120299999,7.264049120299999,3096
181,140,2020-04-13 10:00:00,7.2149012913399995,7.30897023596,7.11660563342,7.30897023596,2975
182,139,2020-04-13 10:30:00,7.264049120299999,7.264049120299999,7.264049120299999,7.264049120299999,2754
183,138,2020-04-13 11:00:00,7.264049120299999,7.282430408330001,7.264049120299999,7.282430408330001,1318
184,137,2020-04-13 11:30:00,7.136264765,7.136264765,7.136264765,7.136264765,600
185,136,2020-04-13 15:00:00,7.244684875680001,7.244684875680001,7.244684875680001,7.244684875680001,300
186,135,2020-04-13 16:00:00,7.190327376860001,7.362344778220001,7.038067402739999,7.309265122939999,22558
187,134,2020-04-14 10:00:00,7.567979294580001,7.567979294580001,7.567979294580001,7.567979294580001,400
188,133,2020-04-14 11:30:00,7.406577824279999,7.406577824279999,7.17568132382,7.17568132382,2235
189,132,2020-04-14 12:00:00,7.45169553126,7.45169553126,7.3820039098,7.3820039098,300
190,131,2020-04-14 16:00:00,7.53927696247,7.53927696247,7.40166304138,7.40166304138,1200
191,130,2020-04-15 11:30:00,7.16860403645,7.16860403645,7.16860403645,7.16860403645,125
192,129,2020-04-15 16:00:00,7.14609433079,7.1657534623800005,7.14609433079,7.14609433079,1880
193,128,2020-04-16 10:30:00,7.23456042292,7.23456042292,7.23456042292,7.23456042292,100
194,127,2020-04-16 12:00:00,7.45670860982,7.45670860982,7.45670860982,7.45670860982,100
195,126,2020-04-16 12:30:00,7.40638123296,7.40638123296,7.23456042292,7.23456042292,1714
196,125,2020-04-16 13:00:00,7.23456042292,7.23456042292,7.23456042292,7.23456042292,257
197,124,2020-04-16 14:30:00,7.23456042292,7.23456042292,6.92001431757,7.02813954129,2175
198,123,2020-04-16 15:00:00,7.02813954129,7.141179547899999,6.67427517277,6.743082133320001,18946
199,122,2020-04-16 15:30:00,6.743082133320001,7.02813954129,6.743082133320001,6.97899171233,5010
200,121,2020-04-16 16:00:00,6.988821278119999,7.032464550239999,6.9691621465299995,7.032464550239999,37368
201,120,2020-04-17 10:00:00,7.096946501830001,7.096946501830001,7.096946501830001,7.096946501830001,2500
202,119,2020-04-17 10:30:00,7.32302651505,7.35251521242,7.32302651505,7.35251521242,600
203,118,2020-04-17 11:00:00,7.304940113989999,7.304940113989999,7.23298769239,7.26768605964,600
204,117,2020-04-17 12:30:00,7.2486167020000005,7.2486167020000005,7.2486167020000005,7.2486167020000005,1100
205,116,2020-04-17 13:00:00,7.291178721880001,7.291178721880001,7.291178721880001,7.291178721880001,135
206,115,2020-04-17 14:00:00,7.313196949260001,7.313196949260001,7.3007134007,7.30336738346,1002
207,114,2020-04-17 14:30:00,7.30336738346,7.313196949260001,7.3007134007,7.30336738346,1484
208,113,2020-04-17 15:00:00,7.240949640680001,7.240949640680001,7.240949640680001,7.240949640680001,200
209,112,2020-04-17 16:00:00,7.2149995869899985,7.2149995869899985,7.1487483135500005,7.190327376860001,3465
210,111,2020-04-20 10:00:00,7.008480409700001,7.008480409700001,7.008480409700001,7.008480409700001,230
211,110,2020-04-20 10:30:00,7.15592389658,7.15592389658,7.15592389658,7.15592389658,672
212,109,2020-04-20 12:00:00,7.051730499189999,7.051730499189999,7.051730499189999,7.051730499189999,1656
213,108,2020-04-20 12:30:00,7.185412593960001,7.185412593960001,7.185412593960001,7.185412593960001,257
214,107,2020-04-20 15:00:00,7.2542195545000006,7.264049120299999,7.2542195545000006,7.2542195545000006,2431
215,106,2020-04-20 15:30:00,7.2542195545000006,7.2542195545000006,7.136264765,7.2149012913399995,2100
216,105,2020-04-20 16:00:00,7.2149012913399995,7.23456042292,7.07728737025,7.175583028169999,11700
217,104,2020-04-21 10:00:00,6.880696054410001,7.008480409700001,6.11398992263,7.008480409700001,12718
218,103,2020-04-21 10:30:00,6.880696054410001,7.008480409700001,6.880696054410001,7.008480409700001,1052
219,102,2020-04-21 11:00:00,7.020963958260001,7.05762823866,7.020963958260001,7.05762823866,200
220,101,2020-04-21 11:30:00,7.08711693604,7.08711693604,7.05271345577,7.07728737025,2612
221,100,2020-04-21 12:00:00,7.067457804450001,7.067457804450001,7.047798672869999,7.047798672869999,687
222,99,2020-04-21 12:30:00,7.047798672869999,7.047798672869999,7.047798672869999,7.047798672869999,116
223,98,2020-04-21 13:00:00,7.047798672869999,7.047798672869999,7.047798672869999,7.047798672869999,100
224,97,2020-04-21 13:30:00,7.018309975489999,7.08711693604,7.008480409700001,7.08711693604,2740
225,96,2020-04-21 14:00:00,7.082202153139999,7.08711693604,7.07728737025,7.08711693604,2400
226,95,2020-04-21 14:30:00,7.08711693604,7.11660563342,7.01929293207,7.11660563342,8566
227,94,2020-04-21 15:00:00,7.11660563342,7.11660563342,7.05762823866,7.07237258735,6384
228,93,2020-04-21 15:30:00,7.07237258735,7.082202153139999,7.0487816294500005,7.082202153139999,2851
229,92,2020-04-21 16:00:00,7.096946501830001,7.096946501830001,7.067457804450001,7.09635672788,9359
230,91,2020-04-22 10:00:00,7.224730857130001,7.224730857130001,7.224730857130001,7.224730857130001,240
231,90,2020-04-22 11:30:00,7.175583028169999,7.18049781106,7.1657534623800005,7.18049781106,955
232,89,2020-04-22 12:00:00,7.175583028169999,7.175583028169999,7.018309975489999,7.175583028169999,1100
233,88,2020-04-22 13:00:00,7.03796910708,7.03796910708,6.92787797021,6.92787797021,4600
234,87,2020-04-22 13:30:00,7.12152041631,7.12152041631,7.12152041631,7.12152041631,200
235,86,2020-04-22 14:00:00,7.1657534623800005,7.1657534623800005,7.141179547899999,7.141179547899999,3100
236,85,2020-04-22 14:30:00,7.1657534623800005,7.1657534623800005,7.15100911369,7.1657534623800005,900
237,84,2020-04-22 15:00:00,7.1657534623800005,7.175583028169999,7.1657534623800005,7.175583028169999,1199
238,83,2020-04-22 15:30:00,7.175583028169999,7.175583028169999,6.880696054410001,7.14609433079,7500
239,82,2020-04-22 16:00:00,7.106776067619999,7.106776067619999,7.106776067619999,7.106776067619999,1388
240,81,2020-04-23 10:00:00,7.067457804450001,7.067457804450001,7.067457804450001,7.067457804450001,322
241,80,2020-04-23 10:30:00,7.175583028169999,7.175583028169999,7.175583028169999,7.175583028169999,3574
242,79,2020-04-23 11:30:00,7.31811173215,7.32302651505,7.2776139210899995,7.313196949260001,2000
243,78,2020-04-23 12:30:00,7.2149012913399995,7.249894545549999,7.2149012913399995,7.249894545549999,300
244,77,2020-04-23 13:00:00,7.2149012913399995,7.2149012913399995,7.1657534623800005,7.1657534623800005,2175
245,76,2020-04-23 13:30:00,7.140098295660001,7.140098295660001,7.140098295660001,7.140098295660001,100
246,75,2020-04-23 14:00:00,7.12152041631,7.14098295658,7.12152041631,7.14098295658,730
247,74,2020-04-23 14:30:00,7.12643519921,7.128794295,7.12643519921,7.12643519921,400
248,73,2020-04-23 15:00:00,7.12643519921,7.136264765,7.12643519921,7.136264765,340
249,72,2020-04-23 15:30:00,7.12643519921,7.12643519921,7.12643519921,7.12643519921,600
250,71,2020-04-24 11:30:00,7.2149012913399995,7.2149012913399995,7.2149012913399995,7.2149012913399995,800
251,70,2020-04-24 12:00:00,7.136264765,7.136264765,7.136264765,7.136264765,100
252,69,2020-04-24 15:30:00,7.19524215975,7.19524215975,7.19524215975,7.19524215975,300
253,68,2020-04-27 10:00:00,7.391833475589999,7.39871417165,7.391833475589999,7.39871417165,700
254,67,2020-04-27 11:00:00,7.3820039098,7.3820039098,7.3820039098,7.3820039098,500
255,66,2020-04-27 11:30:00,7.31811173215,7.31811173215,7.244389988710001,7.308282166360001,3277
256,65,2020-04-27 12:00:00,7.308282166360001,7.308282166360001,7.09144194499,7.09144194499,12475
257,64,2020-04-27 12:30:00,7.244389988710001,7.244389988710001,7.244389988710001,7.244389988710001,100
258,63,2020-04-27 13:30:00,7.224730857130001,7.224730857130001,7.224730857130001,7.224730857130001,200
259,62,2020-04-27 14:00:00,7.224730857130001,7.224730857130001,7.12643519921,7.21981607423,3520
260,61,2020-04-27 14:30:00,7.21981607423,7.2467490845,7.21981607423,7.2467490845,500
261,60,2020-04-27 15:00:00,7.24507805832,7.24507805832,7.203400699360001,7.238492249239999,1354
262,59,2020-04-27 15:30:00,7.21981607423,7.21981607423,7.12643519921,7.15592389658,7601
263,58,2020-04-27 16:00:00,7.264049120299999,7.264049120299999,7.2149012913399995,7.264049120299999,1150
264,57,2020-04-28 10:00:00,7.33285608084,7.33285608084,7.33285608084,7.33285608084,200
265,56,2020-04-28 11:00:00,7.37217434401,7.37217434401,7.37217434401,7.37217434401,461
266,55,2020-04-28 12:00:00,7.390260745060001,7.390260745060001,7.390260745060001,7.390260745060001,133
267,54,2020-04-28 12:30:00,7.37217434401,7.37217434401,7.37217434401,7.37217434401,239
268,53,2020-04-28 14:30:00,7.2542195545000006,7.3574299953199995,7.2542195545000006,7.3574299953199995,3725
269,52,2020-04-28 15:00:00,7.34268564663,7.3573316996600004,7.283708251880001,7.308282166360001,11261
270,51,2020-04-28 15:30:00,7.283708251880001,7.431151738760001,7.283708251880001,7.431151738760001,49362
271,50,2020-04-28 16:00:00,7.421322172969999,7.421322172969999,7.421322172969999,7.421322172969999,4000
272,49,2020-04-29 10:00:00,7.421322172969999,7.421322172969999,7.421322172969999,7.421322172969999,616
273,48,2020-04-29 11:00:00,7.637572620389999,7.686720449349999,7.6227299760500005,7.667061317769999,17394
274,47,2020-04-29 11:30:00,7.667061317769999,8.03075525207,7.61791348881,7.705396624360001,40740
275,46,2020-04-29 12:00:00,7.667061317769999,7.84890828492,7.667061317769999,7.70637958094,30005
276,45,2020-04-29 12:30:00,7.667061317769999,7.71129436383,7.66214653487,7.667061317769999,31773
277,44,2020-04-29 13:00:00,7.667061317769999,7.667061317769999,7.667061317769999,7.667061317769999,3900
278,43,2020-04-29 13:30:00,7.667061317769999,7.71129436383,7.352613508080001,7.667061317769999,24555
279,42,2020-04-29 14:30:00,7.667061317769999,7.6768908835600005,7.667061317769999,7.670403370139999,2327
280,41,2020-04-29 15:00:00,7.667061317769999,7.66725790908,7.40166304138,7.6026776618300005,6283
281,40,2020-04-29 15:30:00,7.549106528260001,7.549106528260001,7.549106528260001,7.549106528260001,147
282,39,2020-04-29 16:00:00,7.549106528260001,7.549106528260001,7.549106528260001,7.549106528260001,370
283,38,2020-04-30 10:00:00,7.4802995677199995,7.4802995677199995,7.4802995677199995,7.4802995677199995,202
284,37,2020-04-30 11:30:00,7.450810870339999,7.4802995677199995,7.44098130455,7.450810870339999,1300
285,36,2020-04-30 12:00:00,7.4802995677199995,7.4802995677199995,7.470470001930001,7.4802995677199995,4749
286,35,2020-04-30 13:00:00,7.490129133510001,7.4999586993,7.45867452298,7.45867452298,2300
287,34,2020-04-30 13:30:00,7.470470001930001,7.4999586993,7.450810870339999,7.4999586993,12068
288,33,2020-04-30 14:30:00,7.51961783089,7.53927696247,7.5097882651,7.51961783089,1865
289,32,2020-04-30 15:00:00,7.53927696247,7.53927696247,7.53927696247,7.53927696247,151
290,31,2020-04-30 15:30:00,7.578595225639999,7.83416393623,7.490129133510001,7.504873482200001,13475
291,30,2020-04-30 16:00:00,7.578595225639999,7.578595225639999,7.264049120299999,7.264049120299999,900
292,29,2020-05-01 10:00:00,7.421322172969999,7.421322172969999,7.421322172969999,7.421322172969999,280
293,28,2020-05-01 12:00:00,7.3485833861100005,7.3485833861100005,7.30336738346,7.33285608084,4492
294,27,2020-05-01 12:30:00,7.3574299953199995,7.3574299953199995,7.3574299953199995,7.3574299953199995,200
295,26,2020-05-01 13:00:00,7.30336738346,7.30336738346,7.175583028169999,7.19524215975,2147
296,25,2020-05-01 13:30:00,7.19524215975,7.205071725539999,7.19524215975,7.19524215975,1400
297,24,2020-05-01 14:00:00,7.19524215975,7.61791348881,7.19524215975,7.27387868609,39703
298,23,2020-05-01 14:30:00,7.32302651505,7.32302651505,7.30336738346,7.32302651505,17206
299,22,2020-05-01 15:00:00,7.32302651505,7.32302651505,7.313196949260001,7.313196949260001,200
300,21,2020-05-01 16:00:00,7.308282166360001,7.4999586993,7.30336738346,7.463491010219999,4700
301,20,2020-05-04 10:00:00,7.34268564663,7.34268564663,7.238099066599999,7.26758776398,3378
302,19,2020-05-04 10:30:00,7.283708251880001,7.305529887939999,7.27387868609,7.29570032215,4296
303,18,2020-05-04 12:00:00,7.380037996639999,7.380037996639999,7.380037996639999,7.380037996639999,100
304,17,2020-05-04 13:30:00,7.27387868609,7.27387868609,7.27387868609,7.27387868609,1704
305,16,2020-05-04 16:00:00,7.29068724359,7.30336738346,7.283708251880001,7.30336738346,2300
306,15,2020-05-05 11:00:00,7.34268564663,7.34268564663,7.34268564663,7.34268564663,1000
307,14,2020-05-05 12:00:00,7.362344778220001,7.3820039098,7.362344778220001,7.3820039098,942
308,13,2020-05-05 13:00:00,7.391833475589999,7.391833475589999,7.391833475589999,7.391833475589999,2100
309,12,2020-05-05 15:30:00,7.431151738760001,7.431151738760001,7.391833475589999,7.431151738760001,1300
310,11,2020-05-05 16:00:00,7.426236955860001,7.431151738760001,7.3820039098,7.421322172969999,1000
311,10,2020-05-06 10:00:00,7.44098130455,7.44098130455,7.44098130455,7.44098130455,200
312,9,2020-05-06 10:30:00,7.3770891269000005,7.3770891269000005,7.3770891269000005,7.3770891269000005,226
313,8,2020-05-06 11:00:00,7.362344778220001,7.362344778220001,7.362344778220001,7.362344778220001,631
314,7,2020-05-06 14:00:00,7.393602797430001,7.393602797430001,7.393602797430001,7.393602797430001,659
315,6,2020-05-06 16:00:00,7.40166304138,7.40166304138,7.40166304138,7.40166304138,501
316,5,2020-05-07 10:00:00,7.53927696247,7.53927696247,7.52944739668,7.52944739668,508
317,4,2020-05-07 10:30:00,7.504873482200001,7.504873482200001,7.490129133510001,7.504873482200001,1700
318,3,2020-05-07 11:00:00,7.504873482200001,7.504873482200001,7.4999586993,7.4999586993,300
319,2,2020-05-07 13:00:00,7.495928577330001,7.495928577330001,7.495928577330001,7.495928577330001,262
320,1,2020-05-07 15:30:00,7.5097882651,7.5097882651,7.44589608745,7.4999586993,7319
321,0,2020-05-07 16:00:00,7.52944739668,7.52944739668,7.52944739668,7.52944739668,2100
