,index,time,open,high,low,close,volume
0,150,2018-10-16 10:00:00,11.8824569093,11.8824569093,11.8824569093,11.8824569093,101
1,149,2018-10-16 15:30:00,11.9102787935,11.9102787935,11.9102787935,11.9102787935,1043
2,148,2018-10-17 10:00:00,11.8824569093,11.8824569093,11.8824569093,11.8824569093,100
3,147,2018-10-17 13:30:00,11.9103718433,11.9289817993,11.9103718433,11.919676821300001,1500
4,146,2018-10-17 14:00:00,11.9103718433,11.9103718433,11.901066865299999,11.9103718433,1220
5,145,2018-10-17 15:00:00,11.919676821300001,11.919676821300001,11.919676821300001,11.919676821300001,200
6,144,2018-10-17 16:00:00,11.901066865299999,11.901066865299999,11.901066865299999,11.901066865299999,744
7,143,2018-10-18 10:00:00,11.9103718433,11.9103718433,11.8824569093,11.8824569093,2814
8,142,2018-10-18 10:30:00,11.8917618873,11.8917618873,11.8824569093,11.8824569093,1162
9,141,2018-10-18 12:30:00,12.1537900678,12.1537900678,12.1537900678,12.1537900678,100
10,140,2018-10-19 10:00:00,12.0685564693,12.0685564693,12.0685564693,12.0685564693,700
11,139,2018-10-19 11:00:00,12.0127266013,12.0127266013,12.0127266013,12.0127266013,100
12,138,2018-10-19 11:30:00,12.0127266013,12.0778614473,12.0034216233,12.059251491300001,1300
13,137,2018-10-19 12:00:00,12.0313365573,12.0313365573,12.0313365573,12.0313365573,100
14,136,2018-10-19 16:00:00,11.966201711300002,11.966201711300002,11.956896733299999,11.956896733299999,240
15,135,2018-10-22 10:00:00,12.1523012713,12.1523012713,12.096471403299999,12.096471403299999,300
16,134,2018-10-22 11:30:00,12.0499465133,12.0499465133,12.0499465133,12.0499465133,500
17,133,2018-10-22 12:00:00,11.9848116673,12.007794963,11.9305636455,11.9305636455,1385
18,132,2018-10-22 12:30:00,11.956896733299999,11.956896733299999,11.956896733299999,11.956896733299999,1451
19,131,2018-10-22 13:00:00,11.9860213144,11.9860213144,11.9860213144,11.9860213144,1300
20,130,2018-10-23 10:00:00,11.956896733299999,11.956896733299999,11.956896733299999,11.956896733299999,100
21,129,2018-10-23 11:30:00,11.956896733299999,11.975506689300001,11.956896733299999,11.975506689300001,2732
22,128,2018-10-23 14:30:00,11.9649920642,11.9649920642,11.9649920642,11.9649920642,172
23,127,2018-10-23 15:30:00,11.9611770232,11.9611770232,11.9611770232,11.9611770232,700
24,126,2018-10-23 16:00:00,11.919676821300001,11.975506689300001,11.8824569093,11.975506689300001,1529
25,125,2018-10-24 10:00:00,11.919676821300001,11.9729943452,11.919676821300001,11.9729943452,800
26,124,2018-10-24 11:00:00,11.9103718433,11.9103718433,11.9103718433,11.9103718433,420
27,123,2018-10-24 11:30:00,11.9534538914,11.9534538914,11.9534538914,11.9534538914,918
28,122,2018-10-24 13:00:00,11.9382867773,11.9382867773,11.9289817993,11.9289817993,2400
29,121,2018-10-24 15:00:00,11.9264694552,11.9289817993,11.9264694552,11.9289817993,2700
30,120,2018-10-24 15:30:00,11.9150243323,11.9289817993,11.9150243323,11.9289817993,400
31,119,2018-10-24 16:00:00,11.9289817993,11.9289817993,11.9289817993,11.9289817993,3750
32,118,2018-10-25 10:00:00,11.9103718433,11.9103718433,11.9103718433,11.9103718433,100
33,117,2018-10-25 11:00:00,11.9103718433,11.9103718433,11.9103718433,11.9103718433,100
34,116,2018-10-25 12:00:00,11.9103718433,11.9103718433,11.9103718433,11.9103718433,100
35,115,2018-10-25 12:30:00,11.9103718433,11.9103718433,11.9103718433,11.9103718433,100
36,114,2018-10-25 13:00:00,11.9103718433,11.9103718433,11.9103718433,11.9103718433,100
37,113,2018-10-25 13:30:00,11.9103718433,11.9103718433,11.9103718433,11.9103718433,100
38,112,2018-10-25 14:00:00,11.9103718433,11.9103718433,11.9103718433,11.9103718433,100
39,111,2018-10-25 15:00:00,11.9103718433,11.9103718433,11.9103718433,11.9103718433,100
40,110,2018-10-25 15:30:00,11.9103718433,11.9103718433,11.9103718433,11.9103718433,100
41,109,2018-10-25 16:00:00,11.9103718433,11.9103718433,11.9103718433,11.9103718433,659
42,108,2018-10-26 10:00:00,11.8824569093,11.8824569093,11.8824569093,11.8824569093,100
43,107,2018-10-26 11:00:00,11.919676821300001,11.919676821300001,11.919676821300001,11.919676821300001,200
44,106,2018-10-26 12:00:00,11.919676821300001,11.919676821300001,11.919676821300001,11.919676821300001,100
45,105,2018-10-26 12:30:00,11.919676821300001,11.919676821300001,11.919676821300001,11.919676821300001,100
46,104,2018-10-26 13:00:00,11.9289817993,11.9289817993,11.9289817993,11.9289817993,100
47,103,2018-10-26 14:30:00,11.9289817993,11.9289817993,11.9289817993,11.9289817993,100
48,102,2018-10-26 15:00:00,11.9289817993,11.9289817993,11.9289817993,11.9289817993,100
49,101,2018-10-26 15:30:00,11.9289817993,11.9289817993,11.9289817993,11.9289817993,100
50,100,2018-10-26 16:00:00,11.9289817993,11.9289817993,11.8638469533,11.8638469533,654
51,99,2018-10-29 10:00:00,11.9103718433,11.9103718433,11.8939020322,11.9103718433,5818
52,98,2018-10-29 10:30:00,11.9289817993,11.9289817993,11.9289817993,11.9289817993,500
53,97,2018-10-29 11:00:00,11.956896733299999,12.0034216233,11.956896733299999,12.0034216233,500
54,96,2018-10-29 11:30:00,12.0034216233,12.0034216233,12.0034216233,12.0034216233,100
55,95,2018-10-29 12:00:00,11.9941166453,12.1336913153,11.9941166453,12.1335982656,4700
56,94,2018-10-29 13:00:00,12.0460384226,12.0460384226,12.0460384226,12.0460384226,208
57,93,2018-10-29 13:30:00,12.105683331600002,12.105683331600002,12.0220315793,12.0220315793,3990
58,92,2018-10-29 14:30:00,12.040641535299999,12.040641535299999,12.040641535299999,12.040641535299999,100
59,91,2018-10-29 15:00:00,12.0499465133,12.0499465133,12.0499465133,12.0499465133,100
60,90,2018-10-29 15:30:00,12.059251491300001,12.059251491300001,12.0499465133,12.0499465133,200
61,89,2018-10-29 16:00:00,11.9150243323,11.9150243323,11.9103718433,11.9103718433,238
62,88,2018-10-30 10:30:00,12.0499465133,12.0499465133,12.0313365573,12.0313365573,300
63,87,2018-10-30 11:00:00,12.0034216233,12.004352121099998,12.0034216233,12.0034216233,380
64,86,2018-10-30 11:30:00,11.966201711300002,11.966201711300002,11.966201711300002,11.966201711300002,100
65,85,2018-10-30 12:00:00,11.966201711300002,11.966201711300002,11.966201711300002,11.966201711300002,100
66,84,2018-10-30 12:30:00,11.966201711300002,11.966201711300002,11.966201711300002,11.966201711300002,100
67,83,2018-10-30 13:00:00,11.966201711300002,11.966201711300002,11.966201711300002,11.966201711300002,100
68,82,2018-10-30 13:30:00,11.966201711300002,11.966201711300002,11.966201711300002,11.966201711300002,100
69,81,2018-10-30 14:00:00,11.966201711300002,11.966201711300002,11.966201711300002,11.966201711300002,100
70,80,2018-10-30 14:30:00,11.956896733299999,11.956896733299999,11.956896733299999,11.956896733299999,100
71,79,2018-10-30 15:00:00,11.956896733299999,12.00481737,11.956896733299999,11.9820201739,800
72,78,2018-10-30 15:30:00,11.9289817993,11.9289817993,11.9289817993,11.9289817993,100
73,77,2018-10-30 16:00:00,11.9289817993,11.9289817993,11.9103718433,11.9103718433,400
74,76,2018-10-31 10:00:00,11.975506689300001,11.975506689300001,11.9289817993,11.9289817993,215
75,75,2018-10-31 10:30:00,11.956896733299999,11.956896733299999,11.956896733299999,11.956896733299999,200
76,74,2018-10-31 11:00:00,11.956896733299999,11.956896733299999,11.956896733299999,11.956896733299999,100
77,73,2018-10-31 11:30:00,11.956896733299999,11.956896733299999,11.956896733299999,11.956896733299999,100
78,72,2018-10-31 12:00:00,11.956896733299999,11.956896733299999,11.956896733299999,11.956896733299999,100
79,71,2018-10-31 12:30:00,11.956896733299999,11.956896733299999,11.956896733299999,11.956896733299999,100
80,70,2018-10-31 13:00:00,11.956896733299999,11.956896733299999,11.956896733299999,11.956896733299999,100
81,69,2018-10-31 13:30:00,11.956896733299999,11.956896733299999,11.8917618873,11.8917618873,2800
82,68,2018-10-31 14:00:00,11.8917618873,11.8917618873,11.8917618873,11.8917618873,100
83,67,2018-10-31 14:30:00,11.9299122971,11.9299122971,11.9299122971,11.9299122971,870
84,66,2018-10-31 15:00:00,11.8917618873,11.8917618873,11.8917618873,11.8917618873,100
85,65,2018-10-31 15:30:00,11.8917618873,11.8917618873,11.8917618873,11.8917618873,100
86,64,2018-10-31 16:00:00,11.8917618873,11.8917618873,11.8917618873,11.8917618873,359
87,63,2018-11-01 10:00:00,11.8731519313,11.8824569093,11.8731519313,11.8824569093,504
88,62,2018-11-01 10:30:00,11.8824569093,11.9103718433,11.8824569093,11.9103718433,800
89,61,2018-11-01 11:00:00,11.8917618873,11.8917618873,11.8917618873,11.8917618873,100
90,60,2018-11-01 11:30:00,11.8917618873,11.8917618873,11.8917618873,11.8917618873,100
91,59,2018-11-01 12:00:00,11.8917618873,11.8917618873,11.8917618873,11.8917618873,100
92,58,2018-11-01 12:30:00,11.8917618873,11.8917618873,11.8917618873,11.8917618873,100
93,57,2018-11-01 13:00:00,11.8917618873,11.8917618873,11.8917618873,11.8917618873,100
94,56,2018-11-01 13:30:00,11.8917618873,11.8917618873,11.8917618873,11.8917618873,200
95,55,2018-11-01 14:00:00,11.9103718433,11.9103718433,11.9103718433,11.9103718433,100
96,54,2018-11-01 15:00:00,11.8917618873,11.8917618873,11.8917618873,11.8917618873,100
97,53,2018-11-01 15:30:00,11.901066865299999,11.901066865299999,11.901066865299999,11.901066865299999,200
98,52,2018-11-01 16:00:00,11.9475917553,11.956896733299999,11.946847357100001,11.9558731857,1000
99,51,2018-11-02 10:00:00,11.9289817993,11.9289817993,11.8917618873,11.8917618873,270
100,50,2018-11-02 10:30:00,11.8917618873,11.8917618873,11.8917618873,11.8917618873,200
101,49,2018-11-02 11:00:00,11.8917618873,11.8917618873,11.8917618873,11.8917618873,100
102,48,2018-11-02 11:30:00,11.8917618873,11.8917618873,11.8917618873,11.8917618873,100
103,47,2018-11-02 12:00:00,11.8917618873,11.8917618873,11.8917618873,11.8917618873,100
104,46,2018-11-02 12:30:00,11.901066865299999,11.901066865299999,11.901066865299999,11.901066865299999,100
105,45,2018-11-02 13:00:00,11.901066865299999,11.901066865299999,11.901066865299999,11.901066865299999,100
106,44,2018-11-02 13:30:00,11.901066865299999,11.901066865299999,11.901066865299999,11.901066865299999,100
107,43,2018-11-02 14:30:00,11.901066865299999,11.901066865299999,11.901066865299999,11.901066865299999,100
108,42,2018-11-02 15:00:00,11.901066865299999,11.901066865299999,11.901066865299999,11.901066865299999,100
109,41,2018-11-02 15:30:00,11.901066865299999,11.901066865299999,11.8917618873,11.8917618873,200
110,40,2018-11-02 16:00:00,11.8917618873,11.8917618873,11.8917618873,11.8917618873,260
111,39,2018-11-05 10:30:00,11.8917618873,11.9285165504,11.8917618873,11.9103718433,3548
112,38,2018-11-05 11:00:00,11.9103718433,11.9103718433,11.9103718433,11.9103718433,347
113,37,2018-11-05 12:00:00,11.919676821300001,11.9287956997,11.919676821300001,11.919676821300001,847
114,36,2018-11-05 13:00:00,11.919676821300001,11.919676821300001,11.919676821300001,11.919676821300001,347
115,35,2018-11-05 14:30:00,11.919676821300001,11.919676821300001,11.919676821300001,11.919676821300001,147
116,34,2018-11-05 15:00:00,11.9103718433,11.9103718433,11.9103718433,11.9103718433,147
117,33,2018-11-05 15:30:00,11.9103718433,11.9103718433,11.9103718433,11.9103718433,147
118,32,2018-11-05 16:00:00,11.9103718433,11.9103718433,11.8917618873,11.8917618873,256
119,31,2018-11-06 10:00:00,11.901066865299999,11.901066865299999,11.901066865299999,11.901066865299999,17930
120,30,2018-11-06 10:30:00,11.8917618873,11.8917618873,11.8917618873,11.8917618873,300
121,29,2018-11-06 11:30:00,11.8731519313,11.901066865299999,11.8731519313,11.8968796252,5100
122,28,2018-11-06 12:00:00,11.901066865299999,11.904974955999998,11.901066865299999,11.904974955999998,1150
123,27,2018-11-06 12:30:00,11.901066865299999,11.901066865299999,11.901066865299999,11.901066865299999,300
124,26,2018-11-06 14:00:00,11.8871093983,11.8871093983,11.8871093983,11.8871093983,200
125,25,2018-11-06 15:00:00,11.901066865299999,11.9103718433,11.901066865299999,11.9103718433,1532
126,24,2018-11-06 16:00:00,11.9205142693,11.9205142693,11.901066865299999,11.901066865299999,920
127,23,2018-11-07 10:00:00,11.956896733299999,11.956896733299999,11.956896733299999,11.956896733299999,169
128,22,2018-11-07 11:00:00,11.9299122971,11.9299122971,11.9299122971,11.9299122971,172
129,21,2018-11-07 11:30:00,11.956896733299999,11.966108661500002,11.935030035,11.9382867773,1000
130,20,2018-11-07 12:30:00,11.942939266300002,11.942939266300002,11.942939266300002,11.942939266300002,100
131,19,2018-11-07 13:00:00,11.9365188315,11.9365188315,11.9365188315,11.9365188315,429
132,18,2018-11-07 13:30:00,11.942939266300002,11.942939266300002,11.942939266300002,11.942939266300002,100
133,17,2018-11-07 14:00:00,11.942939266300002,11.942939266300002,11.942939266300002,11.942939266300002,100
134,16,2018-11-07 14:30:00,11.942939266300002,11.942939266300002,11.942939266300002,11.942939266300002,100
135,15,2018-11-07 15:00:00,11.9382867773,11.9382867773,11.9382867773,11.9382867773,100
136,14,2018-11-07 15:30:00,11.9382867773,11.9382867773,11.9382867773,11.9382867773,500
137,13,2018-11-07 16:00:00,11.9382867773,11.9382867773,11.9382867773,11.9382867773,460
138,12,2018-11-08 10:30:00,11.9569897831,11.9569897831,11.9569897831,11.9569897831,1020
139,11,2018-11-09 10:00:00,11.966201711300002,12.0034216233,11.966201711300002,12.0034216233,500
140,10,2018-11-09 12:00:00,12.0034216233,12.0128196511,11.990952952799999,11.990952952799999,1300
141,9,2018-11-09 14:00:00,11.9941166453,11.9941166453,11.9382867773,11.9382867773,3135
142,8,2018-11-12 14:30:00,11.9881614594,11.9881614594,11.9881614594,11.9881614594,1485
143,7,2018-11-12 15:30:00,11.9688071051,11.9848116673,11.9103718433,11.9252598081,3772
144,6,2018-11-14 10:00:00,11.966836927300001,11.97850506,11.966836927300001,11.9761714335,940
145,5,2018-11-14 10:30:00,11.9761714335,11.9761714335,11.9761714335,11.9761714335,1300
146,4,2018-11-14 11:00:00,11.9855059397,11.9855059397,11.9855059397,11.9855059397,274
147,3,2018-11-14 11:30:00,12.0135094582,12.0228439644,12.0135094582,12.0228439644,500
148,2,2018-11-14 12:00:00,12.0135094582,12.0135094582,12.0135094582,12.0135094582,735
149,1,2018-11-14 15:00:00,12.0415129768,12.1348580386,12.0415129768,12.1348580386,1034
150,0,2018-11-14 16:00:00,12.0136028033,12.0618622002,12.0136028033,12.0618622002,1090
