,index,time,open,high,low,close,volume
0,186,2020-03-09 10:00:00,24.1300012098,24.1300012098,24.1300012098,24.1300012098,1400
1,185,2020-03-09 10:30:00,24.286372218,24.286372218,24.178867149899997,24.1886403379,428
2,184,2020-03-09 11:00:00,24.197533939,24.5795678585,24.197533939,24.5160421364,5771
3,183,2020-03-09 11:30:00,24.3596711281,24.4036504742,24.2864699499,24.4036504742,4083
4,182,2020-03-09 12:00:00,24.442743226300003,24.481835978299998,24.4329700383,24.481835978299998,1617
5,181,2020-03-09 12:30:00,24.442743226300003,24.511155542399997,24.3645577221,24.4647328993,3656
6,180,2020-03-09 13:00:00,24.481835978299998,24.481835978299998,24.481835978299998,24.481835978299998,100
7,179,2020-03-09 13:30:00,24.4622896023,24.511155542399997,24.3743309102,24.3743309102,1044
8,178,2020-03-09 14:00:00,24.3156917821,24.3303515641,24.3059185941,24.320578376100002,700
9,177,2020-03-09 14:30:00,24.320578376100002,24.4251514878,24.286372218,24.4251514878,1160
10,176,2020-03-09 15:00:00,24.4720627903,24.5600214825,24.4622896023,24.5600214825,1324
11,175,2020-03-09 16:00:00,24.3743309102,24.3743309102,24.3743309102,24.3743309102,853
12,174,2020-03-10 10:00:00,24.5013823544,24.5013823544,24.5013823544,24.5013823544,276
13,173,2020-03-10 11:00:00,24.481835978299998,24.5013823544,24.481835978299998,24.5013823544,405
14,172,2020-03-10 11:30:00,24.4036504742,24.4036504742,24.4036504742,24.4036504742,639
15,171,2020-03-10 12:30:00,24.4134236622,24.4544710519,24.4036504742,24.4036504742,1900
16,170,2020-03-10 13:30:00,24.4329700383,24.4622896023,24.4329700383,24.4329700383,1842
17,169,2020-03-10 14:00:00,24.4457729146,24.4457729146,24.4036504742,24.4036504742,1340
18,168,2020-03-10 14:30:00,24.4036504742,24.4036504742,24.4036504742,24.4036504742,295
19,167,2020-03-10 15:00:00,24.4329700383,24.447825284,24.4329700383,24.447825284,1014
20,166,2020-03-11 10:00:00,24.677299738600002,24.677299738600002,24.677299738600002,24.677299738600002,290
21,165,2020-03-11 10:30:00,24.3352381581,24.3352381581,24.3352381581,24.3352381581,100
22,164,2020-03-11 11:00:00,24.3352381581,24.3450113461,24.3352381581,24.3450113461,382
23,163,2020-03-11 11:30:00,24.3254649701,24.3254649701,24.300250145,24.3156917821,534
24,162,2020-03-11 14:00:00,24.677299738600002,24.677299738600002,24.677299738600002,24.677299738600002,1000
25,161,2020-03-11 15:30:00,24.3547845341,24.3547845341,24.3352381581,24.3450113461,611
26,160,2020-03-11 16:00:00,24.3645577221,24.3645577221,24.3352381581,24.3352381581,4583
27,159,2020-03-12 10:00:00,24.1202280218,24.1593207738,23.6999809371,23.7195273131,8920
28,158,2020-03-12 10:30:00,23.631568621,23.660888185,23.5094037708,23.660888185,6589
29,157,2020-03-12 11:00:00,23.4245724988,23.602249056999998,23.4245724988,23.602249056999998,816
30,156,2020-03-12 11:30:00,23.504517176799997,23.504517176799997,23.2406411004,23.2406411004,2965
31,155,2020-03-12 12:00:00,23.2406411004,23.3432595745,22.927899083899998,23.3432595745,819
32,154,2020-03-12 12:30:00,22.4001469311,22.6689096015,22.0483121625,22.0483121625,1040
33,153,2020-03-12 13:00:00,22.0971781026,23.2406411004,22.0971781026,23.2406411004,1192
34,152,2020-03-12 13:30:00,23.289507040500002,24.1495475858,23.289507040500002,23.651114996999997,798
35,151,2020-03-12 14:00:00,23.3676925446,23.602249056999998,23.3676925446,23.602249056999998,330
36,150,2020-03-12 14:30:00,23.1135896562,23.1135896562,23.1135896562,23.1135896562,175
37,149,2020-03-12 15:00:00,23.2210947244,23.496894090100003,23.2210947244,23.496894090100003,241
38,148,2020-03-12 15:30:00,23.2210947244,23.3438459658,22.9474454599,22.9474454599,2638
39,147,2020-03-12 16:00:00,23.015857776,23.015857776,22.996311399999996,22.996311399999996,564
40,146,2020-03-13 10:00:00,23.2699606644,23.6999809371,23.2699606644,23.5387233349,12966
41,145,2020-03-13 10:30:00,23.5142903648,23.5714635147,23.5142903648,23.5714635147,800
42,144,2020-03-13 11:00:00,23.631568621,23.702717429699998,23.3774657326,23.3774657326,4217
43,143,2020-03-13 11:30:00,23.416558484699998,23.426331672699998,23.416558484699998,23.426331672699998,279
44,142,2020-03-13 16:00:00,23.6999809371,23.8954446974,23.6999809371,23.8954446974,4919
45,141,2020-03-16 10:00:00,23.162455596300003,23.162455596300003,22.8497135798,22.8497135798,14900
46,140,2020-03-16 10:30:00,23.015857776,23.1038164682,23.015857776,23.1038164682,200
47,139,2020-03-16 11:30:00,23.5533831169,23.563156304899998,23.3579193566,23.3579193566,727
48,138,2020-03-16 12:00:00,23.475197612800002,23.475197612800002,23.387238920599998,23.387238920599998,650
49,137,2020-03-16 12:30:00,23.387238920599998,23.387238920599998,23.2601874764,23.2601874764,1502
50,136,2020-03-16 13:00:00,23.3072942426,23.3072942426,23.3072942426,23.3072942426,200
51,135,2020-03-16 13:30:00,23.147795814200002,23.147795814200002,23.147795814200002,23.147795814200002,100
52,134,2020-03-16 14:00:00,23.162455596300003,23.1917751603,23.162455596300003,23.1917751603,2641
53,133,2020-03-16 15:00:00,23.3481461686,23.5142903648,23.2997688879,23.5142903648,1611
54,132,2020-03-16 16:00:00,23.3383729805,23.3383729805,23.2406411004,23.2601874764,1219
55,131,2020-03-16 17:30:00,23.230867912399997,23.230867912399997,23.230867912399997,23.230867912399997,6780
56,130,2020-03-16 18:00:00,23.2357545064,23.2357545064,23.2357545064,23.2357545064,6780
57,129,2020-03-17 10:00:00,23.230867912399997,23.230867912399997,22.9474454599,22.9474454599,1320
58,128,2020-03-17 10:30:00,23.0647237161,23.0647237161,23.0647237161,23.0647237161,100
59,127,2020-03-17 11:00:00,23.1429092202,23.230867912399997,23.1331360322,23.1331360322,452
60,126,2020-03-17 11:30:00,23.1917751603,23.250414288400002,23.1722287843,23.250414288400002,343
61,125,2020-03-17 12:00:00,23.4826252356,23.4826252356,23.3090534165,23.3090534165,765
62,124,2020-03-17 12:30:00,23.3090534165,23.3090534165,23.3090534165,23.3090534165,100
63,123,2020-03-17 13:30:00,23.2699606644,23.2699606644,23.2601874764,23.2601874764,550
64,122,2020-03-17 14:00:00,23.3041668225,23.3481461686,23.3041668225,23.318826604499996,1020
65,121,2020-03-17 14:30:00,23.2992802285,23.3774657326,23.2992802285,23.3774657326,600
66,120,2020-03-17 15:00:00,23.2992802285,23.3481461686,23.2992802285,23.3481461686,494
67,119,2020-03-17 15:30:00,23.279733852399996,23.279733852399996,23.2601874764,23.2601874764,1399
68,118,2020-03-17 16:00:00,23.2406411004,23.2406411004,23.0354041521,23.0354041521,2022
69,117,2020-03-18 10:00:00,22.6542498195,22.6542498195,22.2437759228,22.4783324352,2509
70,116,2020-03-18 10:30:00,22.4783324352,22.4783324352,22.4783324352,22.4783324352,1300
71,115,2020-03-18 11:00:00,22.4783324352,22.5076519992,22.4783324352,22.4783324352,1820
72,114,2020-03-18 11:30:00,22.8497135798,22.8497135798,22.2730954869,22.2730954869,2731
73,113,2020-03-18 12:30:00,22.4294664951,22.5467447513,22.4294664951,22.5426400123,900
74,112,2020-03-18 13:00:00,22.576064315300002,22.576064315300002,22.4294664951,22.4587860592,2083
75,111,2020-03-18 14:00:00,22.2340027348,22.2437759228,21.3837353775,21.4130549415,4647
76,110,2020-03-18 14:30:00,20.9537151048,20.9537151048,20.7191585924,20.7191585924,414
77,109,2020-03-18 15:00:00,21.1589520531,21.1589520531,21.090539737,21.1059813741,5118
78,108,2020-03-18 16:00:00,21.2469107453,21.2469107453,21.2469107453,21.2469107453,564
79,107,2020-03-19 10:00:00,22.224229546799997,22.224229546799997,20.0643549954,20.220726003699998,4434
80,106,2020-03-19 10:30:00,20.2500455677,20.2500455677,19.6726456198,20.2402723797,1974
81,105,2020-03-19 11:00:00,20.1229941235,20.702641904700002,20.0252622434,20.3086846958,3431
82,104,2020-03-19 11:30:00,20.455282516,20.455282516,20.455282516,20.455282516,200
83,103,2020-03-19 12:00:00,20.7680245325,21.3641890014,20.7426142437,21.3641890014,1749
84,102,2020-03-19 12:30:00,21.0221274209,21.0221274209,20.768122264400002,20.768122264400002,700
85,101,2020-03-19 13:00:00,20.8071172846,20.8071172846,20.7680245325,20.7680245325,535
86,100,2020-03-19 13:30:00,20.787570908499998,21.0847735561,20.787570908499998,21.0847735561,1549
87,99,2020-03-19 14:00:00,20.826663660599998,21.4228281295,20.826663660599998,21.4228281295,1701
88,98,2020-03-19 15:00:00,21.3092636848,21.3092636848,21.3092636848,21.3092636848,200
89,97,2020-03-19 15:30:00,21.4228281295,21.4326013176,21.4228281295,21.4326013176,598
90,96,2020-03-19 16:00:00,21.4326013176,21.4326013176,21.4228281295,21.4326013176,740
91,95,2020-03-20 10:00:00,20.9439419168,22.0971781026,20.9439419168,22.0971781026,825
92,94,2020-03-20 10:30:00,22.6835693835,22.6835693835,22.6835693835,22.6835693835,200
93,93,2020-03-20 11:00:00,22.6151570674,22.791074451700002,22.169499693899997,22.791074451700002,1110
94,92,2020-03-20 11:30:00,22.673796195500003,22.927899083899998,22.673796195500003,22.872191912199998,1300
95,91,2020-03-20 12:00:00,22.2340027348,22.2340027348,22.2340027348,22.2340027348,1659
96,90,2020-03-20 12:30:00,21.8723947782,21.8723947782,21.501013633699998,21.501013633699998,617
97,89,2020-03-20 13:00:00,21.4032817535,21.466318816199998,21.2156365436,21.3055498734,2541
98,88,2020-03-20 13:30:00,21.3055498734,21.3055498734,21.3055498734,21.3055498734,600
99,87,2020-03-20 14:00:00,21.540106385700003,21.540106385700003,21.5303331977,21.5303331977,750
100,86,2020-03-20 14:30:00,21.657384641900002,21.696477394000002,21.647611453899998,21.696477394000002,441
101,85,2020-03-20 15:00:00,21.701363988,21.701363988,21.5303331977,21.5889723258,1026
102,84,2020-03-20 15:30:00,21.6378382659,21.6378382659,21.5303331977,21.5303331977,1100
103,83,2020-03-20 17:00:00,21.5303331977,21.5352197917,21.5303331977,21.5352197917,15138
104,82,2020-03-23 10:00:00,21.745343334,21.745343334,21.2078179932,21.2664571213,2778
105,81,2020-03-23 11:00:00,21.5694259498,21.8723947782,21.2762303093,21.5596527618,1124
106,80,2020-03-23 11:30:00,21.579199137800003,21.866530865399998,21.4521476936,21.866530865399998,1383
107,79,2020-03-23 12:00:00,21.3837353775,21.5645393558,21.2566839333,21.3788487835,44225
108,78,2020-03-23 12:30:00,21.4130549415,21.4130549415,21.4130549415,21.4130549415,390
109,77,2020-03-23 14:00:00,21.5013068293,21.5694259498,21.5013068293,21.5694259498,1715
110,76,2020-03-23 15:30:00,21.481467257600002,21.481467257600002,21.4326013176,21.4326013176,200
111,75,2020-03-23 16:00:00,21.4326013176,21.4716940696,21.4326013176,21.4716940696,400
112,74,2020-03-24 10:00:00,22.380600555,22.409920119099997,22.380600555,22.409920119099997,650
113,73,2020-03-24 10:30:00,22.409920119099997,22.409920119099997,22.409920119099997,22.409920119099997,100
114,72,2020-03-24 11:00:00,23.2992802285,23.7390736892,22.4587860592,22.4587860592,6435
115,71,2020-03-24 11:30:00,22.4978788112,22.8106208277,22.468559247199998,22.6689096015,2280
116,70,2020-03-24 12:00:00,22.8008476397,23.4947439888,22.8008476397,23.4947439888,700
117,69,2020-03-24 12:30:00,23.7195273131,23.7195273131,23.436104860700002,23.436104860700002,1110
118,68,2020-03-24 13:00:00,23.436104860700002,23.436104860700002,23.436104860700002,23.436104860700002,200
119,67,2020-03-24 13:30:00,23.1820019723,23.436104860700002,23.1820019723,23.2992802285,1141
120,66,2020-03-24 14:00:00,22.712888947600003,23.4556512367,22.5662911273,23.4556512367,5177
121,65,2020-03-24 14:30:00,23.4458780487,23.641341809,23.3325090677,23.6267797589,2700
122,64,2020-03-24 15:00:00,23.602249056999998,23.602249056999998,23.424474767,23.4556512367,1725
123,63,2020-03-24 15:30:00,23.250414288400002,23.250414288400002,23.250414288400002,23.250414288400002,123
124,62,2020-03-25 10:00:00,22.9181258959,23.6060606003,22.8908587013,23.6060606003,2113
125,61,2020-03-25 10:30:00,23.4067852966,23.4067852966,23.146818495399998,23.146818495399998,333
126,60,2020-03-25 11:00:00,23.690207749099997,23.718549994299998,23.690207749099997,23.718549994299998,200
127,59,2020-03-25 11:30:00,23.924764261500002,24.0909084577,23.924764261500002,24.0909084577,200
128,58,2020-03-25 12:00:00,24.4622896023,24.4622896023,24.4622896023,24.4622896023,785
129,57,2020-03-25 12:30:00,24.745712054699997,25.2930105836,24.745712054699997,25.087773635300003,900
130,56,2020-03-25 13:30:00,24.696846114699998,24.7066193027,24.217959901900002,24.217959901900002,5887
131,55,2020-03-25 14:00:00,24.217959901900002,24.515064817600003,24.1104548337,24.2604732698,5925
132,54,2020-03-25 14:30:00,24.1984135259,24.271712435999998,24.139774397800004,24.139774397800004,1200
133,53,2020-03-25 15:00:00,24.1593207738,24.1593207738,24.1593207738,24.1593207738,600
134,52,2020-03-25 15:30:00,24.4329700383,24.4329700383,24.3841040982,24.3841040982,1266
135,51,2020-03-25 16:00:00,24.1495475858,24.1593207738,24.1202280218,24.1593207738,430
136,50,2020-03-26 14:00:00,24.2794332545,24.2794332545,24.2794332545,24.2794332545,400
137,49,2020-03-26 14:30:00,24.3352381581,24.3352381581,24.3352381581,24.3352381581,500
138,48,2020-03-26 15:30:00,24.3938772862,24.3938772862,24.3938772862,24.3938772862,500
139,47,2020-03-26 16:00:00,24.6479801746,24.6479801746,24.6479801746,24.6479801746,179
140,46,2020-03-27 10:00:00,24.100681645700003,24.100681645700003,23.4825275038,23.914991073400003,2200
141,45,2020-03-27 11:00:00,23.602249056999998,23.602249056999998,23.475197612800002,23.504517176799997,1791
142,44,2020-03-27 11:30:00,23.9443106375,23.9443106375,23.7488468772,23.9443106375,520
143,43,2020-03-27 12:30:00,23.7879396292,23.7879396292,23.7879396292,23.7879396292,146
144,42,2020-03-27 15:00:00,23.8465787573,23.8465787573,23.8465787573,23.8465787573,630
145,41,2020-03-27 16:00:00,24.3645577221,24.432285915100003,24.3156917821,24.3156917821,600
146,40,2020-03-30 10:00:00,24.2375062779,24.2375062779,23.7488468772,23.7488468772,2410
147,39,2020-03-30 11:30:00,23.8661251334,23.8661251334,23.8661251334,23.8661251334,850
148,38,2020-03-30 12:00:00,24.128144304099997,24.128144304099997,24.128144304099997,24.128144304099997,125
149,37,2020-03-30 12:30:00,24.0334421122,24.0334421122,23.9443106375,23.9443106375,400
150,36,2020-03-30 16:00:00,24.3987638802,24.4134236622,24.3987638802,24.4134236622,474
151,35,2020-03-31 13:00:00,24.217959901900002,24.217959901900002,24.217959901900002,24.217959901900002,100
152,34,2020-03-31 13:30:00,24.423099118400003,24.423099118400003,24.3059185941,24.401598104699996,2935
153,33,2020-03-31 14:00:00,24.178867149899997,24.178867149899997,24.178867149899997,24.178867149899997,100
154,32,2020-03-31 15:30:00,24.286372218,24.286372218,24.1886403379,24.1886403379,1742
155,31,2020-04-01 10:00:00,23.602249056999998,23.602249056999998,23.602249056999998,23.602249056999998,200
156,30,2020-04-01 11:00:00,23.5533831169,23.641341809,23.420663223600002,23.641341809,1252
157,29,2020-04-01 11:30:00,23.4849708008,23.4849708008,23.3383729805,23.416558484699998,2600
158,28,2020-04-01 12:00:00,23.6950943431,23.996890389,23.6950943431,23.996890389,238
159,27,2020-04-01 12:30:00,23.690207749099997,23.690207749099997,23.690207749099997,23.690207749099997,450
160,26,2020-04-01 13:30:00,23.6706613731,23.7488468772,23.6706613731,23.7488468772,483
161,25,2020-04-01 14:00:00,23.7488468772,23.7488468772,23.651114996999997,23.6706613731,1628
162,24,2020-04-01 15:00:00,23.3383729805,23.3383729805,23.3383729805,23.3383729805,300
163,23,2020-04-01 15:30:00,23.549180646,23.549180646,23.549180646,23.549180646,105
164,22,2020-04-01 16:00:00,23.2113215363,23.4556512367,23.2113215363,23.2210947244,2018
165,21,2020-04-02 10:00:00,23.416558484699998,24.1202280218,23.416558484699998,24.1202280218,375
166,20,2020-04-02 11:00:00,23.1722287843,23.7097541251,23.1722287843,23.7097541251,503
167,19,2020-04-02 12:30:00,23.4556512367,23.4556512367,23.4556512367,23.4556512367,513
168,18,2020-04-02 13:00:00,23.4556512367,23.4556512367,23.4556512367,23.4556512367,156
169,17,2020-04-02 13:30:00,23.4556512367,23.4556512367,23.3579193566,23.3579193566,1400
170,16,2020-04-02 14:30:00,23.201548348299998,23.201548348299998,23.201548348299998,23.201548348299998,105
171,15,2020-04-02 16:00:00,23.1038164682,23.1917751603,23.1038164682,23.1917751603,1519
172,14,2020-04-03 11:30:00,23.025630964,23.025630964,23.022894471399997,23.025630964,1204
173,13,2020-04-03 12:30:00,23.0845632878,23.4556512367,23.0845632878,23.4556512367,1410
174,12,2020-04-03 13:30:00,23.1917751603,23.1917751603,23.1917751603,23.1917751603,500
175,11,2020-04-03 14:00:00,23.1917751603,23.1917751603,23.1917751603,23.1917751603,195
176,10,2020-04-03 15:30:00,23.1774085739,23.1774085739,23.1774085739,23.1774085739,100
177,9,2020-04-03 16:00:00,23.230867912399997,23.2601874764,23.230867912399997,23.2601874764,330
178,8,2020-04-06 10:00:00,23.3090534165,23.3090534165,23.3090534165,23.3090534165,1200
179,7,2020-04-06 10:30:00,23.9246665296,23.9246665296,23.9246665296,23.9246665296,500
180,6,2020-04-06 12:30:00,23.8035767301,23.8035767301,23.7226547333,23.7226547333,363
181,5,2020-04-06 13:30:00,23.836805569299997,24.139774397800004,23.836805569299997,24.139774397800004,1320
182,4,2020-04-07 12:00:00,24.1984135259,24.1984135259,24.1984135259,24.1984135259,200
183,3,2020-04-07 13:00:00,23.954083825500003,23.954083825500003,23.9443106375,23.954083825500003,400
184,2,2020-04-07 13:30:00,24.035103554099997,24.035103554099997,24.035103554099997,24.035103554099997,200
185,1,2020-04-07 15:00:00,23.954083825500003,23.954083825500003,23.954083825500003,23.954083825500003,300
186,0,2020-04-07 15:30:00,23.9980631716,23.9980631716,23.9980631716,23.9980631716,250
