,index,time,open,high,low,close,volume
0,127,2019-08-12 11:30:00,23.9205838448,23.9205838448,23.9205838448,23.9205838448,150
1,126,2019-08-12 12:00:00,23.9205838448,23.9205838448,23.9205838448,23.9205838448,100
2,125,2019-08-12 12:30:00,23.9205838448,23.9205838448,23.892253109899997,23.892253109899997,1234
3,124,2019-08-12 13:00:00,23.884037196799998,23.884037196799998,23.884037196799998,23.884037196799998,214
4,123,2019-08-12 15:00:00,23.889420036399997,23.889420036399997,23.889420036399997,23.889420036399997,195
5,122,2019-08-13 10:00:00,23.925777812899998,23.925777812899998,23.925777812899998,23.925777812899998,500
6,121,2019-08-13 14:30:00,24.0143585774,24.033906784499997,23.9848001773,23.9848001773,839
7,120,2019-08-13 15:00:00,24.0237077199,24.0237077199,24.0237077199,24.0237077199,820
8,119,2019-08-13 16:00:00,23.979039594499998,24.0622375194,23.979039594499998,24.043350362800002,904
9,118,2019-08-14 10:00:00,23.9489145797,23.9489145797,23.9489145797,23.9489145797,200
10,117,2019-08-14 11:00:00,24.014641884699998,24.014641884699998,24.014641884699998,24.014641884699998,108
11,116,2019-08-14 12:00:00,23.980645002800003,23.980645002800003,23.980645002800003,23.980645002800003,167
12,115,2019-08-14 13:30:00,24.0068037147,24.0068037147,24.0068037147,24.0068037147,100
13,114,2019-08-14 14:00:00,24.0150196278,24.0150196278,23.845035218400003,23.845035218400003,4200
14,113,2019-08-14 14:30:00,23.9866888929,23.9866888929,23.9866888929,23.9866888929,100
15,112,2019-08-14 15:00:00,24.045144642600004,24.045144642600004,24.045144642600004,24.045144642600004,500
16,111,2019-08-14 15:30:00,24.0165306004,24.019741417,23.9876332508,23.9876332508,1200
17,110,2019-08-14 16:00:00,24.052793941100003,24.052793941100003,24.0480721519,24.052793941100003,377
18,109,2019-08-15 10:00:00,24.005576049499997,24.005576049499997,24.005576049499997,24.005576049499997,200
19,108,2019-08-15 10:30:00,24.0008542604,24.005576049499997,23.9961324712,24.005576049499997,1400
20,107,2019-08-15 11:00:00,24.048827638200002,24.052793941100003,24.048827638200002,24.052793941100003,1000
21,106,2019-08-15 13:00:00,24.1094554109,24.1094554109,24.1094554109,24.1094554109,298
22,105,2019-08-15 15:30:00,24.100011832600003,24.104167006999997,24.0623319552,24.104167006999997,1305
23,104,2019-08-16 10:00:00,24.100011832600003,24.100011832600003,24.0847132357,24.0847132357,367
24,103,2019-08-16 10:30:00,24.123054163600003,24.127398209699997,24.1094554109,24.1094554109,2200
25,102,2019-08-16 11:00:00,24.120787704899996,24.120787704899996,24.120787704899996,24.120787704899996,260
26,101,2019-08-16 12:00:00,24.0905682543,24.0905682543,24.0905682543,24.0905682543,100
27,100,2019-08-16 13:00:00,24.1188989892,24.1188989892,24.1188989892,24.1188989892,200
28,99,2019-08-16 13:30:00,24.0717755335,24.0717755335,24.0717755335,24.0717755335,600
29,98,2019-08-16 14:00:00,24.0905682543,24.0905682543,24.0905682543,24.0905682543,100
30,97,2019-08-16 14:30:00,24.100011832600003,24.100011832600003,24.100011832600003,24.100011832600003,100
31,96,2019-08-16 15:00:00,24.0909459974,24.1283425675,24.0905682543,24.1188989892,1481
32,95,2019-08-16 15:30:00,24.156673302399998,24.170838669899997,24.156673302399998,24.170838669899997,718
33,94,2019-08-16 16:00:00,24.194447615599998,24.194447615599998,24.185476216199998,24.185476216199998,1253
34,93,2019-08-19 10:00:00,24.2699962421,24.2699962421,24.2699962421,24.2699962421,816
35,92,2019-08-19 10:30:00,24.288883398699998,24.288883398699998,24.2257058598,24.2257058598,700
36,91,2019-08-19 14:00:00,24.185287344699997,24.185287344699997,24.185287344699997,24.185287344699997,166
37,90,2019-08-19 14:30:00,24.2228727863,24.2581917692,24.2228727863,24.2400600988,1200
38,89,2019-08-19 15:00:00,24.2794398204,24.2794398204,24.2227783505,24.2508257781,700
39,88,2019-08-19 15:30:00,24.23779364,24.23779364,24.23779364,24.23779364,115
40,87,2019-08-19 16:00:00,24.2794398204,24.2794398204,24.2322219288,24.2322219288,230
41,86,2019-08-20 10:00:00,24.1377861458,24.189725826500002,24.0717755335,24.187742675,3472
42,85,2019-08-20 11:00:00,24.1850040373,24.1850040373,24.1850040373,24.1850040373,206
43,84,2019-08-20 12:30:00,24.194447615599998,24.194447615599998,24.147229724099997,24.147229724099997,1727
44,83,2019-08-20 13:00:00,24.1377861458,24.1377861458,24.1094554109,24.1094554109,1600
45,82,2019-08-20 13:30:00,24.1094554109,24.1094554109,24.0716810977,24.0716810977,1900
46,81,2019-08-20 14:00:00,24.0716810977,24.0716810977,24.0716810977,24.0716810977,1700
47,80,2019-08-20 14:30:00,24.0716810977,24.0716810977,24.043350362800002,24.043350362800002,1716
48,79,2019-08-20 15:00:00,24.043350362800002,24.043350362800002,24.0150196278,24.0244632062,2243
49,78,2019-08-20 15:30:00,24.0244632062,24.0244632062,24.0150196278,24.0150196278,2600
50,77,2019-08-20 16:00:00,24.0150196278,24.0244632062,24.005576049499997,24.005576049499997,5247
51,76,2019-08-21 11:00:00,24.1273037739,24.1273037739,24.1273037739,24.1273037739,700
52,75,2019-08-21 11:30:00,24.1188989892,24.1283425675,24.1188989892,24.1283425675,2282
53,74,2019-08-21 12:30:00,24.156673302399998,24.156673302399998,24.156673302399998,24.156673302399998,270
54,73,2019-08-21 15:00:00,24.156673302399998,24.156673302399998,24.156673302399998,24.156673302399998,237
55,72,2019-08-21 16:00:00,24.156673302399998,24.156673302399998,24.156673302399998,24.156673302399998,100
56,71,2019-08-22 14:00:00,24.194447615599998,24.194447615599998,24.194447615599998,24.194447615599998,200
57,70,2019-08-22 15:00:00,24.1591286328,24.1850040373,24.159034196999997,24.1850040373,2647
58,69,2019-08-22 15:30:00,24.1259816729,24.1259816729,24.1259816729,24.1259816729,100
59,68,2019-08-22 16:00:00,24.194447615599998,24.2038911939,24.194447615599998,24.2038911939,222
60,67,2019-08-23 10:00:00,24.2038911939,24.2038911939,24.2038911939,24.2038911939,200
61,66,2019-08-23 14:00:00,24.241665507199997,24.241665507199997,24.241665507199997,24.241665507199997,100
62,65,2019-08-23 15:30:00,24.241665507199997,24.241665507199997,24.236943718000003,24.236943718000003,206
63,64,2019-08-23 16:00:00,24.241665507199997,24.241665507199997,24.241665507199997,24.241665507199997,100
64,63,2019-08-26 11:00:00,24.2227783505,24.2227783505,24.2227783505,24.2227783505,200
65,62,2019-08-26 14:30:00,24.2322219288,24.2322219288,24.2322219288,24.2322219288,100
66,61,2019-08-26 15:00:00,24.212012671300002,24.212012671300002,24.212012671300002,24.212012671300002,190
67,60,2019-08-26 15:30:00,24.2086129831,24.2086129831,24.194447615599998,24.194447615599998,723
68,59,2019-08-26 16:00:00,24.175560459,24.175560459,24.175560459,24.175560459,207
69,58,2019-08-27 10:00:00,24.175560459,24.175560459,24.170838669899997,24.170838669899997,600
70,57,2019-08-27 10:30:00,24.1850040373,24.1850040373,24.100011832600003,24.100011832600003,1651
71,56,2019-08-27 11:00:00,24.1188989892,24.1188989892,24.1188989892,24.1188989892,216
72,55,2019-08-27 13:00:00,24.1141772,24.1141772,24.1043558786,24.1043558786,1070
73,54,2019-08-27 13:30:00,24.123620778299998,24.123620778299998,24.123620778299998,24.123620778299998,160
74,53,2019-08-27 14:00:00,24.123620778299998,24.1283425675,24.123620778299998,24.1283425675,1804
75,52,2019-08-27 14:30:00,24.1283425675,24.156673302399998,24.081124675999998,24.156673302399998,4000
76,51,2019-08-28 12:00:00,24.1767881242,24.2133347722,24.1767881242,24.2133347722,536
77,50,2019-08-28 15:00:00,24.2227783505,24.2322219288,24.2227783505,24.2227783505,1250
78,49,2019-08-28 16:00:00,24.2227783505,24.241665507199997,24.2227783505,24.241665507199997,2000
79,48,2019-08-29 10:00:00,24.3203388035,24.3243507996,24.3117416688,24.3117416688,9759
80,47,2019-08-29 11:30:00,24.329986699099997,24.368100662899998,24.329891175300002,24.3403987844,2900
81,46,2019-08-29 12:00:00,24.425414894099998,24.425414894099998,24.425414894099998,24.425414894099998,100
82,45,2019-08-29 12:30:00,24.4063101504,24.4063101504,24.3967577785,24.3967577785,700
83,44,2019-08-29 14:00:00,24.3824292207,24.3967577785,24.3824292207,24.3967577785,373
84,43,2019-08-29 14:30:00,24.415862522199998,24.415862522199998,24.377653034699996,24.377653034699996,292
85,42,2019-08-29 15:30:00,24.377653034699996,24.3872054066,24.3394435472,24.377653034699996,1988
86,41,2019-08-29 16:00:00,24.368100662899998,24.368100662899998,24.368100662899998,24.368100662899998,378
87,40,2019-08-30 10:00:00,24.358548290999998,24.358548290999998,24.358548290999998,24.358548290999998,200
88,39,2019-08-30 10:30:00,24.2839442666,24.2839442666,24.2839442666,24.2839442666,200
89,38,2019-08-30 11:00:00,24.397999586799997,24.397999586799997,24.397999586799997,24.397999586799997,400
90,37,2019-08-30 11:30:00,24.397713015700003,24.397713015700003,24.397713015700003,24.397713015700003,400
91,36,2019-08-30 12:00:00,24.397713015700003,24.4482450629,24.397713015700003,24.4445196379,895
92,35,2019-08-30 12:30:00,24.4168177594,24.4445196379,24.4168177594,24.4445196379,200
93,34,2019-08-30 13:00:00,24.4445196379,24.4445196379,24.4445196379,24.4445196379,414
94,33,2019-08-30 13:30:00,24.434967265999997,24.434967265999997,24.434967265999997,24.434967265999997,117
95,32,2019-08-30 16:00:00,24.3203388035,24.3203388035,24.3203388035,24.3203388035,196
96,31,2019-09-03 10:00:00,24.377653034699996,24.377653034699996,24.377653034699996,24.377653034699996,203
97,30,2019-09-03 11:00:00,24.3394435472,24.3489959191,24.3394435472,24.3394435472,2271
98,29,2019-09-03 11:30:00,24.301234059699997,24.301234059699997,24.2821293159,24.2821293159,3545
99,28,2019-09-03 12:00:00,24.2767799877,24.2916816878,24.2767799877,24.2916816878,1400
100,27,2019-09-03 15:30:00,24.301234059699997,24.301234059699997,24.301234059699997,24.301234059699997,438
101,26,2019-09-03 16:00:00,24.301234059699997,24.301234059699997,24.301234059699997,24.301234059699997,1662
102,25,2019-09-04 10:00:00,24.2630245722,24.3461302075,24.2630245722,24.3461302075,1558
103,24,2019-09-04 15:30:00,24.3946562567,24.3967577785,24.2299733655,24.2630245722,2106
104,23,2019-09-04 16:00:00,24.315084998899998,24.4063101504,24.315084998899998,24.4063101504,941
105,22,2019-09-05 10:00:00,24.2916816878,24.2916816878,24.2916816878,24.2916816878,200
106,21,2019-09-05 14:00:00,24.3872054066,24.3872054066,24.3872054066,24.3872054066,113
107,20,2019-09-05 14:30:00,24.3872054066,24.3967577785,24.326261274,24.326261274,1992
108,19,2019-09-05 16:00:00,24.334667361300003,24.334667361300003,24.224815084699998,24.224815084699998,2370
109,18,2019-09-06 10:00:00,24.2630245722,24.2630245722,24.2630245722,24.2630245722,200
110,17,2019-09-06 11:00:00,24.259681242,24.259681242,24.259681242,24.259681242,100
111,16,2019-09-06 11:30:00,24.2630245722,24.2630245722,24.2630245722,24.2630245722,155
112,15,2019-09-06 13:00:00,24.348231729299997,24.348231729299997,24.348231729299997,24.348231729299997,100
113,14,2019-09-06 13:30:00,24.2916816878,24.2916816878,24.2916816878,24.2916816878,471
114,13,2019-09-06 15:00:00,24.2821293159,24.2821293159,24.2663679023,24.2663679023,11200
115,12,2019-09-06 16:00:00,24.301234059699997,24.301234059699997,24.301234059699997,24.301234059699997,118
116,11,2019-09-09 10:30:00,24.266941044699998,24.266941044699998,24.266941044699998,24.266941044699998,300
117,10,2019-09-09 12:00:00,24.2057103409,24.2057103409,24.196157969,24.196157969,3105
118,9,2019-09-09 13:00:00,24.3203388035,24.3203388035,24.2507975362,24.2507975362,912
119,8,2019-09-09 13:30:00,24.2864278833,24.2864278833,24.0337676471,24.1867966446,6450
120,7,2019-09-09 14:00:00,24.1674053297,24.1674053297,24.1674053297,24.1674053297,190
121,6,2019-09-09 14:30:00,24.126139083200002,24.1483961096,24.126139083200002,24.1483961096,512
122,5,2019-09-09 16:00:00,24.1579484815,24.1579484815,24.1579484815,24.1579484815,149
123,4,2019-09-10 11:30:00,24.1675008534,24.1675008534,24.1675008534,24.1675008534,664
124,3,2019-09-10 12:00:00,24.119738994000002,24.119738994000002,23.9382439283,24.0184838521,6828
125,2,2019-09-10 13:00:00,23.9837132185,23.9837132185,23.9837132185,23.9837132185,337
126,1,2019-09-10 15:30:00,23.9737787517,23.9790325562,23.95601134,23.9790325562,2621
127,0,2019-09-10 16:00:00,24.0003343455,24.0003343455,23.9687159946,23.9687159946,214
128,147,2019-09-11 10:00:00,24.0242152752,24.052872390900003,24.004537389099998,24.004537389099998,2995
129,146,2019-09-11 11:00:00,23.931843839099997,24.0242152752,23.931843839099997,23.9382439283,1691
130,145,2019-09-11 12:00:00,23.985910264,23.985910264,23.985910264,23.985910264,500
131,144,2019-09-11 14:30:00,24.0242152752,24.0242152752,24.0242152752,24.0242152752,100
132,143,2019-09-11 15:30:00,24.0242152752,24.0242152752,24.0242152752,24.0242152752,1545
133,142,2019-09-11 16:00:00,23.9955581596,23.9955581596,23.9955581596,23.9955581596,296
134,141,2019-09-12 10:00:00,24.0242152752,24.0242152752,24.002244819899996,24.003391104499997,800
135,140,2019-09-12 11:30:00,24.0624247627,24.0815295065,24.043320019,24.043320019,1309
136,139,2019-09-12 12:30:00,24.0422692581,24.0422692581,24.0422692581,24.0422692581,252
137,138,2019-09-12 15:00:00,24.1006342502,24.1101866221,24.080574269299998,24.1101866221,1200
138,137,2019-09-12 15:30:00,24.1101866221,24.1101866221,24.072072658299998,24.072072658299998,900
139,136,2019-09-13 10:00:00,24.1101866221,24.1101866221,24.0480962049,24.0480962049,1000
140,135,2019-09-13 12:00:00,23.804510722,23.8140630939,23.7663012345,23.804510722,1503
141,134,2019-09-13 12:30:00,23.7854059782,23.7854059782,23.7758536064,23.7758536064,800
142,133,2019-09-13 13:30:00,23.6516727719,23.7185393751,23.6516727719,23.7185393751,924
143,132,2019-09-13 14:30:00,23.8046062457,23.8046062457,23.8046062457,23.8046062457,400
144,131,2019-09-13 15:00:00,23.880929697,23.880929697,23.8808341733,23.8808341733,800
145,130,2019-09-13 15:30:00,23.8140630939,23.8301110786,23.737644118899997,23.8301110786,2505
146,129,2019-09-16 10:00:00,23.8713773252,23.8713773252,23.8292513652,23.8292513652,1284
147,128,2019-09-16 10:30:00,23.8713773252,23.8713773252,23.8713773252,23.8713773252,119
148,127,2019-09-16 11:30:00,23.861824953299998,23.880929697,23.861824953299998,23.8744340842,1219
149,126,2019-09-16 13:00:00,23.8182661375,23.8569532436,23.8182661375,23.8569532436,1865
150,125,2019-09-16 14:30:00,23.886087977800003,23.8904820689,23.886087977800003,23.8904820689,1100
151,124,2019-09-16 15:00:00,23.8904820689,23.8904820689,23.8904820689,23.8904820689,100
152,123,2019-09-16 15:30:00,23.8580995282,23.8904820689,23.852272581399998,23.886279025300002,3352
153,122,2019-09-16 16:00:00,23.8904820689,23.919139184499997,23.861824953299998,23.861824953299998,2892
154,121,2019-09-17 10:00:00,23.880929697,23.880929697,23.880929697,23.880929697,200
155,120,2019-09-17 11:00:00,23.880929697,23.919139184499997,23.880929697,23.919139184499997,900
156,119,2019-09-17 11:30:00,23.919139184499997,23.919139184499997,23.919139184499997,23.919139184499997,2092
157,118,2019-09-17 12:00:00,23.9955581596,23.9955581596,23.9955581596,23.9955581596,206
158,117,2019-09-17 12:30:00,23.9764534158,23.9764534158,23.9764534158,23.9764534158,386
159,116,2019-09-17 13:00:00,23.919139184499997,23.919139184499997,23.919139184499997,23.919139184499997,230
160,115,2019-09-17 14:30:00,23.9573486721,23.9573486721,23.9573486721,23.9573486721,750
161,114,2019-09-17 15:30:00,23.9669010439,23.9669010439,23.9669010439,23.9669010439,200
162,113,2019-09-17 16:00:00,23.986005787699998,23.986005787699998,23.986005787699998,23.986005787699998,210
163,112,2019-09-18 10:00:00,24.1006342502,24.1006342502,24.1006342502,24.1006342502,200
164,111,2019-09-18 10:30:00,24.0242152752,24.0337676471,24.0242152752,24.0337676471,700
165,110,2019-09-18 11:00:00,24.038543833000002,24.0719771346,24.038448309299998,24.0719771346,1096
166,109,2019-09-18 14:30:00,24.0719771346,24.0719771346,24.0719771346,24.0719771346,210
167,108,2019-09-18 15:30:00,24.138843737800002,24.138843737800002,24.138843737800002,24.138843737800002,145
168,107,2019-09-18 16:00:00,24.0719771346,24.138843737800002,23.9669010439,24.124515179899998,2163
169,106,2019-09-19 10:00:00,24.0910818784,24.2410541169,24.0910818784,24.2410541169,1642
170,105,2019-09-19 10:30:00,24.1913817831,24.1913817831,24.1483961096,24.1483961096,1829
171,104,2019-09-19 11:00:00,24.129291365900002,24.129291365900002,24.129291365900002,24.129291365900002,110
172,103,2019-09-19 11:30:00,24.138843737800002,24.138843737800002,24.138843737800002,24.138843737800002,220
173,102,2019-09-19 12:30:00,24.126903272899998,24.126903272899998,24.126903272899998,24.126903272899998,120
174,101,2019-09-19 13:00:00,24.129291365900002,24.1483961096,24.129291365900002,24.138843737800002,499
175,100,2019-09-19 14:00:00,24.0763712257,24.1483961096,24.0763712257,24.1483961096,2674
176,99,2019-09-19 15:00:00,24.132921267199997,24.1483961096,24.1278585101,24.1483961096,3585
177,98,2019-09-19 15:30:00,24.1579484815,24.1675008534,24.138843737800002,24.138843737800002,2493
178,97,2019-09-19 16:00:00,24.1445751609,24.1445751609,24.1445751609,24.1445751609,150
179,96,2019-09-19 16:30:00,24.119738994000002,24.119738994000002,24.119738994000002,24.119738994000002,2077
180,95,2019-09-20 10:00:00,24.119738994000002,24.119738994000002,24.119738994000002,24.119738994000002,200
181,94,2019-09-20 11:00:00,24.1483961096,24.1483961096,24.1483961096,24.1483961096,200
182,93,2019-09-20 11:30:00,24.1483961096,24.1483961096,24.1483961096,24.1483961096,300
183,92,2019-09-20 12:00:00,24.1483961096,24.1483961096,24.1483961096,24.1483961096,200
184,91,2019-09-20 13:00:00,24.1579484815,24.1675008534,24.1483961096,24.1579484815,3093
185,90,2019-09-20 14:30:00,24.177053225300003,24.196157969,24.177053225300003,24.177053225300003,983
186,89,2019-09-20 15:00:00,24.177053225300003,24.177053225300003,24.177053225300003,24.177053225300003,400
187,88,2019-09-20 15:30:00,24.1531722956,24.1671187585,24.1531722956,24.1586171476,984
188,87,2019-09-20 16:00:00,24.243919828400003,24.243919828400003,24.243919828400003,24.243919828400003,100
189,86,2019-09-23 10:00:00,24.224815084699998,24.224815084699998,24.224815084699998,24.224815084699998,200
190,85,2019-09-23 10:30:00,24.186605597199996,24.186605597199996,24.1483961096,24.1675008534,2963
191,84,2019-09-23 11:00:00,24.1675008534,24.1675008534,24.1675008534,24.1675008534,400
192,83,2019-09-23 12:00:00,24.1675008534,24.1675008534,24.1579484815,24.1579484815,2383
193,82,2019-09-23 12:30:00,24.1579484815,24.1579484815,24.1579484815,24.1579484815,1644
194,81,2019-09-23 13:00:00,24.186605597199996,24.186605597199996,24.1483961096,24.1675008534,2300
195,80,2019-09-23 14:00:00,24.1675008534,24.1675008534,24.1483961096,24.1579484815,2693
196,79,2019-09-23 15:00:00,24.1483961096,24.1483961096,24.1483961096,24.1483961096,100
197,78,2019-09-23 16:00:00,24.1579484815,24.1627246675,24.1483961096,24.1483961096,2166
198,77,2019-09-23 16:30:00,24.129291365900002,24.129291365900002,24.129291365900002,24.129291365900002,9933
199,76,2019-09-24 10:00:00,24.186605597199996,24.186605597199996,24.186605597199996,24.186605597199996,557
200,75,2019-09-24 10:30:00,24.1675008534,24.1675008534,24.1483961096,24.1483961096,1031
201,74,2019-09-24 11:00:00,24.1579484815,24.186605597199996,24.1483961096,24.186605597199996,3069
202,73,2019-09-24 11:30:00,24.1675008534,24.1675008534,24.1675008534,24.1675008534,1082
203,72,2019-09-24 12:00:00,24.1483961096,24.1483961096,24.1483961096,24.1483961096,250
204,71,2019-09-24 13:00:00,24.1483961096,24.1483961096,24.1483961096,24.1483961096,400
205,70,2019-09-24 14:00:00,24.1579484815,24.1579484815,24.1579484815,24.1579484815,400
206,69,2019-09-24 14:30:00,24.157852957800003,24.157852957800003,24.157852957800003,24.157852957800003,575
207,68,2019-09-24 15:00:00,24.1579484815,24.1579484815,24.1579484815,24.1579484815,100
208,67,2019-09-24 16:00:00,24.1483961096,24.1483961096,24.1483961096,24.1483961096,500
209,66,2019-09-24 16:30:00,24.129291365900002,24.129291365900002,24.129291365900002,24.129291365900002,5312
210,65,2019-09-25 11:00:00,24.1483961096,24.1733278002,24.1483961096,24.1483961096,500
211,64,2019-09-25 11:30:00,24.1572798155,24.167978471999998,24.1572798155,24.167978471999998,1198
212,63,2019-09-25 13:00:00,24.177053225300003,24.177053225300003,24.1706531361,24.1706531361,446
213,62,2019-09-25 13:30:00,24.1760979881,24.1760979881,24.1760979881,24.1760979881,240
214,61,2019-09-25 14:30:00,24.177053225300003,24.177053225300003,24.1101866221,24.1675008534,5102
215,60,2019-09-25 15:00:00,24.1579484815,24.1579484815,24.1579484815,24.1579484815,300
216,59,2019-09-25 16:00:00,24.134067551799998,24.134067551799998,24.134067551799998,24.134067551799998,100
217,58,2019-09-25 16:30:00,24.138843737800002,24.138843737800002,24.138843737800002,24.138843737800002,920
218,57,2019-09-26 10:00:00,24.1579484815,24.177053225300003,24.1579484815,24.177053225300003,2370
219,56,2019-09-26 10:30:00,24.177053225300003,24.177053225300003,24.177053225300003,24.177053225300003,300
220,55,2019-09-26 11:00:00,24.1483961096,24.1704620887,24.1483961096,24.1704620887,1937
221,54,2019-09-26 12:00:00,24.1579484815,24.1579484815,24.119738994000002,24.1483961096,1806
222,53,2019-09-26 13:30:00,24.134067551799998,24.134067551799998,24.043320019,24.129291365900002,14900
223,52,2019-09-26 14:00:00,24.1483961096,24.1483961096,24.1483961096,24.1483961096,2200
224,51,2019-09-26 14:30:00,24.1483961096,24.1675008534,24.1104731933,24.1675008534,5900
225,50,2019-09-26 15:00:00,24.1090403375,24.1090403375,24.1090403375,24.1090403375,1151
226,49,2019-09-26 16:00:00,24.196157969,24.196157969,24.1483961096,24.1675008534,6611
227,48,2019-09-26 16:30:00,24.124515179899998,24.124515179899998,24.124515179899998,24.124515179899998,16070
228,47,2019-09-27 12:00:00,24.1675008534,24.2916816878,24.1483961096,24.2916816878,4982
229,46,2019-09-27 14:00:00,24.2725769441,24.329891175300002,24.2725769441,24.301234059699997,1359
230,45,2019-09-27 14:30:00,24.301234059699997,24.3394435472,24.301234059699997,24.3394435472,1622
231,44,2019-09-27 15:00:00,24.3394435472,24.3394435472,24.3394435472,24.3394435472,100
232,43,2019-09-27 16:00:00,24.3394435472,24.3394435472,24.3394435472,24.3394435472,496
233,42,2019-09-30 10:00:00,24.2152627128,24.2152627128,24.2152627128,24.2152627128,171
234,41,2019-09-30 10:30:00,24.2581528625,24.2581528625,24.253472200300003,24.253472200300003,2314
235,40,2019-09-30 11:00:00,24.3872054066,24.3872054066,24.3872054066,24.3872054066,547
236,39,2019-09-30 11:30:00,24.3872054066,24.3872054066,24.3872054066,24.3872054066,900
237,38,2019-09-30 12:00:00,24.3872054066,24.3872054066,24.3872054066,24.3872054066,953
238,37,2019-09-30 12:30:00,24.3872054066,24.3872054066,24.244588494499997,24.244588494499997,1510
239,36,2019-09-30 13:30:00,24.3394435472,24.425414894099998,24.3394435472,24.425414894099998,731
240,35,2019-09-30 14:00:00,24.4445196379,24.4445196379,24.329891175300002,24.329891175300002,554
241,34,2019-09-30 15:30:00,24.4445196379,24.4540720098,24.4063101504,24.4540720098,1000
242,33,2019-09-30 16:00:00,24.425414894099998,24.4922814973,24.425414894099998,24.434967265999997,1000
243,32,2019-10-01 10:00:00,24.3872054066,24.3872054066,24.3872054066,24.3872054066,1680
244,31,2019-10-01 10:30:00,24.377653034699996,24.377653034699996,24.3203388035,24.3203388035,2635
245,30,2019-10-01 14:00:00,24.310786431599997,24.310786431599997,24.301234059699997,24.301234059699997,255
246,29,2019-10-01 14:30:00,24.310786431599997,24.310786431599997,24.310786431599997,24.310786431599997,137
247,28,2019-10-02 10:00:00,24.2805054127,24.2805054127,24.2805054127,24.2805054127,517
248,27,2019-10-02 12:30:00,24.278308367199998,24.278308367199998,24.278308367199998,24.278308367199998,500
249,26,2019-10-03 10:00:00,24.3489959191,24.3489959191,24.3394435472,24.3489959191,1200
250,25,2019-10-03 12:00:00,24.2630245722,24.2779262723,24.2630245722,24.2779262723,350
251,24,2019-10-03 13:30:00,24.3489959191,24.3489959191,24.3203388035,24.3203388035,386
252,23,2019-10-04 10:00:00,24.228444986,24.228444986,24.228444986,24.228444986,100
253,22,2019-10-04 11:00:00,24.2057103409,24.2057103409,24.2057103409,24.2057103409,1800
254,21,2019-10-04 13:30:00,24.253472200300003,24.2671320921,24.253472200300003,24.2671320921,368
255,20,2019-10-04 14:00:00,24.253472200300003,24.253472200300003,24.253472200300003,24.253472200300003,195
256,19,2019-10-04 14:30:00,24.240672022,24.243919828400003,24.240672022,24.243919828400003,3285
257,18,2019-10-04 16:00:00,24.227203177600003,24.227203177600003,24.2057103409,24.2057103409,373
258,17,2019-10-07 10:30:00,24.2057103409,24.2057103409,24.2057103409,24.2057103409,1110
259,16,2019-10-07 11:00:00,24.224815084699998,24.224815084699998,24.224815084699998,24.224815084699998,100
260,15,2019-10-07 12:00:00,24.234367456599998,24.234367456599998,24.234367456599998,24.234367456599998,230
261,14,2019-10-07 13:00:00,24.224815084699998,24.224815084699998,24.224815084699998,24.224815084699998,635
262,13,2019-10-07 13:30:00,24.2200388987,24.2391436425,24.177626367600002,24.177626367600002,605
263,12,2019-10-07 14:00:00,24.177053225300003,24.177053225300003,24.1675008534,24.1675008534,534
264,11,2019-10-07 15:30:00,24.1675008534,24.1675008534,24.1675008534,24.1675008534,9676
265,10,2019-10-07 16:00:00,24.1675008534,24.1675008534,24.1675008534,24.1675008534,418
266,9,2019-10-08 10:00:00,24.1675008534,24.1675008534,24.1675008534,24.1675008534,7068
267,8,2019-10-08 11:30:00,24.2725769441,24.2725769441,24.2725769441,24.2725769441,105
268,7,2019-10-08 12:00:00,24.215835855100003,24.2556692458,24.2152627128,24.2556692458,940
269,6,2019-10-08 13:00:00,24.2916816878,24.2916816878,24.2916816878,24.2916816878,100
270,5,2019-10-09 13:00:00,24.164635141799998,24.2007431075,24.164635141799998,24.2007431075,1540
271,4,2019-10-09 14:30:00,24.138843737800002,24.138843737800002,24.138843737800002,24.138843737800002,400
272,3,2019-10-09 15:30:00,24.2916816878,24.2916816878,24.2916816878,24.2916816878,132
273,2,2019-10-10 14:00:00,24.2916816878,24.2916816878,24.2916816878,24.2916816878,220
274,1,2019-10-10 15:00:00,24.2916816878,24.2916816878,24.2916816878,24.2916816878,179
275,0,2019-10-10 16:00:00,24.2916816878,24.2916816878,24.2916816878,24.2916816878,294
276,141,2019-10-11 10:00:00,24.2630245722,24.2630245722,24.1644440944,24.1644440944,1070
277,140,2019-10-11 12:30:00,24.2836576954,24.2907264506,24.2836576954,24.2836576954,520
278,139,2019-10-11 16:00:00,24.2916816878,24.2916816878,24.2916816878,24.2916816878,342
279,138,2019-10-14 10:00:00,24.2821293159,24.2821293159,24.2821293159,24.2821293159,200
280,137,2019-10-14 13:00:00,24.3489959191,24.3489959191,24.3489959191,24.3489959191,1080
281,136,2019-10-14 14:30:00,24.3489959191,24.3489959191,24.3489959191,24.3489959191,330
282,135,2019-10-14 15:00:00,24.3206253746,24.3289359382,24.3206253746,24.3289359382,412
283,134,2019-10-14 16:00:00,24.3489959191,24.3967577785,24.3489959191,24.3967577785,751
284,133,2019-10-15 10:00:00,24.2630245722,24.2630245722,24.2630245722,24.2630245722,1806
285,132,2019-10-15 10:30:00,24.3203388035,24.3203388035,24.3203388035,24.3203388035,200
286,131,2019-10-15 11:00:00,24.3633244769,24.3633244769,24.3118371925,24.3118371925,901
287,130,2019-10-15 12:00:00,24.3633244769,24.3633244769,24.3633244769,24.3633244769,137
288,129,2019-10-15 15:00:00,24.358548290999998,24.358548290999998,24.358548290999998,24.358548290999998,200
289,128,2019-10-15 15:30:00,24.3872054066,24.3872054066,24.2630245722,24.2630245722,1100
290,127,2019-10-15 16:00:00,24.4445196379,24.4445196379,24.4063101504,24.4063101504,843
291,126,2019-10-16 10:00:00,24.4063101504,24.4063101504,24.4063101504,24.4063101504,200
292,125,2019-10-16 11:30:00,24.425414894099998,24.4397434519,24.3489959191,24.3489959191,1481
293,124,2019-10-16 12:00:00,24.3610319077,24.3610319077,24.3610319077,24.3610319077,1106
294,123,2019-10-16 12:30:00,24.434967265999997,24.434967265999997,24.434967265999997,24.434967265999997,144
295,122,2019-10-16 13:30:00,24.3663812359,24.425414894099998,24.329891175300002,24.329891175300002,3001
296,121,2019-10-16 14:30:00,24.377653034699996,24.377653034699996,24.377653034699996,24.377653034699996,115
297,120,2019-10-16 15:00:00,24.425414894099998,24.425414894099998,24.347658586999998,24.358548290999998,1813
298,119,2019-10-16 15:30:00,24.3819516021,24.3819516021,24.3819516021,24.3819516021,224
299,118,2019-10-16 16:00:00,24.3824292207,24.434967265999997,24.3824292207,24.434967265999997,1217
300,117,2019-10-17 10:30:00,24.4400300231,24.4492958238,24.4400300231,24.4492958238,397
301,116,2019-10-17 11:30:00,24.4445196379,24.4445196379,24.4445196379,24.4445196379,159
302,115,2019-10-17 12:00:00,24.2725769441,24.434967265999997,24.2630245722,24.434967265999997,1646
303,114,2019-10-17 12:30:00,24.2057103409,24.2057103409,24.2057103409,24.2057103409,308
304,113,2019-10-17 13:30:00,24.2057103409,24.2617827638,24.196157969,24.2617827638,2078
305,112,2019-10-17 14:30:00,24.3489959191,24.3489959191,24.3489959191,24.3489959191,112
306,111,2019-10-17 15:00:00,24.3394435472,24.3859635983,24.2821293159,24.2821293159,1759
307,110,2019-10-17 15:30:00,24.301234059699997,24.310786431599997,24.301234059699997,24.310786431599997,300
308,109,2019-10-17 16:00:00,24.358548290999998,24.425414894099998,24.3203388035,24.425414894099998,703
309,108,2019-10-18 10:00:00,24.3203388035,24.3203388035,24.3203388035,24.3203388035,616
310,107,2019-10-18 11:00:00,24.2784994146,24.2784994146,24.272959038899998,24.2784994146,600
311,106,2019-10-18 13:00:00,24.358548290999998,24.358548290999998,24.358548290999998,24.358548290999998,200
312,105,2019-10-18 16:00:00,24.377653034699996,24.425414894099998,24.358548290999998,24.425414894099998,779
313,104,2019-10-21 10:30:00,24.358548290999998,24.3872054066,24.358548290999998,24.3872054066,626
314,103,2019-10-21 11:00:00,24.3394435472,24.3394435472,24.3394435472,24.3394435472,185
315,102,2019-10-21 11:30:00,24.353772105,24.353772105,24.353772105,24.353772105,576
316,101,2019-10-21 12:00:00,24.3489959191,24.3489959191,24.3489959191,24.3489959191,200
317,100,2019-10-21 14:30:00,24.3489959191,24.3489959191,24.3489959191,24.3489959191,110
318,99,2019-10-21 16:00:00,24.2964578738,24.3203388035,24.2964578738,24.3203388035,314
319,98,2019-10-22 11:30:00,24.2630245722,24.2630245722,24.253472200300003,24.2570065779,1072
320,97,2019-10-22 13:30:00,24.3068699591,24.3068699591,24.2725769441,24.2725769441,990
321,96,2019-10-22 14:00:00,24.253472200300003,24.253472200300003,24.253472200300003,24.253472200300003,200
322,95,2019-10-22 14:30:00,24.253472200300003,24.253472200300003,24.253472200300003,24.253472200300003,100
323,94,2019-10-22 16:00:00,24.2630245722,24.2630245722,24.2582483862,24.259012576,3122
324,93,2019-10-22 16:30:00,24.234367456599998,24.234367456599998,24.234367456599998,24.234367456599998,2412
325,92,2019-10-23 10:00:00,24.2057103409,24.2057103409,24.2057103409,24.2057103409,1264
326,91,2019-10-23 10:30:00,24.2722903729,24.310786431599997,24.2722903729,24.2725769441,4072
327,90,2019-10-23 11:00:00,24.2687559953,24.2916816878,24.2687559953,24.2916816878,841
328,89,2019-10-23 11:30:00,24.2916816878,24.2916816878,24.2916816878,24.2916816878,130
329,88,2019-10-23 12:30:00,24.2916816878,24.2916816878,24.2916816878,24.2916816878,130
330,87,2019-10-23 13:30:00,24.2916816878,24.2916816878,24.2916816878,24.2916816878,1140
331,86,2019-10-23 14:30:00,24.2821293159,24.2821293159,24.2821293159,24.2821293159,358
332,85,2019-10-23 15:00:00,24.2821293159,24.2821293159,24.279741223000002,24.279741223000002,600
333,84,2019-10-23 16:00:00,24.2916816878,24.2916816878,24.2916816878,24.2916816878,904
334,83,2019-10-23 16:30:00,24.253472200300003,24.253472200300003,24.253472200300003,24.253472200300003,6173
335,82,2019-10-24 10:00:00,24.234367456599998,24.294260828200002,24.234367456599998,24.294260828200002,592
336,81,2019-10-24 13:00:00,24.2916816878,24.301234059699997,24.2916816878,24.301234059699997,624
337,80,2019-10-24 13:30:00,24.2868099782,24.2868099782,24.2868099782,24.2868099782,300
338,79,2019-10-24 14:00:00,24.2821293159,24.2821293159,24.2821293159,24.2821293159,486
339,78,2019-10-24 15:00:00,24.2725769441,24.2725769441,24.2725769441,24.2725769441,262
340,77,2019-10-24 16:00:00,24.2916816878,24.2916816878,24.2821293159,24.2821293159,244
341,76,2019-10-24 16:30:00,24.2821293159,24.2821293159,24.243919828400003,24.243919828400003,3067
342,75,2019-10-25 10:00:00,24.224815084699998,24.224815084699998,24.224815084699998,24.224815084699998,258
343,74,2019-10-25 12:00:00,24.257961815100003,24.257961815100003,24.257961815100003,24.257961815100003,363
344,73,2019-10-25 14:00:00,24.234367456599998,24.241340688,24.234367456599998,24.234367456599998,1695
345,72,2019-10-25 14:30:00,24.281651697399997,24.281651697399997,24.281651697399997,24.281651697399997,199
346,71,2019-10-25 15:00:00,24.2647439991,24.2647439991,24.2647439991,24.2647439991,100
347,70,2019-10-25 15:30:00,24.2630245722,24.2630245722,24.2440153521,24.2440153521,1836
348,69,2019-10-25 16:00:00,24.2821293159,24.2821293159,24.2821293159,24.2821293159,200
349,68,2019-10-28 10:00:00,24.243919828400003,24.243919828400003,24.243919828400003,24.243919828400003,256
350,67,2019-10-28 11:00:00,24.243919828400003,24.243919828400003,24.243919828400003,24.243919828400003,862
351,66,2019-10-28 12:00:00,24.243919828400003,24.243919828400003,24.243919828400003,24.243919828400003,100
352,65,2019-10-28 15:00:00,24.243919828400003,24.243919828400003,24.224815084699998,24.234367456599998,6660
353,64,2019-10-29 10:00:00,24.224815084699998,24.224815084699998,24.2152627128,24.2152627128,1300
354,63,2019-10-29 10:30:00,24.2152627128,24.2152627128,24.2152627128,24.2152627128,100
355,62,2019-10-29 11:00:00,24.2152627128,24.2152627128,24.2152627128,24.2152627128,300
356,61,2019-10-29 11:30:00,24.2152627128,24.2152627128,24.210486526900002,24.2152627128,3632
357,60,2019-10-29 12:00:00,24.2152627128,24.2152627128,24.207047673,24.2080984339,998
358,59,2019-10-29 12:30:00,24.2152627128,24.2152627128,24.210486526900002,24.2152627128,1168
359,58,2019-10-29 13:00:00,24.2152627128,24.2152627128,24.2152627128,24.2152627128,400
360,57,2019-10-29 14:00:00,24.224815084699998,24.224815084699998,24.224815084699998,24.224815084699998,200
361,56,2019-10-29 14:30:00,24.2152627128,24.2152627128,24.2152627128,24.2152627128,200
362,55,2019-10-29 15:00:00,24.224815084699998,24.224815084699998,24.2057103409,24.2152627128,1900
363,54,2019-10-29 15:30:00,24.224815084699998,24.224815084699998,24.1818294112,24.196157969,500
364,53,2019-10-29 16:00:00,24.224815084699998,24.224815084699998,24.196157969,24.224815084699998,340
365,52,2019-10-30 10:00:00,24.1675008534,24.1675008534,24.0815295065,24.0815295065,1400
366,51,2019-10-30 11:00:00,24.119738994000002,24.119738994000002,24.1153449029,24.1153449029,3936
367,50,2019-10-30 11:30:00,24.1006342502,24.1006342502,24.1006342502,24.1006342502,700
368,49,2019-10-30 13:00:00,24.122127087,24.122127087,24.122127087,24.122127087,200
369,48,2019-10-30 13:30:00,24.124515179899998,24.124515179899998,24.122127087,24.122127087,560
370,47,2019-10-30 14:00:00,24.138843737800002,24.138843737800002,24.138843737800002,24.138843737800002,253
371,46,2019-10-30 14:30:00,24.1675008534,24.1675008534,24.1675008534,24.1675008534,101
372,45,2019-10-30 15:00:00,24.1675008534,24.1913817831,24.1675008534,24.1913817831,487
373,44,2019-10-30 15:30:00,24.1913817831,24.1913817831,24.1913817831,24.1913817831,100
374,43,2019-10-30 16:00:00,24.210486526900002,24.210486526900002,24.2057103409,24.2057103409,299
375,42,2019-10-31 10:00:00,24.1483961096,24.1483961096,24.1483961096,24.1483961096,546
376,41,2019-10-31 10:30:00,24.1675008534,24.1675008534,24.1675008534,24.1675008534,400
377,40,2019-10-31 11:30:00,24.2152627128,24.2152627128,24.2152627128,24.2152627128,100
378,39,2019-10-31 12:00:00,24.2725769441,24.2725769441,24.243919828400003,24.243919828400003,500
379,38,2019-10-31 12:30:00,24.243919828400003,24.243919828400003,24.225197179499997,24.243919828400003,1150
380,37,2019-10-31 13:00:00,24.243919828400003,24.243919828400003,24.243919828400003,24.243919828400003,400
381,36,2019-10-31 13:30:00,24.243919828400003,24.243919828400003,24.200934155,24.200934155,400
382,35,2019-10-31 14:00:00,24.234367456599998,24.234367456599998,24.2057103409,24.234367456599998,600
383,34,2019-10-31 14:30:00,24.234367456599998,24.234367456599998,24.197113206199997,24.21621795,870
384,33,2019-10-31 15:00:00,24.224815084699998,24.243919828400003,24.224815084699998,24.243919828400003,816
385,32,2019-10-31 15:30:00,24.224815084699998,24.2274897488,24.224815084699998,24.2274897488,314
386,31,2019-10-31 16:00:00,24.186605597199996,24.253472200300003,24.186605597199996,24.1995012992,3564
387,30,2019-10-31 16:30:00,24.2152627128,24.2152627128,24.2152627128,24.2152627128,3000
388,29,2019-11-01 10:00:00,24.1483961096,24.1483961096,24.1483961096,24.1483961096,372
389,28,2019-11-01 10:30:00,24.1483961096,24.1483961096,24.1483961096,24.1483961096,300
390,27,2019-11-01 14:30:00,24.1483961096,24.1483961096,24.1483961096,24.1483961096,155
391,26,2019-11-01 15:30:00,24.1483961096,24.243919828400003,24.1483961096,24.224815084699998,800
392,25,2019-11-01 16:00:00,24.224815084699998,24.224815084699998,24.224815084699998,24.224815084699998,101
393,24,2019-11-04 10:00:00,24.2630245722,24.2630245722,24.2630245722,24.2630245722,456
394,23,2019-11-04 11:00:00,24.2821293159,24.2821293159,24.2821293159,24.2821293159,200
395,22,2019-11-04 11:30:00,24.2630245722,24.2665589498,24.2630245722,24.2665589498,1217
396,21,2019-11-04 13:00:00,24.2612096215,24.2612096215,24.2612096215,24.2612096215,455
397,20,2019-11-04 15:30:00,24.243919828400003,24.243919828400003,24.224815084699998,24.234367456599998,800
398,19,2019-11-04 16:00:00,24.234367456599998,24.234367456599998,24.234367456599998,24.234367456599998,900
399,18,2019-11-04 16:30:00,24.2152627128,24.2152627128,24.2152627128,24.2152627128,1400
400,17,2019-11-05 10:00:00,24.224815084699998,24.224815084699998,24.224815084699998,24.224815084699998,200
401,16,2019-11-05 11:00:00,24.2821293159,24.2821293159,24.2821293159,24.2821293159,8468
402,15,2019-11-05 14:00:00,24.243919828400003,24.243919828400003,24.243919828400003,24.243919828400003,240
403,14,2019-11-05 16:00:00,24.2096268134,24.252039344499998,24.186605597199996,24.186605597199996,1568
404,13,2019-11-05 16:30:00,24.243919828400003,24.243919828400003,24.243919828400003,24.243919828400003,3000
405,12,2019-11-06 10:00:00,24.2152627128,24.2152627128,24.2152627128,24.2152627128,210
406,11,2019-11-06 15:00:00,24.252134868200002,24.252134868200002,24.252134868200002,24.252134868200002,340
407,10,2019-11-06 16:00:00,24.253472200300003,24.253472200300003,24.253472200300003,24.253472200300003,156
408,9,2019-11-07 10:00:00,24.1006342502,24.2630245722,24.0719771346,24.1140075709,7322
409,8,2019-11-07 10:30:00,24.0929923527,24.1006342502,24.0719771346,24.0910818784,2309
410,7,2019-11-07 11:00:00,24.1101866221,24.1101866221,24.1006342502,24.1006342502,864
411,6,2019-11-07 11:30:00,24.0624247627,24.0624247627,24.0624247627,24.0624247627,327
412,5,2019-11-07 15:00:00,24.043320019,24.043320019,24.0289914612,24.0289914612,1075
413,4,2019-11-08 10:00:00,24.0719771346,24.0719771346,24.0719771346,24.0719771346,568
414,3,2019-11-08 11:30:00,24.0337676471,24.0337676471,24.0337676471,24.0337676471,138
415,2,2019-11-08 12:00:00,24.0242152752,24.0242152752,24.0242152752,24.0242152752,600
416,1,2019-11-08 13:00:00,24.0624247627,24.0624247627,24.0624247627,24.0624247627,465
417,0,2019-11-08 16:00:00,24.0719771346,24.0910818784,24.0719771346,24.0910818784,334
