,index,time,open,high,low,close,volume
0,134,2020-07-07 10:00:00,25.527271076399998,25.596397149,25.527271076399998,25.596397149,300
1,133,2020-07-07 10:30:00,25.606272302199997,25.606272302199997,25.606272302199997,25.606272302199997,448
2,132,2020-07-07 11:30:00,25.5766468425,25.7741499069,25.5766468425,25.724774140799997,6161
3,131,2020-07-07 13:00:00,25.596397149,25.6633506878,25.5865219957,25.6633506878,2800
4,130,2020-07-07 14:00:00,25.724774140799997,25.724774140799997,25.724774140799997,25.724774140799997,119
5,129,2020-07-08 10:00:00,25.7148989876,25.7148989876,25.7148989876,25.7148989876,200
6,128,2020-07-08 14:30:00,25.6161474554,25.6161474554,25.6161474554,25.6161474554,175
7,127,2020-07-08 15:00:00,25.6753983747,25.6753983747,25.6753983747,25.6753983747,100
8,126,2020-07-08 16:00:00,25.581584419099997,25.665523221500003,25.581584419099997,25.6358977618,1622
9,125,2020-07-09 10:00:00,25.566771689299998,25.566771689299998,25.566771689299998,25.566771689299998,200
10,124,2020-07-09 11:30:00,25.581584419099997,25.581584419099997,25.581584419099997,25.581584419099997,250
11,123,2020-07-09 12:00:00,25.593237099899998,25.593237099899998,25.593237099899998,25.593237099899998,150
12,122,2020-07-09 12:30:00,25.566771689299998,25.566771689299998,25.566771689299998,25.566771689299998,100
13,121,2020-07-09 13:30:00,25.596397149,25.596397149,25.596397149,25.596397149,100
14,120,2020-07-09 14:00:00,25.604988532300002,25.604988532300002,25.604988532300002,25.604988532300002,287
15,119,2020-07-09 14:30:00,25.6260226086,25.6260226086,25.6260226086,25.6260226086,200
16,118,2020-07-09 15:00:00,25.6260226086,25.6261213601,25.6260226086,25.6260226086,614
17,117,2020-07-09 15:30:00,25.6260226086,25.6704607981,25.6161474554,25.6358977618,1369
18,116,2020-07-10 10:00:00,25.6161474554,25.6161474554,25.6161474554,25.6161474554,200
19,115,2020-07-10 12:00:00,25.724774140799997,25.724774140799997,25.724774140799997,25.724774140799997,984
20,114,2020-07-10 13:00:00,25.8432759795,25.8926517456,25.8432759795,25.8926517456,291
21,113,2020-07-10 13:30:00,25.8827765924,25.8827765924,25.8827765924,25.8827765924,100
22,112,2020-07-10 14:00:00,25.8495960775,25.8827765924,25.823525673000002,25.8827765924,800
23,111,2020-07-10 14:30:00,25.8926517456,25.8926517456,25.8926517456,25.8926517456,100
24,110,2020-07-10 15:00:00,25.8926517456,25.8926517456,25.8926517456,25.8926517456,101
25,109,2020-07-10 15:30:00,25.872901439099998,25.872901439099998,25.872901439099998,25.872901439099998,111
26,108,2020-07-10 16:00:00,25.8827765924,25.9025268988,25.8827765924,25.9025268988,700
27,107,2020-07-13 10:00:00,25.8531511327,25.8531511327,25.6161474554,25.825994461300002,3700
28,106,2020-07-13 11:00:00,25.754103345900003,25.754103345900003,25.754103345900003,25.754103345900003,200
29,105,2020-07-13 11:30:00,25.7461044718,25.7461044718,25.7461044718,25.7461044718,300
30,104,2020-07-13 12:30:00,25.711442684,25.711442684,25.711442684,25.711442684,206
31,103,2020-07-13 15:00:00,25.6887298316,25.6887298316,25.685273527899998,25.685273527899998,560
32,102,2020-07-13 15:30:00,25.6753983747,25.6753983747,25.6753983747,25.6753983747,200
33,101,2020-07-13 16:00:00,25.6753983747,25.6753983747,25.566771689299998,25.566771689299998,563
34,100,2020-07-14 10:00:00,25.6161474554,25.6161474554,25.6161474554,25.6161474554,200
35,99,2020-07-14 12:30:00,25.477895310300003,25.4921155309,25.477895310300003,25.4921155309,1483
36,98,2020-07-14 14:30:00,25.418644390999997,25.487671711999997,25.418644390999997,25.487671711999997,2000
37,97,2020-07-14 15:00:00,25.4532074272,25.4532074272,25.4532074272,25.4532074272,175
38,96,2020-07-14 15:30:00,25.4287170473,25.560649094299997,25.4285195442,25.560649094299997,1050
39,95,2020-07-15 10:00:00,25.705023834400002,25.705023834400002,25.705023834400002,25.705023834400002,200
40,94,2020-07-15 11:00:00,25.554032741599997,25.554032741599997,25.554032741599997,25.554032741599997,200
41,93,2020-07-15 11:30:00,25.5891882871,25.5891882871,25.5891882871,25.5891882871,292
42,92,2020-07-15 12:00:00,25.5766468425,25.6467604304,25.576548091,25.6467604304,460
43,91,2020-07-15 13:00:00,25.477994061799997,25.477994061799997,25.477994061799997,25.477994061799997,385
44,90,2020-07-15 14:30:00,25.640835338400002,25.640835338400002,25.612197394099997,25.640835338400002,362
45,89,2020-07-16 11:00:00,25.7939002134,25.7939002134,25.6556480683,25.6556480683,611
46,88,2020-07-16 12:00:00,25.7741499069,25.7741499069,25.744425695700002,25.744425695700002,243
47,87,2020-07-16 12:30:00,25.6951486812,25.6951486812,25.6260226086,25.6754971263,900
48,86,2020-07-16 13:30:00,25.734649294,25.734649294,25.734649294,25.734649294,200
49,85,2020-07-16 14:30:00,25.7445244473,25.7741499069,25.705023834400002,25.7741499069,1414
50,84,2020-07-16 15:00:00,25.666708239899997,25.666708239899997,25.666708239899997,25.666708239899997,213
51,83,2020-07-16 16:00:00,25.771384864,25.7939002134,25.7706936033,25.7939002134,2017
52,82,2020-07-17 10:00:00,25.7939002134,25.7939002134,25.7939002134,25.7939002134,200
53,81,2020-07-17 10:30:00,25.9222772052,25.9222772052,25.9222772052,25.9222772052,264
54,80,2020-07-17 11:00:00,25.897589322199998,25.897589322199998,25.872901439099998,25.872901439099998,2525
55,79,2020-07-17 11:30:00,25.872901439099998,25.872901439099998,25.517395923200002,25.606272302199997,3000
56,78,2020-07-17 12:00:00,25.9221784537,25.9420275117,25.9221784537,25.9420275117,2518
57,77,2020-07-17 13:00:00,26.070404503600002,26.1296554229,25.9617778181,25.9815281246,2301
58,76,2020-07-17 13:30:00,25.9617778181,25.9617778181,25.9617778181,25.9617778181,150
59,75,2020-07-17 14:00:00,25.9222772052,25.9590127752,25.9222772052,25.9590127752,1435
60,74,2020-07-17 14:30:00,25.9815281246,25.9815281246,25.9570377446,25.9681966677,1106
61,73,2020-07-17 16:00:00,26.011153584200002,26.0210287375,26.011153584200002,26.0210287375,200
62,72,2020-07-20 10:00:00,25.932152358499998,25.932152358499998,25.9262272665,25.9262272665,711
63,71,2020-07-20 10:30:00,25.9909095201,26.065466927,25.9909095201,26.065466927,447
64,70,2020-07-20 11:00:00,26.09015481,26.09015481,26.09015481,26.09015481,591
65,69,2020-07-20 11:30:00,26.0802796568,26.1099051164,26.0801809053,26.0802796568,714
66,68,2020-07-20 12:30:00,26.0407790439,26.0407790439,26.0407790439,26.0407790439,187
67,67,2020-07-20 13:00:00,26.070404503600002,26.119780269699998,26.070404503600002,26.119780269699998,1186
68,66,2020-07-20 13:30:00,26.1099051164,26.1099051164,26.1099051164,26.1099051164,1302
69,65,2020-07-20 14:00:00,26.065466927,26.0802796568,26.045716620500002,26.0802796568,1427
70,64,2020-07-20 15:00:00,26.0417665592,26.1296554229,26.0417665592,26.1119788986,1150
71,63,2020-07-20 15:30:00,26.1296554229,26.149899487,26.1296554229,26.149899487,741
72,62,2020-07-20 16:00:00,26.2875591229,26.2875591229,26.277782721199998,26.277782721199998,487
73,61,2020-07-21 10:30:00,25.823525673000002,25.9025268988,25.823525673000002,25.9025268988,518
74,60,2020-07-21 13:30:00,26.1395305761,26.1691560358,26.1395305761,26.1691560358,300
75,59,2020-07-22 10:00:00,26.1987814954,26.2534898443,26.1987814954,26.2534898443,700
76,58,2020-07-22 13:00:00,26.241145902800003,26.241145902800003,26.241145902800003,26.241145902800003,500
77,57,2020-07-22 15:30:00,26.2580324148,26.301779343499998,26.2580324148,26.301779343499998,3477
78,56,2020-07-22 16:00:00,26.356783946999997,26.4061597131,26.3023718527,26.4061597131,1710
79,55,2020-07-23 11:00:00,26.284300322300002,26.284300322300002,26.284300322300002,26.284300322300002,600
80,54,2020-07-23 14:30:00,26.3518463704,26.396284559899996,26.3518463704,26.396284559899996,409
81,53,2020-07-23 15:00:00,26.337033640500003,26.3517476188,26.337033640500003,26.3517476188,300
82,52,2020-07-23 15:30:00,26.3666591002,26.396284559899996,26.3666591002,26.396284559899996,643
83,51,2020-07-24 10:00:00,26.2086566487,26.2086566487,26.2086566487,26.2086566487,850
84,50,2020-07-24 10:30:00,26.292595451,26.292595451,26.292595451,26.292595451,100
85,49,2020-07-24 12:30:00,26.3469087938,26.3715966768,26.3271584873,26.3715966768,1400
86,48,2020-07-24 13:30:00,26.3666591002,26.3667578517,26.3271584873,26.3272572388,1581
87,47,2020-07-24 15:30:00,26.3715966768,26.3715966768,26.3715966768,26.3715966768,456
88,46,2020-07-27 10:00:00,25.995550842100002,26.3666591002,25.995550842100002,26.2185318019,2250
89,45,2020-07-27 11:00:00,26.2728451446,26.2728451446,26.2728451446,26.2728451446,200
90,44,2020-07-27 13:00:00,26.2580324148,26.2580324148,26.256847396399998,26.256847396399998,618
91,43,2020-07-27 13:30:00,26.356783946999997,26.356783946999997,26.356783946999997,26.356783946999997,229
92,42,2020-07-27 14:00:00,26.3666591002,26.3666591002,26.3666591002,26.3666591002,103
93,41,2020-07-27 15:30:00,26.4061597131,26.4061597131,26.3204433831,26.3204433831,1632
94,40,2020-07-28 10:00:00,26.4061597131,26.4061597131,26.3176783402,26.3176783402,200
95,39,2020-07-28 10:30:00,26.302470604299998,26.416034866300002,26.302470604299998,26.373571707399996,1245
96,38,2020-07-28 15:30:00,26.5049112453,26.5839124711,26.5049112453,26.550139447,5203
97,37,2020-07-28 16:00:00,26.5839124711,26.594478885,26.5839124711,26.5937876243,1115
98,36,2020-07-29 10:30:00,26.5542870114,26.5542870114,26.5542870114,26.5542870114,222
99,35,2020-07-29 11:00:00,26.5541882599,26.5542870114,26.5541882599,26.5542870114,602
100,34,2020-07-29 14:00:00,26.543720597399997,26.543720597399997,26.543720597399997,26.543720597399997,193
101,33,2020-07-29 15:30:00,26.5444118582,26.5542870114,26.5444118582,26.5542870114,475
102,32,2020-07-29 16:00:00,26.574037317800002,26.574037317800002,26.574037317800002,26.574037317800002,200
103,31,2020-07-30 10:00:00,26.5542870114,26.5542870114,26.5542870114,26.5542870114,200
104,30,2020-07-30 11:00:00,26.5768023607,26.5768023607,26.5768023607,26.5768023607,491
105,29,2020-07-30 11:30:00,26.6135379307,26.6135379307,26.6135379307,26.6135379307,352
106,28,2020-07-30 12:00:00,26.6036627775,26.6036627775,26.6036627775,26.6036627775,1000
107,27,2020-07-30 12:30:00,26.6034652744,26.6034652744,26.6034652744,26.6034652744,142
108,26,2020-07-30 15:00:00,26.5404617969,26.5404617969,26.5404617969,26.5404617969,200
109,25,2020-07-30 15:30:00,26.5246615517,26.5246615517,26.5246615517,26.5246615517,264
110,24,2020-07-31 12:00:00,26.5246615517,26.5641621646,26.5246615517,26.564063413099998,2806
111,23,2020-07-31 13:30:00,26.6135379307,26.6135379307,26.6135379307,26.6135379307,270
112,22,2020-07-31 15:30:00,26.6135379307,26.6135379307,26.6135379307,26.6135379307,631
113,21,2020-07-31 16:00:00,26.6530385436,26.662913696799997,26.6530385436,26.662913696799997,442
114,20,2020-08-03 10:00:00,26.643163390399998,26.643163390399998,26.5049112453,26.5937876243,1818
115,19,2020-08-03 12:30:00,26.6530385436,26.702414309699996,26.6530385436,26.702414309699996,4069
116,18,2020-08-03 13:00:00,26.7122894629,26.7152520089,26.682664003299998,26.7152520089,1597
117,17,2020-08-03 14:30:00,26.7172270395,26.741914922600003,26.7172270395,26.741914922600003,1692
118,16,2020-08-03 15:00:00,26.741914922600003,26.741914922600003,26.741914922600003,26.741914922600003,261
119,15,2020-08-03 15:30:00,26.732731030100002,26.732731030100002,26.732731030100002,26.732731030100002,351
120,14,2020-08-03 16:00:00,26.741914922600003,26.741914922600003,26.741914922600003,26.741914922600003,612
121,13,2020-08-04 10:30:00,26.7320397694,26.7321385209,26.7320397694,26.7321385209,300
122,12,2020-08-04 11:00:00,26.7405324011,26.741914922600003,26.7405324011,26.741914922600003,548
123,11,2020-08-04 12:00:00,26.7517900758,26.7517900758,26.7517900758,26.7517900758,100
124,10,2020-08-04 12:30:00,26.741914922600003,26.7705528669,26.741914922600003,26.7705528669,400
125,9,2020-08-04 13:00:00,26.7824030508,26.7824030508,26.7710466246,26.7710466246,265
126,8,2020-08-04 14:30:00,26.7221646162,26.7498150452,26.7221646162,26.7221646162,1023
127,7,2020-08-05 10:30:00,26.7221646162,26.7221646162,26.7221646162,26.7221646162,858
128,6,2020-08-05 11:30:00,26.7517900758,26.7517900758,26.7249296591,26.7249296591,520
129,5,2020-08-05 12:00:00,26.761665229000002,26.8110409951,26.761665229000002,26.8110409951,3862
130,4,2020-08-05 13:30:00,26.7644302719,26.7644302719,26.7644302719,26.7644302719,100
131,3,2020-08-05 14:30:00,26.8011658419,26.8011658419,26.8011658419,26.8011658419,206
132,2,2020-08-05 15:00:00,26.8011658419,26.8011658419,26.8011658419,26.8011658419,493
133,1,2020-08-05 15:30:00,26.781415535500003,26.781415535500003,26.781415535500003,26.781415535500003,745
134,0,2020-08-05 16:00:00,26.8011658419,26.8011658419,26.781415535500003,26.781415535500003,247
135,147,2020-08-06 10:00:00,26.5839124711,26.5839124711,26.5839124711,26.5839124711,400
136,146,2020-08-06 12:00:00,26.7764779589,26.7764779589,26.7764779589,26.7764779589,102
137,145,2020-08-06 14:30:00,26.7843780814,26.7843780814,26.7843780814,26.7843780814,354
138,144,2020-08-06 15:00:00,26.7221646162,26.7221646162,26.7221646162,26.7221646162,289
139,143,2020-08-06 16:00:00,26.480223362199997,26.480223362199997,26.396284559899996,26.396284559899996,350
140,142,2020-08-07 10:00:00,26.396284559899996,26.396284559899996,26.396284559899996,26.396284559899996,200
141,141,2020-08-07 10:30:00,26.3865081582,26.4110972897,26.3865081582,26.4110972897,316
142,140,2020-08-07 11:00:00,26.3864094066,26.4309463477,26.3666591002,26.3666591002,844
143,139,2020-08-07 11:30:00,26.4132698234,26.416034866300002,26.4132698234,26.416034866300002,509
144,138,2020-08-07 13:00:00,26.4683731784,26.4683731784,26.4683731784,26.4683731784,211
145,137,2020-08-07 13:30:00,26.452079175599998,26.452079175599998,26.452079175599998,26.452079175599998,200
146,136,2020-08-07 15:30:00,26.456720497600003,26.456720497600003,26.456720497600003,26.456720497600003,200
147,135,2020-08-10 10:00:00,26.574037317800002,26.574037317800002,26.574037317800002,26.574037317800002,216
148,134,2020-08-10 11:00:00,26.761665229000002,26.761665229000002,26.7394461343,26.7394461343,277
149,133,2020-08-10 11:30:00,26.7517900758,26.7517900758,26.7517900758,26.7517900758,200
150,132,2020-08-10 12:00:00,26.7468524992,26.7468524992,26.7320397694,26.7320397694,1352
151,131,2020-08-10 13:30:00,26.6135379307,26.662913696799997,26.6135379307,26.662913696799997,240
152,130,2020-08-10 14:00:00,26.6530385436,26.682664003299998,26.6530385436,26.682664003299998,401
153,129,2020-08-10 15:00:00,26.682664003299998,26.682664003299998,26.67278885,26.67278885,823
154,128,2020-08-10 15:30:00,26.7122894629,26.7122894629,26.7122894629,26.7122894629,208
155,127,2020-08-11 10:30:00,26.6152167068,26.6152167068,26.6152167068,26.6152167068,112
156,126,2020-08-11 12:00:00,26.682664003299998,26.682664003299998,26.662913696799997,26.674862632199996,1200
157,125,2020-08-11 13:30:00,26.682664003299998,26.682664003299998,26.682664003299998,26.682664003299998,100
158,124,2020-08-11 15:00:00,26.682664003299998,26.682664003299998,26.6530385436,26.6530385436,297
159,123,2020-08-11 15:30:00,26.6332882372,26.643163390399998,26.5246615517,26.5246615517,1072
160,122,2020-08-11 16:00:00,26.67278885,26.682664003299998,26.67278885,26.682664003299998,2000
161,121,2020-08-12 10:00:00,26.5839124711,26.5839124711,26.5839124711,26.5839124711,200
162,120,2020-08-12 13:00:00,26.682664003299998,26.682664003299998,26.682664003299998,26.682664003299998,109
163,119,2020-08-12 13:30:00,26.682664003299998,26.682664003299998,26.682664003299998,26.682664003299998,548
164,118,2020-08-12 14:30:00,26.761665229000002,26.761665229000002,26.761665229000002,26.761665229000002,392
165,117,2020-08-12 15:30:00,26.7517900758,26.7517900758,26.7517900758,26.7517900758,263
166,116,2020-08-13 11:00:00,26.7715403823,26.7715403823,26.7715403823,26.7715403823,196
167,115,2020-08-13 12:30:00,26.7912906887,26.7912906887,26.7912906887,26.7912906887,178
168,114,2020-08-13 15:00:00,26.8110409951,26.8110409951,26.8110409951,26.8110409951,185
169,113,2020-08-13 16:00:00,26.8011658419,26.8011658419,26.8011658419,26.8011658419,620
170,112,2020-08-14 10:30:00,26.7271021928,26.7271021928,26.7221646162,26.7221646162,361
171,111,2020-08-14 14:30:00,26.8044246425,26.8110409951,26.8044246425,26.8110409951,1000
172,110,2020-08-14 15:30:00,26.8110409951,26.8110409951,26.8110409951,26.8110409951,422
173,109,2020-08-14 16:00:00,26.8110409951,26.8110409951,26.8110409951,26.8110409951,482
174,108,2020-08-17 10:30:00,26.8110409951,26.8110409951,26.8110409951,26.8110409951,1530
175,107,2020-08-17 12:00:00,26.8110409951,26.8110409951,26.800079575100003,26.800079575100003,473
176,106,2020-08-17 12:30:00,26.809658473699997,26.809658473699997,26.809658473699997,26.809658473699997,213
177,105,2020-08-17 15:00:00,26.7912906887,26.7912906887,26.7912906887,26.7912906887,505
178,104,2020-08-17 16:00:00,26.8011658419,26.8110409951,26.8011658419,26.8110409951,1582
179,103,2020-08-18 10:00:00,26.900114877199996,26.9016949017,26.900114877199996,26.9016949017,200
180,102,2020-08-18 10:30:00,26.939417987,26.939417987,26.926580287800004,26.9344804104,1185
181,101,2020-08-18 11:00:00,26.939417987,26.939417987,26.939417987,26.939417987,506
182,100,2020-08-18 11:30:00,27.0579198257,27.0924828619,27.0579198257,27.0924828619,995
183,99,2020-08-18 12:00:00,27.0974204386,27.0974204386,27.0974204386,27.0974204386,147
184,98,2020-08-18 12:30:00,27.067893730399998,27.067893730399998,27.0677949789,27.0677949789,600
185,97,2020-08-18 13:00:00,27.0579198257,27.0579198257,27.0558460435,27.0579198257,894
186,96,2020-08-18 13:30:00,26.964105870100003,26.964105870100003,26.964105870100003,26.964105870100003,106
187,95,2020-08-18 14:00:00,26.9591682935,26.9591682935,26.9591682935,26.9591682935,185
188,94,2020-08-18 14:30:00,26.9306291006,26.9306291006,26.9306291006,26.9306291006,170
189,93,2020-08-18 15:30:00,26.9196676806,26.9196676806,26.9196676806,26.9196676806,665
190,92,2020-08-18 16:00:00,26.9591682935,26.9591682935,26.9591682935,26.9591682935,446
191,91,2020-08-19 10:00:00,26.9196676806,26.9196676806,26.9196676806,26.9196676806,200
192,90,2020-08-19 10:30:00,26.939417987,26.939417987,26.939417987,26.939417987,100
193,89,2020-08-19 11:00:00,26.9471206065,26.9471206065,26.9471206065,26.9471206065,300
194,88,2020-08-19 11:30:00,26.949293140199998,26.949293140199998,26.949293140199998,26.949293140199998,100
195,87,2020-08-19 12:30:00,26.9591682935,26.9591682935,26.939417987,26.9518606801,3284
196,86,2020-08-19 13:30:00,26.9591682935,26.9591682935,26.9591682935,26.9591682935,382
197,85,2020-08-19 14:00:00,26.9591682935,26.9591682935,26.9591682935,26.9591682935,161
198,84,2020-08-19 15:00:00,26.9591682935,26.9591682935,26.954230716799998,26.954230716799998,1115
199,83,2020-08-19 15:30:00,26.954230716799998,26.954230716799998,26.949293140199998,26.951761928499998,1420
200,82,2020-08-20 10:00:00,26.820916148400002,26.8406664548,26.820916148400002,26.8406664548,634
201,81,2020-08-20 10:30:00,26.8406664548,26.8406664548,26.8159785718,26.8159785718,1220
202,80,2020-08-20 11:00:00,26.8406664548,26.8406664548,26.8406664548,26.8406664548,200
203,79,2020-08-20 12:30:00,26.8999173741,26.8999173741,26.8999173741,26.8999173741,336
204,78,2020-08-20 15:30:00,26.9591682935,26.9591682935,26.9591682935,26.9591682935,483
205,77,2020-08-20 16:00:00,26.9591682935,26.9591682935,26.9591682935,26.9591682935,1192
206,76,2020-08-21 10:30:00,26.9591682935,26.9591682935,26.939417987,26.939417987,1111
207,75,2020-08-21 11:30:00,26.929542833800003,26.929542833800003,26.929542833800003,26.929542833800003,200
208,74,2020-08-21 12:00:00,26.940207999299997,26.940207999299997,26.929542833800003,26.9296415853,1244
209,73,2020-08-21 12:30:00,26.9564032506,26.9564032506,26.9564032506,26.9564032506,100
210,72,2020-08-21 13:00:00,26.939417987,26.939417987,26.939417987,26.939417987,103
211,71,2020-08-21 13:30:00,26.9591682935,26.9591682935,26.9564032506,26.9591682935,1300
212,70,2020-08-21 15:30:00,27.0106178417,27.0106178417,27.0106178417,27.0106178417,195
213,69,2020-08-24 10:00:00,27.0184192128,27.0184192128,27.0184192128,27.0184192128,200
214,68,2020-08-24 10:30:00,27.0184192128,27.0184192128,27.0184192128,27.0184192128,466
215,67,2020-08-24 11:00:00,27.0184192128,27.0184192128,27.0184192128,27.0184192128,200
216,66,2020-08-24 11:30:00,27.0184192128,27.0347132156,27.0184192128,27.0347132156,600
217,65,2020-08-24 12:00:00,27.087545285300003,27.087545285300003,27.087545285300003,27.087545285300003,100
218,64,2020-08-24 13:00:00,27.0826077087,27.0826077087,27.0579198257,27.0579198257,300
219,63,2020-08-24 15:30:00,27.087545285300003,27.087644036900002,27.087545285300003,27.087545285300003,1725
220,62,2020-08-24 16:00:00,27.0974204386,27.0974204386,27.0974204386,27.0974204386,162
221,61,2020-08-25 10:00:00,27.0579198257,27.0579198257,27.0579198257,27.0579198257,200
222,60,2020-08-25 11:00:00,27.008544059600002,27.008544059600002,26.9986689063,26.9986689063,618
223,59,2020-08-25 11:30:00,26.909792527399997,26.909792527399997,26.7122894629,26.7122894629,1216
224,58,2020-08-25 12:30:00,26.8900422209,26.8900422209,26.8900422209,26.8900422209,600
225,57,2020-08-25 13:00:00,26.988793753099998,26.988793753099998,26.969043446700002,26.969043446700002,1067
226,56,2020-08-25 14:30:00,26.7751941889,26.7751941889,26.7751941889,26.7751941889,111
227,55,2020-08-26 10:00:00,26.7122894629,26.781415535500003,26.7122894629,26.781415535500003,400
228,54,2020-08-26 10:30:00,26.929542833800003,26.929542833800003,26.929542833800003,26.929542833800003,138
229,53,2020-08-26 11:00:00,26.9591682935,26.9591682935,26.939417987,26.939417987,966
230,52,2020-08-26 11:30:00,26.909792527399997,26.946923103499998,26.909792527399997,26.946923103499998,301
231,51,2020-08-26 12:30:00,27.008544059600002,27.008544059600002,27.008544059600002,27.008544059600002,148
232,50,2020-08-26 14:00:00,26.949293140199998,26.949293140199998,26.949293140199998,26.949293140199998,148
233,49,2020-08-26 15:30:00,27.060092359400002,27.0974204386,27.060092359400002,27.0974204386,1774
234,48,2020-08-26 16:00:00,27.0877427884,27.1072955918,27.0877427884,27.1072955918,533
235,47,2020-08-27 10:00:00,27.1072955918,27.1072955918,27.0579198257,27.0579198257,700
236,46,2020-08-27 10:30:00,27.0776701321,27.0776701321,27.0776701321,27.0776701321,400
237,45,2020-08-27 11:00:00,27.048044672399996,27.0677949789,27.048044672399996,27.048044672399996,917
238,44,2020-08-27 12:30:00,27.0974204386,27.0974204386,27.0974204386,27.0974204386,200
239,43,2020-08-27 13:00:00,27.1072955918,27.112233168400003,27.0974204386,27.0974204386,814
240,42,2020-08-27 13:30:00,27.0448846234,27.0448846234,27.0448846234,27.0448846234,750
241,41,2020-08-27 15:30:00,27.109270622399997,27.109270622399997,27.109270622399997,27.109270622399997,230
242,40,2020-08-27 16:00:00,27.1467962047,27.1467962047,27.1467962047,27.1467962047,316
243,39,2020-08-28 10:30:00,26.949293140199998,26.949293140199998,26.949293140199998,26.949293140199998,300
244,38,2020-08-28 12:00:00,27.0184192128,27.0184192128,27.0184192128,27.0184192128,271
245,37,2020-08-28 12:30:00,27.0401445499,27.0401445499,27.0401445499,27.0401445499,200
246,36,2020-08-28 14:00:00,27.0826077087,27.0826077087,27.0826077087,27.0826077087,617
247,35,2020-08-28 14:30:00,27.127045898200002,27.1566713579,27.127045898200002,27.1566713579,2100
248,34,2020-08-28 15:30:00,27.1665465111,27.1665465111,26.9986689063,27.072732555500004,800
249,33,2020-08-31 10:30:00,26.702414309699996,26.741914922600003,26.702414309699996,26.741914922600003,835
250,32,2020-08-31 11:30:00,27.0184192128,27.0184192128,27.0184192128,27.0184192128,572
251,31,2020-08-31 12:00:00,27.0381695192,27.0381695192,27.0381695192,27.0381695192,505
252,30,2020-08-31 13:30:00,27.0381695192,27.0381695192,27.0381695192,27.0381695192,875
253,29,2020-08-31 14:00:00,26.8406664548,26.8406664548,26.8406664548,26.8406664548,154
254,28,2020-08-31 15:00:00,26.848467825900002,26.850541608,26.848467825900002,26.850541608,200
255,27,2020-08-31 15:30:00,27.136921051399998,27.136921051399998,27.136921051399998,27.136921051399998,616
256,26,2020-08-31 16:00:00,27.136921051399998,27.1566713579,27.136921051399998,27.1566713579,1559
257,25,2020-09-01 10:00:00,27.0579198257,27.0579198257,27.0579198257,27.0579198257,304
258,24,2020-09-01 11:00:00,27.0579198257,27.0677949789,27.0579198257,27.0677949789,392
259,23,2020-09-01 11:30:00,27.1072955918,27.1072955918,27.1072955918,27.1072955918,348
260,22,2020-09-01 13:00:00,27.117170745,27.117170745,27.117170745,27.117170745,102
261,21,2020-09-01 13:30:00,27.1199357879,27.1199357879,27.117170745,27.117170745,534
262,20,2020-09-01 14:00:00,27.109369374,27.110060634699998,27.109369374,27.110060634699998,300
263,19,2020-09-01 15:00:00,27.117170745,27.117170745,27.117170745,27.117170745,100
264,18,2020-09-01 15:30:00,27.117170745,27.136921051399998,27.117170745,27.136921051399998,600
265,17,2020-09-01 16:00:00,27.136921051399998,27.139389839699998,26.8604167612,26.9591682935,1761
266,16,2020-09-02 10:00:00,27.048044672399996,27.048044672399996,27.048044672399996,27.048044672399996,213
267,15,2020-09-02 11:00:00,26.9591682935,26.9591682935,26.9591682935,26.9591682935,125
268,14,2020-09-02 12:30:00,26.949293140199998,27.0974204386,26.949293140199998,27.062956153800002,3580
269,13,2020-09-02 13:00:00,27.087545285300003,27.1072955918,27.087545285300003,27.1072955918,438
270,12,2020-09-02 13:30:00,27.0974204386,27.0974204386,27.0974204386,27.0974204386,361
271,11,2020-09-02 15:00:00,27.0826077087,27.0826077087,27.0826077087,27.0826077087,434
272,10,2020-09-02 16:00:00,27.0597961048,27.0974204386,27.0597961048,27.0974204386,525
273,9,2020-09-03 12:00:00,26.958279529699997,26.9589707904,26.958279529699997,26.9589707904,400
274,8,2020-09-03 13:30:00,27.0140741454,27.0140741454,27.0140741454,27.0140741454,207
275,7,2020-09-03 14:00:00,27.008544059600002,27.008544059600002,27.008544059600002,27.008544059600002,100
276,6,2020-09-03 15:00:00,27.052982249099998,27.052982249099998,27.052982249099998,27.052982249099998,102
277,5,2020-09-03 15:30:00,26.8364201389,26.939417987,26.8364201389,26.939417987,200
278,4,2020-09-03 16:00:00,26.9591682935,27.048044672399996,26.761665229000002,26.761665229000002,486
279,3,2020-09-04 10:00:00,27.1072955918,27.1072955918,27.021776764899997,27.021776764899997,500
280,2,2020-09-04 10:30:00,26.761665229000002,27.024146801700002,26.761665229000002,27.024146801700002,1412
281,1,2020-09-04 12:00:00,26.7912906887,26.7912906887,26.7912906887,26.7912906887,250
282,0,2020-09-04 15:00:00,26.933690398099998,26.933690398099998,26.929542833800003,26.929542833800003,500
