,index,time,open,high,low,close,volume
0,360,2020-09-08 07:00:00,5.43,5.56,5.43,5.56,5800
1,359,2020-09-08 07:30:00,5.46,5.51,5.42,5.42,3800
2,358,2020-09-08 08:00:00,5.41,5.42,5.41,5.42,200
3,357,2020-09-08 08:30:00,5.5,5.5,5.49,5.49,833
4,356,2020-09-08 09:30:00,5.39,5.3901,5.38,5.38,2900
5,355,2020-09-08 10:00:00,5.41,5.43,5.31,5.39,284169
6,354,2020-09-08 10:30:00,5.3885,5.42,5.37,5.38,143088
7,353,2020-09-08 11:00:00,5.38,5.395,5.355,5.375,82409
8,352,2020-09-08 11:30:00,5.37,5.43,5.37,5.415,78790
9,351,2020-09-08 12:00:00,5.41,5.42,5.39,5.39,85236
10,350,2020-09-08 12:30:00,5.39,5.455,5.39,5.44,108011
11,349,2020-09-08 13:00:00,5.445,5.47,5.44,5.45,45985
12,348,2020-09-08 13:30:00,5.46,5.49,5.44,5.47,64070
13,347,2020-09-08 14:00:00,5.47,5.49,5.46,5.47,42766
14,346,2020-09-08 14:30:00,5.47,5.48,5.43,5.44,54033
15,345,2020-09-08 15:00:00,5.435,5.435,5.39,5.42,79920
16,344,2020-09-08 15:30:00,5.41,5.43,5.385,5.42,67815
17,343,2020-09-08 16:00:00,5.415,5.43,5.4,5.41,198464
18,342,2020-09-08 16:30:00,5.41,5.41,5.41,5.41,10505
19,341,2020-09-08 18:00:00,5.39,5.39,5.39,5.39,1250
20,340,2020-09-08 19:00:00,5.35,5.35,5.33,5.33,650
21,339,2020-09-08 20:00:00,5.31,5.33,5.29,5.33,5341
22,338,2020-09-09 07:30:00,5.48,5.48,5.48,5.48,200
23,337,2020-09-09 09:30:00,5.49,5.71,5.48,5.66,32292
24,336,2020-09-09 10:00:00,5.66,5.66,5.49,5.52,392440
25,335,2020-09-09 10:30:00,5.52,5.52,5.425,5.45,191323
26,334,2020-09-09 11:00:00,5.45,5.45,5.37,5.38,191311
27,333,2020-09-09 11:30:00,5.39,5.425,5.38,5.41,148573
28,332,2020-09-09 12:00:00,5.405,5.415,5.35,5.375,124303
29,331,2020-09-09 12:30:00,5.3787,5.41,5.365,5.4,156959
30,330,2020-09-09 13:00:00,5.4,5.41,5.37,5.385,96635
31,329,2020-09-09 13:30:00,5.38,5.4,5.375,5.3801,52347
32,328,2020-09-09 14:00:00,5.39,5.41,5.38,5.405,63275
33,327,2020-09-09 14:30:00,5.41,5.43,5.355,5.37,391810
34,326,2020-09-09 15:00:00,5.38,5.38,5.36,5.37,111089
35,325,2020-09-09 15:30:00,5.375,5.41,5.36,5.385,117231
36,324,2020-09-09 16:00:00,5.385,5.39,5.35,5.37,175028
37,323,2020-09-09 16:30:00,5.37,5.37,5.37,5.37,7385
38,322,2020-09-09 17:00:00,5.37,5.37,5.37,5.37,100
39,321,2020-09-09 19:30:00,5.43,5.43,5.43,5.43,100
40,320,2020-09-09 20:00:00,5.41,5.41,5.41,5.41,500
41,319,2020-09-10 09:00:00,5.3,5.3,5.3,5.3,1000
42,318,2020-09-10 09:30:00,5.4,5.4,5.37,5.37,6647
43,317,2020-09-10 10:00:00,5.37,5.47,5.37,5.401,139392
44,316,2020-09-10 10:30:00,5.405,5.42,5.34,5.355,195178
45,315,2020-09-10 11:00:00,5.355,5.365,5.3,5.315,149393
46,314,2020-09-10 11:30:00,5.315,5.345,5.305,5.315,168966
47,313,2020-09-10 12:00:00,5.32,5.32,5.29,5.295,103872
48,312,2020-09-10 12:30:00,5.295,5.32,5.295,5.31,90209
49,311,2020-09-10 13:00:00,5.31,5.31,5.26,5.275,189998
50,310,2020-09-10 13:30:00,5.27,5.29,5.26,5.28,102670
51,309,2020-09-10 14:00:00,5.275,5.285,5.265,5.2779,71773
52,308,2020-09-10 14:30:00,5.28,5.295,5.255,5.26,132765
53,307,2020-09-10 15:00:00,5.255,5.285,5.255,5.26,118569
54,306,2020-09-10 15:30:00,5.265,5.265,5.21,5.225,223253
55,305,2020-09-10 16:00:00,5.225,5.235,5.2,5.2,288138
56,304,2020-09-10 16:30:00,5.25,5.25,5.25,5.25,131
57,303,2020-09-10 17:30:00,5.2398,5.2398,5.2398,5.2398,400
58,302,2020-09-11 08:00:00,5.22,5.33,5.22,5.3,7000
59,301,2020-09-11 09:00:00,5.2499,5.2499,5.2499,5.2499,1000
60,300,2020-09-11 09:30:00,5.25,5.32,5.16,5.16,11942
61,299,2020-09-11 10:00:00,5.17,5.17,5.05,5.05,443115
62,298,2020-09-11 10:30:00,5.04,5.175,5.04,5.14,418657
63,297,2020-09-11 11:00:00,5.135,5.18,5.105,5.165,237725
64,296,2020-09-11 11:30:00,5.17,5.23,5.165,5.21,68159
65,295,2020-09-11 12:00:00,5.21,5.21,5.14,5.15,87039
66,294,2020-09-11 12:30:00,5.14,5.185,5.14,5.16,48129
67,293,2020-09-11 13:00:00,5.16,5.16,5.13,5.13,50042
68,292,2020-09-11 13:30:00,5.125,5.13,5.085,5.09,79587
69,291,2020-09-11 14:00:00,5.09,5.0975,5.065,5.0774,72927
70,290,2020-09-11 14:30:00,5.07,5.11,5.06,5.07,137070
71,289,2020-09-11 15:00:00,5.07,5.09,5.065,5.08,145146
72,288,2020-09-11 15:30:00,5.08,5.105,5.06,5.09,137107
73,287,2020-09-11 16:00:00,5.1,5.1,5.07,5.07,276159
74,286,2020-09-11 16:30:00,5.07,5.08,5.07,5.08,11821
75,285,2020-09-14 09:30:00,5.14,5.16,5.13,5.16,4512
76,284,2020-09-14 10:00:00,5.15,5.175,5.08,5.13,255639
77,283,2020-09-14 10:30:00,5.13,5.14,5.062,5.105,182187
78,282,2020-09-14 11:00:00,5.105,5.11,5.02,5.075,194315
79,281,2020-09-14 11:30:00,5.08,5.115,5.06,5.06,65968
80,280,2020-09-14 12:00:00,5.07,5.1,5.07,5.07,55557
81,279,2020-09-14 12:30:00,5.075,5.115,5.07,5.11,44421
82,278,2020-09-14 13:00:00,5.1199,5.13,5.11,5.13,32594
83,277,2020-09-14 13:30:00,5.13,5.15,5.12,5.14,77947
84,276,2020-09-14 14:00:00,5.145,5.17,5.13,5.165,38037
85,275,2020-09-14 14:30:00,5.16,5.19,5.155,5.175,86916
86,274,2020-09-14 15:00:00,5.175,5.1883,5.16,5.18,54342
87,273,2020-09-14 15:30:00,5.175,5.185,5.155,5.17,83599
88,272,2020-09-14 16:00:00,5.17,5.19,5.16,5.18,167919
89,271,2020-09-14 16:30:00,5.18,5.18,5.18,5.18,5266
90,270,2020-09-14 17:00:00,5.18,5.21,5.18,5.21,1964
91,269,2020-09-15 09:00:00,5.19,5.19,5.19,5.19,2002
92,268,2020-09-15 09:30:00,5.19,5.27,5.17,5.17,1944
93,267,2020-09-15 10:00:00,5.18,5.23,5.085,5.095,146230
94,266,2020-09-15 10:30:00,5.095,5.1397,5.08,5.135,124801
95,265,2020-09-15 11:00:00,5.135,5.19,5.135,5.17,44539
96,264,2020-09-15 11:30:00,5.17,5.17,5.12,5.14,69742
97,263,2020-09-15 12:00:00,5.14,5.155,5.105,5.115,96095
98,262,2020-09-15 12:30:00,5.115,5.1263,5.11,5.125,60696
99,261,2020-09-15 13:00:00,5.13,5.14,5.115,5.135,39639
100,260,2020-09-15 13:30:00,5.14,5.15,5.135,5.145,19343
101,259,2020-09-15 14:00:00,5.145,5.17,5.14,5.16,73358
102,258,2020-09-15 14:30:00,5.16,5.16,5.14,5.145,36978
103,257,2020-09-15 15:00:00,5.14,5.16,5.13,5.15,21724
104,256,2020-09-15 15:30:00,5.145,5.145,5.12,5.125,35914
105,255,2020-09-15 16:00:00,5.12,5.13,5.11,5.12,139221
106,254,2020-09-15 16:30:00,5.12,5.12,5.12,5.12,12929
107,253,2020-09-15 17:30:00,5.11,5.11,5.11,5.11,500
108,252,2020-09-15 18:00:00,5.12,5.12,5.12,5.12,100
109,251,2020-09-16 08:00:00,5.2,5.2,5.2,5.2,1000
110,250,2020-09-16 09:30:00,5.15,5.15,5.15,5.15,564
111,249,2020-09-16 10:00:00,5.14,5.14,5.09,5.095,236334
112,248,2020-09-16 10:30:00,5.095,5.17,5.095,5.165,145691
113,247,2020-09-16 11:00:00,5.17,5.21,5.165,5.195,169856
114,246,2020-09-16 11:30:00,5.19,5.28,5.185,5.2783,108138
115,245,2020-09-16 12:00:00,5.27,5.27,5.225,5.245,94733
116,244,2020-09-16 12:30:00,5.24,5.27,5.23,5.255,72283
117,243,2020-09-16 13:00:00,5.26,5.26,5.21,5.22,50431
118,242,2020-09-16 13:30:00,5.22,5.265,5.215,5.25,87321
119,241,2020-09-16 14:00:00,5.25,5.26,5.2311,5.26,45600
120,240,2020-09-16 14:30:00,5.2633,5.29,5.255,5.29,62631
121,239,2020-09-16 15:00:00,5.29,5.31,5.245,5.255,84501
122,238,2020-09-16 15:30:00,5.255,5.27,5.2,5.21,70212
123,237,2020-09-16 16:00:00,5.21,5.24,5.19,5.24,139527
124,236,2020-09-16 16:30:00,5.23,5.23,5.23,5.23,10762
125,235,2020-09-16 18:00:00,5.23,5.23,5.23,5.23,200
126,234,2020-09-17 07:30:00,5.19,5.19,5.19,5.19,300
127,233,2020-09-17 09:00:00,5.18,5.18,5.18,5.18,500
128,232,2020-09-17 09:30:00,5.18,5.18,5.1,5.11,9434
129,231,2020-09-17 10:00:00,5.11,5.16,5.065,5.145,222313
130,230,2020-09-17 10:30:00,5.14,5.215,5.14,5.2,151838
131,229,2020-09-17 11:00:00,5.2,5.23,5.18,5.2,94426
132,228,2020-09-17 11:30:00,5.21,5.235,5.21,5.22,64716
133,227,2020-09-17 12:00:00,5.225,5.2499,5.2204,5.24,31267
134,226,2020-09-17 12:30:00,5.23,5.24,5.19,5.2,73046
135,225,2020-09-17 13:00:00,5.205,5.24,5.2,5.235,33390
136,224,2020-09-17 13:30:00,5.24,5.28,5.24,5.27,39536
137,223,2020-09-17 14:00:00,5.27,5.3,5.26,5.285,43827
138,222,2020-09-17 14:30:00,5.285,5.291,5.25,5.25,49202
139,221,2020-09-17 15:00:00,5.25,5.26,5.225,5.245,67234
140,220,2020-09-17 15:30:00,5.24,5.2799,5.22,5.25,137975
141,219,2020-09-17 16:00:00,5.245,5.27,5.24,5.25,220049
142,218,2020-09-17 16:30:00,5.25,5.25,5.2,5.2,13422
143,217,2020-09-18 07:30:00,5.16,5.16,5.15,5.15,2100
144,216,2020-09-18 08:30:00,5.25,5.25,5.22,5.22,2495
145,215,2020-09-18 09:30:00,5.22,5.22,5.18,5.19,3000
146,214,2020-09-18 10:00:00,5.18,5.18,5.065,5.1001,290335
147,213,2020-09-18 10:30:00,5.1,5.175,5.09,5.17,139773
148,212,2020-09-18 11:00:00,5.17,5.17,5.13,5.15,67997
149,211,2020-09-18 11:30:00,5.15,5.15,5.0949,5.095,67375
150,210,2020-09-18 12:00:00,5.095,5.1,5.02,5.025,242339
151,209,2020-09-18 12:30:00,5.025,5.045,5.0,5.015,227468
152,208,2020-09-18 13:00:00,5.01,5.02,5.0,5.005,104308
153,207,2020-09-18 13:30:00,5.003,5.02,4.96,4.96,211227
154,206,2020-09-18 14:00:00,4.95,4.9796,4.935,4.965,167788
155,205,2020-09-18 14:30:00,4.96,5.01,4.95,4.99,261751
156,204,2020-09-18 15:00:00,4.99,5.01,4.96,4.98,105501
157,203,2020-09-18 15:30:00,4.98,4.99,4.94,4.95,302441
158,202,2020-09-18 16:00:00,4.95,4.95,4.89,4.925,475600
159,201,2020-09-18 16:30:00,4.93,4.99,4.92,4.9898,25941
160,200,2020-09-18 17:00:00,4.95,4.95,4.89,4.89,13877
161,199,2020-09-18 17:30:00,4.92,4.92,4.92,4.92,200
162,198,2020-09-18 18:00:00,4.92,4.94,4.92,4.94,1020
163,197,2020-09-18 19:30:00,4.94,4.94,4.94,4.94,1000
164,196,2020-09-18 20:00:00,4.98,4.98,4.98,4.98,100
165,195,2020-09-21 04:30:00,4.87,4.87,4.87,4.87,100
166,194,2020-09-21 05:00:00,4.87,4.87,4.87,4.87,100
167,193,2020-09-21 06:00:00,4.8,4.8,4.8,4.8,400
168,192,2020-09-21 07:30:00,4.88,5.0,4.85,4.85,4101
169,191,2020-09-21 08:30:00,4.91,4.91,4.7902,4.91,15243
170,190,2020-09-21 09:30:00,4.81,4.81,4.77,4.8,63411
171,189,2020-09-21 10:00:00,4.78,4.7826,4.66,4.7199,764285
172,188,2020-09-21 10:30:00,4.72,4.725,4.63,4.6302,558347
173,187,2020-09-21 11:00:00,4.63,4.655,4.605,4.645,206413
174,186,2020-09-21 11:30:00,4.64,4.66,4.6,4.625,158756
175,185,2020-09-21 12:00:00,4.62,4.63,4.6,4.62,208344
176,184,2020-09-21 12:30:00,4.623,4.66,4.62,4.655,218425
177,183,2020-09-21 13:00:00,4.6572,4.67,4.64,4.65,94764
178,182,2020-09-21 13:30:00,4.65,4.68,4.64,4.68,148136
179,181,2020-09-21 14:00:00,4.6798,4.72,4.673,4.71,105223
180,180,2020-09-21 14:30:00,4.71,4.71,4.68,4.69,98761
181,179,2020-09-21 15:00:00,4.69,4.69,4.655,4.675,85577
182,178,2020-09-21 15:30:00,4.67,4.695,4.67,4.67,78325
183,177,2020-09-21 16:00:00,4.67,4.68,4.66,4.67,267936
184,176,2020-09-21 16:30:00,4.67,4.67,4.67,4.67,11756
185,175,2020-09-21 19:00:00,4.74,4.74,4.74,4.74,100
186,174,2020-09-22 08:30:00,4.96,4.96,4.7,4.7,1263
187,173,2020-09-22 09:30:00,4.7,4.7,4.66,4.67,5499
188,172,2020-09-22 10:00:00,4.66,4.685,4.55,4.553,795015
189,171,2020-09-22 10:30:00,4.555,4.6,4.52,4.58,252192
190,170,2020-09-22 11:00:00,4.58,4.59,4.49,4.495,206644
191,169,2020-09-22 11:30:00,4.495,4.53,4.4802,4.52,186267
192,168,2020-09-22 12:00:00,4.52,4.53,4.47,4.48,120946
193,167,2020-09-22 12:30:00,4.48,4.49,4.45,4.47,113008
194,166,2020-09-22 13:00:00,4.4699,4.4699,4.44,4.45,84131
195,165,2020-09-22 13:30:00,4.445,4.5,4.43,4.49,272513
196,164,2020-09-22 14:00:00,4.485,4.5,4.47,4.49,52529
197,163,2020-09-22 14:30:00,4.4981,4.525,4.48,4.485,133285
198,162,2020-09-22 15:00:00,4.49,4.51,4.47,4.485,200211
199,161,2020-09-22 15:30:00,4.49,4.5,4.48,4.49,101187
200,160,2020-09-22 16:00:00,4.485,4.495,4.45,4.45,484714
201,159,2020-09-22 16:30:00,4.45,4.48,4.45,4.48,5626
202,158,2020-09-22 17:00:00,4.48,4.48,4.48,4.48,1700
203,157,2020-09-22 18:30:00,4.57,4.57,4.57,4.57,350
204,156,2020-09-22 19:00:00,4.56,4.56,4.56,4.56,200
205,155,2020-09-22 19:30:00,4.51,4.51,4.51,4.51,1550
206,154,2020-09-22 20:00:00,4.53,4.59,4.53,4.59,1108
207,153,2020-09-23 08:30:00,4.6,4.6,4.55,4.55,1255
208,152,2020-09-23 09:00:00,4.54,4.55,4.5,4.5,1395
209,151,2020-09-23 09:30:00,4.46,4.48,4.4499,4.4796,6106
210,150,2020-09-23 10:00:00,4.45,4.575,4.45,4.47,386692
211,149,2020-09-23 10:30:00,4.465,4.49,4.415,4.4337,208929
212,148,2020-09-23 11:00:00,4.435,4.445,4.4,4.425,155576
213,147,2020-09-23 11:30:00,4.42,4.4399,4.4,4.4,163796
214,146,2020-09-23 12:00:00,4.4,4.4,4.36,4.3724,247718
215,145,2020-09-23 12:30:00,4.37,4.4,4.37,4.385,76712
216,144,2020-09-23 13:00:00,4.385,4.415,4.38,4.41,105996
217,143,2020-09-23 13:30:00,4.4,4.41,4.38,4.39,66746
218,142,2020-09-23 14:00:00,4.3881,4.39,4.35,4.35,84691
219,141,2020-09-23 14:30:00,4.35,4.3561,4.32,4.33,235359
220,140,2020-09-23 15:00:00,4.33,4.33,4.28,4.2876,134826
221,139,2020-09-23 15:30:00,4.29,4.33,4.272,4.33,256069
222,138,2020-09-23 16:00:00,4.325,4.33,4.26,4.28,303649
223,137,2020-09-23 16:30:00,4.28,4.28,4.2799,4.2799,35242
224,136,2020-09-23 17:00:00,4.26,4.27,4.26,4.27,1300
225,135,2020-09-23 17:30:00,4.28,4.28,4.27,4.27,1050
226,134,2020-09-23 18:00:00,4.2701,4.2701,4.27,4.27,1776
227,133,2020-09-23 19:30:00,4.27,4.27,4.27,4.27,300
228,132,2020-09-23 20:00:00,4.31,4.39,4.31,4.39,647
229,131,2020-09-24 09:30:00,4.3,4.32,4.28,4.29,3140
230,130,2020-09-24 10:00:00,4.29,4.29,4.21,4.27,341236
231,129,2020-09-24 10:30:00,4.275,4.32,4.2531,4.26,351557
232,128,2020-09-24 11:00:00,4.26,4.275,4.23,4.25,226983
233,127,2020-09-24 11:30:00,4.26,4.38,4.24,4.355,1391500
234,126,2020-09-24 12:00:00,4.3599,4.41,4.345,4.405,269316
235,125,2020-09-24 12:30:00,4.405,4.43,4.39,4.415,234020
236,124,2020-09-24 13:00:00,4.41,4.43,4.38,4.43,182953
237,123,2020-09-24 13:30:00,4.425,4.465,4.42,4.46,308119
238,122,2020-09-24 14:00:00,4.46,4.47,4.44,4.45,268119
239,121,2020-09-24 14:30:00,4.4501,4.51,4.4501,4.475,362918
240,120,2020-09-24 15:00:00,4.475,4.485,4.425,4.43,133921
241,119,2020-09-24 15:30:00,4.42,4.46,4.4,4.41,180166
242,118,2020-09-24 16:00:00,4.405,4.43,4.38,4.4,317388
243,117,2020-09-24 16:30:00,4.4,4.4,4.4,4.4,3670
244,116,2020-09-24 17:00:00,4.402,4.402,4.402,4.402,100
245,115,2020-09-25 07:30:00,4.38,4.38,4.38,4.38,100
246,114,2020-09-25 09:30:00,4.39,4.39,4.33,4.34,2981
247,113,2020-09-25 10:00:00,4.35,4.38,4.32,4.353,197964
248,112,2020-09-25 10:30:00,4.3579,4.371,4.32,4.365,242995
249,111,2020-09-25 11:00:00,4.365,4.37,4.335,4.34,200345
250,110,2020-09-25 11:30:00,4.34,4.35,4.32,4.335,240059
251,109,2020-09-25 12:00:00,4.34,4.36,4.31,4.32,202038
252,108,2020-09-25 12:30:00,4.32,4.35,4.32,4.325,156573
253,107,2020-09-25 13:00:00,4.325,4.35,4.325,4.345,98788
254,106,2020-09-25 13:30:00,4.34,4.35,4.32,4.335,133099
255,105,2020-09-25 14:00:00,4.335,4.37,4.325,4.3411,198886
256,104,2020-09-25 14:30:00,4.345,4.36,4.34,4.355,116753
257,103,2020-09-25 15:00:00,4.355,4.365,4.34,4.35,136732
258,102,2020-09-25 15:30:00,4.345,4.37,4.335,4.345,233598
259,101,2020-09-25 16:00:00,4.345,4.37,4.32,4.365,774455
260,100,2020-09-25 16:30:00,4.36,4.36,4.36,4.36,15423
261,99,2020-09-25 17:00:00,4.37,4.37,4.37,4.37,1350
262,98,2020-09-25 18:30:00,4.37,4.37,4.37,4.37,500
263,97,2020-09-25 20:00:00,4.4,4.4,4.4,4.4,400
264,96,2020-09-28 08:30:00,4.5749,4.5749,4.5749,4.5749,107
265,95,2020-09-28 09:00:00,4.45,4.47,4.45,4.47,2700
266,94,2020-09-28 09:30:00,4.48,4.49,4.4597,4.48,4237
267,93,2020-09-28 10:00:00,4.46,4.6,4.46,4.56,400086
268,92,2020-09-28 10:30:00,4.565,4.665,4.55,4.66,273151
269,91,2020-09-28 11:00:00,4.655,4.68,4.59,4.62,186957
270,90,2020-09-28 11:30:00,4.62,4.65,4.585,4.6,153864
271,89,2020-09-28 12:00:00,4.6,4.68,4.59,4.655,220632
272,88,2020-09-28 12:30:00,4.66,4.675,4.6,4.63,231200
273,87,2020-09-28 13:00:00,4.625,4.625,4.57,4.59,125704
274,86,2020-09-28 13:30:00,4.59,4.595,4.445,4.45,335150
275,85,2020-09-28 14:00:00,4.46,4.5,4.435,4.47,210521
276,84,2020-09-28 14:30:00,4.475,4.565,4.47,4.545,286091
277,83,2020-09-28 15:00:00,4.55,4.57,4.53,4.535,120219
278,82,2020-09-28 15:30:00,4.53,4.545,4.48,4.51,80775
279,81,2020-09-28 16:00:00,4.51,4.52,4.43,4.445,281798
280,80,2020-09-28 16:30:00,4.44,4.44,4.44,4.44,15248
281,79,2020-09-28 17:00:00,4.48,4.48,4.45,4.45,600
282,78,2020-09-28 17:30:00,4.48,4.48,4.45,4.45,6000
283,77,2020-09-28 18:00:00,4.48,4.55,4.48,4.55,400
284,76,2020-09-28 19:30:00,4.5,4.5,4.5,4.5,400
285,75,2020-09-28 20:00:00,4.5,4.5,4.5,4.5,300
286,74,2020-09-29 08:30:00,4.47,4.55,4.47,4.5,1922
287,73,2020-09-29 09:30:00,4.57,4.57,4.47,4.47,2000
288,72,2020-09-29 10:00:00,4.48,4.48,4.37,4.44,395675
289,71,2020-09-29 10:30:00,4.435,4.5,4.41,4.49,147747
290,70,2020-09-29 11:00:00,4.49,4.49,4.425,4.425,131751
291,69,2020-09-29 11:30:00,4.43,4.43,4.37,4.385,152679
292,68,2020-09-29 12:00:00,4.38,4.39,4.34,4.355,98301
293,67,2020-09-29 12:30:00,4.355,4.39,4.335,4.38,105017
294,66,2020-09-29 13:00:00,4.39,4.39,4.33,4.35,110774
295,65,2020-09-29 13:30:00,4.345,4.36,4.32,4.355,80022
296,64,2020-09-29 14:00:00,4.36,4.3689,4.3211,4.335,71738
297,63,2020-09-29 14:30:00,4.335,4.359,4.325,4.359,44217
298,62,2020-09-29 15:00:00,4.35,4.36,4.34,4.34,72163
299,61,2020-09-29 15:30:00,4.34,4.34,4.315,4.32,170104
300,60,2020-09-29 16:00:00,4.311,4.3199,4.29,4.29,287329
301,59,2020-09-29 16:30:00,4.29,4.29,4.29,4.29,15742
302,58,2020-09-29 17:00:00,4.29,4.32,4.29,4.31,6677
303,57,2020-09-29 17:30:00,4.31,4.31,4.2901,4.2901,3612
304,56,2020-09-29 18:00:00,4.3,4.3,4.3,4.3,500
305,55,2020-09-29 19:30:00,4.33,4.33,4.33,4.33,478
306,54,2020-09-29 20:00:00,4.33,4.33,4.33,4.33,500
307,53,2020-09-30 07:30:00,4.28,4.28,4.26,4.26,400
308,52,2020-09-30 08:30:00,4.2001,4.2001,4.2001,4.2001,1582
309,51,2020-09-30 09:30:00,4.33,4.34,4.3,4.3,3302
310,50,2020-09-30 10:00:00,4.3,4.4175,4.3,4.375,223454
311,49,2020-09-30 10:30:00,4.38,4.44,4.375,4.425,178623
312,48,2020-09-30 11:00:00,4.43,4.44,4.36,4.361000000000001,80687
313,47,2020-09-30 11:30:00,4.36,4.375,4.34,4.34,109668
314,46,2020-09-30 12:00:00,4.345,4.355,4.325,4.345,76262
315,45,2020-09-30 12:30:00,4.343,4.38,4.34,4.37,87469
316,44,2020-09-30 13:00:00,4.37,4.385,4.35,4.38,73922
317,43,2020-09-30 13:30:00,4.38,4.39,4.37,4.39,48428
318,42,2020-09-30 14:00:00,4.39,4.41,4.375,4.395,100494
319,41,2020-09-30 14:30:00,4.395,4.46,4.395,4.41,211178
320,40,2020-09-30 15:00:00,4.41,4.415,4.355,4.41,186246
321,39,2020-09-30 15:30:00,4.4,4.41,4.345,4.385,130695
322,38,2020-09-30 16:00:00,4.38,4.42,4.3713,4.41,174495
323,37,2020-09-30 16:30:00,4.36,4.41,4.36,4.4099,12153
324,36,2020-09-30 17:00:00,4.41,4.5,4.41,4.5,2346
325,35,2020-09-30 18:30:00,4.45,4.45,4.45,4.45,600
326,34,2020-09-30 19:30:00,4.45,4.45,4.45,4.45,2000
327,33,2020-09-30 20:00:00,4.42,4.45,4.42,4.45,1000
328,32,2020-10-01 09:30:00,4.41,4.41,4.38,4.38,2104
329,31,2020-10-01 10:00:00,4.38,4.44,4.37,4.41,198467
330,30,2020-10-01 10:30:00,4.4,4.42,4.38,4.415,121505
331,29,2020-10-01 11:00:00,4.415,4.44,4.405,4.42,111846
332,28,2020-10-01 11:30:00,4.42,4.42,4.38,4.4,80436
333,27,2020-10-01 12:00:00,4.3999,4.41,4.37,4.39,56665
334,26,2020-10-01 12:30:00,4.3889,4.4,4.36,4.395,106300
335,25,2020-10-01 13:00:00,4.4,4.4273,4.4,4.415,61772
336,24,2020-10-01 13:30:00,4.41,4.45,4.41,4.45,112478
337,23,2020-10-01 14:00:00,4.45,4.5,4.441,4.485,179359
338,22,2020-10-01 14:30:00,4.485,4.4909,4.42,4.47,244455
339,21,2020-10-01 15:00:00,4.4699,4.52,4.46,4.52,114456
340,20,2020-10-01 15:30:00,4.5156,4.53,4.48,4.5,127958
341,19,2020-10-01 16:00:00,4.4982,4.53,4.4916,4.51,218046
342,18,2020-10-01 16:30:00,4.5,4.52,4.5,4.52,10065
343,17,2020-10-01 18:30:00,4.46,4.46,4.45,4.45,5700
344,16,2020-10-02 08:30:00,4.3601,4.3601,4.3601,4.3601,139
345,15,2020-10-02 09:30:00,4.4,4.51,4.4,4.47,13167
346,14,2020-10-02 10:00:00,4.45,4.555,4.45,4.51,174320
347,13,2020-10-02 10:30:00,4.505,4.535,4.48,4.5,158367
348,12,2020-10-02 11:00:00,4.49,4.51,4.4501,4.47,82488
349,11,2020-10-02 11:30:00,4.46,4.495,4.445,4.495,77522
350,10,2020-10-02 12:00:00,4.49,4.49,4.43,4.435,320659
351,9,2020-10-02 12:30:00,4.43,4.555,4.421,4.52,309571
352,8,2020-10-02 13:00:00,4.52,4.56,4.515,4.545,154191
353,7,2020-10-02 13:30:00,4.55,4.57,4.53,4.555,221086
354,6,2020-10-02 14:00:00,4.5568,4.56,4.51,4.53,43518
355,5,2020-10-02 14:30:00,4.53,4.58,4.525,4.57,70543
356,4,2020-10-02 15:00:00,4.575,4.585,4.55,4.57,69937
357,3,2020-10-02 15:30:00,4.56,4.58,4.53,4.58,148007
358,2,2020-10-02 16:00:00,4.575,4.6,4.55,4.56,227418
359,1,2020-10-02 16:30:00,4.56,4.56,4.56,4.56,14825
360,0,2020-10-02 17:00:00,4.5,4.57,4.5,4.54,900
