,index,time,open,high,low,close,volume
0,151,2019-08-12 10:30:00,25.7860992907,25.7860992907,25.761452115900003,25.761452115900003,345
1,150,2019-08-12 12:30:00,25.846733215300002,25.8561047647,25.846733215300002,25.8561047647,800
2,149,2019-08-12 14:30:00,25.865476314099997,25.865476314099997,25.8561047647,25.8561047647,478
3,148,2019-08-12 15:00:00,25.846733215300002,25.846733215300002,25.846733215300002,25.846733215300002,451
4,147,2019-08-12 16:00:00,25.874847863499998,25.874847863499998,25.874847863499998,25.874847863499998,111
5,146,2019-08-13 10:00:00,26.034164203099998,26.034164203099998,26.034164203099998,26.034164203099998,2188
6,145,2019-08-13 10:30:00,25.9873064561,25.9873064561,25.9873064561,25.9873064561,200
7,144,2019-08-13 11:00:00,25.9873064561,25.9873064561,25.9873064561,25.9873064561,100
8,143,2019-08-13 14:00:00,25.9966780055,26.0060495549,25.9966780055,26.0060495549,520
9,142,2019-08-13 14:30:00,26.0060495549,26.0060495549,26.0060495549,26.0060495549,200
10,141,2019-08-13 15:00:00,26.0060495549,26.034164203099998,26.0060495549,26.0247926537,1754
11,140,2019-08-13 15:30:00,26.0247926537,26.0247926537,26.0247926537,26.0247926537,209
12,139,2019-08-13 16:00:00,26.08102195,26.08102195,26.08102195,26.08102195,348
13,138,2019-08-14 10:00:00,26.0435357525,26.08102195,26.0435357525,26.08102195,1902
14,137,2019-08-14 10:30:00,26.0248863692,26.0248863692,26.0248863692,26.0248863692,674
15,136,2019-08-14 14:00:00,26.034164203099998,26.0622788512,25.846733215300002,25.846733215300002,4584
16,135,2019-08-14 16:00:00,25.8561047647,26.0435357525,25.849263533600002,26.0435357525,900
17,134,2019-08-15 10:00:00,26.109136598200003,26.137251246399998,26.109136598200003,26.137251246399998,2300
18,133,2019-08-15 12:00:00,26.2157848302,26.2157848302,26.2122236415,26.2122236415,1512
19,132,2019-08-15 13:30:00,26.268452937800003,26.268452937800003,26.268452937800003,26.268452937800003,544
20,131,2019-08-15 15:30:00,26.2403382896,26.2403382896,26.2403382896,26.2403382896,100
21,130,2019-08-16 10:30:00,26.259081388400002,26.259081388400002,26.1290042829,26.1677087819,3200
22,129,2019-08-16 12:00:00,26.296567586,26.296567586,26.2409942981,26.2409942981,1200
23,128,2019-08-16 13:30:00,26.268452937800003,26.268452937800003,26.268452937800003,26.268452937800003,1000
24,127,2019-08-16 14:00:00,26.3809115305,26.3809115305,26.3809115305,26.3809115305,100
25,126,2019-08-16 14:30:00,26.3809115305,26.3809115305,26.296567586,26.3668542064,1933
26,125,2019-08-16 15:00:00,26.3668542064,26.3668542064,26.3668542064,26.3668542064,100
27,124,2019-08-16 16:00:00,26.4558839256,26.4558839256,26.296567586,26.3059391354,1809
28,123,2019-08-19 10:00:00,26.08102195,26.08102195,26.08102195,26.08102195,530
29,122,2019-08-19 13:00:00,26.390283079899998,26.390283079899998,26.390283079899998,26.390283079899998,100
30,121,2019-08-19 14:00:00,26.390283079899998,26.390283079899998,26.390283079899998,26.390283079899998,100
31,120,2019-08-19 14:30:00,26.390283079899998,26.390283079899998,26.390283079899998,26.390283079899998,100
32,119,2019-08-19 15:00:00,26.249709839,26.3809115305,26.249709839,26.3809115305,3920
33,118,2019-08-19 16:00:00,26.3996546293,26.3996546293,26.3615124232,26.3996546293,1215
34,117,2019-08-20 11:30:00,26.5683425183,26.5683425183,26.446512376199998,26.446512376199998,772
35,116,2019-08-20 12:00:00,26.446512376199998,26.5589709689,26.446512376199998,26.487091185100002,1909
36,115,2019-08-20 12:30:00,26.5683425183,26.5683425183,26.5683425183,26.5683425183,100
37,114,2019-08-20 13:30:00,26.5683425183,26.5683425183,26.5683425183,26.5683425183,200
38,113,2019-08-20 14:00:00,26.4849357287,26.5683425183,26.4849357287,26.5683425183,600
39,112,2019-08-20 14:30:00,26.4839985738,26.4839985738,26.4839985738,26.4839985738,450
40,111,2019-08-20 16:00:00,26.5683425183,26.5683425183,26.5683425183,26.5683425183,200
41,110,2019-08-21 10:30:00,26.549599419499998,26.549599419499998,26.549599419499998,26.549599419499998,100
42,109,2019-08-21 11:00:00,26.549599419499998,26.6620580122,26.549599419499998,26.6620580122,8900
43,108,2019-08-21 11:30:00,26.6620580122,26.6620580122,26.5683425183,26.577714067600002,1530
44,107,2019-08-21 12:30:00,26.5589709689,26.5589709689,26.5589709689,26.5589709689,1689
45,106,2019-08-21 13:00:00,26.5027416725,26.5027416725,26.5027416725,26.5027416725,614
46,105,2019-08-21 13:30:00,26.418397728000002,26.418397728000002,26.418397728000002,26.418397728000002,100
47,104,2019-08-21 15:00:00,26.3996546293,26.4277692774,26.3996546293,26.418397728000002,3465
48,103,2019-08-21 15:30:00,26.4276755619,26.4277692774,26.4276755619,26.4277692774,404
49,102,2019-08-21 16:00:00,26.4277692774,26.4277692774,26.4277692774,26.4277692774,200
50,101,2019-08-21 16:30:00,26.4586953904,26.4586953904,26.4586953904,26.4586953904,5322
51,100,2019-08-22 10:00:00,26.4277692774,26.4277692774,26.4277692774,26.4277692774,1400
52,99,2019-08-22 11:00:00,26.3434253329,26.3434253329,26.3153106848,26.3340537835,4200
53,98,2019-08-22 11:30:00,26.2872897521,26.349048262600004,26.2403382896,26.349048262600004,1362
54,97,2019-08-22 12:00:00,26.3527968823,26.3527968823,26.3527968823,26.3527968823,123
55,96,2019-08-22 13:00:00,26.3527968823,26.3527968823,26.3434253329,26.3527968823,1277
56,95,2019-08-22 13:30:00,26.3527968823,26.3527968823,26.3527968823,26.3527968823,1006
57,94,2019-08-22 14:00:00,26.3527968823,26.3809115305,26.2215951909,26.2215951909,4875
58,93,2019-08-22 14:30:00,26.1841089933,26.1841089933,26.1841089933,26.1841089933,100
59,92,2019-08-22 15:00:00,26.1934805427,26.1934805427,26.1863581652,26.1863581652,200
60,91,2019-08-22 15:30:00,26.2122236415,26.2262809656,26.2122236415,26.2262809656,356
61,90,2019-08-22 16:00:00,26.2309667402,26.249709839,26.2309667402,26.2403382896,2151
62,89,2019-08-22 16:30:00,26.3387395582,26.3387395582,26.3387395582,26.3387395582,6123
63,88,2019-08-23 10:00:00,26.3246822341,26.3340537835,26.2403382896,26.249709839,1908
64,87,2019-08-23 10:30:00,26.2759501773,26.2759501773,26.2403382896,26.2403382896,1556
65,86,2019-08-23 11:00:00,26.2403382896,26.2403382896,26.2403382896,26.2403382896,500
66,85,2019-08-23 13:00:00,26.249709839,26.249709839,26.249709839,26.249709839,600
67,84,2019-08-23 13:30:00,26.2665786279,26.268452937800003,26.249709839,26.259081388400002,2827
68,83,2019-08-23 14:00:00,26.259081388400002,26.259081388400002,26.259081388400002,26.259081388400002,138
69,82,2019-08-23 14:30:00,26.249709839,26.249709839,26.2309667402,26.2403382896,1238
70,81,2019-08-23 15:00:00,26.277824487199997,26.277824487199997,26.2403382896,26.2403382896,500
71,80,2019-08-23 15:30:00,26.2403382896,26.2403382896,26.2403382896,26.2403382896,100
72,79,2019-08-23 16:00:00,26.3715399811,26.3715399811,26.3715399811,26.3715399811,100
73,78,2019-08-26 10:00:00,26.2028520921,26.2028520921,26.2028520921,26.2028520921,200
74,77,2019-08-26 11:00:00,26.347923676599997,26.347923676599997,26.347923676599997,26.347923676599997,400
75,76,2019-08-26 12:00:00,26.2679843603,26.2679843603,26.2679843603,26.2679843603,200
76,75,2019-08-26 13:00:00,26.3715399811,26.3715399811,26.3715399811,26.3715399811,100
77,74,2019-08-26 14:30:00,26.3155918312,26.3155918312,26.3155918312,26.3155918312,200
78,73,2019-08-26 15:30:00,26.362168431700002,26.3715399811,26.362168431700002,26.3715399811,224
79,72,2019-08-26 16:00:00,26.3715399811,26.3715399811,26.3715399811,26.3715399811,1008
80,71,2019-08-27 10:30:00,26.6152002652,26.6152002652,26.6152002652,26.6152002652,500
81,70,2019-08-27 11:00:00,26.587085617,26.587085617,26.572559715500002,26.577714067600002,732
82,69,2019-08-27 12:00:00,26.577714067600002,26.577714067600002,26.577714067600002,26.577714067600002,798
83,68,2019-08-27 12:30:00,26.530856320700003,26.530856320700003,26.4485741171,26.4485741171,2031
84,67,2019-08-27 13:00:00,26.4933701231,26.4933701231,26.475283032800004,26.4933701231,391
85,66,2019-08-27 14:30:00,26.5402278701,26.5402278701,26.4933701231,26.4933701231,533
86,65,2019-08-27 15:00:00,26.504897128899998,26.504897128899998,26.504897128899998,26.504897128899998,200
87,64,2019-08-27 15:30:00,26.5121132219,26.5121132219,26.4933701231,26.4933701231,588
88,63,2019-08-27 16:00:00,26.530856320700003,26.5402278701,26.530856320700003,26.5402278701,348
89,62,2019-08-27 16:30:00,26.4943072781,26.4943072781,26.4943072781,26.4943072781,2121
90,61,2019-08-28 10:00:00,26.5589709689,26.5589709689,26.5589709689,26.5589709689,200
91,60,2019-08-28 11:00:00,26.5589709689,26.587085617,26.5589709689,26.587085617,4172
92,59,2019-08-28 12:00:00,26.5589709689,26.5589709689,26.5589709689,26.5589709689,489
93,58,2019-08-28 12:30:00,26.5402278701,26.587085617,26.521484771300003,26.5683425183,1363
94,57,2019-08-28 13:00:00,26.521484771300003,26.5219533488,26.390376795399998,26.390376795399998,2003
95,56,2019-08-28 13:30:00,26.3820361164,26.3820361164,26.3820361164,26.3820361164,200
96,55,2019-08-28 14:00:00,26.3809115305,26.3809115305,26.3809115305,26.3809115305,800
97,54,2019-08-28 16:00:00,26.4839985738,26.4839985738,26.4839985738,26.4839985738,416
98,53,2019-08-28 16:30:00,26.5233590812,26.5233590812,26.5233590812,26.5233590812,2405
99,52,2019-08-29 10:00:00,26.691929742600003,26.691929742600003,26.5590868644,26.5590868644,1334
100,51,2019-08-29 11:30:00,26.6729521885,26.6729521885,26.5685756414,26.5685756414,574
101,50,2019-08-29 12:00:00,26.6358510704,26.6358510704,26.6358510704,26.6358510704,115
102,49,2019-08-29 12:30:00,26.6444858575,26.6444858575,26.6444858575,26.6444858575,100
103,48,2019-08-29 13:00:00,26.5685756414,26.5685756414,26.5685756414,26.5685756414,392
104,47,2019-08-29 14:30:00,26.634997080500003,26.634997080500003,26.634997080500003,26.634997080500003,100
105,46,2019-08-29 15:00:00,26.5780644184,26.5780644184,26.5780644184,26.5780644184,100
106,45,2019-08-29 15:30:00,26.597041972399996,26.597041972399996,26.5404888614,26.5404888614,400
107,44,2019-08-29 16:00:00,26.5780644184,26.5780644184,26.5780644184,26.5780644184,130
108,43,2019-08-30 11:00:00,26.938637945,26.938637945,26.824772620799997,26.8368233676,1990
109,42,2019-08-30 11:30:00,26.824772620799997,26.824772620799997,26.824772620799997,26.824772620799997,300
110,41,2019-08-30 12:00:00,26.8152838438,26.824772620799997,26.8152838438,26.8152838438,300
111,40,2019-08-30 12:30:00,26.824772620799997,26.824772620799997,26.7868175127,26.7868175127,266
112,39,2019-08-30 13:00:00,26.777328735700003,26.777328735700003,26.6859518131,26.777328735700003,1233
113,38,2019-08-30 14:00:00,26.7963062897,26.824772620799997,26.534321156399997,26.824772620799997,3187
114,37,2019-08-30 14:30:00,26.824772620799997,26.824772620799997,26.7868175127,26.8152838438,614
115,36,2019-08-30 15:00:00,26.8152838438,26.8152838438,26.7963062897,26.8152838438,600
116,35,2019-08-30 15:30:00,26.8152838438,26.8152838438,26.8152838438,26.8152838438,200
117,34,2019-08-30 16:00:00,26.824677733,26.8817052829,26.824677733,26.8817052829,3648
118,33,2019-09-03 10:00:00,26.729884850599998,26.729884850599998,26.6444858575,26.6444858575,851
119,32,2019-09-03 10:30:00,26.6065307494,26.634997080500003,26.179535783800002,26.193768949299997,15214
120,31,2019-09-03 11:00:00,26.1226031217,26.1890245608,25.164236643200002,25.164236643200002,25237
121,30,2019-09-03 11:30:00,25.1737254202,25.335034629499997,25.012416210999998,25.154747866199997,11492
122,29,2019-09-03 12:00:00,25.231037633400003,25.2676643127,25.2069361398,25.2116805283,2556
123,28,2019-09-03 12:30:00,25.2116805283,25.619223501100002,25.2116805283,25.6083114075,5001
124,27,2019-09-03 13:00:00,25.3540121835,25.382478514499997,25.2591244133,25.377734126,810
125,26,2019-09-03 13:30:00,25.335034629499997,25.382478514499997,25.335034629499997,25.344523406500002,1290
126,25,2019-09-03 14:30:00,25.3729897375,25.3729897375,25.3540121835,25.3540121835,500
127,24,2019-09-03 15:30:00,25.5627652778,25.5978737528,25.4014560686,25.4109448456,2477
128,23,2019-09-03 16:00:00,25.4299223996,25.5058326157,25.2875907444,25.3540121835,7600
129,22,2019-09-04 09:00:00,25.3635009605,25.382478514499997,25.3540121835,25.3540121835,2100
130,21,2019-09-04 10:00:00,25.486855061700002,25.486855061700002,25.486855061700002,25.486855061700002,2023
131,20,2019-09-04 10:30:00,25.5437877238,25.5532765008,25.240146859299998,25.2971744092,5535
132,19,2019-09-04 13:00:00,25.4963438387,25.5153213927,25.4963438387,25.5153213927,921
133,18,2019-09-04 14:00:00,25.6102091629,25.619697939899996,25.5153213927,25.5153213927,3155
134,17,2019-09-04 15:00:00,25.5153213927,25.5153213927,25.5153213927,25.5153213927,100
135,16,2019-09-04 16:00:00,25.5342989468,25.752540818099998,25.5248101698,25.572254054800002,7121
136,15,2019-09-05 10:00:00,25.667141825,25.667141825,25.667141825,25.667141825,411
137,14,2019-09-05 14:00:00,25.619697939899996,25.6481642709,25.5912316089,25.5912316089,2829
138,13,2019-09-05 14:30:00,25.6481642709,25.6481642709,25.6481642709,25.6481642709,1000
139,12,2019-09-05 16:00:00,25.6481642709,25.6481642709,25.6481642709,25.6481642709,2000
140,11,2019-09-06 10:00:00,25.5532765008,25.5532765008,25.5532765008,25.5532765008,200
141,10,2019-09-06 10:30:00,25.6102091629,25.6102091629,25.5524225109,25.5998663959,1900
142,9,2019-09-06 11:30:00,25.7240744871,25.7240744871,25.7240744871,25.7240744871,1000
143,8,2019-09-06 12:30:00,25.8088092658,25.8758949193,25.8088092658,25.8758949193,717
144,7,2019-09-06 13:00:00,25.847428588299998,25.847428588299998,25.847428588299998,25.847428588299998,200
145,6,2019-09-06 15:30:00,25.829494799699997,25.829494799699997,25.8189622572,25.8189622572,1242
146,5,2019-09-09 10:00:00,25.8664061423,25.8664061423,25.8588151207,25.8588151207,716
147,4,2019-09-09 15:00:00,25.8664061423,25.8664061423,25.8664061423,25.8664061423,172
148,3,2019-09-09 15:30:00,25.8664061423,25.8664061423,25.8664061423,25.8664061423,1111
149,2,2019-09-09 16:00:00,25.8664061423,25.8664061423,25.8664061423,25.8664061423,545
150,1,2019-09-10 15:00:00,25.8189622572,25.847428588299998,25.8189622572,25.847428588299998,326
151,0,2019-09-10 16:00:00,25.8284510342,25.8284510342,25.7904959262,25.7904959262,731
