,index,time,open,high,low,close,volume
0,489,2020-02-10 09:00:00,11.76,11.8,11.74,11.7922,10224
1,488,2020-02-10 09:30:00,11.74,11.77,11.67,11.72,19325
2,487,2020-02-10 10:00:00,11.7,11.825,11.65,11.821,2110505
3,486,2020-02-10 10:30:00,11.82,11.94,11.8,11.93,1289768
4,485,2020-02-10 11:00:00,11.925,12.01,11.92,11.975,1825449
5,484,2020-02-10 11:30:00,11.98,12.025,11.97,11.975,1086984
6,483,2020-02-10 12:00:00,11.975,12.01,11.965,12.0,1181710
7,482,2020-02-10 12:30:00,12.005,12.01,11.96,11.985,666050
8,481,2020-02-10 13:00:00,11.99,12.0,11.95,11.99,927171
9,480,2020-02-10 13:30:00,11.99,12.03,11.98,12.015,403479
10,479,2020-02-10 14:00:00,12.0112,12.04,12.01,12.0101,511498
11,478,2020-02-10 14:30:00,12.01,12.11,11.99,12.105,1707051
12,477,2020-02-10 15:00:00,12.105,12.17,12.1,12.14,1305988
13,476,2020-02-10 15:30:00,12.145,12.19,12.14,12.155,1695982
14,475,2020-02-10 16:00:00,12.155,12.19,12.135,12.165,2805143
15,474,2020-02-10 16:30:00,12.17,12.17,12.12,12.15,333555
16,473,2020-02-10 17:00:00,12.17,12.17,12.17,12.17,83186
17,472,2020-02-10 17:30:00,12.1802,12.1802,12.1802,12.1802,100
18,471,2020-02-10 18:00:00,12.19,12.19,12.19,12.19,100
19,470,2020-02-10 19:00:00,12.19,12.19,12.19,12.19,590
20,469,2020-02-10 20:00:00,12.2,12.22,12.2,12.22,1000
21,468,2020-02-11 07:30:00,12.33,12.36,12.33,12.36,1100
22,467,2020-02-11 08:00:00,12.33,12.34,12.33,12.34,720
23,466,2020-02-11 08:30:00,12.3299,12.34,12.25,12.3,3601
24,465,2020-02-11 09:00:00,12.3,12.3,12.25,12.27,21099
25,464,2020-02-11 09:30:00,12.25,12.4,12.24,12.36,14888
26,463,2020-02-11 10:00:00,12.4,12.765,12.37,12.7241,5941987
27,462,2020-02-11 10:30:00,12.725,12.85,12.67,12.6751,5013771
28,461,2020-02-11 11:00:00,12.68,12.715,12.65,12.7,1489597
29,460,2020-02-11 11:30:00,12.7,12.715,12.52,12.525,1590956
30,459,2020-02-11 12:00:00,12.52,12.525,12.41,12.44,1983755
31,458,2020-02-11 12:30:00,12.44,12.5,12.39,12.495,1402264
32,457,2020-02-11 13:00:00,12.495,12.51,12.445,12.475,1341690
33,456,2020-02-11 13:30:00,12.47,12.56,12.44,12.56,1430236
34,455,2020-02-11 14:00:00,12.56,12.585,12.47,12.51,1149075
35,454,2020-02-11 14:30:00,12.505,12.51,12.425,12.46,1155434
36,453,2020-02-11 15:00:00,12.46,12.49,12.43,12.455,770842
37,452,2020-02-11 15:30:00,12.455,12.46,12.36,12.4,1902436
38,451,2020-02-11 16:00:00,12.395,12.41,12.35,12.4,3194561
39,450,2020-02-11 16:30:00,12.4,12.4,12.35,12.35,303951
40,449,2020-02-11 17:00:00,12.4,12.4,12.4,12.4,24777
41,448,2020-02-11 19:30:00,12.48,12.48,12.48,12.48,200
42,447,2020-02-11 20:00:00,12.41,12.41,12.41,12.41,480
43,446,2020-02-12 07:00:00,12.52,12.8,12.52,12.8,20120
44,445,2020-02-12 07:30:00,12.7,12.7,12.7,12.7,600
45,444,2020-02-12 08:00:00,12.7,12.73,12.68,12.73,1200
46,443,2020-02-12 08:30:00,12.7486,12.7486,12.66,12.74,17732
47,442,2020-02-12 09:00:00,12.73,12.75,12.7,12.7002,4055
48,441,2020-02-12 09:30:00,12.7,12.82,12.68,12.81,37273
49,440,2020-02-12 10:00:00,12.8,12.86,12.7,12.745,4232302
50,439,2020-02-12 10:30:00,12.745,12.78,12.64,12.7,1754351
51,438,2020-02-12 11:00:00,12.69,12.72,12.62,12.675,1328822
52,437,2020-02-12 11:30:00,12.68,12.69,12.65,12.66,1151802
53,436,2020-02-12 12:00:00,12.655,12.665,12.52,12.57,1192143
54,435,2020-02-12 12:30:00,12.575,12.6,12.555,12.595,379191
55,434,2020-02-12 13:00:00,12.595,12.63,12.585,12.625,466516
56,433,2020-02-12 13:30:00,12.625,12.665,12.62,12.645,628260
57,432,2020-02-12 14:00:00,12.64,12.75,12.64,12.745,1191889
58,431,2020-02-12 14:30:00,12.7499,12.76,12.71,12.71,1003203
59,430,2020-02-12 15:00:00,12.7101,12.73,12.66,12.6929,1576710
60,429,2020-02-12 15:30:00,12.695,12.76,12.69,12.705,1628814
61,428,2020-02-12 16:00:00,12.705,12.73,12.66,12.67,2484966
62,427,2020-02-12 16:30:00,12.67,12.67,12.6302,12.67,132212
63,426,2020-02-12 17:00:00,12.67,12.67,12.67,12.67,37611
64,425,2020-02-12 17:30:00,12.7,12.7,12.7,12.7,100
65,424,2020-02-12 18:00:00,12.67,12.72,12.67,12.7,2049
66,423,2020-02-12 18:30:00,12.72,12.72,12.72,12.72,199
67,422,2020-02-12 19:00:00,12.68,12.68,12.57,12.57,9450
68,421,2020-02-12 19:30:00,12.57,12.57,12.57,12.57,2000
69,420,2020-02-12 20:00:00,12.56,12.56,12.54,12.54,4575
70,419,2020-02-13 07:30:00,12.51,12.52,12.5,12.5,9678
71,418,2020-02-13 08:00:00,12.42,12.42,12.42,12.42,100
72,417,2020-02-13 08:30:00,12.4301,12.5198,12.2,12.51,57591
73,416,2020-02-13 09:00:00,12.48,12.58,12.48,12.58,2098
74,415,2020-02-13 09:30:00,12.58,12.64,12.54,12.63,16239
75,414,2020-02-13 10:00:00,12.64,12.67,12.5,12.61,3299185
76,413,2020-02-13 10:30:00,12.61,12.68,12.51,12.545,2884525
77,412,2020-02-13 11:00:00,12.55,12.56,12.465,12.535,1274330
78,411,2020-02-13 11:30:00,12.535,12.55,12.48,12.545,900242
79,410,2020-02-13 12:00:00,12.55,12.675,12.54,12.665,1625065
80,409,2020-02-13 12:30:00,12.665,12.69,12.6,12.635,904705
81,408,2020-02-13 13:00:00,12.6399,12.67,12.55,12.55,1162082
82,407,2020-02-13 13:30:00,12.55,12.6,12.495,12.5822,1520924
83,406,2020-02-13 14:00:00,12.585,12.63,12.57,12.615,706461
84,405,2020-02-13 14:30:00,12.615,12.67,12.615,12.645,544673
85,404,2020-02-13 15:00:00,12.645,12.675,12.61,12.65,835768
86,403,2020-02-13 15:30:00,12.65,12.66,12.61,12.645,663661
87,402,2020-02-13 16:00:00,12.64,12.67,12.61,12.615,2582753
88,401,2020-02-13 16:30:00,12.61,12.61,12.57,12.57,345097
89,400,2020-02-13 17:00:00,12.57,12.61,12.57,12.61,17011
90,399,2020-02-13 18:30:00,12.62,12.62,12.62,12.62,100
91,398,2020-02-13 19:00:00,12.61,12.61,12.61,12.61,900
92,397,2020-02-13 20:00:00,12.61,12.61,12.58,12.6099,9601
93,396,2020-02-14 08:00:00,12.69,12.72,12.66,12.66,1210
94,395,2020-02-14 08:30:00,12.63,12.67,12.63,12.67,7014
95,394,2020-02-14 09:00:00,12.69,12.69,12.67,12.6799,1802
96,393,2020-02-14 09:30:00,12.63,12.63,12.5,12.51,9124
97,392,2020-02-14 10:00:00,12.5,12.58,12.46,12.535,3047801
98,391,2020-02-14 10:30:00,12.535,12.54,12.35,12.37,3533089
99,390,2020-02-14 11:00:00,12.37,12.375,12.28,12.29,2066662
100,389,2020-02-14 11:30:00,12.29,12.29,12.12,12.2,5592083
101,388,2020-02-14 12:00:00,12.21,12.25,12.15,12.155,1314834
102,387,2020-02-14 12:30:00,12.15,12.155,12.11,12.13,807684
103,386,2020-02-14 13:00:00,12.135,12.15,12.08,12.1031,1672994
104,385,2020-02-14 13:30:00,12.105,12.11,12.01,12.085,1511620
105,384,2020-02-14 14:00:00,12.085,12.15,12.07,12.11,962982
106,383,2020-02-14 14:30:00,12.11,12.18,12.11,12.16,1031468
107,382,2020-02-14 15:00:00,12.15,12.22,12.15,12.185,1492042
108,381,2020-02-14 15:30:00,12.19,12.21,12.15,12.175,1433306
109,380,2020-02-14 16:00:00,12.175,12.25,12.16,12.235,4836782
110,379,2020-02-14 16:30:00,12.24,12.27,12.24,12.27,154381
111,378,2020-02-14 17:00:00,12.24,12.24,12.24,12.24,27341
112,377,2020-02-14 17:30:00,12.25,12.25,12.24,12.24,535
113,376,2020-02-14 19:00:00,12.24,12.24,12.2,12.24,2470
114,375,2020-02-14 19:30:00,12.16,12.16,12.16,12.16,5000
115,374,2020-02-18 07:30:00,12.07,12.07,12.05,12.05,751
116,373,2020-02-18 08:00:00,12.1,12.1,12.07,12.07,480
117,372,2020-02-18 08:30:00,12.06,12.15,12.06,12.09,10675
118,371,2020-02-18 09:00:00,12.09,12.1,12.05,12.08,9400
119,370,2020-02-18 09:30:00,12.08,12.11,12.06,12.06,9540
120,369,2020-02-18 10:00:00,12.04,12.095,11.97,12.045,2625375
121,368,2020-02-18 10:30:00,12.0475,12.05,11.93,11.93,1305206
122,367,2020-02-18 11:00:00,11.93,12.03,11.93,11.995,1007880
123,366,2020-02-18 11:30:00,11.9983,12.01,11.905,11.93,1017224
124,365,2020-02-18 12:00:00,11.93,11.95,11.89,11.89,1260120
125,364,2020-02-18 12:30:00,11.89,12.0,11.88,11.96,1219467
126,363,2020-02-18 13:00:00,11.9669,12.0,11.93,11.94,974888
127,362,2020-02-18 13:30:00,11.945,11.99,11.94,11.98,837359
128,361,2020-02-18 14:00:00,11.98,12.01,11.97,11.995,603790
129,360,2020-02-18 14:30:00,11.995,12.03,11.98,12.02,672657
130,359,2020-02-18 15:00:00,12.02,12.07,12.02,12.0499,862218
131,358,2020-02-18 15:30:00,12.045,12.08,12.03,12.045,873391
132,357,2020-02-18 16:00:00,12.04,12.05,11.99,12.02,2078404
133,356,2020-02-18 16:30:00,12.0,12.02,11.87,11.87,483631
134,355,2020-02-18 17:00:00,12.02,12.02,12.02,12.02,25312
135,354,2020-02-18 17:30:00,11.98,12.0199,11.98,12.0199,1083
136,353,2020-02-18 18:30:00,12.02,12.02,12.02,12.02,119
137,352,2020-02-18 20:00:00,12.06,12.06,12.06,12.06,200
138,351,2020-02-19 05:30:00,12.1,12.1,12.1,12.1,355
139,350,2020-02-19 07:30:00,12.06,12.06,12.06,12.06,400
140,349,2020-02-19 08:00:00,12.06,12.08,12.06,12.06,900
141,348,2020-02-19 08:30:00,12.0599,12.09,12.04,12.04,6850
142,347,2020-02-19 09:00:00,12.06,12.06,12.0599,12.0599,1500
143,346,2020-02-19 09:30:00,12.04,12.1,12.02,12.06,49107
144,345,2020-02-19 10:00:00,12.08,12.11,12.03,12.04,1593393
145,344,2020-02-19 10:30:00,12.04,12.09,12.02,12.08,1064165
146,343,2020-02-19 11:00:00,12.075,12.09,12.025,12.045,1440462
147,342,2020-02-19 11:30:00,12.045,12.105,12.015,12.08,1257764
148,341,2020-02-19 12:00:00,12.075,12.11,12.045,12.0815,996339
149,340,2020-02-19 12:30:00,12.085,12.1,12.045,12.075,982670
150,339,2020-02-19 13:00:00,12.075,12.09,12.06,12.075,487437
151,338,2020-02-19 13:30:00,12.07,12.1,12.065,12.093,787817
152,337,2020-02-19 14:00:00,12.09,12.1084,12.06,12.07,489808
153,336,2020-02-19 14:30:00,12.07,12.11,12.05,12.08,1393249
154,335,2020-02-19 15:00:00,12.08,12.1,12.06,12.08,888754
155,334,2020-02-19 15:30:00,12.075,12.085,12.04,12.08,777048
156,333,2020-02-19 16:00:00,12.08,12.12,12.07,12.1,2477917
157,332,2020-02-19 16:30:00,12.1,12.1,12.1,12.1,1144634
158,331,2020-02-19 17:00:00,12.1,12.1,12.1,12.1,6016
159,330,2020-02-19 17:30:00,12.11,12.11,12.11,12.11,500
160,329,2020-02-19 18:00:00,12.11,12.11,12.1099,12.1099,1000
161,328,2020-02-19 19:00:00,12.11,12.11,12.11,12.11,1000
162,327,2020-02-19 19:30:00,12.12,12.2,12.11,12.2,14875
163,326,2020-02-19 20:00:00,12.15,12.15,12.1,12.12,2700
164,325,2020-02-20 07:30:00,12.1,12.1,11.95,12.05,6728
165,324,2020-02-20 08:00:00,12.0,12.0,12.0,12.0,9996
166,323,2020-02-20 08:30:00,12.0001,12.1,12.0,12.0,124594
167,322,2020-02-20 09:00:00,12.02,12.02,12.0,12.0,14710
168,321,2020-02-20 09:30:00,12.05,12.1,12.05,12.1,4370
169,320,2020-02-20 10:00:00,12.03,12.32,12.02,12.3,1809514
170,319,2020-02-20 10:30:00,12.3,12.4,12.28,12.375,1454608
171,318,2020-02-20 11:00:00,12.375,12.435,12.3617,12.435,1388487
172,317,2020-02-20 11:30:00,12.44,12.5,12.29,12.29,3075729
173,316,2020-02-20 12:00:00,12.295,12.32,12.07,12.09,3295518
174,315,2020-02-20 12:30:00,12.08,12.115,12.045,12.09,985714
175,314,2020-02-20 13:00:00,12.1,12.125,12.065,12.105,820270
176,313,2020-02-20 13:30:00,12.1,12.14,12.08,12.1,1380054
177,312,2020-02-20 14:00:00,12.1,12.11,12.055,12.09,702451
178,311,2020-02-20 14:30:00,12.095,12.13,12.08,12.12,718467
179,310,2020-02-20 15:00:00,12.12,12.18,12.1,12.155,740926
180,309,2020-02-20 15:30:00,12.155,12.16,12.1,12.135,642499
181,308,2020-02-20 16:00:00,12.135,12.15,12.06,12.08,3118218
182,307,2020-02-20 16:30:00,12.08,12.08,12.08,12.08,39455
183,306,2020-02-20 17:00:00,12.08,12.08,12.08,12.08,8777
184,305,2020-02-20 17:30:00,12.1199,12.12,12.1199,12.12,250
185,304,2020-02-20 18:00:00,12.12,12.12,12.12,12.12,400
186,303,2020-02-20 18:30:00,12.04,12.04,12.04,12.04,445
187,302,2020-02-20 19:00:00,12.04,12.04,12.0,12.0,9278
188,301,2020-02-20 20:00:00,12.1,12.1,12.1,12.1,400
189,300,2020-02-21 04:30:00,12.1,12.1,12.1,12.1,199
190,299,2020-02-21 05:00:00,12.07,12.07,12.06,12.06,1700
191,298,2020-02-21 05:30:00,12.04,12.06,12.04,12.06,678
192,297,2020-02-21 07:30:00,12.02,12.13,12.02,12.04,3329
193,296,2020-02-21 08:00:00,12.08,12.1,12.05,12.08,3400
194,295,2020-02-21 08:30:00,12.08,12.5,12.02,12.13,67409
195,294,2020-02-21 09:00:00,12.12,12.12,12.08,12.08,2899
196,293,2020-02-21 09:30:00,12.06,12.08,12.0,12.0,12013
197,292,2020-02-21 10:00:00,12.01,12.01,11.78,11.815,2690520
198,291,2020-02-21 10:30:00,11.81,11.85,11.74,11.785,1702208
199,290,2020-02-21 11:00:00,11.7817,11.79,11.72,11.765,1713430
200,289,2020-02-21 11:30:00,11.77,11.87,11.765,11.84,2169765
201,288,2020-02-21 12:00:00,11.845,11.88,11.82,11.855,1385150
202,287,2020-02-21 12:30:00,11.855,11.9,11.85,11.8895,774937
203,286,2020-02-21 13:00:00,11.885,11.89,11.865,11.8801,924934
204,285,2020-02-21 13:30:00,11.885,11.89,11.85,11.875,753262
205,284,2020-02-21 14:00:00,11.875,11.89,11.8602,11.875,560485
206,283,2020-02-21 14:30:00,11.875,11.9,11.85,11.895,858060
207,282,2020-02-21 15:00:00,11.8927,11.93,11.88,11.91,865523
208,281,2020-02-21 15:30:00,11.915,11.93,11.89,11.905,874951
209,280,2020-02-21 16:00:00,11.91,11.96,11.87,11.94,2287001
210,279,2020-02-21 16:30:00,11.94,11.96,11.94,11.96,149759
211,278,2020-02-21 17:00:00,11.9,11.94,11.9,11.94,31761
212,277,2020-02-21 17:30:00,11.9499,11.95,11.9499,11.95,450
213,276,2020-02-21 18:30:00,11.93,11.93,11.93,11.93,1000
214,275,2020-02-21 20:00:00,11.96,11.96,11.85,11.85,2700
215,274,2020-02-24 04:30:00,11.5,11.5,11.25,11.25,2060
216,273,2020-02-24 05:00:00,11.29,11.29,11.18,11.18,4500
217,272,2020-02-24 05:30:00,11.18,11.18,11.12,11.12,1000
218,271,2020-02-24 06:00:00,11.09,11.09,11.05,11.08,5645
219,270,2020-02-24 06:30:00,11.12,11.12,11.12,11.12,1000
220,269,2020-02-24 07:30:00,11.51,11.51,11.23,11.23,10904
221,268,2020-02-24 08:00:00,11.26,11.26,11.17,11.25,3750
222,267,2020-02-24 08:30:00,11.25,11.3698,11.18,11.2,33853
223,266,2020-02-24 09:00:00,11.2,11.28,11.2,11.28,10075
224,265,2020-02-24 09:30:00,11.28,11.28,11.2,11.2,12787
225,264,2020-02-24 10:00:00,11.25,11.27,11.015,11.18,4749394
226,263,2020-02-24 10:30:00,11.175,11.27,11.15,11.175,1927422
227,262,2020-02-24 11:00:00,11.17,11.26,11.15,11.25,1145805
228,261,2020-02-24 11:30:00,11.25,11.26,11.09,11.14,2360193
229,260,2020-02-24 12:00:00,11.14,11.2,11.09,11.12,1658612
230,259,2020-02-24 12:30:00,11.12,11.17,11.11,11.125,776834
231,258,2020-02-24 13:00:00,11.125,11.19,11.09,11.165,752270
232,257,2020-02-24 13:30:00,11.16,11.24,11.14,11.24,786478
233,256,2020-02-24 14:00:00,11.24,11.24,11.15,11.17,994771
234,255,2020-02-24 14:30:00,11.17,11.22,11.11,11.195,1213984
235,254,2020-02-24 15:00:00,11.195,11.31,11.18,11.29,1821406
236,253,2020-02-24 15:30:00,11.285,11.31,11.22,11.255,1134577
237,252,2020-02-24 16:00:00,11.255,11.3,11.22,11.24,3270081
238,251,2020-02-24 16:30:00,11.24,11.33,11.17,11.33,310186
239,250,2020-02-24 17:00:00,11.24,11.35,11.24,11.35,206019
240,249,2020-02-24 17:30:00,11.3398,11.3398,11.22,11.2399,1600
241,248,2020-02-24 18:00:00,11.24,11.24,11.23,11.23,4620
242,247,2020-02-24 18:30:00,11.23,11.24,11.22,11.22,2723
243,246,2020-02-24 19:00:00,11.22,11.24,11.22,11.24,4213
244,245,2020-02-24 19:30:00,11.22,11.22,11.22,11.22,295
245,244,2020-02-24 20:00:00,11.3299,11.3299,11.24,11.24,1777
246,243,2020-02-25 07:00:00,11.33,11.33,11.33,11.33,200
247,242,2020-02-25 07:30:00,11.23,11.32,11.23,11.32,300
248,241,2020-02-25 08:00:00,11.34,11.36,11.34,11.35,4011
249,240,2020-02-25 08:30:00,11.35,11.35,11.3,11.32,6440
250,239,2020-02-25 09:00:00,11.3,11.32,11.29,11.32,1400
251,238,2020-02-25 09:30:00,11.27,11.33,11.27,11.33,6314
252,237,2020-02-25 10:00:00,11.32,11.36,11.19,11.2,2391267
253,236,2020-02-25 10:30:00,11.195,11.23,10.96,10.99,2309967
254,235,2020-02-25 11:00:00,10.98,11.03,10.83,10.945,3924409
255,234,2020-02-25 11:30:00,10.94,10.99,10.86,10.96,2359552
256,233,2020-02-25 12:00:00,10.96,11.09,10.94,11.055,4495423
257,232,2020-02-25 12:30:00,11.06,11.08,10.94,10.955,2332196
258,231,2020-02-25 13:00:00,10.96,11.0,10.9117,10.955,3933312
259,230,2020-02-25 13:30:00,10.955,11.0,10.915,10.945,1890079
260,229,2020-02-25 14:00:00,10.94,10.96,10.86,10.87,1601703
261,228,2020-02-25 14:30:00,10.86,10.89,10.7,10.7,2063391
262,227,2020-02-25 15:00:00,10.71,10.79,10.68,10.76,2205146
263,226,2020-02-25 15:30:00,10.76,10.84,10.67,10.735,1908525
264,225,2020-02-25 16:00:00,10.73,10.79,10.64,10.72,5224534
265,224,2020-02-25 16:30:00,10.73,10.7499,10.73,10.7499,692657
266,223,2020-02-25 17:00:00,10.72,10.75,10.72,10.75,272995
267,222,2020-02-25 17:30:00,10.78,10.78,10.78,10.78,1966
268,221,2020-02-25 18:00:00,10.7,10.8,10.7,10.8,400
269,220,2020-02-25 18:30:00,10.8,10.82,10.8,10.82,700
270,219,2020-02-25 19:00:00,10.83,10.88,10.83,10.88,6100
271,218,2020-02-25 19:30:00,10.88,10.88,10.88,10.88,198
272,217,2020-02-25 20:00:00,10.88,10.94,10.88,10.94,3580
273,216,2020-02-26 04:30:00,10.5,10.5,10.5,10.5,108
274,215,2020-02-26 07:00:00,10.77,10.81,10.77,10.8,5049
275,214,2020-02-26 07:30:00,10.79,10.86,10.79,10.86,732
276,213,2020-02-26 08:00:00,10.7,10.7,10.7,10.7,196
277,212,2020-02-26 08:30:00,10.8199,10.8202,10.63,10.82,8273
278,211,2020-02-26 09:00:00,10.82,10.84,10.8,10.8002,12371
279,210,2020-02-26 09:30:00,10.8,10.85,10.7,10.71,23071
280,209,2020-02-26 10:00:00,10.72,10.78,10.54,10.73,3461369
281,208,2020-02-26 10:30:00,10.73,10.755,10.62,10.6561,2054556
282,207,2020-02-26 11:00:00,10.66,10.725,10.65,10.67,1513210
283,206,2020-02-26 11:30:00,10.67,10.795,10.64,10.765,1853067
284,205,2020-02-26 12:00:00,10.765,10.79,10.65,10.68,1426206
285,204,2020-02-26 12:30:00,10.68,10.7,10.565,10.62,1945240
286,203,2020-02-26 13:00:00,10.62,10.68,10.58,10.62,1822741
287,202,2020-02-26 13:30:00,10.61,10.63,10.51,10.55,1125247
288,201,2020-02-26 14:00:00,10.55,10.56,10.4,10.48,1851457
289,200,2020-02-26 14:30:00,10.48,10.56,10.445,10.505,1011916
290,199,2020-02-26 15:00:00,10.505,10.57,10.47,10.49,1217161
291,198,2020-02-26 15:30:00,10.49,10.59,10.49,10.51,1580887
292,197,2020-02-26 16:00:00,10.51,10.53,10.45,10.47,4509507
293,196,2020-02-26 16:30:00,10.44,10.46,10.4,10.4,1916864
294,195,2020-02-26 17:00:00,10.49,10.49,10.46,10.46,113011
295,194,2020-02-26 17:30:00,10.45,10.51,10.43,10.43,1600
296,193,2020-02-26 18:00:00,10.51,10.51,10.51,10.51,500
297,192,2020-02-26 18:30:00,10.42,10.43,10.41,10.41,300
298,191,2020-02-26 20:00:00,10.4,10.4,10.4,10.4,200
299,190,2020-02-27 04:30:00,10.36,10.36,10.36,10.36,606
300,189,2020-02-27 06:30:00,10.29,10.29,10.29,10.29,606
301,188,2020-02-27 07:00:00,10.29,10.29,10.29,10.29,100
302,187,2020-02-27 07:30:00,10.46,10.46,10.16,10.16,7156
303,186,2020-02-27 08:00:00,10.26,10.26,10.16,10.2,3200
304,185,2020-02-27 08:30:00,10.21,10.28,10.14,10.2,38504
305,184,2020-02-27 09:00:00,10.17,10.2,10.14,10.1402,9904
306,183,2020-02-27 09:30:00,10.15,10.15,10.08,10.15,24333
307,182,2020-02-27 10:00:00,10.13,10.19,9.82,9.95,7381440
308,181,2020-02-27 10:30:00,9.95,9.98,9.8,9.835,3558856
309,180,2020-02-27 11:00:00,9.83,10.025,9.72,10.01,2988540
310,179,2020-02-27 11:30:00,10.015,10.165,9.98,10.045,4126179
311,178,2020-02-27 12:00:00,10.0494,10.26,10.035,10.245,5188773
312,177,2020-02-27 12:30:00,10.24,10.26,10.1413,10.175,3881158
313,176,2020-02-27 13:00:00,10.17,10.25,10.14,10.145,2880147
314,175,2020-02-27 13:30:00,10.15,10.24,10.125,10.16,1717005
315,174,2020-02-27 14:00:00,10.165,10.17,10.01,10.075,3911365
316,173,2020-02-27 14:30:00,10.07,10.13,10.035,10.1183,1859596
317,172,2020-02-27 15:00:00,10.115,10.12,10.01,10.01,1807775
318,171,2020-02-27 15:30:00,10.015,10.02,9.94,9.9507,3307035
319,170,2020-02-27 16:00:00,9.955,10.005,9.79,9.79,8226045
320,169,2020-02-27 16:30:00,9.82,9.82,9.74,9.74,319494
321,168,2020-02-27 17:00:00,9.8,9.8,9.72,9.75,381152
322,167,2020-02-27 17:30:00,9.71,9.8,9.6,9.6,51303
323,166,2020-02-27 18:00:00,9.6,9.7,9.55,9.6,6607
324,165,2020-02-27 18:30:00,9.5999,9.7,9.5999,9.7,3700
325,164,2020-02-27 19:00:00,9.7899,9.8,9.7899,9.8,71399
326,163,2020-02-27 19:30:00,9.75,9.75,9.75,9.75,1500
327,162,2020-02-27 20:00:00,9.75,9.8,9.75,9.8,3825
328,161,2020-02-28 04:30:00,9.3,9.3,9.09,9.09,3095
329,160,2020-02-28 05:00:00,9.1,9.1,9.1,9.1,302
330,159,2020-02-28 06:00:00,9.15,9.15,9.15,9.15,2325
331,158,2020-02-28 06:30:00,9.31,9.31,9.31,9.31,200
332,157,2020-02-28 07:00:00,9.38,9.38,9.31,9.31,750
333,156,2020-02-28 07:30:00,9.43,9.55,9.25,9.27,35784
334,155,2020-02-28 08:00:00,9.5,9.5,9.5,9.5,1895
335,154,2020-02-28 08:30:00,9.47,9.55,9.25,9.4601,17065
336,153,2020-02-28 09:00:00,9.55,9.55,9.45,9.5,87136
337,152,2020-02-28 09:30:00,9.49,9.49,9.3,9.3,31686
338,151,2020-02-28 10:00:00,9.29,9.65,9.2,9.5,7852614
339,150,2020-02-28 10:30:00,9.5,9.62,9.39,9.48,5857378
340,149,2020-02-28 11:00:00,9.47,9.59,9.42,9.535,6016691
341,148,2020-02-28 11:30:00,9.54,9.69,9.44,9.69,5817134
342,147,2020-02-28 12:00:00,9.7,9.875,9.64,9.67,5533602
343,146,2020-02-28 12:30:00,9.675,9.7,9.54,9.7,2320422
344,145,2020-02-28 13:00:00,9.7,9.79,9.66,9.735,2719580
345,144,2020-02-28 13:30:00,9.735,9.76,9.635,9.66,2690502
346,143,2020-02-28 14:00:00,9.65,9.66,9.52,9.635,1714717
347,142,2020-02-28 14:30:00,9.63,9.75,9.5506,9.695,2559494
348,141,2020-02-28 15:00:00,9.7,9.86,9.65,9.75,4331608
349,140,2020-02-28 15:30:00,9.75,9.84,9.645,9.735,4096613
350,139,2020-02-28 16:00:00,9.735,9.98,9.67,9.95,8520591
351,138,2020-02-28 16:30:00,9.96,10.0,9.89,10.0,2565260
352,137,2020-02-28 17:00:00,10.0,10.09,9.96,10.0102,60619
353,136,2020-02-28 17:30:00,10.05,10.05,10.01,10.01,15401
354,135,2020-02-28 18:00:00,10.01,10.01,10.0,10.0001,2600
355,134,2020-02-28 18:30:00,10.01,10.05,10.01,10.05,1098
356,133,2020-02-28 19:00:00,10.0,10.0,9.98,9.98,640
357,132,2020-02-28 20:00:00,10.05,10.05,10.0,10.0,350
358,131,2020-03-02 04:30:00,10.26,10.29,10.26,10.29,406
359,130,2020-03-02 05:00:00,10.31,10.31,10.3,10.3,454
360,129,2020-03-02 07:00:00,10.13,10.13,9.87,9.87,2748
361,128,2020-03-02 07:30:00,9.9,10.05,9.77,9.77,2310
362,127,2020-03-02 08:00:00,9.93,9.95,9.78,9.8,11851
363,126,2020-03-02 08:30:00,9.92,10.05,9.63,9.93,36456
364,125,2020-03-02 09:00:00,9.91,9.95,9.9,9.95,10839
365,124,2020-03-02 09:30:00,10.0699,10.14,10.05,10.07,4982
366,123,2020-03-02 10:00:00,10.04,10.08,9.77,9.8,4949335
367,122,2020-03-02 10:30:00,9.805,9.88,9.7,9.855,3239669
368,121,2020-03-02 11:00:00,9.86,10.06,9.83,10.01,1997819
369,120,2020-03-02 11:30:00,10.0,10.145,9.975,10.13,2185284
370,119,2020-03-02 12:00:00,10.14,10.29,10.1,10.27,2417770
371,118,2020-03-02 12:30:00,10.27,10.315,10.21,10.275,1819639
372,117,2020-03-02 13:00:00,10.28,10.378,10.27,10.34,1858362
373,116,2020-03-02 13:30:00,10.345,10.36,10.22,10.255,1004502
374,115,2020-03-02 14:00:00,10.26,10.325,10.22,10.325,1390060
375,114,2020-03-02 14:30:00,10.32,10.4,10.31,10.34,2592268
376,113,2020-03-02 15:00:00,10.35,10.36,10.16,10.19,1961517
377,112,2020-03-02 15:30:00,10.19,10.32,10.18,10.295,1713575
378,111,2020-03-02 16:00:00,10.3,10.51,10.255,10.51,6045565
379,110,2020-03-02 16:30:00,10.5,10.5,10.41,10.41,308489
380,109,2020-03-02 17:00:00,10.51,10.51,10.44,10.44,630
381,108,2020-03-02 17:30:00,10.5,10.51,10.5,10.5099,78561
382,107,2020-03-02 18:00:00,10.5,10.52,10.44,10.45,6527
383,106,2020-03-02 19:00:00,10.45,10.45,10.45,10.45,1458
384,105,2020-03-02 19:30:00,10.45,10.46,10.45,10.46,1542
385,104,2020-03-02 20:00:00,10.53,10.6,10.5,10.5,1981
386,103,2020-03-03 07:30:00,10.62,10.62,10.6,10.61,2478
387,102,2020-03-03 08:00:00,10.59,10.6,10.36,10.46,12849
388,101,2020-03-03 08:30:00,10.62,10.62,10.34,10.57,5164
389,100,2020-03-03 09:00:00,10.54,10.55,10.4601,10.4601,8100
390,99,2020-03-03 09:30:00,10.55,10.6,10.53,10.53,3669
391,98,2020-03-03 10:00:00,10.51,10.51,10.11,10.1951,4440487
392,97,2020-03-03 10:30:00,10.19,10.8,10.04,10.21,7690282
393,96,2020-03-03 11:00:00,10.2,10.3,10.155,10.28,4212550
394,95,2020-03-03 11:30:00,10.28,10.29,9.94,9.97,3876526
395,94,2020-03-03 12:00:00,9.975,10.17,9.94,10.14,2003147
396,93,2020-03-03 12:30:00,10.15,10.225,10.06,10.1,1379958
397,92,2020-03-03 13:00:00,10.1,10.115,10.03,10.065,1418742
398,91,2020-03-03 13:30:00,10.06,10.07,9.9,9.94,1640066
399,90,2020-03-03 14:00:00,9.93,10.0,9.82,9.9,2125004
400,89,2020-03-03 14:30:00,9.895,9.94,9.73,9.88,2906890
401,88,2020-03-03 15:00:00,9.89,9.96,9.76,9.95,2327201
402,87,2020-03-03 15:30:00,9.96,10.19,9.92,10.185,4121455
403,86,2020-03-03 16:00:00,10.19,10.19,10.0,10.07,6356194
404,85,2020-03-03 16:30:00,10.07,10.08,10.07,10.08,349903
405,84,2020-03-03 17:00:00,10.0,10.0,10.0,10.0,1000
406,83,2020-03-03 17:30:00,10.0699,10.07,10.0699,10.07,1100
407,82,2020-03-03 18:00:00,10.05,10.05,9.98,9.98,1000
408,81,2020-03-03 18:30:00,9.97,9.97,9.97,9.97,1700
409,80,2020-03-03 19:00:00,9.9701,9.9701,9.9701,9.9701,2500
410,79,2020-03-03 20:00:00,10.08,10.08,10.07,10.08,1370
411,78,2020-03-04 07:30:00,10.38,10.42,10.21,10.26,5701
412,77,2020-03-04 08:00:00,10.35,10.43,10.33,10.42,7543
413,76,2020-03-04 08:30:00,10.37,10.4,10.21,10.34,4553
414,75,2020-03-04 09:00:00,10.4,10.4,10.4,10.4,350
415,74,2020-03-04 09:30:00,10.34,10.46,10.32,10.46,18583
416,73,2020-03-04 10:00:00,10.35,10.35,10.0,10.02,4052086
417,72,2020-03-04 10:30:00,10.02,10.22,10.02,10.13,1741651
418,71,2020-03-04 11:00:00,10.14,10.16,10.04,10.12,1120353
419,70,2020-03-04 11:30:00,10.11,10.17,10.1,10.158,1248569
420,69,2020-03-04 12:00:00,10.16,10.1962,10.12,10.14,1440259
421,68,2020-03-04 12:30:00,10.14,10.2,10.11,10.195,1014652
422,67,2020-03-04 13:00:00,10.19,10.22,10.08,10.22,2315763
423,66,2020-03-04 13:30:00,10.22,10.37,10.2199,10.33,1581242
424,65,2020-03-04 14:00:00,10.325,10.36,10.2717,10.305,1148019
425,64,2020-03-04 14:30:00,10.3,10.34,10.27,10.31,975924
426,63,2020-03-04 15:00:00,10.32,10.3301,10.25,10.2899,1402606
427,62,2020-03-04 15:30:00,10.28,10.31,10.24,10.31,1381282
428,61,2020-03-04 16:00:00,10.31,10.465,10.295,10.45,4229600
429,60,2020-03-04 16:30:00,10.45,10.4798,10.45,10.45,384935
430,59,2020-03-04 17:30:00,10.4,10.4,10.4,10.4,1980
431,58,2020-03-04 18:00:00,10.4,10.4,10.36,10.4,4110
432,57,2020-03-04 18:30:00,10.4,10.4,10.4,10.4,1400
433,56,2020-03-04 19:00:00,10.41,10.41,10.4,10.4,570
434,55,2020-03-04 19:30:00,10.4,10.4,10.38,10.38,730
435,54,2020-03-04 20:00:00,10.42,10.44,10.42,10.44,4460
436,53,2020-03-05 04:30:00,10.32,10.32,10.32,10.32,100
437,52,2020-03-05 07:30:00,10.33,10.33,10.06,10.06,1300
438,51,2020-03-05 08:00:00,10.2,10.2,10.2,10.2,1400
439,50,2020-03-05 08:30:00,10.2,10.22,10.1,10.15,13803
440,49,2020-03-05 09:00:00,10.0901,10.16,10.0801,10.11,33938
441,48,2020-03-05 09:30:00,10.09,10.09,10.06,10.06,5362
442,47,2020-03-05 10:00:00,10.06,10.2,10.0,10.08,2564737
443,46,2020-03-05 10:30:00,10.08,10.24,10.07,10.14,2139762
444,45,2020-03-05 11:00:00,10.14,10.16,10.06,10.13,987053
445,44,2020-03-05 11:30:00,10.14,10.355,10.125,10.31,2122167
446,43,2020-03-05 12:00:00,10.31,10.33,10.185,10.195,1033648
447,42,2020-03-05 12:30:00,10.2,10.23,10.06,10.085,1674875
448,41,2020-03-05 13:00:00,10.085,10.12,9.93,9.94,2348562
449,40,2020-03-05 13:30:00,9.94,10.06,9.935,10.03,936810
450,39,2020-03-05 14:00:00,10.025,10.08,9.97,10.05,882416
451,38,2020-03-05 14:30:00,10.055,10.1,9.99,10.03,1009873
452,37,2020-03-05 15:00:00,10.03,10.09,10.01,10.03,1454661
453,36,2020-03-05 15:30:00,10.04,10.04,9.92,9.975,2350257
454,35,2020-03-05 16:00:00,9.975,10.085,9.965,9.99,5785472
455,34,2020-03-05 16:30:00,9.99,9.99,9.99,9.99,230191
456,33,2020-03-05 17:00:00,10.0,10.0,10.0,10.0,1680
457,32,2020-03-05 17:30:00,9.94,9.94,9.91,9.9101,4100
458,31,2020-03-05 18:00:00,10.0,10.0,10.0,10.0,1000
459,30,2020-03-05 18:30:00,10.0,10.0,9.99,9.99,600
460,29,2020-03-05 19:00:00,9.99,10.0,9.99,10.0,1866
461,28,2020-03-05 19:30:00,10.0,10.0,9.99,9.99,4636
462,27,2020-03-05 20:00:00,9.99,9.99,9.97,9.97,1601
463,26,2020-03-06 05:30:00,9.75,9.75,9.75,9.75,100
464,25,2020-03-06 07:30:00,9.71,9.71,9.64,9.68,6273
465,24,2020-03-06 08:00:00,9.51,9.59,9.44,9.44,35073
466,23,2020-03-06 08:30:00,9.75,9.75,9.48,9.56,19578
467,22,2020-03-06 09:00:00,9.58,9.59,9.57,9.59,9206
468,21,2020-03-06 09:30:00,9.58,9.59,9.56,9.58,10692
469,20,2020-03-06 10:00:00,9.56,9.72,9.51,9.65,5510307
470,19,2020-03-06 10:30:00,9.655,9.69,9.565,9.68,2902156
471,18,2020-03-06 11:00:00,9.675,9.81,9.605,9.73,4680581
472,17,2020-03-06 11:30:00,9.73,9.735,9.47,9.485,3362106
473,16,2020-03-06 12:00:00,9.485,9.57,9.44,9.5,1949308
474,15,2020-03-06 12:30:00,9.4999,9.505,9.44,9.455,1521968
475,14,2020-03-06 13:00:00,9.46,9.49,9.41,9.46,2737473
476,13,2020-03-06 13:30:00,9.465,9.495,9.42,9.465,1342816
477,12,2020-03-06 14:00:00,9.465,9.505,9.41,9.44,1148477
478,11,2020-03-06 14:30:00,9.44,9.44,9.35,9.35,1172371
479,10,2020-03-06 15:00:00,9.36,9.39,9.28,9.28,1652703
480,9,2020-03-06 15:30:00,9.28,9.46,9.255,9.37,2835199
481,8,2020-03-06 16:00:00,9.37,9.47,9.35,9.44,7406798
482,7,2020-03-06 16:30:00,9.46,9.46,9.38,9.38,728463
483,6,2020-03-06 17:00:00,9.35,9.43,9.3299,9.43,7358
484,5,2020-03-06 17:30:00,9.42,9.4399,9.35,9.43,10060
485,4,2020-03-06 18:00:00,9.44,9.44,9.41,9.44,550
486,3,2020-03-06 18:30:00,9.41,9.41,9.39,9.39,1350
487,2,2020-03-06 19:00:00,9.35,9.35,9.35,9.35,250
488,1,2020-03-06 19:30:00,9.45,9.45,9.45,9.45,100
489,0,2020-03-06 20:00:00,9.44,9.44,9.33,9.43,1950
