,index,time,open,high,low,close,volume
0,531,2020-09-08 04:30:00,80.6,82.0,80.36,80.39,2445
1,530,2020-09-08 05:00:00,79.5,79.5,79.0,79.02,373
2,529,2020-09-08 06:30:00,77.0,77.31,76.71,77.3,2659
3,528,2020-09-08 07:00:00,77.16,77.5,77.16,77.5,327
4,527,2020-09-08 07:30:00,77.49,78.88,76.5,77.0,23303
5,526,2020-09-08 08:00:00,76.94,77.77,75.0,76.42,15531
6,525,2020-09-08 08:30:00,77.2,78.11,74.25,74.68,40836
7,524,2020-09-08 09:00:00,74.48,75.7499,74.35,75.0,19565
8,523,2020-09-08 09:30:00,75.07,75.4,74.57,75.0,24656
9,522,2020-09-08 10:00:00,75.01,79.8965,74.87,79.725,1538095
10,521,2020-09-08 10:30:00,79.78,82.3,79.52,81.6578,995810
11,520,2020-09-08 11:00:00,81.7684,82.18,80.03,81.535,616615
12,519,2020-09-08 11:30:00,81.59,82.75,81.2701,81.68,664285
13,518,2020-09-08 12:00:00,81.64,81.8,80.1601,81.445,367131
14,517,2020-09-08 12:30:00,81.47,82.2,81.25,81.94,370196
15,516,2020-09-08 13:00:00,81.95,82.43,81.81,82.19,169333
16,515,2020-09-08 13:30:00,82.25,82.9,81.96,82.06,342170
17,514,2020-09-08 14:00:00,82.03,82.5,81.9006,82.22,244652
18,513,2020-09-08 14:30:00,82.29,82.75,80.38,80.38,382303
19,512,2020-09-08 15:00:00,80.435,80.79,79.84,80.67,396491
20,511,2020-09-08 15:30:00,80.4701,81.07,79.8201,81.02,378127
21,510,2020-09-08 16:00:00,81.0,81.6875,80.72,81.03,717596
22,509,2020-09-08 16:30:00,80.01,81.22,80.01,81.0,4861
23,508,2020-09-08 17:00:00,81.01,81.1102,81.0,81.0,6200
24,507,2020-09-08 17:30:00,80.11,80.12,80.11,80.12,238
25,506,2020-09-08 18:00:00,80.0101,80.0101,78.7,78.7,3188
26,505,2020-09-08 18:30:00,79.48,79.48,78.08,78.15,1104
27,504,2020-09-08 19:00:00,78.95,80.0,78.95,80.0,911
28,503,2020-09-08 19:30:00,80.01,80.99,80.0,80.9,2564
29,502,2020-09-08 20:00:00,80.26,80.8,79.4,80.8,3984
30,501,2020-09-09 05:00:00,82.72,82.72,82.72,82.72,200
31,500,2020-09-09 05:30:00,84.41,84.41,83.01,83.01,768
32,499,2020-09-09 06:00:00,83.05,83.3,83.0,83.3,571
33,498,2020-09-09 07:00:00,83.29,83.29,83.29,83.29,100
34,497,2020-09-09 07:30:00,83.0,83.35,82.44,82.87,9175
35,496,2020-09-09 08:00:00,83.0,84.0,82.96,83.98,4161
36,495,2020-09-09 08:30:00,82.4999,84.15,82.4999,83.75,17748
37,494,2020-09-09 09:00:00,83.61,83.88,83.31,83.5,15764
38,493,2020-09-09 09:30:00,83.35,84.19,82.33,82.5,37105
39,492,2020-09-09 10:00:00,82.5,84.25,80.6801,82.3,996212
40,491,2020-09-09 10:30:00,82.26,83.4024,81.5,83.3,485541
41,490,2020-09-09 11:00:00,83.3,84.03,82.81,83.26,586532
42,489,2020-09-09 11:30:00,83.38,84.21,82.65899999999999,83.475,415144
43,488,2020-09-09 12:00:00,83.445,83.96,82.91,83.75,206802
44,487,2020-09-09 12:30:00,83.77,84.57,83.71,84.463,216069
45,486,2020-09-09 13:00:00,84.557,84.75,84.03,84.605,227736
46,485,2020-09-09 13:30:00,84.64,84.7,83.26,83.61,302982
47,484,2020-09-09 14:00:00,83.62,83.62,82.6,82.67,204588
48,483,2020-09-09 14:30:00,82.69,83.0,82.3,82.8,146793
49,482,2020-09-09 15:00:00,82.85,83.5,82.84,83.24,190040
50,481,2020-09-09 15:30:00,83.24,83.93,83.24,83.7,215715
51,480,2020-09-09 16:00:00,83.71,84.6,83.11,84.37,841491
52,479,2020-09-09 16:30:00,84.37,84.4,84.0001,84.25,12698
53,478,2020-09-09 17:00:00,84.23,84.3,84.05,84.06,7627
54,477,2020-09-09 17:30:00,84.0,84.25,84.0,84.25,3525
55,476,2020-09-09 18:00:00,84.25,84.45,84.25,84.37,4728
56,475,2020-09-09 18:30:00,84.45,84.77,84.45,84.77,5967
57,474,2020-09-09 19:00:00,84.78,84.9,84.75,84.8,3757
58,473,2020-09-09 19:30:00,84.9,85.1,84.9,85.0,6254
59,472,2020-09-09 20:00:00,85.04,85.04,84.74,85.0,2577
60,471,2020-09-10 05:00:00,83.86,83.9,82.5,82.5,899
61,470,2020-09-10 06:30:00,84.5,84.5,84.5,84.5,450
62,469,2020-09-10 07:30:00,84.24,84.3,83.64,83.64,1635
63,468,2020-09-10 08:00:00,83.98,85.1,83.97,85.1,4694
64,467,2020-09-10 08:30:00,84.0001,85.1,84.0001,85.0,7509
65,466,2020-09-10 09:00:00,84.9,85.5,84.55,85.25,6772
66,465,2020-09-10 09:30:00,85.15,85.52,84.5,84.52,15743
67,464,2020-09-10 10:00:00,84.48,87.22,84.07,84.75,890544
68,463,2020-09-10 10:30:00,84.88,86.49,84.825,85.6,469719
69,462,2020-09-10 11:00:00,85.665,86.57,84.32,84.425,389483
70,461,2020-09-10 11:30:00,84.49,85.9,83.9345,85.585,280728
71,460,2020-09-10 12:00:00,85.53,85.9,84.88,85.15,178256
72,459,2020-09-10 12:30:00,85.11,85.5,84.5142,84.5665,151268
73,458,2020-09-10 13:00:00,84.65,85.25,83.86,85.17,241555
74,457,2020-09-10 13:30:00,85.21,85.74,84.84,85.38,201816
75,456,2020-09-10 14:00:00,85.33,85.9,85.0374,85.226,152712
76,455,2020-09-10 14:30:00,85.23,85.37,82.71,82.87,285122
77,454,2020-09-10 15:00:00,82.855,84.1368,82.8157,83.97,299403
78,453,2020-09-10 15:30:00,84.07,84.07,82.3799,83.02,296312
79,452,2020-09-10 16:00:00,82.97,83.4599,82.12,82.59,559059
80,451,2020-09-10 16:30:00,82.6,82.8,82.15,82.6,26638
81,450,2020-09-10 17:00:00,82.6102,82.9,82.61,82.66,1710
82,449,2020-09-10 17:30:00,82.63,82.95,82.61,82.95,1368
83,448,2020-09-10 18:00:00,82.64,82.64,80.97,81.0,15408
84,447,2020-09-10 18:30:00,81.0,81.5,81.0,81.06,8244
85,446,2020-09-10 19:00:00,81.27,81.5,81.1,81.18,2320
86,445,2020-09-10 20:00:00,82.16,82.49,81.75,82.49,2040
87,444,2020-09-11 07:00:00,83.2,83.3,83.06,83.3,1223
88,443,2020-09-11 07:30:00,83.46,83.5,83.03,83.03,3241
89,442,2020-09-11 08:00:00,83.04,83.3,82.8,83.29,2968
90,441,2020-09-11 08:30:00,83.4887,83.5,82.6,82.8,14260
91,440,2020-09-11 09:00:00,82.8,83.0,82.7,82.84,5647
92,439,2020-09-11 09:30:00,82.7,83.2,82.0,82.0,12371
93,438,2020-09-11 10:00:00,82.08,83.48,80.31,80.63,672117
94,437,2020-09-11 10:30:00,80.53,81.71,79.7185,80.885,488052
95,436,2020-09-11 11:00:00,80.96,81.57,79.94,80.54,284503
96,435,2020-09-11 11:30:00,80.5,81.208,79.2,79.42,303110
97,434,2020-09-11 12:00:00,79.38,79.44,77.5,77.6,792420
98,433,2020-09-11 12:30:00,77.56,78.49,77.28,78.25,394945
99,432,2020-09-11 13:00:00,78.19,78.2099,76.8,76.975,437701
100,431,2020-09-11 13:30:00,77.02,77.2399,74.73,74.73,817576
101,430,2020-09-11 14:00:00,74.7,76.65,74.22,75.82,740190
102,429,2020-09-11 14:30:00,75.85,76.56,75.65,76.4275,506145
103,428,2020-09-11 15:00:00,76.47,76.8998,76.23,76.365,464422
104,427,2020-09-11 15:30:00,76.35,76.44,75.39,76.3633,405726
105,426,2020-09-11 16:00:00,76.345,76.74,75.3,76.03,1039558
106,425,2020-09-11 16:30:00,76.04,78.25,76.0,78.0,81950
107,424,2020-09-11 17:00:00,78.0,78.31,77.56,78.19,26171
108,423,2020-09-11 17:30:00,78.03,78.03,76.5,76.51,11737
109,422,2020-09-11 18:00:00,76.95,77.1,76.35,76.35,7707
110,421,2020-09-11 18:30:00,76.39,76.52,76.21,76.52,2073
111,420,2020-09-11 19:00:00,76.52,76.92,76.5,76.87,2473
112,419,2020-09-11 19:30:00,76.87,76.87,76.8,76.8,609
113,418,2020-09-11 20:00:00,76.54,76.99,76.54,76.99,2998
114,417,2020-09-14 04:30:00,80.0,80.45,78.85,79.01,4690
115,416,2020-09-14 05:00:00,79.02,79.11,79.02,79.04,2854
116,415,2020-09-14 05:30:00,79.13,79.47,79.12,79.47,598
117,414,2020-09-14 06:00:00,79.04,79.04,78.03,78.03,1950
118,413,2020-09-14 06:30:00,78.78,80.91,78.78,79.79,7189
119,412,2020-09-14 07:00:00,79.23,79.85,79.23,79.85,2836
120,411,2020-09-14 07:30:00,79.94,83.0,79.8,81.85,39212
121,410,2020-09-14 08:00:00,81.83,81.85,80.67,81.2,31361
122,409,2020-09-14 08:30:00,81.27,83.31,80.0,80.94,69948
123,408,2020-09-14 09:00:00,80.86,81.11,80.51,80.88,72385
124,407,2020-09-14 09:30:00,80.86,83.02,80.86,83.02,118923
125,406,2020-09-14 10:00:00,83.0,83.41,80.43,82.12,2107536
126,405,2020-09-14 10:30:00,82.17,82.32,80.8,81.8764,662580
127,404,2020-09-14 11:00:00,81.73,81.8899,80.22,81.3046,493460
128,403,2020-09-14 11:30:00,81.205,83.02,80.62,81.28,345705
129,402,2020-09-14 12:00:00,81.3,82.27,80.7101,82.085,257249
130,401,2020-09-14 12:30:00,82.05,82.48,81.03,81.06,307909
131,400,2020-09-14 13:00:00,81.1399,81.93,81.01,81.91,209181
132,399,2020-09-14 13:30:00,81.91,82.1,80.79,81.345,302639
133,398,2020-09-14 14:00:00,81.335,82.5196,81.07,82.34,290574
134,397,2020-09-14 14:30:00,82.32,82.71,82.02,82.12,228508
135,396,2020-09-14 15:00:00,82.14,82.73,82.09,82.635,177064
136,395,2020-09-14 15:30:00,82.69,83.0,82.46,82.99,276071
137,394,2020-09-14 16:00:00,82.98,83.66,82.84,83.27,679356
138,393,2020-09-14 16:30:00,83.2,83.43,83.1,83.16,5967
139,392,2020-09-14 17:00:00,83.33,83.39,83.32,83.39,1558
140,391,2020-09-14 17:30:00,83.2,83.43,83.1,83.2,1870
141,390,2020-09-14 18:00:00,83.1,83.19,83.1,83.19,2550
142,389,2020-09-14 18:30:00,83.2,83.25,83.0,83.25,2928
143,388,2020-09-14 19:00:00,83.23,83.25,83.1,83.12,3319
144,387,2020-09-14 19:30:00,83.14,83.25,83.14,83.25,1730
145,386,2020-09-14 20:00:00,83.2,83.5,83.2,83.5,3425
146,385,2020-09-15 07:00:00,84.01,84.47,84.0,84.47,500
147,384,2020-09-15 07:30:00,84.0,84.8,84.0,84.52,4336
148,383,2020-09-15 08:00:00,84.77,84.97,84.7,84.8,3497
149,382,2020-09-15 08:30:00,84.4999,85.3,84.28,85.3,10747
150,381,2020-09-15 09:00:00,85.04,85.58,85.04,85.3,10238
151,380,2020-09-15 09:30:00,85.25,85.54299999999999,84.38,84.38,27041
152,379,2020-09-15 10:00:00,84.35,84.99,83.38,84.4,725550
153,378,2020-09-15 10:30:00,84.425,84.425,81.02,81.86,732415
154,377,2020-09-15 11:00:00,81.89,82.55,81.21,82.5499,386390
155,376,2020-09-15 11:30:00,82.595,82.94,81.9298,82.38,240192
156,375,2020-09-15 12:00:00,82.38,82.85,82.06,82.44,158981
157,374,2020-09-15 12:30:00,82.5,83.1952,82.5,83.025,235935
158,373,2020-09-15 13:00:00,83.0,83.8,82.68,83.605,180500
159,372,2020-09-15 13:30:00,83.6084,83.78,83.33,83.47,135907
160,371,2020-09-15 14:00:00,83.53,83.83,83.12,83.76,123571
161,370,2020-09-15 14:30:00,83.795,83.96,83.16,83.8799,191745
162,369,2020-09-15 15:00:00,83.835,84.4,83.6,84.22,218824
163,368,2020-09-15 15:30:00,84.24,84.24,83.33,84.05,205996
164,367,2020-09-15 16:00:00,84.03,84.38,82.93,83.94,389498
165,366,2020-09-15 16:30:00,84.08,84.1902,84.0,84.08,18448
166,365,2020-09-15 17:00:00,84.08,84.18,84.0,84.1,4714
167,364,2020-09-15 17:30:00,84.01,84.3,84.01,84.27,1132
168,363,2020-09-15 18:00:00,84.3,84.3,84.08,84.08,1788
169,362,2020-09-15 18:30:00,84.3,84.3,84.14,84.14,880
170,361,2020-09-15 19:00:00,84.25,84.3,84.25,84.26,981
171,360,2020-09-15 19:30:00,84.29,84.4,84.26,84.4,1563
172,359,2020-09-15 20:00:00,84.1,84.1,84.05,84.05,997
173,358,2020-09-16 06:30:00,84.12,84.12,84.12,84.12,300
174,357,2020-09-16 07:00:00,84.67,84.67,84.67,84.67,100
175,356,2020-09-16 07:30:00,84.82,84.82,84.02,84.02,2172
176,355,2020-09-16 08:00:00,83.78,83.78,83.4,83.4,364
177,354,2020-09-16 08:30:00,82.7988,84.4,82.69,83.01,5138
178,353,2020-09-16 09:00:00,83.06,83.6,83.0001,83.3,6699
179,352,2020-09-16 09:30:00,83.25,83.25,82.1,82.3,20517
180,351,2020-09-16 10:00:00,82.72,84.8,81.34,82.925,790886
181,350,2020-09-16 10:30:00,82.98,83.4199,82.33,82.905,316124
182,349,2020-09-16 11:00:00,82.86,83.22,81.41,82.27,361333
183,348,2020-09-16 11:30:00,82.315,83.07,81.9,82.75,204441
184,347,2020-09-16 12:00:00,82.775,83.05,82.4601,82.75,130952
185,346,2020-09-16 12:30:00,82.82,83.76,82.82,83.71,195670
186,345,2020-09-16 13:00:00,83.7199,83.9,83.161,83.89,134861
187,344,2020-09-16 13:30:00,83.82,84.0,83.2,83.44,118335
188,343,2020-09-16 14:00:00,83.4752,83.6,83.14,83.51,79172
189,342,2020-09-16 14:30:00,83.595,84.8,83.52,84.23,269576
190,341,2020-09-16 15:00:00,84.255,84.4,83.4,83.7068,170587
191,340,2020-09-16 15:30:00,83.79,83.94,82.71,82.71,165445
192,339,2020-09-16 16:00:00,82.71,83.045,82.28,82.34,514144
193,338,2020-09-16 16:30:00,82.52,82.52,82.03,82.03,41180
194,337,2020-09-16 17:00:00,82.0,82.96,82.0,82.4,9665
195,336,2020-09-16 17:30:00,82.0,82.52,82.0,82.5,1879
196,335,2020-09-16 18:00:00,82.53,82.53,82.0,82.5,4265
197,334,2020-09-16 18:30:00,82.15,82.76,82.15,82.76,872
198,333,2020-09-16 19:00:00,82.5,82.52,82.4399,82.44,4115
199,332,2020-09-16 19:30:00,82.25,82.44,82.25,82.44,1359
200,331,2020-09-16 20:00:00,82.3,82.44,82.2,82.2,3839
201,330,2020-09-17 04:30:00,80.59,80.59,79.9,79.9,1159
202,329,2020-09-17 06:00:00,80.0,80.0,79.92,79.92,2140
203,328,2020-09-17 06:30:00,80.5,80.5,80.5,80.5,100
204,327,2020-09-17 07:30:00,80.88,81.0,79.7,80.05,8070
205,326,2020-09-17 08:00:00,80.0,80.0,79.2,79.27,7533
206,325,2020-09-17 08:30:00,79.7162,81.0,78.59,78.75,36035
207,324,2020-09-17 09:00:00,78.78,79.0,78.46,78.46,14971
208,323,2020-09-17 09:30:00,78.35,78.35,77.36,77.86,34676
209,322,2020-09-17 10:00:00,78.1,80.93,77.53,80.88,982043
210,321,2020-09-17 10:30:00,80.97,81.43,80.0134,80.29,298605
211,320,2020-09-17 11:00:00,80.27,80.7899,79.9013,80.2087,220291
212,319,2020-09-17 11:30:00,80.2,82.2,80.11,81.435,352718
213,318,2020-09-17 12:00:00,81.4904,81.5299,80.4078,80.61,151973
214,317,2020-09-17 12:30:00,80.55,81.06,79.77,79.8601,249702
215,316,2020-09-17 13:00:00,79.87,79.92,78.98,79.55,268426
216,315,2020-09-17 13:30:00,79.655,80.2795,79.51,80.18,122277
217,314,2020-09-17 14:00:00,80.26,81.27,80.18,80.875,180793
218,313,2020-09-17 14:30:00,80.9434,81.56,80.8814,80.94,130744
219,312,2020-09-17 15:00:00,80.91,81.19,80.62,81.03,158707
220,311,2020-09-17 15:30:00,81.065,81.55,80.6701,80.8,211722
221,310,2020-09-17 16:00:00,80.795,82.51,80.76,82.42,429730
222,309,2020-09-17 16:30:00,82.38,82.5,82.2,82.21,32245
223,308,2020-09-17 17:00:00,82.5,82.6,82.5,82.6,838
224,307,2020-09-17 17:30:00,82.51,82.75,82.5,82.75,895
225,306,2020-09-17 18:00:00,82.38,82.98,82.38,82.6,10675
226,305,2020-09-17 18:30:00,82.73,83.01,82.73,83.01,3913
227,304,2020-09-17 19:00:00,83.15,83.25,83.0,83.1,2284
228,303,2020-09-17 19:30:00,83.1,83.1,83.1,83.1,100
229,302,2020-09-17 20:00:00,83.1,83.45,83.1,83.1,1071
230,301,2020-09-18 07:00:00,82.5,82.5,82.5,82.5,100
231,300,2020-09-18 07:30:00,83.4,83.48,83.4,83.48,660
232,299,2020-09-18 08:00:00,83.11,83.13,80.19,80.35,21503
233,298,2020-09-18 08:30:00,81.8101,83.5,79.1,79.28,63940
234,297,2020-09-18 09:00:00,79.3,80.35,79.1,79.8,58768
235,296,2020-09-18 09:30:00,79.8,80.0,79.14,79.27,78116
236,295,2020-09-18 10:00:00,79.62,82.37,79.53,81.47,1203624
237,294,2020-09-18 10:30:00,81.49,83.05,81.32,81.6,612823
238,293,2020-09-18 11:00:00,81.675,81.73,79.9101,80.03,500518
239,292,2020-09-18 11:30:00,80.055,80.85,79.46,80.7,393414
240,291,2020-09-18 12:00:00,80.75,81.87,80.35,81.54,428923
241,290,2020-09-18 12:30:00,81.4483,82.13,81.2575,81.684,309537
242,289,2020-09-18 13:00:00,81.7,81.785,80.58,80.97,375947
243,288,2020-09-18 13:30:00,80.92,81.16,80.16,80.19,285297
244,287,2020-09-18 14:00:00,80.19,81.1509,79.93,81.095,295789
245,286,2020-09-18 14:30:00,81.08,81.8,80.94,81.56,228308
246,285,2020-09-18 15:00:00,81.55,82.14,81.4,82.12,206402
247,284,2020-09-18 15:30:00,82.06,82.5,81.73,82.44,302935
248,283,2020-09-18 16:00:00,82.44,84.72,82.44,83.8,1257957
249,282,2020-09-18 16:30:00,83.77,83.92,83.77,83.77,305469
250,281,2020-09-18 17:00:00,83.88,84.1,83.77,83.77,3478
251,280,2020-09-18 17:30:00,83.79,83.79,83.2,83.21,10366
252,279,2020-09-18 18:00:00,83.01,83.4,83.01,83.4,647
253,278,2020-09-18 18:30:00,83.4,83.4,82.6,83.02,2566
254,277,2020-09-18 19:30:00,83.39,83.39,83.39,83.39,200
255,276,2020-09-18 20:00:00,83.15,83.4,83.15,83.4,2260
256,275,2020-09-21 04:30:00,83.81,86.85,83.77,86.01,8747
257,274,2020-09-21 05:00:00,86.0,86.0,85.0,85.0,2806
258,273,2020-09-21 05:30:00,84.5,85.6,84.5,85.6,1111
259,272,2020-09-21 06:00:00,85.06,85.1,84.13,84.4,7675
260,271,2020-09-21 06:30:00,84.2,84.2,84.2,84.2,110
261,270,2020-09-21 07:00:00,84.38,84.53,83.99,83.99,610
262,269,2020-09-21 07:30:00,84.01,85.2,83.7,83.91,22226
263,268,2020-09-21 08:00:00,83.66,84.6,83.5,84.55,8307
264,267,2020-09-21 08:30:00,84.9999,85.3,83.4,84.12,32126
265,266,2020-09-21 09:00:00,84.14,84.2,83.1,83.4,23964
266,265,2020-09-21 09:30:00,83.5,84.18,82.62,84.08,42710
267,264,2020-09-21 10:00:00,84.0,91.87,82.88,90.8501,3422365
268,263,2020-09-21 10:30:00,90.91,91.09,88.55,88.7813,1499061
269,262,2020-09-21 11:00:00,88.68,89.29,87.14,88.78,903957
270,261,2020-09-21 11:30:00,88.76,89.55,87.58,88.21,655825
271,260,2020-09-21 12:00:00,88.1669,90.17,87.87,90.17,636526
272,259,2020-09-21 12:30:00,90.19,90.6599,89.83,90.41,429793
273,258,2020-09-21 13:00:00,90.39,91.55,90.28,91.3299,520680
274,257,2020-09-21 13:30:00,91.33,91.66,90.7236,91.1475,380999
275,256,2020-09-21 14:00:00,91.12,91.5293,90.162,90.88,319560
276,255,2020-09-21 14:30:00,90.82,91.13,89.64,90.0319,370131
277,254,2020-09-21 15:00:00,90.035,90.89,89.75,90.62,331262
278,253,2020-09-21 15:30:00,90.55,91.68,90.46,91.45,416373
279,252,2020-09-21 16:00:00,91.49,92.8,90.9001,92.49,1101513
280,251,2020-09-21 16:30:00,92.51,92.69,92.5,92.58,31314
281,250,2020-09-21 17:00:00,92.54,92.65,92.17,92.47,50158
282,249,2020-09-21 17:30:00,92.44,92.49,92.0,92.4,7978
283,248,2020-09-21 18:00:00,92.25,92.45,92.13,92.45,6249
284,247,2020-09-21 18:30:00,92.41,92.44,92.15,92.15,1842
285,246,2020-09-21 19:00:00,92.3,92.38,92.18,92.18,1023
286,245,2020-09-21 19:30:00,92.18,92.37,92.17,92.18,1521
287,244,2020-09-21 20:00:00,92.19,92.51,92.19,92.51,7088
288,243,2020-09-22 04:30:00,91.6,91.75,91.5,91.5,4715
289,242,2020-09-22 05:30:00,91.47,91.49,91.02,91.02,1042
290,241,2020-09-22 06:00:00,91.0,91.51,91.0,91.51,1515
291,240,2020-09-22 07:30:00,92.0,92.0,91.49,91.49,6716
292,239,2020-09-22 08:00:00,91.37,91.37,90.15,90.15,6804
293,238,2020-09-22 08:30:00,91.6001,92.0,89.2,89.6,31760
294,237,2020-09-22 09:00:00,89.67,90.49,89.2,89.95,15226
295,236,2020-09-22 09:30:00,89.71,91.45,89.71,91.45,31369
296,235,2020-09-22 10:00:00,91.45,92.295,88.5819,91.8231,1423818
297,234,2020-09-22 10:30:00,91.78,91.8599,89.83,90.58,435996
298,233,2020-09-22 11:00:00,90.4842,91.48,90.3601,90.805,255270
299,232,2020-09-22 11:30:00,90.86,93.54,90.65700000000001,93.1399,819428
300,231,2020-09-22 12:00:00,93.135,94.37,92.83,94.28,561020
301,230,2020-09-22 12:30:00,94.25,94.46,92.67,93.03,430056
302,229,2020-09-22 13:00:00,93.015,93.45,92.35,92.85,219777
303,228,2020-09-22 13:30:00,92.86,93.22,92.3811,93.08,171607
304,227,2020-09-22 14:00:00,93.1304,94.03,92.7,93.7352,316254
305,226,2020-09-22 14:30:00,93.76,93.96,93.17,93.32,193794
306,225,2020-09-22 15:00:00,93.32,93.75,92.95,93.60600000000001,161279
307,224,2020-09-22 15:30:00,93.625,93.73,92.845,93.5,244275
308,223,2020-09-22 16:00:00,93.545,94.5,93.1499,94.3,708116
309,222,2020-09-22 16:30:00,94.31,94.31,93.79,94.0,6433
310,221,2020-09-22 17:00:00,94.31,94.31,93.6,93.6,4481
311,220,2020-09-22 17:30:00,93.6101,93.64,93.61,93.64,679
312,219,2020-09-22 18:30:00,93.58,93.69,93.5,93.69,929
313,218,2020-09-22 19:00:00,93.5,93.5,92.5,92.54,11786
314,217,2020-09-22 19:30:00,92.52,92.52,92.3,92.3,2150
315,216,2020-09-22 20:00:00,91.8999,92.48,91.52,91.9,5103
316,215,2020-09-23 04:30:00,93.03,93.03,93.0,93.0,547
317,214,2020-09-23 05:00:00,93.97,94.2,93.97,93.99,1300
318,213,2020-09-23 05:30:00,93.89,93.89,93.89,93.89,500
319,212,2020-09-23 06:00:00,93.9,94.25,93.89,94.25,732
320,211,2020-09-23 06:30:00,93.71,93.72,93.71,93.72,340
321,210,2020-09-23 07:30:00,93.96,93.96,92.4,92.4,6322
322,209,2020-09-23 08:00:00,92.07,92.89,92.03,92.45,8288
323,208,2020-09-23 08:30:00,93.024,93.77,92.25,92.67,9720
324,207,2020-09-23 09:00:00,92.94,93.45,92.94,93.0,12788
325,206,2020-09-23 09:30:00,93.0001,94.19,93.0,94.19,9040
326,205,2020-09-23 10:00:00,94.25,95.35,91.74,93.3316,860813
327,204,2020-09-23 10:30:00,93.19,93.89,92.56,93.415,438414
328,203,2020-09-23 11:00:00,93.5,94.59,93.0,93.9081,352427
329,202,2020-09-23 11:30:00,93.99,94.7393,93.71,93.9848,224288
330,201,2020-09-23 12:00:00,93.9876,94.11,92.21,92.37,256176
331,200,2020-09-23 12:30:00,92.27,93.86,92.22,93.55799999999999,266501
332,199,2020-09-23 13:00:00,93.535,94.76,93.3235,94.52,176779
333,198,2020-09-23 13:30:00,94.445,94.47,93.29,93.47,207311
334,197,2020-09-23 14:00:00,93.47,93.84,92.4301,92.51,243683
335,196,2020-09-23 14:30:00,92.51,92.51,90.08,90.6976,575678
336,195,2020-09-23 15:00:00,90.6,90.6868,88.69,88.9,545537
337,194,2020-09-23 15:30:00,88.93,89.68,87.385,89.205,581276
338,193,2020-09-23 16:00:00,89.205,89.78,87.89,88.11,724825
339,192,2020-09-23 16:30:00,88.11,88.25,88.11,88.25,11244
340,191,2020-09-23 17:00:00,88.27,88.7,88.1501,88.28,2277
341,190,2020-09-23 17:30:00,88.4,88.4,87.5,87.5,8879
342,189,2020-09-23 18:00:00,87.5,88.1,87.32,88.0,8399
343,188,2020-09-23 18:30:00,88.0,88.85,88.0,88.02,3505
344,187,2020-09-23 19:00:00,88.0,88.0,87.5,87.69,2738
345,186,2020-09-23 19:30:00,87.92,87.92,87.11,87.45,10862
346,185,2020-09-23 20:00:00,87.2,87.49,86.5,86.92,15827
347,184,2020-09-24 05:00:00,86.33,86.33,86.33,86.33,166
348,183,2020-09-24 05:30:00,86.29,86.29,86.25,86.25,500
349,182,2020-09-24 06:00:00,86.48,86.48,86.48,86.48,1353
350,181,2020-09-24 06:30:00,86.48,86.48,86.48,86.48,1126
351,180,2020-09-24 07:30:00,87.28,87.3,87.0,87.3,4145
352,179,2020-09-24 08:30:00,87.4,87.4,86.0,86.3,9678
353,178,2020-09-24 09:00:00,86.3,86.3,85.5,86.18,17016
354,177,2020-09-24 09:30:00,86.18,87.05,85.6,87.05,21301
355,176,2020-09-24 10:00:00,87.23,89.37,86.041,88.17,854830
356,175,2020-09-24 10:30:00,88.12,89.6,86.13,86.42,458681
357,174,2020-09-24 11:00:00,86.405,87.7,85.43,87.3739,545360
358,173,2020-09-24 11:30:00,87.3,88.26,86.07,88.1,266174
359,172,2020-09-24 12:00:00,88.08,89.5,88.04,89.3,379647
360,171,2020-09-24 12:30:00,89.4,90.005,89.12,89.75,312665
361,170,2020-09-24 13:00:00,89.75,89.79,88.36,89.075,193675
362,169,2020-09-24 13:30:00,89.01,89.47,88.4073,89.47,138206
363,168,2020-09-24 14:00:00,89.4399,89.75,88.73,88.8391,200569
364,167,2020-09-24 14:30:00,88.85,88.96700000000001,87.43,87.71,188106
365,166,2020-09-24 15:00:00,87.6,88.52,87.26,87.26,184930
366,165,2020-09-24 15:30:00,87.28,87.8,86.51,86.81,226992
367,164,2020-09-24 16:00:00,86.75,87.78,86.2001,87.63,484955
368,163,2020-09-24 16:30:00,87.46,87.98,87.46,87.98,14661
369,162,2020-09-24 17:30:00,87.54,87.54,87.52,87.52,858
370,161,2020-09-24 18:00:00,87.51,87.51,87.5,87.5,4202
371,160,2020-09-24 18:30:00,87.91,88.57,87.91,88.57,1429
372,159,2020-09-24 19:30:00,88.25,88.25,88.25,88.25,200
373,158,2020-09-24 20:00:00,88.57,88.77,88.57,88.77,2623
374,157,2020-09-25 07:30:00,87.5,87.5,87.0,87.46,1067
375,156,2020-09-25 08:00:00,87.5,87.52,87.5,87.52,980
376,155,2020-09-25 08:30:00,87.5301,88.4999,87.0,88.4,7422
377,154,2020-09-25 09:00:00,88.3999,88.4,88.0,88.3999,2580
378,153,2020-09-25 09:30:00,88.38,88.84,88.1,88.84,3007
379,152,2020-09-25 10:00:00,88.89,89.55,87.35,88.81,410382
380,151,2020-09-25 10:30:00,88.78,89.84,88.0,89.3,280466
381,150,2020-09-25 11:00:00,89.24,90.17,89.15,89.81,235923
382,149,2020-09-25 11:30:00,89.79,91.65,89.4101,91.375,426153
383,148,2020-09-25 12:00:00,91.39,91.93,90.0768,90.178,310757
384,147,2020-09-25 12:30:00,90.25,90.87,89.81,90.62,220888
385,146,2020-09-25 13:00:00,90.55,90.85,90.1178,90.8,98521
386,145,2020-09-25 13:30:00,90.76,91.4027,90.6303,91.28,173507
387,144,2020-09-25 14:00:00,91.27,91.69,91.0423,91.39,164692
388,143,2020-09-25 14:30:00,91.46,91.98,91.36,91.54,188150
389,142,2020-09-25 15:00:00,91.5616,92.3199,91.46,92.1249,228557
390,141,2020-09-25 15:30:00,92.1,92.29,91.5609,91.69,213884
391,140,2020-09-25 16:00:00,91.66,91.98,91.37,91.48,528283
392,139,2020-09-25 16:30:00,91.46,91.46,90.88,91.46,14204
393,138,2020-09-25 17:00:00,91.35,91.45,91.35,91.45,611
394,137,2020-09-25 17:30:00,91.45,91.45,91.0,91.0,1522
395,136,2020-09-25 18:00:00,90.9,90.9,90.89,90.9,569
396,135,2020-09-25 18:30:00,90.73,90.73,90.71,90.73,1320
397,134,2020-09-25 19:00:00,90.97,91.0,90.77,90.9,1142
398,133,2020-09-25 20:00:00,90.6,90.61,90.3,90.58,2190
399,132,2020-09-28 06:00:00,92.99,93.5,92.99,93.5,2000
400,131,2020-09-28 07:30:00,93.46,93.47,93.19,93.2,2123
401,130,2020-09-28 08:00:00,93.25,93.46,93.25,93.3,1315
402,129,2020-09-28 08:30:00,92.5,94.1,92.5,93.85,21622
403,128,2020-09-28 09:00:00,93.88,93.96,93.25,93.4859,8626
404,127,2020-09-28 09:30:00,93.28,93.5,92.0,92.0,19840
405,126,2020-09-28 10:00:00,92.31,94.2,90.01,91.11,806771
406,125,2020-09-28 10:30:00,91.105,92.22,90.74,91.94,381356
407,124,2020-09-28 11:00:00,91.87,92.15,90.33,90.445,291312
408,123,2020-09-28 11:30:00,90.445,91.12,89.7701,89.94,280431
409,122,2020-09-28 12:00:00,89.9,90.07,88.44,88.79,363858
410,121,2020-09-28 12:30:00,88.75,88.8741,87.94,88.6,330352
411,120,2020-09-28 13:00:00,88.56,89.1388,88.45,89.06,231789
412,119,2020-09-28 13:30:00,89.0966,89.4,88.55,89.2093,172889
413,118,2020-09-28 14:00:00,89.24,89.8958,88.8608,89.8,196530
414,117,2020-09-28 14:30:00,89.82,90.05,89.3596,89.7106,220889
415,116,2020-09-28 15:00:00,89.64,90.12,89.5266,90.12,147925
416,115,2020-09-28 15:30:00,90.1,90.5387,90.01,90.4,299766
417,114,2020-09-28 16:00:00,90.3083,91.19,89.8778,90.79,724184
418,113,2020-09-28 16:30:00,90.8,90.8,90.75,90.8,14537
419,112,2020-09-28 17:00:00,90.75,90.8,90.62,90.8,55794
420,111,2020-09-28 17:30:00,90.7,90.8,90.7,90.73,2798
421,110,2020-09-28 18:00:00,90.3,90.75,90.1,90.1,5117
422,109,2020-09-28 18:30:00,90.1,90.56,90.1,90.53,945
423,108,2020-09-28 19:00:00,90.71,90.71,90.1,90.14,500
424,107,2020-09-28 19:30:00,90.71,90.71,90.16,90.16,436
425,106,2020-09-28 20:00:00,90.72,90.75,90.5,90.7,1168
426,105,2020-09-29 08:00:00,90.7,90.7,90.7,90.7,298
427,104,2020-09-29 08:30:00,90.9271,90.98,90.01,90.45,9863
428,103,2020-09-29 09:00:00,90.45,91.2,90.45,91.1,9611
429,102,2020-09-29 09:30:00,91.3,91.75,91.1,91.74,28310
430,101,2020-09-29 10:00:00,91.74,98.97,91.2044,97.27,3353075
431,100,2020-09-29 10:30:00,97.26,98.35,95.7,96.2928,1192224
432,99,2020-09-29 11:00:00,96.2015,96.8281,95.03,96.465,856001
433,98,2020-09-29 11:30:00,96.3979,97.38,96.1,96.9284,426656
434,97,2020-09-29 12:00:00,96.8969,97.0913,95.87,96.6191,261709
435,96,2020-09-29 12:30:00,96.619,96.62,95.3914,95.71,246355
436,95,2020-09-29 13:00:00,95.74,97.6161,95.71,97.3724,380022
437,94,2020-09-29 13:30:00,97.425,97.74,96.77,97.31,350931
438,93,2020-09-29 14:00:00,97.29,97.49,96.3,96.35,403345
439,92,2020-09-29 14:30:00,96.42,96.55,95.79,96.18,175614
440,91,2020-09-29 15:00:00,96.2,96.399,95.6,95.6,149997
441,90,2020-09-29 15:30:00,95.6,95.8498,93.45,93.91,475257
442,89,2020-09-29 16:00:00,93.9493,94.15,93.275,93.4,674978
443,88,2020-09-29 16:30:00,93.38,93.6,93.22,93.35,56108
444,87,2020-09-29 17:00:00,93.4,93.66,93.4,93.4,9620
445,86,2020-09-29 17:30:00,93.38,93.38,93.2,93.2,781
446,85,2020-09-29 18:00:00,93.21,93.25,93.0,93.2,3946
447,84,2020-09-29 18:30:00,93.2,93.2,93.19,93.2,2912
448,83,2020-09-29 19:00:00,93.25,93.7,93.25,93.7,1787
449,82,2020-09-29 19:30:00,93.53,93.53,93.53,93.53,279
450,81,2020-09-29 20:00:00,93.51,93.73,93.5,93.5,1678
451,80,2020-09-30 05:00:00,92.64,92.64,92.64,92.64,200
452,79,2020-09-30 05:30:00,92.75,92.75,92.75,92.75,200
453,78,2020-09-30 07:00:00,92.74,92.74,92.74,92.74,200
454,77,2020-09-30 07:30:00,93.25,93.34,93.1,93.34,4042
455,76,2020-09-30 08:00:00,93.25,93.25,93.2,93.2,300
456,75,2020-09-30 08:30:00,93.28,93.5,93.0,93.1,1307
457,74,2020-09-30 09:00:00,93.45,93.8999,93.2,93.85,6011
458,73,2020-09-30 09:30:00,93.51,94.45,93.5,93.81,15603
459,72,2020-09-30 10:00:00,93.75,94.44,91.2,93.3556,1067975
460,71,2020-09-30 10:30:00,93.45,93.65,91.83,93.09,480723
461,70,2020-09-30 11:00:00,93.16,94.0632,92.53,92.87,327432
462,69,2020-09-30 11:30:00,92.9,93.78,92.87,93.6299,251252
463,68,2020-09-30 12:00:00,93.5,93.56,92.69,93.23,237102
464,67,2020-09-30 12:30:00,93.27,94.65,93.26,94.125,328326
465,66,2020-09-30 13:00:00,94.15,94.24,93.5449,93.765,139320
466,65,2020-09-30 13:30:00,93.8113,94.46,93.2,94.4368,179290
467,64,2020-09-30 14:00:00,94.444,95.5413,94.4105,95.2592,302479
468,63,2020-09-30 14:30:00,95.26,95.64,94.11,94.8532,221804
469,62,2020-09-30 15:00:00,94.79,94.79,93.23,94.285,237680
470,61,2020-09-30 15:30:00,94.3,94.4355,92.95,93.74,283352
471,60,2020-09-30 16:00:00,93.69,94.16,93.1,93.68,515579
472,59,2020-09-30 16:30:00,93.68,93.92,93.14,93.17,224356
473,58,2020-09-30 17:30:00,93.45,93.45,93.45,93.45,172
474,57,2020-09-30 18:00:00,93.5,93.65,93.48,93.51,1576
475,56,2020-09-30 18:30:00,93.77,93.77,93.4,93.4,500
476,55,2020-09-30 19:30:00,93.89,93.89,93.88,93.88,371
477,54,2020-09-30 20:00:00,93.94,94.0,93.93,94.0,1949
478,53,2020-10-01 07:30:00,94.56,94.77,94.37,94.77,820
479,52,2020-10-01 08:00:00,94.98,94.98,94.9,94.9,340
480,51,2020-10-01 08:30:00,94.947,95.5,94.35,95.3,12826
481,50,2020-10-01 09:00:00,95.36,95.45,94.76,95.0,12550
482,49,2020-10-01 09:30:00,95.0,95.0,94.32,94.32,9291
483,48,2020-10-01 10:00:00,94.6,95.87,93.53,95.25,835283
484,47,2020-10-01 10:30:00,95.16,95.525,94.21,94.9,399429
485,46,2020-10-01 11:00:00,94.85,96.95,94.67,96.95,550337
486,45,2020-10-01 11:30:00,96.98,98.13,96.1501,98.11,686042
487,44,2020-10-01 12:00:00,98.11,98.2799,96.78,97.514,419396
488,43,2020-10-01 12:30:00,97.6,98.0,97.13,97.9384,263828
489,42,2020-10-01 13:00:00,97.99,98.85,97.96,98.78,377483
490,41,2020-10-01 13:30:00,98.8,98.95,98.13,98.56,260263
491,40,2020-10-01 14:00:00,98.5439,99.98,98.3501,99.45,501460
492,39,2020-10-01 14:30:00,99.49,99.85,96.95,98.725,850762
493,38,2020-10-01 15:00:00,98.73,99.1565,98.2,98.6932,411185
494,37,2020-10-01 15:30:00,98.7756,98.97,97.44,97.65,190576
495,36,2020-10-01 16:00:00,97.68,98.12,97.5,97.84,352747
496,35,2020-10-01 16:30:00,97.7,98.0,97.7,97.8,20649
497,34,2020-10-01 17:00:00,98.0,98.25,97.97,98.25,9025
498,33,2020-10-01 17:30:00,98.25,98.25,98.0001,98.0001,1376
499,32,2020-10-01 18:00:00,98.31,98.31,98.14,98.14,364
500,31,2020-10-01 18:30:00,98.31,98.31,98.14,98.14,390
501,30,2020-10-01 19:00:00,98.2,98.2,98.0,98.0,1600
502,29,2020-10-01 19:30:00,98.2,98.26,98.0,98.25,1835
503,28,2020-10-01 20:00:00,98.24,98.25,98.0,98.0,1411
504,27,2020-10-02 04:30:00,96.76,96.76,93.98,94.5,3090
505,26,2020-10-02 06:00:00,94.5,94.5,94.0,94.0,1277
506,25,2020-10-02 07:00:00,94.1,94.5,94.1,94.5,1398
507,24,2020-10-02 07:30:00,94.65,95.0,93.7,94.2,10198
508,23,2020-10-02 08:00:00,94.21,94.21,93.75,93.75,2369
509,22,2020-10-02 08:30:00,93.75,95.0,93.5,95.0,30128
510,21,2020-10-02 09:00:00,94.85,95.25,94.31,94.6001,11587
511,20,2020-10-02 09:30:00,94.7,94.95,93.7,94.95,28841
512,19,2020-10-02 10:00:00,95.0,102.23,94.54,102.1954,1634681
513,18,2020-10-02 10:30:00,102.005,102.4899,99.07,100.2526,760990
514,17,2020-10-02 11:00:00,100.06,100.305,98.50299999999999,100.1,411777
515,16,2020-10-02 11:30:00,100.03,100.2399,99.211,99.3808,264063
516,15,2020-10-02 12:00:00,99.29,99.3,96.56,96.75,455485
517,14,2020-10-02 12:30:00,96.6154,97.59,95.65,96.81,396617
518,13,2020-10-02 13:00:00,96.82,97.31,96.12,96.25,323046
519,12,2020-10-02 13:30:00,96.228,96.36,95.1706,96.105,249779
520,11,2020-10-02 14:00:00,96.105,96.7,95.6301,96.59,171894
521,10,2020-10-02 14:30:00,96.59,97.4099,96.0101,96.23,202087
522,9,2020-10-02 15:00:00,96.3,96.33,95.35,96.209,146026
523,8,2020-10-02 15:30:00,96.1101,96.3085,95.5801,95.87,127917
524,7,2020-10-02 16:00:00,95.8,96.4922,95.27,95.34,444387
525,6,2020-10-02 16:30:00,95.34,95.59,95.2,95.58,13151
526,5,2020-10-02 17:00:00,95.9,95.9,95.58,95.58,2622
527,4,2020-10-02 17:30:00,95.58,95.58,95.36,95.36,4835
528,3,2020-10-02 18:00:00,95.34,95.34,95.15,95.15,1693
529,2,2020-10-02 18:30:00,95.0,95.01,95.0,95.01,1957
530,1,2020-10-02 19:00:00,95.0,95.1,94.85,95.1,3566
531,0,2020-10-02 20:00:00,95.5,95.5,94.9,94.95,1455
