,index,time,open,high,low,close,volume
0,565,2020-05-08 04:30:00,22.9,23.2,22.87,23.2,2099
1,564,2020-05-08 06:00:00,22.99,23.0,22.99,23.0,350
2,563,2020-05-08 06:30:00,23.0,23.0,23.0,23.0,300
3,562,2020-05-08 07:30:00,22.97,22.97,22.97,22.97,221
4,561,2020-05-08 08:00:00,22.97,22.97,22.9,22.9,1500
5,560,2020-05-08 08:30:00,22.9601,23.0,22.8,22.82,13826
6,559,2020-05-08 09:00:00,22.9,22.92,22.82,22.9198,18704
7,558,2020-05-08 09:30:00,22.91,23.06,22.86,23.01,31426
8,557,2020-05-08 10:00:00,23.07,23.57,23.05,23.4604,2381950
9,556,2020-05-08 10:30:00,23.47,23.83,23.45,23.655,1734368
10,555,2020-05-08 11:00:00,23.6541,23.8,23.61,23.79,1328894
11,554,2020-05-08 11:30:00,23.79,23.975,23.75,23.97,1338918
12,553,2020-05-08 12:00:00,23.97,23.98,23.78,23.8425,1121939
13,552,2020-05-08 12:30:00,23.85,23.9481,23.82,23.83,759361
14,551,2020-05-08 13:00:00,23.83,23.93,23.76,23.765,588837
15,550,2020-05-08 13:30:00,23.77,23.81,23.65,23.75,847753
16,549,2020-05-08 14:00:00,23.76,23.77,23.665,23.73,407239
17,548,2020-05-08 14:30:00,23.74,23.92,23.705,23.905,505767
18,547,2020-05-08 15:00:00,23.9,23.99,23.845,23.95,821991
19,546,2020-05-08 15:30:00,23.96,24.0,23.905,23.935,684295
20,545,2020-05-08 16:00:00,23.935,23.98,23.8443,23.93,2544441
21,544,2020-05-08 16:30:00,23.82,24.07,23.81,24.07,708382
22,543,2020-05-08 17:00:00,24.09,24.1,23.93,24.0998,23965
23,542,2020-05-08 17:30:00,24.1,24.1,24.01,24.01,3168
24,541,2020-05-08 18:00:00,24.08,24.1,24.01,24.01,6773
25,540,2020-05-08 18:30:00,24.01,24.05,24.01,24.02,3211
26,539,2020-05-08 19:00:00,24.06,24.06,24.01,24.01,1711
27,538,2020-05-08 20:00:00,24.01,24.05,24.01,24.05,3433
28,537,2020-05-11 04:30:00,24.0,24.0,23.8,23.99,950
29,536,2020-05-11 05:00:00,23.97,23.97,23.96,23.96,698
30,535,2020-05-11 05:30:00,23.87,23.87,23.81,23.81,2147
31,534,2020-05-11 06:00:00,23.81,23.81,23.81,23.81,393
32,533,2020-05-11 06:30:00,23.68,23.68,23.53,23.53,4119
33,532,2020-05-11 07:30:00,23.7,23.71,23.6,23.61,4264
34,531,2020-05-11 08:00:00,23.76,23.81,23.6,23.6,15810
35,530,2020-05-11 08:30:00,23.6601,23.8,23.55,23.62,24297
36,529,2020-05-11 09:00:00,23.59,23.6,23.51,23.52,19909
37,528,2020-05-11 09:30:00,23.52,23.64,23.27,23.27,35649
38,527,2020-05-11 10:00:00,23.25,23.29,22.7407,22.82,2846752
39,526,2020-05-11 10:30:00,22.82,22.92,22.59,22.87,1402021
40,525,2020-05-11 11:00:00,22.87,23.0381,22.8065,22.985,1464223
41,524,2020-05-11 11:30:00,22.9871,23.065,22.92,23.0399,1175371
42,523,2020-05-11 12:00:00,23.04,23.18,23.03,23.16,979479
43,522,2020-05-11 12:30:00,23.16,23.38,23.12,23.365,973588
44,521,2020-05-11 13:00:00,23.365,23.39,23.2,23.245,571051
45,520,2020-05-11 13:30:00,23.24,23.245,23.12,23.155,503408
46,519,2020-05-11 14:00:00,23.155,23.27,23.08,23.0814,484238
47,518,2020-05-11 14:30:00,23.09,23.12,22.975,23.0315,532560
48,517,2020-05-11 15:00:00,23.03,23.1,22.85,22.87,669954
49,516,2020-05-11 15:30:00,22.875,23.02,22.825,22.9,1083461
50,515,2020-05-11 16:00:00,22.895,22.93,22.77,22.79,2204439
51,514,2020-05-11 16:30:00,22.8,23.1,22.75,22.77,221845
52,513,2020-05-11 17:00:00,22.77,22.77,22.76,22.77,16678
53,512,2020-05-11 17:30:00,22.77,22.77,22.7,22.7,2315
54,511,2020-05-11 18:00:00,22.77,22.95,22.77,22.85,3541
55,510,2020-05-11 18:30:00,22.87,22.9,22.87,22.9,2868
56,509,2020-05-11 19:00:00,22.9,22.9,22.9,22.9,1100
57,508,2020-05-11 19:30:00,22.9,22.9,22.8,22.8,7065
58,507,2020-05-11 20:00:00,22.91,22.91,22.77,22.8,3603
59,506,2020-05-12 04:30:00,22.8,22.8,22.75,22.75,742
60,505,2020-05-12 05:00:00,22.8,22.8,22.8,22.8,151
61,504,2020-05-12 06:00:00,22.83,22.83,22.83,22.83,100
62,503,2020-05-12 06:30:00,22.83,22.83,22.83,22.83,958
63,502,2020-05-12 07:30:00,23.04,23.2,22.97,23.1,9310
64,501,2020-05-12 08:00:00,23.1,23.1,23.09,23.1,1675
65,500,2020-05-12 08:30:00,23.16,23.27,23.02,23.15,21641
66,499,2020-05-12 09:00:00,23.17,23.17,23.0,23.09,10903
67,498,2020-05-12 09:30:00,23.08,23.17,23.03,23.12,20550
68,497,2020-05-12 10:00:00,22.99,23.27,22.89,23.08,2010358
69,496,2020-05-12 10:30:00,23.09,23.23,22.99,23.115,874998
70,495,2020-05-12 11:00:00,23.115,23.135,22.91,22.95,706967
71,494,2020-05-12 11:30:00,22.95,23.05,22.9,23.01,731893
72,493,2020-05-12 12:00:00,23.005,23.08,22.96,23.0499,548513
73,492,2020-05-12 12:30:00,23.045,23.15,23.0,23.13,451596
74,491,2020-05-12 13:00:00,23.13,23.23,23.12,23.14,503018
75,490,2020-05-12 13:30:00,23.14,23.14,22.855,22.865,658981
76,489,2020-05-12 14:00:00,22.865,22.95,22.84,22.95,414237
77,488,2020-05-12 14:30:00,22.95,22.95,22.76,22.825,485131
78,487,2020-05-12 15:00:00,22.82,22.9,22.78,22.875,642022
79,486,2020-05-12 15:30:00,22.875,22.93,22.75,22.76,893168
80,485,2020-05-12 16:00:00,22.765,22.79,22.55,22.55,2045311
81,484,2020-05-12 16:30:00,22.56,22.61,22.5,22.61,455770
82,483,2020-05-12 17:00:00,22.6,22.6,22.4502,22.499000000000002,21678
83,482,2020-05-12 17:30:00,22.45,22.45,22.4,22.45,4780
84,481,2020-05-12 18:00:00,22.4,22.5,22.4,22.5,2394
85,480,2020-05-12 18:30:00,22.45,22.45,22.36,22.36,2430
86,479,2020-05-12 19:30:00,22.43,22.4499,22.43,22.4499,2076
87,478,2020-05-12 20:00:00,22.45,22.45,22.22,22.22,13016
88,477,2020-05-13 04:30:00,22.27,22.45,22.27,22.45,5100
89,476,2020-05-13 06:00:00,22.51,22.52,22.5,22.52,900
90,475,2020-05-13 07:30:00,22.57,22.71,22.56,22.71,4715
91,474,2020-05-13 08:00:00,22.7,22.7,22.7,22.7,7252
92,473,2020-05-13 08:30:00,22.7,22.8,22.56,22.76,17972
93,472,2020-05-13 09:00:00,22.76,22.82,22.7,22.72,22594
94,471,2020-05-13 09:30:00,22.7,22.78,22.41,22.51,17807
95,470,2020-05-13 10:00:00,22.44,22.45,21.73,21.8301,2387893
96,469,2020-05-13 10:30:00,21.835,21.965,21.59,21.695,1350654
97,468,2020-05-13 11:00:00,21.7,21.78,21.455,21.485,1101257
98,467,2020-05-13 11:30:00,21.48,21.57,21.28,21.34,1337110
99,466,2020-05-13 12:00:00,21.345,21.395,21.16,21.245,1357820
100,465,2020-05-13 12:30:00,21.24,21.34,21.13,21.3201,1052902
101,464,2020-05-13 13:00:00,21.33,21.4481,21.285,21.4,753128
102,463,2020-05-13 13:30:00,21.4,21.63,21.32,21.5236,667698
103,462,2020-05-13 14:00:00,21.525,21.53,21.295,21.34,596640
104,461,2020-05-13 14:30:00,21.33,21.505,21.212,21.445,796746
105,460,2020-05-13 15:00:00,21.445,21.47,21.27,21.28,766856
106,459,2020-05-13 15:30:00,21.29,21.395,21.23,21.285,717258
107,458,2020-05-13 16:00:00,21.28,21.52,21.25,21.45,1894761
108,457,2020-05-13 16:30:00,21.46,21.65,21.46,21.46,212443
109,456,2020-05-13 17:00:00,21.4502,21.46,21.45,21.46,869313
110,455,2020-05-13 17:30:00,21.47,21.64,21.46,21.5001,2095
111,454,2020-05-13 18:00:00,21.64,21.64,21.64,21.64,366
112,453,2020-05-13 18:30:00,21.6,21.6,21.6,21.6,100
113,452,2020-05-13 19:00:00,21.58,21.58,21.51,21.58,2250
114,451,2020-05-13 19:30:00,21.51,21.58,21.51,21.51,3188
115,450,2020-05-13 20:00:00,21.54,21.65,21.54,21.65,3774
116,449,2020-05-14 05:30:00,21.46,21.46,21.46,21.46,764
117,448,2020-05-14 07:30:00,21.4,21.45,21.13,21.13,8268
118,447,2020-05-14 08:00:00,21.1,21.1,21.0,21.0,10797
119,446,2020-05-14 08:30:00,21.0301,21.5,20.73,20.88,50553
120,445,2020-05-14 09:00:00,20.84,20.92,20.6,20.92,20250
121,444,2020-05-14 09:30:00,20.88,20.96,20.7,20.7,22357
122,443,2020-05-14 10:00:00,20.66,20.93,20.49,20.555,2108059
123,442,2020-05-14 10:30:00,20.555,21.33,20.49,21.25,1801201
124,441,2020-05-14 11:00:00,21.25,22.245,21.25,22.0247,2359865
125,440,2020-05-14 11:30:00,22.03,22.315,21.715,21.73,1226262
126,439,2020-05-14 12:00:00,21.725,21.8,21.305,21.645,1273008
127,438,2020-05-14 12:30:00,21.65,21.88,21.605,21.68,982195
128,437,2020-05-14 13:00:00,21.685,22.0,21.66,21.975,716697
129,436,2020-05-14 13:30:00,21.98,22.125,21.87,22.11,520488
130,435,2020-05-14 14:00:00,22.11,22.1757,21.96,21.97,625211
131,434,2020-05-14 14:30:00,21.9623,22.105,21.89,22.09,446332
132,433,2020-05-14 15:00:00,22.09,22.145,21.95,22.06,517683
133,432,2020-05-14 15:30:00,22.065,22.25,22.03,22.22,653233
134,431,2020-05-14 16:00:00,22.23,22.34,22.08,22.31,1728196
135,430,2020-05-14 16:30:00,22.31,22.4,22.2,22.31,192777
136,429,2020-05-14 17:00:00,22.21,22.22,22.21,22.22,739
137,428,2020-05-14 17:30:00,22.31,22.41,22.31,22.41,693
138,427,2020-05-14 18:00:00,22.41,22.41,22.31,22.39,825
139,426,2020-05-14 18:30:00,22.39,22.39,22.39,22.39,669
140,425,2020-05-14 19:00:00,22.4,22.42,22.4,22.42,662
141,424,2020-05-14 19:30:00,22.38,22.38,22.35,22.37,1200
142,423,2020-05-14 20:00:00,22.37,22.38,22.37,22.37,3450
143,422,2020-05-15 05:00:00,22.26,22.26,22.18,22.18,501
144,421,2020-05-15 05:30:00,22.39,22.39,22.39,22.39,200
145,420,2020-05-15 07:00:00,22.17,22.17,22.17,22.17,180
146,419,2020-05-15 07:30:00,22.3,22.3,21.96,22.0,14813
147,418,2020-05-15 08:00:00,22.01,22.01,21.5,21.7,15454
148,417,2020-05-15 08:30:00,22.0,22.15,21.66,21.98,22047
149,416,2020-05-15 09:00:00,21.9799,21.9799,21.8,21.94,16117
150,415,2020-05-15 09:30:00,21.8693,22.2,21.8,22.01,15155
151,414,2020-05-15 10:00:00,21.97,22.35,21.83,22.1,1813493
152,413,2020-05-15 10:30:00,22.11,22.489,21.99,22.489,892606
153,412,2020-05-15 11:00:00,22.48,22.58,22.265,22.34,802417
154,411,2020-05-15 11:30:00,22.345,22.38,22.19,22.3,553458
155,410,2020-05-15 12:00:00,22.29,22.3,22.045,22.13,625970
156,409,2020-05-15 12:30:00,22.13,22.3284,22.11,22.22,539316
157,408,2020-05-15 13:00:00,22.22,22.415,22.185,22.36,736827
158,407,2020-05-15 13:30:00,22.35,22.45,22.225,22.27,620073
159,406,2020-05-15 14:00:00,22.265,22.55,22.235,22.425,579985
160,405,2020-05-15 14:30:00,22.43,22.565,22.425,22.47,472518
161,404,2020-05-15 15:00:00,22.47,22.515,22.34,22.37,420172
162,403,2020-05-15 15:30:00,22.37,22.49,22.34,22.455,642559
163,402,2020-05-15 16:00:00,22.455,22.68,22.36,22.63,3316757
164,401,2020-05-15 16:30:00,22.63,22.7,22.55,22.6,212676
165,400,2020-05-15 17:00:00,22.56,22.63,22.55,22.63,7206
166,399,2020-05-15 17:30:00,22.63,22.63,22.63,22.63,3074
167,398,2020-05-15 18:00:00,22.56,22.56,22.55,22.56,827
168,397,2020-05-15 18:30:00,22.63,22.63,22.55,22.55,2951
169,396,2020-05-15 20:00:00,22.52,22.52,22.52,22.52,3500
170,395,2020-05-18 04:30:00,23.0,23.02,22.99,22.99,853
171,394,2020-05-18 05:00:00,23.14,23.14,23.14,23.14,300
172,393,2020-05-18 05:30:00,22.92,22.92,22.91,22.91,200
173,392,2020-05-18 06:30:00,23.14,23.14,23.14,23.14,157
174,391,2020-05-18 07:00:00,23.15,23.15,23.15,23.15,390
175,390,2020-05-18 07:30:00,23.02,23.32,23.02,23.32,10271
176,389,2020-05-18 08:00:00,23.31,23.72,23.31,23.72,20989
177,388,2020-05-18 08:30:00,23.2499,23.95,23.02,23.85,63899
178,387,2020-05-18 09:00:00,23.85,24.0,23.85,23.88,60425
179,386,2020-05-18 09:30:00,23.94,24.0,23.53,24.0,90077
180,385,2020-05-18 10:00:00,24.0,25.205,24.0,24.8,5865666
181,384,2020-05-18 10:30:00,24.805,24.9,24.17,24.27,1944576
182,383,2020-05-18 11:00:00,24.27,24.7196,24.255,24.6,1627158
183,382,2020-05-18 11:30:00,24.605,24.87,24.52,24.82,1044910
184,381,2020-05-18 12:00:00,24.82,24.87,24.55,24.715,1244637
185,380,2020-05-18 12:30:00,24.715,24.78,24.62,24.735,698753
186,379,2020-05-18 13:00:00,24.735,24.85,24.66,24.85,542232
187,378,2020-05-18 13:30:00,24.85,25.0,24.845,24.995,967386
188,377,2020-05-18 14:00:00,24.995,25.01,24.88,24.94,790894
189,376,2020-05-18 14:30:00,24.94,24.955,24.61,24.7781,1117344
190,375,2020-05-18 15:00:00,24.77,24.925,24.77,24.884,814593
191,374,2020-05-18 15:30:00,24.885,25.0,24.88,24.965,1073132
192,373,2020-05-18 16:00:00,24.965,25.01,24.78,24.8,3264109
193,372,2020-05-18 16:30:00,24.81,24.97,24.755,24.9,902027
194,371,2020-05-18 17:00:00,24.85,24.86,24.62,24.83,10579
195,370,2020-05-18 17:30:00,24.74,24.89,24.74,24.85,2109
196,369,2020-05-18 18:00:00,24.83,24.89,24.83,24.89,2400
197,368,2020-05-18 18:30:00,24.85,24.85,24.85,24.85,1010
198,367,2020-05-18 19:00:00,24.85,24.91,24.85,24.91,969
199,366,2020-05-18 19:30:00,24.98,25.08,24.93,24.95,6321
200,365,2020-05-18 20:00:00,24.95,25.06,24.93,25.05,3034
201,364,2020-05-19 04:30:00,25.0,25.0,24.77,24.77,1381
202,363,2020-05-19 05:00:00,24.69,24.7,24.69,24.7,900
203,362,2020-05-19 05:30:00,24.7,24.7,24.7,24.7,811
204,361,2020-05-19 06:30:00,24.71,24.71,24.4,24.4,1350
205,360,2020-05-19 07:30:00,24.65,24.76,24.54,24.7,11735
206,359,2020-05-19 08:00:00,24.75,24.78,24.66,24.71,12440
207,358,2020-05-19 08:30:00,24.61,24.79,24.54,24.66,15209
208,357,2020-05-19 09:00:00,24.69,24.85,24.66,24.85,7161
209,356,2020-05-19 09:30:00,24.84,24.8997,24.7,24.85,23086
210,355,2020-05-19 10:00:00,24.75,24.895,24.29,24.73,2628154
211,354,2020-05-19 10:30:00,24.73,25.105,24.67,25.025,1102404
212,353,2020-05-19 11:00:00,25.025,25.1,24.79,25.045,1064052
213,352,2020-05-19 11:30:00,25.045,25.57,25.0242,25.49,1367579
214,351,2020-05-19 12:00:00,25.5,25.69,25.47,25.59,1751638
215,350,2020-05-19 12:30:00,25.595,25.7,25.54,25.5662,1136228
216,349,2020-05-19 13:00:00,25.57,25.65,25.53,25.585,801490
217,348,2020-05-19 13:30:00,25.585,25.61,25.425,25.45,1023441
218,347,2020-05-19 14:00:00,25.44,25.5,25.415,25.4485,669885
219,346,2020-05-19 14:30:00,25.445,25.465,25.335,25.445,788525
220,345,2020-05-19 15:00:00,25.44,25.4681,25.115,25.175,986677
221,344,2020-05-19 15:30:00,25.18,25.425,25.06,25.15,1572467
222,343,2020-05-19 16:00:00,25.15,25.15,24.68,24.68,2801925
223,342,2020-05-19 16:30:00,24.69,24.85,24.68,24.78,53759
224,341,2020-05-19 17:00:00,24.75,24.8,24.74,24.8,3808
225,340,2020-05-19 17:30:00,24.8,24.8998,24.7056,24.71,3841
226,339,2020-05-19 18:00:00,24.71,24.73,24.71,24.72,7716
227,338,2020-05-19 18:30:00,24.72,24.72,24.68,24.72,7323
228,337,2020-05-19 19:00:00,24.72,24.72,24.72,24.72,675
229,336,2020-05-19 19:30:00,24.72,24.72,24.72,24.72,3831
230,335,2020-05-19 20:00:00,24.8199,24.8199,24.73,24.73,8113
231,334,2020-05-20 04:30:00,25.1,25.1,25.1,25.1,500
232,333,2020-05-20 05:30:00,25.14,25.2,25.14,25.2,1613
233,332,2020-05-20 06:00:00,25.19,25.19,25.16,25.16,1068
234,331,2020-05-20 07:30:00,25.03,25.24,25.03,25.09,10811
235,330,2020-05-20 08:00:00,25.09,25.18,25.09,25.15,5545
236,329,2020-05-20 08:30:00,25.0899,25.4799,25.03,25.4301,28609
237,328,2020-05-20 09:00:00,25.43,25.43,25.21,25.21,25590
238,327,2020-05-20 09:30:00,25.21,25.47,25.21,25.42,40608
239,326,2020-05-20 10:00:00,25.31,25.89,25.3,25.645,2555047
240,325,2020-05-20 10:30:00,25.64,25.695,25.45,25.49,1159355
241,324,2020-05-20 11:00:00,25.49,25.6,25.365,25.41,1095715
242,323,2020-05-20 11:30:00,25.405,25.555,25.23,25.385,1091569
243,322,2020-05-20 12:00:00,25.39,25.5,25.2292,25.43,1224825
244,321,2020-05-20 12:30:00,25.43,25.45,25.215,25.3987,600283
245,320,2020-05-20 13:00:00,25.3972,25.405,25.28,25.388,547352
246,319,2020-05-20 13:30:00,25.39,25.41,25.26,25.3199,631257
247,318,2020-05-20 14:00:00,25.32,25.37,25.23,25.345,535298
248,317,2020-05-20 14:30:00,25.35,25.45,25.27,25.445,546888
249,316,2020-05-20 15:00:00,25.445,25.62,25.425,25.53,856985
250,315,2020-05-20 15:30:00,25.53,25.61,25.45,25.6001,679363
251,314,2020-05-20 16:00:00,25.6086,25.61,25.46,25.48,1790561
252,313,2020-05-20 16:30:00,25.48,25.5,25.35,25.5,117322
253,312,2020-05-20 17:00:00,25.51,25.53,25.46,25.53,2167
254,311,2020-05-20 17:30:00,25.53,25.6,25.53,25.6,11122
255,310,2020-05-20 18:00:00,25.6,25.6,25.51,25.51,406
256,309,2020-05-20 18:30:00,25.54,25.54,25.53,25.53,1642
257,308,2020-05-20 19:00:00,25.52,25.6,25.52,25.56,2477
258,307,2020-05-20 19:30:00,25.5,25.5,25.5,25.5,200
259,306,2020-05-20 20:00:00,25.5,25.5,25.4,25.4,5490
260,305,2020-05-21 04:30:00,25.31,25.31,25.21,25.21,300
261,304,2020-05-21 05:00:00,25.41,25.41,25.41,25.41,480
262,303,2020-05-21 07:30:00,25.3,25.41,25.3,25.41,2720
263,302,2020-05-21 08:00:00,25.42,25.45,25.42,25.45,1298
264,301,2020-05-21 08:30:00,25.244,25.44,25.244,25.28,2824
265,300,2020-05-21 09:00:00,25.28,25.53,25.28,25.48,12511
266,299,2020-05-21 09:30:00,25.49,25.53,25.17,25.33,24183
267,298,2020-05-21 10:00:00,25.29,25.575,25.21,25.515,1788226
268,297,2020-05-21 10:30:00,25.51,25.79,25.5,25.69,918039
269,296,2020-05-21 11:00:00,25.69,25.815,25.64,25.755,1417302
270,295,2020-05-21 11:30:00,25.75,25.755,25.35,25.435,1065315
271,294,2020-05-21 12:00:00,25.435,25.7,25.405,25.62,488254
272,293,2020-05-21 12:30:00,25.62,25.79,25.62,25.6738,523291
273,292,2020-05-21 13:00:00,25.67,25.84,25.62,25.83,497489
274,291,2020-05-21 13:30:00,25.83,26.02,25.7819,25.9,850669
275,290,2020-05-21 14:00:00,25.905,25.9558,25.835,25.86,407196
276,289,2020-05-21 14:30:00,25.8501,25.945,25.79,25.945,440506
277,288,2020-05-21 15:00:00,25.95,25.99,25.83,25.875,856230
278,287,2020-05-21 15:30:00,25.87,25.98,25.87,25.905,1538975
279,286,2020-05-21 16:00:00,25.905,25.96,25.75,25.805,2158117
280,285,2020-05-21 16:30:00,25.8,25.98,25.75,25.76,198968
281,284,2020-05-21 17:00:00,25.8,25.8,25.73,25.75,2793
282,283,2020-05-21 17:30:00,25.75,25.75,25.7,25.7,352
283,282,2020-05-21 18:00:00,25.8,25.8,25.69,25.69,2036
284,281,2020-05-21 18:30:00,25.8,25.8,25.8,25.8,100
285,280,2020-05-21 20:00:00,25.86,25.9,25.86,25.9,1845
286,279,2020-05-22 04:30:00,25.42,25.42,25.41,25.41,600
287,278,2020-05-22 05:00:00,25.43,25.43,25.43,25.43,200
288,277,2020-05-22 07:00:00,25.61,25.61,25.61,25.61,100
289,276,2020-05-22 07:30:00,25.7,25.8,25.67,25.67,2718
290,275,2020-05-22 08:00:00,25.65,25.9,25.65,25.9,6228
291,274,2020-05-22 08:30:00,25.585,25.95,25.585,25.91,3303
292,273,2020-05-22 09:00:00,25.9049,25.91,25.85,25.91,2526
293,272,2020-05-22 09:30:00,25.93,26.07,25.7,25.97,18308
294,271,2020-05-22 10:00:00,25.99,26.23,25.458000000000002,25.51,1922361
295,270,2020-05-22 10:30:00,25.51,25.56,25.215,25.335,1444199
296,269,2020-05-22 11:00:00,25.34,25.5742,25.3151,25.4,859047
297,268,2020-05-22 11:30:00,25.39,25.56,25.37,25.46,593518
298,267,2020-05-22 12:00:00,25.455,25.615,25.44,25.605,544595
299,266,2020-05-22 12:30:00,25.605,25.61,25.45,25.535,412464
300,265,2020-05-22 13:00:00,25.545,25.8281,25.5379,25.825,650144
301,264,2020-05-22 13:30:00,25.83,25.94,25.81,25.8501,908166
302,263,2020-05-22 14:00:00,25.8501,25.93,25.83,25.855,579907
303,262,2020-05-22 14:30:00,25.855,25.98,25.85,25.885,583384
304,261,2020-05-22 15:00:00,25.88,25.9399,25.83,25.92,548895
305,260,2020-05-22 15:30:00,25.915,26.035,25.9,25.96,826808
306,259,2020-05-22 16:00:00,25.96,26.02,25.9,25.98,1976660
307,258,2020-05-22 16:30:00,25.99,25.99,25.96,25.96,792283
308,257,2020-05-22 17:00:00,25.99,26.0,25.96,26.0,1284
309,256,2020-05-22 17:30:00,26.0,26.0,25.97,25.97,782
310,255,2020-05-22 18:00:00,26.02,26.02,26.02,26.02,511
311,254,2020-05-22 19:00:00,26.02,26.07,25.97,25.97,3393
312,253,2020-05-22 19:30:00,25.96,25.96,25.96,25.96,200
313,252,2020-05-22 20:00:00,25.98,25.98,25.98,25.98,139
314,251,2020-05-26 04:30:00,26.58,27.0,26.58,27.0,2472
315,250,2020-05-26 05:00:00,27.0,27.0,27.0,27.0,400
316,249,2020-05-26 05:30:00,27.0,27.03,26.98,26.98,1476
317,248,2020-05-26 06:00:00,26.76,26.76,26.76,26.76,400
318,247,2020-05-26 07:00:00,26.85,26.88,26.85,26.88,3151
319,246,2020-05-26 07:30:00,26.92,26.92,26.74,26.9,18009
320,245,2020-05-26 08:00:00,26.8,26.98,26.8,26.98,11281
321,244,2020-05-26 08:30:00,26.8799,27.24,26.77,27.21,23035
322,243,2020-05-26 09:00:00,27.06,27.47,27.05,27.13,26158
323,242,2020-05-26 09:30:00,27.15,27.85,27.05,27.85,73524
324,241,2020-05-26 10:00:00,27.82,27.89,27.36,27.765,3564808
325,240,2020-05-26 10:30:00,27.77,27.85,27.5,27.6602,1123850
326,239,2020-05-26 11:00:00,27.666999999999998,27.75,27.575,27.71,827915
327,238,2020-05-26 11:30:00,27.71,27.78,27.59,27.67,889402
328,237,2020-05-26 12:00:00,27.67,27.68,27.28,27.3117,942699
329,236,2020-05-26 12:30:00,27.32,27.4,27.265,27.36,595060
330,235,2020-05-26 13:00:00,27.355,27.45,27.25,27.41,502135
331,234,2020-05-26 13:30:00,27.415,27.48,27.385,27.4,365187
332,233,2020-05-26 14:00:00,27.4,27.5,27.35,27.48,469621
333,232,2020-05-26 14:30:00,27.48,27.57,27.47,27.5381,471117
334,231,2020-05-26 15:00:00,27.5399,27.55,27.41,27.5,550207
335,230,2020-05-26 15:30:00,27.51,27.6,27.445,27.55,672199
336,229,2020-05-26 16:00:00,27.54,27.58,27.27,27.39,3342062
337,228,2020-05-26 16:30:00,27.4,27.5,27.33,27.33,2261785
338,227,2020-05-26 17:00:00,27.32,27.4001,27.32,27.4001,6976
339,226,2020-05-26 17:30:00,27.48,27.55,27.48,27.55,763
340,225,2020-05-26 18:00:00,27.49,27.5,27.42,27.45,3873
341,224,2020-05-26 18:30:00,27.42,27.5,27.42,27.48,3755
342,223,2020-05-26 19:00:00,27.48,27.49,27.4,27.41,2168
343,222,2020-05-26 19:30:00,27.4201,27.46,27.42,27.45,2671
344,221,2020-05-26 20:00:00,27.45,27.45,27.45,27.45,2899
345,220,2020-05-27 05:00:00,27.85,27.85,27.85,27.85,200
346,219,2020-05-27 05:30:00,27.9,28.0,27.9,27.98,1994
347,218,2020-05-27 06:00:00,28.0,28.26,28.0,28.26,3700
348,217,2020-05-27 06:30:00,28.1,28.25,28.06,28.25,800
349,216,2020-05-27 07:30:00,28.1,28.25,28.0,28.25,15747
350,215,2020-05-27 08:00:00,28.27,28.4,28.25,28.27,5958
351,214,2020-05-27 08:30:00,28.22,28.45,28.01,28.45,25201
352,213,2020-05-27 09:00:00,28.38,28.45,28.17,28.28,11032
353,212,2020-05-27 09:30:00,28.28,28.45,28.14,28.45,34721
354,211,2020-05-27 10:00:00,28.53,28.83,27.82,27.92,2528785
355,210,2020-05-27 10:30:00,27.91,28.07,27.725,27.76,981514
356,209,2020-05-27 11:00:00,27.765,27.765,26.91,27.22,2152473
357,208,2020-05-27 11:30:00,27.22,27.43,27.0642,27.355,1018731
358,207,2020-05-27 12:00:00,27.3501,27.53,27.26,27.47,980098
359,206,2020-05-27 12:30:00,27.48,27.54,27.4,27.47,689246
360,205,2020-05-27 13:00:00,27.48,27.49,27.365,27.4,515530
361,204,2020-05-27 13:30:00,27.405,27.526999999999997,27.3,27.405,500233
362,203,2020-05-27 14:00:00,27.41,27.63,27.36,27.59,534096
363,202,2020-05-27 14:30:00,27.585,27.66,27.505,27.59,513620
364,201,2020-05-27 15:00:00,27.6,27.645,27.51,27.58,589613
365,200,2020-05-27 15:30:00,27.57,27.63,27.535,27.585,484961
366,199,2020-05-27 16:00:00,27.58,27.82,27.51,27.79,1878831
367,198,2020-05-27 16:30:00,27.79,27.8,27.79,27.79,710348
368,197,2020-05-27 17:00:00,27.79,27.8002,27.63,27.8,2152
369,196,2020-05-27 17:30:00,27.8,28.0,27.8,27.82,9860
370,195,2020-05-27 18:00:00,27.8,28.02,27.8,28.0,3851
371,194,2020-05-27 18:30:00,27.84,27.84,27.84,27.84,223
372,193,2020-05-27 19:00:00,27.8,28.0,27.8,28.0,3586
373,192,2020-05-27 19:30:00,28.0,28.07,27.85,27.85,5464
374,191,2020-05-27 20:00:00,27.9,28.0,27.9,28.0,383
375,190,2020-05-28 05:00:00,27.8,27.8,27.8,27.8,463
376,189,2020-05-28 07:30:00,27.9,27.9,27.9,27.9,5200
377,188,2020-05-28 08:00:00,27.85,27.87,27.84,27.87,701
378,187,2020-05-28 08:30:00,27.8401,27.99,27.65,27.7899,12390
379,186,2020-05-28 09:00:00,27.73,27.906999999999996,27.55,27.8,11637
380,185,2020-05-28 09:30:00,27.6217,28.288,27.6217,27.88,13932
381,184,2020-05-28 10:00:00,27.86,27.94,26.97,27.66,1778188
382,183,2020-05-28 10:30:00,27.66,27.68,27.17,27.2943,927819
383,182,2020-05-28 11:00:00,27.3,27.31,27.14,27.19,652611
384,181,2020-05-28 11:30:00,27.18,27.2417,27.0,27.23,710184
385,180,2020-05-28 12:00:00,27.235,27.3631,27.12,27.31,507854
386,179,2020-05-28 12:30:00,27.31,27.35,27.1564,27.18,423914
387,178,2020-05-28 13:00:00,27.18,27.27,27.13,27.19,330139
388,177,2020-05-28 13:30:00,27.19,27.21,26.95,27.14,510952
389,176,2020-05-28 14:00:00,27.13,27.22,27.1,27.14,288515
390,175,2020-05-28 14:30:00,27.14,27.22,27.07,27.125,484203
391,174,2020-05-28 15:00:00,27.1242,27.19,26.99,27.17,754312
392,173,2020-05-28 15:30:00,27.17,27.27,27.06,27.08,699406
393,172,2020-05-28 16:00:00,27.09,27.1001,26.6,26.68,2310620
394,171,2020-05-28 16:30:00,26.68,27.155,26.68,26.72,142020
395,170,2020-05-28 17:00:00,26.93,26.93,26.7,26.89,6843
396,169,2020-05-28 17:30:00,26.78,26.8,26.75,26.8,25633
397,168,2020-05-28 18:00:00,26.74,26.85,26.7,26.7,11968
398,167,2020-05-28 18:30:00,26.7,26.99,26.68,26.76,10996
399,166,2020-05-28 19:00:00,26.8,26.88,26.75,26.75,2232
400,165,2020-05-28 19:30:00,26.68,26.68,26.68,26.68,200
401,164,2020-05-28 20:00:00,26.6,26.6,26.51,26.55,21327
402,163,2020-05-29 07:30:00,26.6,26.6,26.5,26.55,1228
403,162,2020-05-29 08:00:00,26.42,26.55,26.4,26.52,3784
404,161,2020-05-29 08:30:00,26.5001,26.64,26.3998,26.62,11565
405,160,2020-05-29 09:00:00,26.47,26.52,26.42,26.52,2308
406,159,2020-05-29 09:30:00,26.45,26.45,26.12,26.36,17917
407,158,2020-05-29 10:00:00,26.35,26.57,25.93,26.005,2226617
408,157,2020-05-29 10:30:00,25.99,26.53,25.84,26.3283,1981955
409,156,2020-05-29 11:00:00,26.3261,26.38,26.03,26.11,551134
410,155,2020-05-29 11:30:00,26.11,26.31,25.96,26.0601,1547046
411,154,2020-05-29 12:00:00,26.06,26.11,25.96,25.98,863231
412,153,2020-05-29 12:30:00,25.98,26.0381,25.94,25.99,472691
413,152,2020-05-29 13:00:00,25.98,26.135,25.86,26.06,694122
414,151,2020-05-29 13:30:00,26.0663,26.09,25.89,25.91,507281
415,150,2020-05-29 14:00:00,25.9125,25.935,25.76,25.83,631655
416,149,2020-05-29 14:30:00,25.835,26.09,25.78,26.09,1135345
417,148,2020-05-29 15:00:00,26.08,26.085,25.69,26.04,1168200
418,147,2020-05-29 15:30:00,26.04,26.36,26.04,26.06,1616456
419,146,2020-05-29 16:00:00,26.05,26.07,25.78,25.88,3783507
420,145,2020-05-29 16:30:00,25.88,26.05,25.86,26.0,895863
421,144,2020-05-29 17:00:00,25.9998,26.05,25.94,25.98,3600
422,143,2020-05-29 17:30:00,26.0,26.08,25.94,26.05,6992
423,142,2020-05-29 18:00:00,26.08,26.11,26.08,26.1,1546
424,141,2020-05-29 18:30:00,26.0001,26.12,26.0001,26.12,4094
425,140,2020-05-29 19:00:00,26.1,26.1,26.08,26.08,301
426,139,2020-05-29 19:30:00,26.08,26.08,26.0,26.0,10627
427,138,2020-05-29 20:00:00,25.98,26.02,25.95,26.02,4259
428,137,2020-06-01 04:30:00,25.55,25.55,25.51,25.51,568
429,136,2020-06-01 07:30:00,25.8,25.88,25.8,25.88,1380
430,135,2020-06-01 08:00:00,26.25,26.25,26.25,26.25,400
431,134,2020-06-01 08:30:00,25.8801,26.18,25.713,25.98,8772
432,133,2020-06-01 09:00:00,25.99,25.9999,25.91,25.9999,16897
433,132,2020-06-01 09:30:00,25.96,26.1,25.88,26.0,10272
434,131,2020-06-01 10:00:00,25.99,26.65,25.91,26.535,1735146
435,130,2020-06-01 10:30:00,26.55,26.92,26.48,26.8375,1013153
436,129,2020-06-01 11:00:00,26.835,27.05,26.8,26.943,737660
437,128,2020-06-01 11:30:00,26.945,26.99,26.68,26.8,754472
438,127,2020-06-01 12:00:00,26.8,26.925,26.74,26.88,417954
439,126,2020-06-01 12:30:00,26.87,27.01,26.84,26.9334,355238
440,125,2020-06-01 13:00:00,26.9325,27.04,26.9,27.04,528150
441,124,2020-06-01 13:30:00,27.045,27.22,27.045,27.12,552462
442,123,2020-06-01 14:00:00,27.12,27.16,27.005,27.01,310074
443,122,2020-06-01 14:30:00,27.01,27.03,26.805,26.805,396582
444,121,2020-06-01 15:00:00,26.8019,26.998,26.78,26.985,466640
445,120,2020-06-01 15:30:00,26.99,27.065,26.88,27.04,539788
446,119,2020-06-01 16:00:00,27.04,27.14,26.92,26.94,1581534
447,118,2020-06-01 16:30:00,26.94,27.1,26.94,27.0,172804
448,117,2020-06-01 17:00:00,26.9998,27.0,26.98,26.98,2567
449,116,2020-06-01 17:30:00,26.96,27.0,26.96,27.0,343
450,115,2020-06-01 18:30:00,27.0,27.0,27.0,27.0,10496
451,114,2020-06-01 19:00:00,27.0,27.0,26.94,27.0,6314
452,113,2020-06-01 19:30:00,26.83,26.83,26.6,26.75,6294
453,112,2020-06-01 20:00:00,26.86,26.88,26.86,26.88,2866
454,111,2020-06-02 05:00:00,27.12,27.12,27.12,27.12,191
455,110,2020-06-02 07:30:00,27.27,27.5,27.27,27.5,15213
456,109,2020-06-02 08:00:00,27.4,27.4,27.36,27.4,836
457,108,2020-06-02 08:30:00,27.47,27.57,27.35,27.55,39967
458,107,2020-06-02 09:00:00,27.6,27.7,27.37,27.39,9960
459,106,2020-06-02 09:30:00,27.38,27.38,27.15,27.26,31651
460,105,2020-06-02 10:00:00,27.32,27.42,26.945,27.28,1586130
461,104,2020-06-02 10:30:00,27.2899,27.5,27.15,27.4958,700554
462,103,2020-06-02 11:00:00,27.495,27.5,27.16,27.395,556002
463,102,2020-06-02 11:30:00,27.395,27.425,27.12,27.355,579109
464,101,2020-06-02 12:00:00,27.355,27.52,27.295,27.3,777898
465,100,2020-06-02 12:30:00,27.3,27.57,27.22,27.565,532506
466,99,2020-06-02 13:00:00,27.57,27.615,27.42,27.46,389360
467,98,2020-06-02 13:30:00,27.46,27.55,27.42,27.455,318756
468,97,2020-06-02 14:00:00,27.46,27.565,27.45,27.5486,442946
469,96,2020-06-02 14:30:00,27.54,27.57,27.345,27.36,481140
470,95,2020-06-02 15:00:00,27.365,27.425,27.23,27.405,482132
471,94,2020-06-02 15:30:00,27.405,27.425,27.255,27.31,744310
472,93,2020-06-02 16:00:00,27.32,27.48,27.275,27.41,1476953
473,92,2020-06-02 16:30:00,27.41,27.41,27.4,27.4,535107
474,91,2020-06-02 17:00:00,27.48,27.5,27.4,27.5,5277
475,90,2020-06-02 17:30:00,27.45,27.5,27.45,27.46,2340
476,89,2020-06-02 18:00:00,27.5,27.68,27.46,27.55,5628
477,88,2020-06-02 18:30:00,27.55,27.61,27.48,27.48,1340
478,87,2020-06-02 19:00:00,27.5,27.5,27.5,27.5,1171
479,86,2020-06-02 19:30:00,27.46,27.55,27.46,27.55,2749
480,85,2020-06-02 20:00:00,27.47,27.58,27.47,27.58,3350
481,84,2020-06-03 07:00:00,27.66,27.66,27.66,27.66,200
482,83,2020-06-03 07:30:00,27.75,27.88,27.73,27.8,4039
483,82,2020-06-03 08:00:00,27.86,27.89,27.82,27.89,1701
484,81,2020-06-03 08:30:00,27.8599,28.0,27.72,27.95,23979
485,80,2020-06-03 09:00:00,27.98,27.99,27.85,27.87,23478
486,79,2020-06-03 09:30:00,27.88,28.44,27.8702,28.44,45512
487,78,2020-06-03 10:00:00,28.42,28.78,28.25,28.76,2399558
488,77,2020-06-03 10:30:00,28.765,28.87,28.695,28.775,1138636
489,76,2020-06-03 11:00:00,28.77,28.845,28.73,28.79,1106343
490,75,2020-06-03 11:30:00,28.79,28.99,28.79,28.91,1037272
491,74,2020-06-03 12:00:00,28.91,29.0,28.76,28.895,922260
492,73,2020-06-03 12:30:00,28.88,28.88,28.655,28.72,859667
493,72,2020-06-03 13:00:00,28.7274,28.775,28.64,28.71,792646
494,71,2020-06-03 13:30:00,28.705,28.81,28.7,28.75,561328
495,70,2020-06-03 14:00:00,28.75,28.795,28.56,28.79,970957
496,69,2020-06-03 14:30:00,28.785,28.97,28.75,28.955,733788
497,68,2020-06-03 15:00:00,28.95,29.0,28.895,28.9,823767
498,67,2020-06-03 15:30:00,28.905,28.98,28.87,28.965,1064991
499,66,2020-06-03 16:00:00,28.965,29.13,28.95,29.065,3019827
500,65,2020-06-03 16:30:00,29.07,29.09,28.97,29.0,465382
501,64,2020-06-03 17:00:00,29.05,29.05,28.95,29.0,1718
502,63,2020-06-03 17:30:00,29.12,29.12,29.06,29.06,2243
503,62,2020-06-03 18:00:00,29.1,29.12,29.1,29.12,665
504,61,2020-06-03 18:30:00,29.1,29.1,29.1,29.1,2206
505,60,2020-06-03 19:00:00,29.08,29.09,29.07,29.09,6783
506,59,2020-06-03 19:30:00,29.12,29.13,29.06,29.13,5807
507,58,2020-06-03 20:00:00,29.19,29.36,29.13,29.36,22168
508,57,2020-06-04 04:30:00,29.0,29.0,29.0,29.0,681
509,56,2020-06-04 05:00:00,29.1,29.11,29.1,29.11,338
510,55,2020-06-04 05:30:00,29.0,29.0,29.0,29.0,220
511,54,2020-06-04 06:30:00,28.85,28.85,28.72,28.72,692
512,53,2020-06-04 07:00:00,28.74,28.74,28.7,28.7,1269
513,52,2020-06-04 07:30:00,28.85,28.97,28.85,28.9,8427
514,51,2020-06-04 08:00:00,28.96,29.35,28.9,29.35,7877
515,50,2020-06-04 08:30:00,28.82,29.3,28.82,29.05,77681
516,49,2020-06-04 09:00:00,29.14,29.15,28.9,29.0992,19389
517,48,2020-06-04 09:30:00,29.0,29.2415,28.74,28.74,42169
518,47,2020-06-04 10:00:00,28.86,29.2,28.52,28.99,2437095
519,46,2020-06-04 10:30:00,28.98,29.36,28.97,29.32,1708715
520,45,2020-06-04 11:00:00,29.32,29.435,29.2,29.39,1455820
521,44,2020-06-04 11:30:00,29.38,29.4,28.9,29.005,1120667
522,43,2020-06-04 12:00:00,29.0,29.0725,28.9,28.93,1213425
523,42,2020-06-04 12:30:00,28.925,29.045,28.87,28.88,663417
524,41,2020-06-04 13:00:00,28.885,28.885,28.75,28.865,500236
525,40,2020-06-04 13:30:00,28.865,28.89,28.78,28.835,517999
526,39,2020-06-04 14:00:00,28.84,29.01,28.84,28.985,683418
527,38,2020-06-04 14:30:00,28.99,29.05,28.93,29.045,633170
528,37,2020-06-04 15:00:00,29.0457,29.2301,28.94,29.02,910351
529,36,2020-06-04 15:30:00,29.015,29.13,28.862,29.045,1081874
530,35,2020-06-04 16:00:00,29.05,29.27,29.04,29.15,2666831
531,34,2020-06-04 16:30:00,29.16,29.25,29.02,29.16,135600
532,33,2020-06-04 17:00:00,29.14,29.25,29.14,29.25,3782
533,32,2020-06-04 17:30:00,29.23,29.29,29.23,29.24,3357
534,31,2020-06-04 18:00:00,29.26,29.29,29.23,29.27,8784
535,30,2020-06-04 18:30:00,29.28,29.28,29.18,29.18,1202
536,29,2020-06-04 19:00:00,29.18,29.3,29.18,29.3,1440
537,28,2020-06-04 19:30:00,29.29,29.29,29.22,29.25,2320
538,27,2020-06-04 20:00:00,29.25,29.26,29.25,29.25,1496
539,26,2020-06-05 04:30:00,29.75,29.79,29.75,29.79,1626
540,25,2020-06-05 07:30:00,29.75,30.3,29.67,30.23,17121
541,24,2020-06-05 08:00:00,30.12,30.16,30.05,30.12,2942
542,23,2020-06-05 08:30:00,30.2499,30.3,29.75,30.12,26059
543,22,2020-06-05 09:00:00,30.1,31.0,30.1,30.9,70397
544,21,2020-06-05 09:30:00,30.85,31.2,30.55,31.0,115586
545,20,2020-06-05 10:00:00,31.0,31.15,29.81,30.02,4762854
546,19,2020-06-05 10:30:00,30.02,30.33,29.9,30.05,2281601
547,18,2020-06-05 11:00:00,30.065,30.1918,29.815,30.05,2679533
548,17,2020-06-05 11:30:00,30.04,30.435,29.99,30.37,1615846
549,16,2020-06-05 12:00:00,30.36,30.545,30.33,30.415,1540460
550,15,2020-06-05 12:30:00,30.42,30.505,30.055,30.26,1072487
551,14,2020-06-05 13:00:00,30.26,30.505,30.235,30.465,1443606
552,13,2020-06-05 13:30:00,30.46,30.59,30.445,30.53,1049491
553,12,2020-06-05 14:00:00,30.52,30.58,30.465,30.495,780548
554,11,2020-06-05 14:30:00,30.495,30.57,30.24,30.285,840210
555,10,2020-06-05 15:00:00,30.28,30.4675,30.23,30.405,1451964
556,9,2020-06-05 15:30:00,30.41,30.511,30.295,30.435,1791299
557,8,2020-06-05 16:00:00,30.435,30.61,30.365,30.61,6464660
558,7,2020-06-05 16:30:00,30.61,30.69,30.405,30.69,348554
559,6,2020-06-05 17:00:00,30.52,30.75,30.52,30.57,17861
560,5,2020-06-05 17:30:00,30.5701,30.65,30.57,30.65,3170
561,4,2020-06-05 18:00:00,30.57,30.65,30.57,30.65,664
562,3,2020-06-05 18:30:00,30.61,30.61,30.57,30.57,1300
563,2,2020-06-05 19:00:00,30.57,30.61,30.56,30.6,3600
564,1,2020-06-05 19:30:00,30.61,30.61,30.56,30.56,1288
565,0,2020-06-05 20:00:00,30.51,30.61,30.51,30.61,703
566,572,2020-06-08 04:30:00,30.61,30.76,30.61,30.76,745
567,571,2020-06-08 06:00:00,31.23,31.23,31.23,31.23,364
568,570,2020-06-08 07:00:00,31.1,31.1,31.05,31.05,1238
569,569,2020-06-08 07:30:00,31.25,31.3,31.05,31.24,18688
570,568,2020-06-08 08:00:00,31.3,31.47,31.3,31.4,3055
571,567,2020-06-08 08:30:00,31.2299,31.47,30.9,31.27,20223
572,566,2020-06-08 09:00:00,31.34,31.42,31.05,31.05,18841
573,565,2020-06-08 09:30:00,31.05,31.3,31.0,31.1,29588
574,564,2020-06-08 10:00:00,31.22,31.66,31.16,31.405,2848513
575,563,2020-06-08 10:30:00,31.41,31.435,31.16,31.19,1472442
576,562,2020-06-08 11:00:00,31.185,31.24,30.89,31.17,1047707
577,561,2020-06-08 11:30:00,31.17,31.43,31.13,31.15,880103
578,560,2020-06-08 12:00:00,31.155,31.18,31.045,31.11,626373
579,559,2020-06-08 12:30:00,31.105,31.17,30.99,31.015,698468
580,558,2020-06-08 13:00:00,31.02,31.19,30.995,31.16,644622
581,557,2020-06-08 13:30:00,31.16,31.195,30.995,31.025,558393
582,556,2020-06-08 14:00:00,31.02,31.1001,31.0,31.015,482758
583,555,2020-06-08 14:30:00,31.01,31.05,30.82,30.825,641807
584,554,2020-06-08 15:00:00,30.825,30.835,30.72,30.765,690555
585,553,2020-06-08 15:30:00,30.765,30.78,30.61,30.705,866687
586,552,2020-06-08 16:00:00,30.7,30.82,30.6,30.68,2741209
587,551,2020-06-08 16:30:00,30.68,30.99,30.6,30.88,215589
588,550,2020-06-08 17:00:00,30.74,30.83,30.6506,30.76,46048
589,549,2020-06-08 17:30:00,30.71,30.79,30.7,30.79,6160
590,548,2020-06-08 18:00:00,30.6801,30.78,30.68,30.78,3851
591,547,2020-06-08 18:30:00,30.67,30.79,30.65,30.67,2389
592,546,2020-06-08 19:00:00,30.7,30.7899,30.65,30.6501,2075
593,545,2020-06-08 19:30:00,30.65,30.65,30.62,30.62,1328
594,544,2020-06-08 20:00:00,30.6501,30.7,30.65,30.7,2984
595,543,2020-06-09 04:30:00,30.4,30.4,30.0,30.0,261
596,542,2020-06-09 05:00:00,29.86,29.86,29.44,29.44,2938
597,541,2020-06-09 05:30:00,29.7,29.8,29.7,29.75,2294
598,540,2020-06-09 06:30:00,29.73,29.73,29.73,29.73,600
599,539,2020-06-09 07:30:00,30.08,30.08,29.77,29.8,5059
600,538,2020-06-09 08:00:00,30.04,30.15,29.76,30.15,4558
601,537,2020-06-09 08:30:00,29.7501,30.05,29.75,29.99,17093
602,536,2020-06-09 09:00:00,29.96,29.96,29.7,29.8098,9892
603,535,2020-06-09 09:30:00,29.8098,29.8098,29.42,29.42,46044
604,534,2020-06-09 10:00:00,29.4,29.66,28.71,29.53,3830831
605,533,2020-06-09 10:30:00,29.53,29.88,29.425,29.84,1385347
606,532,2020-06-09 11:00:00,29.84,30.045,29.56,29.835,1193678
607,531,2020-06-09 11:30:00,29.825,30.01,29.76,29.765,959033
608,530,2020-06-09 12:00:00,29.76,29.78,29.585,29.67,808641
609,529,2020-06-09 12:30:00,29.67,29.92,29.67,29.9,749876
610,528,2020-06-09 13:00:00,29.895,29.959,29.84,29.91,624044
611,527,2020-06-09 13:30:00,29.91,30.08,29.89,30.07,884487
612,526,2020-06-09 14:00:00,30.075,30.075,29.84,29.935,410901
613,525,2020-06-09 14:30:00,29.93,29.9895,29.77,29.925,626916
614,524,2020-06-09 15:00:00,29.925,30.0,29.9,29.96,595417
615,523,2020-06-09 15:30:00,29.97,30.215,29.94,30.1901,795711
616,522,2020-06-09 16:00:00,30.18,30.185,29.84,29.86,1856334
617,521,2020-06-09 16:30:00,29.86,29.86,29.7,29.86,252792
618,520,2020-06-09 17:00:00,29.75,29.86,29.72,29.86,13278
619,519,2020-06-09 18:00:00,29.7,29.93,29.7,29.86,2493
620,518,2020-06-09 18:30:00,29.65,29.86,29.65,29.86,465
621,517,2020-06-09 19:00:00,29.91,29.91,29.91,29.91,150
622,516,2020-06-09 19:30:00,29.93,29.93,29.75,29.86,2110
623,515,2020-06-09 20:00:00,29.86,29.86,29.86,29.86,1050
624,514,2020-06-10 04:30:00,30.0,30.0,30.0,30.0,100
625,513,2020-06-10 05:30:00,30.08,30.08,29.86,29.86,700
626,512,2020-06-10 06:30:00,29.54,29.54,29.49,29.49,999
627,511,2020-06-10 07:00:00,29.52,29.52,29.5,29.5,2350
628,510,2020-06-10 07:30:00,29.75,29.75,29.54,29.54,2454
629,509,2020-06-10 08:00:00,29.61,29.86,29.61,29.86,3375
630,508,2020-06-10 08:30:00,29.5205,29.86,29.5205,29.86,5627
631,507,2020-06-10 09:00:00,29.95,29.98,29.8399,29.8711,10088
632,506,2020-06-10 09:30:00,29.87,30.043000000000003,29.77,29.78,13456
633,505,2020-06-10 10:00:00,29.8,29.84,28.64,28.99,3178253
634,504,2020-06-10 10:30:00,28.985,29.0,28.42,28.69,1530271
635,503,2020-06-10 11:00:00,28.67,29.0,28.6219,28.84,833361
636,502,2020-06-10 11:30:00,28.8338,29.01,28.77,28.875,1067949
637,501,2020-06-10 12:00:00,28.88,29.12,28.6928,29.115,919005
638,500,2020-06-10 12:30:00,29.115,29.185,28.955,29.025,743271
639,499,2020-06-10 13:00:00,29.03,29.031,28.82,28.935,500104
640,498,2020-06-10 13:30:00,28.93,29.08,28.87,29.02,679643
641,497,2020-06-10 14:00:00,29.02,29.145,28.95,29.03,495425
642,496,2020-06-10 14:30:00,29.02,29.52,28.87,29.365,846107
643,495,2020-06-10 15:00:00,29.365,29.365,28.84,28.96,665921
644,494,2020-06-10 15:30:00,28.95,29.0675,28.805,29.0675,847445
645,493,2020-06-10 16:00:00,29.07,29.1,28.74,28.745,2110001
646,492,2020-06-10 16:30:00,28.75,28.88,28.67,28.68,274513
647,491,2020-06-10 17:00:00,28.66,28.69,28.6,28.69,11317
648,490,2020-06-10 17:30:00,28.65,28.66,28.63,28.63,2924
649,489,2020-06-10 18:00:00,28.6,28.69,28.6,28.69,1626
650,488,2020-06-10 18:30:00,28.69,28.69,28.52,28.52,2574
651,487,2020-06-10 19:00:00,28.51,28.65,28.51,28.56,3190
652,486,2020-06-10 19:30:00,28.5,28.5,28.3,28.3,4939
653,485,2020-06-10 20:00:00,28.39,28.48,28.25,28.35,2777
654,484,2020-06-11 04:30:00,27.98,27.98,27.58,27.58,801
655,483,2020-06-11 05:00:00,27.55,27.55,27.55,27.55,100
656,482,2020-06-11 06:00:00,27.5,27.55,27.48,27.55,3126
657,481,2020-06-11 06:30:00,27.69,27.69,27.69,27.69,205
658,480,2020-06-11 07:00:00,27.6,27.95,27.57,27.95,848
659,479,2020-06-11 07:30:00,27.79,27.97,26.82,26.83,43523
660,478,2020-06-11 08:00:00,26.9,27.17,26.6,26.6,21310
661,477,2020-06-11 08:30:00,27.36,27.97,26.42,26.4999,94978
662,476,2020-06-11 09:00:00,26.46,26.65,26.45,26.6498,25842
663,475,2020-06-11 09:30:00,26.6498,26.65,26.16,26.47,85900
664,474,2020-06-11 10:00:00,26.62,27.8,26.48,27.49,2791391
665,473,2020-06-11 10:30:00,27.51,27.615,27.151,27.151,925631
666,472,2020-06-11 11:00:00,27.15,27.255,26.95,26.97,882817
667,471,2020-06-11 11:30:00,26.97,27.15,26.91,26.96,738131
668,470,2020-06-11 12:00:00,26.95,27.0,26.77,26.95,905052
669,469,2020-06-11 12:30:00,26.95,26.95,26.64,26.775,904471
670,468,2020-06-11 13:00:00,26.77,27.02,26.57,26.77,2504821
671,467,2020-06-11 13:30:00,26.77,27.09,26.73,26.9999,883310
672,466,2020-06-11 14:00:00,27.0,27.07,26.83,26.98,668962
673,465,2020-06-11 14:30:00,26.98,27.0,26.795,26.845,566260
674,464,2020-06-11 15:00:00,26.85,26.87,26.575,26.61,1015250
675,463,2020-06-11 15:30:00,26.61,26.72,26.39,26.4,1755283
676,462,2020-06-11 16:00:00,26.395,26.69,26.29,26.5,3062888
677,461,2020-06-11 16:30:00,26.5,26.84,26.5,26.66,137414
678,460,2020-06-11 17:00:00,26.65,26.78,26.42,26.7499,27444
679,459,2020-06-11 17:30:00,26.75,26.75,26.72,26.72,812
680,458,2020-06-11 18:00:00,26.75,26.75,26.62,26.69,2852
681,457,2020-06-11 18:30:00,26.69,26.7,26.6,26.68,2814
682,456,2020-06-11 19:00:00,26.65,27.11,26.6,27.11,14087
683,455,2020-06-11 19:30:00,27.11,27.18,27.0,27.0,20259
684,454,2020-06-11 20:00:00,27.0,27.28,26.91,27.1,11254
685,453,2020-06-12 04:30:00,27.76,27.77,27.76,27.77,200
686,452,2020-06-12 05:00:00,27.7,27.8,27.7,27.8,5124
687,451,2020-06-12 05:30:00,27.8,27.8,27.66,27.79,4426
688,450,2020-06-12 06:00:00,27.79,27.85,27.79,27.85,7900
689,449,2020-06-12 06:30:00,27.94,27.94,27.94,27.94,455
690,448,2020-06-12 07:00:00,27.7,27.7,27.55,27.69,2399
691,447,2020-06-12 07:30:00,27.74,27.85,27.61,27.77,14998
692,446,2020-06-12 08:00:00,27.79,27.89,27.78,27.85,26990
693,445,2020-06-12 08:30:00,27.8199,27.93,27.6,27.93,94016
694,444,2020-06-12 09:00:00,27.93,28.1999,27.93,28.0899,67299
695,443,2020-06-12 09:30:00,28.03,28.94,28.0,28.64,200624
696,442,2020-06-12 10:00:00,28.72,28.96,27.9,28.08,3458366
697,441,2020-06-12 10:30:00,28.08,28.39,27.69,27.695,1635700
698,440,2020-06-12 11:00:00,27.7,27.775,27.3,27.35,1899603
699,439,2020-06-12 11:30:00,27.345,27.67,27.09,27.39,2977836
700,438,2020-06-12 12:00:00,27.405,27.88,27.21,27.875,1256894
701,437,2020-06-12 12:30:00,27.88,27.88,27.545,27.65,1073590
702,436,2020-06-12 13:00:00,27.655,27.67,27.435,27.595,669953
703,435,2020-06-12 13:30:00,27.6,27.68,27.485,27.565,666305
704,434,2020-06-12 14:00:00,27.57,27.6099,27.07,27.13,1032956
705,433,2020-06-12 14:30:00,27.14,27.57,27.115,27.46,820288
706,432,2020-06-12 15:00:00,27.46,27.64,27.33,27.48,823158
707,431,2020-06-12 15:30:00,27.47,27.74,27.47,27.6,1005248
708,430,2020-06-12 16:00:00,27.61,27.97,27.55,27.95,2761665
709,429,2020-06-12 16:30:00,27.96,28.25,27.7998,28.05,142123
710,428,2020-06-12 17:00:00,28.1,28.25,27.83,28.14,10263
711,427,2020-06-12 17:30:00,28.12,28.12,27.83,27.83,3154
712,426,2020-06-12 18:00:00,27.85,28.1,27.85,28.1,2448
713,425,2020-06-12 18:30:00,28.15,28.2,28.01,28.01,5549
714,424,2020-06-12 19:00:00,28.04,28.25,28.04,28.25,2135
715,423,2020-06-12 19:30:00,28.15,28.15,28.05,28.05,1100
716,422,2020-06-12 20:00:00,28.02,28.19,28.02,28.16,2148
717,421,2020-06-15 04:30:00,26.5,26.5,26.19,26.3,1251
718,420,2020-06-15 05:00:00,26.45,26.45,26.45,26.45,1000
719,419,2020-06-15 05:30:00,26.75,26.8,26.75,26.8,2500
720,418,2020-06-15 06:00:00,26.81,26.9,26.81,26.9,1802
721,417,2020-06-15 06:30:00,27.01,27.01,27.0,27.0,670
722,416,2020-06-15 07:00:00,26.98,27.08,26.8,26.8,2842
723,415,2020-06-15 07:30:00,26.94,26.94,26.52,26.9,14555
724,414,2020-06-15 08:00:00,26.85,27.2,26.84,27.0,5433
725,413,2020-06-15 08:30:00,26.56,27.96,26.52,26.98,195723
726,412,2020-06-15 09:00:00,26.84,26.99,26.84,26.95,11067
727,411,2020-06-15 09:30:00,27.03,27.03,26.64,26.64,30314
728,410,2020-06-15 10:00:00,26.61,27.2975,26.57,26.9,2271283
729,409,2020-06-15 10:30:00,26.9,27.3581,26.83,27.0267,1042539
730,408,2020-06-15 11:00:00,27.02,27.34,26.93,27.29,789401
731,407,2020-06-15 11:30:00,27.295,27.585,27.2499,27.255,876448
732,406,2020-06-15 12:00:00,27.25,27.295,27.005,27.16,850516
733,405,2020-06-15 12:30:00,27.15,27.605,27.125,27.56,848446
734,404,2020-06-15 13:00:00,27.55,27.85,27.47,27.84,882802
735,403,2020-06-15 13:30:00,27.83,27.97,27.67,27.6987,785761
736,402,2020-06-15 14:00:00,27.695,27.695,27.405,27.47,712531
737,401,2020-06-15 14:30:00,27.47,28.1,27.465,27.98,1032939
738,400,2020-06-15 15:00:00,27.99,28.03,27.68,27.695,931208
739,399,2020-06-15 15:30:00,27.7,27.94,27.6806,27.72,1062600
740,398,2020-06-15 16:00:00,27.72,27.81,27.45,27.79,1913005
741,397,2020-06-15 16:30:00,27.77,27.95,27.45,27.77,336786
742,396,2020-06-15 17:00:00,27.77,27.9,27.77,27.8,3743
743,395,2020-06-15 17:30:00,27.85,27.9,27.81,27.81,4523
744,394,2020-06-15 18:00:00,27.83,27.85,27.81,27.84,5088
745,393,2020-06-15 18:30:00,27.85,27.95,27.85,27.91,6015
746,392,2020-06-15 19:00:00,27.9,27.98,27.9,27.98,1725
747,391,2020-06-15 19:30:00,27.85,27.9,27.82,27.82,1100
748,390,2020-06-15 20:00:00,28.0,28.05,27.97,28.05,15707
749,389,2020-06-16 05:00:00,28.51,28.51,28.51,28.51,255
750,388,2020-06-16 05:30:00,28.54,28.54,28.53,28.53,530
751,387,2020-06-16 06:00:00,28.53,28.7,28.5,28.6,2222
752,386,2020-06-16 07:00:00,28.64,28.68,28.6,28.68,3670
753,385,2020-06-16 07:30:00,28.6,28.8,28.6,28.65,20596
754,384,2020-06-16 08:00:00,28.7,28.81,28.65,28.8,21353
755,383,2020-06-16 08:30:00,28.6999,28.9998,28.6,28.9,51826
756,382,2020-06-16 09:00:00,29.0,29.5,29.0,29.29,46381
757,381,2020-06-16 09:30:00,29.26,29.43,29.15,29.15,79852
758,380,2020-06-16 10:00:00,29.11,29.18,28.2,28.605,2467815
759,379,2020-06-16 10:30:00,28.61,28.94,28.54,28.78,1307892
760,378,2020-06-16 11:00:00,28.78,28.795,27.7,27.76,1433318
761,377,2020-06-16 11:30:00,27.755,28.28,27.475,28.275,1471909
762,376,2020-06-16 12:00:00,28.28,28.46,28.11,28.1399,1022133
763,375,2020-06-16 12:30:00,28.14,28.175,27.98,28.07,820275
764,374,2020-06-16 13:00:00,28.07,28.27,28.05,28.09,796902
765,373,2020-06-16 13:30:00,28.09,28.175,28.045,28.13,480337
766,372,2020-06-16 14:00:00,28.13,28.155,27.85,27.91,782392
767,371,2020-06-16 14:30:00,27.915,28.105,27.81,27.99,1165397
768,370,2020-06-16 15:00:00,27.98,28.035,27.795,27.86,967963
769,369,2020-06-16 15:30:00,27.865,27.87,27.54,27.73,1228352
770,368,2020-06-16 16:00:00,27.73,27.8,27.57,27.79,2093260
771,367,2020-06-16 16:30:00,27.78,27.89,27.7,27.87,130659
772,366,2020-06-16 17:00:00,27.8899,27.8899,27.71,27.72,3159
773,365,2020-06-16 17:30:00,27.71,27.71,27.7,27.7,2214
774,364,2020-06-16 18:00:00,27.7,27.8899,27.64,27.8899,5122
775,363,2020-06-16 18:30:00,27.75,27.79,27.6,27.6,9765
776,362,2020-06-16 19:00:00,27.57,27.74,27.56,27.56,2471
777,361,2020-06-16 19:30:00,27.75,27.8499,27.75,27.8499,2700
778,360,2020-06-16 20:00:00,27.85,27.8799,27.79,27.79,5899
779,359,2020-06-17 06:00:00,27.88,27.88,27.85,27.85,10744
780,358,2020-06-17 07:00:00,28.0,28.0,28.0,28.0,100
781,357,2020-06-17 07:30:00,28.17,28.25,28.17,28.24,2476
782,356,2020-06-17 08:00:00,28.28,28.65,28.2,28.2,20269
783,355,2020-06-17 08:30:00,27.9899,28.57,27.95,28.13,36930
784,354,2020-06-17 09:00:00,28.11,28.11,27.88,28.0,8624
785,353,2020-06-17 09:30:00,27.8,27.8995,27.8,27.8,12896
786,352,2020-06-17 10:00:00,27.78,28.0501,27.35,27.555,1413469
787,351,2020-06-17 10:30:00,27.54,27.78,27.26,27.34,1156465
788,350,2020-06-17 11:00:00,27.35,27.65,27.29,27.525,945068
789,349,2020-06-17 11:30:00,27.525,27.635,27.385,27.42,507755
790,348,2020-06-17 12:00:00,27.41,27.51,27.335,27.495,441802
791,347,2020-06-17 12:30:00,27.5,27.61,27.43,27.4341,382297
792,346,2020-06-17 13:00:00,27.43,27.55,27.39,27.44,365198
793,345,2020-06-17 13:30:00,27.45,27.5,27.415,27.43,362553
794,344,2020-06-17 14:00:00,27.43,27.64,27.43,27.54,434296
795,343,2020-06-17 14:30:00,27.53,27.58,27.48,27.525,423180
796,342,2020-06-17 15:00:00,27.53,27.64,27.46,27.465,422385
797,341,2020-06-17 15:30:00,27.46,27.46,27.24,27.275,858126
798,340,2020-06-17 16:00:00,27.28,27.3999,27.13,27.16,1993489
799,339,2020-06-17 16:30:00,27.16,27.32,27.16,27.2,626859
800,338,2020-06-17 17:00:00,27.2,27.33,27.2,27.31,5928
801,337,2020-06-17 18:00:00,27.23,27.23,27.16,27.18,1630
802,336,2020-06-17 18:30:00,27.22,27.22,27.22,27.22,1444
803,335,2020-06-17 19:00:00,27.34,27.34,27.34,27.34,500
804,334,2020-06-17 19:30:00,27.23,27.25,27.1,27.1,4601
805,333,2020-06-17 20:00:00,27.06,27.1,27.0,27.0,2967
806,332,2020-06-18 05:00:00,27.04,27.04,27.04,27.04,500
807,331,2020-06-18 06:30:00,27.16,27.16,27.16,27.16,500
808,330,2020-06-18 07:30:00,27.24,27.24,26.96,27.0,7324
809,329,2020-06-18 08:00:00,27.02,27.05,26.87,26.87,9710
810,328,2020-06-18 08:30:00,27.2504,27.2504,26.7109,26.9,22832
811,327,2020-06-18 09:00:00,26.84,27.11,26.8,27.0,21500
812,326,2020-06-18 09:30:00,27.0,27.08,26.86,26.8674,14016
813,325,2020-06-18 10:00:00,26.9,27.14,26.71,26.94,1389653
814,324,2020-06-18 10:30:00,26.95,27.55,26.95,27.43,935006
815,323,2020-06-18 11:00:00,27.44,27.545,27.26,27.43,811311
816,322,2020-06-18 11:30:00,27.41,27.435,27.01,27.04,743539
817,321,2020-06-18 12:00:00,27.03,27.1,26.85,26.88,869408
818,320,2020-06-18 12:30:00,26.885,27.045,26.84,27.015,419710
819,319,2020-06-18 13:00:00,27.01,27.015,26.845,26.945,527367
820,318,2020-06-18 13:30:00,26.95,27.04,26.895,27.035,446555
821,317,2020-06-18 14:00:00,27.035,27.06,26.9825,27.015,332938
822,316,2020-06-18 14:30:00,27.015,27.02,26.86,26.92,537867
823,315,2020-06-18 15:00:00,26.92,26.995,26.8643,26.9,601006
824,314,2020-06-18 15:30:00,26.91,26.935,26.83,26.9,649601
825,313,2020-06-18 16:00:00,26.895,27.13,26.88,27.09,1828954
826,312,2020-06-18 16:30:00,27.09,27.48,27.0,27.09,99918
827,311,2020-06-18 17:00:00,27.09,27.29,27.0,27.0,3492
828,310,2020-06-18 17:30:00,27.1,27.1,27.1,27.1,250
829,309,2020-06-18 18:00:00,27.15,27.17,27.05,27.11,4845
830,308,2020-06-18 18:30:00,27.08,27.16,27.08,27.16,1200
831,307,2020-06-18 19:00:00,27.14,27.2,27.09,27.09,4011
832,306,2020-06-18 19:30:00,27.19,27.29,27.15,27.2899,1500
833,305,2020-06-18 20:00:00,27.3,27.3,27.18,27.2,7074
834,304,2020-06-19 04:30:00,27.15,27.15,27.15,27.15,201
835,303,2020-06-19 06:00:00,27.4,27.42,27.4,27.42,700
836,302,2020-06-19 07:00:00,27.42,27.42,27.42,27.42,200
837,301,2020-06-19 07:30:00,27.5,27.59,27.5,27.55,2129
838,300,2020-06-19 08:00:00,27.51,27.51,27.33,27.45,2690
839,299,2020-06-19 08:30:00,27.46,27.64,27.42,27.61,30221
840,298,2020-06-19 09:00:00,27.69,27.75,27.55,27.56,6596
841,297,2020-06-19 09:30:00,27.55,27.85,27.55,27.85,27005
842,296,2020-06-19 10:00:00,27.74,27.83,27.26,27.45,2790927
843,295,2020-06-19 10:30:00,27.4499,27.68,27.29,27.32,948506
844,294,2020-06-19 11:00:00,27.315,27.43,27.22,27.27,532527
845,293,2020-06-19 11:30:00,27.28,27.3,27.1581,27.22,527619
846,292,2020-06-19 12:00:00,27.22,27.3,27.1299,27.195,519164
847,291,2020-06-19 12:30:00,27.2,27.2,26.77,26.88,761270
848,290,2020-06-19 13:00:00,26.87,26.93,26.745,26.875,706505
849,289,2020-06-19 13:30:00,26.88,26.88,26.57,26.615,646714
850,288,2020-06-19 14:00:00,26.615,26.62,26.39,26.39,912929
851,287,2020-06-19 14:30:00,26.39,26.54,26.33,26.475,755945
852,286,2020-06-19 15:00:00,26.4731,26.745,26.43,26.71,948748
853,285,2020-06-19 15:30:00,26.71,26.84,26.64,26.69,894753
854,284,2020-06-19 16:00:00,26.7,26.765,26.5,26.55,3183676
855,283,2020-06-19 16:30:00,26.59,27.07,26.43,26.48,1900498
856,282,2020-06-19 17:00:00,26.43,26.54,26.43,26.49,5773
857,281,2020-06-19 17:30:00,26.5,26.5,26.45,26.5,2941
858,280,2020-06-19 18:00:00,26.52,26.58,26.45,26.58,1349
859,279,2020-06-19 19:00:00,26.46,26.46,26.46,26.46,100
860,278,2020-06-19 19:30:00,26.47,26.47,26.45,26.45,6745
861,277,2020-06-19 20:00:00,26.44,26.52,26.31,26.33,4808
862,276,2020-06-22 05:00:00,26.52,26.52,26.52,26.52,100
863,275,2020-06-22 05:30:00,26.75,26.78,26.75,26.78,1853
864,274,2020-06-22 07:30:00,26.48,26.64,26.35,26.59,11402
865,273,2020-06-22 08:00:00,26.4,26.4,26.4,26.4,500
866,272,2020-06-22 08:30:00,26.4,26.71,26.4,26.7,10664
867,271,2020-06-22 09:00:00,26.65,26.67,26.45,26.5102,22567
868,270,2020-06-22 09:30:00,26.55,26.63,26.4,26.57,8394
869,269,2020-06-22 10:00:00,26.6,26.61,25.85,26.235,2387619
870,268,2020-06-22 10:30:00,26.235,26.48,26.15,26.4299,662426
871,267,2020-06-22 11:00:00,26.425,26.425,26.22,26.228,648068
872,266,2020-06-22 11:30:00,26.22,26.375,26.125,26.37,767407
873,265,2020-06-22 12:00:00,26.36,26.37,26.26,26.285,386767
874,264,2020-06-22 12:30:00,26.29,26.5094,26.29,26.415,346789
875,263,2020-06-22 13:00:00,26.41,26.64,26.39,26.575,380291
876,262,2020-06-22 13:30:00,26.58,26.62,26.495,26.52,280120
877,261,2020-06-22 14:00:00,26.53,26.55,26.455,26.515,257856
878,260,2020-06-22 14:30:00,26.515,26.515,26.325,26.415,492169
879,259,2020-06-22 15:00:00,26.42,26.55,26.405,26.515,366763
880,258,2020-06-22 15:30:00,26.515,26.565,26.34,26.39,654263
881,257,2020-06-22 16:00:00,26.4,26.48,26.36,26.37,1979208
882,256,2020-06-22 16:30:00,26.37,26.47,26.37,26.47,450405
883,255,2020-06-22 17:00:00,26.45,26.47,26.45,26.47,2194
884,254,2020-06-22 17:30:00,26.45,26.45,26.44,26.44,815
885,253,2020-06-22 18:00:00,26.44,26.5,26.44,26.5,2763
886,252,2020-06-22 18:30:00,26.5,26.5,26.5,26.5,900
887,251,2020-06-22 19:00:00,26.4799,26.4799,26.4799,26.4799,1000
888,250,2020-06-22 19:30:00,26.4,26.52,26.4,26.48,5106
889,249,2020-06-22 20:00:00,26.55,26.55,26.44,26.44,3147
890,248,2020-06-23 04:30:00,26.75,26.76,26.47,26.47,2600
891,247,2020-06-23 06:30:00,26.85,26.85,26.85,26.85,250
892,246,2020-06-23 07:30:00,26.8,26.82,26.7,26.82,2966
893,245,2020-06-23 08:00:00,26.83,26.96,26.83,26.92,12524
894,244,2020-06-23 08:30:00,26.8044,27.0,26.7,26.97,19450
895,243,2020-06-23 09:00:00,26.96,26.96,26.8,26.8323,4920
896,242,2020-06-23 09:30:00,26.8,26.9424,26.61,26.61,8354
897,241,2020-06-23 10:00:00,26.75,26.85,26.425,26.43,1560098
898,240,2020-06-23 10:30:00,26.435,26.61,26.37,26.43,1110120
899,239,2020-06-23 11:00:00,26.43,26.45,26.23,26.29,683484
900,238,2020-06-23 11:30:00,26.29,26.511,26.255,26.495,757464
901,237,2020-06-23 12:00:00,26.495,26.53,26.34,26.421,458221
902,236,2020-06-23 12:30:00,26.43,26.53,26.36,26.425,615669
903,235,2020-06-23 13:00:00,26.42,26.430999999999997,26.2799,26.3,608986
904,234,2020-06-23 13:30:00,26.31,26.36,26.23,26.34,723457
905,233,2020-06-23 14:00:00,26.34,26.385,26.23,26.29,997101
906,232,2020-06-23 14:30:00,26.2901,26.4,26.23,26.39,569554
907,231,2020-06-23 15:00:00,26.385,26.46,26.305,26.34,505515
908,230,2020-06-23 15:30:00,26.34,26.42,26.3,26.34,458428
909,229,2020-06-23 16:00:00,26.34,26.42,26.23,26.24,1688881
910,228,2020-06-23 16:30:00,26.25,26.44,26.25,26.31,909728
911,227,2020-06-23 17:00:00,26.31,26.38,26.22,26.22,7007
912,226,2020-06-23 17:30:00,26.24,26.26,26.2,26.2,3990
913,225,2020-06-23 18:00:00,26.25,26.29,26.25,26.25,902
914,224,2020-06-23 18:30:00,26.25,26.25,26.25,26.25,4924
915,223,2020-06-23 19:00:00,26.25,26.25,26.18,26.21,600
916,222,2020-06-23 19:30:00,26.24,26.24,26.15,26.15,1896
917,221,2020-06-23 20:00:00,26.2,26.21,26.2,26.21,6021
918,220,2020-06-24 04:30:00,26.21,26.21,26.21,26.21,156
919,219,2020-06-24 05:00:00,26.0,26.0,26.0,26.0,460
920,218,2020-06-24 05:30:00,26.16,26.18,26.0,26.0,1120
921,217,2020-06-24 07:30:00,26.05,26.06,25.97,25.97,3715
922,216,2020-06-24 08:00:00,25.97,26.11,25.91,26.0,11609
923,215,2020-06-24 08:30:00,26.0103,26.13,25.9,26.0,15150
924,214,2020-06-24 09:00:00,26.0,26.0,25.92,26.0,11897
925,213,2020-06-24 09:30:00,26.07,26.07,25.79,25.91,33462
926,212,2020-06-24 10:00:00,25.85,25.98,25.51,25.52,2045597
927,211,2020-06-24 10:30:00,25.5298,25.92,25.525,25.84,1617645
928,210,2020-06-24 11:00:00,25.84,25.86,25.48,25.49,938312
929,209,2020-06-24 11:30:00,25.485,25.56,25.34,25.38,896676
930,208,2020-06-24 12:00:00,25.38,25.38,25.01,25.17,1410400
931,207,2020-06-24 12:30:00,25.1719,25.42,25.14,25.23,780557
932,206,2020-06-24 13:00:00,25.2201,25.42,25.1,25.3981,730637
933,205,2020-06-24 13:30:00,25.39,25.42,25.21,25.23,441586
934,204,2020-06-24 14:00:00,25.22,25.285,25.14,25.285,448831
935,203,2020-06-24 14:30:00,25.29,25.445,25.2,25.425,522097
936,202,2020-06-24 15:00:00,25.42,25.43,25.27,25.29,763070
937,201,2020-06-24 15:30:00,25.3,25.495,25.295,25.375,825646
938,200,2020-06-24 16:00:00,25.38,25.43,25.25,25.28,1560173
939,199,2020-06-24 16:30:00,25.28,25.5,25.28,25.32,529635
940,198,2020-06-24 17:00:00,25.46,25.46,25.43,25.43,377
941,197,2020-06-24 17:30:00,25.34,25.44,25.34,25.44,1800
942,196,2020-06-24 18:00:00,25.38,25.38,25.32,25.34,3139
943,195,2020-06-24 18:30:00,25.34,25.42,25.3,25.3,1900
944,194,2020-06-24 19:00:00,25.29,25.29,25.29,25.29,2000
945,193,2020-06-24 19:30:00,25.27,25.31,25.25,25.25,900
946,192,2020-06-24 20:00:00,25.25,25.25,25.12,25.15,1962
947,191,2020-06-25 04:30:00,24.77,24.77,24.7,24.7,2138
948,190,2020-06-25 07:30:00,25.3,25.41,25.23,25.23,2478
949,189,2020-06-25 08:00:00,25.1,25.1,24.84,24.96,25790
950,188,2020-06-25 08:30:00,25.024,25.3,24.75,24.84,66629
951,187,2020-06-25 09:00:00,24.83,24.92,24.75,24.83,12254
952,186,2020-06-25 09:30:00,24.83,25.1,24.82,25.0,10801
953,185,2020-06-25 10:00:00,25.0,25.0,24.535,24.89,1811397
954,184,2020-06-25 10:30:00,24.89,25.1463,24.845,25.144000000000002,1570680
955,183,2020-06-25 11:00:00,25.14,25.17,24.78,24.915,780978
956,182,2020-06-25 11:30:00,24.915,24.99,24.84,24.875,893717
957,181,2020-06-25 12:00:00,24.88,24.9,24.72,24.825,901519
958,180,2020-06-25 12:30:00,24.83,25.0,24.83,24.87,569719
959,179,2020-06-25 13:00:00,24.87,25.085,24.87,25.0,915911
960,178,2020-06-25 13:30:00,24.998,25.16,24.975,25.1,620182
961,177,2020-06-25 14:00:00,25.09,25.13,25.0,25.02,464618
962,176,2020-06-25 14:30:00,25.025,25.025,24.92,24.955,745169
963,175,2020-06-25 15:00:00,24.955,24.97,24.9,24.92,545636
964,174,2020-06-25 15:30:00,24.91,25.23,24.895,25.185,1035131
965,173,2020-06-25 16:00:00,25.1819,25.29,25.1,25.24,2508131
966,172,2020-06-25 16:30:00,25.23,25.39,25.03,25.15,115241
967,171,2020-06-25 17:00:00,25.15,25.17,25.08,25.08,5235
968,170,2020-06-25 17:30:00,25.13,25.2798,25.13,25.2798,47813
969,169,2020-06-25 18:00:00,25.28,25.28,25.23,25.23,304
970,168,2020-06-25 19:00:00,25.1301,25.1401,25.13,25.1401,2450
971,167,2020-06-25 19:30:00,25.2,25.2,25.15,25.2,1529
972,166,2020-06-25 20:00:00,25.2,25.3,25.16,25.2,1946
973,165,2020-06-26 05:30:00,25.23,25.23,25.23,25.23,1097
974,164,2020-06-26 07:30:00,25.22,25.25,25.22,25.25,1461
975,163,2020-06-26 08:00:00,25.17,25.2,25.15,25.2,788
976,162,2020-06-26 08:30:00,25.23,25.26,25.1,25.16,6039
977,161,2020-06-26 09:00:00,25.21,25.27,25.09,25.0943,6552
978,160,2020-06-26 09:30:00,25.09,25.23,24.8144,25.1,29253
979,159,2020-06-26 10:00:00,25.0,25.11,24.675,24.75,2219424
980,158,2020-06-26 10:30:00,24.74,24.76,24.55,24.67,1490062
981,157,2020-06-26 11:00:00,24.665,24.715,24.49,24.585,1086752
982,156,2020-06-26 11:30:00,24.59,24.655,24.47,24.54,1007046
983,155,2020-06-26 12:00:00,24.54,24.6,24.44,24.45,610380
984,154,2020-06-26 12:30:00,24.455,24.495,24.34,24.455,628338
985,153,2020-06-26 13:00:00,24.45,24.46,24.28,24.375,1149140
986,152,2020-06-26 13:30:00,24.37,24.53,24.34,24.51,608735
987,151,2020-06-26 14:00:00,24.5,24.57,24.465,24.51,410822
988,150,2020-06-26 14:30:00,24.505,24.55,24.395,24.415,603346
989,149,2020-06-26 15:00:00,24.415,24.43,24.265,24.36,529244
990,148,2020-06-26 15:30:00,24.36,24.43,24.31,24.37,678726
991,147,2020-06-26 16:00:00,24.37,24.515,24.25,24.45,2235830
992,146,2020-06-26 16:30:00,24.46,24.61,24.46,24.5,262929
993,145,2020-06-26 17:00:00,24.35,24.49,24.35,24.49,1422
994,144,2020-06-26 17:30:00,24.49,24.49,24.49,24.49,362
995,143,2020-06-26 18:00:00,24.5,24.5,24.45,24.45,578
996,142,2020-06-26 18:30:00,24.44,24.44,24.35,24.35,6024
997,141,2020-06-26 19:00:00,24.4001,24.44,24.4001,24.44,2519
998,140,2020-06-26 19:30:00,24.49,24.49,24.49,24.49,130
999,139,2020-06-26 20:00:00,24.42,24.42,24.38,24.39,1928
1000,138,2020-06-29 04:30:00,24.45,24.7,24.45,24.7,405
1001,137,2020-06-29 07:00:00,24.6,24.6,24.6,24.6,447
1002,136,2020-06-29 07:30:00,24.67,24.7,24.65,24.7,7684
1003,135,2020-06-29 08:00:00,24.75,24.8,24.71,24.8,8927
1004,134,2020-06-29 08:30:00,24.62,24.92,24.6,24.74,10325
1005,133,2020-06-29 09:00:00,24.82,24.83,24.61,24.6728,4053
1006,132,2020-06-29 09:30:00,24.6,24.73,24.57,24.57,18036
1007,131,2020-06-29 10:00:00,24.71,24.84,24.475,24.67,1176811
1008,130,2020-06-29 10:30:00,24.67,25.135,24.65,25.1162,1598473
1009,129,2020-06-29 11:00:00,25.115,25.32,25.0919,25.175,1026567
1010,128,2020-06-29 11:30:00,25.18,25.255,25.045,25.175,501980
1011,127,2020-06-29 12:00:00,25.175,25.24,25.105,25.12,372644
1012,126,2020-06-29 12:30:00,25.12,25.35,25.12,25.28,530132
1013,125,2020-06-29 13:00:00,25.28,25.32,25.175,25.175,454256
1014,124,2020-06-29 13:30:00,25.18,25.3,25.155,25.29,297200
1015,123,2020-06-29 14:00:00,25.29,25.295,25.15,25.16,329930
1016,122,2020-06-29 14:30:00,25.165,25.1799,25.07,25.075,383844
1017,121,2020-06-29 15:00:00,25.075,25.165,25.07,25.115,328811
1018,120,2020-06-29 15:30:00,25.12,25.1391,25.0,25.1391,507298
1019,119,2020-06-29 16:00:00,25.13,25.3,25.1,25.3,1520396
1020,118,2020-06-29 16:30:00,25.3,25.43,25.21,25.3002,281515
1021,117,2020-06-29 17:00:00,25.3102,25.35,25.3,25.35,1961
1022,116,2020-06-29 17:30:00,25.35,25.43,25.35,25.35,2108
1023,115,2020-06-29 18:00:00,25.32,25.4,25.31,25.31,1972
1024,114,2020-06-29 18:30:00,25.4,25.4,25.4,25.4,200
1025,113,2020-06-29 19:30:00,25.4,25.4,25.34,25.34,1700
1026,112,2020-06-29 20:00:00,25.44,25.44,25.36,25.36,1382
1027,111,2020-06-30 07:30:00,25.28,25.28,25.14,25.14,669
1028,110,2020-06-30 08:00:00,25.44,25.44,25.32,25.32,412
1029,109,2020-06-30 08:30:00,25.25,25.5701,25.2499,25.32,12216
1030,108,2020-06-30 09:00:00,25.33,25.33,25.2,25.2,1549
1031,107,2020-06-30 09:30:00,25.16,25.3,25.06,25.06,8492
1032,106,2020-06-30 10:00:00,25.09,25.1783,24.74,24.95,1733074
1033,105,2020-06-30 10:30:00,24.94,25.2,24.885,25.13,985305
1034,104,2020-06-30 11:00:00,25.13,25.25,25.12,25.22,1268782
1035,103,2020-06-30 11:30:00,25.22,25.37,25.13,25.225,717055
1036,102,2020-06-30 12:00:00,25.22,25.555,25.17,25.43,1249454
1037,101,2020-06-30 12:30:00,25.435,25.595,25.42,25.47,1207034
1038,100,2020-06-30 13:00:00,25.465,25.465,25.27,25.285,422411
1039,99,2020-06-30 13:30:00,25.28,25.29,25.1,25.16,452328
1040,98,2020-06-30 14:00:00,25.16,25.17,25.06,25.17,399896
1041,97,2020-06-30 14:30:00,25.17,25.315,25.125,25.315,423251
1042,96,2020-06-30 15:00:00,25.32,25.35,25.2,25.32,449905
1043,95,2020-06-30 15:30:00,25.32,25.39,25.26,25.33,610447
1044,94,2020-06-30 16:00:00,25.33,25.42,25.25,25.29,2571518
1045,93,2020-06-30 16:30:00,25.3,25.3,25.2,25.2,272805
1046,92,2020-06-30 17:00:00,25.25,25.29,25.2,25.29,2734
1047,91,2020-06-30 17:30:00,25.28,25.29,25.26,25.28,4921
1048,90,2020-06-30 18:00:00,25.28,25.3,25.27,25.3,2154
1049,89,2020-06-30 19:00:00,25.3,25.34,25.3,25.34,589
1050,88,2020-06-30 19:30:00,25.33,25.33,25.3,25.3,2449
1051,87,2020-06-30 20:00:00,25.26,25.34,25.26,25.32,556
1052,86,2020-07-01 04:30:00,25.15,25.15,25.15,25.15,200
1053,85,2020-07-01 05:00:00,25.5,25.5,25.5,25.5,988
1054,84,2020-07-01 07:00:00,25.23,25.23,25.2,25.2,900
1055,83,2020-07-01 07:30:00,25.02,25.13,25.0,25.1,3819
1056,82,2020-07-01 08:00:00,25.02,25.02,25.0,25.0,2176
1057,81,2020-07-01 08:30:00,25.09,25.09,24.93,25.05,30892
1058,80,2020-07-01 09:00:00,25.1,25.3,25.1,25.3,11392
1059,79,2020-07-01 09:30:00,25.36,25.55,25.27,25.27,33902
1060,78,2020-07-01 10:00:00,25.3,25.935,25.14,25.64,2406960
1061,77,2020-07-01 10:30:00,25.66,25.875,25.41,25.52,1213758
1062,76,2020-07-01 11:00:00,25.515,25.56,25.11,25.22,1169364
1063,75,2020-07-01 11:30:00,25.22,25.275,25.01,25.025,1015851
1064,74,2020-07-01 12:00:00,25.03,25.22,25.01,25.215,520816
1065,73,2020-07-01 12:30:00,25.22,25.395,25.19,25.32,560667
1066,72,2020-07-01 13:00:00,25.32,25.36,25.145,25.17,561462
1067,71,2020-07-01 13:30:00,25.1621,25.17,25.03,25.08,322784
1068,70,2020-07-01 14:00:00,25.08,25.11,25.0,25.03,407683
1069,69,2020-07-01 14:30:00,25.04,25.2,25.02,25.08,398222
1070,68,2020-07-01 15:00:00,25.0819,25.11,25.0,25.095,547203
1071,67,2020-07-01 15:30:00,25.1,25.1,24.975,25.07,578296
1072,66,2020-07-01 16:00:00,25.065,25.135,24.93,24.96,1407762
1073,65,2020-07-01 16:30:00,24.96,24.96,24.83,24.9498,157234
1074,64,2020-07-01 17:00:00,24.95,24.95,24.85,24.85,3140
1075,63,2020-07-01 17:30:00,24.8502,24.95,24.85,24.9498,4259
1076,62,2020-07-01 18:00:00,24.95,24.95,24.92,24.95,3452
1077,61,2020-07-01 18:30:00,24.95,24.95,24.91,24.92,5195
1078,60,2020-07-01 19:00:00,24.92,24.92,24.91,24.92,10550
1079,59,2020-07-01 19:30:00,24.92,24.92,24.9199,24.92,4950
1080,58,2020-07-01 20:00:00,24.91,24.92,24.9,24.9,3432
1081,57,2020-07-02 04:30:00,25.25,25.3,25.25,25.26,1606
1082,56,2020-07-02 05:30:00,25.3,25.33,25.3,25.33,300
1083,55,2020-07-02 06:00:00,25.4,25.4,25.25,25.25,2624
1084,54,2020-07-02 07:00:00,25.36,25.36,25.36,25.36,100
1085,53,2020-07-02 07:30:00,25.13,25.29,25.13,25.25,2989
1086,52,2020-07-02 08:00:00,25.29,25.29,25.27,25.27,356
1087,51,2020-07-02 08:30:00,25.3498,25.39,25.11,25.12,34592
1088,50,2020-07-02 09:00:00,25.24,25.53,25.24,25.47,47637
1089,49,2020-07-02 09:30:00,25.41,25.59,25.35,25.55,40051
1090,48,2020-07-02 10:00:00,25.62,25.85,25.55,25.77,2733341
1091,47,2020-07-02 10:30:00,25.78,25.79,25.425,25.425,1147362
1092,46,2020-07-02 11:00:00,25.42,25.485,25.16,25.18,1273300
1093,45,2020-07-02 11:30:00,25.18,25.425,25.081999999999997,25.42,7764497
1094,44,2020-07-02 12:00:00,25.42,25.66,25.41,25.5745,891315
1095,43,2020-07-02 12:30:00,25.57,25.61,25.485,25.589000000000002,423729
1096,42,2020-07-02 13:00:00,25.585,25.625,25.54,25.62,410314
1097,41,2020-07-02 13:30:00,25.615,25.63,25.53,25.545,705901
1098,40,2020-07-02 14:00:00,25.5481,25.635,25.535,25.585,687030
1099,39,2020-07-02 14:30:00,25.585,25.61,25.45,25.485,353839
1100,38,2020-07-02 15:00:00,25.48,25.6,25.48,25.55,274174
1101,37,2020-07-02 15:30:00,25.545,25.55,25.43,25.43,515362
1102,36,2020-07-02 16:00:00,25.435,25.45,25.21,25.24,2031284
1103,35,2020-07-02 16:30:00,25.24,25.35,25.24,25.3,992651
1104,34,2020-07-02 17:00:00,25.35,25.35,25.26,25.26,7446
1105,33,2020-07-02 17:30:00,25.34,25.34,25.2702,25.2702,1050
1106,32,2020-07-02 18:00:00,25.3,25.3,25.3,25.3,205
1107,31,2020-07-02 19:00:00,25.32,25.32,25.3,25.3,665
1108,30,2020-07-02 19:30:00,25.3,25.3,25.3,25.3,100
1109,29,2020-07-02 20:00:00,25.31,25.32,25.3,25.3,10685
1110,28,2020-07-06 04:30:00,25.6,26.0,25.6,26.0,800
1111,27,2020-07-06 05:30:00,25.96,25.96,25.94,25.94,333
1112,26,2020-07-06 06:30:00,25.99,26.03,25.99,26.03,1917
1113,25,2020-07-06 07:00:00,26.03,26.03,25.96,25.96,1220
1114,24,2020-07-06 07:30:00,25.97,25.97,25.83,25.85,3834
1115,23,2020-07-06 08:00:00,25.86,25.91,25.86,25.9,2201
1116,22,2020-07-06 08:30:00,25.9399,25.97,25.71,25.81,8766
1117,21,2020-07-06 09:00:00,25.87,25.87,25.8,25.81,8158
1118,20,2020-07-06 09:30:00,25.82,25.87,25.65,25.87,13127
1119,19,2020-07-06 10:00:00,25.96,26.04,25.6519,25.88,1834918
1120,18,2020-07-06 10:30:00,25.89,25.95,25.47,25.5172,784836
1121,17,2020-07-06 11:00:00,25.51,25.7,25.485,25.66,578510
1122,16,2020-07-06 11:30:00,25.665,25.68,25.53,25.59,462995
1123,15,2020-07-06 12:00:00,25.58,25.679000000000002,25.44,25.45,555232
1124,14,2020-07-06 12:30:00,25.45,25.56,25.4299,25.555,370582
1125,13,2020-07-06 13:00:00,25.55,25.56,25.47,25.505,258370
1126,12,2020-07-06 13:30:00,25.509,25.61,25.46,25.61,350800
1127,11,2020-07-06 14:00:00,25.61,25.735,25.57,25.735,365679
1128,10,2020-07-06 14:30:00,25.73,25.74,25.57,25.645,341164
1129,9,2020-07-06 15:00:00,25.64,25.69,25.594,25.685,331713
1130,8,2020-07-06 15:30:00,25.68,25.75,25.67,25.67,532251
1131,7,2020-07-06 16:00:00,25.675,25.81,25.64,25.73,1602023
1132,6,2020-07-06 16:30:00,25.73,25.75,25.45,25.75,119205
1133,5,2020-07-06 17:00:00,25.67,25.69,25.67,25.69,1817
1134,4,2020-07-06 17:30:00,25.7499,25.7499,25.72,25.72,2123
1135,3,2020-07-06 18:00:00,25.72,25.72,25.7,25.7,1471
1136,2,2020-07-06 18:30:00,25.71,25.71,25.71,25.71,158
1137,1,2020-07-06 19:00:00,25.6901,25.74,25.6901,25.74,3187
1138,0,2020-07-06 19:30:00,25.73,25.79,25.73,25.79,4800
