,index,time,open,high,low,close,volume
0,256,2020-09-08 10:00:00,10.5,10.57,10.35,10.57,19599
1,255,2020-09-08 10:30:00,10.42,10.48,10.38,10.38,4978
2,254,2020-09-08 11:00:00,10.35,10.4999,10.35,10.4195,3834
3,253,2020-09-08 11:30:00,10.4,10.4199,10.35,10.3648,252509
4,252,2020-09-08 12:00:00,10.4199,10.48,10.4,10.4281,5003
5,251,2020-09-08 12:30:00,10.4,10.46,10.4,10.4,4614
6,250,2020-09-08 13:00:00,10.4,10.4698,10.35,10.4698,1496
7,249,2020-09-08 13:30:00,10.41,10.41,10.41,10.41,500
8,248,2020-09-08 14:00:00,10.46,10.46,10.3646,10.3646,7990
9,247,2020-09-08 14:30:00,10.36,10.37,10.36,10.36,301
10,246,2020-09-08 15:00:00,10.36,10.45,10.3,10.45,15169
11,245,2020-09-08 16:00:00,10.4389,10.48,10.42,10.42,4061
12,244,2020-09-08 18:00:00,10.42,10.42,10.3,10.3,500
13,243,2020-09-09 09:00:00,10.42,10.42,10.42,10.42,110
14,242,2020-09-09 10:00:00,10.5,10.5,10.3,10.3544,4231
15,241,2020-09-09 11:00:00,10.45,10.45,10.43,10.43,5210
16,240,2020-09-09 11:30:00,10.4571,10.4571,10.4,10.45,7113
17,239,2020-09-09 12:00:00,10.425,10.5,10.4,10.41,36418
18,238,2020-09-09 12:30:00,10.5,10.5,10.45,10.4999,2330
19,237,2020-09-09 13:00:00,10.45,10.45,10.4227,10.425,24360
20,236,2020-09-09 13:30:00,10.445,10.445,10.445,10.445,300
21,235,2020-09-09 14:00:00,10.44,10.4599,10.38,10.42,5528
22,234,2020-09-09 14:30:00,10.45,10.45,10.4,10.4,260117
23,233,2020-09-09 15:00:00,10.43,10.43,10.43,10.43,200
24,232,2020-09-09 15:30:00,10.4,10.43,10.38,10.43,1971
25,231,2020-09-09 16:00:00,10.43,10.43,10.4,10.4,1572
26,230,2020-09-10 09:00:00,10.4,10.4,10.35,10.35,430
27,229,2020-09-10 10:00:00,10.5,10.5,10.35,10.4286,5198
28,228,2020-09-10 10:30:00,10.45,10.5,10.45,10.475,4303
29,227,2020-09-10 11:00:00,10.4776,10.4776,10.47,10.4714,1640
30,226,2020-09-10 11:30:00,10.455,10.48,10.455,10.48,3100
31,225,2020-09-10 12:00:00,10.4,10.48,10.4,10.46,12528
32,224,2020-09-10 12:30:00,10.48,10.48,10.4,10.4,14300
33,223,2020-09-10 13:00:00,10.38,10.4,10.32,10.3999,4470
34,222,2020-09-10 14:00:00,10.37,10.37,10.3,10.34,3226
35,221,2020-09-10 14:30:00,10.325,10.325,10.325,10.325,100
36,220,2020-09-10 15:00:00,10.3499,10.37,10.32,10.32,1801
37,219,2020-09-10 15:30:00,10.3881,10.3881,10.3,10.375,1359
38,218,2020-09-10 16:00:00,10.45,10.47,10.32,10.32,4096
39,217,2020-09-10 18:00:00,10.5,10.5,10.5,10.5,100
40,216,2020-09-11 10:00:00,10.33,10.5,10.33,10.488,3237
41,215,2020-09-11 10:30:00,10.42,10.45,10.4,10.4,4756
42,214,2020-09-11 11:00:00,10.37,10.37,10.37,10.37,100
43,213,2020-09-11 11:30:00,10.3999,10.3999,10.375,10.375,1132
44,212,2020-09-11 12:00:00,10.4,10.405,10.39,10.4001,23730
45,211,2020-09-11 12:30:00,10.405,10.405,10.38,10.3836,14661
46,210,2020-09-11 13:30:00,10.38,10.38,10.35,10.35,3020
47,209,2020-09-11 14:00:00,10.3454,10.4,10.3454,10.37,7546
48,208,2020-09-11 14:30:00,10.38,10.38,10.35,10.38,946
49,207,2020-09-11 15:00:00,10.38,10.4099,10.3,10.35,3114
50,206,2020-09-11 15:30:00,10.3782,10.38,10.3782,10.38,490
51,205,2020-09-11 16:00:00,10.4,10.41,10.39,10.39,52822
52,204,2020-09-11 18:00:00,10.5,10.5,10.5,10.5,100
53,203,2020-09-14 08:00:00,10.5,10.5,10.5,10.5,100
54,202,2020-09-14 08:30:00,10.4,10.4,10.4,10.4,200
55,201,2020-09-14 10:00:00,10.35,10.48,10.35,10.48,311
56,200,2020-09-14 10:30:00,10.37,10.38,10.3412,10.365,4869
57,199,2020-09-14 11:00:00,10.33,10.4977,10.3,10.42,6337
58,198,2020-09-14 11:30:00,10.435,10.47,10.38,10.38,2840
59,197,2020-09-14 12:00:00,10.42,10.42,10.4,10.4,3173
60,196,2020-09-14 12:30:00,10.4,10.4,10.38,10.38,1800
61,195,2020-09-14 13:00:00,10.42,10.42,10.38,10.38,1710
62,194,2020-09-14 13:30:00,10.38,10.38,10.31,10.35,8191
63,193,2020-09-14 14:00:00,10.3405,10.38,10.33,10.38,4901
64,192,2020-09-14 14:30:00,10.37,10.38,10.3,10.38,14301
65,191,2020-09-14 15:00:00,10.38,10.395,10.36,10.395,2099
66,190,2020-09-14 15:30:00,10.4,10.41,10.3825,10.4095,646
67,189,2020-09-14 16:00:00,10.38,10.42,10.38,10.38,12560
68,188,2020-09-15 10:00:00,10.32,10.46,10.32,10.4499,4118
69,187,2020-09-15 10:30:00,10.38,10.4999,10.38,10.4,15200
70,186,2020-09-15 11:00:00,10.46,10.46,10.38,10.4,25189
71,185,2020-09-15 11:30:00,10.4,10.4,10.4,10.4,30004
72,184,2020-09-15 12:00:00,10.4,10.45,10.4,10.45,10301
73,183,2020-09-15 12:30:00,10.41,10.41,10.41,10.41,321
74,182,2020-09-15 13:00:00,10.4444,10.4444,10.41,10.41,200
75,181,2020-09-15 13:30:00,10.425,10.425,10.38,10.4,43010
76,180,2020-09-15 14:00:00,10.4,10.412,10.399000000000001,10.4,6428
77,179,2020-09-15 14:30:00,10.4,10.51,10.4,10.5,142174
78,178,2020-09-15 15:00:00,10.6,10.6,10.5,10.5,4940
79,177,2020-09-15 15:30:00,10.52,10.685,10.47,10.55,6860
80,176,2020-09-15 16:00:00,10.55,10.62,10.49,10.5275,64478
81,175,2020-09-16 09:30:00,10.53,10.53,10.53,10.53,100
82,174,2020-09-16 10:00:00,10.56,10.6,10.46,10.5294,4513
83,173,2020-09-16 10:30:00,10.53,10.54,10.46,10.54,1891
84,172,2020-09-16 11:00:00,10.5,10.51,10.5,10.5,810
85,171,2020-09-16 11:30:00,10.5,10.5,10.5,10.5,892
86,170,2020-09-16 12:00:00,10.5,10.5399,10.5,10.5129,3752
87,169,2020-09-16 12:30:00,10.53,10.5475,10.5,10.5,6640
88,168,2020-09-16 13:00:00,10.52,10.52,10.5,10.5,2264
89,167,2020-09-16 13:30:00,10.4923,10.51,10.49,10.49,1281
90,166,2020-09-16 14:00:00,10.5,10.51,10.5,10.51,210
91,165,2020-09-16 14:30:00,10.5,10.51,10.49,10.5,3502
92,164,2020-09-16 15:00:00,10.5,10.51,10.49,10.51,2055
93,163,2020-09-16 15:30:00,10.5,10.51,10.5,10.5,1470
94,162,2020-09-16 16:00:00,10.51,10.6,10.49,10.49,21631
95,161,2020-09-17 09:00:00,11.0,11.0,11.0,11.0,300
96,160,2020-09-17 09:30:00,10.65,11.0,10.65,11.0,460
97,159,2020-09-17 10:00:00,10.5,10.6,10.5,10.53,9608
98,158,2020-09-17 10:30:00,10.505,10.5499,10.47,10.5,5318
99,157,2020-09-17 11:00:00,10.5,10.55,10.5,10.55,13141
100,156,2020-09-17 11:30:00,10.51,10.545,10.5,10.54,1820
101,155,2020-09-17 12:00:00,10.5387,10.5387,10.51,10.51,220
102,154,2020-09-17 12:30:00,10.51,10.515,10.51,10.515,350
103,153,2020-09-17 13:00:00,10.51,10.54,10.51,10.54,6366
104,152,2020-09-17 13:30:00,10.49,10.49,10.4304,10.4304,1667
105,151,2020-09-17 14:00:00,10.445,10.4499,10.35,10.4,7561
106,150,2020-09-17 14:30:00,10.4402,10.45,10.35,10.45,1531
107,149,2020-09-17 15:00:00,10.425,10.435,10.4,10.4101,2300
108,148,2020-09-17 15:30:00,10.4299,10.472999999999999,10.4,10.44,1780
109,147,2020-09-17 16:00:00,10.41,10.46,10.35,10.435,3925
110,146,2020-09-18 10:00:00,10.36,10.44,10.36,10.425,5840
111,145,2020-09-18 10:30:00,10.45,10.5,10.44,10.455,3938
112,144,2020-09-18 11:00:00,10.5,10.6,10.49,10.49,10361
113,143,2020-09-18 11:30:00,10.54,10.54,10.5212,10.525,851
114,142,2020-09-18 12:00:00,10.535,10.55,10.5261,10.5261,5778
115,141,2020-09-18 12:30:00,10.55,10.55,10.5294,10.5294,1744
116,140,2020-09-18 13:00:00,10.54,10.55,10.53,10.535,4509
117,139,2020-09-18 13:30:00,10.5499,10.55,10.4998,10.5,5263
118,138,2020-09-18 14:00:00,10.5,10.5,10.48,10.5,5700
119,137,2020-09-18 14:30:00,10.515,10.515,10.4922,10.515,1669
120,136,2020-09-18 15:00:00,10.5,10.5,10.5,10.5,227
121,135,2020-09-18 15:30:00,10.5,10.55,10.5,10.515,3023
122,134,2020-09-18 16:00:00,10.55,10.55,10.45,10.5,31886
123,133,2020-09-18 16:30:00,10.55,10.55,10.55,10.55,250
124,132,2020-09-18 17:30:00,10.55,10.55,10.55,10.55,100
125,131,2020-09-18 19:00:00,10.55,10.55,10.55,10.55,200
126,130,2020-09-21 07:30:00,10.41,10.41,10.4,10.4,400
127,129,2020-09-21 09:30:00,10.7,10.7,10.7,10.7,250
128,128,2020-09-21 10:00:00,10.6,10.6,10.495,10.51,8888
129,127,2020-09-21 10:30:00,10.55,10.8,10.5,10.79,14258
130,126,2020-09-21 11:00:00,10.79,10.8,10.51,10.595,175580
131,125,2020-09-21 11:30:00,10.545,10.58,10.5,10.515,9629
132,124,2020-09-21 12:00:00,10.58,10.58,10.44,10.58,19006
133,123,2020-09-21 12:30:00,10.58,10.65,10.52,10.65,28717
134,122,2020-09-21 13:00:00,10.65,10.65,10.58,10.65,55165
135,121,2020-09-21 13:30:00,10.65,10.66,10.52,10.6,52616
136,120,2020-09-21 14:00:00,10.635,10.65,10.55,10.6225,38712
137,119,2020-09-21 14:30:00,10.6225,10.7,10.6,10.7,38622
138,118,2020-09-21 15:00:00,10.7,10.75,10.68,10.75,25577
139,117,2020-09-21 15:30:00,10.75,10.75,10.61,10.68,66877
140,116,2020-09-21 16:00:00,10.68,10.845,10.65,10.7,37483
141,115,2020-09-22 09:30:00,10.7,10.7,10.7,10.7,250
142,114,2020-09-22 10:00:00,10.75,10.75,10.65,10.65,900
143,113,2020-09-22 10:30:00,10.46,10.46,10.4325,10.45,5086
144,112,2020-09-22 11:00:00,10.5,10.6,10.474,10.6,1744
145,111,2020-09-22 11:30:00,10.59,10.6799,10.59,10.6799,1003
146,110,2020-09-22 12:30:00,10.62,10.62,10.62,10.62,106
147,109,2020-09-22 14:30:00,10.55,10.55,10.55,10.55,1000
148,108,2020-09-22 15:00:00,10.65,10.65,10.64,10.65,32635
149,107,2020-09-22 15:30:00,10.65,10.65,10.5906,10.65,10860
150,106,2020-09-22 16:00:00,10.65,10.65,10.58,10.65,15726
151,105,2020-09-23 09:30:00,10.65,10.65,10.65,10.65,351
152,104,2020-09-23 10:00:00,10.52,10.5845,10.52,10.5845,3158
153,103,2020-09-23 10:30:00,10.56,10.56,10.56,10.56,100
154,102,2020-09-23 11:30:00,10.5472,10.5735,10.5472,10.56,1695
155,101,2020-09-23 12:00:00,10.51,10.55,10.46,10.4743,5495
156,100,2020-09-23 12:30:00,10.47,10.5,10.47,10.485,800
157,99,2020-09-23 13:00:00,10.47,10.5,10.47,10.5,600
158,98,2020-09-23 13:30:00,10.5,10.5,10.5,10.5,410
159,97,2020-09-23 14:00:00,10.475,10.475,10.475,10.475,805
160,96,2020-09-23 14:30:00,10.5,10.52,10.4502,10.52,8950
161,95,2020-09-23 15:00:00,10.52,10.61,10.51,10.61,14593
162,94,2020-09-23 15:30:00,10.65,10.65,10.65,10.65,100
163,93,2020-09-23 16:00:00,10.65,10.65,10.63,10.65,31182
164,92,2020-09-24 09:30:00,10.37,10.37,10.31,10.31,1850
165,91,2020-09-24 10:00:00,10.35,10.5,10.35,10.4,30848
166,90,2020-09-24 10:30:00,10.375,10.5,10.36,10.5,2954
167,89,2020-09-24 11:00:00,10.51,10.52,10.5,10.51,2900
168,88,2020-09-24 11:30:00,10.51,10.625,10.5,10.625,6120
169,87,2020-09-24 12:30:00,10.6,10.6,10.6,10.6,410
170,86,2020-09-24 13:00:00,10.63,10.63,10.63,10.63,300
171,85,2020-09-24 13:30:00,10.64,10.64,10.64,10.64,100
172,84,2020-09-24 14:00:00,10.6,10.65,10.6,10.625,27672
173,83,2020-09-24 14:30:00,10.625,10.625,10.4301,10.6025,19222
174,82,2020-09-24 15:00:00,10.6025,10.65,10.59,10.65,36438
175,81,2020-09-24 15:30:00,10.65,10.72,10.65,10.72,42893
176,80,2020-09-24 16:00:00,10.72,10.72,10.63,10.69,38847
177,79,2020-09-24 16:30:00,10.673,10.673,10.673,10.673,75150
178,78,2020-09-25 10:00:00,10.42,10.55,10.35,10.46,5663
179,77,2020-09-25 10:30:00,10.45,10.695,10.45,10.695,6910
180,76,2020-09-25 11:00:00,10.66,10.695,10.55,10.62,8550
181,75,2020-09-25 11:30:00,10.685,10.685,10.6,10.6,12552
182,74,2020-09-25 12:00:00,10.615,10.7,10.615,10.7,6325
183,73,2020-09-25 12:30:00,10.7,10.7,10.6,10.62,8361
184,72,2020-09-25 13:00:00,10.635,10.65,10.56,10.625,10165
185,71,2020-09-25 13:30:00,10.625,10.65,10.625,10.65,6191
186,70,2020-09-25 14:00:00,10.65,10.65,10.65,10.65,4730
187,69,2020-09-25 14:30:00,10.65,10.65,10.5,10.5,12814
188,68,2020-09-25 15:00:00,10.5,10.65,10.5,10.635,33425
189,67,2020-09-25 15:30:00,10.63,10.65,10.49,10.64,40841
190,66,2020-09-25 16:00:00,10.64,10.65,10.58,10.6,33874
191,65,2020-09-28 09:30:00,10.58,10.58,10.58,10.58,190
192,64,2020-09-28 10:00:00,10.58,10.81,10.58,10.7499,1042
193,63,2020-09-28 10:30:00,10.675,10.675,10.6,10.65,5481
194,62,2020-09-28 11:30:00,10.6,10.6999,10.6,10.6999,500
195,61,2020-09-28 12:30:00,10.7,10.7,10.7,10.7,290
196,60,2020-09-28 13:00:00,10.62,10.62,10.6,10.6,1322
197,59,2020-09-28 13:30:00,10.57,10.57,10.57,10.57,241
198,58,2020-09-28 14:30:00,10.57,10.57,10.57,10.57,250
199,57,2020-09-28 15:00:00,10.55,10.59,10.5,10.59,4012
200,56,2020-09-28 15:30:00,10.535,10.6,10.53,10.6,2940
201,55,2020-09-28 16:00:00,10.5786,10.62,10.5786,10.62,709
202,54,2020-09-29 10:00:00,10.65,10.65,10.6288,10.6288,700
203,53,2020-09-29 11:00:00,10.6032,10.6032,10.6,10.6,630
204,52,2020-09-29 11:30:00,10.57,10.57,10.57,10.57,120
205,51,2020-09-29 12:00:00,10.6138,10.6138,10.6138,10.6138,100
206,50,2020-09-29 12:30:00,10.625,10.9,10.45,10.55,153710
207,49,2020-09-29 13:00:00,10.6,10.84,10.55,10.65,76904
208,48,2020-09-29 13:30:00,10.625,10.7891,10.625,10.78,58768
209,47,2020-09-29 14:00:00,10.78,10.97,10.7,10.7,11598
210,46,2020-09-29 14:30:00,10.775,10.7899,10.6622,10.705,5795
211,45,2020-09-29 15:00:00,10.729000000000001,10.75,10.7,10.7,9558
212,44,2020-09-29 15:30:00,10.72,10.8,10.7,10.8,34531
213,43,2020-09-29 16:00:00,10.8,10.8599,10.77,10.85,60551
214,42,2020-09-29 17:30:00,10.85,10.85,10.85,10.85,500
215,41,2020-09-30 10:00:00,10.85,11.07,10.85,10.9548,56015
216,40,2020-09-30 10:30:00,10.91,10.9541,10.87,10.8998,5929
217,39,2020-09-30 11:00:00,10.9,10.98,10.85,10.85,7168
218,38,2020-09-30 11:30:00,10.885,10.9735,10.86,10.9198,3728
219,37,2020-09-30 12:00:00,10.88,10.88,10.82,10.82,6928
220,36,2020-09-30 12:30:00,10.85,10.89,10.81,10.875,1586
221,35,2020-09-30 13:00:00,10.81,10.81,10.81,10.81,401
222,34,2020-09-30 13:30:00,10.7591,10.7591,10.7591,10.7591,1327
223,33,2020-09-30 14:00:00,10.79,10.83,10.75,10.83,10015
224,32,2020-09-30 14:30:00,10.765,10.765,10.73,10.73,778
225,31,2020-09-30 15:00:00,10.7,10.7608,10.69,10.69,2340
226,30,2020-09-30 15:30:00,10.735,10.7471,10.735,10.7471,2499
227,29,2020-09-30 16:00:00,10.725,10.95,10.725,10.76,6043
228,28,2020-10-01 10:00:00,10.76,10.8306,10.7,10.7,2752
229,27,2020-10-01 10:30:00,10.75,10.7799,10.7,10.7799,1612
230,26,2020-10-01 11:00:00,10.7416,10.75,10.74,10.75,53459
231,25,2020-10-01 11:30:00,10.75,10.78,10.75,10.75,5384
232,24,2020-10-01 12:00:00,10.775,10.85,10.66,10.745,9875
233,23,2020-10-01 12:30:00,10.64,10.68,10.64,10.68,622
234,22,2020-10-01 13:00:00,10.69,10.6957,10.65,10.68,13784
235,21,2020-10-01 13:30:00,10.69,10.69,10.69,10.69,200
236,20,2020-10-01 14:00:00,10.6879,10.6879,10.64,10.64,1416
237,19,2020-10-01 14:30:00,10.655,10.66,10.645,10.645,440
238,18,2020-10-01 15:00:00,10.6499,10.65,10.6,10.65,13955
239,17,2020-10-01 15:30:00,10.6297,10.65,10.59,10.59,13758
240,16,2020-10-01 16:00:00,10.6,10.62,10.6,10.62,38270
241,15,2020-10-02 08:30:00,10.3,10.3,10.3,10.3,100
242,14,2020-10-02 09:30:00,10.4131,10.4131,10.4131,10.4131,100
243,13,2020-10-02 10:00:00,10.5,10.6383,10.5,10.62,2725
244,12,2020-10-02 10:30:00,10.66,10.71,10.6301,10.66,3659
245,11,2020-10-02 11:00:00,10.6532,10.66,10.64,10.66,3230
246,10,2020-10-02 11:30:00,10.64,10.64,10.55,10.57,5209
247,9,2020-10-02 12:00:00,10.63,10.65,10.56,10.56,12740
248,8,2020-10-02 12:30:00,10.62,10.62,10.585,10.585,3491
249,7,2020-10-02 13:00:00,10.61,10.63,10.58,10.58,26576
250,6,2020-10-02 13:30:00,10.58,10.58,10.55,10.55,7325
251,5,2020-10-02 14:00:00,10.57,10.57,10.56,10.56,840
252,4,2020-10-02 14:30:00,10.55,10.58,10.5,10.57,26334
253,3,2020-10-02 15:00:00,10.525,10.57,10.5135,10.53,10038
254,2,2020-10-02 15:30:00,10.55,10.55,10.5234,10.55,6140
255,1,2020-10-02 16:00:00,10.5363,10.57,10.5,10.52,26308
256,0,2020-10-02 17:00:00,10.5,10.5,10.5,10.5,501
