,index,time,open,high,low,close,volume
0,393,2018-10-16 10:00:00,8.0,8.032,7.768,7.9288,3440
1,392,2018-10-16 10:30:00,7.92,7.9992,7.92,7.92,2015
2,391,2018-10-16 11:00:00,7.9984,7.9984,7.922376,7.922376,303
3,390,2018-10-16 11:30:00,7.92,7.9984,7.92,7.9984,425
4,389,2018-10-16 12:00:00,7.9416,7.9416,7.9079999999999995,7.92,662
5,388,2018-10-16 12:30:00,7.92,7.9992,7.92,7.9992,375
6,387,2018-10-16 13:00:00,7.922376,7.9992,7.92,7.92,312
7,386,2018-10-16 13:30:00,7.9992,8.032,7.9992,8.0112,367
8,385,2018-10-16 14:00:00,8.16,8.16,8.0048,8.0816,575
9,384,2018-10-16 14:30:00,8.16,8.16,8.0112,8.0112,112
10,383,2018-10-16 15:00:00,8.16,8.16,8.0,8.0,131
11,382,2018-10-16 15:30:00,8.16,8.16,8.16,8.16,37
12,381,2018-10-16 16:00:00,8.08,8.16,8.0,8.16,596
13,380,2018-10-17 09:30:00,8.16,8.16,7.752000000000001,7.752000000000001,46
14,379,2018-10-17 10:00:00,8.08,8.16,8.0,8.0,709
15,378,2018-10-17 10:30:00,8.0,8.08,8.0,8.08,1726
16,377,2018-10-17 11:00:00,8.08,8.08,8.0,8.0056,1385
17,376,2018-10-17 11:30:00,8.0384,8.08,8.0,8.08,1052
18,375,2018-10-17 12:30:00,8.0008,8.08,8.0008,8.08,25
19,374,2018-10-17 13:00:00,8.02,8.08,8.0,8.08,634
20,373,2018-10-17 13:30:00,8.08,8.08,8.08,8.08,25
21,372,2018-10-17 14:00:00,8.08,8.08,8.08,8.08,12
22,371,2018-10-17 14:30:00,8.0024,8.0024,8.0024,8.0024,32
23,370,2018-10-17 15:00:00,8.08,8.08,8.0056,8.0056,25
24,369,2018-10-17 16:00:00,8.0016,8.0016,8.0016,8.0016,12
25,368,2018-10-18 10:00:00,8.064,8.0864,8.0,8.0,800
26,367,2018-10-18 10:30:00,8.16,8.16,8.08,8.1576,950
27,366,2018-10-18 11:00:00,8.08,8.16,8.08,8.16,50
28,365,2018-10-18 11:30:00,8.16,8.16,8.0,8.0056,591
29,364,2018-10-18 12:00:00,8.0,8.0,7.84,8.0,809
30,363,2018-10-18 12:30:00,7.92,7.92,7.84,7.84,1425
31,362,2018-10-18 13:00:00,7.9184,7.9184,7.9184,7.9184,12
32,361,2018-10-18 13:30:00,7.9168,7.9168,7.84,7.84,562
33,360,2018-10-18 14:00:00,7.9152,7.92,7.84,7.84,875
34,359,2018-10-18 14:30:00,7.9184,7.9184,7.84,7.84,137
35,358,2018-10-18 15:00:00,7.84,7.84,7.84,7.84,787
36,357,2018-10-18 15:30:00,7.913504,7.913504,7.8272,7.8768,861
37,356,2018-10-19 10:00:00,7.8272,8.0,6.6784,6.688,7610
38,355,2018-10-19 10:30:00,7.013792,7.3576,6.684,7.2,1540
39,354,2018-10-19 11:00:00,7.2632,7.2632,6.9432,7.1976,682
40,353,2018-10-19 11:30:00,7.223936,7.232,7.2,7.2,711
41,352,2018-10-19 12:00:00,7.2,7.2,6.9032,7.0808,1535
42,351,2018-10-19 12:30:00,6.9032,7.207999999999999,6.888,7.0304,514
43,350,2018-10-19 13:00:00,7.0312,7.184,7.0304,7.0304,312
44,349,2018-10-19 13:30:00,7.0528,7.184,7.0304,7.1528,982
45,348,2018-10-19 14:00:00,7.0296,7.184,7.0296,7.184,25
46,347,2018-10-19 14:30:00,7.0776,7.184,7.0296,7.184,647
47,346,2018-10-19 15:00:00,7.0184,7.184,6.9784,7.167999999999999,600
48,345,2018-10-19 15:30:00,6.9624,7.167999999999999,6.9464,7.167999999999999,950
49,344,2018-10-19 16:00:00,7.04,7.167999999999999,7.04,7.167999999999999,31
50,343,2018-10-19 18:00:00,7.2,7.2,7.2,7.2,16
51,342,2018-10-22 09:30:00,7.2,7.247999999999999,7.2,7.247999999999999,87
52,341,2018-10-22 10:00:00,7.1704,7.644,7.1704,7.6,4701
53,340,2018-10-22 10:30:00,7.6008,7.6008,7.44,7.44,511
54,339,2018-10-22 11:00:00,7.516824000000001,7.516824000000001,7.44,7.516824000000001,77
55,338,2018-10-22 11:30:00,7.5184,7.5192,7.44,7.44,106
56,337,2018-10-22 12:00:00,7.5192,7.6,7.36,7.52,2345
57,336,2018-10-22 12:30:00,7.5984,8.64,7.5984,8.1632,16622
58,335,2018-10-22 13:00:00,8.2392,8.48,7.944,8.168,10739
59,334,2018-10-22 13:30:00,8.16,8.24,7.7928,7.832000000000001,6992
60,333,2018-10-22 14:00:00,7.824,8.08,7.7088,8.08,2500
61,332,2018-10-22 14:30:00,8.0,8.08,7.816,7.84,468
62,331,2018-10-22 15:00:00,7.9072,8.08,7.7328,7.850872,1557
63,330,2018-10-22 15:30:00,8.0,8.08,8.0,8.08,37
64,329,2018-10-22 16:00:00,8.0,8.24,8.0,8.24,534
65,328,2018-10-22 16:30:00,8.24,8.24,8.24,8.24,83
66,327,2018-10-22 18:00:00,8.4,8.4,8.4,8.4,12
67,326,2018-10-23 08:30:00,8.4,8.4,8.0,8.0,75
68,325,2018-10-23 09:30:00,8.16,8.16,8.16,8.16,32
69,324,2018-10-23 10:00:00,8.0,8.0,7.44,7.456,1240
70,323,2018-10-23 10:30:00,7.848,7.848,7.4808,7.8008,102
71,322,2018-10-23 11:00:00,7.5112,7.76,7.4808,7.76,118
72,321,2018-10-23 11:30:00,7.602376,7.76,7.602376,7.76,50
73,320,2018-10-23 12:00:00,7.6,7.636,7.456,7.6,473
74,319,2018-10-23 12:30:00,7.4936,7.4936,7.4936,7.4936,37
75,318,2018-10-23 13:00:00,7.5468,7.6616,7.456,7.6008,975
76,317,2018-10-23 13:30:00,7.648,7.8136,7.6008,7.8136,150
77,316,2018-10-23 14:00:00,7.84,8.0,7.84,8.0,37
78,315,2018-10-23 14:30:00,7.692,7.692,7.692,7.692,25
79,314,2018-10-23 15:00:00,8.08,8.08,8.08,8.08,12
80,313,2018-10-23 16:00:00,7.76,7.76,7.76,7.76,75
81,312,2018-10-24 10:00:00,7.52,7.7416,7.1656,7.1656,1979
82,311,2018-10-24 10:30:00,7.5232,7.5232,7.2,7.36,275
83,310,2018-10-24 11:00:00,7.36,7.44,7.2,7.44,2391
84,309,2018-10-24 11:30:00,7.2008,7.2792,7.12,7.2792,1357
85,308,2018-10-24 12:00:00,7.12,7.2792,7.12,7.12,433
86,307,2018-10-24 12:30:00,7.2792,7.2792,7.04,7.04,3192
87,306,2018-10-24 13:00:00,7.12,7.12,6.96,7.1016,471
88,305,2018-10-24 13:30:00,7.04,7.04,6.9144,7.04,344
89,304,2018-10-24 14:00:00,7.0456,7.0456,6.8839999999999995,6.8839999999999995,113
90,303,2018-10-24 14:30:00,6.8848,6.8848,6.72,6.72,2301
91,302,2018-10-24 15:00:00,6.7208,6.88,6.72,6.8,1125
92,301,2018-10-24 15:30:00,6.96,6.9648,6.8008,6.8008,448
93,300,2018-10-24 16:00:00,6.953752000000001,6.953752000000001,6.8008,6.8808,384
94,299,2018-10-25 10:00:00,6.88,7.1792,6.88,6.9,1244
95,298,2018-10-25 10:30:00,7.1976,7.1976,6.96,7.12,481
96,297,2018-10-25 11:00:00,7.1976,7.1976,7.1976,7.1976,12
97,296,2018-10-25 12:00:00,7.12,7.12,6.7544,6.7544,7014
98,295,2018-10-25 12:30:00,6.7232,6.7232,6.6592,6.6592,1561
99,294,2018-10-25 13:00:00,6.6584,6.6584,6.64,6.6408,553
100,293,2018-10-25 13:30:00,6.64,6.64,6.5312,6.5312,288
101,292,2018-10-25 14:00:00,6.5312,6.56,6.4672,6.5360000000000005,931
102,291,2018-10-25 14:30:00,6.5360000000000005,6.596,6.4808,6.5664,725
103,290,2018-10-25 15:00:00,6.64,6.6856,6.5608,6.6856,1743
104,289,2018-10-25 15:30:00,6.6328,6.6848,6.6328,6.6848,93
105,288,2018-10-25 16:00:00,6.6328,6.867999999999999,6.6328,6.800088000000001,1011
106,287,2018-10-26 10:00:00,6.72,7.12,6.504,6.80552,5174
107,286,2018-10-26 10:30:00,6.8,6.96,6.4879999999999995,6.72,2461
108,285,2018-10-26 11:00:00,6.72,6.88,6.64,6.6512,934
109,284,2018-10-26 11:30:00,6.64,6.88,6.4024,6.56,22002
110,283,2018-10-26 12:00:00,6.64,6.952584,6.5896,6.8,4335
111,282,2018-10-26 12:30:00,6.8837839999999995,6.9616,6.8808,6.9616,612
112,281,2018-10-26 13:00:00,6.8816,7.04,6.8816,6.8816,50
113,280,2018-10-26 13:30:00,6.8816,7.04,6.8816,6.8863520000000005,71
114,279,2018-10-26 14:00:00,6.8816,7.04,6.8816,6.8816,75
115,278,2018-10-26 14:30:00,7.04,7.0416,6.8824,6.8824,87
116,277,2018-10-26 15:00:00,6.8816,7.04,6.88,6.88,616
117,276,2018-10-26 15:30:00,6.88,6.9608,6.88,6.9608,853
118,275,2018-10-26 16:00:00,6.8856,6.96,6.74,6.96,1809
119,274,2018-10-26 18:30:00,7.0416,7.0416,7.0416,7.0416,345
120,273,2018-10-26 19:30:00,7.2008,7.2008,7.2,7.2,37
121,272,2018-10-29 09:00:00,7.6568,7.6568,7.6568,7.6568,12
122,271,2018-10-29 09:30:00,7.52,7.52,7.52,7.52,52
123,270,2018-10-29 10:00:00,6.9216,7.3336,6.9216,6.9616,530
124,269,2018-10-29 10:30:00,7.12,7.2808,6.96,7.12,530
125,268,2018-10-29 11:00:00,7.0328,7.2344,7.0328,7.2344,495
126,267,2018-10-29 11:30:00,7.0328,7.32,7.0328,7.32,25
127,266,2018-10-29 12:00:00,7.312,7.312,7.0864,7.0864,50
128,265,2018-10-29 12:30:00,7.32,7.32,7.0408,7.0408,63
129,264,2018-10-29 13:00:00,7.04,7.2512,6.9216,7.2512,1956
130,263,2018-10-29 13:30:00,6.936,7.36,6.936,6.9879999999999995,737
131,262,2018-10-29 14:00:00,7.343999999999999,7.3592,6.992000000000001,7.144,1143
132,261,2018-10-29 14:30:00,7.0808,7.087999999999999,7.0408,7.0408,233
133,260,2018-10-29 15:00:00,7.148,7.22,7.0416,7.064,86
134,259,2018-10-29 15:30:00,7.2048,7.2048,7.04,7.064,125
135,258,2018-10-29 16:00:00,7.04,7.0552,6.6848,6.8,2930
136,257,2018-10-29 16:30:00,7.28,8.64,7.28,8.56,1263
137,256,2018-10-29 17:00:00,8.8,12.32,8.56,11.6,18779
138,255,2018-10-29 17:30:00,11.2,11.76,10.72,11.2,8921
139,254,2018-10-29 18:00:00,10.72,10.8,9.6,10.32,3359
140,253,2018-10-29 18:30:00,10.32,10.3992,10.16,10.16,250
141,252,2018-10-29 19:00:00,10.32,10.32,10.16,10.16,424
142,251,2018-10-29 19:30:00,10.0,10.0,9.68,9.68,512
143,250,2018-10-29 20:00:00,10.0,10.32,10.0,10.32,522
144,249,2018-10-30 07:30:00,10.24,10.32,9.76,10.0,180
145,248,2018-10-30 08:00:00,10.08,16.0,10.08,13.28,14932
146,247,2018-10-30 08:30:00,13.36,14.16,10.3992,12.0,31863
147,246,2018-10-30 09:00:00,12.0,15.92,10.08,11.2,9107
148,245,2018-10-30 09:30:00,11.2,11.84,10.48,11.2,9517
149,244,2018-10-30 10:00:00,11.04,11.2,8.32,8.46,191758
150,243,2018-10-30 10:30:00,8.4,9.36,8.4,8.96,113634
151,242,2018-10-30 11:00:00,8.9608,9.0008,7.76,7.826855999999999,86922
152,241,2018-10-30 11:30:00,7.8432,8.08,7.04,7.3952,164178
153,240,2018-10-30 12:00:00,7.32,7.44,7.28,7.2928,48646
154,239,2018-10-30 12:30:00,7.3016,7.5120000000000005,7.04,7.38,68176
155,238,2018-10-30 13:00:00,7.3912,7.3912,6.8,6.876,55153
156,237,2018-10-30 13:30:00,6.84,7.112,6.568,6.956,64121
157,236,2018-10-30 14:00:00,6.9328,6.956,6.52,6.64,40481
158,235,2018-10-30 14:30:00,6.6752,6.8328,6.6,6.752000000000001,34505
159,234,2018-10-30 15:00:00,6.7856,6.88,6.68,6.8088,17162
160,233,2018-10-30 15:30:00,6.808,7.12,6.72,7.12,27568
161,232,2018-10-30 16:00:00,7.1056,7.68,6.904,7.52,65376
162,231,2018-10-30 16:30:00,7.44,15.44,7.36,7.56,5618
163,230,2018-10-30 17:00:00,7.56,8.16,7.52,8.16,3754
164,229,2018-10-30 17:30:00,8.16,8.4,8.0,8.08,6088
165,228,2018-10-30 18:00:00,8.24,8.56,8.24,8.24,2019
166,227,2018-10-30 18:30:00,8.24,8.24,8.08,8.08,438
167,226,2018-10-30 19:00:00,8.16,8.24,8.16,8.24,150
168,225,2018-10-30 19:30:00,8.16,8.16,8.16,8.16,389
169,224,2018-10-30 20:00:00,8.24,8.24,8.08,8.08,1815
170,223,2018-10-31 07:30:00,7.84,7.84,7.6,7.6,191
171,222,2018-10-31 08:00:00,7.6,8.64,7.6,8.56,741
172,221,2018-10-31 08:30:00,7.9992,8.64,7.8408,8.3192,3982
173,220,2018-10-31 09:00:00,8.24,8.24,7.5688,7.84,1269
174,219,2018-10-31 09:30:00,7.84,8.0,7.6,7.6,6234
175,218,2018-10-31 10:00:00,7.36,7.64,6.888,7.0544,53405
176,217,2018-10-31 10:30:00,7.04,7.1160000000000005,6.9392,6.9904,16387
177,216,2018-10-31 11:00:00,6.96,7.2792,6.96,7.247999999999999,6551
178,215,2018-10-31 11:30:00,7.243448,7.3192,7.1232,7.1984,8343
179,214,2018-10-31 12:00:00,7.1608,7.2,7.0272,7.0632,12711
180,213,2018-10-31 12:30:00,7.028,7.1192,6.8,6.944,12823
181,212,2018-10-31 13:00:00,6.9488,7.1184,6.88,7.0272,9183
182,211,2018-10-31 13:30:00,6.96,7.04,6.96,7.04,9197
183,210,2018-10-31 14:00:00,7.02732,7.084,6.96,7.0512,4441
184,209,2018-10-31 14:30:00,7.0,7.2776,7.0,7.18,6947
185,208,2018-10-31 15:00:00,7.044,7.1896,7.024,7.1168,3510
186,207,2018-10-31 15:30:00,7.1024,7.1168,7.04,7.077719999999999,4289
187,206,2018-10-31 16:00:00,7.0392,7.76,7.0,7.608,50651
188,205,2018-10-31 16:30:00,7.76,7.76,7.303999999999999,7.303999999999999,1456
189,204,2018-10-31 17:00:00,7.303999999999999,7.44,7.2008,7.2008,990
190,203,2018-10-31 17:30:00,7.28,7.44,7.28,7.296,935
191,202,2018-10-31 18:00:00,7.296,7.36,7.296,7.36,1028
192,201,2018-10-31 19:00:00,7.2808,7.2808,7.2808,7.2808,100
193,200,2018-10-31 19:30:00,7.44,7.44,7.44,7.44,30
194,199,2018-10-31 20:00:00,7.4408,7.4408,7.4408,7.4408,75
195,198,2018-11-01 07:30:00,7.6008,7.6008,7.6008,7.6008,37
196,197,2018-11-01 08:00:00,7.6008,8.4,7.6008,8.4,537
197,196,2018-11-01 08:30:00,8.24,8.32,7.6,7.68,2262
198,195,2018-11-01 09:00:00,7.32,8.16,7.32,8.16,3316
199,194,2018-11-01 09:30:00,8.0008,8.16,7.68,8.0,5751
200,193,2018-11-01 10:00:00,7.84,8.2304,7.32,7.9312,57205
201,192,2018-11-01 10:30:00,7.9812,8.0,7.84,7.933839999999999,16403
202,191,2018-11-01 11:00:00,7.926848,8.4,7.8496,8.2528,29740
203,190,2018-11-01 11:30:00,8.288,8.64,8.08,8.3208,40335
204,189,2018-11-01 12:00:00,8.3984,8.72,8.3192,8.64,19075
205,188,2018-11-01 12:30:00,8.56,8.56,8.16,8.32,18213
206,187,2018-11-01 13:00:00,8.32,8.32,8.16,8.1608,3790
207,186,2018-11-01 13:30:00,8.16,8.56,8.16,8.5512,3652
208,185,2018-11-01 14:00:00,8.552,8.72,8.48,8.48,6283
209,184,2018-11-01 14:30:00,8.48,8.56,8.08,8.3656,8160
210,183,2018-11-01 15:00:00,8.2928,8.4,8.16,8.4,4730
211,182,2018-11-01 15:30:00,8.4,8.4,8.16,8.3136,4169
212,181,2018-11-01 16:00:00,8.24,8.32,7.68,7.6808,17811
213,180,2018-11-01 16:30:00,8.0,8.0,7.92,7.92,587
214,179,2018-11-01 17:00:00,7.92,7.92,7.92,7.92,2181
215,178,2018-11-01 17:30:00,8.0,8.48,8.0,8.0008,114
216,177,2018-11-01 18:00:00,8.08,8.24,7.92,7.92,284
217,176,2018-11-01 18:30:00,8.08,8.08,8.08,8.08,26
218,175,2018-11-01 19:00:00,8.08,8.08,8.0,8.0,2103
219,174,2018-11-01 19:30:00,8.0,8.0,8.0,8.0,1000
220,173,2018-11-02 08:30:00,8.08,8.56,7.76,7.76,783
221,172,2018-11-02 09:00:00,7.84,8.4,7.84,8.4,562
222,171,2018-11-02 09:30:00,8.24,8.24,8.0,8.0,999
223,170,2018-11-02 10:00:00,8.32,8.48,7.8784,7.9312,24238
224,169,2018-11-02 10:30:00,7.9216,7.9992,7.76,7.84,5165
225,168,2018-11-02 11:00:00,7.76248,7.92,7.68,7.76,5795
226,167,2018-11-02 11:30:00,7.76,7.9192,7.692,7.908239999999999,2439
227,166,2018-11-02 12:00:00,7.8424,7.92,7.8424,7.8552,534
228,165,2018-11-02 12:30:00,7.854480000000001,7.9144,7.827999999999999,7.85128,1942
229,164,2018-11-02 13:00:00,7.8408,7.8806,7.68,7.8806,3148
230,163,2018-11-02 13:30:00,7.88588,7.916,7.7168,7.8014,850
231,162,2018-11-02 14:00:00,7.9,7.9,7.723839999999999,7.723839999999999,625
232,161,2018-11-02 14:30:00,7.7176,7.7592,7.330839999999999,7.5520000000000005,8583
233,160,2018-11-02 15:00:00,7.5520000000000005,7.804360000000001,7.5520000000000005,7.6408,2737
234,159,2018-11-02 15:30:00,7.6368,7.8,7.6368,7.7496,1976
235,158,2018-11-02 16:00:00,7.6808,7.9104,7.68,7.7456,4464
236,157,2018-11-02 16:30:00,7.8408,7.8408,7.8408,7.8408,205
237,156,2018-11-02 17:00:00,7.88,7.88,7.84,7.8408,887
238,155,2018-11-02 17:30:00,7.8408,7.8408,7.7296,7.7296,212
239,154,2018-11-02 18:00:00,7.8408,8.0,7.8408,7.8408,253
240,153,2018-11-05 09:00:00,7.6824,7.6824,7.6824,7.6824,25
241,152,2018-11-05 09:30:00,7.6024,7.6024,7.52,7.52,1276
242,151,2018-11-05 10:00:00,8.08,8.08,7.2808,7.5056,9563
243,150,2018-11-05 10:30:00,7.5096,7.68,7.34,7.4408,3716
244,149,2018-11-05 11:00:00,7.4592,7.5976,7.34,7.44,1569
245,148,2018-11-05 11:30:00,7.4352,7.6,7.34,7.4384,2404
246,147,2018-11-05 12:00:00,7.3752,7.44,7.2,7.3576,2229
247,146,2018-11-05 12:30:00,7.3584,7.3584,7.1992,7.2,7317
248,145,2018-11-05 13:00:00,7.2792,7.28,7.2,7.2048,2101
249,144,2018-11-05 13:30:00,7.27648,7.28,7.276,7.276,1297
250,143,2018-11-05 14:00:00,7.2792,7.2792,7.2024,7.2024,1987
251,142,2018-11-05 14:30:00,7.250488000000001,7.2792,7.144,7.144,2569
252,141,2018-11-05 15:00:00,7.2768,7.2768,6.88488,6.9616,7057
253,140,2018-11-05 15:30:00,6.9632,7.1984,6.9608,6.9632,4679
254,139,2018-11-05 16:00:00,6.9632,7.1928,6.92,6.92,7574
255,138,2018-11-05 16:30:00,6.9208,6.928,6.9208,6.928,265
256,137,2018-11-05 17:00:00,6.9328,6.9328,6.9328,6.9328,225
257,136,2018-11-06 09:30:00,6.96,7.2744,6.96,7.2,1738
258,135,2018-11-06 10:00:00,6.96,7.2,6.96,7.1216,6898
259,134,2018-11-06 10:30:00,7.1224,7.296,7.1224,7.28,3699
260,133,2018-11-06 11:00:00,7.2808,7.2808,7.041656,7.1464,3218
261,132,2018-11-06 11:30:00,7.12,7.2,7.056,7.0760000000000005,1411
262,131,2018-11-06 12:00:00,7.1648,7.2,7.04,7.2,4014
263,130,2018-11-06 12:30:00,7.04,7.04,6.904,6.9656,1312
264,129,2018-11-06 13:00:00,6.97268,7.0392,6.92,6.9216,2092
265,128,2018-11-06 13:30:00,6.9592,6.9984,6.9239999999999995,6.96,371
266,127,2018-11-06 14:00:00,6.96,7.184,6.92,7.1192,3162
267,126,2018-11-06 14:30:00,6.9608,7.2,6.9232,7.087999999999999,821
268,125,2018-11-06 15:00:00,7.04,7.1184,6.904,6.9352,835
269,124,2018-11-06 15:30:00,7.0392,7.04,6.9208,7.04,1837
270,123,2018-11-06 16:00:00,7.0392,7.12,6.936,6.961488,5820
271,122,2018-11-06 16:30:00,6.952000000000001,6.952000000000001,6.912000000000001,6.912000000000001,150
272,121,2018-11-06 18:00:00,6.936,6.936,6.936,6.936,62
273,120,2018-11-07 08:30:00,6.8824,6.904,6.8824,6.904,51
274,119,2018-11-07 09:30:00,6.936,6.96,6.904,6.904,156
275,118,2018-11-07 10:00:00,7.2488,7.25564,6.8,6.8792,8540
276,117,2018-11-07 10:30:00,6.8088,6.88,6.8,6.84588,9207
277,116,2018-11-07 11:00:00,6.8408,7.192,6.8408,7.192,4145
278,115,2018-11-07 11:30:00,7.1912,7.1912,6.8832,6.8936,870
279,114,2018-11-07 12:00:00,7.12,7.12,6.8832,6.9392,1310
280,113,2018-11-07 12:30:00,6.9642800000000005,7.12,6.936,7.0928,670
281,112,2018-11-07 13:00:00,7.12,7.12,6.9624,6.9639999999999995,1358
282,111,2018-11-07 13:30:00,7.112,7.112,6.9672,6.9672,217
283,110,2018-11-07 14:00:00,7.104,7.192,7.0632,7.0664,1214
284,109,2018-11-07 14:30:00,7.0816,7.12,7.068,7.12,1111
285,108,2018-11-07 15:00:00,7.12,7.28,7.0824,7.28,1801
286,107,2018-11-07 15:30:00,7.28,7.28,7.1808,7.28,2759
287,106,2018-11-07 16:00:00,7.28,7.6,7.2312,7.596,12382
288,105,2018-11-07 16:30:00,7.52,7.52,7.48,7.48,62
289,104,2018-11-07 17:00:00,7.5192,7.5192,7.5192,7.5192,32
290,103,2018-11-07 17:30:00,7.48,7.5192,7.48,7.516,222
291,102,2018-11-07 18:00:00,7.352,7.352,7.352,7.352,27
292,101,2018-11-08 07:30:00,7.2,7.2,7.2,7.2,87
293,100,2018-11-08 09:30:00,7.0424,7.0576,6.9624,6.968,390
294,99,2018-11-08 10:00:00,7.192,7.2944,7.04,7.203944,2092
295,98,2018-11-08 10:30:00,7.20752,7.26,7.1208,7.2,2838
296,97,2018-11-08 11:00:00,7.1216,7.2088,7.1216,7.2088,566
297,96,2018-11-08 11:30:00,7.216,7.26,7.2016,7.26,807
298,95,2018-11-08 12:00:00,7.2688,7.28,7.21168,7.28,326
299,94,2018-11-08 12:30:00,7.34692,7.44,7.2984,7.37268,748
300,93,2018-11-08 13:00:00,7.416,7.44,7.3784,7.3856,614
301,92,2018-11-08 13:30:00,7.44,7.44,7.364,7.4116,224
302,91,2018-11-08 14:00:00,7.432,7.44,7.3752,7.377383999999999,683
303,90,2018-11-08 14:30:00,7.4224,7.4392,7.3776,7.3776,380
304,89,2018-11-08 15:00:00,7.3839999999999995,7.4392,7.377680000000001,7.3928,527
305,88,2018-11-08 15:30:00,7.4296,7.44,7.2384,7.366111999999999,6847
306,87,2018-11-08 16:00:00,7.416,7.5760000000000005,7.3624,7.5760000000000005,1690
307,86,2018-11-08 16:30:00,7.44,7.44,7.4239999999999995,7.4239999999999995,135
308,85,2018-11-08 17:00:00,7.2024,7.2024,7.2024,7.2024,178
309,84,2018-11-08 17:30:00,7.28,7.284,7.28,7.284,34
310,83,2018-11-08 18:00:00,7.2888,7.36,7.28,7.36,144
311,82,2018-11-09 09:30:00,7.76,7.88,7.52,7.77584,10654
312,81,2018-11-09 10:00:00,7.92,8.4,7.7416,8.3224,28762
313,80,2018-11-09 10:30:00,8.3752,8.8,7.7416,8.068,22093
314,79,2018-11-09 11:00:00,8.08,8.24,7.92,7.9239999999999995,12781
315,78,2018-11-09 11:30:00,8.0,8.24,7.9239999999999995,8.24,9821
316,77,2018-11-09 12:00:00,8.2392,8.24,8.16,8.1728,3395
317,76,2018-11-09 12:30:00,8.24,8.32,8.1608,8.3192,1293
318,75,2018-11-09 13:00:00,8.2568,8.32,8.24,8.32,2600
319,74,2018-11-09 13:30:00,8.16,8.24,8.08,8.24,2913
320,73,2018-11-09 14:00:00,8.3192,8.32,8.08,8.172,435
321,72,2018-11-09 14:30:00,8.24,8.24,8.16,8.172,1136
322,71,2018-11-09 15:00:00,8.1648,8.24,8.1608,8.24,705
323,70,2018-11-09 15:30:00,8.24,8.24,8.08,8.12,3166
324,69,2018-11-09 16:00:00,8.1592,8.16,8.08,8.16,3903
325,68,2018-11-09 16:30:00,8.16,9.84,8.0808,9.04,11346
326,67,2018-11-09 17:00:00,8.8,8.8,8.64,8.64,2037
327,66,2018-11-09 17:30:00,8.64,8.8,8.64,8.7992,427
328,65,2018-11-09 18:00:00,8.8,9.6,8.8,9.52,1488
329,64,2018-11-09 18:30:00,9.52,9.52,9.2,9.2,546
330,63,2018-11-09 19:00:00,9.28,9.28,9.28,9.28,62
331,62,2018-11-09 20:00:00,8.96,8.96,8.88,8.88,541
332,61,2018-11-12 08:30:00,8.64,8.64,8.64,8.64,275
333,60,2018-11-12 09:30:00,8.96,9.28,8.96,8.96,1571
334,59,2018-11-12 10:00:00,8.9696,9.04,8.16,8.24,15940
335,58,2018-11-12 10:30:00,8.264,8.32,7.6824,8.04,6051
336,57,2018-11-12 11:00:00,8.0,8.08,8.0,8.004,4101
337,56,2018-11-12 11:30:00,8.04,8.16,8.0,8.08,1665
338,55,2018-11-12 12:00:00,8.04,8.4008,8.04,8.4008,5071
339,54,2018-11-12 12:30:00,8.32,8.4,8.2408,8.4,1609
340,53,2018-11-12 13:00:00,8.32,8.4,8.08,8.24,798
341,52,2018-11-12 13:30:00,8.308,8.32,8.184,8.32,967
342,51,2018-11-12 14:00:00,8.1968,8.24,8.08,8.104,1624
343,50,2018-11-12 14:30:00,8.24,8.24,8.0808,8.152000000000001,562
344,49,2018-11-12 15:00:00,8.2528,8.2528,8.08,8.16,671
345,48,2018-11-12 15:30:00,8.2392,8.24,8.08,8.24,336
346,47,2018-11-12 16:00:00,8.16,8.24,8.0,8.004,2528
347,46,2018-11-12 16:30:00,8.0,8.0,8.0,8.0,15
348,45,2018-11-12 17:00:00,8.32,8.32,8.3192,8.32,230
349,44,2018-11-12 17:30:00,8.48,8.48,8.48,8.48,13
350,43,2018-11-12 18:00:00,8.48,8.48,8.4,8.4,251
351,42,2018-11-12 20:00:00,8.32,8.32,8.32,8.32,428
352,41,2018-11-13 08:00:00,8.08,8.08,8.08,8.08,313
353,40,2018-11-13 09:30:00,8.08,8.08,7.7952960000000004,8.0,521
354,39,2018-11-13 10:00:00,8.32,8.32,7.92,8.08,3949
355,38,2018-11-13 10:30:00,8.1456,8.16,7.92,7.969888,1770
356,37,2018-11-13 11:00:00,7.9592,8.0,7.7624,7.912000000000001,3668
357,36,2018-11-13 11:30:00,7.84,8.08,7.8008,8.08,737
358,35,2018-11-13 12:00:00,8.08,8.24,8.0,8.24,1471
359,34,2018-11-13 12:30:00,8.24,8.24,8.0,8.24,1575
360,33,2018-11-13 13:00:00,8.24,8.24,8.0,8.0,2295
361,32,2018-11-13 13:30:00,8.012,8.08,8.0,8.08,2091
362,31,2018-11-13 14:00:00,8.08,8.32,8.08,8.32,2056
363,30,2018-11-13 14:30:00,8.2456,8.32,8.08,8.16,1658
364,29,2018-11-13 15:00:00,8.0968,8.4,8.08,8.4,2393
365,28,2018-11-13 15:30:00,8.2664,8.4,8.24,8.32,1201
366,27,2018-11-13 16:00:00,8.32,8.4,8.24,8.4,3662
367,26,2018-11-13 16:30:00,8.4,8.7672,8.32,8.7672,223
368,25,2018-11-13 17:00:00,8.8,8.8,8.8,8.8,119
369,24,2018-11-13 17:30:00,8.72,8.72,8.56,8.56,25
370,23,2018-11-13 18:00:00,8.32,8.32,8.32,8.32,25
371,22,2018-11-13 19:00:00,8.32,8.32,8.08,8.08,210
372,21,2018-11-13 20:00:00,7.9224,7.9224,7.8424,7.8424,362
373,20,2018-11-14 07:00:00,7.92,7.92,7.92,7.92,16
374,19,2018-11-14 08:00:00,8.96,8.96,8.96,8.96,443
375,18,2018-11-14 08:30:00,8.96,8.96,8.96,8.96,50
376,17,2018-11-14 09:30:00,8.0128,8.08,8.0,8.08,89
377,16,2018-11-14 10:00:00,8.48,8.64,7.92,7.92,10072
378,15,2018-11-14 10:30:00,8.16,8.24,7.92,8.024,2267
379,14,2018-11-14 11:00:00,8.16,8.16,8.092,8.16,934
380,13,2018-11-14 11:30:00,8.148,8.4,8.092,8.2408,2482
381,12,2018-11-14 12:00:00,8.264,8.48,8.0,8.4,5212
382,11,2018-11-14 12:30:00,8.4,8.4,8.116,8.32,503
383,10,2018-11-14 13:00:00,8.144,8.32,8.144,8.164,403
384,9,2018-11-14 13:30:00,8.32,8.4,8.2032,8.2032,113
385,8,2018-11-14 14:00:00,8.2744,8.4,8.08,8.1696,1413
386,7,2018-11-14 14:30:00,8.1208,8.24,8.0008,8.0008,1851
387,6,2018-11-14 15:00:00,8.16,8.4,8.1592,8.2512,1501
388,5,2018-11-14 15:30:00,8.24,8.24,8.0,8.0,783
389,4,2018-11-14 16:00:00,8.2392,8.24,8.0,8.0,1293
390,3,2018-11-14 16:30:00,8.08,8.08,8.0,8.0,42
391,2,2018-11-14 17:00:00,8.16,8.48,8.16,8.48,331
392,1,2018-11-14 17:30:00,8.32,8.32,8.0,8.0,317
393,0,2018-11-14 18:00:00,8.0,8.0,8.0,8.0,15
394,306,2018-11-15 09:30:00,8.08,8.4,8.0,8.4,143
395,305,2018-11-15 10:00:00,7.84,8.16,7.84,8.08,3271
396,304,2018-11-15 10:30:00,8.148,8.16,8.0808,8.1504,1125
397,303,2018-11-15 11:00:00,8.1232,8.16,7.92,7.92,3256
398,302,2018-11-15 11:30:00,7.98,7.9992,7.92,7.9866399999999995,1235
399,301,2018-11-15 12:00:00,7.931760000000001,7.9984,7.92,7.9984,359
400,300,2018-11-15 12:30:00,7.992000000000001,7.9976,7.92,7.9568,938
401,299,2018-11-15 13:00:00,7.990216,7.9992,7.936,7.944,569
402,298,2018-11-15 13:30:00,7.95332,7.992000000000001,7.944,7.9912,351
403,297,2018-11-15 14:00:00,7.9904,8.0,7.8456,7.9864,7335
404,296,2018-11-15 14:30:00,8.0,8.0,7.8424,7.992000000000001,1631
405,295,2018-11-15 15:00:00,7.992000000000001,7.992000000000001,7.8464,7.8464,275
406,294,2018-11-15 15:30:00,7.9184,7.9184,7.8664,7.9176,164
407,293,2018-11-15 16:00:00,7.8712,7.916,7.8424,7.8424,1244
408,292,2018-11-15 16:30:00,7.8424,8.72,7.6832,8.32,6283
409,291,2018-11-15 17:00:00,8.32,8.8,8.32,8.8,3374
410,290,2018-11-15 17:30:00,8.8,9.2,8.72,8.72,4666
411,289,2018-11-15 18:00:00,8.8,8.96,8.72,8.72,3195
412,288,2018-11-15 18:30:00,8.64,8.88,8.64,8.88,412
413,287,2018-11-15 19:00:00,8.88,8.88,8.88,8.88,188
414,286,2018-11-15 20:00:00,8.72,8.88,8.72,8.88,393
415,285,2018-11-16 08:30:00,8.8,9.5192,8.8,9.5192,279
416,284,2018-11-16 09:00:00,9.44,9.44,8.64,8.64,589
417,283,2018-11-16 09:30:00,8.88,9.2768,8.6368,8.64,4916
418,282,2018-11-16 10:00:00,8.8,8.8,8.0,8.412,17647
419,281,2018-11-16 10:30:00,8.4792,8.4792,8.08,8.24,7932
420,280,2018-11-16 11:00:00,8.08,8.296,8.08,8.2392,1618
421,279,2018-11-16 11:30:00,8.228,8.24,8.0808,8.16,806
422,278,2018-11-16 12:00:00,8.08,8.24,8.08,8.1088,591
423,277,2018-11-16 12:30:00,8.16,8.16,8.14,8.16,575
424,276,2018-11-16 13:00:00,8.148,8.16,8.0,8.08,1999
425,275,2018-11-16 13:30:00,8.08,8.16,8.0,8.16,2493
426,274,2018-11-16 14:00:00,8.1592,8.3192,8.0808,8.296,1893
427,273,2018-11-16 14:30:00,8.296,8.32,8.1976,8.1976,704
428,272,2018-11-16 15:00:00,8.172,8.24,8.0,8.0624,2011
429,271,2018-11-16 15:30:00,8.08,8.32,8.0,8.24,1912
430,270,2018-11-16 16:00:00,8.2176,8.24,8.08,8.16,2183
431,269,2018-11-16 18:00:00,8.24,8.48,8.24,8.48,100
432,268,2018-11-19 09:30:00,8.32,8.4,8.32,8.4,59
433,267,2018-11-19 10:00:00,8.4,8.56,8.08,8.16,4790
434,266,2018-11-19 10:30:00,8.1536,8.1536,7.84,7.8586800000000006,3804
435,265,2018-11-19 11:00:00,7.9192,8.08,7.86552,8.08,1346
436,264,2018-11-19 11:30:00,8.0448,8.08,7.9208,7.96,3298
437,263,2018-11-19 12:00:00,7.92,7.9639999999999995,7.84,7.87908,2898
438,262,2018-11-19 12:30:00,7.88,7.961239999999999,7.88,7.92,1619
439,261,2018-11-19 13:00:00,7.9632,7.9632,7.9208,7.9208,527
440,260,2018-11-19 13:30:00,7.9424,7.9648,7.8416,7.9239999999999995,376
441,259,2018-11-19 14:00:00,7.9016,7.9232,7.8408,7.916967999999999,708
442,258,2018-11-19 14:30:00,7.9648,8.0,7.84,7.92,2002
443,257,2018-11-19 15:00:00,8.0,8.0,8.0,8.0,120
444,256,2018-11-19 15:30:00,7.9648,7.9872,7.959072,7.9872,642
445,255,2018-11-19 16:00:00,7.968,8.08,7.968,8.08,2604
446,254,2018-11-19 18:00:00,7.7624,7.7624,7.7624,7.7624,106
447,253,2018-11-19 18:30:00,7.7624,7.7624,7.76,7.76,50
448,252,2018-11-20 08:00:00,7.7608,7.7608,7.7608,7.7608,37
449,251,2018-11-20 08:30:00,7.76,7.76,7.76,7.76,43
450,250,2018-11-20 09:30:00,7.92,7.92,7.92,7.92,125
451,249,2018-11-20 10:00:00,7.84,7.92,7.76,7.763439999999999,6020
452,248,2018-11-20 10:30:00,7.76,7.792000000000001,7.44,7.747999999999999,5356
453,247,2018-11-20 11:00:00,7.7344,7.7432,7.6424,7.7048,4509
454,246,2018-11-20 11:30:00,7.7056,7.7576,7.6968,7.747999999999999,478
455,245,2018-11-20 12:00:00,7.696000000000001,7.7464,7.696000000000001,7.7264,944
456,244,2018-11-20 12:30:00,7.7264,7.757664,7.7056,7.72,525
457,243,2018-11-20 13:00:00,7.72,7.761808,7.72,7.7608,180
458,242,2018-11-20 13:30:00,7.7608,7.8392,7.72,7.72,821
459,241,2018-11-20 14:00:00,7.7816,7.7816,7.7504,7.7504,1028
460,240,2018-11-20 14:30:00,7.7208,7.747999999999999,7.72,7.72,1726
461,239,2018-11-20 15:00:00,7.7248,7.7248,7.696000000000001,7.696039999999999,1333
462,238,2018-11-20 15:30:00,7.69612,7.84,7.69612,7.769624,431
463,237,2018-11-20 16:00:00,7.8232,7.8232,7.76,7.76,1091
464,236,2018-11-20 16:30:00,7.76,7.8,7.76,7.8,77
465,235,2018-11-20 17:30:00,7.76,7.76,7.76,7.76,62
466,234,2018-11-20 18:00:00,7.76,7.76,7.76,7.76,25
467,233,2018-11-21 09:30:00,7.72,7.76,7.68,7.68,499
468,232,2018-11-21 10:00:00,7.68,7.7592,7.68,7.68,381
469,231,2018-11-21 10:30:00,7.7576,7.92,7.68,7.9176,2054
470,230,2018-11-21 11:00:00,7.831239999999999,7.9176,7.76,7.7976,1456
471,229,2018-11-21 11:30:00,7.789560000000001,7.7976,7.68,7.7088,3148
472,228,2018-11-21 12:00:00,7.68,7.7376,7.68,7.7332399999999994,881
473,227,2018-11-21 12:30:00,7.7288,7.7336,7.68,7.732,1356
474,226,2018-11-21 13:00:00,7.72352,7.72352,7.6392,7.6392,458
475,225,2018-11-21 13:30:00,7.60792,7.6792,7.5232,7.6432,3455
476,224,2018-11-21 14:00:00,7.6168,7.7552,7.6,7.638439999999999,402
477,223,2018-11-21 14:30:00,7.84,7.84,7.70932,7.70932,420
478,222,2018-11-21 15:00:00,7.7984,7.84,7.6968,7.6968,225
479,221,2018-11-21 15:30:00,7.6968,7.84,7.6968,7.7216,190
480,220,2018-11-21 16:00:00,7.8392,7.8392,7.73608,7.8376,1006
481,219,2018-11-21 17:30:00,7.8376,7.8376,7.8376,7.8376,70
482,218,2018-11-21 18:00:00,7.8376,7.8376,7.8376,7.8376,21
483,217,2018-11-23 10:00:00,7.6,7.6968,7.6,7.624,4384
484,216,2018-11-23 10:30:00,7.6376,7.76,7.5232,7.5888,863
485,215,2018-11-23 11:00:00,7.5912,7.76,7.3624,7.54,7360
486,214,2018-11-23 11:30:00,7.44,7.752000000000001,7.42356,7.6,955
487,213,2018-11-23 12:00:00,7.752000000000001,7.752000000000001,7.68,7.68,44
488,212,2018-11-23 12:30:00,7.6024,7.6792,7.44,7.52572,2370
489,211,2018-11-23 13:00:00,7.528,7.752000000000001,7.528,7.752000000000001,180
490,210,2018-11-26 10:00:00,7.36,7.6,7.2,7.44,7787
491,209,2018-11-26 10:30:00,7.462136,7.544,7.28,7.499264,1743
492,208,2018-11-26 11:00:00,7.5184,7.5184,7.36,7.44,1284
493,207,2018-11-26 11:30:00,7.44,7.44,7.36,7.3968,416
494,206,2018-11-26 12:00:00,7.4336,7.4336,7.0424,7.0424,7032
495,205,2018-11-26 12:30:00,7.1808,7.1808,7.1208800000000005,7.136,1478
496,204,2018-11-26 13:00:00,7.1376,7.1688,7.044,7.044,1682
497,203,2018-11-26 13:30:00,7.0424,7.1184,7.04,7.087999999999999,1441
498,202,2018-11-26 14:00:00,7.1016,7.2,7.044,7.12,587
499,201,2018-11-26 14:30:00,7.1992,7.2064,7.12,7.1856,798
500,200,2018-11-26 15:00:00,7.1856,7.28,7.1856,7.2792,738
501,199,2018-11-26 15:30:00,7.2304,7.28,7.2,7.28,440
502,198,2018-11-26 16:00:00,7.2096,7.36,7.2088,7.2808,1030
503,197,2018-11-26 16:30:00,7.2808,7.2808,7.2808,7.2808,85
504,196,2018-11-26 17:30:00,7.0424,7.0424,7.0424,7.0424,51
505,195,2018-11-26 18:00:00,7.0424,7.0424,7.0424,7.0424,81
506,194,2018-11-27 07:00:00,7.04,7.04,7.04,7.04,25
507,193,2018-11-27 09:30:00,7.0424,7.0424,6.9776,6.9832,106
508,192,2018-11-27 10:00:00,7.2,7.2396080000000005,7.028,7.0408,3661
509,191,2018-11-27 10:30:00,7.1248,7.1464,7.04,7.04,1353
510,190,2018-11-27 11:00:00,7.1464,7.18,7.1224,7.1792,271
511,189,2018-11-27 11:30:00,7.1456800000000005,7.1456800000000005,7.04,7.04,2518
512,188,2018-11-27 12:00:00,7.0592,7.0864,7.0408,7.0408,1665
513,187,2018-11-27 12:30:00,7.0504,7.0512,7.04,7.04,1616
514,186,2018-11-27 13:00:00,7.040424000000001,7.047999999999999,7.04,7.047999999999999,688
515,185,2018-11-27 13:30:00,7.0504,7.0504,6.966048,6.966048,1015
516,184,2018-11-27 14:00:00,7.0392,7.0392,6.9752,7.0232,746
517,183,2018-11-27 14:30:00,6.9976,6.9976,6.96,6.9608,2194
518,182,2018-11-27 15:00:00,6.9912,6.992000000000001,6.96,6.992000000000001,1349
519,181,2018-11-27 15:30:00,6.96,6.992000000000001,6.96,6.96,307
520,180,2018-11-27 16:00:00,6.96,7.2,6.96,6.96,1392
521,179,2018-11-27 17:00:00,6.92,6.92,6.92,6.92,26
522,178,2018-11-27 17:30:00,6.8824,6.8824,6.8824,6.8824,312
523,177,2018-11-27 18:00:00,6.88,6.88,6.88,6.88,190
524,176,2018-11-28 09:30:00,6.96,6.96,6.96,6.96,37
525,175,2018-11-28 10:00:00,7.2,7.2,6.88,7.1528,5406
526,174,2018-11-28 10:30:00,7.0784,7.0784,6.8,6.9112,300
527,173,2018-11-28 11:00:00,6.92,6.92,6.8,6.84,1119
528,172,2018-11-28 11:30:00,6.8344,6.8976,6.8126,6.892360000000001,1653
529,171,2018-11-28 12:00:00,6.9456,7.263999999999999,6.9432,7.256,9725
530,170,2018-11-28 12:30:00,7.256,7.256,6.8824,6.8863520000000005,2695
531,169,2018-11-28 13:00:00,7.0944,7.0944,6.6424,6.72,8652
532,168,2018-11-28 13:30:00,6.96,6.96,6.6584,6.932,662
533,167,2018-11-28 14:00:00,6.932,6.932,6.8,6.8,421
534,166,2018-11-28 14:30:00,6.8864,6.8864,6.8128,6.8128,686
535,165,2018-11-28 15:00:00,6.944,6.96,6.9048,6.9512,877
536,164,2018-11-28 15:30:00,6.96,6.96,6.942480000000001,6.96,1227
537,163,2018-11-28 16:00:00,6.96,6.96,6.8888,6.96,934
538,162,2018-11-28 19:30:00,7.04,7.04,7.04,7.04,112
539,161,2018-11-29 09:30:00,6.96,6.96,6.96,6.96,21
540,160,2018-11-29 10:00:00,6.823239999999999,6.9792,6.8008,6.9792,3675
541,159,2018-11-29 10:30:00,6.96,6.9792,6.96,6.96,1220
542,158,2018-11-29 11:00:00,6.96,6.9752,6.96,6.96,752
543,157,2018-11-29 11:30:00,6.9728,6.9728,6.888632,6.96,126
544,156,2018-11-29 12:00:00,6.96,6.9712,6.9272,6.9272,1110
545,155,2018-11-29 12:30:00,6.9592,6.96,6.88,6.88,179
546,154,2018-11-29 13:00:00,6.9336,6.96,6.8792,6.96,1037
547,153,2018-11-29 13:30:00,6.8856,6.96,6.8112,6.96,551
548,152,2018-11-29 14:00:00,6.806976,6.9352,6.803999999999999,6.835992,3067
549,151,2018-11-29 14:30:00,6.8384,6.8384,6.7224,6.7989679999999995,2269
550,150,2018-11-29 15:00:00,6.7992,6.8,6.792000000000001,6.792000000000001,852
551,149,2018-11-29 15:30:00,6.792000000000001,6.792000000000001,6.6424,6.716,1064
552,148,2018-11-29 16:00:00,6.6424,6.9584,6.5704,6.6776,1299
553,147,2018-11-30 10:00:00,6.64,6.96,6.64,6.648,1169
554,146,2018-11-30 10:30:00,6.7888,6.9368,6.64008,6.664439999999999,1559
555,145,2018-11-30 11:00:00,6.66948,6.704,6.64,6.648,1071
556,144,2018-11-30 11:30:00,6.648,6.6624,6.64,6.648,330
557,143,2018-11-30 12:00:00,6.648,6.6608,6.64,6.66,1597
558,142,2018-11-30 12:30:00,6.657719999999999,6.66,6.5632,6.652,351
559,141,2018-11-30 13:00:00,6.608,6.6592,6.5624,6.5624,120
560,140,2018-11-30 13:30:00,6.6024,6.6032,6.5608,6.5608,178
561,139,2018-11-30 14:00:00,6.6016,6.6032,6.5608,6.5944,391
562,138,2018-11-30 14:30:00,6.5608,6.66,6.5608,6.66,163
563,137,2018-11-30 15:00:00,6.5608,6.6608,6.5608,6.6608,282
564,136,2018-11-30 15:30:00,6.6032,6.6032,6.5608,6.5608,333
565,135,2018-11-30 16:00:00,6.56,6.6024,6.56,6.5608,574
566,134,2018-11-30 20:00:00,7.76,7.76,7.76,7.76,12
567,133,2018-12-03 10:00:00,6.72,6.8464,6.6408,6.6864,1073
568,132,2018-12-03 10:30:00,6.84,6.84,6.56,6.56,5101
569,131,2018-12-03 11:00:00,6.552312000000001,6.55912,6.406496,6.4168,730
570,130,2018-12-03 11:30:00,6.48,6.6384,6.48,6.5968,3286
571,129,2018-12-03 12:00:00,6.5608,6.6336,6.56,6.56,509
572,128,2018-12-03 12:30:00,6.5968,6.5968,6.3608,6.3704,3353
573,127,2018-12-03 13:00:00,6.367568,6.3712,6.1624,6.365744,1290
574,126,2018-12-03 13:30:00,6.3704,6.4,6.3704,6.394944000000001,392
575,125,2018-12-03 14:00:00,6.3992,6.3992,6.352,6.352,77
576,124,2018-12-03 14:30:00,6.3696,6.4,6.327319999999999,6.3992,275
577,123,2018-12-03 15:00:00,6.392,6.392,6.3712,6.3712,36
578,122,2018-12-03 15:30:00,6.3712,6.4,6.3712,6.3712,721
579,121,2018-12-03 16:00:00,6.3808,6.4,6.32,6.32,2942
580,120,2018-12-03 16:30:00,6.32,6.32,6.32,6.32,12
581,119,2018-12-04 09:30:00,6.32,6.32,6.08,6.08,238
582,118,2018-12-04 10:00:00,6.16,6.32,6.16,6.1996,1160
583,117,2018-12-04 10:30:00,6.2392,6.2392,6.16,6.171880000000001,1977
584,116,2018-12-04 11:00:00,6.160080000000001,6.2384,6.16,6.16,720
585,115,2018-12-04 11:30:00,6.2368,6.2368,6.16,6.2312,701
586,114,2018-12-04 12:00:00,6.1608,6.392,6.1608,6.392,1323
587,113,2018-12-04 12:30:00,6.392,6.392,6.3318080000000005,6.3728,426
588,112,2018-12-04 13:00:00,6.3984,6.3984,6.24008,6.24008,793
589,111,2018-12-04 13:30:00,6.3192,6.3192,6.3176,6.3176,38
590,110,2018-12-04 14:00:00,6.316,6.3592,6.316,6.3592,905
591,109,2018-12-04 14:30:00,6.32,6.3584,6.32,6.32,4170
592,108,2018-12-04 15:00:00,6.3472,6.36,6.3472,6.36,257
593,107,2018-12-04 15:30:00,6.36,6.4,6.26604,6.269176,396
594,106,2018-12-04 16:00:00,6.36,6.36,6.16,6.3392,2715
595,105,2018-12-06 10:00:00,6.4,6.4,6.0,6.0,3495
596,104,2018-12-06 10:30:00,6.0197519999999995,6.0392,5.84,5.896,2618
597,103,2018-12-06 11:00:00,5.9192,5.9192,5.84,5.84,1835
598,102,2018-12-06 11:30:00,5.84,5.8592,5.84,5.84,190
599,101,2018-12-06 12:00:00,5.84,5.8792,5.84,5.8424,309
600,100,2018-12-06 12:30:00,5.8776,5.912000000000001,5.84,5.8904,1043
601,99,2018-12-06 13:00:00,5.9104,5.9112,5.8416,5.8464,777
602,98,2018-12-06 13:30:00,5.8416,5.9104,5.8416,5.9104,428
603,97,2018-12-06 14:00:00,5.8672,5.9104,5.84,5.8448,190
604,96,2018-12-06 14:30:00,5.8856,5.9079999999999995,5.84,5.84,611
605,95,2018-12-06 15:00:00,5.8408,5.9056,5.84,5.9056,1125
606,94,2018-12-06 15:30:00,5.8448,5.9112,5.84,5.9104,1735
607,93,2018-12-06 16:00:00,5.9112,5.9136,5.88,5.88,1661
608,92,2018-12-06 16:30:00,5.9,5.9,5.9,5.9,26
609,91,2018-12-06 18:00:00,5.84,5.84,5.84,5.84,125
610,90,2018-12-07 07:30:00,5.7624,5.7624,5.6824,5.6824,25
611,89,2018-12-07 09:00:00,5.66,5.66,5.66,5.66,281
612,88,2018-12-07 09:30:00,5.6301760000000005,5.66,5.628904,5.66,125
613,87,2018-12-07 10:00:00,5.6952,5.9296,5.4496,5.76,1386
614,86,2018-12-07 10:30:00,5.752376,6.0,5.72,6.0,4823
615,85,2018-12-07 11:00:00,5.84,5.8576,5.84,5.8576,2725
616,84,2018-12-07 11:30:00,5.8824,5.8824,5.8,5.8824,62
617,83,2018-12-07 12:00:00,5.84,6.0,5.8,5.97,808
618,82,2018-12-07 12:30:00,5.92,5.9976,5.8,5.84,470
619,81,2018-12-07 13:00:00,5.9976,5.9976,5.84,5.993512,241
620,80,2018-12-07 13:30:00,5.9968,5.9968,5.92,5.927072,883
621,79,2018-12-07 14:00:00,5.92,5.982559999999999,5.92,5.9272,46
622,78,2018-12-07 14:30:00,5.92,5.92,5.92,5.92,25
623,77,2018-12-07 15:00:00,5.992000000000001,5.992000000000001,5.92,5.92,287
624,76,2018-12-07 15:30:00,5.9912,5.9912,5.92,5.92,50
625,75,2018-12-07 16:00:00,5.9992,5.9992,5.856,5.856,371
626,74,2018-12-07 17:30:00,5.9728,5.9728,5.9728,5.9728,162
627,73,2018-12-10 09:00:00,6.36,6.5712,6.36,6.5704,1375
628,72,2018-12-10 09:30:00,6.4,6.4,6.16,6.28,541
629,71,2018-12-10 10:00:00,6.2112,6.2112,5.84,5.84,6534
630,70,2018-12-10 10:30:00,5.84,5.9176,5.84,5.84,1100
631,69,2018-12-10 11:00:00,5.84,6.0,5.84,5.8416,2609
632,68,2018-12-10 11:30:00,5.8416,5.9992,5.8416,5.8448,710
633,67,2018-12-10 12:00:00,5.8448,5.9208,5.843999999999999,5.843999999999999,481
634,66,2018-12-10 12:30:00,5.843999999999999,5.9192,5.84,5.84,623
635,65,2018-12-10 13:00:00,5.913792,5.913792,5.84,5.84,1264
636,64,2018-12-10 13:30:00,5.912000000000001,5.912000000000001,5.84,5.84,628
637,63,2018-12-10 14:00:00,5.84,5.9088,5.84,5.84,250
638,62,2018-12-10 14:30:00,5.84,5.9072,5.84,5.904,1445
639,61,2018-12-10 15:00:00,5.92,6.0,5.92,5.92,418
640,60,2018-12-10 15:30:00,5.92,5.9928,5.92,5.92,383
641,59,2018-12-10 16:00:00,5.92,5.9848,5.8408,5.8416,1064
642,58,2018-12-10 16:30:00,6.0,6.0,6.0,6.0,37
643,57,2018-12-10 17:00:00,6.0,6.0,6.0,6.0,12
644,56,2018-12-11 09:30:00,5.84,5.84,5.84,5.84,25
645,55,2018-12-11 10:00:00,6.0752,6.1664,5.8648,5.8648,2457
646,54,2018-12-11 10:30:00,5.8648,5.912000000000001,5.4832,5.5992,5880
647,53,2018-12-11 11:00:00,5.5664,5.5944,5.56,5.5944,696
648,52,2018-12-11 11:30:00,5.56536,5.5904,5.56536,5.5816,497
649,51,2018-12-11 12:00:00,5.586088,5.6,5.5832,5.5992,1637
650,50,2018-12-11 12:30:00,5.6,5.715984,5.5992,5.6,2036
651,49,2018-12-11 13:00:00,5.6008,5.6592,5.6008,5.6024,412
652,48,2018-12-11 13:30:00,5.6,5.6192,5.52008,5.52008,570
653,47,2018-12-11 14:00:00,5.52,5.7952,5.52,5.6544,1917
654,46,2018-12-11 14:30:00,5.640352,5.7032,5.52,5.52,1407
655,45,2018-12-11 15:00:00,5.5592,5.5992,5.52,5.52,472
656,44,2018-12-11 15:30:00,5.52,5.8648,5.52,5.6816,1365
657,43,2018-12-11 16:00:00,5.6816,5.8352,5.68,5.68,1489
658,42,2018-12-12 09:30:00,5.623808,5.623808,5.623808,5.623808,79
659,41,2018-12-12 10:00:00,5.6,5.92,5.6,5.92,631
660,40,2018-12-12 10:30:00,5.9192,5.92,5.7688239999999995,5.7688239999999995,75
661,39,2018-12-12 11:00:00,5.912000000000001,5.912000000000001,5.6814800000000005,5.8832,1366
662,38,2018-12-12 11:30:00,5.84,5.9112,5.84,5.9112,1284
663,37,2018-12-12 12:00:00,5.9112,5.9112,5.7088,5.7088,275
664,36,2018-12-12 12:30:00,5.8024,5.8024,5.8024,5.8024,14
665,35,2018-12-12 13:00:00,5.912000000000001,5.912000000000001,5.8016,5.8016,491
666,34,2018-12-12 13:30:00,5.8016,5.8856,5.68,5.68,1021
667,33,2018-12-12 14:00:00,5.68,5.68,5.6,5.6,1113
668,32,2018-12-12 14:30:00,5.6,5.84,5.6,5.608,1557
669,31,2018-12-12 15:00:00,5.6,5.6,5.6,5.6,1212
670,30,2018-12-12 15:30:00,5.7192,5.8816,5.6,5.612,13844
671,29,2018-12-12 16:00:00,5.8792,5.88,5.612,5.612,509
672,28,2018-12-12 16:30:00,5.612,5.707999999999999,5.612,5.707999999999999,210
673,27,2018-12-12 17:30:00,5.612,5.612,5.612,5.612,30
674,26,2018-12-13 10:00:00,5.52,5.6,5.52,5.52,1547
675,25,2018-12-13 10:30:00,5.52,5.9096,5.52,5.5344,6186
676,24,2018-12-13 11:00:00,5.5256,5.68,5.52,5.5288,723
677,23,2018-12-13 11:30:00,5.572792,5.6,5.5288,5.6,412
678,22,2018-12-13 12:00:00,5.6,5.76,5.6,5.68,2025
679,21,2018-12-13 12:30:00,5.68,5.8848,5.68,5.6968,675
680,20,2018-12-13 13:00:00,5.6968,5.88,5.6968,5.76,525
681,19,2018-12-13 13:30:00,5.76,5.814592,5.6,5.6,1237
682,18,2018-12-13 14:00:00,5.6,5.6192,5.556,5.556,908
683,17,2018-12-13 14:30:00,5.556,5.812,5.52,5.52,6742
684,16,2018-12-13 15:00:00,5.9088,5.9088,5.52088,5.68,976
685,15,2018-12-13 15:30:00,5.8376,5.84,5.8376,5.84,466
686,14,2018-12-13 16:00:00,5.84,5.9079999999999995,5.84,5.8502,1704
687,13,2018-12-13 18:00:00,5.84,5.84,5.84,5.84,317
688,12,2018-12-14 10:00:00,5.7944,5.7944,5.44,5.4408,814
689,11,2018-12-14 10:30:00,5.4408,5.6,5.44,5.44,1280
690,10,2018-12-14 11:00:00,5.44,5.59572,5.44,5.44,906
691,9,2018-12-14 11:30:00,5.44,5.4672,5.28,5.28,6025
692,8,2018-12-14 12:00:00,5.28,5.3592,5.203944,5.203944,2532
693,7,2018-12-14 12:30:00,5.2024,5.23304,5.12708,5.1592,1930
694,6,2018-12-14 13:00:00,5.148,5.1688,5.1224,5.1688,368
695,5,2018-12-14 13:30:00,5.1976,5.1992,5.12,5.131768,407
696,4,2018-12-14 14:00:00,5.1984,5.2,5.12,5.2,1833
697,3,2018-12-14 14:30:00,5.2,5.2,5.0712,5.12,212
698,2,2018-12-14 15:00:00,5.1992,5.2,5.12,5.1992,181
699,1,2018-12-14 15:30:00,5.166568,5.1976,5.166568,5.1712,675
700,0,2018-12-14 16:00:00,5.13336,5.1992,5.12,5.1368,345
701,212,2018-12-17 09:30:00,5.1368,5.1368,5.1368,5.1368,12
702,211,2018-12-17 10:00:00,5.2,5.52,4.96,4.96,3631
703,210,2018-12-17 10:30:00,4.96,5.0392,4.88,4.88,1388
704,209,2018-12-17 11:00:00,4.88,4.9592,4.8,4.9592,13508
705,208,2018-12-17 11:30:00,4.88,4.9592,4.88,4.8808,3804
706,207,2018-12-17 12:00:00,4.8808,5.04,4.8808,5.04,2150
707,206,2018-12-17 12:30:00,4.8984,5.04,4.88,5.0384,934
708,205,2018-12-17 13:00:00,4.888,5.04,4.888,4.96,958
709,204,2018-12-17 13:30:00,4.96,5.0360000000000005,4.96,5.0352,2047
710,203,2018-12-17 14:00:00,4.96,5.0360000000000005,4.96,5.0312,828
711,202,2018-12-17 14:30:00,4.9696,5.0312,4.9688,5.0272,992
712,201,2018-12-17 15:00:00,4.9688,5.28,4.9688,5.1432,7343
713,200,2018-12-17 15:30:00,5.0256,5.2768,5.0256,5.18,1733
714,199,2018-12-17 16:00:00,5.2392,5.84,5.1416,5.4896,2563
715,198,2018-12-18 10:00:00,5.36,5.5184,4.816,4.816,19530
716,197,2018-12-18 10:30:00,4.9248,5.1176,4.816,4.8208,4830
717,196,2018-12-18 11:00:00,4.84,5.12,4.84,5.1016,1815
718,195,2018-12-18 11:30:00,4.92,4.96,4.816,4.88,1823
719,194,2018-12-18 12:00:00,4.88,4.948,4.8,4.8,5654
720,193,2018-12-18 12:30:00,4.8,4.8192,4.8,4.8,858
721,192,2018-12-18 13:00:00,4.8,4.8008,4.8,4.8,765
722,191,2018-12-18 13:30:00,4.8008,4.8792,4.68,4.704,3827
723,190,2018-12-18 14:00:00,4.7024,4.7024,4.68,4.68,985
724,189,2018-12-18 14:30:00,4.7024,4.84264,4.64,4.84264,1635
725,188,2018-12-18 15:00:00,4.768,4.768,4.6,4.6064,4197
726,187,2018-12-18 15:30:00,4.6048,4.60572,4.24,4.5832,14225
727,186,2018-12-18 16:00:00,4.5696,4.709304,4.4639999999999995,4.4639999999999995,7545
728,185,2018-12-18 18:00:00,4.56,4.56,4.2016,4.2016,250
729,184,2018-12-19 09:30:00,4.24,4.24,4.24,4.24,12
730,183,2018-12-19 10:00:00,4.16,4.8,4.16,4.8,2041
731,182,2018-12-19 10:30:00,4.7192,4.72,4.7192,4.72,100
732,181,2018-12-19 11:00:00,4.628,4.72,4.628,4.72,99
733,180,2018-12-19 11:30:00,4.56,4.56,4.56,4.56,125
734,179,2018-12-19 12:00:00,4.5608,4.7192,4.5608,4.7192,75
735,178,2018-12-19 12:30:00,4.56,4.6056,4.56,4.6056,375
736,177,2018-12-19 13:00:00,4.6384,4.8,4.5992,4.8,1888
737,176,2018-12-19 13:30:00,4.8,4.8,4.7992,4.7992,269
738,175,2018-12-19 14:00:00,4.8,4.8,4.8,4.8,37
739,174,2018-12-19 14:30:00,4.8,4.8,4.8,4.8,26
740,173,2018-12-19 15:00:00,4.584,4.7992,4.584,4.7992,169
741,172,2018-12-19 15:30:00,4.60968,4.72,4.60968,4.72,998
742,171,2018-12-19 16:00:00,4.7984,4.8,4.72,4.7208,2644
743,170,2018-12-20 10:00:00,4.8,4.8792,4.4784,4.4784,630
744,169,2018-12-20 10:30:00,4.4568,4.4568,4.4568,4.4568,156
745,168,2018-12-20 11:00:00,4.4392,4.8,4.4,4.704,14344
746,167,2018-12-20 11:30:00,4.704,4.7992,4.704,4.704,2805
747,166,2018-12-20 12:00:00,4.704,4.8,4.704,4.704,717
748,165,2018-12-20 12:30:00,4.704,4.7984,4.5008,4.56,940
749,164,2018-12-20 13:00:00,4.56,4.56,4.4,4.4792,1287
750,163,2018-12-20 13:30:00,4.4392,4.48,4.3984,4.48,1176
751,162,2018-12-20 14:30:00,4.4,4.475152,4.4,4.4,692
752,161,2018-12-20 15:00:00,4.4224,4.477456,4.32,4.412,2569
753,160,2018-12-20 15:30:00,4.72,4.72,4.72,4.72,37
754,159,2018-12-20 16:00:00,4.474536,4.72,4.4232,4.72,278
755,158,2018-12-21 10:00:00,4.72,4.72,4.72,4.72,137
756,157,2018-12-21 10:30:00,4.5280000000000005,4.8,4.336,4.4319999999999995,1689
757,156,2018-12-21 11:00:00,4.352,4.712,4.352,4.4,1575
758,155,2018-12-21 11:30:00,4.4,4.544,4.4,4.544,1459
759,154,2018-12-21 12:00:00,4.48,4.48,4.24,4.24,2302
760,153,2018-12-21 12:30:00,4.245328,4.5424,4.245328,4.5424,200
761,152,2018-12-21 13:00:00,4.24,4.544,4.24,4.544,475
762,151,2018-12-21 13:30:00,4.5216,4.544,4.4016,4.4016,231
763,150,2018-12-21 14:00:00,4.5256,4.5256,4.5256,4.5256,12
764,149,2018-12-21 14:30:00,4.4,4.4104,4.4,4.4104,1688
765,148,2018-12-21 15:30:00,4.512,4.5760000000000005,4.512,4.5760000000000005,908
766,147,2018-12-21 16:00:00,4.4952,4.5112,4.48,4.4944,395
767,146,2018-12-24 10:00:00,4.16,4.56,4.16,4.56,1077
768,145,2018-12-24 10:30:00,4.4,4.556,4.4,4.556,62
769,144,2018-12-24 11:00:00,4.2616,4.2616,4.2616,4.2616,375
770,143,2018-12-24 11:30:00,4.56,4.56,4.32,4.408,172
771,142,2018-12-24 12:30:00,4.4977599999999995,4.56,4.32,4.5592,1138
772,141,2018-12-24 13:00:00,4.5592,4.5592,4.2568,4.2568,32
773,140,2018-12-26 10:00:00,4.16,4.3792,4.0016,4.032,7532
774,139,2018-12-26 10:30:00,4.4,4.4,4.1936,4.1936,145
775,138,2018-12-26 11:00:00,4.353280000000001,4.4,4.263999999999999,4.263999999999999,150
776,137,2018-12-26 11:30:00,4.32,4.32,4.244,4.244,625
777,136,2018-12-26 12:00:00,4.2656,4.4568,4.244,4.3904,906
778,135,2018-12-26 12:30:00,4.4344,4.4344,4.244,4.244,1865
779,134,2018-12-26 13:30:00,4.316,4.316,4.244,4.244,312
780,133,2018-12-26 14:00:00,4.3152,4.456,4.2464,4.2464,2689
781,132,2018-12-26 14:30:00,4.3296,4.3296,4.3296,4.3296,211
782,131,2018-12-26 15:00:00,4.456,4.456,4.456,4.456,25
783,130,2018-12-26 15:30:00,4.4552,4.5384,4.3784,4.5384,9187
784,129,2018-12-26 16:00:00,4.5592,4.72,4.5592,4.6952,2395
785,128,2018-12-26 16:30:00,4.6664,4.6664,4.6664,4.6664,18
786,127,2018-12-27 10:00:00,4.72,4.72,4.64096,4.72,688
787,126,2018-12-27 10:30:00,4.70744,4.72,4.70744,4.72,1316
788,125,2018-12-27 11:00:00,4.6504080000000005,4.6504080000000005,4.4,4.4,1135
789,124,2018-12-27 12:00:00,4.56,4.704064,4.4336,4.4792,2734
790,123,2018-12-27 12:30:00,4.4488,4.5376,4.4,4.4,3221
791,122,2018-12-27 13:00:00,4.3416,4.3416,4.3416,4.3416,25
792,121,2018-12-27 13:30:00,4.3992,4.4,4.3208,4.3584,7892
793,120,2018-12-27 14:00:00,4.3908,4.3908,4.2712,4.2712,275
794,119,2018-12-27 14:30:00,4.4,4.4,4.3304,4.4,2137
795,118,2018-12-27 15:00:00,4.32,4.32,4.16,4.2312,12401
796,117,2018-12-27 15:30:00,4.22,4.24,4.22,4.2392,6325
797,116,2018-12-27 16:00:00,4.24,4.6392,4.2392,4.6392,9992
798,115,2018-12-28 10:00:00,4.64,5.2,4.6392,5.2,2836
799,114,2018-12-28 10:30:00,4.8,5.1992,4.8,5.1992,2019
800,113,2018-12-28 11:00:00,5.2,5.2,4.9848,5.04,348
801,112,2018-12-28 11:30:00,5.2,5.6,5.2,5.5608,2259
802,111,2018-12-28 12:00:00,5.6,5.76,5.4648,5.76,746
803,110,2018-12-28 12:30:00,5.892,5.892,5.627999999999999,5.627999999999999,387
804,109,2018-12-28 13:30:00,5.4696,5.5192,5.4696,5.5192,603
805,108,2018-12-28 14:00:00,5.5208,5.6,5.4576,5.52,700
806,107,2018-12-28 15:00:00,5.5984,5.5984,5.481032,5.52,187
807,106,2018-12-28 15:30:00,5.5192,5.5192,5.44,5.44,301
808,105,2018-12-28 16:00:00,5.44,5.44,5.2808,5.2808,554
809,104,2018-12-31 10:00:00,5.6576,5.6576,4.9856,5.12,1487
810,103,2018-12-31 10:30:00,5.12,5.36,5.12,5.36,490
811,102,2018-12-31 11:00:00,5.12,5.28,4.96,4.9616,8885
812,101,2018-12-31 11:30:00,4.968,5.28,4.968,5.24,805
813,100,2018-12-31 12:00:00,5.12,5.36,5.12,5.2,289
814,99,2018-12-31 12:30:00,5.28,5.28,5.2,5.2,50
815,98,2018-12-31 13:00:00,5.28,5.3592,5.2,5.2,246
816,97,2018-12-31 13:30:00,5.24,5.24,5.0912,5.0912,712
817,96,2018-12-31 14:30:00,5.12,5.12,5.12,5.12,81
818,95,2018-12-31 15:30:00,5.2,5.2,5.2,5.2,1625
819,94,2018-12-31 16:00:00,5.1592,5.1592,4.96,4.96,519
820,93,2018-12-31 16:30:00,4.96,4.96,4.96,4.96,179
821,92,2018-12-31 17:00:00,4.88,4.88,4.88,4.88,93
822,91,2019-01-02 10:00:00,5.1584,5.336,4.774984,4.774984,610
823,90,2019-01-02 10:30:00,4.656000000000001,4.68,4.656000000000001,4.68,231
824,89,2019-01-02 11:00:00,5.056,5.056,4.8208,5.04,1326
825,88,2019-01-02 11:30:00,5.04,5.056,5.04,5.04,1132
826,87,2019-01-02 12:00:00,5.04,5.2536,4.8888,5.04,10463
827,86,2019-01-02 12:30:00,5.04,5.3592,5.04,5.04,1352
828,85,2019-01-02 13:00:00,5.04,5.3904,5.04,5.2176,736
829,84,2019-01-02 13:30:00,5.2176,5.432,5.2168,5.2192,624
830,83,2019-01-02 14:00:00,5.2192,5.432,5.2,5.28,851
831,82,2019-01-02 14:30:00,5.432,5.52,5.2,5.2,898
832,81,2019-01-02 15:00:00,5.2,5.5992,5.2,5.2,479
833,80,2019-01-02 15:30:00,5.2,5.504,5.12,5.1208,949
834,79,2019-01-02 16:00:00,5.4712,5.4879999999999995,5.4639999999999995,5.4792,524
835,78,2019-01-03 04:30:00,5.5608,5.5608,5.5608,5.5608,12
836,77,2019-01-03 10:00:00,5.6,5.6,5.52,5.52,335
837,76,2019-01-03 10:30:00,5.5432,5.5432,5.2432,5.2432,337
838,75,2019-01-03 11:00:00,5.2516,5.544,5.2,5.2392,587
839,74,2019-01-03 11:30:00,5.36,5.36,5.36,5.36,13
840,73,2019-01-03 12:00:00,5.496,5.5360000000000005,5.44,5.5360000000000005,943
841,72,2019-01-03 13:00:00,5.45188,5.45188,5.32,5.3608,215
842,71,2019-01-03 13:30:00,5.52,5.52,5.3624,5.3624,325
843,70,2019-01-03 14:00:00,5.496512,5.496512,5.364,5.364,92
844,69,2019-01-03 14:30:00,5.49644,5.49644,5.4912,5.4912,25
845,68,2019-01-03 15:30:00,5.4,5.479191999999999,5.4,5.4,819
846,67,2019-01-03 16:00:00,5.4,5.4,5.364,5.364,62
847,66,2019-01-04 10:00:00,5.36,5.496,5.36,5.496,2463
848,65,2019-01-04 10:30:00,5.2008,5.2008,5.2008,5.2008,28
849,64,2019-01-04 11:00:00,5.44,5.4608,5.2168,5.2168,75
850,63,2019-01-04 11:30:00,5.5192,5.84,5.5192,5.84,380
851,62,2019-01-04 12:00:00,5.84,5.84,5.7984,5.7984,450
852,61,2019-01-04 12:30:00,5.7624,5.803999999999999,5.7624,5.803999999999999,323
853,60,2019-01-04 13:00:00,5.84,5.84,5.84,5.84,125
854,59,2019-01-04 13:30:00,5.72,5.72,5.6016,5.6336,1193
855,58,2019-01-04 14:00:00,5.7088,5.7088,5.7088,5.7088,332
856,57,2019-01-04 15:00:00,5.7392,5.7392,5.6,5.6,559
857,56,2019-01-04 15:30:00,5.6,5.6,5.6,5.6,125
858,55,2019-01-04 16:00:00,5.7992,5.7992,5.752000000000001,5.7976,182
859,54,2019-01-04 16:30:00,5.84,5.84,5.84,5.84,40
860,53,2019-01-07 10:00:00,5.6,5.6,5.2832,5.2832,196
861,52,2019-01-07 10:30:00,5.6,5.6,5.6,5.6,25
862,51,2019-01-07 11:00:00,5.6,5.6,5.4648,5.4648,33
863,50,2019-01-07 11:30:00,5.53268,5.6432,5.53268,5.6432,717
864,49,2019-01-07 12:00:00,5.7104,5.9952,5.7104,5.93536,837
865,48,2019-01-07 12:30:00,5.76,5.76,5.76,5.76,93
866,47,2019-01-07 13:00:00,5.784656,5.84,5.76,5.84,200
867,46,2019-01-07 13:30:00,6.08,6.08,6.08,6.08,25
868,45,2019-01-07 14:00:00,5.76,5.9712,5.76,5.960152,1212
869,44,2019-01-07 15:30:00,5.92,5.92,5.92,5.92,25
870,43,2019-01-07 16:00:00,5.92,5.92,5.92,5.92,71
871,42,2019-01-08 10:00:00,5.92,5.9992,5.92,5.9992,750
872,41,2019-01-08 10:30:00,6.0,6.0,5.9216,5.942864,834
873,40,2019-01-08 11:00:00,5.9672,5.9672,5.6624,5.84,2752
874,39,2019-01-08 11:30:00,5.6304,5.7336,5.6304,5.7336,1426
875,38,2019-01-08 12:30:00,5.6832,5.720008,5.68,5.68,2456
876,37,2019-01-08 13:00:00,5.68,5.9992,5.68,5.9992,906
877,36,2019-01-08 13:30:00,5.66804,5.9992,5.66804,5.9992,37
878,35,2019-01-08 15:00:00,5.76,5.92,5.68,5.92,148
879,34,2019-01-08 15:30:00,5.84,6.0,5.84,6.0,612
880,33,2019-01-08 16:00:00,6.0,6.0,6.0,6.0,50
881,32,2019-01-08 18:00:00,6.007999999999999,6.007999999999999,6.007999999999999,6.007999999999999,12
882,31,2019-01-09 09:00:00,5.3992,5.3992,5.3992,5.3992,18
883,30,2019-01-09 10:00:00,5.76,5.76,5.4408,5.76,118
884,29,2019-01-09 10:30:00,5.68,5.68,5.68,5.68,89
885,28,2019-01-09 11:00:00,5.76,6.011944000000001,5.76,6.011944000000001,1211
886,27,2019-01-09 11:30:00,6.084,6.084,6.0,6.072,1376
887,26,2019-01-09 12:30:00,6.20424,6.20424,6.20424,6.20424,12
888,25,2019-01-09 13:00:00,6.24,6.24,6.24,6.24,12
889,24,2019-01-09 13:30:00,6.2,6.2,6.0016,6.04,433
890,23,2019-01-09 14:00:00,6.016,6.04,6.004,6.004,84
891,22,2019-01-09 15:00:00,6.16,6.16,6.16,6.16,12
892,21,2019-01-09 15:30:00,6.16,6.16,6.16,6.16,25
893,20,2019-01-09 16:00:00,6.16,6.16,6.0496,6.0496,102
894,19,2019-01-09 16:30:00,6.0520000000000005,6.0520000000000005,6.0520000000000005,6.0520000000000005,19
895,18,2019-01-09 17:00:00,6.0496,6.0496,6.0496,6.0496,25
896,17,2019-01-10 10:00:00,6.08,6.1592,6.08,6.1592,582
897,16,2019-01-10 12:30:00,6.08,6.2384,6.08,6.2384,201
898,15,2019-01-10 13:00:00,6.2368,6.2392,6.07156,6.07156,262
899,14,2019-01-10 13:30:00,6.2392,6.24,6.2392,6.24,146
900,13,2019-01-10 14:00:00,6.24,6.24,6.24,6.24,50
901,12,2019-01-10 14:30:00,6.24,6.24,6.24,6.24,12
902,11,2019-01-10 15:00:00,6.24,6.24,6.24,6.24,12
903,10,2019-01-10 15:30:00,6.24,6.32,6.2104,6.32,303
904,9,2019-01-10 16:00:00,6.32,6.32,6.247999999999999,6.247999999999999,37
905,8,2019-01-10 17:00:00,6.32,6.32,6.32,6.32,31
906,7,2019-01-11 10:00:00,6.32,6.32,5.93628,6.0416,380
907,6,2019-01-11 10:30:00,6.32,6.32,6.32,6.32,12
908,5,2019-01-11 13:30:00,6.16,6.28,5.856,5.992000000000001,1660
909,4,2019-01-11 14:00:00,5.9196,6.2792,5.76,6.207999999999999,3281
910,3,2019-01-11 14:30:00,5.872000000000001,5.9864,5.872000000000001,5.8728,650
911,2,2019-01-11 15:00:00,6.207999999999999,6.207999999999999,5.8896,5.8896,119
912,1,2019-01-11 15:30:00,6.1464,6.3192,6.1464,6.3192,3239
913,0,2019-01-11 16:00:00,6.3192,6.3192,5.9896,6.0032,1128
914,220,2019-01-14 10:00:00,6.24,6.24,6.24,6.24,719
915,219,2019-01-14 10:30:00,6.303999999999999,6.303999999999999,6.2416,6.303999999999999,112
916,218,2019-01-14 11:00:00,6.303999999999999,6.303999999999999,6.24,6.24,3718
917,217,2019-01-14 11:30:00,6.303999999999999,6.303999999999999,6.1696,6.2136,201
918,216,2019-01-14 12:00:00,6.2136,6.2136,6.2136,6.2136,25
919,215,2019-01-14 12:30:00,6.224,6.303999999999999,6.2136,6.303999999999999,200
920,214,2019-01-14 13:00:00,6.303999999999999,6.303999999999999,6.303999999999999,6.303999999999999,12
921,213,2019-01-14 13:30:00,6.303999999999999,6.303999999999999,6.224,6.224,50
922,212,2019-01-14 14:00:00,6.2704,6.303999999999999,6.224,6.303999999999999,218
923,211,2019-01-14 14:30:00,6.303999999999999,6.303999999999999,6.22444,6.22444,72
924,210,2019-01-14 15:00:00,6.303999999999999,6.303999999999999,6.22444,6.303999999999999,87
925,209,2019-01-14 15:30:00,6.303999999999999,6.303999999999999,6.303999999999999,6.303999999999999,37
926,208,2019-01-14 16:00:00,6.2104,6.32,6.2104,6.32,211
927,207,2019-01-14 18:00:00,6.56,6.56,6.56,6.56,83
928,206,2019-01-15 09:30:00,6.4736,6.4736,6.4736,6.4736,37
929,205,2019-01-15 10:00:00,6.32,6.32,6.048648,6.0922,326
930,204,2019-01-15 10:30:00,6.0922,6.2907839999999995,5.84,5.8424,688
931,203,2019-01-15 11:00:00,5.88,6.303999999999999,5.8584,5.95348,262
932,202,2019-01-15 11:30:00,5.892,5.892,5.892,5.892,119
933,201,2019-01-15 12:30:00,6.316,6.316,6.316,6.316,12
934,200,2019-01-15 13:00:00,6.018759999999999,6.018759999999999,6.018759999999999,6.018759999999999,50
935,199,2019-01-15 13:30:00,6.2984,6.2984,6.2984,6.2984,12
936,198,2019-01-15 14:30:00,6.3032,6.3032,6.016,6.016,137
937,197,2019-01-15 15:30:00,6.32,6.32,6.32,6.32,12
938,196,2019-01-15 16:00:00,6.3024,6.32,6.1408,6.32,378
939,195,2019-01-16 10:00:00,6.32,6.4,6.32,6.4,378
940,194,2019-01-16 10:30:00,6.4,6.4,6.33336,6.4,508
941,193,2019-01-16 11:00:00,6.4,6.4,6.4,6.4,37
942,192,2019-01-16 11:30:00,6.36,6.3976,6.36,6.3976,641
943,191,2019-01-16 12:00:00,6.356616000000001,6.3992,6.356616000000001,6.3992,62
944,190,2019-01-16 12:30:00,6.3992,6.3992,6.336,6.336,62
945,189,2019-01-16 13:00:00,6.3992,6.3992,6.3992,6.3992,50
946,188,2019-01-16 13:30:00,6.3328,6.356,6.3328,6.3544,250
947,187,2019-01-16 14:00:00,6.3328,6.3984,6.32,6.3984,112
948,186,2019-01-16 14:30:00,6.3992,6.3992,6.3992,6.3992,12
949,185,2019-01-16 15:30:00,6.3264,6.392,6.3256,6.392,237
950,184,2019-01-16 16:00:00,6.4,6.4,6.3912,6.4,100
951,183,2019-01-17 10:00:00,6.4,6.4,6.33216,6.33216,119
952,182,2019-01-17 10:30:00,6.329832,6.392,6.329832,6.392,299
953,181,2019-01-17 11:00:00,6.392,6.392,6.392,6.392,93
954,180,2019-01-17 11:30:00,6.392,6.3992,6.392,6.3992,50
955,179,2019-01-17 12:00:00,6.3264,6.3264,6.3264,6.3264,478
956,178,2019-01-17 12:30:00,6.392,6.392,6.3288,6.376,129
957,177,2019-01-17 13:00:00,6.376,6.376,6.376,6.376,50
958,176,2019-01-17 14:00:00,6.376,6.376,6.376,6.376,12
959,175,2019-01-17 14:30:00,6.376,6.376,6.376,6.376,843
960,174,2019-01-17 15:00:00,6.36,6.376,6.32,6.32,200
961,173,2019-01-17 15:30:00,6.338264,6.376,6.338264,6.376,312
962,172,2019-01-17 16:00:00,6.3752,6.376,6.3752,6.376,158
963,171,2019-01-18 10:00:00,6.32,6.4,6.32,6.3528,589
964,170,2019-01-18 10:30:00,6.4,6.56,6.3216,6.5224,10190
965,169,2019-01-18 12:00:00,6.5376,7.0392,6.5376,7.0392,3492
966,168,2019-01-18 12:30:00,6.9688,7.04,6.803999999999999,6.803999999999999,663
967,167,2019-01-18 13:00:00,6.803999999999999,6.803999999999999,6.803999999999999,6.803999999999999,12
968,166,2019-01-18 13:30:00,6.820848,6.820848,6.820848,6.820848,62
969,165,2019-01-18 14:00:00,6.9584,6.9584,6.907472,6.92,396
970,164,2019-01-18 14:30:00,6.9192,6.92,6.8048,6.92,112
971,163,2019-01-18 15:00:00,6.9168,6.92,6.8248,6.92,624
972,162,2019-01-18 15:30:00,6.808,6.92,6.808,6.88,132
973,161,2019-01-18 16:00:00,6.8792,6.88,6.8792,6.88,129
974,160,2019-01-22 10:00:00,7.04,7.04,6.6752,6.6752,75
975,159,2019-01-22 10:30:00,6.8792,6.8792,6.8792,6.8792,12
976,158,2019-01-22 11:30:00,6.705239999999999,6.8792,6.6744,6.707999999999999,112
977,157,2019-01-22 12:00:00,6.8,6.88,6.8,6.88,450
978,156,2019-01-22 12:30:00,6.652,6.6736,6.64,6.6736,916
979,155,2019-01-22 13:00:00,6.9592,6.9592,6.9592,6.9592,25
980,154,2019-01-22 13:30:00,6.9592,6.9592,6.64,6.64,37
981,153,2019-01-22 14:00:00,6.9592,6.9592,6.9592,6.9592,12
982,152,2019-01-22 14:30:00,6.9592,6.9592,6.9592,6.9592,375
983,151,2019-01-22 16:00:00,6.72,6.8448,6.68,6.8176,403
984,150,2019-01-23 10:00:00,6.728,6.8408,6.728,6.8408,31
985,149,2019-01-23 10:30:00,6.772088,7.04,6.72,7.04,345
986,148,2019-01-23 12:00:00,7.0392,7.0392,6.8,6.8,98
987,147,2019-01-23 12:30:00,6.8,6.8,6.56,6.56,889
988,146,2019-01-23 13:00:00,6.56,6.62,6.56,6.56,91
989,145,2019-01-23 13:30:00,6.888,6.9592,6.56,6.56,82
990,144,2019-01-23 15:00:00,6.888,6.888,6.888,6.888,15
991,143,2019-01-23 15:30:00,6.8352,6.8352,6.8352,6.8352,125
992,142,2019-01-23 16:00:00,6.56,6.56,6.48,6.48,619
993,141,2019-01-24 10:00:00,6.6736,6.6736,6.6736,6.6736,12
994,140,2019-01-24 11:00:00,6.64,6.64,6.64,6.64,126
995,139,2019-01-24 12:00:00,6.865760000000001,6.865760000000001,6.64,6.64,393
996,138,2019-01-24 14:30:00,6.904,6.904,6.904,6.904,12
997,137,2019-01-24 15:00:00,6.88,6.88,6.88,6.88,131
998,136,2019-01-25 10:00:00,6.64,6.8,6.352,6.352,594
999,135,2019-01-25 10:30:00,6.4,6.4,6.4,6.4,62
1000,134,2019-01-25 11:00:00,6.4808,6.4808,6.4,6.48,471
1001,133,2019-01-25 11:30:00,6.8,6.8,6.8,6.8,375
1002,132,2019-01-25 12:00:00,6.770072,6.8,6.6,6.6,182
1003,131,2019-01-25 12:30:00,6.8,6.8,6.4856,6.8,212
1004,130,2019-01-25 13:00:00,6.88,6.88,6.88,6.88,26
1005,129,2019-01-25 13:30:00,6.648,6.8384,6.5128,6.8384,338
1006,128,2019-01-25 14:30:00,6.4168,6.88,6.4168,6.88,127
1007,127,2019-01-25 15:00:00,6.5984,6.648,6.436,6.648,102
1008,126,2019-01-25 15:30:00,6.88,6.88,6.64,6.8,400
1009,125,2019-01-25 16:00:00,6.6416,6.96,6.6416,6.8,364
1010,124,2019-01-25 18:00:00,6.46,6.46,6.46,6.46,37
1011,123,2019-01-28 10:00:00,6.64,6.9264,6.64,6.9264,54
1012,122,2019-01-28 10:30:00,6.84,6.84,6.64,6.695167999999999,125
1013,121,2019-01-28 11:00:00,6.6408,6.6408,6.6408,6.6408,25
1014,120,2019-01-28 11:30:00,6.72,6.72,6.72,6.72,162
1015,119,2019-01-28 12:30:00,6.7392,6.7392,6.64,6.64,25
1016,118,2019-01-28 13:00:00,6.6736,6.7589999999999995,6.6736,6.7589999999999995,51
1017,117,2019-01-28 13:30:00,6.72,6.72,6.64,6.6408,112
1018,116,2019-01-28 14:00:00,6.72,6.72,6.72,6.72,25
1019,115,2019-01-28 14:30:00,6.72,6.72,6.72,6.72,62
1020,114,2019-01-28 15:00:00,6.7208,6.74412,6.7208,6.74412,50
1021,113,2019-01-28 16:00:00,6.72,6.84,6.64,6.64,1315
1022,112,2019-01-29 10:00:00,6.64,6.64,6.64,6.64,12
1023,111,2019-01-29 10:30:00,6.64,6.64,6.64,6.64,12
1024,110,2019-01-29 11:00:00,6.64,6.64,6.64,6.64,87
1025,109,2019-01-29 11:30:00,6.32,6.32,6.32,6.32,1750
1026,108,2019-01-29 12:30:00,6.3216,6.8,6.3216,6.8,476
1027,107,2019-01-29 13:00:00,6.4,6.4,6.4,6.4,13
1028,106,2019-01-29 14:00:00,6.4639999999999995,6.8,6.4,6.8,127
1029,105,2019-01-29 15:30:00,6.608,6.608,6.4,6.6,117
1030,104,2019-01-29 16:00:00,6.672000000000001,6.72,6.4808,6.5616,275
1031,103,2019-01-30 10:00:00,6.6736,6.6736,6.32,6.32,388
1032,102,2019-01-30 10:30:00,6.636,6.636,6.636,6.636,12
1033,101,2019-01-30 11:00:00,6.3264,6.6064,6.3264,6.48,1054
1034,100,2019-01-30 12:00:00,6.4704,6.4704,6.4704,6.4704,12
1035,99,2019-01-30 12:30:00,6.4704,6.4704,6.4704,6.4704,25
1036,98,2019-01-30 13:00:00,6.6064,6.6064,6.6064,6.6064,12
1037,97,2019-01-30 13:30:00,6.6064,6.6384,6.6064,6.6384,75
1038,96,2019-01-30 14:00:00,6.6392,6.6392,6.6392,6.6392,12
1039,95,2019-01-30 14:30:00,6.36,6.36,6.36,6.36,246
1040,94,2019-01-30 15:30:00,6.6728,6.7424,6.6728,6.7424,112
1041,93,2019-01-30 16:00:00,6.72,6.72,6.44,6.44,100
1042,92,2019-01-31 10:00:00,6.32,6.352,6.32,6.32,1926
1043,91,2019-01-31 11:00:00,6.672000000000001,6.672000000000001,6.3208,6.64,250
1044,90,2019-01-31 12:30:00,6.3528,6.6232,6.3208,6.6232,672
1045,89,2019-01-31 13:00:00,6.624,6.624,6.624,6.624,37
1046,88,2019-01-31 13:30:00,6.3208,6.3208,6.3208,6.3208,12
1047,87,2019-01-31 14:00:00,6.6,6.6,6.32,6.3208,137
1048,86,2019-01-31 14:30:00,6.6,6.6,6.32,6.358256,2316
1049,85,2019-01-31 15:00:00,6.6,6.6,6.6,6.6,12
1050,84,2019-01-31 15:30:00,6.6,6.6,6.6,6.6,25
1051,83,2019-01-31 16:00:00,6.6,6.6,6.32,6.32,109
1052,82,2019-02-01 10:00:00,6.32,6.4,6.32,6.4,525
1053,81,2019-02-01 10:30:00,6.8,6.8,6.7408,6.7992,281
1054,80,2019-02-01 11:00:00,6.72,6.72,6.72,6.72,37
1055,79,2019-02-01 12:00:00,6.7192,6.96,6.7192,6.8,5237
1056,78,2019-02-01 12:30:00,6.8776,6.8776,6.4408,6.8,2354
1057,77,2019-02-01 13:00:00,6.8,6.8,6.54432,6.8,187
1058,76,2019-02-01 13:30:00,6.8,6.8,6.6496,6.6496,125
1059,75,2019-02-01 14:00:00,6.8,6.8,6.532,6.6496,427
1060,74,2019-02-01 14:30:00,6.8,6.8,6.6496,6.8,187
1061,73,2019-02-01 15:00:00,6.8,6.8,6.6496,6.8,200
1062,72,2019-02-01 15:30:00,6.8,6.8,6.4992,6.8,337
1063,71,2019-02-01 16:00:00,6.8,6.8,6.44,6.72,1945
1064,70,2019-02-04 10:00:00,6.8,6.8,6.4008,6.48,1162
1065,69,2019-02-04 10:30:00,6.6392,6.6392,6.32,6.445752,2198
1066,68,2019-02-04 11:00:00,6.48,6.48,6.32,6.456,93
1067,67,2019-02-04 11:30:00,6.456,6.48,6.32,6.466256,376
1068,66,2019-02-04 12:00:00,6.32,6.72,6.32,6.72,179
1069,65,2019-02-04 13:00:00,6.4008,6.4008,6.4008,6.4008,75
1070,64,2019-02-04 13:30:00,6.7184,6.7184,6.464792,6.464792,34
1071,63,2019-02-04 15:00:00,6.6744,6.6744,6.6744,6.6744,62
1072,62,2019-02-04 16:00:00,6.4,6.4,6.4,6.4,15
1073,61,2019-02-05 10:00:00,6.48,6.48,6.48,6.48,28
1074,60,2019-02-05 10:30:00,6.4472,6.48,6.4472,6.48,190
1075,59,2019-02-05 11:00:00,6.44776,6.44776,6.44776,6.44776,12
1076,58,2019-02-05 11:30:00,6.5588,6.6608,6.4,6.4,129
1077,57,2019-02-05 12:00:00,6.64,6.64,6.4,6.4,110
1078,56,2019-02-05 12:30:00,6.4,6.5992,6.336,6.5992,161
1079,55,2019-02-05 13:00:00,6.5992,6.5992,6.5992,6.5992,12
1080,54,2019-02-05 13:30:00,6.336,6.5592,6.32,6.4,3204
1081,53,2019-02-05 14:00:00,6.4,6.4016,6.3608,6.4016,787
1082,52,2019-02-05 14:30:00,6.343864,6.343864,6.343864,6.343864,125
1083,51,2019-02-05 15:00:00,6.352,6.4392,6.32,6.34,373
1084,50,2019-02-05 15:30:00,6.3208,6.3624,6.3208,6.3624,213
1085,49,2019-02-05 16:00:00,6.34,6.352,6.32,6.352,535
1086,48,2019-02-06 10:00:00,6.32,6.3839999999999995,6.32,6.3839999999999995,1089
1087,47,2019-02-06 10:30:00,6.528,6.528,6.3832,6.3832,250
1088,46,2019-02-06 11:30:00,6.48,6.48,6.48,6.48,25
1089,45,2019-02-06 12:00:00,6.48,6.48,6.36,6.36,325
1090,44,2019-02-06 12:30:00,6.4792,6.48,6.36,6.48,493
1091,43,2019-02-06 13:00:00,6.36,6.48,6.36,6.48,400
1092,42,2019-02-06 14:00:00,6.48,6.48,6.32,6.32,1150
1093,41,2019-02-06 14:30:00,6.4792,6.4792,6.32,6.32,187
1094,40,2019-02-06 15:00:00,6.3208,6.3208,6.32,6.32,75
1095,39,2019-02-06 15:30:00,6.350872,6.350872,6.3208,6.3208,50
1096,38,2019-02-06 16:00:00,6.4,6.48,6.336,6.336,1656
1097,37,2019-02-07 10:00:00,6.32,6.352,6.32,6.336,2962
1098,36,2019-02-07 10:30:00,6.3352,6.3352,6.32,6.32,175
1099,35,2019-02-07 11:00:00,6.32,6.32,6.32,6.32,163
1100,34,2019-02-07 11:30:00,6.3352,6.3352,6.32,6.32,727
1101,33,2019-02-07 12:00:00,6.32,6.3352,6.32,6.3352,25
1102,32,2019-02-07 12:30:00,6.3344,6.3344,6.3344,6.3344,13
1103,31,2019-02-07 13:00:00,6.3344,6.3344,6.3344,6.3344,12
1104,30,2019-02-07 13:30:00,6.3352,6.3352,6.3352,6.3352,12
1105,29,2019-02-07 14:30:00,6.3512,6.352,6.3512,6.352,60
1106,28,2019-02-07 15:00:00,6.3352,6.3352,6.16,6.16,45
1107,27,2019-02-07 16:00:00,6.292000000000001,6.32,6.24,6.32,408
1108,26,2019-02-08 10:00:00,6.16,6.352,6.16,6.352,1206
1109,25,2019-02-08 10:30:00,6.16,6.16,6.16,6.16,33
1110,24,2019-02-08 11:00:00,6.0008,6.0008,6.0008,6.0008,13
1111,23,2019-02-08 12:30:00,6.3008,6.3512,6.08,6.3512,77
1112,22,2019-02-08 13:30:00,6.3512,6.352,6.0416,6.352,348
1113,21,2019-02-08 14:00:00,6.352,6.352,6.352,6.352,34
1114,20,2019-02-08 14:30:00,6.352,6.352,6.2824,6.352,143
1115,19,2019-02-08 15:00:00,6.352,6.352,6.3152,6.352,56
1116,18,2019-02-08 15:30:00,6.352,6.4792,6.352,6.4792,709
1117,17,2019-02-08 16:00:00,6.4,6.4,6.4,6.4,23
1118,16,2019-02-11 10:00:00,6.5672,6.5672,6.5672,6.5672,125
1119,15,2019-02-11 10:30:00,6.6,6.6,6.5672,6.6,293
1120,14,2019-02-11 11:00:00,6.6,6.6,6.6,6.6,15
1121,13,2019-02-11 12:30:00,6.64,6.64,6.16,6.1608,1190
1122,12,2019-02-11 13:00:00,6.6,6.6,6.6,6.6,12
1123,11,2019-02-11 13:30:00,6.3704,6.3704,6.1608,6.1608,87
1124,10,2019-02-11 15:00:00,6.4688,6.4688,6.4688,6.4688,31
1125,9,2019-02-11 16:00:00,6.2736,6.2736,6.2736,6.2736,25
1126,8,2019-02-12 10:00:00,6.08,6.367999999999999,6.0,6.367999999999999,537
1127,7,2019-02-12 11:00:00,6.48,6.48,6.2,6.2,2652
1128,6,2019-02-12 13:00:00,6.2328,6.48,6.2328,6.48,137
1129,5,2019-02-12 13:30:00,6.2224,6.48,6.2,6.48,2763
1130,4,2019-02-12 14:00:00,6.48,6.48,6.48,6.48,12
1131,3,2019-02-12 14:30:00,6.2,6.2032,6.2,6.2,72
1132,2,2019-02-12 15:00:00,6.4488,6.48,6.4488,6.48,100
1133,1,2019-02-12 15:30:00,6.242568,6.242568,6.2,6.2,40
1134,0,2019-02-12 16:00:00,6.2,6.24,6.0,6.1616,1053
1135,232,2019-02-13 10:00:00,6.3696,6.4,6.2456,6.2456,200
1136,231,2019-02-13 10:30:00,6.16,6.16,6.0,6.0,523
1137,230,2019-02-13 11:00:00,6.160080000000001,6.4,6.160080000000001,6.4,45
1138,229,2019-02-13 11:30:00,6.24,6.24,6.16,6.16,400
1139,228,2019-02-13 12:00:00,6.2568,6.2568,6.2568,6.2568,112
1140,227,2019-02-13 13:30:00,6.3432,6.3432,6.3432,6.3432,37
1141,226,2019-02-13 14:00:00,6.188,6.188,6.188,6.188,306
1142,225,2019-02-13 14:30:00,6.16,6.287999999999999,6.08,6.287999999999999,1398
1143,224,2019-02-13 15:00:00,6.32,6.32,6.32,6.32,862
1144,223,2019-02-13 15:30:00,6.32,6.32,6.2408,6.2928,1335
1145,222,2019-02-13 16:00:00,6.2416,6.343999999999999,6.24,6.343999999999999,1139
1146,221,2019-02-14 10:00:00,6.1304,6.212000000000001,6.1304,6.212000000000001,37
1147,220,2019-02-14 11:00:00,6.212000000000001,6.409192,6.212000000000001,6.409192,1034
1148,219,2019-02-14 13:30:00,6.406680000000001,6.406680000000001,6.4,6.4,46
1149,218,2019-02-14 14:00:00,6.44,6.44,6.44,6.44,12
1150,217,2019-02-14 15:00:00,6.44,6.44,6.44,6.44,12
1151,216,2019-02-14 15:30:00,6.44,6.44,6.44,6.44,12
1152,215,2019-02-14 16:00:00,6.44,6.44,6.4,6.4,538
1153,214,2019-02-15 10:00:00,6.207999999999999,6.48,6.207999999999999,6.48,51
1154,213,2019-02-15 11:00:00,6.016,6.316,6.016,6.316,1525
1155,212,2019-02-15 11:30:00,6.3992,6.3992,6.3992,6.3992,12
1156,211,2019-02-15 12:30:00,6.3992,6.3992,6.3992,6.3992,25
1157,210,2019-02-15 13:00:00,6.3992,6.3992,6.16,6.16,25
1158,209,2019-02-15 14:30:00,6.3992,6.3992,6.08,6.08,569
1159,208,2019-02-15 15:00:00,6.16,6.2648,6.08,6.08,1242
1160,207,2019-02-15 15:30:00,6.16,6.3928,6.16,6.3928,1272
1161,206,2019-02-15 16:00:00,6.16,6.3928,6.16,6.16,63
1162,205,2019-02-19 10:00:00,6.08,6.153528,6.0312,6.0312,1339
1163,204,2019-02-19 10:30:00,6.3176,6.4,6.3176,6.4,3174
1164,203,2019-02-19 11:00:00,6.4,6.4,6.32,6.32,1210
1165,202,2019-02-19 11:30:00,6.327999999999999,6.48,6.3208,6.48,1350
1166,201,2019-02-19 12:00:00,6.48,6.48,6.4,6.48,988
1167,200,2019-02-19 12:30:00,6.404128,6.48,6.4024,6.4792,81
1168,199,2019-02-19 13:00:00,6.472,6.472,6.472,6.472,12
1169,198,2019-02-19 13:30:00,6.472,6.472,6.472,6.472,75
1170,197,2019-02-19 14:00:00,6.48,6.48,6.48,6.48,12
1171,196,2019-02-19 14:30:00,6.48,6.48,6.48,6.48,25
1172,195,2019-02-19 15:30:00,6.48,6.48,6.48,6.48,159
1173,194,2019-02-19 16:00:00,6.48,6.48,6.48,6.48,25
1174,193,2019-02-20 10:00:00,6.355168,6.544,6.32,6.544,75
1175,192,2019-02-20 10:30:00,6.544,6.544,6.544,6.544,12
1176,191,2019-02-20 11:00:00,6.56,6.64,6.544,6.64,2143
1177,190,2019-02-20 11:30:00,6.56,6.56,6.56,6.56,1250
1178,189,2019-02-20 12:00:00,6.56,6.56,6.5496,6.5496,987
1179,188,2019-02-20 12:30:00,6.56,6.56,6.2392,6.56,337
1180,187,2019-02-20 13:00:00,6.3839999999999995,6.5576,6.2088,6.5576,105
1181,186,2019-02-20 13:30:00,6.212000000000001,6.212000000000001,6.212000000000001,6.212000000000001,25
1182,185,2019-02-20 14:00:00,6.56,6.56,6.56,6.56,25
1183,184,2019-02-20 15:00:00,6.56,6.56,6.38,6.5592,837
1184,183,2019-02-20 15:30:00,6.5592,6.5592,6.5592,6.5592,12
1185,182,2019-02-20 17:30:00,6.56,6.56,6.56,6.56,12
1186,181,2019-02-21 10:00:00,6.343999999999999,6.4,6.24,6.24,593
1187,180,2019-02-21 10:30:00,6.247999999999999,6.247999999999999,6.1856,6.24,1463
1188,179,2019-02-21 11:30:00,6.48,6.48,6.48,6.48,12
1189,178,2019-02-21 12:30:00,6.48,6.48,6.24,6.24,50
1190,177,2019-02-21 13:00:00,6.48,6.48,6.48,6.48,25
1191,176,2019-02-21 14:00:00,6.48,6.48,6.48,6.48,37
1192,175,2019-02-21 14:30:00,6.4408,6.4408,6.4408,6.4408,31
1193,174,2019-02-21 16:00:00,6.4008,6.4792,6.4008,6.4008,151
1194,173,2019-02-21 18:00:00,6.4,6.4,6.4,6.4,100
1195,172,2019-02-22 10:00:00,6.4,6.4,6.184,6.24,331
1196,171,2019-02-22 10:30:00,6.56,6.56,6.56,6.56,25
1197,170,2019-02-22 12:00:00,6.44,6.44,6.32,6.32,210
1198,169,2019-02-22 12:30:00,6.48,6.48,6.48,6.48,38
1199,168,2019-02-22 13:30:00,6.48,6.48,6.48,6.48,12
1200,167,2019-02-22 14:00:00,6.32,6.32,6.32,6.32,12
1201,166,2019-02-22 15:00:00,6.336,6.336,6.336,6.336,126
1202,165,2019-02-22 15:30:00,6.48,6.48,6.48,6.48,13
1203,164,2019-02-22 16:00:00,6.3992,6.4,6.336,6.336,750
1204,163,2019-02-25 07:30:00,6.64,6.64,6.64,6.64,125
1205,162,2019-02-25 10:00:00,6.3792,6.4152,6.32,6.4152,387
1206,161,2019-02-25 12:00:00,6.3208,6.3528,6.3208,6.3528,262
1207,160,2019-02-25 13:00:00,6.3648,6.3648,6.3648,6.3648,400
1208,159,2019-02-25 14:30:00,6.322712,6.322712,6.322712,6.322712,21
1209,158,2019-02-25 15:00:00,6.3992,6.3992,6.32,6.32,1114
1210,157,2019-02-25 15:30:00,6.4,6.4,6.4,6.4,25
1211,156,2019-02-25 16:00:00,6.4,6.4,6.4,6.4,12
1212,155,2019-02-25 18:00:00,6.48,6.48,6.48,6.48,125
1213,154,2019-02-26 10:00:00,6.48,6.48,6.48,6.48,350
1214,153,2019-02-26 11:30:00,6.48,6.48,6.32,6.32,25
1215,152,2019-02-26 12:00:00,6.48,6.48,6.2416,6.2416,662
1216,151,2019-02-26 12:30:00,6.24,6.24,6.04,6.0408,1250
1217,150,2019-02-26 13:00:00,6.2392,6.2392,6.2392,6.2392,12
1218,149,2019-02-26 13:30:00,6.04,6.24,6.04,6.047999999999999,2098
1219,148,2019-02-26 14:00:00,6.24,6.24,6.24,6.24,12
1220,147,2019-02-26 14:30:00,6.24,6.4,6.24,6.4,25
1221,146,2019-02-26 15:00:00,6.2712,6.2712,6.24,6.24,299
1222,145,2019-02-26 16:00:00,6.24,6.24,6.08,6.08,427
1223,144,2019-02-26 19:30:00,5.6,5.6,5.6,5.6,17
1224,143,2019-02-27 10:00:00,6.04,6.4384,6.04,6.4384,3275
1225,142,2019-02-27 10:30:00,6.04,6.127999999999999,6.04,6.04,1053
1226,141,2019-02-27 11:00:00,6.2992,6.2992,6.08,6.08,43
1227,140,2019-02-27 12:00:00,6.08,6.24,6.08,6.08,576
1228,139,2019-02-27 12:30:00,6.12764,6.12764,6.12764,6.12764,12
1229,138,2019-02-27 13:00:00,6.08,6.3976,6.08,6.3976,25
1230,137,2019-02-27 13:30:00,6.08,6.08,6.08,6.08,12
1231,136,2019-02-27 14:00:00,6.24,6.3192,6.08,6.08,247
1232,135,2019-02-27 15:00:00,6.3192,6.3192,6.3192,6.3192,12
1233,134,2019-02-27 15:30:00,6.3192,6.3192,6.08,6.08,25
1234,133,2019-02-27 16:00:00,6.08,6.08,6.08,6.08,12
1235,132,2019-02-28 10:00:00,6.2624,6.32,6.129688,6.129688,500
1236,131,2019-02-28 10:30:00,6.2275599999999995,6.247999999999999,6.2275599999999995,6.247999999999999,41
1237,130,2019-02-28 11:00:00,6.32,6.32,6.08,6.08,177
1238,129,2019-02-28 11:30:00,6.32,6.32,6.32,6.32,52
1239,128,2019-02-28 13:00:00,6.32,6.32,6.32,6.32,12
1240,127,2019-02-28 13:30:00,6.32,6.32,6.3192,6.32,93
1241,126,2019-02-28 14:00:00,6.24,6.24,6.2,6.2,150
1242,125,2019-02-28 14:30:00,6.2016,6.2016,6.08,6.08,25
1243,124,2019-02-28 15:00:00,6.4,6.4,6.4,6.4,62
1244,123,2019-02-28 15:30:00,6.3248,6.3248,6.3248,6.3248,12
1245,122,2019-03-01 10:00:00,6.3928,6.48,6.3928,6.48,1919
1246,121,2019-03-01 11:00:00,6.40088,6.472,6.4008,6.472,199
1247,120,2019-03-01 12:00:00,6.472,6.472,6.472,6.472,12
1248,119,2019-03-01 12:30:00,6.4504,6.472,6.4504,6.4512,825
1249,118,2019-03-01 13:00:00,6.432,6.472,6.432,6.472,300
1250,117,2019-03-01 13:30:00,6.4328,6.4336,6.4328,6.4336,461
1251,116,2019-03-01 14:30:00,6.472,6.472,6.472,6.472,12
1252,115,2019-03-01 15:30:00,6.4328,6.4656,6.432,6.432,1332
1253,114,2019-03-01 16:00:00,6.4008,6.4008,6.4008,6.4008,12
1254,113,2019-03-04 09:30:00,6.48,6.48,6.48,6.48,37
1255,112,2019-03-04 10:00:00,6.48,6.48,6.48,6.48,100
1256,111,2019-03-04 10:30:00,6.4,6.4,6.1752,6.4,698
1257,110,2019-03-04 11:00:00,6.4,6.4,6.4,6.4,725
1258,109,2019-03-04 11:30:00,6.472,6.472,6.4392,6.4392,312
1259,108,2019-03-04 12:00:00,6.472,6.472,6.472,6.472,162
1260,107,2019-03-04 13:00:00,6.331176,6.331176,6.3296,6.3296,178
1261,106,2019-03-04 13:30:00,6.472,6.472,6.472,6.472,12
1262,105,2019-03-04 14:00:00,6.4024,6.4088,6.4024,6.4088,724
1263,104,2019-03-04 14:30:00,6.4712,6.472,6.4712,6.472,62
1264,103,2019-03-04 15:00:00,6.472,6.472,6.4656,6.472,168
1265,102,2019-03-04 15:30:00,6.472,6.472,6.4024,6.4024,37
1266,101,2019-03-04 16:00:00,6.46064,6.461551999999999,6.4104,6.4104,161
1267,100,2019-03-04 17:30:00,6.48,6.56,6.48,6.56,62
1268,99,2019-03-05 10:00:00,6.16,6.2472,6.096,6.24,1523
1269,98,2019-03-05 10:30:00,6.16,6.2472,6.16,6.24,3831
1270,97,2019-03-05 11:00:00,6.2456,6.2456,6.1656,6.1656,3781
1271,96,2019-03-05 11:30:00,6.087999999999999,6.24,6.087999999999999,6.24,672
1272,95,2019-03-05 12:00:00,6.24,6.4,6.24,6.4,2271
1273,94,2019-03-05 12:30:00,6.4096,6.4304,6.4096,6.4304,262
1274,93,2019-03-05 13:00:00,6.3512,6.56,6.3512,6.56,1700
1275,92,2019-03-05 13:30:00,6.442744,6.442744,6.4,6.4,1940
1276,91,2019-03-05 14:00:00,6.5584,6.5592,6.5272,6.5272,262
1277,90,2019-03-05 14:30:00,6.54,6.54,6.4088,6.4088,512
1278,89,2019-03-05 15:00:00,6.54,6.54,6.54,6.54,12
1279,88,2019-03-05 15:30:00,6.5120000000000005,6.5120000000000005,6.5120000000000005,6.5120000000000005,25
1280,87,2019-03-05 16:00:00,6.472,6.472,6.3752,6.3752,256
1281,86,2019-03-06 10:00:00,6.472,6.632000000000001,6.472,6.632000000000001,1800
1282,85,2019-03-06 10:30:00,6.456,6.632000000000001,6.456,6.632000000000001,637
1283,84,2019-03-06 11:00:00,6.33092,6.33092,6.33092,6.33092,137
1284,83,2019-03-06 11:30:00,6.632000000000001,6.64,6.632000000000001,6.632000000000001,250
1285,82,2019-03-06 12:00:00,6.632000000000001,6.632000000000001,6.6,6.632000000000001,525
1286,81,2019-03-06 12:30:00,6.632000000000001,6.632000000000001,6.6312,6.6312,950
1287,80,2019-03-06 13:00:00,6.56,6.72,6.56,6.72,1980
1288,79,2019-03-06 13:30:00,6.72,6.8,6.72,6.8,172
1289,78,2019-03-06 14:00:00,6.72,6.8,6.72,6.8,276
1290,77,2019-03-06 14:30:00,6.8,6.96,6.6416,6.96,343
1291,76,2019-03-06 15:00:00,6.96,6.96,6.3192,6.68,20499
1292,75,2019-03-06 15:30:00,6.7048,6.7048,6.7048,6.7048,87
1293,74,2019-03-06 16:00:00,6.7048,6.7048,6.7024,6.7048,1583
1294,73,2019-03-07 10:00:00,6.5184,6.5184,6.377592,6.377592,28
1295,72,2019-03-07 11:00:00,6.64,6.64,6.64,6.64,12
1296,71,2019-03-07 11:30:00,6.32,6.32,6.32,6.32,15
1297,70,2019-03-07 13:00:00,6.6184,6.6184,6.6184,6.6184,12
1298,69,2019-03-07 13:30:00,6.8,6.8,6.8,6.8,25
1299,68,2019-03-07 14:00:00,6.6016,6.6016,6.6016,6.6016,56
1300,67,2019-03-07 15:00:00,6.8,6.8,6.600960000000001,6.600960000000001,41
1301,66,2019-03-07 15:30:00,6.697608,6.8,6.64,6.8,203
1302,65,2019-03-07 16:00:00,6.7664,6.7664,6.7664,6.7664,125
1303,64,2019-03-07 20:00:00,6.6392,6.6392,6.6392,6.6392,62
1304,63,2019-03-08 10:00:00,6.4008,6.6792,6.4008,6.6792,125
1305,62,2019-03-08 10:30:00,6.44,6.7976,6.44,6.6792,1556
1306,61,2019-03-08 11:00:00,6.7976,6.7976,6.54,6.64,179
1307,60,2019-03-08 12:00:00,6.44,6.44,6.44,6.44,65
1308,59,2019-03-08 12:30:00,6.6456,6.6456,6.56,6.6408,1028
1309,58,2019-03-08 13:00:00,6.6408,6.7952,6.56,6.7952,2211
1310,57,2019-03-08 13:30:00,6.44,6.6392,6.44,6.44,625
1311,56,2019-03-08 14:00:00,6.44,6.44,6.4,6.4016,1288
1312,55,2019-03-08 14:30:00,6.6976,6.6976,6.6968,6.6968,38
1313,54,2019-03-08 15:00:00,6.4,6.4,6.4,6.4,251
1314,53,2019-03-08 15:30:00,6.4,6.4,6.4,6.4,475
1315,52,2019-03-08 16:00:00,6.4,6.4568,6.4,6.4,2629
1316,51,2019-03-08 17:30:00,6.72,6.72,6.72,6.72,97
1317,50,2019-03-11 08:00:00,6.64,6.64,6.64,6.64,333
1318,49,2019-03-11 09:30:00,6.56,6.56,6.56,6.56,25
1319,48,2019-03-11 10:00:00,6.4,6.5128,6.4,6.4008,5163
1320,47,2019-03-11 10:30:00,6.421416000000001,6.421416000000001,6.4008,6.4008,787
1321,46,2019-03-11 11:00:00,6.5128,6.5128,6.5128,6.5128,25
1322,45,2019-03-11 12:00:00,6.5920000000000005,6.5920000000000005,6.5920000000000005,6.5920000000000005,312
1323,44,2019-03-11 13:00:00,6.5928,6.5928,6.5464,6.5920000000000005,50
1324,43,2019-03-11 13:30:00,6.4984,6.4984,6.4,6.4,5300
1325,42,2019-03-11 14:00:00,6.4008,6.4016,6.4,6.4,150
1326,41,2019-03-11 14:30:00,6.48,6.48,6.48,6.48,12
1327,40,2019-03-11 15:00:00,6.4024,6.4024,6.32,6.32,2432
1328,39,2019-03-11 16:00:00,6.48,6.48,6.4,6.4,145
1329,38,2019-03-11 17:00:00,6.48,6.5920000000000005,6.48,6.5920000000000005,305
1330,37,2019-03-11 18:00:00,6.5920000000000005,7.376,6.5920000000000005,7.376,1075
1331,36,2019-03-11 18:30:00,7.36,7.36,6.8,6.8,137
1332,35,2019-03-11 19:30:00,6.7992,6.7992,6.7992,6.7992,37
1333,34,2019-03-12 08:30:00,7.12,7.12,6.64,6.64,37
1334,33,2019-03-12 10:00:00,6.48,6.64,6.447032,6.447032,4986
1335,32,2019-03-12 10:30:00,6.48,6.4872,6.461432,6.4872,112
1336,31,2019-03-12 11:00:00,6.48,6.48,6.32,6.409112,1892
1337,30,2019-03-12 11:30:00,6.32,6.3208,6.32,6.3208,1293
1338,29,2019-03-12 12:00:00,6.4784,6.4784,6.32,6.32,50
1339,28,2019-03-12 12:30:00,6.4784,6.4784,6.4784,6.4784,125
1340,27,2019-03-12 13:00:00,6.36,6.36,6.3272,6.3272,450
1341,26,2019-03-12 13:30:00,6.4768,6.4768,6.4768,6.4768,12
1342,25,2019-03-12 14:00:00,6.4768,6.4768,6.32,6.32,50
1343,24,2019-03-12 14:30:00,6.3208,6.327999999999999,6.3208,6.327999999999999,762
1344,23,2019-03-12 15:00:00,6.4528,6.4528,6.4528,6.4528,12
1345,22,2019-03-12 15:30:00,6.4448,6.4448,6.32,6.4448,1037
1346,21,2019-03-12 16:00:00,6.4416,6.4424,6.4008,6.4008,1250
1347,20,2019-03-13 10:00:00,6.5920000000000005,6.5920000000000005,6.5920000000000005,6.5920000000000005,12
1348,19,2019-03-13 10:30:00,6.56,6.56,6.32,6.32,326
1349,18,2019-03-13 11:00:00,6.32,6.56,6.32,6.56,1579
1350,17,2019-03-13 11:30:00,6.36,6.48,6.3208,6.3208,87
1351,16,2019-03-13 12:00:00,6.3208,6.4704,6.32,6.4704,256
1352,15,2019-03-13 13:00:00,6.4696,6.4696,6.44,6.46528,337
1353,14,2019-03-13 13:30:00,6.4408,6.4408,6.3208,6.3208,1550
1354,13,2019-03-13 14:00:00,6.3208,6.4512,6.3208,6.4512,37
1355,12,2019-03-13 15:30:00,6.3216,6.3224,6.32,6.32,1849
1356,11,2019-03-13 16:00:00,6.3896,6.3992,6.3896,6.3992,25
1357,10,2019-03-14 10:00:00,6.48,6.5520000000000005,6.48,6.5520000000000005,62
1358,9,2019-03-14 10:30:00,6.4792,6.4792,6.3312,6.3312,87
1359,8,2019-03-14 11:00:00,6.4792,6.4792,6.4792,6.4792,25
1360,7,2019-03-14 11:30:00,6.392,6.4,6.36,6.4,3056
1361,6,2019-03-14 12:00:00,6.4792,6.56,6.464416,6.56,997
1362,5,2019-03-14 13:00:00,6.5592,6.5592,6.5592,6.5592,12
1363,4,2019-03-14 13:30:00,6.56,6.56,6.56,6.56,12
1364,3,2019-03-14 14:00:00,6.44,6.44,6.44,6.44,578
1365,2,2019-03-14 14:30:00,6.5592,6.5592,6.5584,6.5584,37
1366,1,2019-03-14 15:30:00,6.44,6.44,6.44,6.44,12
1367,0,2019-03-14 16:00:00,6.44008,6.4408,6.44,6.4408,121
1368,217,2019-03-15 10:00:00,6.24,6.2712,6.24,6.24,689
1369,216,2019-03-15 10:30:00,6.48,6.48,6.48,6.48,12
1370,215,2019-03-15 11:00:00,6.353912,6.4792,6.2808,6.4792,476
1371,214,2019-03-15 11:30:00,6.47604,6.4792,6.2416,6.2416,413
1372,213,2019-03-15 12:00:00,6.2416,6.2416,6.2416,6.2416,62
1373,212,2019-03-15 12:30:00,6.2416,6.4,6.2408,6.4,387
1374,211,2019-03-15 13:00:00,6.4,6.4,6.4,6.4,75
1375,210,2019-03-15 13:30:00,6.2408,6.2408,6.2408,6.2408,12
1376,209,2019-03-15 14:00:00,6.2976,6.2976,6.2976,6.2976,18
1377,208,2019-03-15 15:00:00,6.3992,6.4,6.3608,6.3608,181
1378,207,2019-03-15 15:30:00,6.4,6.4,6.4,6.4,25
1379,206,2019-03-15 16:00:00,6.2408,6.2408,6.2408,6.2408,25
1380,205,2019-03-18 10:00:00,6.28,6.72,6.28,6.48,1143
1381,204,2019-03-18 10:30:00,6.56,6.56,6.4808,6.56,631
1382,203,2019-03-18 11:00:00,6.5512,6.5512,6.5512,6.5512,12
1383,202,2019-03-18 11:30:00,6.5512,6.5512,6.5512,6.5512,25
1384,201,2019-03-18 12:00:00,6.3528,6.3528,6.3528,6.3528,125
1385,200,2019-03-18 12:30:00,6.5504,6.5504,6.5504,6.5504,12
1386,199,2019-03-18 13:00:00,6.5504,6.5504,6.5504,6.5504,12
1387,198,2019-03-18 14:00:00,6.48,6.48,6.48,6.48,12
1388,197,2019-03-18 15:00:00,6.3328,6.48,6.3328,6.48,162
1389,196,2019-03-18 15:30:00,6.4792,6.48,6.4792,6.48,37
1390,195,2019-03-18 16:30:00,7.2,7.2,7.2,7.2,143
1391,194,2019-03-19 10:00:00,6.696000000000001,6.814711999999999,6.5552,6.5552,406
1392,193,2019-03-19 10:30:00,6.792000000000001,6.792000000000001,6.504,6.504,475
1393,192,2019-03-19 11:00:00,6.64,6.64,6.48,6.48,150
1394,191,2019-03-19 11:30:00,6.64,6.64,6.48,6.48,37
1395,190,2019-03-19 12:30:00,6.64,6.64,6.64,6.64,25
1396,189,2019-03-19 13:00:00,6.56,6.56,6.56,6.56,12
1397,188,2019-03-19 13:30:00,6.5608,6.64,6.3952,6.4,1220
1398,187,2019-03-19 14:00:00,6.32,6.32,6.2808,6.2824,2419
1399,186,2019-03-19 14:30:00,6.3192,6.3192,6.3192,6.3192,25
1400,185,2019-03-19 15:00:00,6.3,6.32,6.2808,6.313048,453
1401,184,2019-03-19 15:30:00,6.3208,6.3408,6.28,6.28,3176
1402,183,2019-03-19 16:00:00,6.311904,6.3192,6.28,6.28,155
1403,182,2019-03-20 10:00:00,6.4272,6.4272,6.28,6.322,262
1404,181,2019-03-20 10:30:00,6.56,6.6672,6.4272,6.4272,612
1405,180,2019-03-20 11:00:00,6.6672,6.6672,6.4272,6.48,125
1406,179,2019-03-20 11:30:00,6.2832,6.287999999999999,6.2832,6.287999999999999,56
1407,178,2019-03-20 12:00:00,6.28,6.32,6.28,6.32,50
1408,177,2019-03-20 12:30:00,6.3176,6.3176,6.28,6.28,3037
1409,176,2019-03-20 13:00:00,6.28,6.2856,6.12,6.272,13407
1410,175,2019-03-20 14:00:00,6.12,6.12,6.12,6.12,1625
1411,174,2019-03-20 14:30:00,6.2184,6.27396,6.08,6.27396,3487
1412,173,2019-03-20 15:00:00,6.3168,6.3168,6.3168,6.3168,25
1413,172,2019-03-20 16:30:00,6.0312,6.0312,6.0,6.0,72
1414,171,2019-03-21 10:00:00,6.1216,6.3096,5.76,6.04,2686
1415,170,2019-03-21 10:30:00,5.9608,6.08,5.92,5.9312,6137
1416,169,2019-03-21 11:00:00,5.9272,5.928,5.7632,5.8352,5422
1417,168,2019-03-21 11:30:00,5.7632,5.934248,5.76,5.934248,5675
1418,167,2019-03-21 12:00:00,5.9352,6.08,5.9352,6.08,2163
1419,166,2019-03-21 12:30:00,6.0,6.08,5.9848,5.9848,1008
1420,165,2019-03-21 13:00:00,6.06572,6.06572,6.06572,6.06572,15
1421,164,2019-03-21 13:30:00,5.9848,6.2,5.88,6.2,1051
1422,163,2019-03-21 14:00:00,6.1112,6.1112,6.0792,6.0792,600
1423,162,2019-03-21 15:30:00,6.0792,6.0792,5.9344,5.9936,325
1424,161,2019-03-21 16:30:00,5.92,5.92,5.92,5.92,125
1425,160,2019-03-22 10:00:00,6.0,6.1784,5.9928,6.0,1743
1426,159,2019-03-22 10:30:00,5.94,5.94,5.88,5.91504,4362
1427,158,2019-03-22 11:00:00,5.92,5.92,5.92,5.92,87
1428,157,2019-03-22 11:30:00,6.08,6.08,5.92,6.056,293
1429,156,2019-03-22 12:00:00,6.08,6.08,6.0,6.0488,1128
1430,155,2019-03-22 12:30:00,5.92,5.9576,5.88,5.9576,2993
1431,154,2019-03-22 13:00:00,5.92,5.9256,5.88,5.892,967
1432,153,2019-03-22 13:30:00,5.843999999999999,5.8688,5.84,5.8424,1875
1433,152,2019-03-22 14:00:00,5.84,5.9152,5.7936,5.89312,425
1434,151,2019-03-22 14:30:00,5.8416,5.88,5.7976,5.84,593
1435,150,2019-03-22 15:00:00,5.768,5.9136,5.768,5.84,6212
1436,149,2019-03-22 15:30:00,5.7992,5.7992,5.768,5.768,177
1437,148,2019-03-22 16:00:00,5.76,5.7816,5.76,5.76,2134
1438,147,2019-03-25 10:00:00,5.75,5.9135,5.5101,5.9135,2654
1439,146,2019-03-25 10:30:00,5.9,5.9295,5.8,5.8,1392
1440,145,2019-03-25 11:00:00,5.73,6.11,5.72,6.001,12857
1441,144,2019-03-25 11:30:00,5.892,5.9599,5.892,5.92,3482
1442,143,2019-03-25 12:30:00,5.94,6.0,5.93,5.9472,3531
1443,142,2019-03-25 13:00:00,5.94,5.94,5.8516,5.8516,612
1444,141,2019-03-25 13:30:00,5.7888,5.7888,5.7825,5.7825,534
1445,140,2019-03-25 14:00:00,5.78,5.78,5.78,5.78,125
1446,139,2019-03-25 15:00:00,5.76,5.76,5.7,5.7,1733
1447,138,2019-03-25 16:00:00,5.6195,5.89,5.6195,5.65,2309
1448,137,2019-03-25 18:00:00,5.5,5.5,5.5,5.5,925
1449,136,2019-03-26 10:00:00,5.61,5.88,5.61,5.76,2898
1450,135,2019-03-26 10:30:00,5.9085,6.15,5.85,5.9835,8178
1451,134,2019-03-26 11:00:00,5.891,5.9835,5.891,5.94,1675
1452,133,2019-03-26 12:00:00,5.965,5.965,5.935,5.935,676
1453,132,2019-03-26 12:30:00,5.9106,5.94,5.87,5.87,24444
1454,131,2019-03-26 13:00:00,5.8741,5.8799,5.78,5.81,4805
1455,130,2019-03-26 13:30:00,5.7799,5.7799,5.74,5.74,900
1456,129,2019-03-26 14:00:00,5.73,5.74,5.73,5.73,500
1457,128,2019-03-26 14:30:00,5.75,5.75,5.75,5.75,100
1458,127,2019-03-26 16:00:00,5.73,5.78,5.665,5.665,5215
1459,126,2019-03-26 17:30:00,5.0,5.0,5.0,5.0,155
1460,125,2019-03-26 19:00:00,5.5,5.5,5.5,5.5,187
1461,124,2019-03-27 10:00:00,5.55,6.25,5.06,6.0,32472
1462,123,2019-03-27 10:30:00,5.9110000000000005,6.0166,5.8020000000000005,5.95,6296
1463,122,2019-03-27 11:00:00,5.9705,5.9705,5.87,5.903,2453
1464,121,2019-03-27 11:30:00,5.8866,6.0,5.8866,6.0,1766
1465,120,2019-03-27 12:00:00,5.9,5.91,5.81,5.9,7098
1466,119,2019-03-27 12:30:00,5.9083,5.9999,5.9,5.91,13729
1467,118,2019-03-27 13:00:00,5.8501,5.955,5.8,5.812,23766
1468,117,2019-03-27 13:30:00,5.99,6.0,5.99,6.0,1421
1469,116,2019-03-27 14:00:00,5.9999,5.9999,5.9201,5.9201,1699
1470,115,2019-03-27 14:30:00,5.8601,5.8882,5.8601,5.8882,616
1471,114,2019-03-27 15:00:00,6.0,6.0,5.9,5.9175,1601
1472,113,2019-03-27 15:30:00,5.99,5.99,5.99,5.99,100
1473,112,2019-03-27 16:00:00,5.96,6.0,5.85,5.86,8556
1474,111,2019-03-28 10:00:00,5.83,5.888,5.665,5.8643,8244
1475,110,2019-03-28 10:30:00,5.845,5.874,5.772,5.782,3285
1476,109,2019-03-28 11:00:00,5.8,5.8,5.8,5.8,272
1477,108,2019-03-28 12:00:00,5.79,5.86,5.75,5.8283,4991
1478,107,2019-03-28 12:30:00,5.8362,5.85,5.8362,5.85,347
1479,106,2019-03-28 13:30:00,5.77,5.77,5.77,5.77,101
1480,105,2019-03-28 15:00:00,5.82,5.82,5.82,5.82,100
1481,104,2019-03-28 16:00:00,5.85,5.85,5.78,5.79,4400
1482,103,2019-03-29 10:00:00,5.79,5.97,5.79,5.81,1523
1483,102,2019-03-29 10:30:00,5.8,5.81,5.76,5.8,1400
1484,101,2019-03-29 12:30:00,5.79,5.8,5.72,5.8,400
1485,100,2019-03-29 14:00:00,5.8,5.8,5.77,5.77,400
1486,99,2019-03-29 14:30:00,5.8,5.83,5.8,5.83,1600
1487,98,2019-03-29 16:00:00,5.79,5.79,5.79,5.79,100
1488,97,2019-04-01 10:00:00,5.84,5.85,5.7716,5.8216,5603
1489,96,2019-04-01 11:00:00,5.8208,5.8208,5.8208,5.8208,500
1490,95,2019-04-01 12:00:00,5.81,5.84,5.78,5.84,513
1491,94,2019-04-01 12:30:00,5.85,5.87,5.78,5.87,4151
1492,93,2019-04-01 13:00:00,5.98,5.98,5.88,5.91,533
1493,92,2019-04-01 13:30:00,5.95,5.95,5.83,5.83,200
1494,91,2019-04-01 14:00:00,5.8491,5.8491,5.8491,5.8491,375
1495,90,2019-04-01 15:00:00,5.98,5.98,5.98,5.98,200
1496,89,2019-04-01 15:30:00,5.82,5.82,5.82,5.82,101
1497,88,2019-04-02 10:00:00,5.84,5.9326,5.84,5.861000000000001,2700
1498,87,2019-04-02 10:30:00,5.98,5.98,5.98,5.98,200
1499,86,2019-04-02 11:00:00,5.98,5.99,5.98,5.99,500
1500,85,2019-04-02 11:30:00,5.98,5.98,5.98,5.98,100
1501,84,2019-04-02 12:30:00,5.98,5.99,5.9,5.9,400
1502,83,2019-04-02 13:00:00,5.84,5.84,5.84,5.84,100
1503,82,2019-04-02 14:00:00,5.89,5.89,5.89,5.89,100
1504,81,2019-04-02 15:00:00,5.9001,5.9001,5.9,5.9,466
1505,80,2019-04-03 10:00:00,6.0,6.0,5.77,5.77,1604
1506,79,2019-04-03 10:30:00,5.79,5.8,5.5,5.6819,17708
1507,78,2019-04-03 11:00:00,5.54,5.54,5.52,5.52,800
1508,77,2019-04-03 11:30:00,5.5201,5.67,5.51,5.67,1600
1509,76,2019-04-03 12:00:00,5.6899,5.6899,5.54,5.54,410
1510,75,2019-04-03 12:30:00,5.58,5.62,5.57,5.62,2968
1511,74,2019-04-03 13:00:00,5.58,5.68,5.57,5.61,5763
1512,73,2019-04-03 13:30:00,5.6002,5.6002,5.57,5.6,3000
1513,72,2019-04-03 14:00:00,5.57,5.59,5.56,5.59,2000
1514,71,2019-04-03 14:30:00,5.5760000000000005,5.5760000000000005,5.52,5.5674,2000
1515,70,2019-04-03 15:00:00,5.59,5.59,5.56,5.56,1299
1516,69,2019-04-03 15:30:00,5.59,5.6,5.51,5.51,2863
1517,68,2019-04-03 16:00:00,5.56,5.5608,5.46,5.53,3827
1518,67,2019-04-04 10:00:00,5.48,5.7125,5.4,5.4,5280
1519,66,2019-04-04 10:30:00,5.4,5.5899,5.4,5.5899,2125
1520,65,2019-04-04 11:00:00,5.4,5.51,5.23,5.33,10051
1521,64,2019-04-04 11:30:00,5.2701,5.4,5.27,5.39,7674
1522,63,2019-04-04 12:00:00,5.39,5.5881,5.36,5.48,4550
1523,62,2019-04-04 12:30:00,5.47,5.5735,5.47,5.48,900
1524,61,2019-04-04 13:00:00,5.48,5.48,5.48,5.48,587
1525,60,2019-04-04 13:30:00,5.47,5.49,5.46,5.46,708
1526,59,2019-04-04 14:00:00,5.52,5.52,5.47,5.4945,1100
1527,58,2019-04-04 14:30:00,5.52,5.64,5.4996,5.64,2599
1528,57,2019-04-04 15:00:00,5.54,5.6223,5.48,5.6,1600
1529,56,2019-04-04 15:30:00,5.61,5.64,5.61,5.61,726
1530,55,2019-04-04 16:00:00,5.61,5.71,5.6,5.6,6290
1531,54,2019-04-05 10:00:00,5.71,5.71,5.71,5.71,240
1532,53,2019-04-05 11:00:00,5.6606,5.6651,5.6,5.63,3512
1533,52,2019-04-05 11:30:00,5.6,5.6941,5.53,5.68,4075
1534,51,2019-04-05 12:00:00,5.7217,5.7217,5.6897,5.7217,900
1535,50,2019-04-05 12:30:00,5.7068,5.7068,5.7068,5.7068,500
1536,49,2019-04-05 13:00:00,5.7215,5.7848,5.72,5.7848,2316
1537,48,2019-04-05 13:30:00,5.84,5.84,5.8,5.84,1700
1538,47,2019-04-05 14:00:00,5.84,5.84,5.84,5.84,101
1539,46,2019-04-05 14:30:00,5.82,5.82,5.82,5.82,300
1540,45,2019-04-05 15:00:00,5.86,5.86,5.86,5.86,100
1541,44,2019-04-05 15:30:00,5.87,5.87,5.84,5.84,590
1542,43,2019-04-05 16:00:00,5.785,5.785,5.53,5.53,9214
1543,42,2019-04-08 10:00:00,5.48,5.48,5.46,5.46,340
1544,41,2019-04-08 10:30:00,5.36,5.4332,5.36,5.4332,1300
1545,40,2019-04-08 11:00:00,5.4192,5.434,5.25,5.4055,12922
1546,39,2019-04-08 12:00:00,5.435,5.435,5.435,5.435,100
1547,38,2019-04-08 13:00:00,5.4329,5.435,5.43,5.435,2380
1548,37,2019-04-08 13:30:00,5.4342,5.4342,5.3737,5.3737,4900
1549,36,2019-04-08 14:00:00,5.38,5.3868,5.36,5.38,6575
1550,35,2019-04-08 14:30:00,5.38,5.38,5.38,5.38,5100
1551,34,2019-04-08 15:00:00,5.37,5.37,5.35,5.35,500
1552,33,2019-04-08 15:30:00,5.37,5.4,5.36,5.38,9487
1553,32,2019-04-08 16:00:00,5.36,5.36,5.35,5.35,2500
1554,31,2019-04-09 10:00:00,5.4,5.4,5.3702,5.4,1719
1555,30,2019-04-09 10:30:00,5.39,5.4,5.35,5.38,4257
1556,29,2019-04-09 11:00:00,5.37,5.37,5.34,5.34,325
1557,28,2019-04-09 11:30:00,5.39,5.39,5.39,5.39,100
1558,27,2019-04-09 12:00:00,5.3604,5.37,5.33,5.37,3375
1559,26,2019-04-09 12:30:00,5.355,5.355,5.32,5.32,3665
1560,25,2019-04-09 13:00:00,5.38,5.38,5.38,5.38,873
1561,24,2019-04-09 13:30:00,5.6387,5.6387,5.6387,5.6387,275
1562,23,2019-04-09 14:30:00,5.5999,5.5999,5.5999,5.5999,115
1563,22,2019-04-09 15:30:00,5.5129,5.5129,5.5129,5.5129,250
1564,21,2019-04-09 16:00:00,5.51,5.5729999999999995,5.51,5.5729999999999995,700
1565,20,2019-04-10 10:00:00,5.47,5.5,5.465,5.4829,5841
1566,19,2019-04-10 10:30:00,5.51,5.51,5.4101,5.4101,1800
1567,18,2019-04-10 11:00:00,5.4371,5.4371,5.4371,5.4371,250
1568,17,2019-04-10 12:00:00,5.5629,5.5629,5.4639999999999995,5.4639999999999995,1125
1569,16,2019-04-10 13:30:00,5.44,5.44,5.435,5.435,200
1570,15,2019-04-10 14:30:00,5.43,5.43,5.38,5.38,811
1571,14,2019-04-10 15:00:00,5.29,5.42,5.29,5.42,200
1572,13,2019-04-10 15:30:00,5.44,5.45,5.44,5.45,300
1573,12,2019-04-10 16:00:00,5.45,5.46,5.42,5.46,3232
1574,11,2019-04-11 10:00:00,5.5,5.52,5.48,5.52,400
1575,10,2019-04-11 10:30:00,5.48,5.48,5.48,5.48,300
1576,9,2019-04-11 13:00:00,5.43,5.43,5.4,5.4162,506
1577,8,2019-04-11 14:30:00,5.56,5.56,5.56,5.56,100
1578,7,2019-04-11 15:30:00,5.55,5.55,5.55,5.55,196
1579,6,2019-04-11 16:00:00,5.5163,5.5275,5.5,5.5,2200
1580,5,2019-04-12 10:00:00,5.49,5.5,5.4069,5.5,975
1581,4,2019-04-12 10:30:00,5.5327,5.85,5.52,5.819,13402
1582,3,2019-04-12 11:00:00,5.81,5.81,5.65,5.7620000000000005,1665
1583,2,2019-04-12 12:00:00,5.75,5.75,5.75,5.75,100
1584,1,2019-04-12 15:30:00,5.72,5.72,5.5201,5.7,2530
1585,0,2019-04-12 16:00:00,5.55,5.62,5.55,5.6,1478
