,index,time,open,high,low,close,volume
0,413,2020-08-06 04:30:00,14.749792843699998,14.759698681700002,14.749792843699998,14.759698681700002,923
1,412,2020-08-06 08:30:00,14.6606403013,14.6606403013,14.660541242899999,14.660541242899999,1037
2,411,2020-08-06 09:00:00,14.571487758900002,14.749792843699998,14.5516760829,14.6606403013,21641
3,410,2020-08-06 10:00:00,14.6507344633,14.700263653499999,14.4625235405,14.561581920899998,634137
4,409,2020-08-06 10:30:00,14.571487758900002,14.630922787200001,14.4724293785,14.6012052731,347058
5,408,2020-08-06 11:00:00,14.6012052731,14.621016949200001,14.4625235405,14.502146892699999,287733
6,407,2020-08-06 11:30:00,14.507099811700002,14.521958568699999,14.383276836199999,14.408041431300001,457149
7,406,2020-08-06 12:00:00,14.4030885122,14.4030885122,14.2743126177,14.3287947269,601883
8,405,2020-08-06 12:30:00,14.3287947269,14.343653484,14.2346892655,14.2743126177,308169
9,404,2020-08-06 13:00:00,14.2842184557,14.353559322,14.269359698699999,14.353559322,251040
10,403,2020-08-06 13:30:00,14.353559322,14.353559322,14.294124293800001,14.333747645999999,154850
11,402,2020-08-06 14:00:00,14.3287947269,14.353559322,14.244595103599998,14.269359698699999,250347
12,401,2020-08-06 14:30:00,14.269359698699999,14.333747645999999,14.254500941600002,14.3238418079,330478
13,400,2020-08-06 15:00:00,14.318888888900002,14.343653484,14.2743126177,14.2792655367,280409
14,399,2020-08-06 15:30:00,14.2792655367,14.304030131800001,14.2346892655,14.269359698699999,329533
15,398,2020-08-06 16:00:00,14.269359698699999,14.2743126177,14.105913371,14.1356308851,1861819
16,397,2020-08-06 16:30:00,14.1356308851,14.1356308851,14.1356308851,14.1356308851,51929
17,396,2020-08-06 17:00:00,14.1356308851,14.1356308851,14.1356308851,14.1356308851,100
18,395,2020-08-06 17:30:00,14.1455367232,14.4625235405,14.1356308851,14.4625235405,10902
19,394,2020-08-06 20:00:00,14.2049717514,14.2049717514,14.2049717514,14.2049717514,199
20,393,2020-08-07 05:30:00,14.115819209000001,14.115819209000001,14.115819209000001,14.115819209000001,100
21,392,2020-08-07 07:30:00,14.105913371,14.244595103599998,14.0365725047,14.0861016949,28122
22,391,2020-08-07 08:30:00,14.0861016949,14.1554425612,14.0861016949,14.1356308851,1800
23,390,2020-08-07 09:00:00,14.1356308851,14.1356308851,14.1356308851,14.1356308851,359
24,389,2020-08-07 09:30:00,14.096007533,14.096007533,14.0861016949,14.0861016949,1625
25,388,2020-08-07 10:00:00,14.1356308851,14.185160075299999,14.0291431262,14.1356308851,796812
26,387,2020-08-07 10:30:00,14.1257250471,14.2099246704,14.115819209000001,14.115819209000001,465235
27,386,2020-08-07 11:00:00,14.115819209000001,14.1603954802,14.0811487759,14.096007533,343557
28,385,2020-08-07 11:30:00,14.096007533,14.2743126177,14.088776271199999,14.259453860599999,737251
29,384,2020-08-07 12:00:00,14.254500941600002,14.2842184557,14.2049717514,14.244595103599998,200188
30,383,2020-08-07 12:30:00,14.239642184600001,14.353559322,14.2346892655,14.348606403,226242
31,382,2020-08-07 13:00:00,14.348606403,14.4030885122,14.338700565,14.3585122411,235218
32,381,2020-08-07 13:30:00,14.3585122411,14.492241054600001,14.353559322,14.482335216600001,327832
33,380,2020-08-07 14:00:00,14.4724293785,14.5516760829,14.4229001883,14.5516760829,213925
34,379,2020-08-07 14:30:00,14.5516760829,14.7101694915,14.5417702448,14.6689612053,492083
35,378,2020-08-07 15:00:00,14.6606403013,14.7398870056,14.6606403013,14.7250282486,392662
36,377,2020-08-07 15:30:00,14.7250282486,14.799322033900001,14.7200753296,14.7745574388,681848
37,376,2020-08-07 16:00:00,14.7745574388,14.9082862524,14.749792843699998,14.8983804143,1568208
38,375,2020-08-07 16:30:00,14.8983804143,14.9181920904,14.8587570621,14.8587570621,30864
39,374,2020-08-07 17:30:00,14.8587570621,14.8587570621,14.8587570621,14.8587570621,206
40,373,2020-08-07 18:00:00,14.8587570621,14.8587570621,14.8587570621,14.8587570621,200
41,372,2020-08-07 19:30:00,14.9082862524,14.9082862524,14.9082862524,14.9082862524,100
42,371,2020-08-10 08:30:00,14.75,14.75,14.75,14.75,134
43,370,2020-08-10 09:00:00,15.0,15.0,14.7,14.7,2480
44,369,2020-08-10 09:30:00,14.9,15.0,14.9,15.0,1129
45,368,2020-08-10 10:00:00,15.0,15.32,14.93,15.12,862431
46,367,2020-08-10 10:30:00,15.12,15.34,15.0201,15.34,499799
47,366,2020-08-10 11:00:00,15.35,15.5,15.35,15.43,755841
48,365,2020-08-10 11:30:00,15.42,15.6175,15.39,15.59,907405
49,364,2020-08-10 12:00:00,15.585,15.7692,15.58,15.735,1414935
50,363,2020-08-10 12:30:00,15.74,15.83,15.73,15.765,477417
51,362,2020-08-10 13:00:00,15.76,15.82,15.73,15.7668,609873
52,361,2020-08-10 13:30:00,15.765,15.79,15.74,15.7823,423618
53,360,2020-08-10 14:00:00,15.785,15.95,15.76,15.94,683154
54,359,2020-08-10 14:30:00,15.94,16.025,15.91,15.94,1169908
55,358,2020-08-10 15:00:00,15.94,16.0,15.89,15.945,546840
56,357,2020-08-10 15:30:00,15.95,15.9569,15.86,15.885,384983
57,356,2020-08-10 16:00:00,15.885,15.89,15.745,15.78,1028479
58,355,2020-08-10 16:30:00,15.78,15.78,15.78,15.78,51715
59,354,2020-08-10 17:00:00,15.78,15.78,15.78,15.78,156
60,353,2020-08-10 17:30:00,15.88,16.43,15.88,16.39,87715
61,352,2020-08-10 18:00:00,16.4,16.42,16.22,16.35,43530
62,351,2020-08-10 18:30:00,16.34,16.42,16.3,16.37,34713
63,350,2020-08-10 19:00:00,16.4,16.4,16.35,16.35,3820
64,349,2020-08-10 19:30:00,16.31,16.38,16.31,16.36,5634
65,348,2020-08-10 20:00:00,16.39,16.39,16.34,16.35,3164
66,347,2020-08-11 04:30:00,16.35,16.35,16.35,16.35,100
67,346,2020-08-11 06:00:00,16.35,16.35,16.35,16.35,200
68,345,2020-08-11 07:30:00,16.45,16.77,16.45,16.65,22979
69,344,2020-08-11 08:00:00,16.56,16.65,16.56,16.64,6657
70,343,2020-08-11 08:30:00,16.5899,16.77,16.5,16.73,22777
71,342,2020-08-11 09:00:00,16.7,16.7299,16.56,16.56,18163
72,341,2020-08-11 09:30:00,16.59,16.7,16.5702,16.59,17017
73,340,2020-08-11 10:00:00,16.56,16.755,16.41,16.5023,1827147
74,339,2020-08-11 10:30:00,16.505,16.54,16.2,16.26,555350
75,338,2020-08-11 11:00:00,16.2672,16.305,16.11,16.205,466897
76,337,2020-08-11 11:30:00,16.2084,16.22,16.1,16.111,397311
77,336,2020-08-11 12:00:00,16.11,16.2,16.06,16.145,397664
78,335,2020-08-11 12:30:00,16.1484,16.23,16.13,16.21,274366
79,334,2020-08-11 13:00:00,16.21,16.25,16.15,16.189,314695
80,333,2020-08-11 13:30:00,16.185,16.22,16.11,16.19,291777
81,332,2020-08-11 14:00:00,16.19,16.23,16.14,16.225,187819
82,331,2020-08-11 14:30:00,16.225,16.2599,16.16,16.1621,252169
83,330,2020-08-11 15:00:00,16.17,16.21,16.1277,16.19,312921
84,329,2020-08-11 15:30:00,16.19,16.22,16.0,16.095,323268
85,328,2020-08-11 16:00:00,16.09,16.095,15.905,15.95,934038
86,327,2020-08-11 16:30:00,15.95,16.03,15.95,15.96,44963
87,326,2020-08-11 17:00:00,16.0,16.0,15.91,15.91,6000
88,325,2020-08-11 17:30:00,15.95,16.0,15.95,16.0,501
89,324,2020-08-11 18:00:00,15.96,16.06,15.96,16.06,1000
90,323,2020-08-11 18:30:00,16.08,16.1,16.06,16.1,499
91,322,2020-08-11 19:00:00,15.95,15.95,15.95,15.95,995
92,321,2020-08-11 20:00:00,16.2,16.2,16.2,16.2,1300
93,320,2020-08-12 08:00:00,16.1,16.1,16.1,16.1,2100
94,319,2020-08-12 08:30:00,16.03,16.4,16.03,16.1,3767
95,318,2020-08-12 09:00:00,16.19,16.19,16.15,16.15,800
96,317,2020-08-12 09:30:00,16.15,16.308,16.15,16.15,1830
97,316,2020-08-12 10:00:00,16.12,16.18,15.83,15.94,912279
98,315,2020-08-12 10:30:00,15.94,15.98,15.8701,15.91,574655
99,314,2020-08-12 11:00:00,15.91,15.92,15.76,15.855,661711
100,313,2020-08-12 11:30:00,15.84,15.915,15.79,15.84,467762
101,312,2020-08-12 12:00:00,15.84,15.855,15.765,15.775,203627
102,311,2020-08-12 12:30:00,15.7713,15.845,15.73,15.815,368070
103,310,2020-08-12 13:00:00,15.8165,15.84,15.71,15.71,186453
104,309,2020-08-12 13:30:00,15.7118,15.725,15.64,15.715,243692
105,308,2020-08-12 14:00:00,15.72,15.805,15.705,15.79,155596
106,307,2020-08-12 14:30:00,15.79,15.795,15.75,15.79,156027
107,306,2020-08-12 15:00:00,15.785,15.86,15.78,15.855,185725
108,305,2020-08-12 15:30:00,15.85,15.915,15.82,15.91,239699
109,304,2020-08-12 16:00:00,15.91,15.98,15.86,15.98,708040
110,303,2020-08-12 16:30:00,15.97,15.97,15.97,15.97,62438
111,302,2020-08-12 18:30:00,16.12,16.12,16.12,16.12,620
112,301,2020-08-12 19:00:00,16.12,16.12,16.12,16.12,174
113,300,2020-08-13 07:30:00,15.76,15.76,15.76,15.76,802
114,299,2020-08-13 09:00:00,15.9699,15.97,15.9699,15.97,342
115,298,2020-08-13 09:30:00,15.97,15.97,15.81,15.81,508
116,297,2020-08-13 10:00:00,15.86,15.87,15.59,15.76,802008
117,296,2020-08-13 10:30:00,15.755,15.82,15.7,15.705,404195
118,295,2020-08-13 11:00:00,15.702,15.705,15.585,15.695,420670
119,294,2020-08-13 11:30:00,15.695,15.7,15.585,15.62,360247
120,293,2020-08-13 12:00:00,15.62,15.705,15.57,15.64,628085
121,292,2020-08-13 12:30:00,15.645,15.66,15.585,15.6,178578
122,291,2020-08-13 13:00:00,15.605,15.625,15.55,15.6,202107
123,290,2020-08-13 13:30:00,15.595,15.63,15.585,15.61,194750
124,289,2020-08-13 14:00:00,15.61,15.61,15.52,15.572000000000001,232622
125,288,2020-08-13 14:30:00,15.575,15.615,15.5,15.53,311660
126,287,2020-08-13 15:00:00,15.535,15.5441,15.45,15.5,252585
127,286,2020-08-13 15:30:00,15.505,15.55,15.475,15.52,230506
128,285,2020-08-13 16:00:00,15.525,15.6,15.51,15.6,916098
129,284,2020-08-13 16:30:00,15.6,15.6,15.43,15.43,76494
130,283,2020-08-13 17:00:00,15.55,15.55,15.51,15.53,2003
131,282,2020-08-13 17:30:00,15.65,15.65,15.65,15.65,500
132,281,2020-08-13 18:30:00,15.53,15.53,15.53,15.53,160
133,280,2020-08-13 19:00:00,15.81,15.81,15.81,15.81,250
134,279,2020-08-13 19:30:00,15.54,15.54,15.53,15.53,250
135,278,2020-08-14 08:30:00,15.6,15.6,15.45,15.45,700
136,277,2020-08-14 09:00:00,15.59,15.6,15.59,15.6,1300
137,276,2020-08-14 09:30:00,15.55,15.55,15.45,15.45,1130
138,275,2020-08-14 10:00:00,15.58,15.76,15.45,15.7168,449032
139,274,2020-08-14 10:30:00,15.72,15.84,15.642000000000001,15.815,192635
140,273,2020-08-14 11:00:00,15.8,15.895,15.8,15.865,129643
141,272,2020-08-14 11:30:00,15.87,15.87,15.77,15.83,120282
142,271,2020-08-14 12:00:00,15.84,15.855,15.77,15.82,286604
143,270,2020-08-14 12:30:00,15.82,15.83,15.76,15.81,96850
144,269,2020-08-14 13:00:00,15.8067,15.8256,15.74,15.772,77158
145,268,2020-08-14 13:30:00,15.77,15.81,15.745,15.805,102660
146,267,2020-08-14 14:00:00,15.805,15.86,15.78,15.835,106859
147,266,2020-08-14 14:30:00,15.83,15.87,15.8,15.825,185210
148,265,2020-08-14 15:00:00,15.8253,15.845,15.77,15.79,236729
149,264,2020-08-14 15:30:00,15.79,15.8,15.75,15.77,173390
150,263,2020-08-14 16:00:00,15.77,15.78,15.7,15.77,656116
151,262,2020-08-14 16:30:00,15.77,15.77,15.77,15.77,55601
152,261,2020-08-17 08:30:00,15.62,15.62,15.62,15.62,180
153,260,2020-08-17 09:30:00,15.9,15.9,15.76,15.76,3882
154,259,2020-08-17 10:00:00,15.78,15.89,15.64,15.6584,437561
155,258,2020-08-17 10:30:00,15.66,15.81,15.59,15.75,220812
156,257,2020-08-17 11:00:00,15.75,15.87,15.745,15.8,225215
157,256,2020-08-17 11:30:00,15.81,15.88,15.78,15.8502,271504
158,255,2020-08-17 12:00:00,15.85,15.87,15.79,15.83,199250
159,254,2020-08-17 12:30:00,15.8289,15.89,15.765,15.885,182746
160,253,2020-08-17 13:00:00,15.89,15.9,15.84,15.865,142858
161,252,2020-08-17 13:30:00,15.87,15.89,15.85,15.85,105554
162,251,2020-08-17 14:00:00,15.85,15.865,15.812000000000001,15.825,146591
163,250,2020-08-17 14:30:00,15.8269,15.85,15.805,15.85,150275
164,249,2020-08-17 15:00:00,15.85,15.85,15.8,15.82,172327
165,248,2020-08-17 15:30:00,15.815,15.835,15.78,15.81,338013
166,247,2020-08-17 16:00:00,15.81,15.85,15.79,15.85,1006017
167,246,2020-08-17 16:30:00,15.84,15.84,15.8,15.8,287456
168,245,2020-08-17 17:00:00,15.87,15.87,15.87,15.87,190
169,244,2020-08-17 17:30:00,15.8,15.8,15.8,15.8,300
170,243,2020-08-18 07:30:00,15.87,15.89,15.87,15.89,1392
171,242,2020-08-18 08:00:00,15.89,15.89,15.89,15.89,500
172,241,2020-08-18 08:30:00,16.0,16.0,15.88,15.88,203
173,240,2020-08-18 09:00:00,15.81,15.81,15.77,15.77,16345
174,239,2020-08-18 10:00:00,15.77,15.77,15.46,15.61,388914
175,238,2020-08-18 10:30:00,15.615,15.65,15.54,15.555,259821
176,237,2020-08-18 11:00:00,15.55,15.66,15.51,15.66,257803
177,236,2020-08-18 11:30:00,15.66,15.785,15.65,15.7565,184994
178,235,2020-08-18 12:00:00,15.755,15.82,15.735,15.795,176840
179,234,2020-08-18 12:30:00,15.8,15.83,15.73,15.765,161531
180,233,2020-08-18 13:00:00,15.76,15.77,15.7219,15.755,166489
181,232,2020-08-18 13:30:00,15.755,15.78,15.695,15.7082,110439
182,231,2020-08-18 14:00:00,15.7,15.84,15.7,15.835,129720
183,230,2020-08-18 14:30:00,15.84,15.885,15.83,15.865,215030
184,229,2020-08-18 15:00:00,15.865,15.885,15.825,15.84,242665
185,228,2020-08-18 15:30:00,15.845,15.865,15.76,15.775,314445
186,227,2020-08-18 16:00:00,15.78,15.795,15.715,15.76,841258
187,226,2020-08-18 16:30:00,15.76,15.89,15.7,15.89,49495
188,225,2020-08-18 17:00:00,15.61,15.61,15.61,15.61,745
189,224,2020-08-18 17:30:00,15.61,15.61,15.61,15.61,170
190,223,2020-08-18 18:00:00,15.65,15.65,15.65,15.65,100
191,222,2020-08-19 10:00:00,15.7,16.1,15.69,16.06,656636
192,221,2020-08-19 10:30:00,16.05,16.07,15.95,16.005,293819
193,220,2020-08-19 11:00:00,16.005,16.05,15.93,15.975,367341
194,219,2020-08-19 11:30:00,15.97,16.025,15.895,15.995,274042
195,218,2020-08-19 12:00:00,15.995,16.005,15.89,15.91,211386
196,217,2020-08-19 12:30:00,15.91,15.92,15.835,15.87,248359
197,216,2020-08-19 13:00:00,15.87,15.875,15.8,15.845,228232
198,215,2020-08-19 13:30:00,15.84,15.895,15.8,15.88,199538
199,214,2020-08-19 14:00:00,15.88,15.9052,15.85,15.865,159395
200,213,2020-08-19 14:30:00,15.86,15.89,15.8,15.82,181080
201,212,2020-08-19 15:00:00,15.82,15.82,15.78,15.7801,297137
202,211,2020-08-19 15:30:00,15.78,15.8,15.73,15.745,506536
203,210,2020-08-19 16:00:00,15.745,15.79,15.66,15.78,935028
204,209,2020-08-19 16:30:00,15.78,15.78,15.78,15.78,20343
205,208,2020-08-19 19:30:00,15.77,15.78,15.77,15.78,320
206,207,2020-08-19 20:00:00,15.67,15.78,15.67,15.78,450
207,206,2020-08-20 09:30:00,15.6007,15.6007,15.6007,15.6007,300
208,205,2020-08-20 10:00:00,15.7,15.73,15.55,15.67,345732
209,204,2020-08-20 10:30:00,15.67,15.85,15.64,15.81,139596
210,203,2020-08-20 11:00:00,15.8127,15.84,15.735,15.735,117031
211,202,2020-08-20 11:30:00,15.735,15.775,15.695,15.73,84697
212,201,2020-08-20 12:00:00,15.73,15.73,15.68,15.695,126053
213,200,2020-08-20 12:30:00,15.695,15.72,15.632,15.675,115548
214,199,2020-08-20 13:00:00,15.67,15.71,15.655,15.665,133099
215,198,2020-08-20 13:30:00,15.67,15.67,15.6133,15.635,133560
216,197,2020-08-20 14:00:00,15.63,15.76,15.63,15.725,515739
217,196,2020-08-20 14:30:00,15.72,15.79,15.71,15.745,142263
218,195,2020-08-20 15:00:00,15.75,15.8,15.745,15.76,120996
219,194,2020-08-20 15:30:00,15.77,15.8,15.685,15.695,173627
220,193,2020-08-20 16:00:00,15.695,15.725,15.65,15.65,615737
221,192,2020-08-20 16:30:00,15.65,15.65,15.65,15.65,32583
222,191,2020-08-20 20:00:00,15.9,15.9,15.8,15.8,1697
223,190,2020-08-21 08:30:00,15.51,15.52,15.51,15.52,668
224,189,2020-08-21 09:00:00,15.52,15.52,15.52,15.52,100
225,188,2020-08-21 09:30:00,15.53,15.8,15.53,15.8,1460
226,187,2020-08-21 10:00:00,15.74,15.94,15.7,15.73,549491
227,186,2020-08-21 10:30:00,15.73,15.7471,15.58,15.61,211251
228,185,2020-08-21 11:00:00,15.615,15.69,15.575,15.585,146597
229,184,2020-08-21 11:30:00,15.58,15.642000000000001,15.575,15.605,115410
230,183,2020-08-21 12:00:00,15.6,15.635,15.51,15.535,134999
231,182,2020-08-21 12:30:00,15.53,15.62,15.53,15.6022,100655
232,181,2020-08-21 13:00:00,15.605,15.63,15.6,15.605,99563
233,180,2020-08-21 13:30:00,15.605,15.65,15.6,15.61,95015
234,179,2020-08-21 14:00:00,15.605,15.67,15.605,15.66,107736
235,178,2020-08-21 14:30:00,15.665,15.68,15.61,15.615,313976
236,177,2020-08-21 15:00:00,15.615,15.7,15.61,15.69,214730
237,176,2020-08-21 15:30:00,15.685,15.695,15.645,15.655,202077
238,175,2020-08-21 16:00:00,15.655,15.69,15.62,15.68,994478
239,174,2020-08-21 16:30:00,15.68,15.68,15.68,15.68,67596
240,173,2020-08-24 07:30:00,15.76,15.76,15.76,15.76,138
241,172,2020-08-24 08:30:00,15.71,15.84,15.71,15.84,500
242,171,2020-08-24 10:00:00,15.72,15.88,15.62,15.8059,409307
243,170,2020-08-24 10:30:00,15.805,15.93,15.805,15.88,280434
244,169,2020-08-24 11:00:00,15.8785,15.98,15.8785,15.97,341750
245,168,2020-08-24 11:30:00,15.975,15.985,15.935,15.97,192572
246,167,2020-08-24 12:00:00,15.97,15.98,15.9295,15.95,241885
247,166,2020-08-24 12:30:00,15.945,15.985,15.895,15.9,289763
248,165,2020-08-24 13:00:00,15.905,15.925,15.79,15.825,518040
249,164,2020-08-24 13:30:00,15.825,15.85,15.79,15.845,107550
250,163,2020-08-24 14:00:00,15.845,15.86,15.81,15.845,194774
251,162,2020-08-24 14:30:00,15.845,15.865,15.82,15.865,125345
252,161,2020-08-24 15:00:00,15.8641,15.87,15.79,15.795,232286
253,160,2020-08-24 15:30:00,15.795,15.9,15.79,15.895,295771
254,159,2020-08-24 16:00:00,15.89,16.06,15.865,16.05,1080735
255,158,2020-08-24 16:30:00,16.04,16.0401,16.04,16.04,318634
256,157,2020-08-24 17:00:00,16.04,16.04,16.04,16.04,653
257,156,2020-08-24 18:30:00,16.15,16.15,16.15,16.15,100
258,155,2020-08-25 10:00:00,16.18,16.28,16.07,16.18,763506
259,154,2020-08-25 10:30:00,16.17,16.21,15.965,16.01,259756
260,153,2020-08-25 11:00:00,16.01,16.01,15.845,15.87,192182
261,152,2020-08-25 11:30:00,15.87,15.94,15.85,15.915,332274
262,151,2020-08-25 12:00:00,15.915,15.9884,15.85,15.915,294965
263,150,2020-08-25 12:30:00,15.91,15.98,15.88,15.965,148998
264,149,2020-08-25 13:00:00,15.965,16.04,15.96,16.0,154524
265,148,2020-08-25 13:30:00,16.0,16.11,15.99,16.085,150092
266,147,2020-08-25 14:00:00,16.085,16.145,16.07,16.07,205730
267,146,2020-08-25 14:30:00,16.075,16.08,15.99,16.005,165910
268,145,2020-08-25 15:00:00,16.0,16.05,15.995,16.045,150560
269,144,2020-08-25 15:30:00,16.045,16.05,15.955,15.995,359834
270,143,2020-08-25 16:00:00,15.99,16.03,15.96,16.0,876638
271,142,2020-08-25 16:30:00,16.01,16.01,16.01,16.01,208874
272,141,2020-08-25 19:30:00,15.92,15.93,15.9,15.9,1562
273,140,2020-08-25 20:00:00,16.0,16.0,16.0,16.0,166
274,139,2020-08-26 08:00:00,16.01,16.01,16.01,16.01,100
275,138,2020-08-26 09:00:00,15.95,15.95,15.95,15.95,300
276,137,2020-08-26 09:30:00,15.95,15.95,15.88,15.88,8441
277,136,2020-08-26 10:00:00,15.87,15.975,15.75,15.935,395209
278,135,2020-08-26 10:30:00,15.93,15.99,15.87,15.92,289056
279,134,2020-08-26 11:00:00,15.92,15.96,15.88,15.93,246115
280,133,2020-08-26 11:30:00,15.935,15.97,15.85,15.8637,159441
281,132,2020-08-26 12:00:00,15.86,15.87,15.745,15.79,107899
282,131,2020-08-26 12:30:00,15.795,15.865,15.76,15.835,185390
283,130,2020-08-26 13:00:00,15.835,15.91,15.82,15.905,163888
284,129,2020-08-26 13:30:00,15.905,15.905,15.85,15.865,79293
285,128,2020-08-26 14:00:00,15.8616,15.89,15.835,15.87,105840
286,127,2020-08-26 14:30:00,15.86,15.89,15.825,15.845,174044
287,126,2020-08-26 15:00:00,15.84,15.84,15.75,15.805,233287
288,125,2020-08-26 15:30:00,15.8,15.805,15.745,15.75,424619
289,124,2020-08-26 16:00:00,15.75,15.76,15.56,15.575,1893519
290,123,2020-08-26 16:30:00,15.57,15.57,15.57,15.57,78861
291,122,2020-08-26 17:30:00,15.5802,15.5802,15.5802,15.5802,100
292,121,2020-08-26 18:00:00,15.6,15.6,15.6,15.6,200
293,120,2020-08-26 19:00:00,15.54,15.54,15.54,15.54,250
294,119,2020-08-27 05:30:00,15.89,15.89,15.89,15.89,120
295,118,2020-08-27 07:30:00,15.57,15.73,15.57,15.73,400
296,117,2020-08-27 08:30:00,15.57,15.74,15.57,15.74,700
297,116,2020-08-27 09:30:00,15.74,15.74,15.65,15.71,6003
298,115,2020-08-27 10:00:00,15.74,15.965,15.68,15.95,462492
299,114,2020-08-27 10:30:00,15.95,16.0,15.73,15.805,283523
300,113,2020-08-27 11:00:00,15.79,15.85,15.74,15.82,171104
301,112,2020-08-27 11:30:00,15.81,15.81,15.7346,15.735,184884
302,111,2020-08-27 12:00:00,15.73,15.835,15.725,15.825,125495
303,110,2020-08-27 12:30:00,15.83,15.84,15.775,15.805,142441
304,109,2020-08-27 13:00:00,15.8,15.815,15.75,15.8,166256
305,108,2020-08-27 13:30:00,15.795,15.865,15.765,15.82,178848
306,107,2020-08-27 14:00:00,15.825,15.87,15.74,15.795,128747
307,106,2020-08-27 14:30:00,15.795,15.855,15.78,15.805,285214
308,105,2020-08-27 15:00:00,15.81,15.825,15.775,15.81,136290
309,104,2020-08-27 15:30:00,15.815,15.835,15.79,15.825,228686
310,103,2020-08-27 16:00:00,15.82,15.82,15.71,15.73,672279
311,102,2020-08-27 16:30:00,15.73,15.73,15.73,15.73,25717
312,101,2020-08-27 17:30:00,15.67,15.69,15.67,15.69,1000
313,100,2020-08-27 18:00:00,15.69,15.69,15.69,15.69,2210
314,99,2020-08-27 19:00:00,15.79,15.79,15.79,15.79,100
315,98,2020-08-28 10:00:00,15.81,15.895,15.65,15.7,515738
316,97,2020-08-28 10:30:00,15.7,15.73,15.48,15.489,301614
317,96,2020-08-28 11:00:00,15.485,15.605,15.47,15.48,152339
318,95,2020-08-28 11:30:00,15.485,15.59,15.46,15.54,196004
319,94,2020-08-28 12:00:00,15.5385,15.6,15.525,15.57,115212
320,93,2020-08-28 12:30:00,15.57,15.61,15.51,15.545,168726
321,92,2020-08-28 13:00:00,15.545,15.635,15.51,15.635,227551
322,91,2020-08-28 13:30:00,15.635,15.67,15.63,15.645,88419
323,90,2020-08-28 14:00:00,15.65,15.69,15.64,15.655,105147
324,89,2020-08-28 14:30:00,15.65,15.69,15.62,15.635,198067
325,88,2020-08-28 15:00:00,15.63,15.715,15.61,15.68,138052
326,87,2020-08-28 15:30:00,15.68,15.72,15.665,15.69,161875
327,86,2020-08-28 16:00:00,15.695,15.73,15.69,15.72,560433
328,85,2020-08-28 16:30:00,15.72,15.72,15.68,15.68,27297
329,84,2020-08-31 08:30:00,15.4119,15.4119,15.4119,15.4119,101
330,83,2020-08-31 10:00:00,15.7,15.7,15.2,15.44,524352
331,82,2020-08-31 10:30:00,15.435,15.44,15.32,15.365,195687
332,81,2020-08-31 11:00:00,15.38,15.45,15.365,15.445,185067
333,80,2020-08-31 11:30:00,15.44,15.4669,15.255,15.275,216544
334,79,2020-08-31 12:00:00,15.27,15.395,15.27,15.35,139198
335,78,2020-08-31 12:30:00,15.355,15.36,15.25,15.285,160788
336,77,2020-08-31 13:00:00,15.28,15.31,15.23,15.275,104895
337,76,2020-08-31 13:30:00,15.27,15.275,15.19,15.235,264416
338,75,2020-08-31 14:00:00,15.2352,15.275,15.22,15.255,285312
339,74,2020-08-31 14:30:00,15.255,15.27,15.24,15.255,228765
340,73,2020-08-31 15:00:00,15.255,15.31,15.225,15.27,509819
341,72,2020-08-31 15:30:00,15.275,15.39,15.27,15.375,334290
342,71,2020-08-31 16:00:00,15.375,15.425,15.29,15.29,936476
343,70,2020-08-31 16:30:00,15.29,15.29,15.29,15.29,124209
344,69,2020-08-31 20:00:00,15.25,15.25,15.25,15.25,109
345,68,2020-09-01 08:30:00,15.3,15.3,15.3,15.3,100
346,67,2020-09-01 09:30:00,15.3,15.39,15.3,15.38,3807
347,66,2020-09-01 10:00:00,15.24,15.32,15.13,15.2848,803357
348,65,2020-09-01 10:30:00,15.29,15.44,15.28,15.41,347543
349,64,2020-09-01 11:00:00,15.419,15.42,15.3,15.3,390611
350,63,2020-09-01 11:30:00,15.3,15.3551,15.26,15.29,263870
351,62,2020-09-01 12:00:00,15.29,15.42,15.29,15.38,400352
352,61,2020-09-01 12:30:00,15.38,15.45,15.37,15.38,214539
353,60,2020-09-01 13:00:00,15.38,15.415,15.37,15.38,100974
354,59,2020-09-01 13:30:00,15.375,15.43,15.37,15.395,134666
355,58,2020-09-01 14:00:00,15.395,15.41,15.37,15.4,291243
356,57,2020-09-01 14:30:00,15.3957,15.425,15.39,15.395,114915
357,56,2020-09-01 15:00:00,15.395,15.54,15.38,15.53,340362
358,55,2020-09-01 15:30:00,15.52,15.6,15.515,15.59,397506
359,54,2020-09-01 16:00:00,15.59,15.59,15.5,15.54,720690
360,53,2020-09-01 16:30:00,15.54,15.54,15.54,15.54,38108
361,52,2020-09-01 17:00:00,15.6,15.6,15.6,15.6,198
362,51,2020-09-01 20:00:00,15.54,15.54,15.54,15.54,100
363,50,2020-09-02 07:30:00,15.5,15.5,15.5,15.5,750
364,49,2020-09-02 09:30:00,15.5091,15.69,15.5091,15.69,4325
365,48,2020-09-02 10:00:00,15.7,15.99,15.58,15.68,666531
366,47,2020-09-02 10:30:00,15.685,15.885,15.685,15.885,443746
367,46,2020-09-02 11:00:00,15.89,15.985,15.86,15.9474,336563
368,45,2020-09-02 11:30:00,15.95,15.98,15.915,15.95,237189
369,44,2020-09-02 12:00:00,15.9508,15.955,15.855,15.865,163088
370,43,2020-09-02 12:30:00,15.86,15.885,15.815,15.8577,123591
371,42,2020-09-02 13:00:00,15.855,15.87,15.78,15.78,140269
372,41,2020-09-02 13:30:00,15.78,15.8,15.75,15.79,106003
373,40,2020-09-02 14:00:00,15.789000000000001,15.85,15.78,15.835,266812
374,39,2020-09-02 14:30:00,15.832,15.84,15.77,15.81,210888
375,38,2020-09-02 15:00:00,15.815,15.9,15.79,15.875,249664
376,37,2020-09-02 15:30:00,15.875,15.94,15.875,15.895,567000
377,36,2020-09-02 16:00:00,15.89,15.99,15.855,15.93,1013472
378,35,2020-09-02 16:30:00,15.92,16.05,15.92,16.0,46922
379,34,2020-09-03 09:00:00,15.8,15.8,15.8,15.8,300
380,33,2020-09-03 10:00:00,15.94,16.145,15.94,16.04,498130
381,32,2020-09-03 10:30:00,16.04,16.0494,15.79,15.86,191377
382,31,2020-09-03 11:00:00,15.86,15.89,15.79,15.83,235746
383,30,2020-09-03 11:30:00,15.835,15.835,15.445,15.53,387355
384,29,2020-09-03 12:00:00,15.53,15.7,15.4805,15.65,197616
385,28,2020-09-03 12:30:00,15.655,15.74,15.64,15.69,150200
386,27,2020-09-03 13:00:00,15.69,15.71,15.56,15.59,165283
387,26,2020-09-03 13:30:00,15.59,15.635,15.52,15.6,152717
388,25,2020-09-03 14:00:00,15.6,15.6,15.49,15.545,170716
389,24,2020-09-03 14:30:00,15.545,15.6,15.515,15.5456,138972
390,23,2020-09-03 15:00:00,15.54,15.625,15.44,15.44,201056
391,22,2020-09-03 15:30:00,15.44,15.5295,15.42,15.505,271549
392,21,2020-09-03 16:00:00,15.5,15.56,15.43,15.51,764070
393,20,2020-09-03 16:30:00,15.51,15.51,15.51,15.51,32698
394,19,2020-09-03 18:30:00,15.5,15.5,15.5,15.5,533
395,18,2020-09-03 19:00:00,15.43,15.43,15.43,15.43,100
396,17,2020-09-03 20:00:00,15.5,15.5,15.5,15.5,200
397,16,2020-09-04 07:30:00,15.5,15.5,15.5,15.5,364
398,15,2020-09-04 09:30:00,15.7,15.7,15.7,15.7,3671
399,14,2020-09-04 10:00:00,15.7,15.8,15.54,15.58,606712
400,13,2020-09-04 10:30:00,15.59,15.77,15.52,15.52,239091
401,12,2020-09-04 11:00:00,15.525,15.565,15.24,15.41,562940
402,11,2020-09-04 11:30:00,15.4,15.47,15.34,15.425,172597
403,10,2020-09-04 12:00:00,15.42,15.475,15.335,15.38,396856
404,9,2020-09-04 12:30:00,15.38,15.585,15.32,15.585,289600
405,8,2020-09-04 13:00:00,15.58,15.59,15.48,15.58,256115
406,7,2020-09-04 13:30:00,15.57,15.58,15.48,15.4801,159677
407,6,2020-09-04 14:00:00,15.47,15.475,15.36,15.405,365134
408,5,2020-09-04 14:30:00,15.4,15.485,15.3839,15.475,261290
409,4,2020-09-04 15:00:00,15.47,15.57,15.43,15.55,257928
410,3,2020-09-04 15:30:00,15.55,15.55,15.43,15.44,764572
411,2,2020-09-04 16:00:00,15.44,15.455,15.365,15.4,854967
412,1,2020-09-04 16:30:00,15.41,15.41,15.41,15.41,69593
413,0,2020-09-04 19:00:00,15.34,15.34,15.34,15.34,600
414,319,2020-09-08 08:30:00,15.27,15.27,15.22,15.22,496
415,318,2020-09-08 10:00:00,15.25,15.42,15.19,15.39,798914
416,317,2020-09-08 10:30:00,15.4,15.45,15.205,15.45,330430
417,316,2020-09-08 11:00:00,15.45,15.54,15.41,15.505,242848
418,315,2020-09-08 11:30:00,15.5,15.575,15.47,15.485,182060
419,314,2020-09-08 12:00:00,15.48,15.515,15.44,15.485,184255
420,313,2020-09-08 12:30:00,15.48,15.615,15.475,15.54,316944
421,312,2020-09-08 13:00:00,15.545,15.69,15.54,15.64,287161
422,311,2020-09-08 13:30:00,15.635,15.69,15.585,15.675,157768
423,310,2020-09-08 14:00:00,15.67,15.68,15.6,15.6,119155
424,309,2020-09-08 14:30:00,15.605,15.62,15.57,15.5909,125652
425,308,2020-09-08 15:00:00,15.59,15.6,15.5,15.6,175339
426,307,2020-09-08 15:30:00,15.59,15.5999,15.5,15.595,271676
427,306,2020-09-08 16:00:00,15.59,15.62,15.52,15.53,643219
428,305,2020-09-08 16:30:00,15.52,15.62,15.52,15.62,53016
429,304,2020-09-08 19:00:00,15.6899,15.6899,15.4,15.4,1000
430,303,2020-09-09 09:00:00,15.52,15.52,15.52,15.52,441
431,302,2020-09-09 09:30:00,15.6,15.6,15.43,15.43,7944
432,301,2020-09-09 10:00:00,15.54,15.54,15.27,15.34,396111
433,300,2020-09-09 10:30:00,15.34,15.39,15.23,15.24,199857
434,299,2020-09-09 11:00:00,15.24,15.255,15.14,15.2,201441
435,298,2020-09-09 11:30:00,15.21,15.28,15.19,15.279000000000002,169598
436,297,2020-09-09 12:00:00,15.28,15.29,15.145,15.21,191474
437,296,2020-09-09 12:30:00,15.205,15.26,15.205,15.25,113899
438,295,2020-09-09 13:00:00,15.2475,15.27,15.23,15.25,185764
439,294,2020-09-09 13:30:00,15.26,15.415,15.26,15.375,134432
440,293,2020-09-09 14:00:00,15.38,15.44,15.375,15.41,108726
441,292,2020-09-09 14:30:00,15.42,15.45,15.33,15.355,154973
442,291,2020-09-09 15:00:00,15.355,15.365,15.32,15.32,128268
443,290,2020-09-09 15:30:00,15.325,15.44,15.32,15.4264,195279
444,289,2020-09-09 16:00:00,15.425,15.45,15.36,15.37,572360
445,288,2020-09-09 16:30:00,15.38,15.38,15.38,15.38,44019
446,287,2020-09-10 07:30:00,15.25,15.25,15.25,15.25,100
447,286,2020-09-10 09:00:00,15.39,15.4,15.39,15.4,2194
448,285,2020-09-10 10:00:00,15.52,15.655,15.48,15.505,300591
449,284,2020-09-10 10:30:00,15.51,15.6,15.47,15.4784,114647
450,283,2020-09-10 11:00:00,15.48,15.55,15.36,15.37,128536
451,282,2020-09-10 11:30:00,15.37,15.47,15.335,15.47,118069
452,281,2020-09-10 12:00:00,15.46,15.47,15.38,15.4,205217
453,280,2020-09-10 12:30:00,15.39,15.45,15.365,15.405,216214
454,279,2020-09-10 13:00:00,15.405,15.41,15.305,15.4,111516
455,278,2020-09-10 13:30:00,15.4,15.415,15.35,15.355,145813
456,277,2020-09-10 14:00:00,15.36,15.405,15.355,15.395,93336
457,276,2020-09-10 14:30:00,15.39,15.45,15.3,15.3,175355
458,275,2020-09-10 15:00:00,15.31,15.42,15.31,15.405,139799
459,274,2020-09-10 15:30:00,15.405,15.405,15.22,15.3,190842
460,273,2020-09-10 16:00:00,15.29,15.365,15.27,15.28,499663
461,272,2020-09-10 16:30:00,15.28,15.28,15.28,15.28,25339
462,271,2020-09-10 19:30:00,15.29,15.29,15.29,15.29,700
463,270,2020-09-10 20:00:00,15.29,15.29,15.29,15.29,148
464,269,2020-09-11 09:30:00,15.45,15.45,15.45,15.45,400
465,268,2020-09-11 10:00:00,15.47,15.47,15.245,15.285,295324
466,267,2020-09-11 10:30:00,15.285,15.45,15.28,15.38,229379
467,266,2020-09-11 11:00:00,15.39,15.495,15.375,15.44,180035
468,265,2020-09-11 11:30:00,15.445,15.53,15.435,15.44,522917
469,264,2020-09-11 12:00:00,15.45,15.46,15.4,15.43,254395
470,263,2020-09-11 12:30:00,15.42,15.5,15.41,15.47,443368
471,262,2020-09-11 13:00:00,15.465,15.47,15.315,15.33,234737
472,261,2020-09-11 13:30:00,15.325,15.34,15.2,15.215,199742
473,260,2020-09-11 14:00:00,15.22,15.32,15.2,15.265,120266
474,259,2020-09-11 14:30:00,15.265,15.34,15.265,15.315,119175
475,258,2020-09-11 15:00:00,15.315,15.395,15.31,15.38,221440
476,257,2020-09-11 15:30:00,15.375,15.39,15.29,15.385,191191
477,256,2020-09-11 16:00:00,15.39,15.42,15.36,15.39,599307
478,255,2020-09-11 16:30:00,15.39,15.39,15.39,15.39,40737
479,254,2020-09-11 19:30:00,15.34,15.34,15.34,15.34,100
480,253,2020-09-14 04:30:00,15.6,15.6,15.6,15.6,100
481,252,2020-09-14 10:00:00,15.55,15.64,15.39,15.62,503810
482,251,2020-09-14 10:30:00,15.63,15.7,15.61,15.61,254533
483,250,2020-09-14 11:00:00,15.61,15.72,15.565,15.68,383051
484,249,2020-09-14 11:30:00,15.68,15.69,15.565,15.665,260864
485,248,2020-09-14 12:00:00,15.67,15.735,15.65,15.67,205445
486,247,2020-09-14 12:30:00,15.67,15.74,15.655,15.735,156776
487,246,2020-09-14 13:00:00,15.735,15.745,15.695,15.725,157190
488,245,2020-09-14 13:30:00,15.73,15.745,15.6299,15.66,108267
489,244,2020-09-14 14:00:00,15.66,15.665,15.595,15.66,148250
490,243,2020-09-14 14:30:00,15.65,15.725,15.64,15.715,190943
491,242,2020-09-14 15:00:00,15.715,15.76,15.7,15.74,237618
492,241,2020-09-14 15:30:00,15.735,15.75,15.695,15.7336,259350
493,240,2020-09-14 16:00:00,15.735,15.84,15.715,15.78,782784
494,239,2020-09-14 16:30:00,15.78,15.78,15.51,15.51,48155
495,238,2020-09-15 07:30:00,15.85,15.85,15.85,15.85,100
496,237,2020-09-15 08:30:00,15.89,15.9,15.89,15.9,600
497,236,2020-09-15 10:00:00,15.92,16.12,15.715,15.735,553743
498,235,2020-09-15 10:30:00,15.73,15.735,15.64,15.735,200136
499,234,2020-09-15 11:00:00,15.73,15.9,15.695,15.82,322745
500,233,2020-09-15 11:30:00,15.82,15.8275,15.73,15.77,176218
501,232,2020-09-15 12:00:00,15.76,15.795,15.66,15.7,832578
502,231,2020-09-15 12:30:00,15.695,15.75,15.685,15.7375,237485
503,230,2020-09-15 13:00:00,15.735,15.79,15.73,15.76,420595
504,229,2020-09-15 13:30:00,15.755,15.815,15.735,15.77,307307
505,228,2020-09-15 14:00:00,15.77,15.77,15.705,15.715,377299
506,227,2020-09-15 14:30:00,15.715,15.7381,15.685,15.695,292800
507,226,2020-09-15 15:00:00,15.695,15.705,15.64,15.685,300102
508,225,2020-09-15 15:30:00,15.685,15.72,15.65,15.675,311129
509,224,2020-09-15 16:00:00,15.67,15.71,15.58,15.71,1384861
510,223,2020-09-15 16:30:00,15.71,15.71,15.71,15.71,403488
511,222,2020-09-15 19:00:00,15.68,15.68,15.68,15.68,312
512,221,2020-09-15 20:00:00,15.5,15.65,15.5,15.65,5186
513,220,2020-09-16 09:30:00,15.88,15.88,15.88,15.88,519
514,219,2020-09-16 10:00:00,15.81,15.945,15.745,15.935,378680
515,218,2020-09-16 10:30:00,15.93,16.08,15.87,16.01,393523
516,217,2020-09-16 11:00:00,16.015,16.045,15.96,16.035,360249
517,216,2020-09-16 11:30:00,16.03,16.19,16.03,16.175,794367
518,215,2020-09-16 12:00:00,16.175,16.29,16.145,16.175,796794
519,214,2020-09-16 12:30:00,16.18,16.205,16.15,16.17,276837
520,213,2020-09-16 13:00:00,16.175,16.31,16.165,16.285,172909
521,212,2020-09-16 13:30:00,16.285,16.32,16.25,16.27,141727
522,211,2020-09-16 14:00:00,16.27,16.3,16.215,16.24,180660
523,210,2020-09-16 14:30:00,16.25,16.335,16.22,16.32,189622
524,209,2020-09-16 15:00:00,16.315,16.44,16.27,16.315,345932
525,208,2020-09-16 15:30:00,16.315,16.3353,16.2,16.245,392706
526,207,2020-09-16 16:00:00,16.245,16.3,16.18,16.21,1155165
527,206,2020-09-16 16:30:00,16.21,16.21,16.0712,16.0712,87048
528,205,2020-09-16 17:00:00,16.11,16.11,16.11,16.11,100
529,204,2020-09-17 09:00:00,16.0,16.0,16.0,16.0,100
530,203,2020-09-17 09:30:00,15.91,15.99,15.87,15.87,4740
531,202,2020-09-17 10:00:00,15.94,15.94,15.55,15.92,839942
532,201,2020-09-17 10:30:00,15.92,16.095,15.91,15.97,388138
533,200,2020-09-17 11:00:00,15.97,15.99,15.82,15.84,326772
534,199,2020-09-17 11:30:00,15.835,15.95,15.83,15.855,261351
535,198,2020-09-17 12:00:00,15.855,15.86,15.76,15.77,185453
536,197,2020-09-17 12:30:00,15.77,15.77,15.61,15.675,202552
537,196,2020-09-17 13:00:00,15.67,15.79,15.66,15.79,229049
538,195,2020-09-17 13:30:00,15.795,15.795,15.63,15.63,124525
539,194,2020-09-17 14:00:00,15.63,15.725,15.63,15.71,235173
540,193,2020-09-17 14:30:00,15.71,15.77,15.7,15.7,161237
541,192,2020-09-17 15:00:00,15.7,15.735,15.66,15.66,246168
542,191,2020-09-17 15:30:00,15.665,15.68,15.585,15.61,287654
543,190,2020-09-17 16:00:00,15.615,15.83,15.61,15.82,1350725
544,189,2020-09-17 16:30:00,15.8,15.8,15.79,15.8,45352
545,188,2020-09-17 17:00:00,15.8,15.8,15.8,15.8,160
546,187,2020-09-18 09:30:00,15.76,15.76,15.75,15.75,3747
547,186,2020-09-18 10:00:00,15.77,15.875,15.68,15.75,848614
548,185,2020-09-18 10:30:00,15.75,15.83,15.7,15.73,150427
549,184,2020-09-18 11:00:00,15.73,15.77,15.685,15.71,714259
550,183,2020-09-18 11:30:00,15.72,15.785,15.66,15.71,328365
551,182,2020-09-18 12:00:00,15.715,15.76,15.67,15.7099,280740
552,181,2020-09-18 12:30:00,15.71,15.75,15.6002,15.635,1112090
553,180,2020-09-18 13:00:00,15.635,15.635,15.54,15.61,173025
554,179,2020-09-18 13:30:00,15.61,15.62,15.545,15.55,188730
555,178,2020-09-18 14:00:00,15.55,15.635,15.505,15.625,304915
556,177,2020-09-18 14:30:00,15.63,15.65,15.59,15.615,201423
557,176,2020-09-18 15:00:00,15.62,15.63,15.5734,15.62,214030
558,175,2020-09-18 15:30:00,15.62,15.685,15.6,15.685,376966
559,174,2020-09-18 16:00:00,15.68,15.7,15.59,15.64,1668991
560,173,2020-09-18 16:30:00,15.67,15.6717,15.67,15.6717,1604865
561,172,2020-09-18 19:00:00,15.75,15.75,15.75,15.75,7800
562,171,2020-09-18 19:30:00,15.75,15.75,15.75,15.75,1200
563,170,2020-09-18 20:00:00,15.75,15.75,15.61,15.61,5000
564,169,2020-09-21 06:30:00,15.31,15.31,15.3,15.3,762
565,168,2020-09-21 07:30:00,15.4,15.4,15.4,15.4,705
566,167,2020-09-21 08:30:00,15.35,15.36,15.35,15.35,700
567,166,2020-09-21 09:30:00,15.49,15.5,15.49,15.5,200
568,165,2020-09-21 10:00:00,15.35,15.4,15.13,15.32,570220
569,164,2020-09-21 10:30:00,15.32,15.435,15.25,15.325,324947
570,163,2020-09-21 11:00:00,15.32,15.34,15.18,15.295,272790
571,162,2020-09-21 11:30:00,15.29,15.37,15.27,15.33,228099
572,161,2020-09-21 12:00:00,15.33,15.37,15.26,15.34,196202
573,160,2020-09-21 12:30:00,15.335,15.42,15.33,15.335,158215
574,159,2020-09-21 13:00:00,15.335,15.39,15.25,15.27,165912
575,158,2020-09-21 13:30:00,15.279000000000002,15.3,15.235,15.29,147283
576,157,2020-09-21 14:00:00,15.28,15.31,15.24,15.26,169250
577,156,2020-09-21 14:30:00,15.26,15.28,15.205,15.215,222456
578,155,2020-09-21 15:00:00,15.21,15.24,15.14,15.2,240354
579,154,2020-09-21 15:30:00,15.2,15.3,15.2,15.265,319687
580,153,2020-09-21 16:00:00,15.27,15.325,15.25,15.29,1163164
581,152,2020-09-21 16:30:00,15.29,15.29,15.29,15.29,53865
582,151,2020-09-21 18:00:00,15.33,15.4,15.33,15.4,1000
583,150,2020-09-21 20:00:00,15.3,15.3,15.3,15.3,451
584,149,2020-09-22 10:00:00,15.34,15.605,15.34,15.42,333868
585,148,2020-09-22 10:30:00,15.41,15.52,15.36,15.495,188898
586,147,2020-09-22 11:00:00,15.5,15.51,15.33,15.33,113989
587,146,2020-09-22 11:30:00,15.34,15.41,15.32,15.4,114616
588,145,2020-09-22 12:00:00,15.4,15.44,15.34,15.42,169592
589,144,2020-09-22 12:30:00,15.42,15.48,15.39,15.46,173302
590,143,2020-09-22 13:00:00,15.455,15.485,15.44,15.46,119390
591,142,2020-09-22 13:30:00,15.46,15.54,15.45,15.52,142084
592,141,2020-09-22 14:00:00,15.53,15.62,15.52,15.605,157503
593,140,2020-09-22 14:30:00,15.61,15.66,15.585,15.65,180785
594,139,2020-09-22 15:00:00,15.655,15.68,15.63,15.635,145592
595,138,2020-09-22 15:30:00,15.64,15.665,15.62,15.65,202181
596,137,2020-09-22 16:00:00,15.66,15.68,15.6,15.64,702367
597,136,2020-09-22 16:30:00,15.64,15.64,15.64,15.64,36486
598,135,2020-09-22 18:00:00,15.44,15.44,15.44,15.44,200
599,134,2020-09-23 09:30:00,15.636,15.636,15.636,15.636,2636
600,133,2020-09-23 10:00:00,15.85,16.09,15.835,15.845,496051
601,132,2020-09-23 10:30:00,15.85,15.955,15.825,15.84,286848
602,131,2020-09-23 11:00:00,15.85,16.04,15.845,15.995,397239
603,130,2020-09-23 11:30:00,15.995,16.065,15.955,16.035,313136
604,129,2020-09-23 12:00:00,16.04,16.12,16.02,16.075,344338
605,128,2020-09-23 12:30:00,16.075,16.135,16.05,16.095,208829
606,127,2020-09-23 13:00:00,16.1,16.195,16.1,16.195,375448
607,126,2020-09-23 13:30:00,16.2,16.25,16.17,16.2,230793
608,125,2020-09-23 14:00:00,16.2035,16.24,16.17,16.205,275211
609,124,2020-09-23 14:30:00,16.205,16.24,16.13,16.195,439747
610,123,2020-09-23 15:00:00,16.19,16.215,16.13,16.135,484125
611,122,2020-09-23 15:30:00,16.135,16.16,16.04,16.12,535230
612,121,2020-09-23 16:00:00,16.11,16.14,15.98,16.0,1233397
613,120,2020-09-23 16:30:00,16.0,16.0,16.0,16.0,18253
614,119,2020-09-23 17:30:00,16.08,16.08,16.08,16.08,135
615,118,2020-09-23 18:00:00,16.0,16.0,16.0,16.0,100
616,117,2020-09-23 19:30:00,16.0,16.0,16.0,16.0,155
617,116,2020-09-23 20:00:00,15.95,15.95,15.95,15.95,100
618,115,2020-09-24 09:30:00,15.92,15.92,15.9,15.9,400
619,114,2020-09-24 10:00:00,15.9,15.9,15.3,15.4799,677646
620,113,2020-09-24 10:30:00,15.485,15.78,15.485,15.66,314198
621,112,2020-09-24 11:00:00,15.655,15.72,15.57,15.655,198526
622,111,2020-09-24 11:30:00,15.655,15.665,15.525,15.63,198112
623,110,2020-09-24 12:00:00,15.635,15.747,15.63,15.72,134208
624,109,2020-09-24 12:30:00,15.73,15.775,15.705,15.74,127508
625,108,2020-09-24 13:00:00,15.74,15.76,15.655,15.75,95479
626,107,2020-09-24 13:30:00,15.74,15.875,15.73,15.87,95855
627,106,2020-09-24 14:00:00,15.87,15.9082,15.8201,15.825,116376
628,105,2020-09-24 14:30:00,15.83,15.85,15.76,15.77,110571
629,104,2020-09-24 15:00:00,15.78,15.85,15.675,15.675,226502
630,103,2020-09-24 15:30:00,15.68,15.745,15.56,15.58,344510
631,102,2020-09-24 16:00:00,15.58,15.625,15.54,15.58,689509
632,101,2020-09-24 16:30:00,15.58,15.58,15.58,15.58,33739
633,100,2020-09-25 07:30:00,15.6,15.6,15.6,15.6,100
634,99,2020-09-25 09:30:00,15.53,15.53,15.44,15.44,880
635,98,2020-09-25 10:00:00,15.46,15.57,15.39,15.52,1149016
636,97,2020-09-25 10:30:00,15.525,15.56,15.375,15.47,200178
637,96,2020-09-25 11:00:00,15.48,15.48,15.345,15.35,254702
638,95,2020-09-25 11:30:00,15.345,15.37,15.305,15.305,169459
639,94,2020-09-25 12:00:00,15.31,15.34,15.19,15.2241,302405
640,93,2020-09-25 12:30:00,15.225,15.275,15.195,15.22,254673
641,92,2020-09-25 13:00:00,15.23,15.4,15.22,15.39,452152
642,91,2020-09-25 13:30:00,15.385,15.475,15.38,15.425,451445
643,90,2020-09-25 14:00:00,15.425,15.445,15.37,15.405,304550
644,89,2020-09-25 14:30:00,15.405,15.4496,15.36,15.395,270718
645,88,2020-09-25 15:00:00,15.395,15.495,15.375,15.46,197773
646,87,2020-09-25 15:30:00,15.465,15.6,15.46,15.555,355471
647,86,2020-09-25 16:00:00,15.5562,15.56,15.48,15.51,958753
648,85,2020-09-25 16:30:00,15.51,15.5322,15.51,15.5322,512496
649,84,2020-09-25 18:00:00,15.51,15.51,15.51,15.51,800
650,83,2020-09-25 19:30:00,15.4,15.4,15.4,15.4,285
651,82,2020-09-28 09:30:00,15.61,15.61,15.61,15.61,400
652,81,2020-09-28 10:00:00,15.82,15.97,15.63,15.72,379971
653,80,2020-09-28 10:30:00,15.73,15.78,15.675,15.76,223891
654,79,2020-09-28 11:00:00,15.76,15.805,15.715,15.79,163790
655,78,2020-09-28 11:30:00,15.7919,15.795,15.73,15.745,162643
656,77,2020-09-28 12:00:00,15.74,15.77,15.725,15.745,229616
657,76,2020-09-28 12:30:00,15.745,15.86,15.73,15.85,122376
658,75,2020-09-28 13:00:00,15.85,15.855,15.79,15.805,128051
659,74,2020-09-28 13:30:00,15.8,15.825,15.755,15.775,97117
660,73,2020-09-28 14:00:00,15.775,15.79,15.71,15.725,126566
661,72,2020-09-28 14:30:00,15.73,15.7766,15.715,15.745,122885
662,71,2020-09-28 15:00:00,15.745,15.845,15.73,15.84,193940
663,70,2020-09-28 15:30:00,15.83,15.88,15.7925,15.88,267190
664,69,2020-09-28 16:00:00,15.88,15.88,15.76,15.8,736878
665,68,2020-09-28 16:30:00,15.79,15.79,15.79,15.79,31385
666,67,2020-09-28 18:00:00,15.85,15.85,15.85,15.85,300
667,66,2020-09-29 10:00:00,15.79,15.79,15.515,15.53,307175
668,65,2020-09-29 10:30:00,15.53,15.585,15.5,15.55,223114
669,64,2020-09-29 11:00:00,15.55,15.555,15.42,15.445,331455
670,63,2020-09-29 11:30:00,15.44,15.445,15.365,15.4,170002
671,62,2020-09-29 12:00:00,15.395,15.45,15.3419,15.36,213644
672,61,2020-09-29 12:30:00,15.37,15.395,15.315,15.36,141896
673,60,2020-09-29 13:00:00,15.365,15.405,15.33,15.395,188139
674,59,2020-09-29 13:30:00,15.4,15.485,15.39,15.48,187693
675,58,2020-09-29 14:00:00,15.48,15.52,15.47,15.5,149827
676,57,2020-09-29 14:30:00,15.5,15.535,15.465,15.52,135410
677,56,2020-09-29 15:00:00,15.515,15.565,15.51,15.542,199494
678,55,2020-09-29 15:30:00,15.55,15.6,15.5,15.51,335306
679,54,2020-09-29 16:00:00,15.51,15.535,15.43,15.43,776394
680,53,2020-09-29 16:30:00,15.44,15.44,15.44,15.44,57671
681,52,2020-09-29 20:00:00,15.44,15.44,15.44,15.44,1000
682,51,2020-09-30 10:00:00,15.47,15.835,15.47,15.765,382332
683,50,2020-09-30 10:30:00,15.76,15.805,15.67,15.71,338051
684,49,2020-09-30 11:00:00,15.72,15.75,15.66,15.66,254606
685,48,2020-09-30 11:30:00,15.67,15.675,15.6,15.615,142834
686,47,2020-09-30 12:00:00,15.62,15.63,15.57,15.605,193862
687,46,2020-09-30 12:30:00,15.605,15.725,15.605,15.7,208676
688,45,2020-09-30 13:00:00,15.705,15.775,15.69,15.775,251926
689,44,2020-09-30 13:30:00,15.775,15.865,15.77,15.84,353081
690,43,2020-09-30 14:00:00,15.84,15.8518,15.745,15.765,123122
691,42,2020-09-30 14:30:00,15.765,15.88,15.755,15.81,254390
692,41,2020-09-30 15:00:00,15.81,15.815,15.695,15.795,271713
693,40,2020-09-30 15:30:00,15.795,15.835,15.665,15.765,295477
694,39,2020-09-30 16:00:00,15.765,15.815,15.705,15.74,588297
695,38,2020-09-30 16:30:00,15.75,15.75,15.75,15.75,659388
696,37,2020-09-30 19:30:00,15.79,15.79,15.79,15.79,316
697,36,2020-10-01 07:30:00,15.75,15.75,15.75,15.75,200
698,35,2020-10-01 09:00:00,15.88,15.9,15.88,15.9,700
699,34,2020-10-01 09:30:00,15.8,15.8,15.8,15.8,125
700,33,2020-10-01 10:00:00,15.85,15.9,15.655,15.68,399674
701,32,2020-10-01 10:30:00,15.67,15.695,15.525,15.595,331384
702,31,2020-10-01 11:00:00,15.59,15.72,15.565,15.655,350833
703,30,2020-10-01 11:30:00,15.66,15.78,15.645,15.765,169140
704,29,2020-10-01 12:00:00,15.76,15.785,15.71,15.77,127599
705,28,2020-10-01 12:30:00,15.765,15.91,15.74,15.89,214330
706,27,2020-10-01 13:00:00,15.9,15.965,15.87,15.905,133734
707,26,2020-10-01 13:30:00,15.91,16.13,15.89,16.11,458751
708,25,2020-10-01 14:00:00,16.105,16.13,16.01,16.01,283774
709,24,2020-10-01 14:30:00,16.02,16.045,15.89,15.9899,184373
710,23,2020-10-01 15:00:00,15.985,15.99,15.93,15.93,160584
711,22,2020-10-01 15:30:00,15.935,15.95,15.9,15.925,402214
712,21,2020-10-01 16:00:00,15.925,15.98,15.89,15.945,965350
713,20,2020-10-01 16:30:00,15.95,15.95,15.95,15.95,40362
714,19,2020-10-02 04:30:00,15.6,15.6,15.6,15.6,110
715,18,2020-10-02 08:30:00,15.5142,15.5142,15.5,15.5,828
716,17,2020-10-02 09:00:00,15.76,15.76,15.51,15.51,622
717,16,2020-10-02 09:30:00,15.51,15.51,15.51,15.51,225
718,15,2020-10-02 10:00:00,15.5,15.75,15.29,15.74,492928
719,14,2020-10-02 10:30:00,15.745,15.8663,15.71,15.78,194943
720,13,2020-10-02 11:00:00,15.77,15.875,15.755,15.76,130553
721,12,2020-10-02 11:30:00,15.76,15.995,15.745,15.98,157524
722,11,2020-10-02 12:00:00,15.99,16.025,15.93,15.94,251261
723,10,2020-10-02 12:30:00,15.935,16.175,15.925,16.07,399496
724,9,2020-10-02 13:00:00,16.07,16.15,16.05,16.13,217333
725,8,2020-10-02 13:30:00,16.13,16.165,16.06,16.12,135384
726,7,2020-10-02 14:00:00,16.12,16.135,15.97,16.01,220986
727,6,2020-10-02 14:30:00,16.01,16.12,16.0,16.075,172149
728,5,2020-10-02 15:00:00,16.08,16.13,16.06,16.09,144035
729,4,2020-10-02 15:30:00,16.09,16.12,16.015,16.1,175714
730,3,2020-10-02 16:00:00,16.095,16.17,16.08,16.15,586968
731,2,2020-10-02 16:30:00,16.15,16.15,16.15,16.15,36879
732,1,2020-10-02 18:30:00,16.12,16.12,16.12,16.12,100
733,0,2020-10-02 20:00:00,16.15,16.15,16.15,16.15,154
