,index,time,open,high,low,close,volume
0,128,2019-06-13 10:00:00,23.4020746914,23.4020746914,23.4020746914,23.4020746914,100
1,127,2019-06-13 10:30:00,23.439518010900002,23.4772421553,23.4020746914,23.4772421553,2000
2,126,2019-06-13 14:30:00,23.6360954383,23.6386228624,23.6360954383,23.6360954383,900
3,125,2019-06-13 15:00:00,23.6360954383,23.6360954383,23.6360954383,23.6360954383,200
4,124,2019-06-13 15:30:00,23.673538757800003,23.673538757800003,23.673538757800003,23.673538757800003,200
5,123,2019-06-13 16:00:00,23.4207963511,23.439518010900002,23.4207963511,23.439518010900002,400
6,122,2019-06-14 10:00:00,23.4956829901,23.4956829901,23.4020746914,23.4020746914,1200
7,121,2019-06-14 11:00:00,23.2897447329,23.2897447329,23.2897447329,23.2897447329,400
8,120,2019-06-14 12:30:00,23.392713861500003,23.4020746914,23.392713861500003,23.4020746914,2000
9,119,2019-06-14 14:00:00,23.4020746914,23.4020746914,23.4020746914,23.4020746914,100
10,118,2019-06-14 15:30:00,23.4019810831,23.4019810831,23.4019810831,23.4019810831,100
11,117,2019-06-14 16:00:00,23.3563002333,23.4020746914,23.3563002333,23.4020746914,900
12,116,2019-06-17 10:00:00,23.4019810831,23.4019810831,23.4019810831,23.4019810831,800
13,115,2019-06-17 11:00:00,23.4020746914,23.4020746914,23.4020746914,23.4020746914,520
14,114,2019-06-17 11:30:00,23.4020746914,23.4020746914,23.4020746914,23.4020746914,1000
15,113,2019-06-17 12:00:00,23.4020746914,23.4020746914,23.4020746914,23.4020746914,500
16,112,2019-06-17 13:30:00,23.4020746914,23.4020746914,23.4020746914,23.4020746914,400
17,111,2019-06-17 15:00:00,23.3833530316,23.4020746914,23.3833530316,23.4020746914,1000
18,110,2019-06-17 16:00:00,23.4020746914,23.4020746914,23.4020746914,23.4020746914,100
19,109,2019-06-18 10:00:00,23.444185310199998,23.481621135,23.397390529099997,23.397390529099997,2650
20,108,2019-06-18 10:30:00,23.397390529099997,23.397390529099997,23.3525611289,23.397390529099997,2925
21,107,2019-06-18 11:00:00,23.397390529099997,23.397390529099997,23.364634182399996,23.364634182399996,1380
22,106,2019-06-18 11:30:00,23.371934168200003,23.371934168200003,23.371934168200003,23.371934168200003,400
23,105,2019-06-18 12:30:00,23.397390529099997,23.397390529099997,23.367909816999997,23.367909816999997,400
24,104,2019-06-18 13:30:00,23.3855982443,23.3855982443,23.3131599232,23.3131599232,4100
25,103,2019-06-18 14:00:00,23.3916815658,23.397390529099997,23.3880315729,23.397390529099997,1300
26,102,2019-06-18 14:30:00,23.397390529099997,23.397390529099997,23.397390529099997,23.397390529099997,600
27,101,2019-06-18 15:30:00,23.373805959499997,23.373805959499997,23.373805959499997,23.373805959499997,406
28,100,2019-06-19 10:00:00,23.4020746914,23.4020746914,23.3833530316,23.4020746914,2200
29,99,2019-06-19 11:30:00,23.4020746914,23.4020746914,23.4020746914,23.4020746914,600
30,98,2019-06-19 12:00:00,23.355270542,23.355270542,23.308560000900002,23.355270542,4716
31,97,2019-06-19 12:30:00,23.4020746914,23.4020746914,23.4020746914,23.4020746914,400
32,96,2019-06-19 13:30:00,23.4020746914,23.4020746914,23.4020746914,23.4020746914,200
33,95,2019-06-19 14:00:00,23.4020746914,23.4020746914,23.355270542,23.355270542,1100
34,94,2019-06-19 15:00:00,23.355270542,23.355270542,23.355270542,23.355270542,400
35,93,2019-06-20 13:30:00,23.4114355213,23.4114355213,23.355270542,23.355270542,2000
36,92,2019-06-20 14:00:00,23.355270542,23.4020746914,23.355270542,23.4020746914,3320
37,91,2019-06-20 14:30:00,23.4020746914,23.4020746914,23.308466392600003,23.3719328192,9474
38,90,2019-06-20 15:00:00,23.355270542,23.3833530316,23.355270542,23.3833530316,800
39,89,2019-06-20 16:00:00,23.4020746914,23.4020746914,23.4020746914,23.4020746914,800
40,88,2019-06-21 11:00:00,23.2148580939,23.2148580939,23.2148580939,23.2148580939,500
41,87,2019-06-21 11:30:00,23.3459097121,23.4020746914,23.2335797536,23.2335797536,900
42,86,2019-06-21 12:00:00,23.2335797536,23.342446205100003,23.2335797536,23.342446205100003,600
43,85,2019-06-21 12:30:00,23.2523014134,23.2523014134,23.242940583499998,23.242940583499998,900
44,84,2019-06-21 14:30:00,23.2523014134,23.308466392600003,23.242940583499998,23.308466392600003,1162
45,83,2019-06-21 15:00:00,23.308466392600003,23.308466392600003,23.308466392600003,23.308466392600003,700
46,82,2019-06-21 16:00:00,23.4020746914,23.4020746914,23.373992201799997,23.373992201799997,700
47,81,2019-06-24 10:00:00,23.3365488822,23.3365488822,23.3365488822,23.3365488822,100
48,80,2019-06-24 11:00:00,23.4020746914,23.4020746914,23.3833530316,23.392713861500003,1600
49,79,2019-06-24 11:30:00,23.4020746914,23.4020746914,23.392713861500003,23.4020746914,700
50,78,2019-06-24 12:00:00,23.4020746914,23.4020746914,23.4020746914,23.4020746914,1300
51,77,2019-06-24 12:30:00,23.4020746914,23.4020746914,23.4020746914,23.4020746914,1000
52,76,2019-06-24 13:00:00,23.4020746914,23.4020746914,23.4020746914,23.4020746914,1300
53,75,2019-06-24 13:30:00,23.384663547800002,23.384663547800002,23.3833530316,23.3833530316,700
54,74,2019-06-25 10:00:00,23.439518010900002,23.439518010900002,23.3951476773,23.3951476773,1000
55,73,2019-06-25 12:00:00,23.4020746914,23.4020746914,23.4020746914,23.4020746914,900
56,72,2019-06-25 12:30:00,23.3251286698,23.3251286698,23.3251286698,23.3251286698,150
57,71,2019-06-25 13:00:00,23.1680539445,23.1680539445,23.1680539445,23.1680539445,3500
58,70,2019-06-25 13:30:00,23.4020746914,23.4020746914,23.4020746914,23.4020746914,1000
59,69,2019-06-25 14:30:00,23.4020746914,23.4020746914,23.4020746914,23.4020746914,300
60,68,2019-06-25 15:00:00,23.2710230731,23.2710230731,23.2710230731,23.2710230731,501
61,67,2019-06-25 16:00:00,23.392713861500003,23.392713861500003,23.392713861500003,23.392713861500003,800
62,66,2019-06-26 10:00:00,23.392713861500003,23.392713861500003,23.3365488822,23.392713861500003,4000
63,65,2019-06-26 11:00:00,23.392713861500003,23.4582396706,23.3915905619,23.4488788408,4400
64,64,2019-06-26 11:30:00,23.486322160300002,23.6360954383,23.486322160300002,23.5331263097,600
65,63,2019-06-26 12:00:00,23.542487139499997,23.542487139499997,23.280383903,23.4020746914,7000
66,62,2019-06-26 13:00:00,23.285064317899998,23.285064317899998,23.121249795100002,23.121249795100002,10000
67,61,2019-06-26 13:30:00,23.177414774299997,23.2178535594,23.158693114600002,23.2178535594,1616
68,60,2019-06-26 14:30:00,23.2616622432,23.2616622432,23.2616622432,23.2616622432,1280
69,59,2019-06-26 15:00:00,23.2629727594,23.373992201799997,23.2629727594,23.373992201799997,2100
70,58,2019-06-26 15:30:00,23.355270542,23.355270542,23.355270542,23.355270542,200
71,57,2019-06-27 10:00:00,23.280383903,23.4046021154,23.2148580939,23.242940583499998,6732
72,56,2019-06-27 10:30:00,23.2335797536,23.308466392600003,23.1118889652,23.308466392600003,4882
73,55,2019-06-27 11:00:00,23.2616622432,23.2616622432,23.2616622432,23.2616622432,600
74,54,2019-06-27 11:30:00,23.2616622432,23.2616622432,23.2616622432,23.2616622432,200
75,53,2019-06-27 12:00:00,23.4020746914,23.4020746914,23.4020746914,23.4020746914,300
76,52,2019-06-27 12:30:00,23.355270542,23.355270542,23.308466392600003,23.308466392600003,4000
77,51,2019-06-27 14:30:00,23.2616622432,23.2616622432,23.2148580939,23.2148580939,400
78,50,2019-06-27 15:00:00,23.288995866500002,23.327188052399997,23.288995866500002,23.327188052399997,725
79,49,2019-06-28 10:00:00,23.355270542,23.4020746914,23.3459097121,23.3459097121,850
80,48,2019-06-28 11:30:00,23.2242189237,23.2242189237,23.2242189237,23.2242189237,400
81,47,2019-06-28 12:30:00,23.355270542,23.355270542,23.355270542,23.355270542,357
82,46,2019-06-28 13:00:00,23.4020746914,23.4114355213,23.3646313719,23.4114355213,1352
83,45,2019-06-28 14:00:00,23.392713861500003,23.4020746914,23.392713861500003,23.4020746914,551
84,44,2019-06-28 15:00:00,23.4067551063,23.4114355213,23.4067551063,23.4114355213,600
85,43,2019-06-28 15:30:00,23.4114355213,23.4114355213,23.4020746914,23.4020746914,936
86,42,2019-06-28 16:00:00,23.4114355213,23.514404649899998,23.4020746914,23.4020746914,1100
87,41,2019-07-01 12:00:00,23.4114355213,23.4207963511,23.4020746914,23.4020746914,4513
88,40,2019-07-01 13:30:00,23.392713861500003,23.4020746914,23.3924330366,23.3924330366,2679
89,39,2019-07-02 11:00:00,23.4020746914,23.4020746914,23.4020746914,23.4020746914,100
90,38,2019-07-02 11:30:00,23.4020746914,23.4020746914,23.373243335399998,23.373243335399998,1400
91,37,2019-07-02 12:00:00,23.4020746914,23.4020746914,23.396270976900002,23.4020746914,734
92,36,2019-07-02 13:00:00,23.4020746914,23.4020746914,23.396270976900002,23.396270976900002,200
93,35,2019-07-02 13:30:00,23.396270976900002,23.396270976900002,23.396270976900002,23.396270976900002,200
94,34,2019-07-02 14:00:00,23.4020746914,23.4020746914,23.373992201799997,23.373992201799997,480
95,33,2019-07-02 14:30:00,23.4020746914,23.4020746914,23.4020746914,23.4020746914,1320
96,32,2019-07-02 15:00:00,23.373992201799997,23.373992201799997,23.373992201799997,23.373992201799997,126
97,31,2019-07-02 15:30:00,23.4020746914,23.4020746914,23.4020746914,23.4020746914,600
98,30,2019-07-02 16:00:00,23.4020746914,23.4020746914,23.4020746914,23.4020746914,100
99,29,2019-07-05 10:00:00,23.4020746914,23.4020746914,23.4020746914,23.4020746914,575
100,28,2019-07-05 12:30:00,23.4114355213,23.4114355213,23.4114355213,23.4114355213,1000
101,27,2019-07-08 10:30:00,23.4020746914,23.4020746914,23.3964581935,23.4020746914,2679
102,26,2019-07-08 11:00:00,23.4020746914,23.499801755300002,23.3964581935,23.499801755300002,1364
103,25,2019-07-08 13:00:00,23.542487139499997,23.542487139499997,23.542487139499997,23.542487139499997,100
104,24,2019-07-08 15:30:00,23.6360954383,23.6360954383,23.4582396706,23.4582396706,1500
105,23,2019-07-08 16:00:00,23.6360954383,23.6360954383,23.4488788408,23.4488788408,586
106,22,2019-07-09 12:30:00,23.4020746914,23.4020746914,23.4020746914,23.4020746914,2000
107,21,2019-07-09 14:00:00,23.8233120358,23.8233120358,23.8233120358,23.8233120358,390
108,20,2019-07-09 15:30:00,23.7203429072,23.7203429072,23.632725539499997,23.632725539499997,800
109,19,2019-07-09 16:00:00,23.728767654099997,23.728767654099997,23.5892912889,23.5892912889,700
110,18,2019-07-10 10:00:00,23.776507886399997,23.776507886399997,23.776507886399997,23.776507886399997,200
111,17,2019-07-10 11:30:00,23.542487139499997,23.542487139499997,23.542487139499997,23.542487139499997,100
112,16,2019-07-10 12:00:00,23.654817098000002,23.654817098000002,23.654817098000002,23.654817098000002,400
113,15,2019-07-10 12:30:00,23.5997754184,23.5997754184,23.5997754184,23.5997754184,500
114,14,2019-07-10 13:30:00,23.5892912889,23.5892912889,23.5892912889,23.5892912889,1000
115,13,2019-07-10 15:00:00,23.5892912889,23.5892912889,23.5892912889,23.5892912889,950
116,12,2019-07-10 15:30:00,23.5892912889,23.5892912889,23.5631745736,23.5631745736,1850
117,11,2019-07-10 16:00:00,23.6454562682,23.6454562682,23.6454562682,23.6454562682,400
118,10,2019-07-11 10:30:00,23.5584061178,23.5677658342,23.5396866851,23.5396866851,740
119,9,2019-07-11 12:30:00,23.586485266999997,23.736240729000002,23.586485266999997,23.736240729000002,450
120,8,2019-07-11 13:00:00,23.745600445300003,23.745600445300003,23.745600445300003,23.745600445300003,200
121,7,2019-07-11 14:30:00,23.5677658342,23.6351557921,23.5584061178,23.5584061178,1700
122,6,2019-07-11 15:30:00,23.5396866851,23.5396866851,23.5396866851,23.5396866851,2000
123,5,2019-07-11 16:00:00,23.5584061178,23.661362998,23.5584061178,23.6023967848,2700
124,4,2019-07-12 10:00:00,23.710219231700002,23.710219231700002,23.511053390100003,23.5205374778,2853
125,3,2019-07-12 10:30:00,23.567957916300003,23.567957916300003,23.567957916300003,23.567957916300003,400
126,2,2019-07-12 11:30:00,23.624862442399998,23.624862442399998,23.6153783548,23.6153783548,2200
127,1,2019-07-12 14:00:00,23.6153783548,23.6153783548,23.6153783548,23.6153783548,800
128,0,2019-07-12 15:00:00,23.624862442399998,23.6720931992,23.624862442399998,23.624862442399998,575
