,index,time,open,high,low,close,volume
0,326,2020-09-08 07:00:00,90.3,90.3,90.3,90.3,105
1,325,2020-09-08 08:30:00,89.8435,89.8435,89.8308,89.8308,596
2,324,2020-09-08 09:00:00,90.02,90.02,90.02,90.02,400
3,323,2020-09-08 09:30:00,90.11,90.63,90.11,90.63,412
4,322,2020-09-08 10:00:00,90.12,90.94,89.68,90.83,246239
5,321,2020-09-08 10:30:00,90.8,91.24,90.06,91.182,229713
6,320,2020-09-08 11:00:00,91.17,92.26,91.14,92.2,193899
7,319,2020-09-08 11:30:00,92.21,92.87,91.93,92.46,190205
8,318,2020-09-08 12:00:00,92.43,92.98,92.28,92.89,231136
9,317,2020-09-08 12:30:00,92.89,93.19,92.84,93.02,96359
10,316,2020-09-08 13:00:00,93.05,93.42,92.765,92.765,135766
11,315,2020-09-08 13:30:00,92.79,92.8,92.52,92.5743,112141
12,314,2020-09-08 14:00:00,92.55,93.09,92.46,92.68,200152
13,313,2020-09-08 14:30:00,92.695,93.03,92.56,92.56,163177
14,312,2020-09-08 15:00:00,92.54,92.68,92.01,92.46,162746
15,311,2020-09-08 15:30:00,92.48,92.53,92.1,92.5,151566
16,310,2020-09-08 16:00:00,92.48,92.59,91.72,91.93,461501
17,309,2020-09-08 16:30:00,91.9,91.9,91.9,91.9,30367
18,308,2020-09-08 17:30:00,91.9,91.9,91.9,91.9,195
19,307,2020-09-08 18:00:00,91.6,91.6,90.3,90.3,244
20,306,2020-09-09 05:30:00,90.5,90.5,90.5,90.5,100
21,305,2020-09-09 07:30:00,91.75,91.75,91.75,91.75,100
22,304,2020-09-09 10:00:00,91.7,91.88,90.6,90.76,161373
23,303,2020-09-09 10:30:00,90.86,90.86,90.13,90.535,178932
24,302,2020-09-09 11:00:00,90.6,91.22,90.35,90.89,145823
25,301,2020-09-09 11:30:00,90.92,91.22,90.36,90.845,243752
26,300,2020-09-09 12:00:00,90.845,90.94,90.56,90.68,108032
27,299,2020-09-09 12:30:00,90.645,90.78,90.26,90.58,118883
28,298,2020-09-09 13:00:00,90.685,90.84,90.5,90.71,94286
29,297,2020-09-09 13:30:00,90.73,91.09,90.7,90.93,108488
30,296,2020-09-09 14:00:00,90.96,91.13,90.77,91.045,67554
31,295,2020-09-09 14:30:00,91.07,91.3047,90.77,90.97,105584
32,294,2020-09-09 15:00:00,90.97,91.19,90.92,91.03,84547
33,293,2020-09-09 15:30:00,91.02,91.25,90.99,91.045,113664
34,292,2020-09-09 16:00:00,91.02,91.08,90.32,90.4,402885
35,291,2020-09-09 16:30:00,90.39,90.39,90.39,90.39,44588
36,290,2020-09-10 10:00:00,90.9,93.14,90.815,92.15,167325
37,289,2020-09-10 10:30:00,92.1,92.52,91.6,91.61,137379
38,288,2020-09-10 11:00:00,91.61,92.01,91.141,91.27,69851
39,287,2020-09-10 11:30:00,91.15,91.525,90.74,91.36,105005
40,286,2020-09-10 12:00:00,91.375,91.57,91.15,91.4,43112
41,285,2020-09-10 12:30:00,91.41,91.63,90.92,91.09,57264
42,284,2020-09-10 13:00:00,91.1347,91.36,90.88,91.165,46818
43,283,2020-09-10 13:30:00,91.14,91.51,91.06,91.135,52476
44,282,2020-09-10 14:00:00,91.16,91.38,90.91,91.03,49253
45,281,2020-09-10 14:30:00,91.0,91.28,90.06,90.16,90656
46,280,2020-09-10 15:00:00,90.17,90.58,90.06,90.48,102644
47,279,2020-09-10 15:30:00,90.48,90.53,89.44,89.595,106113
48,278,2020-09-10 16:00:00,89.57,89.84,89.27,89.35,363850
49,277,2020-09-10 16:30:00,89.36,89.36,89.36,89.36,25056
50,276,2020-09-10 18:30:00,91.0,91.0,91.0,91.0,500
51,275,2020-09-11 07:30:00,89.75,89.75,89.75,89.75,321
52,274,2020-09-11 10:00:00,89.61,89.635,87.29,88.005,264530
53,273,2020-09-11 10:30:00,88.04,88.76,87.8,88.61,167153
54,272,2020-09-11 11:00:00,88.68,88.735,88.37,88.41,76698
55,271,2020-09-11 11:30:00,88.48,88.67,88.01,88.035,106289
56,270,2020-09-11 12:00:00,88.02,88.03,87.66,87.73,63220
57,269,2020-09-11 12:30:00,87.69,88.14,87.57,87.81,57028
58,268,2020-09-11 13:00:00,87.75,87.77,87.05,87.08,71887
59,267,2020-09-11 13:30:00,87.12,87.15,86.41,86.49,110333
60,266,2020-09-11 14:00:00,86.51,87.052,86.21,86.8,112888
61,265,2020-09-11 14:30:00,86.83,87.19,86.57,86.63,134143
62,264,2020-09-11 15:00:00,86.63,87.29,86.63,87.18,119534
63,263,2020-09-11 15:30:00,87.15,87.34,86.83,87.32,107743
64,262,2020-09-11 16:00:00,87.33,87.6,87.2,87.32,412227
65,261,2020-09-11 16:30:00,87.37,87.37,87.36,87.36,16055
66,260,2020-09-11 17:00:00,87.5,87.5,87.5,87.5,456
67,259,2020-09-11 19:30:00,87.89,87.89,87.89,87.89,300
68,258,2020-09-14 04:30:00,87.9,87.9,87.9,87.9,100
69,257,2020-09-14 08:00:00,88.0,88.0,88.0,88.0,640
70,256,2020-09-14 09:00:00,88.19,88.2,88.19,88.2,864
71,255,2020-09-14 10:00:00,88.18,91.1,88.18,90.685,332770
72,254,2020-09-14 10:30:00,90.7,90.91,90.21,90.52,195694
73,253,2020-09-14 11:00:00,90.55,90.94,90.55,90.9,98910
74,252,2020-09-14 11:30:00,90.9,91.28,90.81,91.11,106232
75,251,2020-09-14 12:00:00,91.09,91.37,90.9,90.9,99909
76,250,2020-09-14 12:30:00,90.9,91.34,90.68,91.29,88636
77,249,2020-09-14 13:00:00,91.35,92.1,91.21,92.04,109426
78,248,2020-09-14 13:30:00,92.04,92.08,91.5,91.61,112374
79,247,2020-09-14 14:00:00,91.63,92.12,91.4,92.1,94318
80,246,2020-09-14 14:30:00,92.1,92.4798,92.06,92.29,130711
81,245,2020-09-14 15:00:00,92.29,92.57,92.14,92.37,97283
82,244,2020-09-14 15:30:00,92.4,92.45,92.12,92.33,110177
83,243,2020-09-14 16:00:00,92.38,92.57,92.1,92.26,328799
84,242,2020-09-14 16:30:00,92.31,92.31,92.31,92.31,97996
85,241,2020-09-14 19:00:00,93.09,93.09,93.09,93.09,100
86,240,2020-09-15 08:30:00,93.0,93.07799999999999,93.0,93.07799999999999,200
87,239,2020-09-15 09:00:00,93.09,93.09,93.09,93.09,400
88,238,2020-09-15 09:30:00,92.3864,92.54,92.3864,92.54,200
89,237,2020-09-15 10:00:00,92.45,93.45,92.07,92.22,199287
90,236,2020-09-15 10:30:00,92.2,92.59,91.79,92.59,157704
91,235,2020-09-15 11:00:00,92.64,92.95,92.11,92.94,80718
92,234,2020-09-15 11:30:00,92.93,93.78,92.74,93.47,179327
93,233,2020-09-15 12:00:00,93.44,93.44,92.89,92.891,122565
94,232,2020-09-15 12:30:00,92.92,93.04,92.765,92.83,61899
95,231,2020-09-15 13:00:00,92.83,93.02,92.81,93.01,56129
96,230,2020-09-15 13:30:00,92.995,93.04,92.8,92.81,61326
97,229,2020-09-15 14:00:00,92.81,92.81,92.52,92.53,75032
98,228,2020-09-15 14:30:00,92.54,92.57,92.29,92.45,74165
99,227,2020-09-15 15:00:00,92.42,92.63,92.25,92.615,98027
100,226,2020-09-15 15:30:00,92.6,92.72,91.98,91.98,239915
101,225,2020-09-15 16:00:00,91.995,92.12,91.86,91.94,357585
102,224,2020-09-15 16:30:00,91.94,92.0,91.94,92.0,27948
103,223,2020-09-16 09:30:00,92.5,92.5,92.5,92.5,700
104,222,2020-09-16 10:00:00,92.46,92.76,91.75,91.9742,132836
105,221,2020-09-16 10:30:00,92.0,92.45,91.83,92.375,108382
106,220,2020-09-16 11:00:00,92.37,92.41,91.64,91.75,79179
107,219,2020-09-16 11:30:00,91.735,92.88,91.72,92.88,176351
108,218,2020-09-16 12:00:00,92.885,93.7,92.79,93.13,159417
109,217,2020-09-16 12:30:00,93.11,93.14,92.64,93.02,96773
110,216,2020-09-16 13:00:00,93.0618,93.21,92.92,93.01,128495
111,215,2020-09-16 13:30:00,93.01,94.62,93.0,94.53,305038
112,214,2020-09-16 14:00:00,94.57,94.63,93.88,94.225,165188
113,213,2020-09-16 14:30:00,94.21,94.59,94.02,94.56,113587
114,212,2020-09-16 15:00:00,94.59,95.08,94.51,94.65,233415
115,211,2020-09-16 15:30:00,94.665,94.85,94.06,94.17,234740
116,210,2020-09-16 16:00:00,94.17,94.49,93.9,94.04,603032
117,209,2020-09-16 16:30:00,94.03,94.03,92.2118,94.03,26049
118,208,2020-09-16 17:00:00,94.03,94.03,94.03,94.03,275
119,207,2020-09-17 04:30:00,93.37,93.37,93.37,93.37,200
120,206,2020-09-17 08:30:00,93.5,93.5,93.01,93.5,456
121,205,2020-09-17 09:00:00,93.06,93.06,92.92,92.92,700
122,204,2020-09-17 09:30:00,92.92,92.92,92.7,92.7,648
123,203,2020-09-17 10:00:00,92.68,92.83,90.62,91.2,301749
124,202,2020-09-17 10:30:00,91.205,92.4331,91.19,92.36,200050
125,201,2020-09-17 11:00:00,92.375,92.42,91.84,91.93,147954
126,200,2020-09-17 11:30:00,91.95,93.1,91.93,92.39,224741
127,199,2020-09-17 12:00:00,92.4,92.47,91.56,91.63,212382
128,198,2020-09-17 12:30:00,91.58,91.68,90.81,91.0,201754
129,197,2020-09-17 13:00:00,90.94,91.27,90.78,91.23,128864
130,196,2020-09-17 13:30:00,91.26,91.27,90.79,91.17,67636
131,195,2020-09-17 14:00:00,91.17,92.05,91.12,91.81,119486
132,194,2020-09-17 14:30:00,91.8246,91.9,91.29,91.3,147099
133,193,2020-09-17 15:00:00,91.3,91.39,91.14,91.165,88834
134,192,2020-09-17 15:30:00,91.18,91.24,90.74,90.8,103382
135,191,2020-09-17 16:00:00,90.79,91.55,90.735,91.18,482686
136,190,2020-09-17 16:30:00,91.17,94.03,91.17,94.03,24005
137,189,2020-09-18 07:30:00,90.36,90.36,90.36,90.36,150
138,188,2020-09-18 09:30:00,91.05,91.22,90.31,90.34,4978
139,187,2020-09-18 10:00:00,90.34,91.27,90.17,90.865,831334
140,186,2020-09-18 10:30:00,90.865,91.34,90.82,91.15,105573
141,185,2020-09-18 11:00:00,91.14,91.17,90.64,90.73,87332
142,184,2020-09-18 11:30:00,90.77,90.96,90.66,90.8665,64482
143,183,2020-09-18 12:00:00,90.89,91.04,90.59,90.96,84059
144,182,2020-09-18 12:30:00,90.99,91.2499,90.91,91.06,101687
145,181,2020-09-18 13:00:00,91.05,91.05,89.93,90.215,1033471
146,180,2020-09-18 13:30:00,90.19,90.51,89.83,89.845,141942
147,179,2020-09-18 14:00:00,89.83,89.94,89.27,89.86,185377
148,178,2020-09-18 14:30:00,89.85,90.135,89.775,90.02,138917
149,177,2020-09-18 15:00:00,89.975,90.02,89.72,89.85,177248
150,176,2020-09-18 15:30:00,89.87,90.165,89.55,90.1,171605
151,175,2020-09-18 16:00:00,90.1,90.24,89.28,89.64,450013
152,174,2020-09-18 16:30:00,89.64,89.6417,89.64,89.6417,207509
153,173,2020-09-21 04:30:00,89.0,89.0,87.23,87.23,1650
154,172,2020-09-21 06:30:00,86.41,86.41,86.41,86.41,1143
155,171,2020-09-21 07:30:00,87.68,87.68,87.68,87.68,291
156,170,2020-09-21 08:30:00,86.41,87.0,86.41,86.7,625
157,169,2020-09-21 09:30:00,87.0,87.1,87.0,87.1,429
158,168,2020-09-21 10:00:00,87.2,87.3,84.54,85.4,492349
159,167,2020-09-21 10:30:00,85.38,85.68,84.72,84.76,298797
160,166,2020-09-21 11:00:00,84.72,84.835,84.28,84.36,364461
161,165,2020-09-21 11:30:00,84.35,84.95,83.56,83.67,236620
162,164,2020-09-21 12:00:00,83.67,84.74,83.52,84.705,121684
163,163,2020-09-21 12:30:00,84.67,85.24,84.2,84.74,174884
164,162,2020-09-21 13:00:00,84.69,84.96,84.3899,84.65,111943
165,161,2020-09-21 13:30:00,84.68,85.47,84.5,85.22,151895
166,160,2020-09-21 14:00:00,85.19,85.325,84.935,85.25,129321
167,159,2020-09-21 14:30:00,85.22,85.58,85.22,85.5,205218
168,158,2020-09-21 15:00:00,85.5,85.64,85.16,85.54,244442
169,157,2020-09-21 15:30:00,85.51,85.61,85.23,85.33,115143
170,156,2020-09-21 16:00:00,85.34,85.54,84.87,85.49,792492
171,155,2020-09-21 16:30:00,85.48,85.48,85.48,85.48,336653
172,154,2020-09-21 18:00:00,85.6,85.6,85.6,85.6,100
173,153,2020-09-22 09:30:00,85.49,85.49,84.96,84.96,1547
174,152,2020-09-22 10:00:00,85.07,85.83,84.33,84.94,257430
175,151,2020-09-22 10:30:00,84.93,85.67,84.58,85.55,100630
176,150,2020-09-22 11:00:00,85.58,85.69,84.32,84.42,118735
177,149,2020-09-22 11:30:00,84.38,84.97,84.0675,84.85,116538
178,148,2020-09-22 12:00:00,84.85,84.95,84.26,84.7,83898
179,147,2020-09-22 12:30:00,84.71,84.88,84.31,84.78,206716
180,146,2020-09-22 13:00:00,84.79,84.8,84.27,84.49,138047
181,145,2020-09-22 13:30:00,84.5,84.5,83.95,84.12,326779
182,144,2020-09-22 14:00:00,84.13,84.32,84.02,84.16,75721
183,143,2020-09-22 14:30:00,84.18,84.55,84.07,84.55,91797
184,142,2020-09-22 15:00:00,84.55,84.78,84.45,84.495,233380
185,141,2020-09-22 15:30:00,84.49,84.68,84.35,84.51,249804
186,140,2020-09-22 16:00:00,84.53,85.26,84.365,85.24,655524
187,139,2020-09-22 16:30:00,85.24,85.24,85.18,85.18,24448
188,138,2020-09-23 09:30:00,85.2616,85.2616,85.2616,85.2616,803
189,137,2020-09-23 10:00:00,85.69,87.33,85.69,85.77,134103
190,136,2020-09-23 10:30:00,85.9,85.96,85.28,85.73,80375
191,135,2020-09-23 11:00:00,85.74,85.98,85.32,85.7,165319
192,134,2020-09-23 11:30:00,85.68,86.12,85.355,85.625,128262
193,133,2020-09-23 12:00:00,85.625,85.86,85.27,85.355,111347
194,132,2020-09-23 12:30:00,85.3,85.63,85.28,85.58,56631
195,131,2020-09-23 13:00:00,85.63,85.77,85.5,85.75,61380
196,130,2020-09-23 13:30:00,85.75,86.03,85.59,85.83,63142
197,129,2020-09-23 14:00:00,85.8,85.9,85.56,85.71,97683
198,128,2020-09-23 14:30:00,85.72,85.83,84.9,84.94,217625
199,127,2020-09-23 15:00:00,84.92,84.945,84.32,84.44,80387
200,126,2020-09-23 15:30:00,84.435,84.69,84.14,84.45,135664
201,125,2020-09-23 16:00:00,84.4,84.52,83.68,83.84,438617
202,124,2020-09-23 16:30:00,83.86,83.92,83.86,83.92,587995
203,123,2020-09-23 19:30:00,84.39,84.39,84.09,84.09,350
204,122,2020-09-24 08:30:00,84.1,84.1,84.1,84.1,500
205,121,2020-09-24 09:30:00,83.3301,83.3301,83.18,83.18,1300
206,120,2020-09-24 10:00:00,83.37,83.37,81.48,82.235,253612
207,119,2020-09-24 10:30:00,82.2,82.85,82.0,82.14,291426
208,118,2020-09-24 11:00:00,82.09,82.32,81.83,82.105,360761
209,117,2020-09-24 11:30:00,82.1,82.34,81.57,82.07,342286
210,116,2020-09-24 12:00:00,82.06,82.82,81.99,82.75,155333
211,115,2020-09-24 12:30:00,82.77,83.41,82.77,83.18,129425
212,114,2020-09-24 13:00:00,83.185,83.53,82.94,83.5,91354
213,113,2020-09-24 13:30:00,83.5,84.18,83.45,84.085,348247
214,112,2020-09-24 14:00:00,84.05,84.75,84.05,84.17,460995
215,111,2020-09-24 14:30:00,84.2,84.26,83.73,83.77,163606
216,110,2020-09-24 15:00:00,83.775,83.96,83.68,83.75,211279
217,109,2020-09-24 15:30:00,83.76,83.885,83.31,83.63,313211
218,108,2020-09-24 16:00:00,83.61,83.7,83.01,83.05,993482
219,107,2020-09-24 16:30:00,83.07,83.07,83.07,83.07,509805
220,106,2020-09-24 17:30:00,83.07,83.07,83.07,83.07,4880
221,105,2020-09-25 06:30:00,82.97,82.97,82.97,82.97,200
222,104,2020-09-25 07:00:00,82.5,82.5,82.5,82.5,102
223,103,2020-09-25 08:30:00,82.71,82.71,82.7,82.7,400
224,102,2020-09-25 09:00:00,81.4,81.4,81.4,81.4,500
225,101,2020-09-25 09:30:00,83.0,83.0,83.0,83.0,342
226,100,2020-09-25 10:00:00,83.06,84.5,82.825,83.64,375668
227,99,2020-09-25 10:30:00,83.645,84.17,82.92,83.875,245658
228,98,2020-09-25 11:00:00,83.915,84.52,83.83,84.2,261091
229,97,2020-09-25 11:30:00,84.25,84.38,83.805,84.0242,215462
230,96,2020-09-25 12:00:00,84.06,84.389,83.92,84.03,255890
231,95,2020-09-25 12:30:00,84.03,84.4,84.01,84.37,154256
232,94,2020-09-25 13:00:00,84.37,84.9,84.32,84.86,168870
233,93,2020-09-25 13:30:00,84.85,85.3,84.79,85.3,141246
234,92,2020-09-25 14:00:00,85.33,85.4,84.675,84.98,151898
235,91,2020-09-25 14:30:00,84.97,85.35,84.85,85.35,130369
236,90,2020-09-25 15:00:00,85.33,85.46,85.12,85.45,103188
237,89,2020-09-25 15:30:00,85.46,86.06,85.3307,86.0,303559
238,88,2020-09-25 16:00:00,86.02,86.06,85.58,85.98,551908
239,87,2020-09-25 16:30:00,85.93,85.93,85.93,85.93,28550
240,86,2020-09-28 05:00:00,86.6,86.6,86.6,86.6,100
241,85,2020-09-28 06:30:00,87.07,87.07,87.07,87.07,392
242,84,2020-09-28 07:30:00,87.0,87.0,87.0,87.0,111
243,83,2020-09-28 08:00:00,87.41,87.43,87.41,87.43,730
244,82,2020-09-28 08:30:00,86.99,87.0,86.99,87.0,500
245,81,2020-09-28 09:00:00,87.85,87.87,87.83,87.83,2700
246,80,2020-09-28 09:30:00,87.85,87.85,87.85,87.85,267
247,79,2020-09-28 10:00:00,87.82,87.889,86.8,87.09,204784
248,78,2020-09-28 10:30:00,87.15,87.87,87.0,87.8,169036
249,77,2020-09-28 11:00:00,87.7759,88.26,87.73,88.14,172877
250,76,2020-09-28 11:30:00,88.16,88.76,87.75,88.735,182787
251,75,2020-09-28 12:00:00,88.74,89.32,88.6,88.875,162901
252,74,2020-09-28 12:30:00,88.86,89.37,88.81,89.35,95688
253,73,2020-09-28 13:00:00,89.4,89.43,89.12,89.32,68549
254,72,2020-09-28 13:30:00,89.32,89.38,88.98,89.3,59364
255,71,2020-09-28 14:00:00,89.33,89.37,88.93,89.03,96987
256,70,2020-09-28 14:30:00,89.03,89.035,88.72,88.925,144239
257,69,2020-09-28 15:00:00,88.94,89.44,88.94,89.29,124477
258,68,2020-09-28 15:30:00,89.29,89.38,88.96,89.17,102552
259,67,2020-09-28 16:00:00,89.16,89.16,88.79,89.09,487793
260,66,2020-09-28 16:30:00,89.06,89.06,89.06,89.06,31230
261,65,2020-09-28 19:00:00,89.06,89.06,89.06,89.06,300
262,64,2020-09-29 09:30:00,89.0,89.0,89.0,89.0,200
263,63,2020-09-29 10:00:00,88.9,88.98,87.61,88.32,215520
264,62,2020-09-29 10:30:00,88.2,88.61,88.15,88.26,102176
265,61,2020-09-29 11:00:00,88.28,88.44,87.98,87.98,172542
266,60,2020-09-29 11:30:00,87.97,88.14,87.69,87.96,211598
267,59,2020-09-29 12:00:00,87.95,88.21,87.09,87.41,219965
268,58,2020-09-29 12:30:00,87.4,87.62,87.07,87.37,227470
269,57,2020-09-29 13:00:00,87.36,87.53,87.2,87.34,417661
270,56,2020-09-29 13:30:00,87.35,87.39,86.505,86.74,202419
271,55,2020-09-29 14:00:00,86.745,86.83,86.49,86.83,145492
272,54,2020-09-29 14:30:00,86.81,86.87,86.43,86.79,200537
273,53,2020-09-29 15:00:00,86.79,87.165,86.58,86.95,132817
274,52,2020-09-29 15:30:00,86.97,87.23,86.77,87.14,197696
275,51,2020-09-29 16:00:00,87.13,87.25,86.6,86.6,394161
276,50,2020-09-29 16:30:00,86.6,86.6,86.6,86.6,5934
277,49,2020-09-30 04:30:00,86.4,86.4,86.4,86.4,100
278,48,2020-09-30 09:30:00,87.37,87.52,87.37,87.52,788
279,47,2020-09-30 10:00:00,87.54,88.88,87.24,88.16,154495
280,46,2020-09-30 10:30:00,88.13,88.37,87.84,88.14,139781
281,45,2020-09-30 11:00:00,88.18,88.4,87.9,87.9,387277
282,44,2020-09-30 11:30:00,87.89,87.91,87.17,87.43,140314
283,43,2020-09-30 12:00:00,87.36,87.635,87.33,87.4,53174
284,42,2020-09-30 12:30:00,87.4,87.545,87.14,87.14,111660
285,41,2020-09-30 13:00:00,87.13,87.17,86.66,86.96,67364
286,40,2020-09-30 13:30:00,86.99,86.99,86.5,86.87,76112
287,39,2020-09-30 14:00:00,86.88,87.09,86.75,86.82,61454
288,38,2020-09-30 14:30:00,86.85,87.02,86.23,86.23,110093
289,37,2020-09-30 15:00:00,86.21,86.25,85.34,85.75,184499
290,36,2020-09-30 15:30:00,85.74,85.86,85.36,85.56,344612
291,35,2020-09-30 16:00:00,85.56,85.64,85.17,85.3,694066
292,34,2020-09-30 16:30:00,85.17,85.32,84.5,84.5,179633
293,33,2020-09-30 19:30:00,85.0,85.5,85.0,85.5,404
294,32,2020-10-01 08:30:00,86.0,86.0,85.32,85.32,1178
295,31,2020-10-01 09:00:00,85.99,85.99,85.99,85.99,100
296,30,2020-10-01 09:30:00,86.39,86.39,86.36,86.36,715
297,29,2020-10-01 10:00:00,85.92,87.15,85.55,86.01,332221
298,28,2020-10-01 10:30:00,85.98,86.41,85.6,86.33,168509
299,27,2020-10-01 11:00:00,86.32,86.72,85.95,86.13,78641
300,26,2020-10-01 11:30:00,86.15,86.44,85.91,86.17,85842
301,25,2020-10-01 12:00:00,86.23,86.79,86.13,86.68,109580
302,24,2020-10-01 12:30:00,86.7,86.89,86.41,86.62,119053
303,23,2020-10-01 13:00:00,86.64,86.91,86.6,86.71,70029
304,22,2020-10-01 13:30:00,86.7,86.89,86.42,86.51,57834
305,21,2020-10-01 14:00:00,86.55,86.81,86.46,86.59,64422
306,20,2020-10-01 14:30:00,86.58,86.75,86.02,86.7,58827
307,19,2020-10-01 15:00:00,86.7,87.2,86.69,87.085,109217
308,18,2020-10-01 15:30:00,87.09,87.21,86.71,86.8199,79917
309,17,2020-10-01 16:00:00,86.77,87.24,86.76,87.21,270774
310,16,2020-10-01 16:30:00,87.22,87.22,87.22,87.22,35843
311,15,2020-10-02 08:30:00,84.36,84.36399999999999,84.36,84.36399999999999,425
312,14,2020-10-02 09:00:00,84.40100000000001,84.40100000000001,84.40100000000001,84.40100000000001,100
313,13,2020-10-02 10:00:00,84.91,86.355,84.61,85.33,164389
314,12,2020-10-02 10:30:00,85.32,86.29,85.27,86.19,60817
315,11,2020-10-02 11:00:00,86.14,86.47,85.96,86.25,77928
316,10,2020-10-02 11:30:00,86.12,86.67,86.02,86.67,61890
317,9,2020-10-02 12:00:00,86.67,86.76,85.93,85.96,71916
318,8,2020-10-02 12:30:00,85.9,87.46,85.86,87.145,122170
319,7,2020-10-02 13:00:00,87.18,87.74,86.96,87.54,140053
320,6,2020-10-02 13:30:00,87.54,87.62,87.09,87.09,130699
321,5,2020-10-02 14:00:00,87.1,87.28,86.7,86.875,44526
322,4,2020-10-02 14:30:00,86.91,87.42,86.89,87.33,63045
323,3,2020-10-02 15:00:00,87.35,87.74,87.23,87.64,79821
324,2,2020-10-02 15:30:00,87.61,87.76,87.35,87.76,81270
325,1,2020-10-02 16:00:00,87.74,88.02,87.64,87.93,362143
326,0,2020-10-02 16:30:00,87.96,87.96,87.96,87.96,13910
