,index,time,open,high,low,close,volume
0,610,2020-08-06 04:30:00,6.82,6.84,6.8,6.8,3563
1,609,2020-08-06 05:30:00,6.85,6.87,6.84,6.86,7161
2,608,2020-08-06 06:00:00,6.85,6.85,6.83,6.83,1000
3,607,2020-08-06 06:30:00,6.84,6.86,6.84,6.85,2990
4,606,2020-08-06 07:00:00,6.85,6.85,6.82,6.82,10000
5,605,2020-08-06 07:30:00,6.85,6.86,6.83,6.85,9875
6,604,2020-08-06 08:00:00,6.89,6.97,6.89,6.97,11010
7,603,2020-08-06 08:30:00,6.8499,7.01,6.8201,7.01,52579
8,602,2020-08-06 09:00:00,7.0,7.0,6.93,6.9799,21189
9,601,2020-08-06 09:30:00,6.98,7.0,6.95,7.0,50411
10,600,2020-08-06 10:00:00,7.02,7.03,6.88,6.925,1442725
11,599,2020-08-06 10:30:00,6.9201,6.94,6.77,6.775,532121
12,598,2020-08-06 11:00:00,6.78,6.82,6.69,6.7948,803028
13,597,2020-08-06 11:30:00,6.795,6.81,6.635,6.645,480556
14,596,2020-08-06 12:00:00,6.65,6.73,6.65,6.7,334026
15,595,2020-08-06 12:30:00,6.6931,6.7099,6.67,6.68,229115
16,594,2020-08-06 13:00:00,6.68,6.68,6.64,6.6772,268727
17,593,2020-08-06 13:30:00,6.675,6.675,6.56,6.57,439820
18,592,2020-08-06 14:00:00,6.575,6.635,6.57,6.58,370087
19,591,2020-08-06 14:30:00,6.58,6.61,6.565,6.61,250416
20,590,2020-08-06 15:00:00,6.6,6.63,6.59,6.62,245597
21,589,2020-08-06 15:30:00,6.625,6.68,6.61,6.63,404283
22,588,2020-08-06 16:00:00,6.635,6.69,6.62,6.69,875475
23,587,2020-08-06 16:30:00,6.69,6.69,6.67,6.67,68319
24,586,2020-08-06 17:00:00,6.63,6.7,6.63,6.7,958
25,585,2020-08-06 17:30:00,6.71,6.74,6.71,6.74,650
26,584,2020-08-06 18:00:00,6.7,6.7,6.7,6.7,200
27,583,2020-08-06 18:30:00,6.7,6.7,6.7,6.7,1700
28,582,2020-08-06 19:00:00,6.76,6.76,6.76,6.76,575
29,581,2020-08-06 19:30:00,6.76,6.76,6.72,6.72,715
30,580,2020-08-06 20:00:00,6.76,6.76,6.76,6.76,147
31,579,2020-08-07 04:30:00,6.75,6.78,6.75,6.75,5100
32,578,2020-08-07 05:00:00,6.76,6.76,6.76,6.76,1665
33,577,2020-08-07 05:30:00,6.74,6.74,6.7,6.7,2000
34,576,2020-08-07 06:00:00,6.74,6.75,6.69,6.69,4349
35,575,2020-08-07 06:30:00,6.7,6.71,6.69,6.7,2800
36,574,2020-08-07 07:30:00,6.71,6.72,6.71,6.72,2604
37,573,2020-08-07 08:00:00,6.7,6.7,6.67,6.67,4155
38,572,2020-08-07 08:30:00,6.7276,6.74,6.57,6.58,11633
39,571,2020-08-07 09:00:00,6.55,6.69,6.53,6.66,36296
40,570,2020-08-07 09:30:00,6.65,6.65,6.53,6.53,43450
41,569,2020-08-07 10:00:00,6.52,6.62,6.48,6.4951,1280419
42,568,2020-08-07 10:30:00,6.49,6.49,6.32,6.37,1368732
43,567,2020-08-07 11:00:00,6.37,6.48,6.37,6.47,508622
44,566,2020-08-07 11:30:00,6.47,6.535,6.42,6.42,463247
45,565,2020-08-07 12:00:00,6.42,6.43,6.37,6.39,288702
46,564,2020-08-07 12:30:00,6.4,6.46,6.37,6.375,329283
47,563,2020-08-07 13:00:00,6.37,6.4099,6.33,6.3401,338866
48,562,2020-08-07 13:30:00,6.3425,6.35,6.25,6.28,474764
49,561,2020-08-07 14:00:00,6.28,6.38,6.275,6.355,308389
50,560,2020-08-07 14:30:00,6.36,6.376,6.33,6.35,236747
51,559,2020-08-07 15:00:00,6.34,6.42,6.335,6.37,312162
52,558,2020-08-07 15:30:00,6.375,6.43,6.3722,6.385,316394
53,557,2020-08-07 16:00:00,6.385,6.395,6.35,6.385,939701
54,556,2020-08-07 16:30:00,6.39,6.39,6.39,6.39,45167
55,555,2020-08-07 17:00:00,6.4,6.4,6.4,6.4,200
56,554,2020-08-07 17:30:00,6.39,6.39,6.39,6.39,500
57,553,2020-08-07 20:00:00,6.5,6.5,6.45,6.45,400
58,552,2020-08-10 04:30:00,6.41,6.41,6.41,6.41,100
59,551,2020-08-10 06:00:00,6.41,6.41,6.41,6.41,100
60,550,2020-08-10 07:30:00,6.46,6.46,6.46,6.46,630
61,549,2020-08-10 08:00:00,6.46,6.46,6.43,6.43,3619
62,548,2020-08-10 08:30:00,6.45,6.45,6.4,6.4,5002
63,547,2020-08-10 09:00:00,6.4,6.44,6.3715,6.43,10514
64,546,2020-08-10 09:30:00,6.45,6.45,6.4,6.41,3550
65,545,2020-08-10 10:00:00,6.41,6.51,6.36,6.48,587818
66,544,2020-08-10 10:30:00,6.4722,6.57,6.4249,6.4249,440426
67,543,2020-08-10 11:00:00,6.4224,6.47,6.325,6.325,480073
68,542,2020-08-10 11:30:00,6.32,6.3899,6.26,6.2801,640090
69,541,2020-08-10 12:00:00,6.29,6.33,6.26,6.325,242603
70,540,2020-08-10 12:30:00,6.325,6.33,6.27,6.29,130065
71,539,2020-08-10 13:00:00,6.285,6.3622,6.285,6.332000000000001,173154
72,538,2020-08-10 13:30:00,6.335,6.36,6.315,6.345,154620
73,537,2020-08-10 14:00:00,6.345,6.37,6.32,6.32,218970
74,536,2020-08-10 14:30:00,6.33,6.345,6.27,6.3,276336
75,535,2020-08-10 15:00:00,6.295,6.3,6.25,6.275,278578
76,534,2020-08-10 15:30:00,6.2768,6.295,6.25,6.25,331418
77,533,2020-08-10 16:00:00,6.25,6.265,6.22,6.24,989086
78,532,2020-08-10 16:30:00,6.23,6.26,6.23,6.26,45042
79,531,2020-08-10 17:00:00,6.25,6.27,6.25,6.27,2681
80,530,2020-08-10 18:00:00,6.29,6.29,6.25,6.25,2442
81,529,2020-08-10 18:30:00,6.25,6.25,6.25,6.25,275
82,528,2020-08-10 19:00:00,6.25,6.29,6.25,6.29,1260
83,527,2020-08-10 19:30:00,6.29,6.29,6.25,6.25,500
84,526,2020-08-11 04:30:00,6.15,6.15,6.08,6.13,13655
85,525,2020-08-11 05:00:00,6.11,6.12,6.11,6.12,2000
86,524,2020-08-11 06:30:00,6.09,6.09,6.04,6.04,2150
87,523,2020-08-11 07:00:00,6.08,6.08,6.06,6.07,7600
88,522,2020-08-11 07:30:00,6.08,6.1,6.0,6.0,11905
89,521,2020-08-11 08:00:00,6.0,6.07,5.97,6.02,12405
90,520,2020-08-11 08:30:00,6.01,6.085,5.97,6.05,75009
91,519,2020-08-11 09:00:00,6.06,6.06,5.96,5.99,54827
92,518,2020-08-11 09:30:00,6.0,6.0,5.89,5.89,92242
93,517,2020-08-11 10:00:00,5.9,6.0,5.75,5.8655,2752215
94,516,2020-08-11 10:30:00,5.86,5.91,5.82,5.835,836127
95,515,2020-08-11 11:00:00,5.83,5.9,5.78,5.86,773616
96,514,2020-08-11 11:30:00,5.86,5.89,5.83,5.83,543540
97,513,2020-08-11 12:00:00,5.84,5.855,5.76,5.7802,569942
98,512,2020-08-11 12:30:00,5.78,5.86,5.78,5.86,448381
99,511,2020-08-11 13:00:00,5.85,5.89,5.84,5.845,435838
100,510,2020-08-11 13:30:00,5.845,5.855,5.76,5.795,395700
101,509,2020-08-11 14:00:00,5.8,5.81,5.72,5.74,461178
102,508,2020-08-11 14:30:00,5.74,5.79,5.73,5.7401,359792
103,507,2020-08-11 15:00:00,5.74,5.79,5.72,5.785,382073
104,506,2020-08-11 15:30:00,5.785,5.8,5.7,5.71,746375
105,505,2020-08-11 16:00:00,5.71,5.76,5.69,5.74,1302871
106,504,2020-08-11 16:30:00,5.74,5.75,5.73,5.75,68358
107,503,2020-08-11 17:00:00,5.73,5.78,5.73,5.78,1620
108,502,2020-08-11 17:30:00,5.78,5.78,5.78,5.78,200
109,501,2020-08-11 18:00:00,5.78,5.78,5.73,5.74,3500
110,500,2020-08-11 18:30:00,5.76,5.76,5.76,5.76,700
111,499,2020-08-11 19:00:00,5.76,5.89,5.76,5.8,2087
112,498,2020-08-11 19:30:00,5.8,5.8,5.8,5.8,1056
113,497,2020-08-11 20:00:00,5.82,5.84,5.78,5.78,1613
114,496,2020-08-12 04:30:00,6.03,6.12,5.99,6.1,12509
115,495,2020-08-12 05:00:00,6.08,6.08,6.01,6.01,2500
116,494,2020-08-12 06:00:00,6.08,6.08,6.08,6.08,5000
117,493,2020-08-12 06:30:00,6.05,6.05,6.05,6.05,500
118,492,2020-08-12 07:30:00,6.02,6.12,6.0,6.12,30118
119,491,2020-08-12 08:00:00,6.0,6.0,5.99,5.99,320
120,490,2020-08-12 08:30:00,6.06,6.12,5.96,6.05,34087
121,489,2020-08-12 09:00:00,6.05,6.05,5.98,6.0,69751
122,488,2020-08-12 09:30:00,5.99,6.02,5.88,5.89,204826
123,487,2020-08-12 10:00:00,5.91,6.0,5.76,5.8078,2806698
124,486,2020-08-12 10:30:00,5.805,5.8472,5.715,5.84,1172635
125,485,2020-08-12 11:00:00,5.84,5.88,5.8,5.8667,419071
126,484,2020-08-12 11:30:00,5.86,5.87,5.82,5.825,557605
127,483,2020-08-12 12:00:00,5.825,5.875,5.82,5.85,413903
128,482,2020-08-12 12:30:00,5.85,5.9399,5.845,5.915,244059
129,481,2020-08-12 13:00:00,5.92,5.94,5.9,5.915,350976
130,480,2020-08-12 13:30:00,5.92,5.935,5.85,5.86,305195
131,479,2020-08-12 14:00:00,5.852,5.87,5.82,5.865,251603
132,478,2020-08-12 14:30:00,5.865,5.89,5.845,5.845,217557
133,477,2020-08-12 15:00:00,5.85,5.86,5.795,5.81,298756
134,476,2020-08-12 15:30:00,5.819,5.8372,5.73,5.755,635439
135,475,2020-08-12 16:00:00,5.755,5.77,5.71,5.72,1569630
136,474,2020-08-12 16:30:00,5.72,5.9,5.72,5.72,53092
137,473,2020-08-12 17:00:00,5.73,5.8,5.73,5.8,940
138,472,2020-08-12 17:30:00,5.75,5.75,5.75,5.75,110
139,471,2020-08-12 18:00:00,5.75,5.75,5.75,5.75,500
140,470,2020-08-12 19:00:00,5.75,5.78,5.75,5.78,2800
141,469,2020-08-12 19:30:00,5.7501,5.79,5.75,5.75,4700
142,468,2020-08-12 20:00:00,5.79,5.79,5.79,5.79,100
143,467,2020-08-13 04:30:00,5.84,5.84,5.84,5.84,2000
144,466,2020-08-13 05:00:00,5.78,5.83,5.78,5.83,600
145,465,2020-08-13 05:30:00,5.8,5.8,5.8,5.8,130
146,464,2020-08-13 06:30:00,5.84,5.84,5.77,5.77,540
147,463,2020-08-13 07:00:00,5.78,5.78,5.78,5.78,2900
148,462,2020-08-13 07:30:00,5.78,5.84,5.78,5.78,17985
149,461,2020-08-13 08:00:00,5.79,5.82,5.78,5.82,7300
150,460,2020-08-13 08:30:00,5.7999,5.83,5.76,5.76,20512
151,459,2020-08-13 09:00:00,5.75,5.84,5.749,5.82,28037
152,458,2020-08-13 09:30:00,5.82,5.85,5.79,5.8,38493
153,457,2020-08-13 10:00:00,5.8,5.925,5.771,5.91,926265
154,456,2020-08-13 10:30:00,5.9,5.997999999999999,5.88,5.98,664339
155,455,2020-08-13 11:00:00,5.97,6.03,5.92,5.96,762357
156,454,2020-08-13 11:30:00,5.95,5.99,5.91,5.94,388581
157,453,2020-08-13 12:00:00,5.95,5.96,5.91,5.94,366879
158,452,2020-08-13 12:30:00,5.935,5.95,5.92,5.9328,183121
159,451,2020-08-13 13:00:00,5.94,5.99,5.92,5.985,374850
160,450,2020-08-13 13:30:00,5.99,6.01,5.965,5.97,313118
161,449,2020-08-13 14:00:00,5.97,6.01,5.96,5.965,276535
162,448,2020-08-13 14:30:00,5.965,5.965,5.83,5.875,534784
163,447,2020-08-13 15:00:00,5.87,5.925,5.82,5.895,543381
164,446,2020-08-13 15:30:00,5.9,5.92,5.86,5.9,387370
165,445,2020-08-13 16:00:00,5.9,5.95,5.84,5.93,1264829
166,444,2020-08-13 16:30:00,5.93,5.93,5.93,5.93,46272
167,443,2020-08-13 17:00:00,5.95,5.97,5.95,5.95,2332
168,442,2020-08-13 17:30:00,5.94,5.95,5.94,5.95,400
169,441,2020-08-13 19:30:00,5.99,6.0,5.98,5.98,2250
170,440,2020-08-13 20:00:00,5.9701,5.99,5.9701,5.99,600
171,439,2020-08-14 04:30:00,5.95,5.95,5.95,5.95,995
172,438,2020-08-14 05:00:00,5.98,5.98,5.98,5.98,7361
173,437,2020-08-14 07:30:00,5.97,5.97,5.93,5.93,1860
174,436,2020-08-14 08:00:00,5.93,5.93,5.93,5.93,110
175,435,2020-08-14 08:30:00,5.9101,5.98,5.9101,5.96,13951
176,434,2020-08-14 09:00:00,5.95,5.95,5.95,5.95,320
177,433,2020-08-14 09:30:00,5.92,5.96,5.92,5.94,16289
178,432,2020-08-14 10:00:00,5.94,5.99,5.865,5.915,670127
179,431,2020-08-14 10:30:00,5.91,5.91,5.805,5.84,588693
180,430,2020-08-14 11:00:00,5.845,5.9,5.835,5.855,271579
181,429,2020-08-14 11:30:00,5.855,5.88,5.79,5.825,664539
182,428,2020-08-14 12:00:00,5.82,5.85,5.8,5.83,309248
183,427,2020-08-14 12:30:00,5.83,5.8399,5.7827,5.79,198276
184,426,2020-08-14 13:00:00,5.785,5.825,5.76,5.8011,399792
185,425,2020-08-14 13:30:00,5.8,5.8278,5.78,5.82,218548
186,424,2020-08-14 14:00:00,5.825,5.855,5.82,5.855,305353
187,423,2020-08-14 14:30:00,5.86,5.88,5.85,5.875,198474
188,422,2020-08-14 15:00:00,5.875,5.907,5.84,5.855,233550
189,421,2020-08-14 15:30:00,5.855,5.905,5.845,5.89,385733
190,420,2020-08-14 16:00:00,5.895,5.95,5.89,5.95,795587
191,419,2020-08-14 16:30:00,5.95,6.05,5.95,6.05,16595
192,418,2020-08-14 17:00:00,6.03,6.08,6.03,6.08,3500
193,417,2020-08-14 17:30:00,6.1,6.11,6.06,6.08,4539
194,416,2020-08-14 18:00:00,6.08,6.1,6.05,6.05,2978
195,415,2020-08-14 18:30:00,6.05,6.05,6.05,6.05,200
196,414,2020-08-14 19:00:00,6.0,6.04,6.0,6.04,1411
197,413,2020-08-14 20:00:00,6.06,6.1,6.06,6.1,8398
198,412,2020-08-17 04:30:00,6.03,6.03,6.02,6.02,1100
199,411,2020-08-17 05:00:00,6.01,6.01,6.01,6.01,200
200,410,2020-08-17 05:30:00,6.01,6.01,6.01,6.01,10000
201,409,2020-08-17 06:00:00,6.01,6.01,6.01,6.01,800
202,408,2020-08-17 06:30:00,6.01,6.01,6.01,6.01,2010
203,407,2020-08-17 07:00:00,6.01,6.01,6.01,6.01,357
204,406,2020-08-17 07:30:00,6.05,6.06,6.03,6.06,8631
205,405,2020-08-17 08:00:00,6.06,6.08,6.06,6.07,13500
206,404,2020-08-17 08:30:00,6.06,6.12,6.05,6.12,21091
207,403,2020-08-17 09:00:00,6.1373,6.15,6.12,6.13,30182
208,402,2020-08-17 09:30:00,6.12,6.2,6.12,6.15,87449
209,401,2020-08-17 10:00:00,6.17,6.27,6.165,6.21,1403605
210,400,2020-08-17 10:30:00,6.21,6.26,6.165,6.25,905762
211,399,2020-08-17 11:00:00,6.255,6.3,6.15,6.18,817133
212,398,2020-08-17 11:30:00,6.18,6.19,6.1278,6.18,510156
213,397,2020-08-17 12:00:00,6.18,6.21,6.165,6.2,428236
214,396,2020-08-17 12:30:00,6.207000000000001,6.22,6.185,6.19,203547
215,395,2020-08-17 13:00:00,6.195,6.21,6.16,6.19,347244
216,394,2020-08-17 13:30:00,6.18,6.22,6.17,6.22,217632
217,393,2020-08-17 14:00:00,6.211,6.22,6.14,6.1444,323861
218,392,2020-08-17 14:30:00,6.14,6.15,6.12,6.15,241897
219,391,2020-08-17 15:00:00,6.1478,6.185,6.13,6.18,395775
220,390,2020-08-17 15:30:00,6.18,6.24,6.175,6.19,551307
221,389,2020-08-17 16:00:00,6.1915,6.26,6.17,6.25,1124488
222,388,2020-08-17 16:30:00,6.25,6.28,6.2002,6.2002,48069
223,387,2020-08-17 17:00:00,6.2,6.2,6.2,6.2,1000
224,386,2020-08-17 17:30:00,6.28,6.28,6.28,6.28,100
225,385,2020-08-17 18:00:00,6.28,6.28,6.28,6.28,1780
226,384,2020-08-17 18:30:00,6.28,6.28,6.25,6.25,1150
227,383,2020-08-17 19:30:00,6.25,6.26,6.25,6.26,212
228,382,2020-08-17 20:00:00,6.26,6.28,6.26,6.28,254
229,381,2020-08-18 04:30:00,6.4,6.45,6.4,6.45,9000
230,380,2020-08-18 05:30:00,6.53,6.55,6.5,6.55,6124
231,379,2020-08-18 06:00:00,6.55,6.55,6.55,6.55,1000
232,378,2020-08-18 06:30:00,6.56,6.56,6.55,6.55,433
233,377,2020-08-18 07:00:00,6.54,6.54,6.54,6.54,1000
234,376,2020-08-18 07:30:00,6.52,6.53,6.5,6.5,9314
235,375,2020-08-18 08:00:00,6.48,6.5,6.47,6.5,7743
236,374,2020-08-18 08:30:00,6.5,6.54,6.47,6.54,39339
237,373,2020-08-18 09:00:00,6.52,6.54,6.45,6.5,44820
238,372,2020-08-18 09:30:00,6.51,6.51,6.46,6.48,17357
239,371,2020-08-18 10:00:00,6.48,6.5683,6.37,6.37,1302258
240,370,2020-08-18 10:30:00,6.38,6.4,6.23,6.255,1031332
241,369,2020-08-18 11:00:00,6.26,6.3,6.19,6.2,753626
242,368,2020-08-18 11:30:00,6.205,6.255,6.16,6.2069,526195
243,367,2020-08-18 12:00:00,6.205,6.21,6.14,6.165,868359
244,366,2020-08-18 12:30:00,6.165,6.195,6.14,6.17,552325
245,365,2020-08-18 13:00:00,6.1722,6.18,6.13,6.145,370472
246,364,2020-08-18 13:30:00,6.14,6.16,6.1,6.125,395206
247,363,2020-08-18 14:00:00,6.13,6.15,6.1201,6.13,240066
248,362,2020-08-18 14:30:00,6.13,6.14,6.12,6.14,145672
249,361,2020-08-18 15:00:00,6.14,6.17,6.13,6.135,263351
250,360,2020-08-18 15:30:00,6.14,6.19,6.125,6.15,333129
251,359,2020-08-18 16:00:00,6.155,6.19,6.15,6.185,1079686
252,358,2020-08-18 16:30:00,6.18,6.18,6.17,6.17,42347
253,357,2020-08-18 19:30:00,6.18,6.22,6.18,6.22,3658
254,356,2020-08-18 20:00:00,6.26,6.26,6.26,6.26,100
255,355,2020-08-19 04:30:00,6.11,6.11,6.1,6.1,2017
256,354,2020-08-19 05:00:00,6.12,6.12,6.12,6.12,600
257,353,2020-08-19 05:30:00,6.12,6.12,6.12,6.12,600
258,352,2020-08-19 06:00:00,6.1,6.1,6.1,6.1,10000
259,351,2020-08-19 06:30:00,6.08,6.08,6.08,6.08,100
260,350,2020-08-19 07:30:00,6.07,6.07,6.04,6.04,2974
261,349,2020-08-19 08:00:00,6.01,6.02,6.01,6.02,2000
262,348,2020-08-19 08:30:00,6.06,6.09,6.01,6.02,33091
263,347,2020-08-19 09:00:00,6.06,6.1,6.06,6.1,5726
264,346,2020-08-19 09:30:00,6.07,6.12,6.07,6.11,19600
265,345,2020-08-19 10:00:00,6.11,6.18,6.04,6.07,977172
266,344,2020-08-19 10:30:00,6.065,6.16,6.06,6.1,597146
267,343,2020-08-19 11:00:00,6.1,6.145,5.92,5.98,1060235
268,342,2020-08-19 11:30:00,5.98,6.035,5.91,5.95,739278
269,341,2020-08-19 12:00:00,5.95,6.04,5.945,6.015,420445
270,340,2020-08-19 12:30:00,6.015,6.0559,6.01,6.015,142581
271,339,2020-08-19 13:00:00,6.015,6.06,5.99,6.06,143948
272,338,2020-08-19 13:30:00,6.06,6.06,6.01,6.025,186488
273,337,2020-08-19 14:00:00,6.025,6.09,6.025,6.08,225479
274,336,2020-08-19 14:30:00,6.07,6.11,5.84,5.89,808514
275,335,2020-08-19 15:00:00,5.89,5.925,5.85,5.91,869415
276,334,2020-08-19 15:30:00,5.91,5.94,5.89,5.92,416867
277,333,2020-08-19 16:00:00,5.9178,5.93,5.86,5.9,1236808
278,332,2020-08-19 16:30:00,5.9,5.97,5.9,5.97,93740
279,331,2020-08-19 17:30:00,5.89,5.91,5.89,5.91,736
280,330,2020-08-19 18:00:00,5.86,5.9,5.86,5.87,808
281,329,2020-08-19 18:30:00,5.86,5.88,5.85,5.85,1011
282,328,2020-08-19 19:30:00,5.9,5.9,5.9,5.9,1049
283,327,2020-08-19 20:00:00,5.86,5.86,5.82,5.82,2767
284,326,2020-08-20 04:30:00,5.92,5.92,5.8,5.84,12400
285,325,2020-08-20 05:30:00,5.89,5.89,5.89,5.89,100
286,324,2020-08-20 08:30:00,5.8999,5.9,5.85,5.85,10183
287,323,2020-08-20 09:00:00,5.88,5.94,5.88,5.9,7603
288,322,2020-08-20 09:30:00,5.88,5.89,5.82,5.84,18176
289,321,2020-08-20 10:00:00,5.82,5.8878,5.765,5.7778,1358281
290,320,2020-08-20 10:30:00,5.775,5.875,5.7221,5.85,611738
291,319,2020-08-20 11:00:00,5.85,5.935,5.83,5.92,616587
292,318,2020-08-20 11:30:00,5.91,5.98,5.89,5.96,459637
293,317,2020-08-20 12:00:00,5.965,5.99,5.92,5.925,369480
294,316,2020-08-20 12:30:00,5.93,5.945,5.9,5.9,255100
295,315,2020-08-20 13:00:00,5.91,5.92,5.88,5.8926,274482
296,314,2020-08-20 13:30:00,5.9,5.91,5.81,5.8287,436043
297,313,2020-08-20 14:00:00,5.825,5.87,5.825,5.85,170956
298,312,2020-08-20 14:30:00,5.85,5.89,5.83,5.87,205419
299,311,2020-08-20 15:00:00,5.87,5.885,5.84,5.87,215013
300,310,2020-08-20 15:30:00,5.87,5.91,5.86,5.9,322812
301,309,2020-08-20 16:00:00,5.91,5.96,5.89,5.945,746318
302,308,2020-08-20 16:30:00,5.94,5.94,5.94,5.94,30387
303,307,2020-08-20 17:30:00,5.95,5.95,5.95,5.95,200
304,306,2020-08-20 19:30:00,5.94,5.94,5.94,5.94,104
305,305,2020-08-21 05:00:00,5.92,5.92,5.92,5.92,3500
306,304,2020-08-21 05:30:00,5.9,5.9,5.89,5.9,5000
307,303,2020-08-21 06:00:00,5.88,5.89,5.88,5.89,4000
308,302,2020-08-21 07:30:00,5.8,5.8,5.7,5.7,7513
309,301,2020-08-21 08:00:00,5.71,5.71,5.67,5.67,9969
310,300,2020-08-21 08:30:00,5.67,5.8,5.63,5.75,16294
311,299,2020-08-21 09:00:00,5.73,5.84,5.73,5.84,14414
312,298,2020-08-21 09:30:00,5.7798,5.82,5.77,5.78,13072
313,297,2020-08-21 10:00:00,5.78,5.825,5.67,5.755,869918
314,296,2020-08-21 10:30:00,5.75,5.8078,5.67,5.7978,456225
315,295,2020-08-21 11:00:00,5.8,5.86,5.7503,5.855,486765
316,294,2020-08-21 11:30:00,5.855,5.86,5.775,5.8,408847
317,293,2020-08-21 12:00:00,5.8,5.8,5.735,5.757000000000001,238315
318,292,2020-08-21 12:30:00,5.75,5.76,5.725,5.74,209425
319,291,2020-08-21 13:00:00,5.735,5.76,5.705,5.75,239765
320,290,2020-08-21 13:30:00,5.755,5.785,5.74,5.785,192605
321,289,2020-08-21 14:00:00,5.78,5.79,5.72,5.73,290449
322,288,2020-08-21 14:30:00,5.73,5.77,5.725,5.745,195185
323,287,2020-08-21 15:00:00,5.74,5.76,5.725,5.755,289644
324,286,2020-08-21 15:30:00,5.755,5.77,5.74,5.745,282173
325,285,2020-08-21 16:00:00,5.745,5.77,5.73,5.77,911598
326,284,2020-08-21 16:30:00,5.76,5.77,5.76,5.77,21519
327,283,2020-08-21 17:00:00,5.72,5.8,5.72,5.8,1100
328,282,2020-08-21 17:30:00,5.74,5.74,5.74,5.74,2003
329,281,2020-08-21 18:00:00,5.72,5.72,5.7,5.71,11980
330,280,2020-08-24 04:30:00,6.01,6.07,6.01,6.03,20345
331,279,2020-08-24 05:00:00,6.02,6.08,6.02,6.08,53150
332,278,2020-08-24 05:30:00,6.05,6.09,6.04,6.09,4625
333,277,2020-08-24 06:00:00,6.12,6.16,6.12,6.14,8426
334,276,2020-08-24 06:30:00,6.11,6.11,6.09,6.09,1175
335,275,2020-08-24 07:00:00,6.08,6.1,6.08,6.1,550
336,274,2020-08-24 07:30:00,6.04,6.1,6.02,6.1,33435
337,273,2020-08-24 08:00:00,6.1,6.1,6.06,6.08,18625
338,272,2020-08-24 08:30:00,6.06,6.15,6.04,6.14,45973
339,271,2020-08-24 09:00:00,6.14,6.2,6.13,6.18,59904
340,270,2020-08-24 09:30:00,6.18,6.2,6.07,6.11,130810
341,269,2020-08-24 10:00:00,6.14,6.17,6.04,6.06,2207348
342,268,2020-08-24 10:30:00,6.07,6.105,6.035,6.065,1648161
343,267,2020-08-24 11:00:00,6.07,6.08,5.94,5.96,976274
344,266,2020-08-24 11:30:00,5.96,5.9978,5.9467,5.95,423217
345,265,2020-08-24 12:00:00,5.955,5.995,5.925,5.945,407199
346,264,2020-08-24 12:30:00,5.94,5.975,5.935,5.955,271800
347,263,2020-08-24 13:00:00,5.955,5.96,5.93,5.95,177513
348,262,2020-08-24 13:30:00,5.95,5.96,5.92,5.93,210529
349,261,2020-08-24 14:00:00,5.93,5.96,5.925,5.95,223310
350,260,2020-08-24 14:30:00,5.95,5.98,5.915,5.93,531547
351,259,2020-08-24 15:00:00,5.93,5.975,5.93,5.965,259532
352,258,2020-08-24 15:30:00,5.96,5.97,5.92,5.925,567397
353,257,2020-08-24 16:00:00,5.93,5.93,5.8909,5.92,836141
354,256,2020-08-24 16:30:00,5.92,5.96,5.92,5.96,89713
355,255,2020-08-24 17:00:00,5.9,5.9,5.9,5.9,390
356,254,2020-08-24 19:30:00,5.88,5.89,5.87,5.87,1000
357,253,2020-08-24 20:00:00,5.87,5.87,5.86,5.86,1000
358,252,2020-08-25 06:30:00,5.84,5.84,5.84,5.84,100
359,251,2020-08-25 07:30:00,5.91,5.91,5.91,5.91,500
360,250,2020-08-25 08:00:00,5.9,5.9,5.87,5.87,850
361,249,2020-08-25 08:30:00,5.9199,5.9199,5.84,5.84,7223
362,248,2020-08-25 09:00:00,5.86,5.88,5.85,5.87,8880
363,247,2020-08-25 09:30:00,5.87,5.93,5.87,5.88,39541
364,246,2020-08-25 10:00:00,5.9,5.9,5.79,5.83,688960
365,245,2020-08-25 10:30:00,5.825,5.83,5.75,5.785,497388
366,244,2020-08-25 11:00:00,5.78,5.795,5.68,5.72,520762
367,243,2020-08-25 11:30:00,5.73,5.73,5.62,5.64,481054
368,242,2020-08-25 12:00:00,5.63,5.67,5.61,5.6601,278039
369,241,2020-08-25 12:30:00,5.665,5.68,5.62,5.63,226392
370,240,2020-08-25 13:00:00,5.625,5.6677,5.615,5.63,288352
371,239,2020-08-25 13:30:00,5.635,5.689,5.635,5.68,132831
372,238,2020-08-25 14:00:00,5.69,5.73,5.67,5.73,282293
373,237,2020-08-25 14:30:00,5.73,5.73,5.6896,5.711,237030
374,236,2020-08-25 15:00:00,5.72,5.75,5.69,5.74,424746
375,235,2020-08-25 15:30:00,5.745,5.78,5.7333,5.74,592954
376,234,2020-08-25 16:00:00,5.74,5.8,5.735,5.79,1164112
377,233,2020-08-25 16:30:00,5.79,5.8,5.79,5.8,64155
378,232,2020-08-25 17:00:00,5.8,5.8,5.8,5.8,700
379,231,2020-08-25 17:30:00,5.82,5.85,5.82,5.85,1500
380,230,2020-08-25 18:00:00,5.85,5.85,5.8,5.8,3048
381,229,2020-08-26 06:00:00,5.75,5.75,5.75,5.75,3943
382,228,2020-08-26 07:00:00,5.74,5.74,5.74,5.74,409
383,227,2020-08-26 07:30:00,5.7,5.7,5.7,5.7,1000
384,226,2020-08-26 08:00:00,5.71,5.71,5.71,5.71,1300
385,225,2020-08-26 08:30:00,5.7001,5.7101,5.61,5.63,19873
386,224,2020-08-26 09:00:00,5.62,5.63,5.59,5.62,69710
387,223,2020-08-26 09:30:00,5.64,5.67,5.61,5.64,27289
388,222,2020-08-26 10:00:00,5.65,5.83,5.65,5.79,866067
389,221,2020-08-26 10:30:00,5.79,5.9212,5.745,5.91,893392
390,220,2020-08-26 11:00:00,5.9087,5.95,5.8323,5.9,876424
391,219,2020-08-26 11:30:00,5.89,5.965,5.89,5.95,566038
392,218,2020-08-26 12:00:00,5.955,5.99,5.88,5.89,456416
393,217,2020-08-26 12:30:00,5.89,5.92,5.875,5.88,292105
394,216,2020-08-26 13:00:00,5.88,5.9,5.86,5.88,167712
395,215,2020-08-26 13:30:00,5.875,5.965,5.875,5.955,385926
396,214,2020-08-26 14:00:00,5.955,5.9786,5.94,5.945,288915
397,213,2020-08-26 14:30:00,5.95,5.98,5.94,5.96,422885
398,212,2020-08-26 15:00:00,5.96,5.96,5.88,5.905,397660
399,211,2020-08-26 15:30:00,5.905,5.96,5.895,5.945,364062
400,210,2020-08-26 16:00:00,5.94,5.97,5.93,5.965,825182
401,209,2020-08-26 16:30:00,5.96,5.96,5.96,5.96,20860
402,208,2020-08-26 17:00:00,5.98,5.98,5.98,5.98,100
403,207,2020-08-26 17:30:00,5.97,5.98,5.97,5.98,2092
404,206,2020-08-26 18:30:00,6.0,6.0,6.0,6.0,4949
405,205,2020-08-26 19:30:00,5.94,5.94,5.94,5.94,200
406,204,2020-08-27 04:30:00,6.07,6.08,6.06,6.08,13978
407,203,2020-08-27 05:00:00,6.13,6.13,6.13,6.13,600
408,202,2020-08-27 05:30:00,6.11,6.11,6.1,6.1,2600
409,201,2020-08-27 06:00:00,6.1,6.1,6.1,6.1,900
410,200,2020-08-27 06:30:00,6.08,6.08,6.02,6.02,3902
411,199,2020-08-27 07:30:00,5.99,5.99,5.94,5.94,2417
412,198,2020-08-27 08:00:00,5.9,5.9,5.9,5.9,100
413,197,2020-08-27 08:30:00,5.9301,5.94,5.85,5.88,3466
414,196,2020-08-27 09:00:00,5.93,5.98,5.92,5.92,4600
415,195,2020-08-27 09:30:00,5.92,6.17,5.92,6.16,66989
416,194,2020-08-27 10:00:00,6.16,6.16,5.89,5.93,2244697
417,193,2020-08-27 10:30:00,5.928,5.928999999999999,5.8,5.845,1088833
418,192,2020-08-27 11:00:00,5.845,5.85,5.67,5.715,1025016
419,191,2020-08-27 11:30:00,5.7156,5.785,5.69,5.7,367589
420,190,2020-08-27 12:00:00,5.705,5.83,5.705,5.78,285844
421,189,2020-08-27 12:30:00,5.77,5.82,5.75,5.755,257739
422,188,2020-08-27 13:00:00,5.76,5.78,5.71,5.7273,267864
423,187,2020-08-27 13:30:00,5.72,5.79,5.71,5.79,217719
424,186,2020-08-27 14:00:00,5.79,5.835,5.77,5.83,297837
425,185,2020-08-27 14:30:00,5.82,5.835,5.785,5.815,235838
426,184,2020-08-27 15:00:00,5.81,5.85,5.79,5.795,182077
427,183,2020-08-27 15:30:00,5.8,5.84,5.795,5.825,197373
428,182,2020-08-27 16:00:00,5.825,5.845,5.74,5.76,798359
429,181,2020-08-27 16:30:00,5.75,5.75,5.75,5.75,38703
430,180,2020-08-27 17:00:00,5.78,5.78,5.78,5.78,180
431,179,2020-08-27 17:30:00,5.76,5.76,5.76,5.76,1000
432,178,2020-08-27 18:00:00,5.77,5.77,5.77,5.77,400
433,177,2020-08-27 18:30:00,5.78,5.78,5.78,5.78,2000
434,176,2020-08-27 19:00:00,5.77,5.78,5.77,5.78,500
435,175,2020-08-27 19:30:00,5.78,5.78,5.78,5.78,100
436,174,2020-08-27 20:00:00,5.78,5.78,5.78,5.78,1920
437,173,2020-08-28 04:30:00,5.94,5.95,5.89,5.95,5525
438,172,2020-08-28 05:00:00,5.99,5.99,5.95,5.98,3200
439,171,2020-08-28 05:30:00,6.05,6.06,6.03,6.05,20398
440,170,2020-08-28 06:00:00,6.08,6.09,6.07,6.07,9500
441,169,2020-08-28 06:30:00,6.07,6.08,6.06,6.06,10375
442,168,2020-08-28 07:00:00,6.07,6.13,6.07,6.13,22932
443,167,2020-08-28 07:30:00,6.12,6.21,6.11,6.21,61750
444,166,2020-08-28 08:00:00,6.21,6.27,6.21,6.22,43374
445,165,2020-08-28 08:30:00,6.25,6.27,6.11,6.24,54191
446,164,2020-08-28 09:00:00,6.25,6.25,6.15,6.17,77359
447,163,2020-08-28 09:30:00,6.16,6.18,6.12,6.15,101947
448,162,2020-08-28 10:00:00,6.15,6.28,6.13,6.25,2191378
449,161,2020-08-28 10:30:00,6.26,6.29,6.15,6.28,1127273
450,160,2020-08-28 11:00:00,6.2865,6.345,6.245,6.325,1153485
451,159,2020-08-28 11:30:00,6.33,6.4,6.32,6.365,740461
452,158,2020-08-28 12:00:00,6.3644,6.4362,6.36,6.39,872383
453,157,2020-08-28 12:30:00,6.39,6.48,6.39,6.45,617202
454,156,2020-08-28 13:00:00,6.45,6.4948,6.4352,6.49,682646
455,155,2020-08-28 13:30:00,6.4974,6.53,6.47,6.48,617064
456,154,2020-08-28 14:00:00,6.48,6.505,6.45,6.46,438566
457,153,2020-08-28 14:30:00,6.47,6.51,6.44,6.4621,263808
458,152,2020-08-28 15:00:00,6.465,6.4899,6.44,6.45,270097
459,151,2020-08-28 15:30:00,6.445,6.49,6.43,6.47,311560
460,150,2020-08-28 16:00:00,6.47,6.49,6.455,6.48,842859
461,149,2020-08-28 16:30:00,6.48,6.48,6.47,6.47,41101
462,148,2020-08-28 17:00:00,6.44,6.44,6.44,6.44,104
463,147,2020-08-28 17:30:00,6.43,6.45,6.43,6.45,4000
464,146,2020-08-28 18:00:00,6.45,6.45,6.45,6.45,500
465,145,2020-08-28 18:30:00,6.45,6.45,6.45,6.45,400
466,144,2020-08-28 19:00:00,6.46,6.47,6.45,6.47,1106
467,143,2020-08-28 19:30:00,6.48,6.49,6.48,6.49,969
468,142,2020-08-28 20:00:00,6.48,6.48,6.48,6.48,133
469,141,2020-08-31 04:30:00,6.6,6.8,6.6,6.8,14892
470,140,2020-08-31 05:00:00,6.8,6.8,6.71,6.75,15114
471,139,2020-08-31 05:30:00,6.72,6.72,6.72,6.72,250
472,138,2020-08-31 06:00:00,6.8,6.8,6.8,6.8,8347
473,137,2020-08-31 06:30:00,6.82,6.82,6.73,6.76,8852
474,136,2020-08-31 07:00:00,6.76,6.76,6.69,6.69,4300
475,135,2020-08-31 07:30:00,6.7,6.76,6.67,6.75,30834
476,134,2020-08-31 08:00:00,6.69,6.71,6.65,6.66,12825
477,133,2020-08-31 08:30:00,6.65,6.75,6.6,6.63,16369
478,132,2020-08-31 09:00:00,6.64,6.67,6.62,6.63,10212
479,131,2020-08-31 09:30:00,6.62,6.67,6.58,6.61,73913
480,130,2020-08-31 10:00:00,6.6,6.71,6.58,6.6473,2122910
481,129,2020-08-31 10:30:00,6.645,6.7,6.62,6.65,1265129
482,128,2020-08-31 11:00:00,6.64,6.66,6.4901,6.5,1394595
483,127,2020-08-31 11:30:00,6.5,6.54,6.45,6.47,834691
484,126,2020-08-31 12:00:00,6.47,6.53,6.47,6.5172,316743
485,125,2020-08-31 12:30:00,6.5114,6.57,6.5114,6.54,365050
486,124,2020-08-31 13:00:00,6.55,6.57,6.53,6.545,283129
487,123,2020-08-31 13:30:00,6.5445,6.585,6.53,6.55,281349
488,122,2020-08-31 14:00:00,6.555,6.6,6.55,6.5922,675302
489,121,2020-08-31 14:30:00,6.5922,6.595,6.53,6.53,356353
490,120,2020-08-31 15:00:00,6.5399,6.555,6.52,6.5501,362193
491,119,2020-08-31 15:30:00,6.56,6.565,6.48,6.485,466686
492,118,2020-08-31 16:00:00,6.485,6.51,6.47,6.48,1011741
493,117,2020-08-31 16:30:00,6.48,6.48,6.45,6.48,22086
494,116,2020-08-31 17:00:00,6.5,6.5,6.5,6.5,108
495,115,2020-08-31 17:30:00,6.47,6.47,6.45,6.45,5630
496,114,2020-08-31 18:00:00,6.45,6.45,6.45,6.45,5177
497,113,2020-08-31 19:00:00,6.46,6.46,6.46,6.46,522
498,112,2020-08-31 20:00:00,6.49,6.5,6.49,6.5,1467
499,111,2020-09-01 04:30:00,6.7,6.73,6.69,6.73,7418
500,110,2020-09-01 05:00:00,6.71,6.71,6.71,6.71,920
501,109,2020-09-01 05:30:00,6.73,6.73,6.73,6.73,1000
502,108,2020-09-01 06:00:00,6.73,6.73,6.73,6.73,1000
503,107,2020-09-01 06:30:00,6.73,6.73,6.73,6.73,400
504,106,2020-09-01 07:00:00,6.7,6.73,6.7,6.73,700
505,105,2020-09-01 07:30:00,6.73,6.73,6.69,6.69,5071
506,104,2020-09-01 08:00:00,6.65,6.67,6.63,6.63,5388
507,103,2020-09-01 08:30:00,6.64,6.73,6.62,6.62,15937
508,102,2020-09-01 09:00:00,6.65,6.65,6.63,6.63,11900
509,101,2020-09-01 09:30:00,6.59,6.6,6.57,6.59,62179
510,100,2020-09-01 10:00:00,6.6,6.6,6.43,6.4799,1913684
511,99,2020-09-01 10:30:00,6.47,6.47,6.35,6.37,819444
512,98,2020-09-01 11:00:00,6.36,6.39,6.21,6.2731,1585528
513,97,2020-09-01 11:30:00,6.27,6.31,6.21,6.235,413459
514,96,2020-09-01 12:00:00,6.2363,6.24,6.16,6.1923,519519
515,95,2020-09-01 12:30:00,6.2,6.25,6.1924,6.195,290256
516,94,2020-09-01 13:00:00,6.2,6.25,6.18,6.225,207899
517,93,2020-09-01 13:30:00,6.225,6.24,6.185,6.2204,238274
518,92,2020-09-01 14:00:00,6.23,6.2499,6.18,6.205,242690
519,91,2020-09-01 14:30:00,6.2,6.21,6.15,6.1722,369924
520,90,2020-09-01 15:00:00,6.1722,6.18,6.13,6.155,317706
521,89,2020-09-01 15:30:00,6.155,6.18,6.11,6.1485,479934
522,88,2020-09-01 16:00:00,6.145,6.245,6.145,6.23,1123456
523,87,2020-09-01 16:30:00,6.23,6.25,6.23,6.23,18442
524,86,2020-09-01 17:00:00,6.28,6.31,6.28,6.28,3448
525,85,2020-09-01 17:30:00,6.28,6.28,6.28,6.28,700
526,84,2020-09-01 18:00:00,6.27,6.27,6.26,6.26,1215
527,83,2020-09-01 19:30:00,6.26,6.26,6.26,6.26,1302
528,82,2020-09-01 20:00:00,6.25,6.25,6.25,6.25,400
529,81,2020-09-02 04:30:00,6.12,6.12,6.09,6.09,4205
530,80,2020-09-02 05:00:00,6.09,6.11,6.07,6.07,1113
531,79,2020-09-02 06:00:00,6.18,6.18,6.18,6.18,600
532,78,2020-09-02 06:30:00,6.12,6.12,6.12,6.12,100
533,77,2020-09-02 07:00:00,6.12,6.12,6.12,6.12,150
534,76,2020-09-02 07:30:00,6.08,6.1,6.01,6.01,4669
535,75,2020-09-02 08:00:00,6.01,6.04,6.01,6.04,7125
536,74,2020-09-02 08:30:00,6.03,6.09,6.01,6.08,10887
537,73,2020-09-02 09:00:00,6.1,6.12,6.07,6.1,5136
538,72,2020-09-02 09:30:00,6.09,6.09,6.05,6.06,8567
539,71,2020-09-02 10:00:00,6.045,6.045,5.825,5.86,1995259
540,70,2020-09-02 10:30:00,5.86,6.0021,5.84,5.8660000000000005,1009606
541,69,2020-09-02 11:00:00,5.8678,5.9378,5.865,5.93,766557
542,68,2020-09-02 11:30:00,5.93,5.97,5.83,5.835,507654
543,67,2020-09-02 12:00:00,5.83,5.97,5.83,5.965,488838
544,66,2020-09-02 12:30:00,5.96,5.97,5.9,5.9,231534
545,65,2020-09-02 13:00:00,5.905,5.935,5.89,5.93,180455
546,64,2020-09-02 13:30:00,5.925,5.93,5.89,5.91,201551
547,63,2020-09-02 14:00:00,5.91,5.9377,5.88,5.88,194398
548,62,2020-09-02 14:30:00,5.88,5.96,5.865,5.955,362904
549,61,2020-09-02 15:00:00,5.955,5.985,5.95,5.96,182323
550,60,2020-09-02 15:30:00,5.965,6.02,5.96,5.995,572370
551,59,2020-09-02 16:00:00,5.995,6.03,5.97,6.03,788316
552,58,2020-09-02 16:30:00,6.03,6.03,6.02,6.02,67665
553,57,2020-09-02 17:30:00,6.02,6.02,6.02,6.02,100
554,56,2020-09-02 18:00:00,5.97,5.97,5.97,5.97,11531
555,55,2020-09-02 19:30:00,6.02,6.02,6.02,6.02,600
556,54,2020-09-02 20:00:00,6.02,6.02,6.02,6.02,120
557,53,2020-09-03 04:30:00,6.06,6.06,5.94,5.94,6320
558,52,2020-09-03 05:00:00,5.93,5.93,5.93,5.93,505
559,51,2020-09-03 05:30:00,5.94,5.94,5.94,5.94,495
560,50,2020-09-03 06:00:00,5.9,5.9,5.9,5.9,400
561,49,2020-09-03 06:30:00,5.9,5.9,5.9,5.9,2500
562,48,2020-09-03 07:00:00,5.86,5.86,5.83,5.85,10200
563,47,2020-09-03 07:30:00,5.84,5.84,5.8,5.8,3141
564,46,2020-09-03 08:30:00,5.84,5.84,5.8,5.84,21976
565,45,2020-09-03 09:00:00,5.8,5.84,5.8,5.8398,3827
566,44,2020-09-03 09:30:00,5.85,5.92,5.8198,5.87,24146
567,43,2020-09-03 10:00:00,5.87,6.02,5.83,5.98,1280626
568,42,2020-09-03 10:30:00,5.98,6.0399,5.925,5.965,914531
569,41,2020-09-03 11:00:00,5.96,6.0,5.92,5.968,869444
570,40,2020-09-03 11:30:00,5.97,5.975,5.77,5.82,756657
571,39,2020-09-03 12:00:00,5.8273,5.915,5.8072,5.89,333634
572,38,2020-09-03 12:30:00,5.89,5.93,5.8707,5.9,249368
573,37,2020-09-03 13:00:00,5.9,5.91,5.87,5.9,185808
574,36,2020-09-03 13:30:00,5.9,5.97,5.89,5.965,270703
575,35,2020-09-03 14:00:00,5.965,5.965,5.892,5.95,276018
576,34,2020-09-03 14:30:00,5.95,6.0599,5.95,6.05,406972
577,33,2020-09-03 15:00:00,6.05,6.0899,6.0401,6.05,456299
578,32,2020-09-03 15:30:00,6.05,6.06,5.995,5.995,484662
579,31,2020-09-03 16:00:00,5.995,6.04,5.98,6.03,1053259
580,30,2020-09-03 16:30:00,6.03,6.08,6.03,6.08,39640
581,29,2020-09-03 17:00:00,6.0798,6.08,6.02,6.0699,1870
582,28,2020-09-03 18:00:00,6.07,6.07,6.05,6.05,1273
583,27,2020-09-03 18:30:00,6.03,6.03,6.02,6.02,1356
584,26,2020-09-03 19:30:00,6.03,6.03,5.99,5.99,20400
585,25,2020-09-03 20:00:00,5.98,5.98,5.95,5.95,1000
586,24,2020-09-04 04:30:00,5.98,6.0,5.98,5.99,5600
587,23,2020-09-04 05:00:00,5.98,6.01,5.97,5.98,33333
588,22,2020-09-04 07:00:00,6.06,6.06,6.06,6.06,2500
589,21,2020-09-04 07:30:00,6.07,6.09,6.07,6.08,9380
590,20,2020-09-04 08:00:00,6.08,6.12,6.08,6.12,11600
591,19,2020-09-04 08:30:00,6.0801,6.12,6.07,6.12,35593
592,18,2020-09-04 09:00:00,6.12,6.12,6.02,6.06,11039
593,17,2020-09-04 09:30:00,6.04,6.04,5.97,5.98,13353
594,16,2020-09-04 10:00:00,5.97,6.0399,5.83,5.8378,1058480
595,15,2020-09-04 10:30:00,5.83,5.89,5.76,5.79,917395
596,14,2020-09-04 11:00:00,5.8,5.825,5.675,5.78,1102644
597,13,2020-09-04 11:30:00,5.78,5.79,5.67,5.725,560826
598,12,2020-09-04 12:00:00,5.73,5.815,5.73,5.805,382027
599,11,2020-09-04 12:30:00,5.805,5.925,5.8,5.92,525191
600,10,2020-09-04 13:00:00,5.925,5.9622,5.85,5.865,484734
601,9,2020-09-04 13:30:00,5.86,5.865,5.785,5.8,682191
602,8,2020-09-04 14:00:00,5.79,5.885,5.78,5.88,596484
603,7,2020-09-04 14:30:00,5.875,5.9,5.84,5.8801,467404
604,6,2020-09-04 15:00:00,5.89,5.94,5.88,5.93,606778
605,5,2020-09-04 15:30:00,5.935,5.98,5.9,5.975,539246
606,4,2020-09-04 16:00:00,5.975,6.0,5.94,5.95,1305160
607,3,2020-09-04 16:30:00,5.88,5.95,5.88,5.95,24743
608,2,2020-09-04 17:00:00,5.96,5.96,5.96,5.96,1000
609,1,2020-09-04 17:30:00,6.0,6.0,6.0,6.0,100
610,0,2020-09-04 18:30:00,5.99,5.99,5.99,5.99,200
611,492,2020-09-08 04:30:00,5.83,5.83,5.83,5.83,120
612,491,2020-09-08 05:00:00,5.8,5.8,5.8,5.8,200
613,490,2020-09-08 05:30:00,5.83,5.83,5.83,5.83,4250
614,489,2020-09-08 06:00:00,5.77,5.78,5.77,5.78,2700
615,488,2020-09-08 06:30:00,5.76,5.76,5.72,5.72,1100
616,487,2020-09-08 07:00:00,5.73,5.73,5.72,5.72,1502
617,486,2020-09-08 07:30:00,5.78,5.78,5.76,5.76,1700
618,485,2020-09-08 08:00:00,5.73,5.73,5.7,5.7,2050
619,484,2020-09-08 08:30:00,5.76,5.7701,5.71,5.77,22935
620,483,2020-09-08 09:00:00,5.76,5.76,5.73,5.73,7220
621,482,2020-09-08 09:30:00,5.73,5.73,5.65,5.65,18042
622,481,2020-09-08 10:00:00,5.66,5.7278,5.545,5.63,1539134
623,480,2020-09-08 10:30:00,5.6399,5.795,5.61,5.78,815884
624,479,2020-09-08 11:00:00,5.78,5.81,5.695,5.78,873586
625,478,2020-09-08 11:30:00,5.775,5.815,5.73,5.815,1059350
626,477,2020-09-08 12:00:00,5.81,5.83,5.77,5.82,458040
627,476,2020-09-08 12:30:00,5.8201,5.85,5.805,5.83,406399
628,475,2020-09-08 13:00:00,5.835,5.89,5.825,5.89,193811
629,474,2020-09-08 13:30:00,5.89,5.89,5.83,5.84,252375
630,473,2020-09-08 14:00:00,5.835,5.9,5.835,5.895,165447
631,472,2020-09-08 14:30:00,5.895,5.9,5.815,5.83,427085
632,471,2020-09-08 15:00:00,5.83,5.85,5.79,5.81,363833
633,470,2020-09-08 15:30:00,5.8,5.83,5.77,5.825,427125
634,469,2020-09-08 16:00:00,5.82,5.83,5.75,5.765,874218
635,468,2020-09-08 16:30:00,5.76,5.76,5.75,5.75,22637
636,467,2020-09-08 17:00:00,5.76,5.76,5.76,5.76,108
637,466,2020-09-08 17:30:00,5.76,5.76,5.76,5.76,125
638,465,2020-09-08 18:00:00,5.76,5.76,5.67,5.67,2624
639,464,2020-09-09 07:00:00,5.84,5.84,5.83,5.83,5250
640,463,2020-09-09 07:30:00,5.83,5.84,5.83,5.84,10117
641,462,2020-09-09 08:30:00,5.8101,5.8101,5.7901,5.7901,540
642,461,2020-09-09 09:00:00,5.88,5.91,5.86,5.9,10378
643,460,2020-09-09 09:30:00,5.9,5.91,5.85,5.89,57643
644,459,2020-09-09 10:00:00,5.91,6.07,5.91,6.04,1045476
645,458,2020-09-09 10:30:00,6.04,6.13,6.02,6.12,819665
646,457,2020-09-09 11:00:00,6.12,6.17,6.1141,6.15,875351
647,456,2020-09-09 11:30:00,6.15,6.16,6.05,6.099,505058
648,455,2020-09-09 12:00:00,6.1,6.12,6.08,6.085,199542
649,454,2020-09-09 12:30:00,6.09,6.195,6.085,6.19,613013
650,453,2020-09-09 13:00:00,6.19,6.245,6.19,6.22,613685
651,452,2020-09-09 13:30:00,6.22,6.225,6.17,6.19,400388
652,451,2020-09-09 14:00:00,6.19,6.2,6.15,6.17,297223
653,450,2020-09-09 14:30:00,6.1678,6.22,6.13,6.215,334850
654,449,2020-09-09 15:00:00,6.2132,6.25,6.21,6.235,237010
655,448,2020-09-09 15:30:00,6.235,6.26,6.22,6.245,364436
656,447,2020-09-09 16:00:00,6.24,6.27,6.23,6.25,800477
657,446,2020-09-09 16:30:00,6.25,6.25,6.25,6.25,46649
658,445,2020-09-09 18:00:00,6.25,6.25,6.25,6.25,203
659,444,2020-09-09 19:30:00,6.17,6.17,6.17,6.17,400
660,443,2020-09-09 20:00:00,6.18,6.28,6.18,6.28,233
661,442,2020-09-10 04:30:00,6.09,6.12,6.09,6.12,3900
662,441,2020-09-10 05:00:00,6.13,6.13,6.13,6.13,1600
663,440,2020-09-10 05:30:00,6.08,6.11,6.08,6.11,2602
664,439,2020-09-10 06:00:00,6.12,6.14,6.12,6.14,2500
665,438,2020-09-10 06:30:00,6.18,6.18,6.18,6.18,1500
666,437,2020-09-10 07:00:00,6.16,6.16,6.16,6.16,1000
667,436,2020-09-10 07:30:00,6.17,6.2,6.17,6.2,2928
668,435,2020-09-10 08:00:00,6.2,6.2,6.17,6.18,1760
669,434,2020-09-10 08:30:00,6.1999,6.2,6.02,6.05,17812
670,433,2020-09-10 09:00:00,6.06,6.17,6.06,6.17,24617
671,432,2020-09-10 09:30:00,6.1919,6.31,6.1919,6.27,27273
672,431,2020-09-10 10:00:00,6.28,6.35,6.23,6.32,1527504
673,430,2020-09-10 10:30:00,6.33,6.37,6.23,6.25,1012496
674,429,2020-09-10 11:00:00,6.255,6.295,6.2,6.24,864444
675,428,2020-09-10 11:30:00,6.235,6.355,6.21,6.355,618623
676,427,2020-09-10 12:00:00,6.35,6.36,6.295,6.3,385524
677,426,2020-09-10 12:30:00,6.3,6.325,6.27,6.29,350810
678,425,2020-09-10 13:00:00,6.2917,6.34,6.28,6.33,330854
679,424,2020-09-10 13:30:00,6.325,6.35,6.3,6.31,240146
680,423,2020-09-10 14:00:00,6.31,6.325,6.275,6.295,234866
681,422,2020-09-10 14:30:00,6.29,6.3,6.1702,6.18,337860
682,421,2020-09-10 15:00:00,6.18,6.26,6.17,6.255,311147
683,420,2020-09-10 15:30:00,6.25,6.2576,6.18,6.215,487783
684,419,2020-09-10 16:00:00,6.215,6.2589999999999995,6.2,6.24,1185662
685,418,2020-09-10 16:30:00,6.24,6.24,6.23,6.23,52944
686,417,2020-09-10 17:00:00,6.25,6.25,6.25,6.25,2000
687,416,2020-09-10 18:30:00,6.24,6.24,6.23,6.23,300
688,415,2020-09-10 19:30:00,6.24,6.24,6.24,6.24,200
689,414,2020-09-11 04:30:00,6.12,6.13,6.12,6.13,1500
690,413,2020-09-11 05:30:00,6.23,6.23,6.23,6.23,600
691,412,2020-09-11 08:00:00,6.21,6.21,6.21,6.21,700
692,411,2020-09-11 08:30:00,6.22,6.28,6.22,6.27,2150
693,410,2020-09-11 09:00:00,6.27,6.27,6.26,6.27,2500
694,409,2020-09-11 09:30:00,6.26,6.33,6.26,6.29,35879
695,408,2020-09-11 10:00:00,6.3,6.41,6.245,6.245,1022238
696,407,2020-09-11 10:30:00,6.2422,6.245,6.1,6.13,735701
697,406,2020-09-11 11:00:00,6.135,6.14,6.07,6.13,666497
698,405,2020-09-11 11:30:00,6.135,6.16,6.05,6.085,445525
699,404,2020-09-11 12:00:00,6.0814,6.12,6.07,6.08,258915
700,403,2020-09-11 12:30:00,6.08,6.12,6.07,6.11,188408
701,402,2020-09-11 13:00:00,6.1,6.1067,6.03,6.035,429974
702,401,2020-09-11 13:30:00,6.0336,6.04,5.935,5.96,618890
703,400,2020-09-11 14:00:00,5.95,5.98,5.91,5.935,300496
704,399,2020-09-11 14:30:00,5.93,5.99,5.93,5.9706,242646
705,398,2020-09-11 15:00:00,5.9702,6.01,5.97,5.99,269695
706,397,2020-09-11 15:30:00,5.99,6.01,5.96,6.005,295782
707,396,2020-09-11 16:00:00,6.005,6.02,5.97,5.98,1393549
708,395,2020-09-11 16:30:00,6.0,6.01,5.97,5.99,15336
709,394,2020-09-11 17:30:00,6.01,6.01,6.0,6.0,3100
710,393,2020-09-14 04:30:00,6.02,6.06,6.0,6.0,11590
711,392,2020-09-14 05:00:00,5.98,5.98,5.98,5.98,200
712,391,2020-09-14 05:30:00,5.98,5.98,5.98,5.98,900
713,390,2020-09-14 06:00:00,5.99,5.99,5.99,5.99,2900
714,389,2020-09-14 06:30:00,5.99,5.99,5.99,5.99,1500
715,388,2020-09-14 07:00:00,6.03,6.04,6.03,6.04,1250
716,387,2020-09-14 07:30:00,6.04,6.04,6.02,6.02,2900
717,386,2020-09-14 08:00:00,6.02,6.03,6.02,6.03,4600
718,385,2020-09-14 08:30:00,6.04,6.05,6.02,6.04,12710
719,384,2020-09-14 09:00:00,6.04,6.05,6.01,6.03,19300
720,383,2020-09-14 09:30:00,6.04,6.04,6.03,6.03,14310
721,382,2020-09-14 10:00:00,6.04,6.13,6.04,6.12,993720
722,381,2020-09-14 10:30:00,6.13,6.185,6.11,6.16,630334
723,380,2020-09-14 11:00:00,6.1598,6.16,6.09,6.125,526478
724,379,2020-09-14 11:30:00,6.13,6.16,6.11,6.14,354494
725,378,2020-09-14 12:00:00,6.14,6.15,6.12,6.13,184150
726,377,2020-09-14 12:30:00,6.13,6.145,6.1,6.11,145562
727,376,2020-09-14 13:00:00,6.105,6.1319,6.09,6.095,228485
728,375,2020-09-14 13:30:00,6.1,6.11,6.063,6.09,200528
729,374,2020-09-14 14:00:00,6.085,6.135,6.08,6.115,195448
730,373,2020-09-14 14:30:00,6.11,6.14,6.1,6.105,287106
731,372,2020-09-14 15:00:00,6.11,6.13,6.1,6.12,216317
732,371,2020-09-14 15:30:00,6.125,6.18,6.12,6.17,419134
733,370,2020-09-14 16:00:00,6.175,6.2,6.16,6.19,1221711
734,369,2020-09-14 16:30:00,6.19,6.19,6.19,6.19,41584
735,368,2020-09-14 18:30:00,6.22,6.22,6.22,6.22,1334
736,367,2020-09-14 19:00:00,6.21,6.22,6.21,6.22,250
737,366,2020-09-14 20:00:00,6.25,6.25,6.25,6.25,215
738,365,2020-09-15 04:30:00,6.4,6.4,6.38,6.38,2927
739,364,2020-09-15 05:00:00,6.39,6.39,6.39,6.39,100
740,363,2020-09-15 05:30:00,6.5,6.51,6.5,6.51,1600
741,362,2020-09-15 06:00:00,6.61,6.65,6.59,6.65,18777
742,361,2020-09-15 06:30:00,6.64,6.69,6.63,6.69,13268
743,360,2020-09-15 07:00:00,6.7,6.77,6.66,6.74,53806
744,359,2020-09-15 07:30:00,6.74,6.75,6.62,6.62,21183
745,358,2020-09-15 08:00:00,6.6,6.62,6.56,6.58,2700
746,357,2020-09-15 08:30:00,6.6599,6.74,6.58,6.65,29829
747,356,2020-09-15 09:00:00,6.6499,6.66,6.61,6.65,26343
748,355,2020-09-15 09:30:00,6.64,6.68,6.53,6.54,136855
749,354,2020-09-15 10:00:00,6.53,6.62,6.43,6.54,1790352
750,353,2020-09-15 10:30:00,6.535,6.545,6.37,6.44,1019973
751,352,2020-09-15 11:00:00,6.4417,6.49,6.3903,6.4403,471307
752,351,2020-09-15 11:30:00,6.45,6.45,6.37,6.39,382875
753,350,2020-09-15 12:00:00,6.39,6.43,6.33,6.35,338982
754,349,2020-09-15 12:30:00,6.35,6.395,6.33,6.38,257009
755,348,2020-09-15 13:00:00,6.385,6.49,6.38,6.475,469590
756,347,2020-09-15 13:30:00,6.48,6.49,6.43,6.45,185152
757,346,2020-09-15 14:00:00,6.45,6.45,6.39,6.405,192202
758,345,2020-09-15 14:30:00,6.4,6.445,6.39,6.435,265398
759,344,2020-09-15 15:00:00,6.44,6.45,6.405,6.44,325227
760,343,2020-09-15 15:30:00,6.435,6.44,6.365,6.37,385188
761,342,2020-09-15 16:00:00,6.37,6.39,6.305,6.36,1007318
762,341,2020-09-15 16:30:00,6.36,6.36,6.33,6.33,32145
763,340,2020-09-15 17:00:00,6.41,6.41,6.41,6.41,100
764,339,2020-09-15 19:00:00,6.36,6.36,6.36,6.36,600
765,338,2020-09-15 19:30:00,6.36,6.36,6.36,6.36,1000
766,337,2020-09-15 20:00:00,6.37,6.37,6.37,6.37,900
767,336,2020-09-16 04:30:00,6.36,6.39,6.32,6.33,10562
768,335,2020-09-16 05:00:00,6.32,6.32,6.31,6.31,1000
769,334,2020-09-16 05:30:00,6.3,6.35,6.3,6.35,1350
770,333,2020-09-16 06:00:00,6.33,6.33,6.33,6.33,1000
771,332,2020-09-16 06:30:00,6.35,6.35,6.33,6.33,1500
772,331,2020-09-16 07:30:00,6.36,6.36,6.35,6.35,1150
773,330,2020-09-16 08:30:00,6.35,6.41,6.35,6.41,9198
774,329,2020-09-16 09:00:00,6.39,6.39,6.36,6.36,11680
775,328,2020-09-16 09:30:00,6.4,6.44,6.37,6.39,17786
776,327,2020-09-16 10:00:00,6.37,6.4,6.21,6.24,803096
777,326,2020-09-16 10:30:00,6.25,6.3,6.115,6.1752,805927
778,325,2020-09-16 11:00:00,6.175,6.255,6.1601,6.22,462632
779,324,2020-09-16 11:30:00,6.215,6.23,6.175,6.2,441358
780,323,2020-09-16 12:00:00,6.2,6.2177,6.11,6.12,263093
781,322,2020-09-16 12:30:00,6.12,6.19,6.1,6.185,361335
782,321,2020-09-16 13:00:00,6.19,6.235,6.175,6.2299,226447
783,320,2020-09-16 13:30:00,6.225,6.24,6.15,6.15,207834
784,319,2020-09-16 14:00:00,6.15,6.15,6.09,6.1399,573985
785,318,2020-09-16 14:30:00,6.14,6.23,6.11,6.1892,492482
786,317,2020-09-16 15:00:00,6.1836,6.23,6.1,6.155,545424
787,316,2020-09-16 15:30:00,6.1544,6.17,6.09,6.125,374932
788,315,2020-09-16 16:00:00,6.1251,6.13,6.1,6.11,668628
789,314,2020-09-16 16:30:00,6.11,6.19,6.11,6.19,53515
790,313,2020-09-16 17:30:00,6.19,6.19,6.18,6.18,365
791,312,2020-09-16 18:00:00,6.19,6.19,6.19,6.19,500
792,311,2020-09-16 19:30:00,6.12,6.12,6.12,6.12,1700
793,310,2020-09-16 20:00:00,6.12,6.12,6.11,6.11,300
794,309,2020-09-17 04:30:00,5.9,5.9,5.84,5.87,17512
795,308,2020-09-17 05:00:00,5.91,5.94,5.91,5.93,700
796,307,2020-09-17 05:30:00,5.93,5.93,5.91,5.91,3707
797,306,2020-09-17 06:00:00,5.93,5.93,5.93,5.93,3000
798,305,2020-09-17 07:00:00,5.94,5.94,5.92,5.92,5120
799,304,2020-09-17 07:30:00,5.92,5.93,5.91,5.919,6687
800,303,2020-09-17 08:00:00,5.92,5.92,5.91,5.91,1200
801,302,2020-09-17 08:30:00,5.9101,5.9798,5.9,5.9,48217
802,301,2020-09-17 09:00:00,5.9,5.9,5.85,5.86,22500
803,300,2020-09-17 09:30:00,5.85,5.86,5.79,5.8,96986
804,299,2020-09-17 10:00:00,5.79,5.825,5.695,5.806,1795979
805,298,2020-09-17 10:30:00,5.81,5.84,5.77,5.79,962586
806,297,2020-09-17 11:00:00,5.785,5.8,5.7,5.7263,1189601
807,296,2020-09-17 11:30:00,5.73,5.82,5.72,5.8,814553
808,295,2020-09-17 12:00:00,5.8,5.8,5.71,5.71,467080
809,294,2020-09-17 12:30:00,5.7148,5.7383,5.685,5.73,735783
810,293,2020-09-17 13:00:00,5.73,5.7896,5.7201,5.785,380038
811,292,2020-09-17 13:30:00,5.785,5.8,5.76,5.79,234711
812,291,2020-09-17 14:00:00,5.79,5.8083,5.77,5.785,378952
813,290,2020-09-17 14:30:00,5.785,5.82,5.77,5.77,338473
814,289,2020-09-17 15:00:00,5.77,5.7899,5.77,5.77,335539
815,288,2020-09-17 15:30:00,5.775,5.775,5.72,5.75,431898
816,287,2020-09-17 16:00:00,5.745,5.775,5.74,5.77,974159
817,286,2020-09-17 16:30:00,5.77,5.79,5.77,5.79,47897
818,285,2020-09-17 17:00:00,5.79,5.79,5.79,5.79,412
819,284,2020-09-17 17:30:00,5.79,5.81,5.79,5.81,500
820,283,2020-09-17 18:30:00,5.82,5.85,5.82,5.84,2450
821,282,2020-09-17 19:30:00,5.82,5.82,5.82,5.82,200
822,281,2020-09-17 20:00:00,5.81,5.81,5.8,5.81,1360
823,280,2020-09-18 05:00:00,5.82,5.82,5.8,5.8,3000
824,279,2020-09-18 06:00:00,5.8,5.8,5.78,5.79,2630
825,278,2020-09-18 06:30:00,5.77,5.77,5.77,5.77,500
826,277,2020-09-18 07:00:00,5.79,5.79,5.79,5.79,1000
827,276,2020-09-18 07:30:00,5.79,5.79,5.79,5.79,1002
828,275,2020-09-18 08:00:00,5.79,5.79,5.78,5.78,400
829,274,2020-09-18 08:30:00,5.81,5.82,5.78,5.78,32735
830,273,2020-09-18 09:00:00,5.8,5.81,5.78,5.79,3400
831,272,2020-09-18 09:30:00,5.78,5.8,5.77,5.78,16749
832,271,2020-09-18 10:00:00,5.8,5.8,5.66,5.707999999999999,834042
833,270,2020-09-18 10:30:00,5.7,5.74,5.63,5.65,622434
834,269,2020-09-18 11:00:00,5.65,5.66,5.61,5.635,672466
835,268,2020-09-18 11:30:00,5.635,5.71,5.635,5.69,421487
836,267,2020-09-18 12:00:00,5.68,5.685,5.63,5.64,367922
837,266,2020-09-18 12:30:00,5.6465,5.73,5.64,5.71,331885
838,265,2020-09-18 13:00:00,5.715,5.73,5.68,5.68,326122
839,264,2020-09-18 13:30:00,5.6846,5.7,5.63,5.63,302024
840,263,2020-09-18 14:00:00,5.63,5.64,5.61,5.63,280029
841,262,2020-09-18 14:30:00,5.6317,5.645,5.6,5.62,437105
842,261,2020-09-18 15:00:00,5.62,5.6216,5.56,5.565,428990
843,260,2020-09-18 15:30:00,5.56,5.61,5.54,5.55,569710
844,259,2020-09-18 16:00:00,5.55,5.58,5.5,5.53,2273322
845,258,2020-09-18 16:30:00,5.53,5.55,5.52,5.55,94776
846,257,2020-09-18 17:00:00,5.59,5.6,5.55,5.5898,7941
847,256,2020-09-18 17:30:00,5.55,5.58,5.55,5.58,780
848,255,2020-09-18 18:00:00,5.52,5.57,5.52,5.57,384
849,254,2020-09-18 19:00:00,5.58,5.59,5.58,5.59,3596
850,253,2020-09-18 19:30:00,5.61,5.65,5.61,5.64,10800
851,252,2020-09-18 20:00:00,5.64,5.64,5.6,5.6,3200
852,251,2020-09-21 04:30:00,5.53,5.53,5.46,5.47,4300
853,250,2020-09-21 05:00:00,5.46,5.46,5.36,5.36,8435
854,249,2020-09-21 05:30:00,5.35,5.35,5.35,5.35,1000
855,248,2020-09-21 06:00:00,5.39,5.39,5.35,5.37,1751
856,247,2020-09-21 06:30:00,5.38,5.38,5.36,5.36,951
857,246,2020-09-21 07:00:00,5.39,5.39,5.39,5.39,1500
858,245,2020-09-21 07:30:00,5.38,5.4,5.38,5.4,7135
859,244,2020-09-21 08:00:00,5.38,5.43,5.38,5.43,3254
860,243,2020-09-21 08:30:00,5.4001,5.43,5.37,5.37,48539
861,242,2020-09-21 09:00:00,5.35,5.38,5.32,5.38,43206
862,241,2020-09-21 09:30:00,5.36,5.37,5.31,5.32,42689
863,240,2020-09-21 10:00:00,5.31,5.43,5.29,5.39,1896269
864,239,2020-09-21 10:30:00,5.39,5.39,5.225,5.23,1335649
865,238,2020-09-21 11:00:00,5.235,5.305,5.18,5.29,1271128
866,237,2020-09-21 11:30:00,5.29,5.325,5.21,5.21,819942
867,236,2020-09-21 12:00:00,5.21,5.29,5.18,5.268,483719
868,235,2020-09-21 12:30:00,5.265,5.305,5.2623,5.285,302504
869,234,2020-09-21 13:00:00,5.28,5.3,5.26,5.2839,222330
870,233,2020-09-21 13:30:00,5.29,5.3,5.265,5.29,224549
871,232,2020-09-21 14:00:00,5.295,5.3,5.265,5.285,358526
872,231,2020-09-21 14:30:00,5.285,5.295,5.255,5.28,345135
873,230,2020-09-21 15:00:00,5.28,5.285,5.22,5.245,703262
874,229,2020-09-21 15:30:00,5.245,5.29,5.24,5.29,426880
875,228,2020-09-21 16:00:00,5.285,5.31,5.26,5.29,1024888
876,227,2020-09-21 16:30:00,5.29,5.29,5.29,5.29,40879
877,226,2020-09-21 17:00:00,5.26,5.29,5.26,5.29,307
878,225,2020-09-21 17:30:00,5.2852,5.3,5.2852,5.3,2100
879,224,2020-09-21 18:00:00,5.29,5.29,5.29,5.29,100
880,223,2020-09-21 19:30:00,5.33,5.33,5.33,5.33,150
881,222,2020-09-21 20:00:00,5.33,5.33,5.33,5.33,450
882,221,2020-09-22 04:30:00,5.33,5.33,5.2,5.2,1300
883,220,2020-09-22 06:00:00,5.24,5.24,5.24,5.24,2450
884,219,2020-09-22 06:30:00,5.2,5.2,5.2,5.2,400
885,218,2020-09-22 07:00:00,5.2,5.2,5.16,5.16,5079
886,217,2020-09-22 07:30:00,5.16,5.16,5.12,5.12,6665
887,216,2020-09-22 08:00:00,5.15,5.15,5.11,5.11,7156
888,215,2020-09-22 08:30:00,5.1501,5.1501,5.1,5.1,10812
889,214,2020-09-22 09:00:00,5.14,5.2,5.14,5.2,6050
890,213,2020-09-22 09:30:00,5.2,5.26,5.2,5.23,18470
891,212,2020-09-22 10:00:00,5.26,5.315,5.2105,5.2247,885653
892,211,2020-09-22 10:30:00,5.22,5.33,5.22,5.33,574844
893,210,2020-09-22 11:00:00,5.33,5.34,5.29,5.3,555574
894,209,2020-09-22 11:30:00,5.305,5.315,5.25,5.26,420878
895,208,2020-09-22 12:00:00,5.255,5.285,5.23,5.24,263998
896,207,2020-09-22 12:30:00,5.24,5.25,5.2147,5.23,282802
897,206,2020-09-22 13:00:00,5.2312,5.24,5.18,5.19,266564
898,205,2020-09-22 13:30:00,5.2,5.25,5.19,5.235,159484
899,204,2020-09-22 14:00:00,5.24,5.26,5.225,5.245,413683
900,203,2020-09-22 14:30:00,5.245,5.27,5.2248,5.235,469774
901,202,2020-09-22 15:00:00,5.23,5.235,5.205,5.225,220453
902,201,2020-09-22 15:30:00,5.225,5.26,5.225,5.245,393172
903,200,2020-09-22 16:00:00,5.245,5.28,5.23,5.28,772558
904,199,2020-09-22 16:30:00,5.28,5.3,5.28,5.28,24226
905,198,2020-09-22 17:00:00,5.27,5.3,5.27,5.3,650
906,197,2020-09-22 18:30:00,5.27,5.27,5.27,5.27,180
907,196,2020-09-23 04:30:00,5.19,5.19,5.04,5.1,10819
908,195,2020-09-23 05:00:00,5.16,5.16,5.12,5.15,47400
909,194,2020-09-23 05:30:00,5.17,5.17,5.17,5.17,4500
910,193,2020-09-23 06:00:00,5.21,5.21,5.21,5.21,200
911,192,2020-09-23 06:30:00,5.19,5.19,5.17,5.17,3261
912,191,2020-09-23 07:30:00,5.138999999999999,5.16,5.138999999999999,5.16,1700
913,190,2020-09-23 08:00:00,5.17,5.17,5.12,5.12,600
914,189,2020-09-23 08:30:00,5.1501,5.16,5.11,5.14,17907
915,188,2020-09-23 09:00:00,5.1301,5.1301,5.1201,5.1201,1550
916,187,2020-09-23 09:30:00,5.15,5.18,5.14,5.15,20645
917,186,2020-09-23 10:00:00,5.15,5.19,5.09,5.107,1103833
918,185,2020-09-23 10:30:00,5.1,5.1,5.02,5.0554,1160068
919,184,2020-09-23 11:00:00,5.0581,5.09,5.02,5.03,903692
920,183,2020-09-23 11:30:00,5.032,5.07,5.03,5.04,423942
921,182,2020-09-23 12:00:00,5.04,5.04,5.0,5.01,983062
922,181,2020-09-23 12:30:00,5.01,5.12,5.0,5.095,603774
923,180,2020-09-23 13:00:00,5.09,5.135,5.07,5.11,386815
924,179,2020-09-23 13:30:00,5.105,5.11,5.07,5.075,246607
925,178,2020-09-23 14:00:00,5.075,5.1,5.0645,5.0645,349995
926,177,2020-09-23 14:30:00,5.065,5.07,5.01,5.035,415545
927,176,2020-09-23 15:00:00,5.04,5.06,5.01,5.025,307015
928,175,2020-09-23 15:30:00,5.025,5.04,4.96,4.985,783645
929,174,2020-09-23 16:00:00,4.98,5.0,4.945,4.985,1275102
930,173,2020-09-23 16:30:00,4.99,4.99,4.94,4.96,24563
931,172,2020-09-23 17:00:00,4.99,5.05,4.99,5.0002,2500
932,171,2020-09-23 18:00:00,5.0,5.0,5.0,5.0,1050
933,170,2020-09-23 18:30:00,4.97,4.97,4.97,4.97,100
934,169,2020-09-23 19:00:00,5.02,5.02,5.02,5.02,200
935,168,2020-09-23 19:30:00,4.97,5.0,4.95,4.95,2603
936,167,2020-09-23 20:00:00,4.95,4.95,4.94,4.9401,1400
937,166,2020-09-24 06:00:00,4.9,4.9,4.89,4.89,350
938,165,2020-09-24 07:30:00,4.97,4.97,4.97,4.97,1886
939,164,2020-09-24 08:00:00,4.97,4.98,4.9,4.98,6837
940,163,2020-09-24 08:30:00,4.9701,4.98,4.89,4.9,7337
941,162,2020-09-24 09:00:00,4.92,4.92,4.8998,4.9,17778
942,161,2020-09-24 09:30:00,4.9,4.91,4.84,4.84,15873
943,160,2020-09-24 10:00:00,4.88,5.02,4.86,5.005,1230794
944,159,2020-09-24 10:30:00,5.01,5.1,5.01,5.065,675526
945,158,2020-09-24 11:00:00,5.065,5.1,5.0,5.085,906222
946,157,2020-09-24 11:30:00,5.085,5.13,5.0201,5.125,639836
947,156,2020-09-24 12:00:00,5.13,5.17,5.09,5.16,514107
948,155,2020-09-24 12:30:00,5.16,5.19,5.135,5.15,340046
949,154,2020-09-24 13:00:00,5.155,5.155,5.105,5.1477,234876
950,153,2020-09-24 13:30:00,5.1497,5.215,5.125,5.2,604503
951,152,2020-09-24 14:00:00,5.2,5.23,5.165,5.165,369269
952,151,2020-09-24 14:30:00,5.17,5.2,5.12,5.12,311110
953,150,2020-09-24 15:00:00,5.13,5.16,5.06,5.0617,477415
954,149,2020-09-24 15:30:00,5.06,5.12,5.055,5.085,632120
955,148,2020-09-24 16:00:00,5.085,5.17,5.07,5.13,1316617
956,147,2020-09-24 16:30:00,5.14,5.14,5.14,5.14,12100
957,146,2020-09-24 17:00:00,5.1699,5.1699,5.1699,5.1699,100
958,145,2020-09-24 19:30:00,5.19,5.19,5.18,5.18,800
959,144,2020-09-25 04:30:00,5.24,5.26,5.22,5.26,3768
960,143,2020-09-25 05:00:00,5.25,5.25,5.25,5.25,200
961,142,2020-09-25 06:00:00,5.23,5.23,5.21,5.21,3573
962,141,2020-09-25 06:30:00,5.18,5.19,5.15,5.19,2455
963,140,2020-09-25 07:00:00,5.14,5.14,5.05,5.05,7784
964,139,2020-09-25 07:30:00,5.03,5.04,5.0,5.01,12979
965,138,2020-09-25 08:00:00,5.04,5.04,5.04,5.04,800
966,137,2020-09-25 08:30:00,5.0001,5.06,5.0,5.05,7287
967,136,2020-09-25 09:00:00,5.13,5.13,5.13,5.13,1600
968,135,2020-09-25 09:30:00,5.12,5.14,5.1,5.12,8913
969,134,2020-09-25 10:00:00,5.09,5.185,5.065,5.162999999999999,713859
970,133,2020-09-25 10:30:00,5.165,5.1697,5.035,5.12,449227
971,132,2020-09-25 11:00:00,5.12,5.13,5.065,5.09,429590
972,131,2020-09-25 11:30:00,5.1,5.11,5.0404,5.075,259674
973,130,2020-09-25 12:00:00,5.07,5.1,5.05,5.05,149451
974,129,2020-09-25 12:30:00,5.05,5.075,5.03,5.06,183313
975,128,2020-09-25 13:00:00,5.06,5.09,5.045,5.09,177665
976,127,2020-09-25 13:30:00,5.08,5.09,5.055,5.065,198572
977,126,2020-09-25 14:00:00,5.07,5.11,5.055,5.0816,195020
978,125,2020-09-25 14:30:00,5.085,5.13,5.08,5.105,133593
979,124,2020-09-25 15:00:00,5.11,5.12,5.0901,5.11,180395
980,123,2020-09-25 15:30:00,5.11,5.15,5.105,5.12,261320
981,122,2020-09-25 16:00:00,5.12,5.13,5.1,5.11,557976
982,121,2020-09-25 16:30:00,5.12,5.12,5.12,5.12,53552
983,120,2020-09-25 17:30:00,5.1099,5.1099,5.1099,5.1099,100
984,119,2020-09-25 18:00:00,5.11,5.11,5.11,5.11,100
985,118,2020-09-28 04:30:00,5.09,5.1,5.09,5.1,1970
986,117,2020-09-28 05:00:00,5.12,5.12,5.11,5.11,3000
987,116,2020-09-28 05:30:00,5.1,5.1,5.1,5.1,3000
988,115,2020-09-28 06:30:00,5.09,5.13,5.09,5.13,4190
989,114,2020-09-28 07:00:00,5.13,5.15,5.13,5.15,5300
990,113,2020-09-28 07:30:00,5.18,5.18,5.16,5.17,6000
991,112,2020-09-28 08:00:00,5.17,5.22,5.17,5.22,9310
992,111,2020-09-28 08:30:00,5.1701,5.26,5.1699,5.26,8009
993,110,2020-09-28 09:00:00,5.27,5.28,5.24,5.24,4022
994,109,2020-09-28 09:30:00,5.25,5.29,5.25,5.27,29521
995,108,2020-09-28 10:00:00,5.28,5.29,5.17,5.2,682258
996,107,2020-09-28 10:30:00,5.2,5.25,5.17,5.17,638573
997,106,2020-09-28 11:00:00,5.165,5.18,5.08,5.11,647966
998,105,2020-09-28 11:30:00,5.11,5.18,5.11,5.175,295368
999,104,2020-09-28 12:00:00,5.1792,5.1792,5.12,5.165,404641
1000,103,2020-09-28 12:30:00,5.17,5.22,5.16,5.18,307008
1001,102,2020-09-28 13:00:00,5.18,5.23,5.18,5.23,136114
1002,101,2020-09-28 13:30:00,5.23,5.25,5.21,5.22,271606
1003,100,2020-09-28 14:00:00,5.23,5.24,5.2,5.205,218800
1004,99,2020-09-28 14:30:00,5.2,5.245,5.2,5.225,211145
1005,98,2020-09-28 15:00:00,5.225,5.25,5.22,5.225,343317
1006,97,2020-09-28 15:30:00,5.2282,5.2299,5.17,5.18,553632
1007,96,2020-09-28 16:00:00,5.185,5.19,5.15,5.18,1142497
1008,95,2020-09-28 16:30:00,5.24,5.24,5.18,5.18,47023
1009,94,2020-09-28 20:00:00,5.18,5.18,5.1799,5.18,1200
1010,93,2020-09-29 05:30:00,5.29,5.3,5.29,5.3,2100
1011,92,2020-09-29 06:00:00,5.29,5.31,5.29,5.3,4100
1012,91,2020-09-29 07:00:00,5.29,5.29,5.28,5.29,2500
1013,90,2020-09-29 07:30:00,5.29,5.3,5.28,5.29,4944
1014,89,2020-09-29 08:00:00,5.27,5.27,5.26,5.26,300
1015,88,2020-09-29 08:30:00,5.27,5.3,5.27,5.27,5520
1016,87,2020-09-29 09:00:00,5.28,5.28,5.23,5.27,4401
1017,86,2020-09-29 09:30:00,5.26,5.35,5.26,5.33,31507
1018,85,2020-09-29 10:00:00,5.33,5.37,5.28,5.3617,804268
1019,84,2020-09-29 10:30:00,5.36,5.45,5.3416,5.45,689820
1020,83,2020-09-29 11:00:00,5.45,5.46,5.34,5.35,649336
1021,82,2020-09-29 11:30:00,5.35,5.41,5.33,5.405,393249
1022,81,2020-09-29 12:00:00,5.4,5.41,5.35,5.36,245886
1023,80,2020-09-29 12:30:00,5.35,5.41,5.35,5.38,277008
1024,79,2020-09-29 13:00:00,5.38,5.41,5.37,5.405,176922
1025,78,2020-09-29 13:30:00,5.4,5.42,5.385,5.42,171800
1026,77,2020-09-29 14:00:00,5.415,5.425,5.38,5.38,163406
1027,76,2020-09-29 14:30:00,5.38,5.3801,5.35,5.38,246789
1028,75,2020-09-29 15:00:00,5.38,5.39,5.375,5.39,195826
1029,74,2020-09-29 15:30:00,5.385,5.4,5.365,5.395,186990
1030,73,2020-09-29 16:00:00,5.395,5.42,5.385,5.42,577645
1031,72,2020-09-29 16:30:00,5.42,5.43,5.42,5.42,27338
1032,71,2020-09-29 17:00:00,5.4202,5.4202,5.4202,5.4202,150
1033,70,2020-09-29 17:30:00,5.45,5.45,5.45,5.45,2425
1034,69,2020-09-29 18:30:00,5.45,5.45,5.45,5.45,500
1035,68,2020-09-29 19:00:00,5.42,5.42,5.37,5.37,929
1036,67,2020-09-29 19:30:00,5.42,5.42,5.42,5.42,165
1037,66,2020-09-30 07:00:00,5.36,5.43,5.36,5.41,5950
1038,65,2020-09-30 07:30:00,5.39,5.39,5.39,5.39,1754
1039,64,2020-09-30 08:30:00,5.3801,5.4,5.35,5.4,13910
1040,63,2020-09-30 09:00:00,5.4,5.48,5.4,5.45,23551
1041,62,2020-09-30 09:30:00,5.44,5.46,5.37,5.37,60399
1042,61,2020-09-30 10:00:00,5.36,5.38,5.255,5.29,1006134
1043,60,2020-09-30 10:30:00,5.29,5.315,5.24,5.285,434202
1044,59,2020-09-30 11:00:00,5.29,5.3,5.24,5.29,463075
1045,58,2020-09-30 11:30:00,5.29,5.38,5.29,5.365,530349
1046,57,2020-09-30 12:00:00,5.37,5.38,5.33,5.35,411886
1047,56,2020-09-30 12:30:00,5.3445,5.375,5.315,5.325,345474
1048,55,2020-09-30 13:00:00,5.3299,5.34,5.3003,5.33,271903
1049,54,2020-09-30 13:30:00,5.325,5.33,5.29,5.31,194114
1050,53,2020-09-30 14:00:00,5.31,5.35,5.31,5.315,350016
1051,52,2020-09-30 14:30:00,5.315,5.34,5.28,5.3101,309571
1052,51,2020-09-30 15:00:00,5.31,5.325,5.28,5.31,467440
1053,50,2020-09-30 15:30:00,5.305,5.325,5.245,5.265,477770
1054,49,2020-09-30 16:00:00,5.26,5.29,5.22,5.27,1459818
1055,48,2020-09-30 16:30:00,5.38,5.38,5.26,5.27,32281
1056,47,2020-09-30 20:00:00,5.25,5.25,5.23,5.23,480
1057,46,2020-10-01 05:30:00,5.28,5.28,5.28,5.28,400
1058,45,2020-10-01 07:30:00,5.3,5.3,5.3,5.3,1200
1059,44,2020-10-01 08:30:00,5.3499,5.36,5.31,5.36,4440
1060,43,2020-10-01 09:00:00,5.36,5.37,5.3402,5.3402,2900
1061,42,2020-10-01 09:30:00,5.36,5.37,5.33,5.34,18713
1062,41,2020-10-01 10:00:00,5.34,5.4,5.31,5.355,622692
1063,40,2020-10-01 10:30:00,5.36,5.405,5.29,5.29,377533
1064,39,2020-10-01 11:00:00,5.285,5.37,5.28,5.36,291290
1065,38,2020-10-01 11:30:00,5.36,5.4,5.34,5.375,352565
1066,37,2020-10-01 12:00:00,5.3753,5.4,5.35,5.37,137286
1067,36,2020-10-01 12:30:00,5.38,5.39,5.34,5.375,203260
1068,35,2020-10-01 13:00:00,5.37,5.375,5.3442,5.345,35973
1069,34,2020-10-01 13:30:00,5.35,5.38,5.34,5.375,151646
1070,33,2020-10-01 14:00:00,5.37,5.39,5.32,5.325,274147
1071,32,2020-10-01 14:30:00,5.325,5.34,5.255,5.31,381360
1072,31,2020-10-01 15:00:00,5.314,5.34,5.29,5.33,433397
1073,30,2020-10-01 15:30:00,5.335,5.335,5.29,5.2941,224009
1074,29,2020-10-01 16:00:00,5.295,5.305,5.27,5.29,703142
1075,28,2020-10-01 16:30:00,5.35,5.35,5.28,5.29,65776
1076,27,2020-10-01 17:30:00,5.29,5.29,5.29,5.29,200
1077,26,2020-10-01 19:30:00,5.29,5.29,5.29,5.29,1000
1078,25,2020-10-02 04:30:00,5.2,5.2,5.18,5.18,880
1079,24,2020-10-02 05:00:00,5.18,5.18,5.17,5.17,600
1080,23,2020-10-02 05:30:00,5.21,5.21,5.21,5.21,500
1081,22,2020-10-02 07:00:00,5.26,5.26,5.26,5.26,2931
1082,21,2020-10-02 07:30:00,5.27,5.27,5.27,5.27,500
1083,20,2020-10-02 08:00:00,5.29,5.3,5.29,5.29,3725
1084,19,2020-10-02 08:30:00,5.2401,5.33,5.2401,5.33,20015
1085,18,2020-10-02 09:00:00,5.3,5.36,5.3,5.33,7492
1086,17,2020-10-02 09:30:00,5.33,5.34,5.28,5.29,32108
1087,16,2020-10-02 10:00:00,5.3,5.33,5.225,5.318,1099868
1088,15,2020-10-02 10:30:00,5.3181,5.3695,5.285,5.34,407973
1089,14,2020-10-02 11:00:00,5.34,5.4,5.32,5.36,313978
1090,13,2020-10-02 11:30:00,5.35,5.375,5.33,5.335,143170
1091,12,2020-10-02 12:00:00,5.335,5.335,5.26,5.265,130328
1092,11,2020-10-02 12:30:00,5.26,5.32,5.24,5.3,174792
1093,10,2020-10-02 13:00:00,5.29,5.29,5.255,5.265,100576
1094,9,2020-10-02 13:30:00,5.27,5.27,5.235,5.2501,153263
1095,8,2020-10-02 14:00:00,5.26,5.28,5.2223,5.275,117821
1096,7,2020-10-02 14:30:00,5.275,5.3,5.275,5.285,65638
1097,6,2020-10-02 15:00:00,5.285,5.31,5.28,5.31,171566
1098,5,2020-10-02 15:30:00,5.31,5.32,5.27,5.285,178334
1099,4,2020-10-02 16:00:00,5.28,5.3,5.26,5.265,363662
1100,3,2020-10-02 16:30:00,5.26,5.26,5.24,5.24,26126
1101,2,2020-10-02 18:00:00,5.24,5.24,5.24,5.24,2500
1102,1,2020-10-02 19:00:00,5.25,5.25,5.25,5.25,600
1103,0,2020-10-02 20:00:00,5.28,5.28,5.28,5.28,479
