,index,time,open,high,low,close,volume
0,346,2020-09-08 06:30:00,14.6903473614,14.6903473614,14.6903473614,14.6903473614,200
1,345,2020-09-08 07:30:00,14.7886105544,14.7886105544,14.7787842351,14.7787842351,345
2,344,2020-09-08 08:00:00,14.8770474282,14.8770474282,14.8573947896,14.8573947896,1600
3,343,2020-09-08 08:30:00,14.7689579158,14.8573947896,14.7689579158,14.8573947896,577
4,342,2020-09-08 09:00:00,14.837742150999999,14.837742150999999,14.7689579158,14.7689579158,1920
5,341,2020-09-08 09:30:00,14.7787842351,14.8868737475,14.7787842351,14.8868737475,1620
6,340,2020-09-08 10:00:00,15.0047895792,15.289752839,14.9065263861,15.088313293299999,649041
7,339,2020-09-08 10:30:00,15.0932264529,15.0981396126,14.8180895124,15.0342685371,483151
8,338,2020-09-08 11:00:00,15.0342685371,15.162010687999999,14.9949632599,15.0686606546,739545
9,337,2020-09-08 11:30:00,15.073573814300001,15.2799265197,15.044094856400001,15.2307949232,427190
10,336,2020-09-08 12:00:00,15.2307949232,15.3979406146,15.211142284600001,15.324144956600001,397632
11,335,2020-09-08 12:30:00,15.329058116199999,15.4862792251,15.329058116199999,15.481660855,234938
12,334,2020-09-08 13:00:00,15.4813660655,15.505931863699999,15.4420607882,15.461713426900001,243537
13,333,2020-09-08 13:30:00,15.461713426900001,15.505931863699999,15.4568002672,15.4715397462,218187
14,332,2020-09-08 14:00:00,15.4666265865,15.4666265865,15.2799265197,15.2946659987,228952
15,331,2020-09-08 14:30:00,15.2946659987,15.3387861723,15.250447561800001,15.284839679400001,219063
16,330,2020-09-08 15:00:00,15.2799265197,15.289752839,15.211142284600001,15.289752839,234821
17,329,2020-09-08 15:30:00,15.2799265197,15.289752839,15.2013159653,15.2455344021,316641
18,328,2020-09-08 16:00:00,15.2455344021,15.265187040699999,15.0932264529,15.152184368699999,859711
19,327,2020-09-08 16:30:00,15.152184368699999,15.152184368699999,15.1325317301,15.1325317301,31693
20,326,2020-09-08 17:00:00,15.358537074100001,15.358537074100001,15.358537074100001,15.358537074100001,537
21,325,2020-09-09 09:00:00,15.5150703407,15.5150703407,15.5150703407,15.5150703407,300
22,324,2020-09-09 09:30:00,15.515758182999999,15.515758182999999,15.4862792251,15.505931863699999,554
23,323,2020-09-09 10:00:00,15.4862792251,15.525584502300001,15.191489645999999,15.262042618599999,463052
24,322,2020-09-09 10:30:00,15.267741883800001,15.3487107548,15.191489645999999,15.191489645999999,325167
25,321,2020-09-09 11:00:00,15.1964028056,15.4076686707,15.1964028056,15.358537074100001,327246
26,320,2020-09-09 11:30:00,15.358537074100001,15.41749499,15.289752839,15.3143186373,213705
27,319,2020-09-09 12:00:00,15.3143186373,15.388016032100001,15.289752839,15.3536239145,197371
28,318,2020-09-09 12:30:00,15.3487107548,15.3487107548,15.2799265197,15.3339712759,143309
29,317,2020-09-09 13:00:00,15.3339712759,15.358537074100001,15.2307949232,15.2553607214,160199
30,316,2020-09-09 13:30:00,15.2602738811,15.324144956600001,15.2357080828,15.304492318,141787
31,315,2020-09-09 14:00:00,15.3094054776,15.3487107548,15.2946659987,15.3375087508,162507
32,314,2020-09-09 14:30:00,15.3339712759,15.397842351400001,15.211142284600001,15.225881763499999,497910
33,313,2020-09-09 15:00:00,15.225881763499999,15.2701002004,15.191489645999999,15.2307949232,301504
34,312,2020-09-09 15:30:00,15.2307949232,15.2601756179,15.191489645999999,15.2013159653,348938
35,311,2020-09-09 16:00:00,15.2013159653,15.266660988599998,15.0342685371,15.063747495,987312
36,310,2020-09-09 16:30:00,15.063747495,15.112879091500002,15.063747495,15.112879091500002,59316
37,309,2020-09-09 17:30:00,15.220968603900001,15.220968603900001,15.220968603900001,15.220968603900001,500
38,308,2020-09-09 18:30:00,15.2406212425,15.2406212425,15.2406212425,15.2406212425,130
39,307,2020-09-09 20:00:00,15.1816633267,15.1816633267,15.1816633267,15.1816633267,400
40,306,2020-09-10 07:30:00,15.18,15.19,15.18,15.19,300
41,305,2020-09-10 08:00:00,15.15,15.18,15.15,15.18,301
42,304,2020-09-10 08:30:00,15.17,15.17,15.17,15.17,100
43,303,2020-09-10 09:30:00,15.1,15.1,15.03,15.1,1677
44,302,2020-09-10 10:00:00,15.08,15.195,14.96,14.9931,513136
45,301,2020-09-10 10:30:00,14.995,15.01,14.81,14.81,268993
46,300,2020-09-10 11:00:00,14.81,14.86,14.68,14.68,259162
47,299,2020-09-10 11:30:00,14.68,14.785,14.64,14.6902,217320
48,298,2020-09-10 12:00:00,14.69,14.84,14.68,14.815,161532
49,297,2020-09-10 12:30:00,14.82,14.92,14.815,14.92,178159
50,296,2020-09-10 13:00:00,14.92,14.975,14.905,14.955,148345
51,295,2020-09-10 13:30:00,14.955,15.03,14.9211,14.955,148080
52,294,2020-09-10 14:00:00,14.96,15.015,14.96,14.995,120502
53,293,2020-09-10 14:30:00,14.995,15.03,14.785,14.8,228064
54,292,2020-09-10 15:00:00,14.795,14.88,14.785,14.81,234991
55,291,2020-09-10 15:30:00,14.815,14.83,14.61,14.67,327189
56,290,2020-09-10 16:00:00,14.67,14.7583,14.645,14.71,910029
57,289,2020-09-10 16:30:00,14.71,14.71,14.71,14.71,31803
58,288,2020-09-10 20:00:00,14.71,14.71,14.71,14.71,100
59,287,2020-09-11 07:30:00,14.91,14.91,14.91,14.91,300
60,286,2020-09-11 08:30:00,14.71,14.71,14.71,14.71,150
61,285,2020-09-11 10:00:00,14.73,14.79,14.545,14.71,343738
62,284,2020-09-11 10:30:00,14.71,14.93,14.66,14.91,310964
63,283,2020-09-11 11:00:00,14.91,15.06,14.91,14.995,366762
64,282,2020-09-11 11:30:00,14.995,15.09,14.965,14.97,439371
65,281,2020-09-11 12:00:00,14.97,15.095,14.95,15.065,229048
66,280,2020-09-11 12:30:00,15.0609,15.185,15.04,15.15,261482
67,279,2020-09-11 13:00:00,15.15,15.155,15.045,15.050999999999998,214151
68,278,2020-09-11 13:30:00,15.06,15.1,14.95,14.955,235017
69,277,2020-09-11 14:00:00,14.96,14.995,14.9,14.96,160013
70,276,2020-09-11 14:30:00,14.95,15.01,14.94,14.99,198214
71,275,2020-09-11 15:00:00,14.99,15.035,14.97,15.01,264453
72,274,2020-09-11 15:30:00,15.02,15.035,14.955,15.01,340705
73,273,2020-09-11 16:00:00,15.015,15.065,14.98,14.99,1014662
74,272,2020-09-11 16:30:00,14.92,14.99,14.92,14.99,38536
75,271,2020-09-11 18:30:00,14.93,14.93,14.93,14.93,750
76,270,2020-09-14 10:00:00,15.06,15.31,15.06,15.15,409861
77,269,2020-09-14 10:30:00,15.15,15.17,14.89,14.9,342209
78,268,2020-09-14 11:00:00,14.9,15.0,14.815,14.82,328384
79,267,2020-09-14 11:30:00,14.825,15.0,14.81,14.98,209209
80,266,2020-09-14 12:00:00,14.975,14.98,14.915,14.92,167041
81,265,2020-09-14 12:30:00,14.9201,15.085,14.9,15.075,158509
82,264,2020-09-14 13:00:00,15.075,15.16,15.03,15.03,328264
83,263,2020-09-14 13:30:00,15.03,15.075,14.96,15.05,205430
84,262,2020-09-14 14:00:00,15.06,15.075,14.965,14.985,175278
85,261,2020-09-14 14:30:00,14.98,15.015,14.97,14.995,165506
86,260,2020-09-14 15:00:00,14.995,15.01,14.84,14.88,282209
87,259,2020-09-14 15:30:00,14.88,14.89,14.78,14.815,264629
88,258,2020-09-14 16:00:00,14.81,14.81,14.7,14.72,956701
89,257,2020-09-14 16:30:00,14.72,14.72,14.72,14.72,132502
90,256,2020-09-14 18:00:00,14.86,14.86,14.86,14.86,100
91,255,2020-09-14 19:00:00,14.62,14.87,14.62,14.87,940
92,254,2020-09-15 08:30:00,14.63,14.63,14.63,14.63,200
93,253,2020-09-15 09:30:00,14.72,14.72,14.72,14.72,431
94,252,2020-09-15 10:00:00,14.71,14.71,14.39,14.66,556608
95,251,2020-09-15 10:30:00,14.65,14.89,14.59,14.82,465388
96,250,2020-09-15 11:00:00,14.81,14.855,14.67,14.705,461702
97,249,2020-09-15 11:30:00,14.7,14.82,14.625,14.79,571588
98,248,2020-09-15 12:00:00,14.78,14.84,14.74,14.74,277393
99,247,2020-09-15 12:30:00,14.74,14.85,14.74,14.85,144003
100,246,2020-09-15 13:00:00,14.85,14.8782,14.75,14.775,230462
101,245,2020-09-15 13:30:00,14.775,14.795,14.75,14.755,230275
102,244,2020-09-15 14:00:00,14.75,14.835,14.74,14.785,289262
103,243,2020-09-15 14:30:00,14.785,14.86,14.75,14.75,318227
104,242,2020-09-15 15:00:00,14.755,14.825,14.735,14.78,428504
105,241,2020-09-15 15:30:00,14.785,14.825,14.715,14.725,398627
106,240,2020-09-15 16:00:00,14.72,14.755,14.675,14.69,688910
107,239,2020-09-15 16:30:00,14.7,14.7,14.7,14.7,226678
108,238,2020-09-15 17:00:00,14.69,14.8633,14.69,14.8633,368
109,237,2020-09-16 09:00:00,14.85,14.85,14.85,14.85,100
110,236,2020-09-16 10:00:00,14.76,15.0,14.73,14.88,300140
111,235,2020-09-16 10:30:00,14.88,15.1,14.825,15.055,301461
112,234,2020-09-16 11:00:00,15.05,15.11,15.04,15.075,202644
113,233,2020-09-16 11:30:00,15.07,15.2,15.06,15.185,194520
114,232,2020-09-16 12:00:00,15.19,15.205,15.09,15.155,348257
115,231,2020-09-16 12:30:00,15.15,15.235,15.105,15.165,265762
116,230,2020-09-16 13:00:00,15.17,15.18,15.08,15.105,210845
117,229,2020-09-16 13:30:00,15.105,15.135,15.08,15.105,401355
118,228,2020-09-16 14:00:00,15.1,15.12,15.075,15.085,172319
119,227,2020-09-16 14:30:00,15.085,15.125,15.08,15.11,215467
120,226,2020-09-16 15:00:00,15.115,15.14,15.075,15.11,453694
121,225,2020-09-16 15:30:00,15.105,15.11,14.97,15.015,319310
122,224,2020-09-16 16:00:00,15.01,15.01,14.815,14.89,1435378
123,223,2020-09-16 16:30:00,15.0386,15.0386,14.89,14.89,43830
124,222,2020-09-16 17:30:00,14.9002,14.9002,14.9002,14.9002,999
125,221,2020-09-17 08:00:00,14.8,14.85,14.8,14.85,500
126,220,2020-09-17 08:30:00,14.76,14.76,14.75,14.75,550
127,219,2020-09-17 09:00:00,14.74,14.74,14.67,14.67,2060
128,218,2020-09-17 09:30:00,14.71,14.77,14.65,14.71,4574
129,217,2020-09-17 10:00:00,14.7,14.805,14.57,14.7575,300004
130,216,2020-09-17 10:30:00,14.755,14.825,14.685,14.725,417946
131,215,2020-09-17 11:00:00,14.73,14.75,14.675,14.695,360037
132,214,2020-09-17 11:30:00,14.705,14.74,14.69,14.71,347242
133,213,2020-09-17 12:00:00,14.72,14.745,14.675,14.735,376287
134,212,2020-09-17 12:30:00,14.735,14.77,14.685,14.705,379372
135,211,2020-09-17 13:00:00,14.71,14.78,14.7,14.73,272429
136,210,2020-09-17 13:30:00,14.73,14.74,14.68,14.71,215358
137,209,2020-09-17 14:00:00,14.715,14.75,14.7,14.725,534252
138,208,2020-09-17 14:30:00,14.725,14.85,14.72,14.82,422576
139,207,2020-09-17 15:00:00,14.815,14.9,14.75,14.885,370333
140,206,2020-09-17 15:30:00,14.885,14.96,14.8333,14.88,420957
141,205,2020-09-17 16:00:00,14.88,15.0,14.865,14.99,776264
142,204,2020-09-17 16:30:00,15.0,15.0,14.98,14.98,33363
143,203,2020-09-17 19:00:00,14.99,14.99,14.99,14.99,600
144,202,2020-09-18 09:30:00,15.14,15.14,15.14,15.14,100
145,201,2020-09-18 10:00:00,14.99,14.99,14.66,14.66,707692
146,200,2020-09-18 10:30:00,14.665,14.69,14.505,14.505,1182105
147,199,2020-09-18 11:00:00,14.51,14.515,14.28,14.28,859430
148,198,2020-09-18 11:30:00,14.285,14.34,14.11,14.27,977525
149,197,2020-09-18 12:00:00,14.275,14.3382,14.05,14.16,965158
150,196,2020-09-18 12:30:00,14.155,14.19,14.06,14.065,474640
151,195,2020-09-18 13:00:00,14.065,14.175,14.01,14.15,375005
152,194,2020-09-18 13:30:00,14.15,14.415,14.15,14.275,785789
153,193,2020-09-18 14:00:00,14.27,14.33,14.115,14.33,802730
154,192,2020-09-18 14:30:00,14.33,14.34,14.24,14.305,309037
155,191,2020-09-18 15:00:00,14.305,14.305,14.21,14.26,338303
156,190,2020-09-18 15:30:00,14.26,14.39,14.2,14.365,640639
157,189,2020-09-18 16:00:00,14.365,14.42,13.78,13.8701,4595633
158,188,2020-09-18 16:30:00,13.88,14.05,13.82,13.9017,11569239
159,187,2020-09-18 17:00:00,13.92,14.01,13.8983,13.92,965769
160,186,2020-09-18 17:30:00,14.04,14.04,14.04,14.04,100
161,185,2020-09-18 18:00:00,14.04,14.05,14.04,14.04,1237
162,184,2020-09-18 18:30:00,14.04,14.04,14.04,14.04,100
163,183,2020-09-18 19:00:00,14.04,14.05,14.0,14.0,2410
164,182,2020-09-18 19:30:00,13.96,13.96,13.96,13.96,717
165,181,2020-09-18 20:00:00,14.01,14.01,14.01,14.01,100
166,180,2020-09-21 07:30:00,14.05,14.05,13.74,13.74,2642
167,179,2020-09-21 08:30:00,13.6767,13.81,13.6767,13.8,2257
168,178,2020-09-21 09:00:00,13.69,13.69,13.55,13.59,17125
169,177,2020-09-21 09:30:00,13.59,13.6106,13.59,13.6106,2432
170,176,2020-09-21 10:00:00,13.64,13.87,13.51,13.83,1129962
171,175,2020-09-21 10:30:00,13.83,13.94,13.78,13.94,568415
172,174,2020-09-21 11:00:00,13.945,14.34,13.89,14.33,865115
173,173,2020-09-21 11:30:00,14.34,14.35,14.22,14.265,602106
174,172,2020-09-21 12:00:00,14.26,14.38,14.185,14.295,672931
175,171,2020-09-21 12:30:00,14.295,14.365,14.24,14.265,342523
176,170,2020-09-21 13:00:00,14.27,14.34,14.25,14.32,258481
177,169,2020-09-21 13:30:00,14.32,14.43,14.315,14.4,284503
178,168,2020-09-21 14:00:00,14.4,14.415,14.26,14.29,381300
179,167,2020-09-21 14:30:00,14.29,14.35,14.26,14.295,248460
180,166,2020-09-21 15:00:00,14.29,14.39,14.27,14.385,424249
181,165,2020-09-21 15:30:00,14.385,14.395,14.29,14.295,484700
182,164,2020-09-21 16:00:00,14.295,14.32,14.14,14.18,2175078
183,163,2020-09-21 16:30:00,14.1801,14.1801,14.1598,14.16,50066
184,162,2020-09-21 17:00:00,14.16,14.23,14.14,14.14,25229
185,161,2020-09-21 18:30:00,14.18,14.22,14.18,14.22,8605
186,160,2020-09-21 19:00:00,14.23,14.3,14.23,14.23,4490
187,159,2020-09-21 19:30:00,14.32,14.32,14.32,14.32,5000
188,158,2020-09-21 20:00:00,14.23,14.3199,14.23,14.3199,437
189,157,2020-09-22 04:30:00,14.4,14.4,14.4,14.4,2100
190,156,2020-09-22 08:00:00,14.26,14.26,14.26,14.26,500
191,155,2020-09-22 08:30:00,14.3999,14.4,14.3999,14.4,2004
192,154,2020-09-22 09:00:00,14.25,14.25,14.25,14.25,500
193,153,2020-09-22 09:30:00,14.2,14.2,14.2,14.2,602
194,152,2020-09-22 10:00:00,14.23,14.545,14.15,14.43,613391
195,151,2020-09-22 10:30:00,14.42,14.55,14.365,14.535,470602
196,150,2020-09-22 11:00:00,14.535,14.535,14.44,14.465,315672
197,149,2020-09-22 11:30:00,14.47,14.515,14.265,14.31,446447
198,148,2020-09-22 12:00:00,14.31,14.31,14.15,14.18,413642
199,147,2020-09-22 12:30:00,14.18,14.265,14.1,14.12,691825
200,146,2020-09-22 13:00:00,14.12,14.21,14.04,14.15,441791
201,145,2020-09-22 13:30:00,14.15,14.31,14.125,14.255,277567
202,144,2020-09-22 14:00:00,14.26,14.295,14.25,14.27,166008
203,143,2020-09-22 14:30:00,14.275,14.41,14.25,14.305,449695
204,142,2020-09-22 15:00:00,14.31,14.34,14.24,14.265,436349
205,141,2020-09-22 15:30:00,14.27,14.35,14.24,14.32,442143
206,140,2020-09-22 16:00:00,14.325,14.35,14.2,14.21,1000347
207,139,2020-09-22 16:30:00,14.25,14.25,14.2,14.2,1461627
208,138,2020-09-22 17:00:00,14.25,14.25,14.21,14.21,200
209,137,2020-09-22 18:00:00,14.2,14.2,14.2,14.2,3021
210,136,2020-09-22 19:30:00,14.4,14.4,14.4,14.4,200
211,135,2020-09-23 09:00:00,14.5,14.5,14.27,14.27,1806
212,134,2020-09-23 09:30:00,14.2036,14.2036,14.2036,14.2036,7465
213,133,2020-09-23 10:00:00,14.34,14.42,14.2,14.305,455304
214,132,2020-09-23 10:30:00,14.31,14.35,14.295,14.3086,345999
215,131,2020-09-23 11:00:00,14.305,14.395,14.23,14.39,325662
216,130,2020-09-23 11:30:00,14.39,14.5119,14.39,14.47,286077
217,129,2020-09-23 12:00:00,14.48,14.515,14.45,14.47,228118
218,128,2020-09-23 12:30:00,14.465,14.53,14.46,14.515,202306
219,127,2020-09-23 13:00:00,14.515,14.545,14.49,14.52,218558
220,126,2020-09-23 13:30:00,14.515,14.57,14.49,14.54,215006
221,125,2020-09-23 14:00:00,14.545,14.57,14.515,14.555,230938
222,124,2020-09-23 14:30:00,14.55,14.59,14.520999999999999,14.555,246944
223,123,2020-09-23 15:00:00,14.555,14.575,14.51,14.52,239618
224,122,2020-09-23 15:30:00,14.52,14.55,14.485,14.5,465507
225,121,2020-09-23 16:00:00,14.5,14.51,14.44,14.47,944103
226,120,2020-09-23 16:30:00,14.48,14.48,14.47,14.47,147319
227,119,2020-09-23 17:30:00,14.48,14.58,14.48,14.58,650
228,118,2020-09-23 19:30:00,14.6,14.6,14.6,14.6,150
229,117,2020-09-23 20:00:00,14.46,14.46,14.46,14.46,100
230,116,2020-09-24 09:30:00,14.36,14.37,14.36,14.37,200
231,115,2020-09-24 10:00:00,14.41,14.52,14.235,14.27,487903
232,114,2020-09-24 10:30:00,14.27,14.47,14.26,14.4236,1027275
233,113,2020-09-24 11:00:00,14.42,14.47,14.35,14.455,273321
234,112,2020-09-24 11:30:00,14.455,14.49,14.4,14.45,260979
235,111,2020-09-24 12:00:00,14.45,14.595,14.45,14.58,238722
236,110,2020-09-24 12:30:00,14.588,14.76,14.58,14.725,238632
237,109,2020-09-24 13:00:00,14.72,14.745,14.655,14.745,209661
238,108,2020-09-24 13:30:00,14.735,14.93,14.73,14.885,242850
239,107,2020-09-24 14:00:00,14.885,14.97,14.855,14.87,247092
240,106,2020-09-24 14:30:00,14.875,14.89,14.805,14.815,272484
241,105,2020-09-24 15:00:00,14.815,14.89,14.81,14.83,310021
242,104,2020-09-24 15:30:00,14.84,14.905,14.835,14.855,364376
243,103,2020-09-24 16:00:00,14.855,14.925,14.85,14.91,747913
244,102,2020-09-24 16:30:00,14.92,14.92,14.92,14.92,29050
245,101,2020-09-24 17:00:00,14.92,14.93,14.92,14.93,1500
246,100,2020-09-24 19:30:00,14.95,14.95,14.95,14.95,500
247,99,2020-09-25 08:00:00,14.98,14.99,14.98,14.99,1000
248,98,2020-09-25 10:00:00,14.83,15.31,14.83,15.15,528438
249,97,2020-09-25 10:30:00,15.1565,15.29,15.14,15.27,326986
250,96,2020-09-25 11:00:00,15.27,15.335,15.24,15.32,292882
251,95,2020-09-25 11:30:00,15.325,15.3377,15.14,15.175,403992
252,94,2020-09-25 12:00:00,15.175,15.24,15.13,15.235,193041
253,93,2020-09-25 12:30:00,15.235,15.285,15.2,15.265,144908
254,92,2020-09-25 13:00:00,15.265,15.35,15.265,15.335,209683
255,91,2020-09-25 13:30:00,15.33,15.42,15.33,15.4,187742
256,90,2020-09-25 14:00:00,15.405,15.43,15.35,15.385,192181
257,89,2020-09-25 14:30:00,15.38,15.42,15.36,15.38,154151
258,88,2020-09-25 15:00:00,15.38,15.44,15.36,15.435,229875
259,87,2020-09-25 15:30:00,15.44,15.475,15.38,15.44,327250
260,86,2020-09-25 16:00:00,15.44,15.44,15.28,15.29,742211
261,85,2020-09-25 16:30:00,15.29,15.29,15.29,15.29,78450
262,84,2020-09-25 17:30:00,15.0,15.0,15.0,15.0,100
263,83,2020-09-28 07:30:00,15.29,15.29,15.29,15.29,179
264,82,2020-09-28 09:30:00,15.3,15.3,15.3,15.3,203
265,81,2020-09-28 10:00:00,15.46,15.64,15.425,15.578,468935
266,80,2020-09-28 10:30:00,15.575,15.795,15.4899,15.77,378179
267,79,2020-09-28 11:00:00,15.770999999999999,15.855,15.710999999999999,15.815,333660
268,78,2020-09-28 11:30:00,15.815,15.935,15.81,15.825,298572
269,77,2020-09-28 12:00:00,15.82,15.87,15.785,15.845,268319
270,76,2020-09-28 12:30:00,15.84,15.92,15.82,15.915,230592
271,75,2020-09-28 13:00:00,15.91,15.94,15.88,15.935,260463
272,74,2020-09-28 13:30:00,15.935,16.0,15.86,15.9,502580
273,73,2020-09-28 14:00:00,15.905,15.975,15.895,15.95,251697
274,72,2020-09-28 14:30:00,15.95,16.02,15.945,15.975,321028
275,71,2020-09-28 15:00:00,15.98,16.03,15.9639,16.01,206008
276,70,2020-09-28 15:30:00,16.005,16.01,15.9,15.92,357961
277,69,2020-09-28 16:00:00,15.915,15.915,15.745,15.82,849164
278,68,2020-09-28 16:30:00,15.81,15.81,15.81,15.81,48239
279,67,2020-09-29 09:30:00,15.75,15.75,15.74,15.74,1038
280,66,2020-09-29 10:00:00,15.75,15.99,15.75,15.86,308688
281,65,2020-09-29 10:30:00,15.86,16.055,15.85,15.9727,251821
282,64,2020-09-29 11:00:00,15.975,16.03,15.92,15.93,223445
283,63,2020-09-29 11:30:00,15.92,16.03,15.88,16.005,195760
284,62,2020-09-29 12:00:00,16.005,16.05,15.96,16.005,173699
285,61,2020-09-29 12:30:00,16.0019,16.03,15.925,16.02,234233
286,60,2020-09-29 13:00:00,16.02,16.08,15.995,16.08,159905
287,59,2020-09-29 13:30:00,16.075,16.125,16.025,16.125,159341
288,58,2020-09-29 14:00:00,16.125,16.1753,16.1,16.12,156176
289,57,2020-09-29 14:30:00,16.13,16.275,16.12,16.255,255299
290,56,2020-09-29 15:00:00,16.255,16.31,16.235,16.235,357510
291,55,2020-09-29 15:30:00,16.24,16.28,16.235,16.255,239120
292,54,2020-09-29 16:00:00,16.26,16.34,16.19,16.19,1117490
293,53,2020-09-29 16:30:00,16.2,16.2,16.16,16.16,255703
294,52,2020-09-29 17:30:00,16.21,16.21,16.21,16.21,100
295,51,2020-09-29 19:00:00,16.3,16.3,16.3,16.3,100
296,50,2020-09-30 08:30:00,15.91,15.91,15.91,15.91,110
297,49,2020-09-30 09:00:00,15.92,16.16,15.91,16.16,4222
298,48,2020-09-30 10:00:00,16.3,16.54,16.3,16.51,279770
299,47,2020-09-30 10:30:00,16.505,16.57,16.48,16.545,186295
300,46,2020-09-30 11:00:00,16.55,16.6,16.47,16.495,211458
301,45,2020-09-30 11:30:00,16.495,16.5,16.33,16.365,248389
302,44,2020-09-30 12:00:00,16.37,16.38,16.3,16.375,155836
303,43,2020-09-30 12:30:00,16.38,16.52,16.38,16.51,179326
304,42,2020-09-30 13:00:00,16.51,16.54,16.485,16.505,137955
305,41,2020-09-30 13:30:00,16.5,16.525,16.47,16.515,128998
306,40,2020-09-30 14:00:00,16.51,16.54,16.47,16.51,112882
307,39,2020-09-30 14:30:00,16.51,16.545,16.49,16.525,206334
308,38,2020-09-30 15:00:00,16.52,16.525,16.46,16.515,324582
309,37,2020-09-30 15:30:00,16.51,16.52,16.28,16.36,358653
310,36,2020-09-30 16:00:00,16.36,16.405,16.29,16.29,911285
311,35,2020-09-30 16:30:00,16.29,16.29,16.29,16.29,53257
312,34,2020-10-01 04:30:00,16.5,16.5,16.5,16.5,150
313,33,2020-10-01 08:30:00,16.44,16.44,16.44,16.44,149
314,32,2020-10-01 09:30:00,16.44,16.44,16.4,16.4,1196
315,31,2020-10-01 10:00:00,16.35,16.56,16.301,16.32,423671
316,30,2020-10-01 10:30:00,16.32,16.41,16.22,16.4,378886
317,29,2020-10-01 11:00:00,16.39,16.52,16.365,16.44,260283
318,28,2020-10-01 11:30:00,16.45,16.525,16.42,16.52,238719
319,27,2020-10-01 12:00:00,16.52,16.545,16.51,16.545,152618
320,26,2020-10-01 12:30:00,16.54,16.5682,16.47,16.485,156243
321,25,2020-10-01 13:00:00,16.48,16.56,16.455,16.51,137141
322,24,2020-10-01 13:30:00,16.505,16.52,16.41,16.43,154190
323,23,2020-10-01 14:00:00,16.43,16.45,16.33,16.34,174180
324,22,2020-10-01 14:30:00,16.34,16.405,16.215,16.395,260775
325,21,2020-10-01 15:00:00,16.395,16.45,16.37,16.435,164370
326,20,2020-10-01 15:30:00,16.435,16.58,16.435,16.575,231225
327,19,2020-10-01 16:00:00,16.575,16.685,16.57,16.66,691277
328,18,2020-10-01 16:30:00,16.66,16.66,16.5,16.5,116777
329,17,2020-10-02 08:30:00,16.3,16.3,16.3,16.3,200
330,16,2020-10-02 09:00:00,16.4,16.4,16.3,16.3,2312
331,15,2020-10-02 09:30:00,16.28,16.28,16.1801,16.21,2054
332,14,2020-10-02 10:00:00,16.3,16.56,16.3,16.55,328161
333,13,2020-10-02 10:30:00,16.545,16.6,16.4,16.4818,243596
334,12,2020-10-02 11:00:00,16.48,16.56,16.45,16.485,200427
335,11,2020-10-02 11:30:00,16.48,16.54,16.46,16.52,220910
336,10,2020-10-02 12:00:00,16.52,16.55,16.4,16.41,237391
337,9,2020-10-02 12:30:00,16.41,16.67,16.39,16.595,254632
338,8,2020-10-02 13:00:00,16.595,16.65,16.56,16.5907,172299
339,7,2020-10-02 13:30:00,16.595,16.625,16.555,16.56,113363
340,6,2020-10-02 14:00:00,16.565,16.57,16.45,16.475,139954
341,5,2020-10-02 14:30:00,16.48,16.54,16.47,16.52,156980
342,4,2020-10-02 15:00:00,16.52,16.53,16.475,16.51,204576
343,3,2020-10-02 15:30:00,16.51,16.55,16.46,16.545,238971
344,2,2020-10-02 16:00:00,16.545,16.56,16.48,16.48,608274
345,1,2020-10-02 16:30:00,16.49,16.49,16.49,16.49,38265
346,0,2020-10-02 17:00:00,16.53,16.53,16.53,16.53,100
