,index,time,open,high,low,close,volume
0,138,2020-03-09 10:00:00,24.2784736021,24.2784736021,24.2784736021,24.2784736021,400
1,137,2020-03-09 11:00:00,24.3269336292,24.3269336292,24.3269336292,24.3269336292,200
2,136,2020-03-09 14:00:00,24.2784736021,24.2784736021,24.2300135749,24.2300135749,600
3,135,2020-03-09 15:00:00,24.2300135749,24.2978576129,24.2300135749,24.2978576129,700
4,134,2020-03-09 16:00:00,24.2784736021,24.2784736021,24.2784736021,24.2784736021,200
5,133,2020-03-10 11:00:00,24.400592870500002,24.4102848759,24.400592870500002,24.4102848759,300
6,132,2020-03-10 12:00:00,24.3821780602,24.3821780602,24.3269336292,24.3269336292,300
7,131,2020-03-10 12:30:00,24.294950011300003,24.294950011300003,24.2300135749,24.2300135749,14000
8,130,2020-03-10 13:30:00,24.0951977794,24.158971175100003,23.9877134392,24.1082819867,11100
9,129,2020-03-10 14:00:00,24.210629564,24.4238536835,24.094325498899998,24.2300135749,1900
10,128,2020-03-10 15:30:00,24.2542435885,24.3753936564,24.2300135749,24.2300135749,3900
11,127,2020-03-10 16:00:00,24.3027036156,24.3027036156,24.3027036156,24.3027036156,200
12,126,2020-03-11 11:30:00,24.2784736021,24.2784736021,24.2784736021,24.2784736021,400
13,125,2020-03-11 15:00:00,24.2784736021,24.2784736021,24.2300135749,24.2300135749,2700
14,124,2020-03-11 15:30:00,24.2300135749,24.2300135749,24.2300135749,24.2300135749,4100
15,123,2020-03-12 10:00:00,24.094325498899998,24.094325498899998,22.766520755,22.766520755,1093
16,122,2020-03-12 12:00:00,22.2916124889,22.2916124889,22.2916124889,22.2916124889,200
17,121,2020-03-12 13:30:00,23.2511210265,23.2608130319,23.2511210265,23.2608130319,441
18,120,2020-03-12 16:00:00,22.766520755,22.7762127604,22.7277527333,22.7762127604,2600
19,119,2020-03-13 11:00:00,23.2608130319,23.2608130319,23.2608130319,23.2608130319,400
20,118,2020-03-13 15:30:00,23.2608130319,23.2608130319,23.2608130319,23.2608130319,2000
21,117,2020-03-13 16:00:00,23.0475889125,23.2608130319,23.0475889125,23.2220450102,1320
22,116,2020-03-16 10:00:00,23.706645281700002,23.706645281700002,23.706645281700002,23.706645281700002,988
23,115,2020-03-16 11:30:00,23.706645281700002,23.706645281700002,23.706645281700002,23.706645281700002,489
24,114,2020-03-16 12:00:00,22.7762127604,22.7762127604,22.107464385700002,22.107464385700002,1080
25,113,2020-03-16 12:30:00,22.0493123532,22.0493123532,22.0493123532,22.0493123532,300
26,112,2020-03-16 13:00:00,21.807012217399997,21.86516425,21.807012217399997,21.86516425,700
27,111,2020-03-16 14:30:00,21.807012217399997,21.8360882337,21.807012217399997,21.8360882337,500
28,110,2020-03-16 15:30:00,21.807012217399997,21.807012217399997,21.807012217399997,21.807012217399997,1300
29,109,2020-03-16 16:00:00,19.6263109957,19.6263109957,19.384010859900002,19.384010859900002,414
30,108,2020-03-17 12:00:00,19.8686111314,21.7100921631,19.8686111314,21.7100921631,800
31,107,2020-03-17 13:30:00,19.4033948708,19.4033948708,19.4033948708,19.4033948708,213
32,106,2020-03-17 15:30:00,21.0801118102,21.0801118102,21.0801118102,21.0801118102,200
33,105,2020-03-17 16:00:00,21.0801118102,21.0801118102,21.070419804700002,21.0801118102,600
34,104,2020-03-18 10:00:00,20.8378116744,20.8378116744,20.626041355799998,20.626041355799998,2300
35,103,2020-03-18 11:00:00,20.1690632998,20.2611373513,19.4033948708,19.4033948708,1860
36,102,2020-03-18 11:30:00,19.413086876199998,19.413086876199998,18.453578338699998,18.453578338699998,5080
37,101,2020-03-18 14:30:00,16.9610095024,16.9610095024,12.599607059,12.599607059,1100
38,100,2020-03-18 15:30:00,14.538008144900001,14.538008144900001,14.538008144900001,14.538008144900001,365
39,99,2020-03-19 10:00:00,13.568807601900001,13.568807601900001,13.568807601900001,13.568807601900001,200
40,98,2020-03-19 10:30:00,13.5687106819,13.5687106819,13.5687106819,13.5687106819,100
41,97,2020-03-19 11:00:00,13.393866903900001,13.393866903900001,13.393866903900001,13.393866903900001,200
42,96,2020-03-19 11:30:00,13.568807601900001,13.568807601900001,13.559115596500002,13.568807601900001,1900
43,95,2020-03-19 12:00:00,13.568807601900001,14.0534078734,13.2732014363,14.043715868,1800
44,94,2020-03-19 12:30:00,14.043715868,14.0534078734,12.8903672219,13.6560356508,5400
45,93,2020-03-19 13:00:00,13.8111077377,13.9836254344,13.568807601900001,13.568807601900001,3500
46,92,2020-03-19 13:30:00,13.568807601900001,13.568807601900001,13.3531604811,13.5033865653,1000
47,91,2020-03-19 14:00:00,13.559115596500002,13.568807601900001,13.559115596500002,13.568807601900001,1000
48,90,2020-03-19 14:30:00,13.568807601900001,13.5978836182,13.568807601900001,13.568807601900001,2800
49,89,2020-03-19 15:00:00,13.568807601900001,14.1503279277,13.4525035368,14.1503279277,5100
50,88,2020-03-19 16:00:00,14.111559905999998,14.121251911500002,13.568807601900001,14.121251911500002,10940
51,87,2020-03-20 09:30:00,15.8173528617,15.8173528617,15.8173528617,15.8173528617,100
52,86,2020-03-20 10:00:00,15.5072086879,15.6138207477,15.5072086879,15.6041287422,4148
53,85,2020-03-20 10:30:00,15.9918089594,16.3601051658,15.8851968997,15.8948889051,3616
54,84,2020-03-20 11:00:00,15.8948889051,16.4764092309,15.8948889051,16.4764092309,1300
55,83,2020-03-20 11:30:00,16.4473332146,16.4570252201,15.8948889051,15.8948889051,900
56,82,2020-03-20 12:00:00,15.8948889051,15.8948889051,15.7495088237,15.7495088237,2033
57,81,2020-03-20 12:30:00,15.7495088237,15.7495088237,15.7495088237,15.7495088237,700
58,80,2020-03-20 13:00:00,15.7301248128,15.7495088237,15.652588769400001,15.6562717315,1000
59,79,2020-03-20 13:30:00,15.371520611900001,15.5072086879,15.371520611900001,15.5072086879,500
60,78,2020-03-20 14:00:00,15.5072086879,15.5072086879,15.5072086879,15.5072086879,150
61,77,2020-03-20 14:30:00,15.5944367368,16.2937149286,15.5944367368,16.2922611278,610
62,76,2020-03-20 16:00:00,15.691356791099999,15.691356791099999,15.5072086879,15.5072086879,1042
63,75,2020-03-23 11:00:00,16.592713296099998,16.592713296099998,16.592713296099998,16.592713296099998,610
64,74,2020-03-23 12:30:00,16.5733292852,16.5733292852,16.5733292852,16.5733292852,640
65,73,2020-03-23 15:30:00,16.4764092309,16.4764092309,16.4764092309,16.4764092309,100
66,72,2020-03-24 10:30:00,17.3486897196,17.3486897196,17.3486897196,17.3486897196,2000
67,71,2020-03-24 11:00:00,17.697601915099998,17.697601915099998,17.6103738662,17.6103738662,380
68,70,2020-03-24 11:30:00,17.6879099097,17.6879099097,17.6000034204,17.6000034204,580
69,69,2020-03-24 12:00:00,17.5774210478,17.5774210478,17.5774210478,17.5774210478,100
70,68,2020-03-24 12:30:00,17.6879099097,17.6879099097,17.6879099097,17.6879099097,920
71,67,2020-03-24 13:00:00,17.6879099097,17.7890944464,17.6879099097,17.7890944464,900
72,66,2020-03-24 15:00:00,17.92051804,18.4148103169,17.885529900399998,18.4148103169,3700
73,65,2020-03-24 15:30:00,18.889718583,18.889718583,18.889718583,18.889718583,300
74,64,2020-03-25 11:00:00,19.2870908056,19.384010859900002,19.2870908056,19.384010859900002,2121
75,63,2020-03-25 12:00:00,19.413086876199998,19.413086876199998,19.393702865399998,19.393702865399998,600
76,62,2020-03-25 14:00:00,19.480930914200002,19.4906229197,18.8994105884,18.8994105884,2748
77,61,2020-03-25 14:30:00,18.8994105884,18.8994105884,18.8994105884,18.8994105884,500
78,60,2020-03-25 15:00:00,18.5989584201,18.5989584201,18.4341943278,18.4341943278,650
79,59,2020-03-25 15:30:00,17.7072939205,18.0943926174,17.697601915099998,18.0943926174,1100
80,58,2020-03-25 16:00:00,17.6879099097,17.6879099097,17.6879099097,17.6879099097,1502
81,57,2020-03-26 10:00:00,19.3549348436,19.3743188545,19.3549348436,19.3743188545,600
82,56,2020-03-26 10:30:00,18.550498392999998,18.550498392999998,18.550498392999998,18.550498392999998,200
83,55,2020-03-26 12:00:00,18.4148103169,18.4148103169,18.4148103169,18.4148103169,100
84,54,2020-03-26 13:30:00,18.4148103169,18.4148103169,18.4148103169,18.4148103169,235
85,53,2020-03-26 14:00:00,18.4148103169,18.4148103169,18.4148103169,18.4148103169,1030
86,52,2020-03-26 14:30:00,18.4051183115,18.4148103169,18.2233932097,18.2233932097,888
87,51,2020-03-26 16:00:00,18.405021391400002,18.4051183115,18.1628181758,18.1725101812,3100
88,50,2020-03-27 10:00:00,17.9302100454,17.9302100454,17.8332899911,17.8332899911,400
89,49,2020-03-27 10:30:00,17.4456097739,17.4456097739,17.4456097739,17.4456097739,200
90,48,2020-03-27 12:00:00,17.736273016800002,17.736273016800002,17.736273016800002,17.736273016800002,1000
91,47,2020-03-27 13:00:00,17.5425298282,17.5425298282,17.5425298282,17.5425298282,650
92,46,2020-03-27 14:00:00,17.154849611,17.7363699368,17.154849611,17.4456097739,4300
93,45,2020-03-27 14:30:00,17.4456097739,18.3275822681,17.4456097739,18.3275822681,2301
94,44,2020-03-27 15:00:00,18.3275822681,18.6668024581,18.3275822681,18.6668024581,1700
95,43,2020-03-27 15:30:00,19.046729070999998,19.046729070999998,18.4487323359,18.4487323359,600
96,42,2020-03-30 11:00:00,18.4148103169,18.4148103169,18.4031799104,18.4031799104,1388
97,41,2020-03-30 11:30:00,18.8137332604,18.8137332604,18.8137332604,18.8137332604,400
98,40,2020-03-30 12:30:00,19.1998627568,19.384010859900002,19.1998627568,19.384010859900002,220
99,39,2020-03-31 10:30:00,19.384010859900002,19.384010859900002,19.384010859900002,19.384010859900002,3000
100,38,2020-03-31 12:00:00,19.4324708871,19.5584669577,19.384010859900002,19.5584669577,1000
101,37,2020-03-31 15:00:00,20.256291348599998,20.3338273921,20.06245124,20.3338273921,1800
102,36,2020-03-31 15:30:00,20.256291348599998,20.256291348599998,20.256291348599998,20.256291348599998,400
103,35,2020-03-31 16:00:00,20.236907337799998,20.236907337799998,20.236907337799998,20.236907337799998,200
104,34,2020-04-01 10:00:00,19.529390941400003,19.529390941400003,19.529390941400003,19.529390941400003,651
105,33,2020-04-01 11:00:00,19.529390941400003,19.529390941400003,19.529390941400003,19.529390941400003,100
106,32,2020-04-01 13:00:00,19.1417107242,19.1417107242,19.1417107242,19.1417107242,300
107,31,2020-04-01 13:30:00,19.480930914200002,19.480930914200002,19.434700048299998,19.434700048299998,600
108,30,2020-04-01 15:00:00,18.9866386373,19.0738666862,18.8703345721,18.9187945993,1685
109,29,2020-04-01 15:30:00,18.9187945993,18.9187945993,18.9187945993,18.9187945993,300
110,28,2020-04-01 16:00:00,19.5972349794,19.5972349794,19.480930914200002,19.480930914200002,200
111,27,2020-04-02 10:30:00,18.7055704798,18.904256591099998,18.7055704798,18.904256591099998,1300
112,26,2020-04-02 12:00:00,19.384010859900002,19.384010859900002,19.384010859900002,19.384010859900002,200
113,25,2020-04-02 14:00:00,18.5698824038,19.4227788816,18.4245023224,19.33060791,1690
114,24,2020-04-02 14:30:00,19.384010859900002,19.384010859900002,19.384010859900002,19.384010859900002,125
115,23,2020-04-02 15:00:00,19.1417107242,19.1417107242,19.1417107242,19.1417107242,1500
116,22,2020-04-02 15:30:00,18.9381786101,19.2386307785,18.9381786101,19.2386307785,1100
117,21,2020-04-03 10:00:00,19.2870908056,19.384010859900002,19.194919834,19.2918398883,550
118,20,2020-04-03 11:00:00,19.2773988002,19.2773988002,19.2773988002,19.2773988002,100
119,19,2020-04-03 13:00:00,18.8994105884,18.9478706156,18.8994105884,18.8994105884,1700
120,18,2020-04-03 14:00:00,18.8994105884,18.8994105884,18.8994105884,18.8994105884,300
121,17,2020-04-03 15:00:00,18.8994105884,18.8994105884,18.8994105884,18.8994105884,100
122,16,2020-04-03 16:00:00,19.1417107242,19.1417107242,19.1417107242,19.1417107242,500
123,15,2020-04-06 10:00:00,19.093250697000002,19.093250697000002,18.4341943278,18.526365299400002,400
124,14,2020-04-06 10:30:00,18.8994105884,18.8994105884,18.8994105884,18.8994105884,100
125,13,2020-04-06 11:00:00,18.6668024581,18.6668024581,18.6668024581,18.6668024581,100
126,12,2020-04-06 11:30:00,18.6764944635,19.3354539127,18.6668024581,19.3354539127,1000
127,11,2020-04-06 14:30:00,19.3258588273,19.3258588273,19.3258588273,19.3258588273,350
128,10,2020-04-06 15:00:00,19.3355508328,19.3355508328,19.1851309085,19.1851309085,200
129,9,2020-04-06 16:00:00,19.3161668219,19.3161668219,19.3161668219,19.3161668219,375
130,8,2020-04-07 10:00:00,19.2773988002,21.0041264876,19.2773988002,21.0041264876,900
131,7,2020-04-07 10:30:00,20.8378116744,20.8378116744,20.8378116744,20.8378116744,1010
132,6,2020-04-07 11:00:00,19.9226925217,19.9226925217,19.2386307785,19.2386307785,500
133,5,2020-04-07 11:30:00,19.286800045499998,19.286800045499998,19.2386307785,19.2386307785,1000
134,4,2020-04-07 12:30:00,19.384010859900002,19.384010859900002,19.384010859900002,19.384010859900002,100
135,3,2020-04-07 14:30:00,19.975223191199998,20.3532114029,19.975223191199998,20.3532114029,1265
136,2,2020-04-07 15:00:00,20.3532114029,20.3921732648,20.3532114029,20.3921732648,1110
137,1,2020-04-07 15:30:00,19.6263109957,19.8686111314,19.6263109957,19.8686111314,1400
138,0,2020-04-07 16:00:00,20.6342795604,20.643971565799998,20.6342795604,20.643971565799998,1100
