,index,time,open,high,low,close,volume
0,358,2020-09-08 06:00:00,4.1,4.1,4.1,4.1,500
1,357,2020-09-08 07:30:00,4.1,4.1,4.1,4.1,1200
2,356,2020-09-08 08:30:00,4.0001,4.1,4.0,4.0,4916
3,355,2020-09-08 09:00:00,4.0,4.0,3.96,3.98,5640
4,354,2020-09-08 09:30:00,3.97,3.97,3.91,3.91,16845
5,353,2020-09-08 10:00:00,3.94,4.0327,3.9,3.96,1266118
6,352,2020-09-08 10:30:00,3.96,4.045,3.95,4.03,428331
7,351,2020-09-08 11:00:00,4.03,4.06,3.98,4.03,534866
8,350,2020-09-08 11:30:00,4.03,4.06,4.015,4.04,307913
9,349,2020-09-08 12:00:00,4.045,4.05,4.01,4.035,244373
10,348,2020-09-08 12:30:00,4.035,4.075,4.03,4.065,526498
11,347,2020-09-08 13:00:00,4.07,4.095,4.06,4.085,216148
12,346,2020-09-08 13:30:00,4.08,4.08,4.05,4.05,128884
13,345,2020-09-08 14:00:00,4.055,4.1,4.05,4.1,203416
14,344,2020-09-08 14:30:00,4.0935,4.11,4.06,4.07,249423
15,343,2020-09-08 15:00:00,4.075,4.08,4.04,4.0421,281600
16,342,2020-09-08 15:30:00,4.045,4.055,4.02,4.04,450470
17,341,2020-09-08 16:00:00,4.035,4.05,4.0,4.01,660213
18,340,2020-09-08 16:30:00,4.0,4.1,4.0,4.01,42874
19,339,2020-09-08 17:30:00,4.05,4.09,4.05,4.09,2250
20,338,2020-09-08 19:30:00,4.0101,4.0101,4.0101,4.0101,100
21,337,2020-09-09 08:30:00,3.9999,4.0,3.9999,3.9999,1325
22,336,2020-09-09 09:00:00,4.01,4.01,4.01,4.01,1000
23,335,2020-09-09 09:30:00,4.08,4.09,4.08,4.08,1000
24,334,2020-09-09 10:00:00,4.09,4.18521,4.06,4.15,579768
25,333,2020-09-09 10:30:00,4.15,4.2,4.12,4.17,526262
26,332,2020-09-09 11:00:00,4.165,4.2,4.15,4.15,286099
27,331,2020-09-09 11:30:00,4.15,4.16,4.1,4.13,457028
28,330,2020-09-09 12:00:00,4.13,4.15,4.09,4.0945,525420
29,329,2020-09-09 12:30:00,4.095,4.15,4.095,4.145,144474
30,328,2020-09-09 13:00:00,4.145,4.18,4.145,4.18,162433
31,327,2020-09-09 13:30:00,4.175,4.19,4.16,4.175,149698
32,326,2020-09-09 14:00:00,4.175,4.18,4.1444,4.145,515630
33,325,2020-09-09 14:30:00,4.15,4.16,4.12,4.145,793932
34,324,2020-09-09 15:00:00,4.145,4.155,4.11,4.12,624126
35,323,2020-09-09 15:30:00,4.125,4.165,4.12,4.14,478632
36,322,2020-09-09 16:00:00,4.14,4.15,4.12,4.13,860215
37,321,2020-09-09 16:30:00,4.13,4.13,4.13,4.13,42201
38,320,2020-09-09 17:00:00,4.15,4.15,4.15,4.15,200
39,319,2020-09-09 19:00:00,4.11,4.11,4.11,4.11,200
40,318,2020-09-09 20:00:00,4.17,4.17,4.17,4.17,400
41,317,2020-09-10 08:00:00,4.18,4.18,4.18,4.18,100
42,316,2020-09-10 08:30:00,4.14,4.14,4.14,4.14,300
43,315,2020-09-10 09:30:00,4.1999,4.2,4.1999,4.2,800
44,314,2020-09-10 10:00:00,4.17,4.24,4.1685,4.215,302405
45,313,2020-09-10 10:30:00,4.22,4.25,4.195,4.206,337284
46,312,2020-09-10 11:00:00,4.2001,4.25,4.155,4.175,258081
47,311,2020-09-10 11:30:00,4.17,4.215,4.16,4.21,263149
48,310,2020-09-10 12:00:00,4.2119,4.225,4.175,4.1922,192655
49,309,2020-09-10 12:30:00,4.19,4.19,4.155,4.175,218423
50,308,2020-09-10 13:00:00,4.18,4.19,4.15,4.18,124000
51,307,2020-09-10 13:30:00,4.18,4.2,4.17,4.175,113470
52,306,2020-09-10 14:00:00,4.18,4.2,4.165,4.165,201685
53,305,2020-09-10 14:30:00,4.16,4.18,4.1,4.1,301771
54,304,2020-09-10 15:00:00,4.1,4.155,4.08,4.145,684340
55,303,2020-09-10 15:30:00,4.145,4.15,4.08,4.09,502581
56,302,2020-09-10 16:00:00,4.095,4.12,4.07,4.08,856709
57,301,2020-09-10 16:30:00,4.1,4.1,4.06,4.06,4174
58,300,2020-09-11 10:00:00,4.14,4.25,4.12,4.1901,658729
59,299,2020-09-11 10:30:00,4.19,4.195,4.13,4.1749,593341
60,298,2020-09-11 11:00:00,4.18,4.185,4.12,4.13,152795
61,297,2020-09-11 11:30:00,4.13,4.13,4.09,4.105,314035
62,296,2020-09-11 12:00:00,4.105,4.14,4.1,4.13,186982
63,295,2020-09-11 12:30:00,4.13,4.135,4.1119,4.12,129796
64,294,2020-09-11 13:00:00,4.12,4.125,4.06,4.06,189071
65,293,2020-09-11 13:30:00,4.07,4.07,4.025,4.04,207564
66,292,2020-09-11 14:00:00,4.045,4.07,4.025,4.04,314413
67,291,2020-09-11 14:30:00,4.04,4.07,4.04,4.04,313997
68,290,2020-09-11 15:00:00,4.0421,4.065,4.04,4.04,357685
69,289,2020-09-11 15:30:00,4.04,4.05,4.02,4.035,196096
70,288,2020-09-11 16:00:00,4.035,4.05,4.03,4.05,905742
71,287,2020-09-11 16:30:00,4.05,4.05,4.04,4.04,1708
72,286,2020-09-11 17:00:00,4.05,4.05,4.05,4.05,136
73,285,2020-09-11 19:00:00,4.09,4.09,4.09,4.09,500
74,284,2020-09-14 08:00:00,4.08,4.08,4.08,4.08,400
75,283,2020-09-14 09:00:00,4.06,4.06,4.06,4.06,500
76,282,2020-09-14 09:30:00,4.09,4.09,4.09,4.09,917
77,281,2020-09-14 10:00:00,4.07,4.25,4.07,4.225,1269335
78,280,2020-09-14 10:30:00,4.23,4.27,4.2245,4.2399,521628
79,279,2020-09-14 11:00:00,4.24,4.24,4.18,4.195,241496
80,278,2020-09-14 11:30:00,4.2,4.26,4.2,4.25,286154
81,277,2020-09-14 12:00:00,4.25,4.255,4.225,4.2251,160923
82,276,2020-09-14 12:30:00,4.22,4.23,4.2046,4.21,138610
83,275,2020-09-14 13:00:00,4.215,4.22,4.195,4.2,111856
84,274,2020-09-14 13:30:00,4.2,4.205,4.17,4.1966,93678
85,273,2020-09-14 14:00:00,4.2,4.24,4.19,4.235,265408
86,272,2020-09-14 14:30:00,4.23,4.25,4.225,4.245,165595
87,271,2020-09-14 15:00:00,4.25,4.28,4.24,4.2739,222704
88,270,2020-09-14 15:30:00,4.275,4.3,4.26,4.295,387486
89,269,2020-09-14 16:00:00,4.29,4.3,4.28,4.3,572985
90,268,2020-09-14 16:30:00,4.3,4.3,4.3,4.3,25428
91,267,2020-09-14 17:30:00,4.29,4.3,4.29,4.2998,3345
92,266,2020-09-14 18:00:00,4.3,4.31,4.3,4.31,1532
93,265,2020-09-14 18:30:00,4.31,4.31,4.31,4.31,200
94,264,2020-09-14 19:00:00,4.3,4.3,4.3,4.3,300
95,263,2020-09-14 20:00:00,4.3,4.3,4.3,4.3,550
96,262,2020-09-15 08:30:00,4.3999,4.3999,4.31,4.37,1350
97,261,2020-09-15 09:00:00,4.38,4.39,4.3699,4.3699,9625
98,260,2020-09-15 09:30:00,4.3699,4.4,4.36,4.36,1408
99,259,2020-09-15 10:00:00,4.37,4.425,4.265,4.315,984481
100,258,2020-09-15 10:30:00,4.31,4.3289,4.22,4.2599,322335
101,257,2020-09-15 11:00:00,4.25,4.3,4.22,4.235,299468
102,256,2020-09-15 11:30:00,4.24,4.28,4.215,4.27,412982
103,255,2020-09-15 12:00:00,4.275,4.31,4.27,4.28,206049
104,254,2020-09-15 12:30:00,4.28,4.32,4.265,4.315,270178
105,253,2020-09-15 13:00:00,4.32,4.36,4.32,4.355,572046
106,252,2020-09-15 13:30:00,4.3511,4.37,4.33,4.34,161854
107,251,2020-09-15 14:00:00,4.3399,4.34,4.31,4.32,160964
108,250,2020-09-15 14:30:00,4.32,4.32,4.285,4.31,159197
109,249,2020-09-15 15:00:00,4.305,4.31,4.2802,4.3,90273
110,248,2020-09-15 15:30:00,4.3,4.31,4.26,4.26,277646
111,247,2020-09-15 16:00:00,4.265,4.2689,4.23,4.24,654492
112,246,2020-09-15 16:30:00,4.25,4.25,4.25,4.25,1133
113,245,2020-09-16 08:00:00,4.33,4.33,4.31,4.31,8326
114,244,2020-09-16 08:30:00,4.4,4.4,4.32,4.32,1434
115,243,2020-09-16 09:00:00,4.34,4.39,4.34,4.34,7858
116,242,2020-09-16 09:30:00,4.36,4.36,4.35,4.35,1950
117,241,2020-09-16 10:00:00,4.32,4.32,4.21,4.225,278303
118,240,2020-09-16 10:30:00,4.23,4.295,4.21,4.24,213770
119,239,2020-09-16 11:00:00,4.23,4.2899,4.23,4.28,111740
120,238,2020-09-16 11:30:00,4.28,4.305,4.28,4.29,126489
121,237,2020-09-16 12:00:00,4.29,4.295,4.24,4.25,81883
122,236,2020-09-16 12:30:00,4.245,4.29,4.24,4.29,64551
123,235,2020-09-16 13:00:00,4.29,4.305,4.275,4.305,84018
124,234,2020-09-16 13:30:00,4.3,4.31,4.265,4.27,122160
125,233,2020-09-16 14:00:00,4.265,4.29,4.235,4.28,141044
126,232,2020-09-16 14:30:00,4.285,4.31,4.24,4.275,383943
127,231,2020-09-16 15:00:00,4.28,4.3,4.22,4.25,436226
128,230,2020-09-16 15:30:00,4.25,4.26,4.23,4.235,152737
129,229,2020-09-16 16:00:00,4.23,4.26,4.22,4.25,369548
130,228,2020-09-16 16:30:00,4.26,4.26,4.26,4.26,10390
131,227,2020-09-17 05:30:00,4.2,4.2,4.2,4.2,300
132,226,2020-09-17 07:30:00,4.2,4.2,4.2,4.2,101
133,225,2020-09-17 08:30:00,4.24,4.24,4.24,4.24,100
134,224,2020-09-17 09:00:00,4.1801,4.2,4.17,4.17,3842
135,223,2020-09-17 09:30:00,4.17,4.17,4.09,4.09,11440
136,222,2020-09-17 10:00:00,4.1,4.1699,4.08,4.16,656406
137,221,2020-09-17 10:30:00,4.16,4.21,4.135,4.2,267860
138,220,2020-09-17 11:00:00,4.2,4.21,4.16,4.165,201739
139,219,2020-09-17 11:30:00,4.17,4.23,4.16,4.22,117481
140,218,2020-09-17 12:00:00,4.22,4.23,4.18,4.18,201533
141,217,2020-09-17 12:30:00,4.1719,4.19,4.145,4.185,110153
142,216,2020-09-17 13:00:00,4.18,4.21,4.18,4.21,119594
143,215,2020-09-17 13:30:00,4.21,4.225,4.2,4.22,63698
144,214,2020-09-17 14:00:00,4.22,4.23,4.21,4.215,125933
145,213,2020-09-17 14:30:00,4.2125,4.24,4.2125,4.22,99519
146,212,2020-09-17 15:00:00,4.22,4.237,4.21,4.225,105648
147,211,2020-09-17 15:30:00,4.225,4.23,4.21,4.225,119262
148,210,2020-09-17 16:00:00,4.22,4.23,4.205,4.22,549322
149,209,2020-09-17 16:30:00,4.22,4.22,4.22,4.22,21438
150,208,2020-09-17 17:00:00,4.22,4.22,4.22,4.22,1000
151,207,2020-09-17 19:00:00,4.2,4.2,4.2,4.2,100
152,206,2020-09-17 19:30:00,4.18,4.18,4.18,4.18,300
153,205,2020-09-17 20:00:00,4.25,4.25,4.25,4.25,100
154,204,2020-09-18 09:30:00,4.22,4.22,4.22,4.22,100
155,203,2020-09-18 10:00:00,4.25,4.26,4.15,4.17,296116
156,202,2020-09-18 10:30:00,4.175,4.205,4.13,4.15,295983
157,201,2020-09-18 11:00:00,4.145,4.185,4.14,4.15,182929
158,200,2020-09-18 11:30:00,4.15,4.18,4.14,4.165,134124
159,199,2020-09-18 12:00:00,4.16,4.165,4.11,4.135,333672
160,198,2020-09-18 12:30:00,4.135,4.19,4.13,4.18,196752
161,197,2020-09-18 13:00:00,4.18,4.195,4.17,4.18,207483
162,196,2020-09-18 13:30:00,4.18,4.205,4.16,4.16,164444
163,195,2020-09-18 14:00:00,4.15,4.175,4.145,4.17,192835
164,194,2020-09-18 14:30:00,4.17,4.17,4.14,4.14,108502
165,193,2020-09-18 15:00:00,4.145,4.145,4.11,4.12,189535
166,192,2020-09-18 15:30:00,4.12,4.14,4.1,4.11,417861
167,191,2020-09-18 16:00:00,4.105,4.12,4.07,4.08,1044641
168,190,2020-09-18 16:30:00,4.08,4.08,4.08,4.08,30459
169,189,2020-09-18 17:30:00,4.1002,4.1002,4.09,4.1,5949
170,188,2020-09-18 18:00:00,4.1,4.1,4.1,4.1,500
171,187,2020-09-21 05:00:00,4.05,4.05,4.05,4.05,100
172,186,2020-09-21 07:30:00,4.01,4.04,4.01,4.04,2451
173,185,2020-09-21 08:30:00,4.05,4.05,3.98,3.98,5315
174,184,2020-09-21 09:00:00,3.98,4.0,3.98,4.0,2938
175,183,2020-09-21 10:00:00,4.0,4.09,3.985,4.051,726200
176,182,2020-09-21 10:30:00,4.05,4.05,3.875,3.88,1593487
177,181,2020-09-21 11:00:00,3.88,3.9735,3.84,3.9501,1415406
178,180,2020-09-21 11:30:00,3.95,4.025,3.94,3.9557,866687
179,179,2020-09-21 12:00:00,3.95,4.0169,3.945,4.0,473015
180,178,2020-09-21 12:30:00,4.01,4.025,3.975,3.98,231243
181,177,2020-09-21 13:00:00,3.98,3.98,3.94,3.96,206250
182,176,2020-09-21 13:30:00,3.96,3.98,3.94,3.97,132978
183,175,2020-09-21 14:00:00,3.97,3.97,3.935,3.95,153079
184,174,2020-09-21 14:30:00,3.96,3.985,3.955,3.97,142420
185,173,2020-09-21 15:00:00,3.96,3.965,3.93,3.94,138140
186,172,2020-09-21 15:30:00,3.94,3.955,3.93,3.94,130947
187,171,2020-09-21 16:00:00,3.94,3.94,3.91,3.92,776012
188,170,2020-09-21 16:30:00,3.93,3.93,3.93,3.93,9569
189,169,2020-09-21 17:00:00,3.92,3.97,3.92,3.97,1350
190,168,2020-09-21 17:30:00,3.92,3.92,3.92,3.92,100
191,167,2020-09-21 20:00:00,3.96,3.96,3.96,3.96,100
192,166,2020-09-22 08:30:00,3.9,3.9,3.9,3.9,250
193,165,2020-09-22 09:30:00,3.95,3.95,3.95,3.95,1174
194,164,2020-09-22 10:00:00,3.96,4.0,3.89,3.895,423783
195,163,2020-09-22 10:30:00,3.9,3.98,3.895,3.97,223979
196,162,2020-09-22 11:00:00,3.98,3.98,3.88,3.88,675834
197,161,2020-09-22 11:30:00,3.87,3.9,3.855,3.88,235639
198,160,2020-09-22 12:00:00,3.88,3.8899,3.86,3.87,224554
199,159,2020-09-22 12:30:00,3.875,3.88,3.85,3.865,99268
200,158,2020-09-22 13:00:00,3.865,3.885,3.825,3.84,390662
201,157,2020-09-22 13:30:00,3.84,3.855,3.835,3.85,517926
202,156,2020-09-22 14:00:00,3.85,3.855,3.83,3.83,266394
203,155,2020-09-22 14:30:00,3.83,3.86,3.825,3.855,833499
204,154,2020-09-22 15:00:00,3.86,3.865,3.84,3.845,451886
205,153,2020-09-22 15:30:00,3.845,3.85,3.83,3.84,423117
206,152,2020-09-22 16:00:00,3.845,3.855,3.825,3.84,1190047
207,151,2020-09-22 16:30:00,3.84,3.84,3.83,3.83,26251
208,150,2020-09-22 17:00:00,3.84,3.84,3.84,3.84,200
209,149,2020-09-22 17:30:00,3.8399,3.84,3.82,3.82,5826
210,148,2020-09-22 18:00:00,3.82,3.82,3.82,3.82,15000
211,147,2020-09-23 04:30:00,3.8,3.8,3.8,3.8,2018
212,146,2020-09-23 07:30:00,3.8,3.8,3.8,3.8,151
213,145,2020-09-23 08:30:00,3.75,3.7601,3.75,3.76,986
214,144,2020-09-23 09:00:00,3.78,3.79,3.78,3.79,977
215,143,2020-09-23 09:30:00,3.79,3.79,3.78,3.79,11633
216,142,2020-09-23 10:00:00,3.8,3.82,3.7413,3.75,763494
217,141,2020-09-23 10:30:00,3.75,3.75,3.65,3.7,644084
218,140,2020-09-23 11:00:00,3.7,3.72,3.665,3.665,541532
219,139,2020-09-23 11:30:00,3.665,3.715,3.66,3.69,504157
220,138,2020-09-23 12:00:00,3.695,3.695,3.64,3.65,301763
221,137,2020-09-23 12:30:00,3.645,3.73,3.64,3.715,421290
222,136,2020-09-23 13:00:00,3.71,3.75,3.7,3.7189,188007
223,135,2020-09-23 13:30:00,3.716,3.72,3.68,3.69,211877
224,134,2020-09-23 14:00:00,3.69,3.7,3.67,3.67,116776
225,133,2020-09-23 14:30:00,3.665,3.67,3.62,3.64,328191
226,132,2020-09-23 15:00:00,3.64,3.66,3.62,3.62,493899
227,131,2020-09-23 15:30:00,3.62,3.63,3.585,3.595,488686
228,130,2020-09-23 16:00:00,3.595,3.61,3.58,3.6,966009
229,129,2020-09-23 16:30:00,3.61,3.65,3.61,3.65,7003
230,128,2020-09-23 17:00:00,3.66,3.68,3.65,3.65,1277
231,127,2020-09-23 18:00:00,3.63,3.63,3.63,3.63,500
232,126,2020-09-23 19:00:00,3.63,3.63,3.6,3.6,1200
233,125,2020-09-23 19:30:00,3.6,3.6,3.6,3.6,2000
234,124,2020-09-23 20:00:00,3.6,3.6,3.6,3.6,5840
235,123,2020-09-24 07:30:00,3.59,3.59,3.56,3.56,2029
236,122,2020-09-24 08:00:00,3.59,3.59,3.59,3.59,100
237,121,2020-09-24 08:30:00,3.57,3.59,3.57,3.59,2387
238,120,2020-09-24 09:00:00,3.59,3.59,3.59,3.59,1720
239,119,2020-09-24 09:30:00,3.58,3.58,3.58,3.58,1694
240,118,2020-09-24 10:00:00,3.55,3.67,3.5309,3.63,658362
241,117,2020-09-24 10:30:00,3.63,3.73,3.63,3.7289999999999996,792792
242,116,2020-09-24 11:00:00,3.73,3.8,3.695,3.8,822535
243,115,2020-09-24 11:30:00,3.795,3.8,3.74,3.77,481661
244,114,2020-09-24 12:00:00,3.77,3.81,3.76,3.81,298619
245,113,2020-09-24 12:30:00,3.81,3.8289999999999997,3.785,3.79,443144
246,112,2020-09-24 13:00:00,3.79,3.79,3.7645,3.79,153958
247,111,2020-09-24 13:30:00,3.79,3.835,3.77,3.825,276845
248,110,2020-09-24 14:00:00,3.83,3.86,3.82,3.825,490311
249,109,2020-09-24 14:30:00,3.83,3.84,3.79,3.805,316836
250,108,2020-09-24 15:00:00,3.8,3.81,3.76,3.76,344962
251,107,2020-09-24 15:30:00,3.76,3.81,3.755,3.7981,457189
252,106,2020-09-24 16:00:00,3.795,3.84,3.79,3.83,858821
253,105,2020-09-24 16:30:00,3.84,3.84,3.83,3.83,15333
254,104,2020-09-24 17:00:00,3.83,3.84,3.83,3.84,300
255,103,2020-09-24 19:00:00,3.83,3.83,3.83,3.83,250
256,102,2020-09-25 08:30:00,3.8,3.8,3.8,3.8,164
257,101,2020-09-25 10:00:00,3.81,3.83,3.75,3.785,386247
258,100,2020-09-25 10:30:00,3.78,3.7877,3.71,3.78,315154
259,99,2020-09-25 11:00:00,3.78,3.79,3.76,3.7721,279589
260,98,2020-09-25 11:30:00,3.78,3.78,3.735,3.745,144991
261,97,2020-09-25 12:00:00,3.75,3.76,3.735,3.74,166670
262,96,2020-09-25 12:30:00,3.74,3.755,3.72,3.73,104501
263,95,2020-09-25 13:00:00,3.74,3.77,3.725,3.77,146893
264,94,2020-09-25 13:30:00,3.765,3.77,3.755,3.765,80546
265,93,2020-09-25 14:00:00,3.77,3.79,3.76,3.78,151298
266,92,2020-09-25 14:30:00,3.775,3.805,3.775,3.79,155123
267,91,2020-09-25 15:00:00,3.79,3.8,3.77,3.7857,147454
268,90,2020-09-25 15:30:00,3.79,3.815,3.785,3.8,218056
269,89,2020-09-25 16:00:00,3.805,3.81,3.785,3.79,565585
270,88,2020-09-25 16:30:00,3.8,3.8,3.8,3.8,35972
271,87,2020-09-25 17:00:00,3.8,3.8,3.8,3.8,101
272,86,2020-09-28 07:30:00,3.8,3.8,3.8,3.8,3999
273,85,2020-09-28 08:30:00,3.8,3.8,3.8,3.8,331
274,84,2020-09-28 09:30:00,3.8,3.8,3.8,3.8,500
275,83,2020-09-28 10:00:00,3.84,3.88,3.79,3.8,368120
276,82,2020-09-28 10:30:00,3.8,3.835,3.78,3.81,200463
277,81,2020-09-28 11:00:00,3.8012,3.81,3.75,3.75,158274
278,80,2020-09-28 11:30:00,3.7522,3.78,3.75,3.755,114602
279,79,2020-09-28 12:00:00,3.76,3.76,3.72,3.76,347413
280,78,2020-09-28 12:30:00,3.76,3.79,3.755,3.785,126320
281,77,2020-09-28 13:00:00,3.78,3.8133,3.78,3.81,124080
282,76,2020-09-28 13:30:00,3.805,3.83,3.805,3.81,191547
283,75,2020-09-28 14:00:00,3.81,3.825,3.8,3.81,121582
284,74,2020-09-28 14:30:00,3.8146,3.83,3.8,3.82,86047
285,73,2020-09-28 15:00:00,3.815,3.8381,3.8101,3.83,81288
286,72,2020-09-28 15:30:00,3.83,3.84,3.79,3.79,83184
287,71,2020-09-28 16:00:00,3.79,3.8,3.77,3.8,706122
288,70,2020-09-28 16:30:00,3.79,3.81,3.79,3.81,27654
289,69,2020-09-29 07:30:00,3.86,3.86,3.86,3.86,600
290,68,2020-09-29 09:00:00,3.8,3.8,3.8,3.8,2400
291,67,2020-09-29 09:30:00,3.8001,3.8001,3.8,3.8,525
292,66,2020-09-29 10:00:00,3.82,3.86,3.79,3.86,364623
293,65,2020-09-29 10:30:00,3.855,3.91,3.845,3.9052,359962
294,64,2020-09-29 11:00:00,3.905,3.9199,3.815,3.82,246832
295,63,2020-09-29 11:30:00,3.83,3.885,3.81,3.88,288240
296,62,2020-09-29 12:00:00,3.875,3.875,3.82,3.825,178978
297,61,2020-09-29 12:30:00,3.83,3.8511,3.8089,3.84,156388
298,60,2020-09-29 13:00:00,3.84,3.88,3.84,3.87,113587
299,59,2020-09-29 13:30:00,3.875,3.89,3.86,3.89,101910
300,58,2020-09-29 14:00:00,3.89,3.895,3.875,3.875,227410
301,57,2020-09-29 14:30:00,3.875,3.88,3.83,3.8499,110986
302,56,2020-09-29 15:00:00,3.85,3.86,3.83,3.8397,89500
303,55,2020-09-29 15:30:00,3.835,3.86,3.82,3.86,207925
304,54,2020-09-29 16:00:00,3.85,3.87,3.84,3.86,420784
305,53,2020-09-29 16:30:00,3.86,3.86,3.86,3.86,1964
306,52,2020-09-30 06:30:00,3.88,3.88,3.85,3.85,400
307,51,2020-09-30 08:30:00,3.82,3.82,3.82,3.82,300
308,50,2020-09-30 09:30:00,3.85,3.85,3.81,3.81,400
309,49,2020-09-30 10:00:00,3.82,3.84,3.78,3.7901,329759
310,48,2020-09-30 10:30:00,3.8,3.825,3.775,3.8,155915
311,47,2020-09-30 11:00:00,3.81,3.825,3.78,3.82,91366
312,46,2020-09-30 11:30:00,3.82,3.9181,3.815,3.915,312012
313,45,2020-09-30 12:00:00,3.915,3.915,3.87,3.87,352672
314,44,2020-09-30 12:30:00,3.88,3.9,3.8615,3.87,287554
315,43,2020-09-30 13:00:00,3.87,3.895,3.86,3.88,286922
316,42,2020-09-30 13:30:00,3.88,3.88,3.84,3.85,253113
317,41,2020-09-30 14:00:00,3.855,3.885,3.85,3.88,173385
318,40,2020-09-30 14:30:00,3.88,3.9,3.86,3.8774,290081
319,39,2020-09-30 15:00:00,3.88,3.89,3.87,3.87,192847
320,38,2020-09-30 15:30:00,3.8612,3.88,3.84,3.845,181575
321,37,2020-09-30 16:00:00,3.84,3.87,3.81,3.84,661783
322,36,2020-10-01 08:30:00,3.87,3.87,3.87,3.87,20000
323,35,2020-10-01 09:00:00,3.92,3.92,3.9,3.9,1185
324,34,2020-10-01 09:30:00,3.915,3.92,3.9,3.9,1544
325,33,2020-10-01 10:00:00,3.89,3.89,3.84,3.88,280487
326,32,2020-10-01 10:30:00,3.875,3.9,3.84,3.85,331329
327,31,2020-10-01 11:00:00,3.85,3.895,3.84,3.89,428801
328,30,2020-10-01 11:30:00,3.89,3.9,3.87,3.895,670019
329,29,2020-10-01 12:00:00,3.895,3.92,3.885,3.92,199783
330,28,2020-10-01 12:30:00,3.92,3.925,3.895,3.9,552103
331,27,2020-10-01 13:00:00,3.9,3.905,3.87,3.88,615361
332,26,2020-10-01 13:30:00,3.88,3.93,3.87,3.92,87101
333,25,2020-10-01 14:00:00,3.92,3.94,3.91,3.915,77464
334,24,2020-10-01 14:30:00,3.9111,3.92,3.86,3.89,120782
335,23,2020-10-01 15:00:00,3.89,3.9,3.885,3.9,48170
336,22,2020-10-01 15:30:00,3.9,3.9,3.875,3.88,97392
337,21,2020-10-01 16:00:00,3.88,3.9,3.87,3.895,345145
338,20,2020-10-01 16:30:00,3.9,3.9,3.9,3.9,21555
339,19,2020-10-01 18:00:00,3.9,3.9,3.9,3.9,133
340,18,2020-10-01 18:30:00,3.94,3.94,3.94,3.94,200
341,17,2020-10-01 19:30:00,3.92,3.92,3.92,3.92,262
342,16,2020-10-02 07:00:00,3.89,3.89,3.89,3.89,250
343,15,2020-10-02 08:30:00,3.85,3.85,3.85,3.85,250
344,14,2020-10-02 10:00:00,3.89,3.9,3.805,3.85,849493
345,13,2020-10-02 10:30:00,3.845,3.89,3.83,3.865,297488
346,12,2020-10-02 11:00:00,3.865,3.9,3.845,3.89,209475
347,11,2020-10-02 11:30:00,3.88,3.92,3.865,3.915,291566
348,10,2020-10-02 12:00:00,3.91,3.91,3.86,3.87,281857
349,9,2020-10-02 12:30:00,3.865,3.905,3.85,3.89,261015
350,8,2020-10-02 13:00:00,3.88,3.885,3.855,3.865,190951
351,7,2020-10-02 13:30:00,3.865,3.865,3.83,3.84,183889
352,6,2020-10-02 14:00:00,3.835,3.86,3.82,3.85,316066
353,5,2020-10-02 14:30:00,3.855,3.87,3.85,3.8699,97628
354,4,2020-10-02 15:00:00,3.865,3.88,3.855,3.875,118364
355,3,2020-10-02 15:30:00,3.88,3.895,3.865,3.885,271475
356,2,2020-10-02 16:00:00,3.885,3.91,3.88,3.9,621580
357,1,2020-10-02 16:30:00,3.89,3.89,3.89,3.89,8017
358,0,2020-10-02 17:30:00,3.86,3.86,3.86,3.86,131
