,index,time,open,high,low,close,volume
0,137,2018-10-16 16:00:00,35.3109609413,35.4626571427,35.3109609413,35.4626571427,1102
1,136,2018-10-17 16:00:00,35.5556322339,35.5556322339,35.5458453822,35.5556322339,710
2,135,2018-10-17 16:30:00,35.5458453822,35.5458453822,35.5458453822,35.5458453822,163
3,134,2018-10-18 10:00:00,34.3714231779,34.7335366909,34.3714231779,34.7335366909,318
4,133,2018-10-18 10:30:00,34.3420626228,34.3420626228,34.3420626228,34.3420626228,100
5,132,2018-10-18 12:00:00,34.7433235426,34.7433235426,34.7433235426,34.7433235426,3712
6,131,2018-10-18 12:30:00,34.9635277059,34.9635277059,34.9635277059,34.9635277059,103
7,130,2018-10-18 15:30:00,34.9782079835,34.9782079835,34.9782079835,34.9782079835,226
8,129,2018-10-18 16:00:00,35.2326661277,35.2816003862,35.2326661277,35.2816003862,1973
9,128,2018-10-19 10:00:00,35.0858633522,35.0858633522,35.0858633522,35.0858633522,706
10,127,2018-10-19 13:00:00,35.3696820515,35.3696820515,35.3696820515,35.3696820515,108
11,126,2018-10-19 13:30:00,35.3403214964,35.3403214964,35.3403214964,35.3403214964,407
12,125,2018-10-19 14:00:00,35.2375595536,35.2424529794,35.2375595536,35.2424529794,618
13,124,2018-10-19 14:30:00,35.2913872379,35.2913872379,35.2913872379,35.2913872379,100
14,123,2018-10-19 15:30:00,35.2816003862,35.3598951998,35.2816003862,35.3598951998,400
15,122,2018-10-19 16:00:00,35.4773374203,35.487124271999996,35.3598951998,35.4773374203,2577
16,121,2018-10-22 10:00:00,35.3696820515,35.3696820515,35.3696820515,35.3696820515,1000
17,120,2018-10-22 13:30:00,35.633829179,35.633829179,35.633829179,35.633829179,100
18,119,2018-10-22 14:30:00,35.774661975,35.774661975,35.774661975,35.774661975,500
19,118,2018-10-22 15:30:00,35.722008712800005,35.722008712800005,35.722008712800005,35.722008712800005,100
20,117,2018-10-22 16:00:00,35.9666800054,35.9666800054,35.722008712800005,35.722008712800005,1815
21,116,2018-10-23 12:00:00,35.6583941768,35.6583941768,35.6583941768,35.6583941768,202
22,115,2018-10-23 12:30:00,35.722008712800005,35.722008712800005,35.722008712800005,35.722008712800005,241
23,114,2018-10-23 14:00:00,35.0320356678,35.0320356678,35.0320356678,35.0320356678,381
24,113,2018-10-23 14:30:00,35.0956502039,35.0956502039,35.0956502039,35.0956502039,266
25,112,2018-10-23 15:00:00,34.9390605767,35.320747793,34.9390605767,35.320747793,907
26,111,2018-10-23 16:00:00,35.5605256597,35.7905166747,35.5605256597,35.7905166747,595
27,110,2018-10-24 13:00:00,35.2598735754,35.2598735754,35.125010759,35.125010759,1201
28,109,2018-10-24 13:30:00,35.134797610700005,35.1543713141,35.134797610700005,35.1543713141,1174
29,108,2018-10-24 14:00:00,35.164158165799996,35.164158165799996,35.164158165799996,35.164158165799996,100
30,107,2018-10-24 14:30:00,35.362831255399996,35.362831255399996,35.2326661277,35.3011740896,1001
31,106,2018-10-24 15:00:00,35.2816003862,35.2816003862,35.2326661277,35.2424529794,800
32,105,2018-10-24 15:30:00,35.2326661277,35.2326661277,35.2326661277,35.2326661277,208
33,104,2018-10-24 16:00:00,35.2326661277,35.2424529794,35.2326661277,35.2424529794,2715
34,103,2018-10-24 16:30:00,35.1445844624,35.1445844624,35.1445844624,35.1445844624,109
35,102,2018-10-25 10:30:00,35.3745754774,35.3745754774,35.3745754774,35.3745754774,218
36,101,2018-10-25 12:00:00,35.330534644699995,35.330534644699995,35.330534644699995,35.330534644699995,114
37,100,2018-10-25 12:30:00,35.3745754774,35.3745754774,35.3696820515,35.3696820515,1217
38,99,2018-10-25 13:00:00,35.320747793,35.320747793,35.320747793,35.320747793,200
39,98,2018-10-25 13:30:00,35.320747793,35.467550568600004,35.3109609413,35.4577637169,606
40,97,2018-10-25 14:00:00,35.4186163101,35.4186163101,35.4186163101,35.4186163101,112
41,96,2018-10-25 14:30:00,35.5066979754,35.5066979754,35.5066979754,35.5066979754,100
42,95,2018-10-25 15:30:00,35.614353344099996,35.614353344099996,35.4969111237,35.4969111237,601
43,94,2018-10-25 16:00:00,35.487124271999996,35.5556322339,35.4773374203,35.5262716788,3460
44,93,2018-10-26 12:00:00,35.134797610700005,35.134797610700005,35.134797610700005,35.134797610700005,358
45,92,2018-10-26 14:00:00,35.5164848271,35.5164848271,35.5164848271,35.5164848271,381
46,91,2018-10-29 15:30:00,35.467550568600004,35.467550568600004,35.330534644699995,35.3745754774,1125
47,90,2018-10-29 16:00:00,35.330534644699995,35.389255755,35.330534644699995,35.389255755,701
48,89,2018-10-30 10:00:00,35.3794689032,35.3794689032,35.3794689032,35.3794689032,115
49,88,2018-10-30 10:30:00,34.9586342801,35.0662896488,34.9586342801,35.0662896488,502
50,87,2018-10-30 11:30:00,34.8411920596,34.8999131698,34.8411920596,34.8999131698,682
51,86,2018-10-30 12:00:00,35.036929093699996,35.036929093699996,35.036929093699996,35.036929093699996,110
52,85,2018-10-30 15:00:00,34.8901263181,34.8901263181,34.880339466399995,34.880339466399995,1293
53,84,2018-10-30 15:30:00,34.8265117821,34.8901263181,34.8216183562,34.880339466399995,2902
54,83,2018-10-30 16:00:00,34.7922578011,35.4969111237,34.7922578011,35.487124271999996,7149
55,82,2018-10-30 16:30:00,35.3403214964,35.3403214964,35.3403214964,35.3403214964,100
56,81,2018-10-31 10:00:00,35.2816003862,35.2816003862,35.2816003862,35.2816003862,200
57,80,2018-10-31 16:00:00,35.2326661277,35.2326661277,35.2326661277,35.2326661277,973
58,79,2018-10-31 16:30:00,35.4381900135,35.4381900135,35.4381900135,35.4381900135,568
59,78,2018-11-01 11:00:00,34.7793391569,34.7793391569,34.7793391569,34.7793391569,330
60,77,2018-11-01 13:00:00,35.1054370556,35.1054370556,34.9586342801,34.9879948352,860
61,76,2018-11-01 14:00:00,35.2424529794,35.2767069604,35.2326661277,35.254686544,849
62,75,2018-11-01 14:30:00,35.2326661277,35.2718135345,35.2326661277,35.2669201087,486
63,74,2018-11-01 15:00:00,35.262026682800006,35.262026682800006,35.262026682800006,35.262026682800006,178
64,73,2018-11-01 15:30:00,35.2718135345,35.3109609413,35.2718135345,35.3109609413,677
65,72,2018-11-01 16:00:00,35.2424529794,35.3794689032,35.2375595536,35.3794689032,1010
66,71,2018-11-02 10:30:00,35.134797610700005,35.134797610700005,35.134797610700005,35.134797610700005,576
67,70,2018-11-02 11:30:00,35.783959484099995,35.783959484099995,35.7317955645,35.7317955645,899
68,69,2018-11-02 13:00:00,35.2522398311,35.2522398311,35.2522398311,35.2522398311,201
69,68,2018-11-02 13:30:00,34.9048065957,34.9048065957,34.9048065957,34.9048065957,100
70,67,2018-11-02 15:30:00,34.6797090065,34.9243802991,34.6797090065,34.850978911300004,340
71,66,2018-11-02 16:00:00,34.4937588242,34.6846024324,34.4252508623,34.6846024324,1341
72,65,2018-11-02 16:30:00,34.586733915399996,34.586733915399996,34.586733915399996,34.586733915399996,100
73,64,2018-11-05 10:30:00,34.5916273412,35.3026421174,34.5916273412,35.3026421174,510
74,63,2018-11-05 11:00:00,35.0196063662,35.0196063662,35.0196063662,35.0196063662,400
75,62,2018-11-05 12:00:00,35.2913872379,35.2913872379,35.2913872379,35.2913872379,100
76,61,2018-11-05 13:00:00,35.0956502039,35.0956502039,35.0956502039,35.0956502039,100
77,60,2018-11-05 15:30:00,35.0858633522,35.0858633522,35.0858633522,35.0858633522,200
78,59,2018-11-05 16:00:00,35.0858633522,35.0858633522,35.0858633522,35.0858633522,500
79,58,2018-11-06 16:00:00,34.3127020677,35.2326661277,34.2441941058,35.2326661277,816
80,57,2018-11-07 10:00:00,33.9310148513,34.762897246,33.9310148513,34.762897246,364
81,56,2018-11-07 11:00:00,35.027142242,35.4381900135,35.027142242,35.4381900135,723
82,55,2018-11-07 11:30:00,35.594779640700004,35.741582416199996,35.594779640700004,35.741582416199996,410
83,54,2018-11-07 12:00:00,35.9666800054,35.9666800054,35.9666800054,35.9666800054,307
84,53,2018-11-07 12:30:00,36.1036959292,36.266353404499995,36.1036959292,36.266353404499995,300
85,52,2018-11-07 13:00:00,36.2602855564,36.2602855564,36.2113512979,36.2113512979,1687
86,51,2018-11-07 13:30:00,36.4168751837,36.4168751837,36.4168751837,36.4168751837,120
87,50,2018-11-07 14:00:00,36.2309250013,36.3164620852,36.2309250013,36.3164620852,289
88,49,2018-11-07 14:30:00,36.456022590500005,36.4755962939,36.4364488871,36.4755962939,1411
89,48,2018-11-07 15:30:00,36.6102633733,36.6909070313,36.6102633733,36.6909070313,242
90,47,2018-11-07 16:00:00,36.700693883,36.700693883,36.456022590500005,36.524530552399995,2149
91,46,2018-11-08 10:00:00,37.1900364681,38.1687216384,37.1900364681,37.9803247431,3800
92,45,2018-11-08 10:30:00,37.9289437717,39.4127283582,37.9289437717,39.4127283582,8095
93,44,2018-11-08 11:30:00,39.7932411524,39.7932411524,39.6886197077,39.6886197077,881
94,43,2018-11-08 12:00:00,39.6954705039,39.6954705039,39.137619956900004,39.1474068086,2972
95,42,2018-11-08 12:30:00,38.8684815351,39.1474068086,38.8684815351,38.8684815351,600
96,41,2018-11-08 13:00:00,38.7707108866,38.7707108866,38.1687216384,38.310630988,1949
97,40,2018-11-08 14:00:00,38.2861638588,38.2861638588,38.2861638588,38.2861638588,308
98,39,2018-11-08 14:30:00,38.1857507603,38.2665901554,38.1857507603,38.2665901554,750
99,38,2018-11-08 15:00:00,38.2812704329,38.398712653400004,38.2812704329,38.398712653400004,200
100,37,2018-11-08 15:30:00,38.4036060792,38.4133929309,38.3006483993,38.3006483993,2827
101,36,2018-11-08 16:00:00,38.2065967544,38.550408854699995,38.1687216384,38.1980821935,6219
102,35,2018-11-09 10:00:00,38.4819008928,38.4819008928,38.149147935,38.149147935,248
103,34,2018-11-09 10:30:00,38.1687216384,38.1687216384,38.1687216384,38.1687216384,801
104,33,2018-11-09 12:30:00,38.1687216384,38.1687216384,38.1687216384,38.1687216384,1005
105,32,2018-11-09 14:00:00,38.1687216384,38.2120773914,38.0317057145,38.2120773914,604
106,31,2018-11-09 14:30:00,38.1687216384,38.1687216384,38.1687216384,38.1687216384,146
107,30,2018-11-09 15:00:00,38.0317057145,38.0317057145,38.0317057145,38.0317057145,100
108,29,2018-11-09 15:30:00,38.2525949574,38.2959507105,38.1687216384,38.2959507105,890
109,28,2018-11-09 16:00:00,38.212762471,38.212762471,38.1687216384,38.2078690452,1451
110,27,2018-11-12 10:00:00,38.3155244139,38.3155244139,38.3155244139,38.3155244139,133
111,26,2018-11-12 12:30:00,38.1687216384,38.1687216384,38.1687216384,38.1687216384,101
112,25,2018-11-12 13:00:00,37.8946897907,37.8946897907,37.8946897907,37.8946897907,108
113,24,2018-11-12 13:30:00,37.8555423839,37.8555423839,37.8555423839,37.8555423839,157
114,23,2018-11-12 14:30:00,37.777247570300005,37.777247570300005,37.777247570300005,37.777247570300005,202
115,22,2018-11-12 15:00:00,37.7185264601,37.884902939,37.7185264601,37.884902939,700
116,21,2018-11-12 16:00:00,37.689165905,37.9240503458,37.679379053299996,37.679379053299996,837
117,20,2018-11-13 11:30:00,38.3998870756,38.4036060792,38.1687216384,38.261696729499995,3740
118,19,2018-11-13 12:00:00,38.237229600300005,38.237229600300005,38.237229600300005,38.237229600300005,250
119,18,2018-11-13 12:30:00,38.2665901554,38.4036060792,38.2665901554,38.4036060792,592
120,17,2018-11-13 13:00:00,38.3840323758,38.3840323758,38.3840323758,38.3840323758,100
121,16,2018-11-13 13:30:00,38.3742455241,38.3742455241,38.3546718207,38.3546718207,236
122,15,2018-11-13 14:00:00,38.149147935,38.1687216384,38.0610662696,38.1687216384,2599
123,14,2018-11-13 14:30:00,38.1980821935,38.1980821935,38.1980821935,38.1980821935,200
124,13,2018-11-13 15:00:00,38.1980821935,38.1980821935,38.1980821935,38.1980821935,100
125,12,2018-11-13 15:30:00,38.237229600300005,38.247016452,37.9240503458,38.1980821935,592
126,11,2018-11-13 16:00:00,38.4036060792,38.6287036684,38.1785084901,38.2959507105,1251
127,10,2018-11-14 10:00:00,38.9908171813,38.9908171813,37.6989527567,38.4280732085,400
128,9,2018-11-14 10:30:00,37.743874405999996,38.4957982222,37.6598053498,38.237229600300005,685
129,8,2018-11-14 11:30:00,38.1095111856,38.1095111856,38.1095111856,38.1095111856,257
130,7,2018-11-14 12:00:00,37.6108710913,37.6108710913,37.6108710913,37.6108710913,100
131,6,2018-11-14 12:30:00,37.6010842396,37.6010842396,37.6010842396,37.6010842396,100
132,5,2018-11-14 13:00:00,37.8702226614,37.8702226614,37.8702226614,37.8702226614,102
133,4,2018-11-14 14:00:00,37.4444946124,37.4444946124,37.4444946124,37.4444946124,101
134,3,2018-11-14 14:30:00,37.0040862858,37.0040862858,37.0040862858,37.0040862858,100
135,2,2018-11-14 15:00:00,36.734947864,36.916004620500004,36.734947864,36.916004620500004,460
136,1,2018-11-14 15:30:00,36.9551520273,37.3368392437,36.9551520273,37.3368392437,376
137,0,2018-11-14 16:00:00,37.1166350804,37.1166350804,36.8572835103,36.8572835103,1607
138,140,2018-11-15 16:00:00,36.2167340664,37.3368392437,36.0254011156,36.700693883,5448
139,139,2018-11-15 16:30:00,36.808349251799996,36.808349251799996,36.808349251799996,36.808349251799996,200
140,138,2018-11-16 10:00:00,36.6615464762,36.6615464762,36.6615464762,36.6615464762,1352
141,137,2018-11-16 11:30:00,36.8841973525,36.8841973525,36.8841973525,36.8841973525,234
142,136,2018-11-16 12:30:00,37.1802496164,37.1900364681,37.1753561906,37.1900364681,301
143,135,2018-11-16 13:30:00,37.0921679511,37.0921679511,37.0823810994,37.0823810994,908
144,134,2018-11-16 14:00:00,37.0921679511,37.0921679511,36.8964309171,36.8964309171,400
145,133,2018-11-16 14:30:00,37.0921679511,37.0921679511,37.0921679511,37.0921679511,402
146,132,2018-11-16 15:00:00,37.0921679511,37.0921679511,37.0725942477,37.0823810994,384
147,131,2018-11-16 16:00:00,37.0823810994,37.160675913,36.9453651756,37.0138731375,2797
148,130,2018-11-16 16:30:00,37.0725942477,37.0725942477,37.0725942477,37.0725942477,100
149,129,2018-11-19 14:30:00,36.3875146286,36.3875146286,36.3875146286,36.3875146286,159
150,128,2018-11-19 15:30:00,37.0823810994,37.2487575784,37.0823810994,37.1411022096,785
151,127,2018-11-19 16:00:00,37.199823319800004,37.199823319800004,36.7985624001,36.9942994341,2669
152,126,2018-11-20 14:30:00,36.808349251799996,36.9942994341,36.808349251799996,36.9845125824,647
153,125,2018-11-20 15:00:00,36.749628141500004,36.749628141500004,36.749628141500004,36.749628141500004,100
154,124,2018-11-20 15:30:00,37.0040862858,37.0040862858,36.9747257307,36.9747257307,233
155,123,2018-11-20 16:00:00,36.808349251799996,36.9942994341,36.700693883,36.9942994341,965
156,122,2018-11-20 16:30:00,36.7300544381,36.7300544381,36.7300544381,36.7300544381,108
157,121,2018-11-21 12:00:00,37.1120352601,37.1120352601,37.1120352601,37.1120352601,268
158,120,2018-11-21 13:00:00,37.1900364681,37.3368392437,37.1900364681,37.3368392437,609
159,119,2018-11-21 13:30:00,37.4053472056,37.4053472056,37.4053472056,37.4053472056,104
160,118,2018-11-21 14:00:00,37.0040862858,37.0040862858,37.0040862858,37.0040862858,102
161,117,2018-11-21 15:30:00,37.787034422,37.787034422,37.787034422,37.787034422,100
162,116,2018-11-21 16:00:00,37.679379053299996,37.679379053299996,37.3172655403,37.3172655403,939
163,115,2018-11-23 13:00:00,36.6126122177,36.6126122177,36.6126122177,36.6126122177,236
164,114,2018-11-23 13:30:00,36.700693883,36.700693883,36.700693883,36.700693883,795
165,113,2018-11-26 10:00:00,36.749628141500004,36.749628141500004,36.749628141500004,36.749628141500004,397
166,112,2018-11-26 10:30:00,37.1529443002,37.1529443002,37.1529443002,37.1529443002,151
167,111,2018-11-26 11:00:00,37.1740838999,37.1740838999,37.1740838999,37.1740838999,209
168,110,2018-11-26 11:30:00,36.9062177688,37.275671420500004,36.9062177688,37.2262478194,613
169,109,2018-11-26 12:00:00,37.2041295346,37.2041295346,37.1569569094,37.1569569094,295
170,108,2018-11-26 12:30:00,37.369233722800004,37.369233722800004,37.2879049852,37.3167761977,557
171,107,2018-11-26 13:00:00,36.9667005123,37.2879049852,36.9667005123,37.2879049852,300
172,106,2018-11-26 14:00:00,36.7300544381,36.7300544381,36.7300544381,36.7300544381,100
173,105,2018-11-26 15:00:00,37.3759866505,37.3759866505,37.3759866505,37.3759866505,102
174,104,2018-11-26 16:00:00,37.3074786886,37.3074786886,37.2389707267,37.2389707267,1191
175,103,2018-11-27 16:00:00,37.1411022096,37.2487575784,37.1411022096,37.2487575784,652
176,102,2018-11-28 12:00:00,37.1900364681,37.1900364681,37.1900364681,37.1900364681,425
177,101,2018-11-28 12:30:00,37.1900364681,37.1900364681,37.1900364681,37.1900364681,288
178,100,2018-11-28 13:00:00,37.4347077607,37.4347077607,37.4347077607,37.4347077607,100
179,99,2018-11-28 13:30:00,37.8163949771,38.2959507105,37.8163949771,38.2959507105,716
180,98,2018-11-28 14:00:00,38.8538012575,38.8538012575,38.0121320111,38.0121320111,891
181,97,2018-11-28 15:00:00,37.679379053299996,37.7087396084,37.6598053498,37.679379053299996,952
182,96,2018-11-28 15:30:00,37.650018498099996,37.679379053299996,37.650018498099996,37.679379053299996,774
183,95,2018-11-28 16:00:00,37.679379053299996,37.679379053299996,37.2389707267,37.6598053498,2040
184,94,2018-11-29 10:00:00,37.513002574299996,37.679379053299996,37.513002574299996,37.679379053299996,1121
185,93,2018-11-29 12:00:00,37.6695922015,37.679379053299996,37.6695922015,37.679379053299996,864
186,92,2018-11-29 12:30:00,37.679379053299996,37.679379053299996,37.679379053299996,37.679379053299996,3000
187,91,2018-11-29 13:00:00,37.679379053299996,37.679379053299996,37.679379053299996,37.679379053299996,531
188,90,2018-11-29 13:30:00,37.8555423839,37.8555423839,37.7427978523,37.7427978523,300
189,89,2018-11-29 14:00:00,37.7087396084,37.8653292356,37.679379053299996,37.8653292356,2450
190,88,2018-11-29 14:30:00,37.8751160873,37.8751160873,37.8751160873,37.8751160873,100
191,87,2018-11-29 15:00:00,37.8751160873,37.972984604299995,37.7576738669,37.7576738669,3405
192,86,2018-11-29 16:00:00,37.5325762777,37.791927847800004,37.5325762777,37.7185264601,1820
193,85,2018-11-30 10:00:00,37.8261818288,37.8261818288,37.8261818288,37.8261818288,506
194,84,2018-11-30 10:30:00,37.777247570300005,37.777247570300005,37.777247570300005,37.777247570300005,300
195,83,2018-11-30 11:00:00,37.7674607186,37.787034422,37.7674607186,37.777247570300005,1072
196,82,2018-11-30 11:30:00,38.1687216384,38.1687216384,38.1687216384,38.1687216384,100
197,81,2018-11-30 12:00:00,37.6598053498,37.9240503458,37.6598053498,37.9240503458,1750
198,80,2018-11-30 12:30:00,37.679379053299996,37.766775639,37.654911924000004,37.679379053299996,2590
199,79,2018-11-30 14:00:00,37.7576738669,37.7796942832,37.7576738669,37.7796942832,3100
200,78,2018-11-30 14:30:00,38.0219188628,38.0219188628,37.777247570300005,37.777247570300005,1447
201,77,2018-11-30 15:00:00,37.8751160873,37.8751160873,37.8751160873,37.8751160873,100
202,76,2018-11-30 15:30:00,37.9338371975,38.0610662696,37.9338371975,38.0610662696,600
203,75,2018-11-30 16:00:00,38.1589347867,38.1687216384,37.6695922015,38.0219188628,821
204,74,2018-11-30 16:30:00,37.6695922015,37.6695922015,37.6695922015,37.6695922015,251
205,73,2018-12-03 10:00:00,38.149147935,38.149147935,38.149147935,38.149147935,413
206,72,2018-12-03 10:30:00,37.9289437717,37.9289437717,37.9289437717,37.9289437717,500
207,71,2018-12-03 11:00:00,37.8261818288,37.8261818288,37.8261818288,37.8261818288,3878
208,70,2018-12-03 11:30:00,37.8359686805,37.8359686805,37.787034422,37.8261818288,722
209,69,2018-12-03 12:00:00,37.620657943000005,37.620657943000005,37.6108710913,37.620657943000005,790
210,68,2018-12-03 12:30:00,37.654911924000004,37.654911924000004,37.650018498099996,37.650018498099996,400
211,67,2018-12-03 13:00:00,37.6353382206,37.6353382206,37.6353382206,37.6353382206,100
212,66,2018-12-03 13:30:00,37.6353382206,37.650018498099996,37.6353382206,37.650018498099996,224
213,65,2018-12-03 14:00:00,37.6695922015,37.6695922015,37.6695922015,37.6695922015,200
214,64,2018-12-03 14:30:00,37.6598053498,37.679379053299996,37.6598053498,37.679379053299996,721
215,63,2018-12-03 15:00:00,37.679379053299996,37.679379053299996,37.679379053299996,37.679379053299996,100
216,62,2018-12-03 15:30:00,37.679379053299996,37.679379053299996,37.679379053299996,37.679379053299996,734
217,61,2018-12-03 16:00:00,37.8066081254,38.0121320111,37.7283133118,37.9044766424,6134
218,60,2018-12-04 10:00:00,37.7087396084,37.7087396084,37.7087396084,37.7087396084,100
219,59,2018-12-04 12:00:00,38.204835121100004,38.204835121100004,38.204835121100004,38.204835121100004,100
220,58,2018-12-04 12:30:00,38.3008441363,38.3008441363,38.3008441363,38.3008441363,100
221,57,2018-12-04 13:00:00,37.8751160873,37.8751160873,37.7019866807,37.7019866807,451
222,56,2018-12-04 13:30:00,38.237229600300005,38.237229600300005,38.237229600300005,38.237229600300005,100
223,55,2018-12-04 14:00:00,38.2665901554,38.2665901554,38.2665901554,38.2665901554,100
224,54,2018-12-04 14:30:00,38.2861638588,38.2861638588,38.2861638588,38.2861638588,200
225,53,2018-12-04 15:00:00,38.2078690452,38.2078690452,37.8918516037,37.8918516037,220
226,52,2018-12-04 16:00:00,38.0855333989,38.2274427486,37.7087396084,37.7087396084,1142
227,51,2018-12-04 16:30:00,37.6989527567,37.6989527567,37.6989527567,37.6989527567,173
228,50,2018-12-06 10:00:00,37.679379053299996,37.7087396084,37.679379053299996,37.679379053299996,3946
229,49,2018-12-06 10:30:00,37.679379053299996,37.679379053299996,37.679379053299996,37.679379053299996,2418
230,48,2018-12-06 12:00:00,37.0725942477,37.0725942477,36.7398412898,37.043233692600005,306
231,47,2018-12-06 12:30:00,36.700693883,36.9453651756,36.700693883,36.9453651756,1237
232,46,2018-12-06 13:00:00,37.1802496164,37.1802496164,37.1802496164,37.1802496164,100
233,45,2018-12-06 13:30:00,37.1215285062,37.1215285062,37.1215285062,37.1215285062,300
234,44,2018-12-06 14:00:00,37.1900364681,37.1900364681,37.1900364681,37.1900364681,100
235,43,2018-12-06 14:30:00,37.160675913,37.1802496164,37.062807396,37.1802496164,833
236,42,2018-12-06 15:00:00,37.1900364681,37.2096101715,37.1900364681,37.2096101715,500
237,41,2018-12-06 15:30:00,37.4542814641,37.4542814641,37.4542814641,37.4542814641,206
238,40,2018-12-06 16:00:00,37.4444946124,37.4444946124,37.4347077607,37.4347077607,588
239,39,2018-12-06 16:30:00,37.4444946124,37.4444946124,37.4444946124,37.4444946124,442
240,38,2018-12-07 10:00:00,37.4444946124,37.4444946124,37.4444946124,37.4444946124,104
241,37,2018-12-07 12:00:00,36.906511374299996,36.906511374299996,36.906511374299996,36.906511374299996,148
242,36,2018-12-07 13:30:00,37.7231262804,37.7231262804,37.7231262804,37.7231262804,167
243,35,2018-12-07 14:00:00,37.7968212737,37.7968212737,37.7968212737,37.7968212737,102
244,34,2018-12-07 16:00:00,38.0404160125,38.0404160125,37.3172655403,37.8555423839,1224
245,33,2018-12-10 10:00:00,37.884902939,37.884902939,37.884902939,37.884902939,696
246,32,2018-12-10 13:00:00,37.327052392,37.5619368328,37.327052392,37.5619368328,200
247,31,2018-12-10 15:00:00,37.9142634941,37.9142634941,37.2239968436,37.5717236845,1300
248,30,2018-12-10 15:30:00,37.5815105362,37.5815105362,37.5619368328,37.5717236845,1200
249,29,2018-12-10 16:00:00,37.6695922015,37.679379053299996,37.1900364681,37.679379053299996,2030
250,28,2018-12-11 10:00:00,38.0414925662,38.3057375622,38.0219188628,38.0219188628,1180
251,27,2018-12-11 10:30:00,38.2665901554,38.2665901554,38.2665901554,38.2665901554,115
252,26,2018-12-11 11:30:00,38.3155244139,38.3155244139,38.3155244139,38.3155244139,100
253,25,2018-12-11 15:30:00,37.8163949771,37.8163949771,37.8163949771,37.8163949771,100
254,24,2018-12-11 16:00:00,37.7381001635,37.811501551199996,37.679379053299996,37.679379053299996,867
255,23,2018-12-12 13:00:00,37.9044766424,37.9240503458,37.9044766424,37.9240503458,454
256,22,2018-12-12 13:30:00,37.9240503458,37.982771456,37.850648958,37.9534109009,3760
257,21,2018-12-12 14:00:00,37.7087396084,37.7087396084,37.7087396084,37.7087396084,100
258,20,2018-12-12 14:30:00,37.777247570300005,37.777247570300005,37.679379053299996,37.679379053299996,200
259,19,2018-12-12 15:30:00,37.679379053299996,37.795548983,37.679379053299996,37.795548983,1015
260,18,2018-12-12 16:00:00,37.8359686805,37.8359686805,37.679379053299996,37.679379053299996,821
261,17,2018-12-13 12:30:00,37.2885900648,37.2885900648,37.2885900648,37.2885900648,115
262,16,2018-12-13 13:00:00,37.3008236294,37.3008236294,37.3008236294,37.3008236294,128
263,15,2018-12-13 15:30:00,38.0121320111,38.0121320111,38.0121320111,38.0121320111,128
264,14,2018-12-13 16:00:00,37.679379053299996,37.679379053299996,37.679379053299996,37.679379053299996,3935
265,13,2018-12-13 16:30:00,37.5815105362,37.5815105362,37.5815105362,37.5815105362,129
266,12,2018-12-14 10:00:00,38.0219188628,38.0219188628,38.0219188628,38.0219188628,665
267,11,2018-12-14 11:00:00,37.7674607186,37.7674607186,37.7674607186,37.7674607186,100
268,10,2018-12-14 11:30:00,37.485599389499995,37.485599389499995,37.4444946124,37.4444946124,1000
269,9,2018-12-14 12:00:00,37.3564129471,37.3564129471,37.3564129471,37.3564129471,100
270,8,2018-12-14 12:30:00,37.4347077607,37.4347077607,37.4347077607,37.4347077607,690
271,7,2018-12-14 13:00:00,37.424920909,37.424920909,37.424920909,37.424920909,339
272,6,2018-12-14 13:30:00,37.3074786886,37.3074786886,37.3074786886,37.3074786886,200
273,5,2018-12-14 14:00:00,37.3172655403,37.3172655403,37.3172655403,37.3172655403,300
274,4,2018-12-14 14:30:00,37.1900364681,37.1900364681,37.1900364681,37.1900364681,2541
275,3,2018-12-14 15:00:00,37.1313153579,37.1313153579,37.1313153579,37.1313153579,100
276,2,2018-12-14 15:30:00,36.8974096023,37.0809130717,36.8974096023,37.0809130717,838
277,1,2018-12-14 16:00:00,37.0823810994,37.199823319800004,36.8964309171,36.9551520273,7666
278,0,2018-12-14 16:30:00,36.9747257307,36.9747257307,36.9747257307,36.9747257307,300
279,133,2018-12-17 10:00:00,36.5538911075,36.9691472252,36.5538911075,36.9691472252,765
280,132,2018-12-17 12:30:00,37.2879049852,37.2879049852,36.8474966586,36.8474966586,360
281,131,2018-12-17 13:30:00,36.945463044099995,37.1411022096,36.945463044099995,37.1411022096,226
282,130,2018-12-17 14:00:00,37.1019548028,37.1019548028,37.0921679511,37.1019548028,350
283,129,2018-12-17 14:30:00,37.0530205443,37.1900364681,37.0530205443,37.1900364681,589
284,128,2018-12-17 15:00:00,37.160675913,37.160675913,37.160675913,37.160675913,100
285,127,2018-12-17 16:00:00,37.043233692600005,37.0725942477,36.9453651756,36.9551520273,2074
286,126,2018-12-18 10:00:00,37.7381001635,38.1197873798,36.749628141500004,38.1197873798,700
287,125,2018-12-18 10:30:00,38.0610662696,38.0610662696,37.9240503458,38.0121320111,1875
288,124,2018-12-18 11:00:00,37.972984604299995,37.972984604299995,37.4347077607,37.522789425999996,1700
289,123,2018-12-18 11:30:00,37.385773502199996,37.7234198859,37.1941469459,37.2879049852,1493
290,122,2018-12-18 12:00:00,37.6598053498,37.6598053498,37.5717236845,37.5717236845,420
291,121,2018-12-18 13:30:00,37.1313153579,37.2869263,37.1019548028,37.2389707267,2300
292,120,2018-12-18 14:00:00,37.493428870900004,37.493428870900004,37.2340773008,37.2340773008,500
293,119,2018-12-18 14:30:00,37.4836420192,37.4836420192,37.4053472056,37.4053472056,912
294,118,2018-12-18 15:00:00,37.4053472056,37.4640683158,37.1911130218,37.4640683158,1900
295,117,2018-12-18 15:30:00,37.4542814641,37.8066081254,37.4542814641,37.620657943000005,711
296,116,2018-12-18 16:00:00,37.6108710913,37.6108710913,37.1900364681,37.503215722600004,3399
297,115,2018-12-19 10:30:00,37.131511095,37.131511095,37.131511095,37.131511095,102
298,114,2018-12-19 12:30:00,37.5668302587,37.5668302587,36.964938879,37.5668302587,1002
299,113,2018-12-19 13:00:00,37.5668302587,38.1687216384,36.9747257307,36.9747257307,1230
300,112,2018-12-19 13:30:00,36.9747257307,37.5668302587,36.964938879,37.5668302587,2500
301,111,2018-12-19 14:00:00,37.5668302587,37.5668302587,36.99919286,37.5668302587,1242
302,110,2018-12-19 14:30:00,37.5668302587,37.5668302587,37.062807396,37.062807396,863
303,109,2018-12-19 15:30:00,37.2487575784,37.306500003400004,37.1900364681,37.199823319800004,1415
304,108,2018-12-19 16:00:00,37.1900364681,37.1900364681,37.1900364681,37.1900364681,207
305,107,2018-12-19 16:30:00,37.199823319800004,37.199823319800004,37.199823319800004,37.199823319800004,239
306,106,2018-12-20 10:00:00,37.1411022096,37.1411022096,37.1411022096,37.1411022096,172
307,105,2018-12-20 10:30:00,37.224290449099996,37.224290449099996,37.224290449099996,37.224290449099996,800
308,104,2018-12-20 11:00:00,36.7208547975,36.7208547975,36.7208547975,36.7208547975,600
309,103,2018-12-20 12:30:00,37.0958869548,37.0958869548,37.0958869548,37.0958869548,200
310,102,2018-12-20 13:00:00,36.9453651756,37.3074786886,36.9453651756,36.9453651756,700
311,101,2018-12-20 14:30:00,36.9453651756,36.9453651756,36.9453651756,36.9453651756,300
312,100,2018-12-20 15:00:00,37.2976918369,37.2976918369,36.9453651756,37.2879049852,740
313,99,2018-12-20 16:30:00,37.043233692600005,37.043233692600005,37.043233692600005,37.043233692600005,141
314,98,2018-12-21 10:00:00,36.9747257307,37.1362087838,36.9747257307,37.1362087838,8484
315,97,2018-12-21 10:30:00,36.798170926,36.798170926,36.798170926,36.798170926,326
316,96,2018-12-21 11:30:00,37.1412000782,37.1412000782,37.1412000782,37.1412000782,500
317,95,2018-12-21 12:30:00,37.2096101715,37.2096101715,37.2096101715,37.2096101715,4500
318,94,2018-12-21 13:30:00,37.1900364681,37.1900364681,36.9551520273,36.9551520273,200
319,93,2018-12-21 14:30:00,37.1459956355,37.1459956355,37.1459956355,37.1459956355,100
320,92,2018-12-21 15:30:00,37.327052392,37.327052392,37.327052392,37.327052392,950
321,91,2018-12-21 16:00:00,37.2976918369,37.3074786886,35.849237785,36.2113512979,12901
322,90,2018-12-21 16:30:00,36.201564446199995,36.201564446199995,36.201564446199995,36.201564446199995,927
323,89,2018-12-24 10:00:00,35.9960405605,35.9960405605,35.814005118800004,35.814005118800004,567
324,88,2018-12-24 11:30:00,36.4363510186,36.4363510186,36.4363510186,36.4363510186,348
325,87,2018-12-24 12:30:00,35.9226391727,36.0254011156,35.4381900135,35.4969111237,846
326,86,2018-12-24 13:00:00,35.722008712800005,35.7513692679,35.722008712800005,35.722008712800005,820
327,85,2018-12-24 13:30:00,35.6926481577,35.6926481577,35.6926481577,35.6926481577,784
328,84,2018-12-26 12:00:00,35.5169741697,35.5169741697,35.5169741697,35.5169741697,496
329,83,2018-12-26 13:00:00,35.4479768652,35.4479768652,35.4479768652,35.4479768652,578
330,82,2018-12-26 15:30:00,35.0956502039,35.0956502039,34.7433235426,34.9782079835,3330
331,81,2018-12-26 16:00:00,34.9390605767,35.7122218611,34.9390605767,35.6045664924,2995
332,80,2018-12-27 10:00:00,35.134797610700005,35.456295689099996,35.134797610700005,35.456295689099996,827
333,79,2018-12-27 11:00:00,35.1837318692,35.1837318692,35.0956502039,35.0956502039,1084
334,78,2018-12-27 11:30:00,35.0760765005,35.0760765005,35.0760765005,35.0760765005,101
335,77,2018-12-27 12:00:00,35.0760765005,35.0858633522,34.8934538477,34.8934538477,1696
336,76,2018-12-27 13:00:00,34.8999131698,34.8999131698,34.3895288536,34.3895288536,2430
337,75,2018-12-27 13:30:00,34.3322757711,34.3322757711,34.2637678092,34.2637678092,675
338,74,2018-12-27 14:00:00,33.705917262199996,33.7352778173,33.705917262199996,33.7352778173,307
339,73,2018-12-27 14:30:00,33.6765567071,33.9701622581,33.6765567071,33.9701622581,300
340,72,2018-12-27 15:00:00,34.009309664899995,34.2295138282,34.009309664899995,34.205046699,2249
341,71,2018-12-27 15:30:00,34.2539809575,34.5280128052,34.2539809575,34.2833415126,638
342,70,2018-12-27 16:00:00,34.5084391018,34.8020446528,34.273554660900004,34.8020446528,2931
343,69,2018-12-28 10:00:00,34.6748155807,34.6748155807,34.6748155807,34.6748155807,300
344,68,2018-12-28 12:00:00,34.665028729,35.262026682800006,34.665028729,34.762897246,1363
345,67,2018-12-28 13:30:00,34.555807464000004,34.555807464000004,34.555807464000004,34.555807464000004,200
346,66,2018-12-28 14:00:00,34.6356681739,34.6356681739,34.6356681739,34.6356681739,100
347,65,2018-12-28 14:30:00,34.6454550256,34.6748155807,34.6255877166,34.625881322199994,717
348,64,2018-12-28 15:00:00,34.562266786100004,34.625881322199994,34.562266786100004,34.562266786100004,552
349,63,2018-12-28 15:30:00,34.6160944705,34.6160944705,34.6160944705,34.6160944705,218
350,62,2018-12-28 16:00:00,34.5769470637,34.5857552302,34.4986522501,34.4986522501,1875
351,61,2018-12-31 10:00:00,34.5084391018,34.5084391018,34.5084391018,34.5084391018,106
352,60,2018-12-31 11:30:00,34.4398332713,34.4398332713,34.2572106186,34.2572106186,606
353,59,2018-12-31 12:00:00,34.2539809575,34.3127020677,34.2539809575,34.3127020677,319
354,58,2018-12-31 12:30:00,34.3127020677,34.3127020677,34.3127020677,34.3127020677,100
355,57,2018-12-31 13:00:00,34.3127020677,34.3127020677,34.3127020677,34.3127020677,100
356,56,2018-12-31 13:30:00,34.3127020677,34.4986522501,34.3127020677,34.4986522501,1549
357,55,2018-12-31 14:00:00,34.3518494745,34.400783733000004,34.3518494745,34.400783733000004,807
358,54,2018-12-31 14:30:00,34.3518494745,34.3518494745,34.3518494745,34.3518494745,800
359,53,2018-12-31 16:00:00,34.3518494745,34.4888653984,34.3518494745,34.4340590288,2948
360,52,2019-01-02 10:00:00,34.1365387371,34.1365387371,34.1365387371,34.1365387371,116
361,51,2019-01-02 10:30:00,34.2539809575,34.2539809575,34.2441941058,34.2539809575,482
362,50,2019-01-02 11:00:00,34.2539809575,34.2539809575,34.2539809575,34.2539809575,1329
363,49,2019-01-02 11:30:00,34.2539809575,34.2539809575,34.2539809575,34.2539809575,520
364,48,2019-01-02 12:00:00,34.2539809575,34.2539809575,34.2344072541,34.2344072541,640
365,47,2019-01-02 12:30:00,34.2344072541,34.2539809575,34.1610058663,34.2539809575,5558
366,46,2019-01-02 13:00:00,34.2539809575,34.302915216,34.2539809575,34.302915216,1542
367,45,2019-01-02 14:00:00,34.4888653984,34.9097000215,34.4888653984,34.5377996569,1200
368,44,2019-01-02 15:00:00,34.8411920596,34.8411920596,34.567160212,34.8411920596,1600
369,43,2019-01-02 15:30:00,34.880339466399995,34.880339466399995,34.586733915399996,34.880339466399995,600
370,42,2019-01-02 16:00:00,34.7582974257,34.8411920596,34.5965207671,34.8411920596,689
371,41,2019-01-03 10:00:00,34.4595048432,35.0760765005,34.4595048432,35.0760765005,269
372,40,2019-01-03 10:30:00,35.5654190856,35.5654190856,35.5654190856,35.5654190856,100
373,39,2019-01-03 11:30:00,35.0514136342,35.0514136342,35.0514136342,35.0514136342,297
374,38,2019-01-03 16:00:00,35.5654190856,35.5654190856,35.5654190856,35.5654190856,277
375,37,2019-01-04 10:00:00,35.2130924243,35.849237785,35.2130924243,35.849237785,441
376,36,2019-01-04 11:30:00,35.849237785,36.2211381496,35.849237785,36.2211381496,803
377,35,2019-01-04 13:00:00,36.2211381496,36.2211381496,36.2211381496,36.2211381496,135
378,34,2019-01-04 13:30:00,36.4364488871,36.4364488871,36.4364488871,36.4364488871,204
379,33,2019-01-04 14:00:00,36.4364488871,36.4364488871,36.4364488871,36.4364488871,202
380,32,2019-01-04 14:30:00,36.4364488871,36.4364488871,36.1036959292,36.1036959292,339
381,31,2019-01-04 15:00:00,36.700693883,36.700693883,36.700693883,36.700693883,124
382,30,2019-01-04 15:30:00,36.4658094422,36.4658094422,36.456022590500005,36.456022590500005,375
383,29,2019-01-04 16:00:00,36.7300544381,36.916004620500004,36.5538911075,36.583251662600006,1000
384,28,2019-01-04 16:30:00,36.583251662600006,36.583251662600006,36.583251662600006,36.583251662600006,160
385,27,2019-01-07 10:00:00,36.8279229552,37.5423631294,36.8279229552,37.5423631294,1516
386,26,2019-01-07 10:30:00,38.100213676399996,38.100213676399996,38.100213676399996,38.100213676399996,100
387,25,2019-01-07 11:00:00,38.070853121300004,38.070853121300004,38.0561728438,38.0561728438,200
388,24,2019-01-07 11:30:00,37.3173634088,38.070853121300004,37.3173634088,37.4444946124,526
389,23,2019-01-07 12:30:00,37.8744310077,37.8744310077,37.8744310077,37.8744310077,125
390,22,2019-01-07 13:00:00,38.0317057145,38.0317057145,37.4053472056,37.6540311073,1181
391,21,2019-01-07 14:00:00,37.3341967937,37.528270063,37.3341967937,37.528270063,495
392,20,2019-01-07 14:30:00,37.4347077607,37.9240503458,37.333903188200004,37.333903188200004,1224
393,19,2019-01-07 15:00:00,37.439111844,37.4668086343,36.700693883,36.700693883,1850
394,18,2019-01-07 15:30:00,37.268331281799995,37.268331281799995,36.769201845,37.2193970233,401
395,17,2019-01-07 16:00:00,36.9600454531,36.9600454531,36.700693883,36.700693883,443
396,16,2019-01-08 11:30:00,36.4553529776,36.7501401985,36.4553529776,36.7501401985,800
397,15,2019-01-08 12:00:00,36.6892175061,36.6892175061,36.2096969602,36.5732678659,1001
398,14,2019-01-08 13:00:00,36.494657940399996,36.494657940399996,36.2883068858,36.2883068858,200
399,13,2019-01-08 14:00:00,36.475005459,36.475005459,36.1508377785,36.1508377785,600
400,12,2019-01-08 14:30:00,36.475005459,36.475005459,36.475005459,36.475005459,100
401,11,2019-01-08 15:30:00,36.249001923,36.622399069400004,36.249001923,36.622399069400004,719
402,10,2019-01-08 16:00:00,36.602746588,36.622399069400004,36.484831699699996,36.484831699699996,874
403,9,2019-01-09 13:00:00,36.249001923,36.249001923,36.2391756823,36.2391756823,703
404,8,2019-01-09 15:00:00,36.4455267369,36.4455267369,36.1753051178,36.1753051178,202
405,7,2019-01-09 16:00:00,36.1114345533,36.4357004962,36.1114345533,36.1114345533,1764
406,6,2019-01-10 12:00:00,36.0917820719,36.0917820719,36.0917820719,36.0917820719,201
407,5,2019-01-10 12:30:00,36.0917820719,36.0917820719,36.0917820719,36.0917820719,100
408,4,2019-01-10 15:00:00,35.7576898883,35.7576898883,35.7576898883,35.7576898883,201
409,3,2019-01-10 15:30:00,35.9050834987,35.9050834987,35.7282111662,35.7282111662,235
410,2,2019-01-10 16:00:00,35.8657785359,35.8657785359,35.8657785359,35.8657785359,692
411,1,2019-01-11 10:00:00,35.6299487592,35.6299487592,35.6299487592,35.6299487592,125
412,0,2019-01-11 16:00:00,35.1288104838,35.3253352977,35.1288104838,35.2270728908,3513
