,index,time,open,high,low,close,volume
0,250,2020-03-09 10:00:00,5.01,5.1786,4.6499,4.6499,10649
1,249,2020-03-09 10:30:00,4.673,4.8,4.59,4.6001,10279
2,248,2020-03-09 11:00:00,4.6,4.7881,4.6,4.7761,7430
3,247,2020-03-09 11:30:00,4.65,4.9997,4.65,4.9165,6376
4,246,2020-03-09 12:00:00,4.945,4.945,4.85,4.85,8096
5,245,2020-03-09 12:30:00,4.85,4.85,4.6401,4.72,2780
6,244,2020-03-09 13:30:00,4.68,4.86,4.68,4.86,10500
7,243,2020-03-09 14:00:00,4.87,4.9,4.87,4.88,5609
8,242,2020-03-09 14:30:00,4.89,4.9,4.795,4.82,10493
9,241,2020-03-09 15:00:00,4.79,4.89,4.6,4.6,36213
10,240,2020-03-09 15:30:00,4.62,4.62,4.38,4.44,10533
11,239,2020-03-09 16:00:00,4.5193,4.5193,4.45,4.45,700
12,238,2020-03-10 10:00:00,4.57,4.76,4.5680000000000005,4.74,8645
13,237,2020-03-10 10:30:00,4.75,4.8314,4.75,4.81,8771
14,236,2020-03-10 11:00:00,4.83,4.84,4.8,4.8,519
15,235,2020-03-10 11:30:00,4.77,4.79,4.67,4.67,1723
16,234,2020-03-10 12:00:00,4.66,4.74,4.66,4.74,1383
17,233,2020-03-10 13:00:00,4.7199,4.75,4.685,4.74,6340
18,232,2020-03-10 13:30:00,4.74,4.74,4.74,4.74,400
19,231,2020-03-10 14:00:00,4.75,4.75,4.7,4.7,1700
20,230,2020-03-10 14:30:00,4.7034,4.7034,4.7034,4.7034,4000
21,229,2020-03-10 15:00:00,4.7,4.71,4.7,4.71,350
22,228,2020-03-10 15:30:00,4.79,4.8,4.785,4.8,1047
23,227,2020-03-10 16:00:00,4.79,4.83,4.79,4.82,1875
24,226,2020-03-11 10:00:00,4.79,4.85,4.79,4.85,3706
25,225,2020-03-11 10:30:00,4.87,4.875,4.85,4.85,5687
26,224,2020-03-11 11:00:00,4.87,4.8773,4.85,4.85,8025
27,223,2020-03-11 11:30:00,4.89,4.89,4.85,4.85,4216
28,222,2020-03-11 12:00:00,4.7589,4.81,4.7589,4.81,668
29,221,2020-03-11 12:30:00,4.75,4.82,4.75,4.82,907
30,220,2020-03-11 13:00:00,4.82,4.82,4.7362,4.7362,3228
31,219,2020-03-11 13:30:00,4.72,4.72,4.7,4.7,400
32,218,2020-03-11 14:00:00,4.66,4.69,4.56,4.57,5225
33,217,2020-03-11 14:30:00,4.58,4.58,4.5,4.51,3159
34,216,2020-03-11 15:00:00,4.4727,4.51,4.47,4.5,1561
35,215,2020-03-11 15:30:00,4.5,4.53,4.4927,4.53,9182
36,214,2020-03-11 16:00:00,4.5159,4.52,4.46,4.47,711
37,213,2020-03-12 06:00:00,4.4,4.4,4.4,4.4,200
38,212,2020-03-12 10:00:00,4.38,4.39,4.1,4.1,14055
39,211,2020-03-12 10:30:00,4.1228,4.14,4.11,4.14,1618
40,210,2020-03-12 11:00:00,4.17,4.28,4.15,4.19,3318
41,209,2020-03-12 11:30:00,4.1001,4.24,4.07,4.07,32601
42,208,2020-03-12 12:00:00,4.02,4.02,4.0,4.0,602
43,207,2020-03-12 12:30:00,4.0,4.005,4.0,4.005,5960
44,206,2020-03-12 13:00:00,3.92,4.16,3.92,4.085,11071
45,205,2020-03-12 13:30:00,4.085,4.33,4.085,4.33,1339
46,204,2020-03-12 14:30:00,4.36,4.36,4.3187,4.34,5900
47,203,2020-03-12 15:00:00,4.26,4.32,4.18,4.31,2250
48,202,2020-03-12 15:30:00,4.12,4.15,4.12,4.15,1600
49,201,2020-03-12 16:00:00,4.13,4.3,4.1001,4.3,8427
50,200,2020-03-13 10:00:00,4.357,4.39,4.3535,4.37,2945
51,199,2020-03-13 10:30:00,4.4803,4.4803,4.39,4.39,720
52,198,2020-03-13 11:00:00,4.395,4.395,4.3089,4.3089,1611
53,197,2020-03-13 12:00:00,4.2604,4.2604,4.2604,4.2604,937
54,196,2020-03-13 12:30:00,4.22,4.22,4.05,4.06,1362
55,195,2020-03-13 13:30:00,4.04,4.1971,4.035,4.05,1300
56,194,2020-03-13 14:00:00,4.1897,4.2,4.0615,4.13,3100
57,193,2020-03-13 14:30:00,4.165,4.165,4.15,4.15,3630
58,192,2020-03-13 15:00:00,4.15,4.35,4.15,4.35,5315
59,191,2020-03-13 15:30:00,4.235,4.41,4.235,4.38,16581
60,190,2020-03-13 16:00:00,4.36,4.48,4.36,4.48,4127
61,189,2020-03-16 10:00:00,4.2,4.2,3.98,3.98,246
62,188,2020-03-16 10:30:00,3.88,4.37,3.88,4.37,6160
63,187,2020-03-16 11:00:00,4.39,4.5,4.28,4.3078,11054
64,186,2020-03-16 11:30:00,4.5,4.5,4.27,4.44,5550
65,185,2020-03-16 12:00:00,4.45,4.45,4.23,4.24,3485
66,184,2020-03-16 12:30:00,4.32,4.32,4.32,4.32,1302
67,183,2020-03-16 13:00:00,4.315,4.315,4.05,4.05,2680
68,182,2020-03-16 13:30:00,4.14,4.14,4.09,4.09,202
69,181,2020-03-16 14:00:00,4.08,4.08,4.07,4.07,873
70,180,2020-03-16 14:30:00,4.06,4.06,4.0,4.0,11089
71,179,2020-03-16 15:00:00,3.9,3.98,3.88,3.93,3599
72,178,2020-03-16 15:30:00,3.97,4.17,3.89,4.0065,2115
73,177,2020-03-16 16:00:00,4.18,4.18,4.14,4.14,3860
74,176,2020-03-17 10:00:00,4.1473,4.24,4.1473,4.24,810
75,175,2020-03-17 10:30:00,4.13,4.13,3.92,4.06,5405
76,174,2020-03-17 11:30:00,3.95,3.95,3.95,3.95,200
77,173,2020-03-17 12:30:00,4.0675,4.0675,3.8,3.93,11744
78,172,2020-03-17 13:00:00,3.87,3.93,3.8,3.87,12048
79,171,2020-03-17 14:00:00,3.86,3.86,3.86,3.86,100
80,170,2020-03-17 14:30:00,3.8,3.81,3.8,3.81,1567
81,169,2020-03-17 15:00:00,3.8,3.81,3.8,3.81,1500
82,168,2020-03-17 15:30:00,3.8099,3.9095,3.805,3.875,32846
83,167,2020-03-17 16:00:00,3.88,4.08,3.88,4.08,37374
84,166,2020-03-18 10:00:00,3.82,3.84,3.5085,3.51,20658
85,165,2020-03-18 10:30:00,3.51,3.66,3.23,3.245,20708
86,164,2020-03-18 11:00:00,3.245,3.4210000000000003,3.245,3.32,8958
87,163,2020-03-18 11:30:00,3.45,3.46,3.3406,3.43,15700
88,162,2020-03-18 12:00:00,3.4402,3.4402,3.4402,3.4402,665
89,161,2020-03-18 12:30:00,3.4339,3.4339,3.4339,3.4339,300
90,160,2020-03-18 13:00:00,3.505,3.505,3.505,3.505,400
91,159,2020-03-18 13:30:00,3.6,3.6,3.6,3.6,220
92,158,2020-03-18 14:00:00,3.565,3.565,3.565,3.565,210
93,157,2020-03-18 14:30:00,3.52,3.5356,3.52,3.5321,650
94,156,2020-03-18 15:30:00,3.6,3.6,3.57,3.57,786
95,155,2020-03-18 16:00:00,3.56,3.58,3.51,3.58,2926
96,154,2020-03-19 10:00:00,3.67,3.71,3.41,3.71,30220
97,153,2020-03-19 10:30:00,3.59,3.85,3.5,3.85,4550
98,152,2020-03-19 11:00:00,3.84,3.85,3.715,3.715,820
99,151,2020-03-19 11:30:00,3.78,3.78,3.66,3.68,383
100,150,2020-03-19 12:00:00,3.68,3.69,3.5,3.51,4462
101,149,2020-03-19 12:30:00,3.51,3.51,3.51,3.51,290
102,148,2020-03-19 13:00:00,3.32,3.395,3.32,3.395,384
103,147,2020-03-19 13:30:00,3.25,3.25,3.25,3.25,109
104,146,2020-03-19 14:00:00,3.48,3.67,3.48,3.66,20118
105,145,2020-03-19 15:00:00,3.675,3.69,3.6313,3.6313,1062
106,144,2020-03-19 15:30:00,3.65,3.725,3.57,3.7030000000000003,6140
107,143,2020-03-19 16:00:00,3.7,3.755,3.66,3.72,19733
108,142,2020-03-20 10:00:00,3.8427,3.8831,3.8427,3.8831,5844
109,141,2020-03-20 11:30:00,3.85,3.8689999999999998,3.85,3.8689999999999998,2600
110,140,2020-03-20 12:00:00,3.985,3.985,3.97,3.97,430
111,139,2020-03-20 12:30:00,3.89,3.89,3.89,3.89,700
112,138,2020-03-20 13:30:00,3.9499,3.9499,3.9499,3.9499,2475
113,137,2020-03-20 14:00:00,3.87,3.87,3.8,3.8,708
114,136,2020-03-20 14:30:00,3.8537,3.8537,3.8537,3.8537,300
115,135,2020-03-20 15:00:00,3.66,3.71,3.66,3.71,792
116,134,2020-03-20 15:30:00,3.72,3.72,3.6699,3.6699,289
117,133,2020-03-20 16:00:00,3.61,3.61,3.13,3.13,15428
118,132,2020-03-23 10:00:00,3.05,3.13,3.05,3.12,1609
119,131,2020-03-23 10:30:00,3.2359,3.2359,3.2359,3.2359,3000
120,130,2020-03-23 11:00:00,3.1402,3.16,3.11,3.1101,2310
121,129,2020-03-23 11:30:00,3.35,3.35,3.35,3.35,660
122,128,2020-03-23 12:00:00,3.05,3.05,2.7669,2.84,9174
123,127,2020-03-23 12:30:00,2.84,2.84,2.84,2.84,100
124,126,2020-03-23 13:30:00,3.03,3.03,2.84,2.84,4000
125,125,2020-03-23 14:00:00,2.855,2.99,2.855,2.98,1337
126,124,2020-03-23 14:30:00,2.8401,2.92,2.8401,2.92,2655
127,123,2020-03-23 15:30:00,2.89,2.89,2.89,2.89,120
128,122,2020-03-23 16:00:00,2.88,2.89,2.88,2.89,2127
129,121,2020-03-24 10:00:00,3.01,3.41,3.01,3.41,2300
130,120,2020-03-24 10:30:00,3.39,3.39,3.39,3.39,220
131,119,2020-03-24 11:00:00,3.42,3.42,3.41,3.41,929
132,118,2020-03-24 11:30:00,3.23,3.365,3.23,3.365,1813
133,117,2020-03-24 12:00:00,3.3001,3.39,3.3001,3.31,2952
134,116,2020-03-24 12:30:00,3.3,3.31,3.3,3.3,800
135,115,2020-03-24 13:00:00,3.37,3.37,3.37,3.37,200
136,114,2020-03-24 13:30:00,3.3138,3.3138,3.25,3.25,750
137,113,2020-03-24 14:00:00,3.2758,3.295,3.2224,3.2224,300
138,112,2020-03-24 14:30:00,3.2,3.2,3.18,3.18,2004
139,111,2020-03-24 15:00:00,3.21,3.23,3.185,3.185,6408
140,110,2020-03-24 15:30:00,3.21,3.21,3.21,3.21,100
141,109,2020-03-24 16:00:00,3.23,3.23,3.15,3.15,300
142,108,2020-03-25 10:00:00,3.12,3.25,3.12,3.25,1100
143,107,2020-03-25 10:30:00,3.2,3.2,3.2,3.2,297
144,106,2020-03-25 11:00:00,3.25,3.31,3.24,3.29,5143
145,105,2020-03-25 11:30:00,3.34,3.3899,3.33,3.3899,700
146,104,2020-03-25 12:00:00,3.42,3.46,3.42,3.45,1875
147,103,2020-03-25 12:30:00,3.4799,3.4799,3.4799,3.4799,461
148,102,2020-03-25 13:00:00,3.4863,3.5,3.4863,3.5,3109
149,101,2020-03-25 13:30:00,3.5754,3.63,3.5754,3.6004,350
150,100,2020-03-25 14:00:00,3.596,3.63,3.596,3.63,1118
151,99,2020-03-25 14:30:00,3.6,3.6,3.6,3.6,300
152,98,2020-03-25 15:00:00,3.58,3.58,3.51,3.5127,796
153,97,2020-03-25 15:30:00,3.52,3.5799,3.4927,3.53,1667
154,96,2020-03-25 16:00:00,3.49,3.52,3.44,3.47,3130
155,95,2020-03-26 09:00:00,3.47,3.47,3.47,3.47,800
156,94,2020-03-26 10:00:00,3.45,3.45,3.45,3.45,100
157,93,2020-03-26 10:30:00,3.68,3.69,3.64,3.679,2850
158,92,2020-03-26 11:00:00,3.7,3.74,3.7,3.74,550
159,91,2020-03-26 12:00:00,3.81,3.8853,3.75,3.8853,7600
160,90,2020-03-26 13:00:00,3.97,3.97,3.87,3.87,200
161,89,2020-03-26 13:30:00,3.81,3.9872,3.7,3.7,11814
162,88,2020-03-26 14:00:00,3.7,3.7,3.65,3.66,2040
163,87,2020-03-26 14:30:00,3.68,3.71,3.6565,3.6565,5891
164,86,2020-03-26 15:00:00,3.69,3.81,3.68,3.74,6093
165,85,2020-03-26 15:30:00,3.76,3.81,3.72,3.81,700
166,84,2020-03-26 16:00:00,3.75,3.76,3.75,3.76,1255
167,83,2020-03-27 10:00:00,3.8,3.8,3.622,3.64,4651
168,82,2020-03-27 10:30:00,3.64,3.64,3.64,3.64,200
169,81,2020-03-27 11:00:00,3.59,3.61,3.59,3.61,294
170,80,2020-03-27 11:30:00,3.64,3.65,3.64,3.65,1000
171,79,2020-03-27 12:00:00,3.71,3.72,3.71,3.72,887
172,78,2020-03-27 12:30:00,3.69,3.69,3.68,3.68,1148
173,77,2020-03-27 13:00:00,3.72,3.72,3.72,3.72,100
174,76,2020-03-27 14:00:00,3.75,3.75,3.75,3.75,200
175,75,2020-03-27 14:30:00,3.6554,3.74,3.6554,3.74,600
176,74,2020-03-27 15:00:00,3.66,3.74,3.66,3.7,1430
177,73,2020-03-27 16:00:00,3.71,3.77,3.67,3.77,6340
178,72,2020-03-30 10:00:00,3.66,3.66,3.66,3.66,580
179,71,2020-03-30 11:00:00,3.58,3.58,3.48,3.51,1206
180,70,2020-03-30 11:30:00,3.58,3.61,3.53,3.53,1426
181,69,2020-03-30 12:00:00,3.5,3.54,3.5,3.54,313
182,68,2020-03-30 13:00:00,3.495,3.63,3.495,3.54,506
183,67,2020-03-30 13:30:00,3.53,3.565,3.355,3.355,9236
184,66,2020-03-30 14:00:00,3.39,3.42,3.355,3.41,3887
185,65,2020-03-30 14:30:00,3.41,3.41,3.3099,3.41,2440
186,64,2020-03-30 15:00:00,3.41,3.41,3.3954,3.41,1648
187,63,2020-03-30 15:30:00,3.41,3.44,3.4097,3.44,1107
188,62,2020-03-30 16:00:00,3.49,3.49,3.435,3.44,1461
189,61,2020-03-31 10:30:00,3.4587,3.4587,3.4587,3.4587,160
190,60,2020-03-31 14:30:00,3.4069,3.4069,3.4069,3.4069,430
191,59,2020-04-01 10:00:00,3.4,3.4,3.32,3.32,848
192,58,2020-04-01 11:00:00,3.43,3.43,3.24,3.24,598
193,57,2020-04-01 11:30:00,3.3,3.3,3.29,3.3,557
194,56,2020-04-01 12:00:00,3.32,3.33,3.26,3.31,868
195,55,2020-04-01 12:30:00,3.275,3.28,3.275,3.28,200
196,54,2020-04-01 13:00:00,3.25,3.4,3.225,3.26,4482
197,53,2020-04-01 13:30:00,3.31,3.31,3.27,3.27,200
198,52,2020-04-01 14:00:00,3.25,3.27,3.21,3.24,9200
199,51,2020-04-01 14:30:00,3.34,3.34,3.29,3.29,420
200,50,2020-04-01 15:00:00,3.29,3.34,3.26,3.26,3600
201,49,2020-04-01 15:30:00,3.31,3.31,3.26,3.275,500
202,48,2020-04-01 16:00:00,3.2682,3.33,3.24,3.25,21030
203,47,2020-04-02 10:00:00,3.12,3.26,3.12,3.25,2301
204,46,2020-04-02 10:30:00,3.23,3.23,3.23,3.23,624
205,45,2020-04-02 11:00:00,3.28,3.32,3.18,3.2641,983
206,44,2020-04-02 11:30:00,3.255,3.255,3.195,3.195,2108
207,43,2020-04-02 12:00:00,3.21,3.2199,3.1906,3.2199,794
208,42,2020-04-02 12:30:00,3.2086,3.23,3.2086,3.215,2350
209,41,2020-04-02 13:00:00,3.215,3.23,3.165,3.195,5897
210,40,2020-04-02 13:30:00,3.195,3.23,3.02,3.07,18262
211,39,2020-04-02 14:00:00,3.0679,3.09,3.0,3.07,4999
212,38,2020-04-02 14:30:00,3.15,3.1619,3.02,3.03,4998
213,37,2020-04-02 15:00:00,3.11,3.11,2.8,2.99,14106
214,36,2020-04-02 15:30:00,3.03,3.05,2.86,3.05,7310
215,35,2020-04-02 16:00:00,3.045,3.1358,3.01,3.01,2306
216,34,2020-04-03 10:00:00,3.0238,3.03,3.0203,3.03,956
217,33,2020-04-03 10:30:00,3.0581,3.0780000000000003,3.05,3.07,1870
218,32,2020-04-03 11:00:00,3.09,3.155,3.07,3.13,2584
219,31,2020-04-03 11:30:00,3.105,3.145,3.105,3.13,2286
220,30,2020-04-03 12:00:00,3.135,3.14,3.13,3.14,1214
221,29,2020-04-03 12:30:00,3.13,3.145,3.13,3.145,811
222,28,2020-04-03 13:00:00,3.135,3.17,3.135,3.15,1064
223,27,2020-04-03 13:30:00,3.14,3.235,3.11,3.19,2639
224,26,2020-04-03 14:00:00,3.2,3.21,3.185,3.21,4086
225,25,2020-04-03 14:30:00,3.215,3.23,3.215,3.23,1028
226,24,2020-04-03 15:00:00,3.24,3.24,3.23,3.24,1144
227,23,2020-04-03 15:30:00,3.25,3.4397,3.24,3.39,6715
228,22,2020-04-03 16:00:00,3.39,3.5,3.25,3.5,5114
229,21,2020-04-06 10:00:00,3.73,3.85,3.7,3.7,3174
230,20,2020-04-06 10:30:00,3.66,3.74,3.6,3.65,3166
231,19,2020-04-06 11:00:00,3.64,3.655,3.6,3.6,814
232,18,2020-04-06 13:00:00,3.59,3.59,3.59,3.59,100
233,17,2020-04-06 13:30:00,3.5582,3.5582,3.51,3.51,3670
234,16,2020-04-06 14:00:00,3.515,3.54,3.5027,3.52,1060
235,15,2020-04-06 14:30:00,3.5,3.5,3.305,3.41,7504
236,14,2020-04-06 15:00:00,3.398,3.4427,3.398,3.4427,1143
237,13,2020-04-06 15:30:00,3.47,3.47,3.44,3.47,501
238,12,2020-04-06 16:00:00,3.45,3.49,3.3,3.3,3954
239,11,2020-04-07 10:00:00,3.41,3.6,3.41,3.6,1234
240,10,2020-04-07 10:30:00,3.69,3.775,3.68,3.72,6126
241,9,2020-04-07 11:00:00,3.72,3.7527,3.68,3.7,6257
242,8,2020-04-07 11:30:00,3.62,3.73,3.6101,3.67,8000
243,7,2020-04-07 12:30:00,3.71,3.7199,3.69,3.7146,4310
244,6,2020-04-07 13:00:00,3.73,3.7880000000000003,3.73,3.77,5394
245,5,2020-04-07 13:30:00,3.75,3.75,3.74,3.74,300
246,4,2020-04-07 14:00:00,3.75,3.75,3.7,3.7,11417
247,3,2020-04-07 14:30:00,3.67,3.6901,3.67,3.69,701
248,2,2020-04-07 15:00:00,3.7,3.7,3.55,3.552,9307
249,1,2020-04-07 15:30:00,3.58,3.67,3.54,3.6,6961
250,0,2020-04-07 16:00:00,3.65,3.6883,3.44,3.46,8628
