,index,time,open,high,low,close,volume
0,129,2019-10-11 10:00:00,7.075652927339999,7.115144943680001,7.075652927339999,7.114370590419999,3498
1,128,2019-10-11 11:30:00,7.1336326278,7.1336326278,7.1336326278,7.1336326278,1000
2,127,2019-10-11 12:00:00,7.1336326278,7.1336326278,7.1336326278,7.1336326278,503
3,126,2019-10-11 13:00:00,7.114370590419999,7.114370590419999,7.114370590419999,7.114370590419999,1000
4,125,2019-10-11 13:30:00,7.133729421960001,7.133729421960001,7.114370590419999,7.11688723852,6500
5,124,2019-10-11 15:30:00,7.124050006189999,7.124050006189999,7.124050006189999,7.124050006189999,100
6,123,2019-10-11 16:00:00,7.124050006189999,7.124050006189999,7.114370590419999,7.124050006189999,1634
7,122,2019-10-14 10:00:00,7.075652927339999,7.075652927339999,7.075652927339999,7.075652927339999,324
8,121,2019-10-14 12:00:00,7.075652927339999,7.10207773239,7.0661670998899995,7.101690555760001,3902
9,120,2019-10-14 13:00:00,7.09326946404,7.09326946404,7.09317266988,7.09317266988,251
10,119,2019-10-14 16:00:00,7.09501175888,7.108562940960001,7.09501175888,7.09501175888,604
11,118,2019-10-15 10:00:00,7.172447085039999,7.172447085039999,7.172447085039999,7.172447085039999,3000
12,117,2019-10-15 11:00:00,7.20148533234,7.20148533234,7.193064240619999,7.201388538189999,13964
13,116,2019-10-15 11:30:00,7.20632504023,7.20632504023,7.20148533234,7.20148533234,3568
14,115,2019-10-15 12:00:00,7.19316103478,7.19316103478,7.19316103478,7.19316103478,1416
15,114,2019-10-15 12:30:00,7.182126500800001,7.196645624460001,7.182126500800001,7.182126500800001,1250
16,113,2019-10-15 13:00:00,7.182126500800001,7.182126500800001,7.182126500800001,7.182126500800001,100
17,112,2019-10-15 14:30:00,7.196645624460001,7.196645624460001,7.196645624460001,7.196645624460001,100
18,111,2019-10-15 15:00:00,7.196645624460001,7.196645624460001,7.191805916569999,7.191805916569999,1700
19,110,2019-10-15 16:00:00,7.20148533234,7.20148533234,7.182126500800001,7.182126500800001,6838
20,109,2019-10-16 09:30:00,7.20148533234,7.211164748110001,7.20148533234,7.211164748110001,1500
21,108,2019-10-16 10:00:00,7.191805916569999,7.191805916569999,7.191805916569999,7.191805916569999,739
22,107,2019-10-16 10:30:00,7.211164748110001,7.211164748110001,7.211164748110001,7.211164748110001,700
23,106,2019-10-16 15:30:00,7.196452036139999,7.196452036139999,7.196452036139999,7.196452036139999,145
24,105,2019-10-16 16:00:00,7.20148533234,7.20148533234,7.191805916569999,7.191805916569999,1864
25,104,2019-10-17 10:00:00,7.191805916569999,7.211164748110001,7.191805916569999,7.211164748110001,4178
26,103,2019-10-17 11:30:00,7.19519371209,7.20148533234,7.19519371209,7.20148533234,2200
27,102,2019-10-17 12:00:00,7.193064240619999,7.193064240619999,7.193064240619999,7.193064240619999,150
28,101,2019-10-17 12:30:00,7.191805916569999,7.196645624460001,7.1891924743199995,7.19074118084,2468
29,100,2019-10-17 13:00:00,7.182126500800001,7.182126500800001,7.182126500800001,7.182126500800001,500
30,99,2019-10-17 13:30:00,7.178738705289999,7.178738705289999,7.178738705289999,7.178738705289999,1000
31,98,2019-10-17 14:00:00,7.172447085039999,7.182126500800001,7.162767669269999,7.182126500800001,6473
32,97,2019-10-17 15:00:00,7.182126500800001,7.191805916569999,7.182126500800001,7.191805916569999,3032
33,96,2019-10-18 10:30:00,7.23265305112,7.23265305112,7.20535709865,7.20535709865,1930
34,95,2019-10-18 12:30:00,7.1978071543499995,7.1978071543499995,7.191805916569999,7.191805916569999,1499
35,94,2019-10-18 14:00:00,7.191805916569999,7.191805916569999,7.19170912242,7.19170912242,1302
36,93,2019-10-18 15:30:00,7.191805916569999,7.191805916569999,7.172447085039999,7.172447085039999,1570
37,92,2019-10-18 16:00:00,7.162767669269999,7.162767669269999,7.162767669269999,7.162767669269999,1164
38,91,2019-10-21 10:00:00,7.24020299542,7.24020299542,7.24020299542,7.24020299542,200
39,90,2019-10-21 12:00:00,7.23003960886,7.23003960886,7.23003960886,7.23003960886,177
40,89,2019-10-21 14:30:00,7.22461913603,7.22849090234,7.22084416388,7.22084416388,3700
41,88,2019-10-21 16:00:00,7.22084416388,7.22384478277,7.22084416388,7.22084416388,2427
42,87,2019-10-22 10:00:00,7.24039658374,7.26924124273,7.24039658374,7.26924124273,693
43,86,2019-10-22 11:30:00,7.265369476419999,7.265369476419999,7.265369476419999,7.265369476419999,125
44,85,2019-10-22 13:00:00,7.26924124273,7.28860007427,7.26924124273,7.26924124273,5700
45,84,2019-10-22 15:00:00,7.259561826960001,7.262175269219999,7.259561826960001,7.262175269219999,2000
46,83,2019-10-22 15:30:00,7.262175269219999,7.262175269219999,7.259561826960001,7.259561826960001,1000
47,82,2019-10-22 16:00:00,7.264401534839999,7.278920658500001,7.24988241119,7.24988241119,6613
48,81,2019-10-23 10:30:00,7.2846315138,7.28860007427,7.279114246810001,7.279114246810001,900
49,80,2019-10-23 11:00:00,7.3079589058100005,7.3079589058100005,7.3079589058100005,7.3079589058100005,100
50,79,2019-10-23 14:30:00,7.278920658500001,7.28182448323,7.278920658500001,7.28182448323,1000
51,78,2019-10-23 16:00:00,7.28860007427,7.28860007427,7.28860007427,7.28860007427,100
52,77,2019-10-24 10:00:00,7.34667656888,7.34667656888,7.34667656888,7.34667656888,100
53,76,2019-10-24 10:30:00,7.317735115730001,7.351516276769999,7.317735115730001,7.34667656888,5546
54,75,2019-10-24 11:30:00,7.32731773734,7.344353509099999,7.32731773734,7.344353509099999,1544
55,74,2019-10-24 15:00:00,7.336997153110001,7.336997153110001,7.31763832157,7.31763832157,440
56,73,2019-10-25 10:00:00,7.3079589058100005,7.3079589058100005,7.3079589058100005,7.3079589058100005,300
57,72,2019-10-25 10:30:00,7.3079589058100005,7.3079589058100005,7.3079589058100005,7.3079589058100005,300
58,71,2019-10-25 11:30:00,7.31763832157,7.31763832157,7.31763832157,7.31763832157,3002
59,70,2019-10-25 12:30:00,7.31667038,7.3282856789199995,7.31667038,7.3282856789199995,2000
60,69,2019-10-25 13:00:00,7.323058794410001,7.323058794410001,7.323058794410001,7.323058794410001,1300
61,68,2019-10-25 13:30:00,7.324607500930001,7.324607500930001,7.324607500930001,7.324607500930001,100
62,67,2019-10-25 14:00:00,7.31763832157,7.336997153110001,7.31763832157,7.336997153110001,4891
63,66,2019-10-25 15:30:00,7.32731773734,7.32731773734,7.32731773734,7.32731773734,100
64,65,2019-10-25 16:00:00,7.31763832157,7.31763832157,7.31763832157,7.31763832157,320
65,64,2019-10-28 10:00:00,7.34667656888,7.34667656888,7.34667656888,7.34667656888,2226
66,63,2019-10-28 12:00:00,7.32731773734,7.32731773734,7.32731773734,7.32731773734,100
67,62,2019-10-28 16:00:00,7.349773981930001,7.349773981930001,7.336997153110001,7.336997153110001,527
68,61,2019-10-29 10:30:00,7.34667656888,7.35635598465,7.278920658500001,7.346773363039999,4374
69,60,2019-10-29 11:00:00,7.3401913603199995,7.3401913603199995,7.3401913603199995,7.3401913603199995,124
70,59,2019-10-29 16:00:00,7.32731773734,7.32731773734,7.28860007427,7.28860007427,846
71,58,2019-10-30 10:30:00,7.3079589058100005,7.3079589058100005,7.3079589058100005,7.3079589058100005,200
72,57,2019-10-30 11:00:00,7.3079589058100005,7.3079589058100005,7.3079589058100005,7.3079589058100005,201
73,56,2019-10-30 12:00:00,7.29827949004,7.29827949004,7.26924124273,7.26924124273,3501
74,55,2019-10-30 12:30:00,7.278920658500001,7.278920658500001,7.278920658500001,7.278920658500001,100
75,54,2019-10-30 15:30:00,7.278920658500001,7.278920658500001,7.278920658500001,7.278920658500001,143
76,53,2019-10-30 16:00:00,7.29827949004,7.29827949004,7.29827949004,7.29827949004,100
77,52,2019-10-31 10:00:00,7.35635598465,7.35635598465,7.32731773734,7.331673474439999,7028
78,51,2019-10-31 10:30:00,7.31763832157,7.32054214631,7.278920658500001,7.28482510212,7600
79,50,2019-10-31 11:00:00,7.278920658500001,7.278920658500001,7.274080950610001,7.278920658500001,4900
80,49,2019-10-31 11:30:00,7.278823864339999,7.278920658500001,7.26924124273,7.27127392004,5203
81,48,2019-10-31 12:00:00,7.274080950610001,7.278920658500001,7.26924124273,7.276307216239999,1725
82,47,2019-10-31 12:30:00,7.2525926476,7.2525926476,7.2525926476,7.2525926476,380
83,46,2019-10-31 14:30:00,7.278920658500001,7.278920658500001,7.278920658500001,7.278920658500001,2650
84,45,2019-10-31 15:00:00,7.277081569500001,7.278920658500001,7.277081569500001,7.278920658500001,800
85,44,2019-10-31 15:30:00,7.267111771260001,7.267111771260001,7.267111771260001,7.267111771260001,500
86,43,2019-10-31 16:00:00,7.264401534839999,7.28860007427,7.264401534839999,7.28860007427,2731
87,42,2019-11-01 10:00:00,7.31763832157,7.336997153110001,7.31763832157,7.3294472088100004,3313
88,41,2019-11-01 10:30:00,7.3660354004199995,7.3660354004199995,7.3660354004199995,7.3660354004199995,300
89,40,2019-11-01 14:00:00,7.35858225028,7.35858225028,7.35858225028,7.35858225028,250
90,39,2019-11-01 15:00:00,7.36177645748,7.36177645748,7.36177645748,7.36177645748,200
91,38,2019-11-01 15:30:00,7.35635598465,7.360421339269999,7.35635598465,7.360421339269999,1173
92,37,2019-11-01 16:00:00,7.361195692539999,7.39507364773,7.361195692539999,7.3660354004199995,4942
93,36,2019-11-04 10:00:00,7.385394231960001,7.386168585219999,7.371843049880001,7.386168585219999,1240
94,35,2019-11-04 10:30:00,7.41907859884,7.41907859884,7.41907859884,7.41907859884,300
95,34,2019-11-04 11:30:00,7.39768708999,7.39768708999,7.39768708999,7.39768708999,143
96,33,2019-11-04 13:30:00,7.41791706894,7.41791706894,7.41791706894,7.41791706894,104
97,32,2019-11-04 15:30:00,7.405817799229999,7.405817799229999,7.4047530635,7.4047530635,1000
98,31,2019-11-04 16:00:00,7.414432479269999,7.424111895039999,7.4047530635,7.4047530635,2934
99,30,2019-11-05 10:00:00,7.61770021042,7.61770021042,7.48218838965,7.501547221189999,20726
100,29,2019-11-05 10:30:00,7.48218838965,7.48218838965,7.48218838965,7.48218838965,501
101,28,2019-11-05 11:00:00,7.48218838965,7.48218838965,7.48218838965,7.48218838965,503
102,27,2019-11-05 13:30:00,7.491867805419999,7.501547221189999,7.48218838965,7.48218838965,2830
103,26,2019-11-05 14:00:00,7.49477163015,7.49477163015,7.49477163015,7.49477163015,108
104,25,2019-11-05 14:30:00,7.482381977969999,7.482381977969999,7.48218838965,7.48218838965,665
105,24,2019-11-05 15:00:00,7.48218838965,7.491867805419999,7.48218838965,7.491867805419999,510
106,23,2019-11-05 15:30:00,7.48218838965,7.48702809754,7.48218838965,7.48218838965,2506
107,22,2019-11-05 16:00:00,7.48364030202,7.48364030202,7.46273276396,7.48218838965,5330
108,21,2019-11-06 10:00:00,7.52090605273,7.53223096918,7.49419086521,7.53223096918,15893
109,20,2019-11-06 10:30:00,7.491867805419999,7.511226636960001,7.491867805419999,7.511226636960001,460
110,19,2019-11-06 12:00:00,7.511226636960001,7.511226636960001,7.511226636960001,7.511226636960001,1078
111,18,2019-11-06 12:30:00,7.4845114494399985,7.48973833395,7.48218838965,7.48218838965,800
112,17,2019-11-06 13:00:00,7.501547221189999,7.501547221189999,7.501547221189999,7.501547221189999,200
113,16,2019-11-06 13:30:00,7.501547221189999,7.501547221189999,7.501547221189999,7.501547221189999,500
114,15,2019-11-06 14:00:00,7.501547221189999,7.506967694019999,7.501547221189999,7.506967694019999,421
115,14,2019-11-06 14:30:00,7.491867805419999,7.491867805419999,7.491867805419999,7.491867805419999,171
116,13,2019-11-06 16:00:00,7.511226636960001,7.511226636960001,7.48218838965,7.48218838965,3238
117,12,2019-11-07 10:00:00,7.61770021042,7.61770021042,7.549944300039999,7.549944300039999,17193
118,11,2019-11-07 10:30:00,7.56930313158,7.56930313158,7.56930313158,7.56930313158,295
119,10,2019-11-07 11:30:00,7.56930313158,7.56930313158,7.56930313158,7.56930313158,200
120,9,2019-11-07 14:00:00,7.55952692165,7.55952692165,7.55952692165,7.55952692165,1700
121,8,2019-11-07 16:00:00,7.559623715810001,7.559623715810001,7.5305854685,7.5305854685,300
122,7,2019-11-08 10:00:00,7.64673845773,7.64673845773,7.56930313158,7.57898254734,18197
123,6,2019-11-08 10:30:00,7.559623715810001,7.559623715810001,7.559623715810001,7.559623715810001,200
124,5,2019-11-08 11:30:00,7.548008416880001,7.548008416880001,7.548008416880001,7.548008416880001,411
125,4,2019-11-08 12:30:00,7.5305854685,7.5305854685,7.52090605273,7.52535858398,3250
126,3,2019-11-08 14:30:00,7.52090605273,7.538329001110001,7.52090605273,7.5268104963499995,1089
127,2,2019-11-08 15:00:00,7.540264884269999,7.540264884269999,7.540264884269999,7.540264884269999,100
128,1,2019-11-08 15:30:00,7.5305854685,7.540264884269999,7.52090605273,7.540264884269999,3100
129,0,2019-11-08 16:00:00,7.52090605273,7.52090605273,7.52090605273,7.52090605273,484
130,160,2019-11-11 10:00:00,7.7048149523500005,7.7048149523500005,7.501547221189999,7.549944300039999,25335
131,159,2019-11-11 12:00:00,7.54171679663,7.56736724842,7.521002846889999,7.521002846889999,1802
132,158,2019-11-11 13:00:00,7.544233444730001,7.544233444730001,7.544233444730001,7.544233444730001,330
133,157,2019-11-11 16:00:00,7.52090605273,7.52090605273,7.52090605273,7.52090605273,550
134,156,2019-11-12 10:00:00,7.7435326154199995,7.7435326154199995,7.62737962619,7.637059041960001,23444
135,155,2019-11-12 10:30:00,7.637059041960001,7.64673845773,7.61770021042,7.63541354128,3197
136,154,2019-11-12 11:00:00,7.656417873500001,7.656417873500001,7.656417873500001,7.656417873500001,494
137,153,2019-11-12 11:30:00,7.67316326278,7.67316326278,7.656417873500001,7.656417873500001,205
138,152,2019-11-12 12:30:00,7.637059041960001,7.6378333952199995,7.637059041960001,7.6378333952199995,272
139,151,2019-11-12 13:00:00,7.637059041960001,7.637059041960001,7.637059041960001,7.637059041960001,769
140,150,2019-11-12 13:30:00,7.62737962619,7.62737962619,7.62737962619,7.62737962619,550
141,149,2019-11-13 10:00:00,7.762891446960001,7.762891446960001,7.588661963110001,7.588661963110001,18098
142,148,2019-11-13 11:30:00,7.559623715810001,7.60027726204,7.559623715810001,7.60027726204,3434
143,147,2019-11-13 12:00:00,7.56272112885,7.56272112885,7.56272112885,7.56272112885,181
144,146,2019-11-13 13:00:00,7.608020794650001,7.608020794650001,7.608020794650001,7.608020794650001,100
145,145,2019-11-13 14:30:00,7.59834137888,7.59834137888,7.59834137888,7.59834137888,100
146,144,2019-11-13 16:00:00,7.604052234189999,7.637059041960001,7.59834137888,7.59834137888,3517
147,143,2019-11-14 10:00:00,7.549944300039999,7.549944300039999,7.549944300039999,7.549944300039999,4308
148,142,2019-11-14 10:30:00,7.549847505880001,7.549944300039999,7.528455997030001,7.549944300039999,2478
149,141,2019-11-14 12:00:00,7.55052506498,7.55052506498,7.530779056810001,7.530779056810001,200
150,140,2019-11-14 14:30:00,7.5305854685,7.5452013863100005,7.5305854685,7.5452013863100005,1340
151,139,2019-11-14 16:00:00,7.549847505880001,7.57898254734,7.549847505880001,7.57898254734,2906
152,138,2019-11-15 10:00:00,7.59534076,7.59534076,7.59534076,7.59534076,1726
153,137,2019-11-15 16:00:00,7.59834137888,7.61576432727,7.59834137888,7.59834137888,6080
154,136,2019-11-18 10:00:00,7.7435326154199995,7.7435326154199995,7.61770021042,7.64673845773,19452
155,135,2019-11-18 10:30:00,7.64673845773,7.64673845773,7.62737962619,7.637059041960001,2940
156,134,2019-11-18 13:00:00,7.64673845773,7.64673845773,7.64673845773,7.64673845773,1384
157,133,2019-11-18 13:30:00,7.648964723360001,7.656417873500001,7.648964723360001,7.656417873500001,700
158,132,2019-11-18 14:00:00,7.648383958410001,7.648383958410001,7.648383958410001,7.648383958410001,379
159,131,2019-11-18 14:30:00,7.646254486939998,7.64693204605,7.63725263028,7.64693204605,1022
160,130,2019-11-18 16:00:00,7.66609728927,7.66609728927,7.61770021042,7.61770021042,462
161,129,2019-11-19 10:00:00,7.62737962619,7.62737962619,7.62737962619,7.62737962619,3996
162,128,2019-11-19 10:30:00,7.608020794650001,7.608020794650001,7.608020794650001,7.608020794650001,100
163,127,2019-11-19 11:00:00,7.608020794650001,7.608020794650001,7.608020794650001,7.608020794650001,100
164,126,2019-11-19 11:30:00,7.608020794650001,7.612860502539999,7.608020794650001,7.608020794650001,890
165,125,2019-11-19 12:00:00,7.608020794650001,7.608020794650001,7.608020794650001,7.608020794650001,200
166,124,2019-11-19 12:30:00,7.608020794650001,7.608020794650001,7.608020794650001,7.608020794650001,100
167,123,2019-11-19 13:00:00,7.608020794650001,7.608020794650001,7.608020794650001,7.608020794650001,100
168,122,2019-11-19 13:30:00,7.608020794650001,7.608020794650001,7.608020794650001,7.608020794650001,100
169,121,2019-11-19 14:00:00,7.608020794650001,7.608020794650001,7.608020794650001,7.608020794650001,100
170,120,2019-11-19 14:30:00,7.608020794650001,7.608020794650001,7.608020794650001,7.608020794650001,350
171,119,2019-11-19 15:00:00,7.608020794650001,7.608020794650001,7.608020794650001,7.608020794650001,100
172,118,2019-11-19 15:30:00,7.608020794650001,7.608020794650001,7.608020794650001,7.608020794650001,1266
173,117,2019-11-19 16:00:00,7.61770021042,7.63221933408,7.608020794650001,7.608020794650001,490
174,116,2019-11-20 10:00:00,7.56930313158,7.56930313158,7.56930313158,7.56930313158,822
175,115,2019-11-20 10:30:00,7.6260245079799995,7.6260245079799995,7.6260245079799995,7.6260245079799995,249
176,114,2019-11-20 11:30:00,7.607052853080001,7.607052853080001,7.607052853080001,7.607052853080001,300
177,113,2019-11-20 13:00:00,7.588661963110001,7.588661963110001,7.588661963110001,7.588661963110001,100
178,112,2019-11-20 13:30:00,7.57898254734,7.57898254734,7.57898254734,7.57898254734,200
179,111,2019-11-20 14:00:00,7.56930313158,7.584499814330001,7.559623715810001,7.559623715810001,1522
180,110,2019-11-20 14:30:00,7.600954821139999,7.600954821139999,7.559623715810001,7.559623715810001,1975
181,109,2019-11-20 16:00:00,7.56930313158,7.588565168960001,7.56930313158,7.56930313158,2470
182,108,2019-11-21 10:00:00,7.69513553658,7.69513553658,7.61770021042,7.61770021042,15694
183,107,2019-11-21 10:30:00,7.61770021042,7.62747642035,7.61770021042,7.62737962619,4433
184,106,2019-11-21 11:00:00,7.612860502539999,7.61770021042,7.612860502539999,7.61770021042,600
185,105,2019-11-21 11:30:00,7.637059041960001,7.637059041960001,7.61770021042,7.61770021042,1400
186,104,2019-11-21 12:00:00,7.622539918310001,7.622539918310001,7.608020794650001,7.608020794650001,2300
187,103,2019-11-21 13:30:00,7.61208614928,7.61208614928,7.608020794650001,7.608020794650001,206
188,102,2019-11-21 14:00:00,7.608020794650001,7.62737962619,7.608020794650001,7.62737962619,2050
189,101,2019-11-21 14:30:00,7.608020794650001,7.608117588810001,7.608020794650001,7.608117588810001,1300
190,100,2019-11-21 15:00:00,7.608020794650001,7.608020794650001,7.608020794650001,7.608020794650001,100
191,99,2019-11-21 15:30:00,7.608020794650001,7.6250565664100005,7.608020794650001,7.6250565664100005,550
192,98,2019-11-21 16:00:00,7.62495977225,7.62737962619,7.603181086769999,7.612860502539999,788
193,97,2019-11-22 10:00:00,7.7532120311899995,7.7532120311899995,7.656417873500001,7.656417873500001,29340
194,96,2019-11-22 10:30:00,7.66609728927,7.66609728927,7.66609728927,7.66609728927,360
195,95,2019-11-22 11:00:00,7.66609728927,7.66609728927,7.66609728927,7.66609728927,301
196,94,2019-11-22 11:30:00,7.66609728927,7.66609728927,7.66609728927,7.66609728927,300
197,93,2019-11-22 13:00:00,7.67190493873,7.67190493873,7.67190493873,7.67190493873,148
198,92,2019-11-22 13:30:00,7.67577670504,7.67577670504,7.67577670504,7.67577670504,1100
199,91,2019-11-22 14:00:00,7.67577670504,7.67577670504,7.67577670504,7.67577670504,1800
200,90,2019-11-22 14:30:00,7.676938234930001,7.6854561208100005,7.67577670504,7.6854561208100005,2952
201,89,2019-11-22 15:00:00,7.69513553658,7.69513553658,7.69513553658,7.69513553658,200
202,88,2019-11-22 15:30:00,7.66609728927,7.66609728927,7.66609728927,7.66609728927,100
203,87,2019-11-22 16:00:00,7.6854561208100005,7.6854561208100005,7.66609728927,7.66609728927,382
204,86,2019-11-25 10:00:00,7.811288525810001,7.811288525810001,7.72417378388,7.73385319965,18694
205,85,2019-11-25 10:30:00,7.714494368110001,7.714494368110001,7.714494368110001,7.714494368110001,500
206,84,2019-11-25 11:30:00,7.714494368110001,7.714494368110001,7.714494368110001,7.714494368110001,100
207,83,2019-11-25 12:00:00,7.72417378388,7.72417378388,7.72417378388,7.72417378388,100
208,82,2019-11-25 12:30:00,7.72417378388,7.73385319965,7.72417378388,7.73385319965,1300
209,81,2019-11-25 13:00:00,7.73385319965,7.73385319965,7.73385319965,7.73385319965,1900
210,80,2019-11-25 13:30:00,7.7435326154199995,7.7532120311899995,7.73385319965,7.73520831786,4285
211,79,2019-11-25 14:00:00,7.7414031439499995,7.7414031439499995,7.738692907539999,7.738692907539999,725
212,78,2019-11-25 15:00:00,7.743435821269999,7.7435326154199995,7.738692907539999,7.7435326154199995,913
213,77,2019-11-25 15:30:00,7.73385319965,7.73385319965,7.73385319965,7.73385319965,200
214,76,2019-11-25 16:00:00,7.73385319965,7.738692907539999,7.73385319965,7.73385319965,1600
215,75,2019-11-26 10:00:00,7.840326773119999,7.840326773119999,7.71013863102,7.748372323310001,24242
216,74,2019-11-26 10:30:00,7.762601064489999,7.762601064489999,7.73385319965,7.73385319965,500
217,73,2019-11-26 11:30:00,7.7532120311899995,7.762891446960001,7.7532120311899995,7.759987622230001,800
218,72,2019-11-26 12:00:00,7.762891446960001,7.762891446960001,7.762891446960001,7.762891446960001,587
219,71,2019-11-26 12:30:00,7.7532120311899995,7.7532120311899995,7.7532120311899995,7.7532120311899995,100
220,70,2019-11-26 13:00:00,7.7532120311899995,7.7532120311899995,7.7532120311899995,7.7532120311899995,100
221,69,2019-11-26 13:30:00,7.756309444239999,7.756309444239999,7.756309444239999,7.756309444239999,415
222,68,2019-11-26 14:00:00,7.7532120311899995,7.7532120311899995,7.7532120311899995,7.7532120311899995,100
223,67,2019-11-26 14:30:00,7.7532120311899995,7.754857531869999,7.7532120311899995,7.7532120311899995,65195
224,66,2019-11-26 15:00:00,7.7435326154199995,7.7532120311899995,7.7435326154199995,7.7532120311899995,382
225,65,2019-11-26 15:30:00,7.7435326154199995,7.7435326154199995,7.7435326154199995,7.7435326154199995,200
226,64,2019-11-26 16:00:00,7.7435326154199995,7.7532120311899995,7.73607946528,7.7532120311899995,3792
227,63,2019-11-27 10:00:00,7.83064735735,7.83064735735,7.762891446960001,7.7822502785,22691
228,62,2019-11-27 11:00:00,7.7822502785,7.7822502785,7.7822502785,7.7822502785,2945
229,61,2019-11-27 11:30:00,7.7822502785,7.7822502785,7.7822502785,7.7822502785,485
230,60,2019-11-27 12:00:00,7.7822502785,7.7822502785,7.7822502785,7.7822502785,430
231,59,2019-11-27 12:30:00,7.7812823369199995,7.7822502785,7.780895160289999,7.780895160289999,1093
232,58,2019-11-27 13:30:00,7.762891446960001,7.76569847753,7.762891446960001,7.762891446960001,8057
233,57,2019-11-27 14:00:00,7.762891446960001,7.77257086273,7.762891446960001,7.77257086273,500
234,56,2019-11-27 14:30:00,7.77944324793,7.77944324793,7.77944324793,7.77944324793,1079
235,55,2019-11-27 15:30:00,7.7532120311899995,7.7532120311899995,7.7532120311899995,7.7532120311899995,100
236,54,2019-11-27 16:00:00,7.76172991707,7.77257086273,7.7532120311899995,7.7532120311899995,3898
237,53,2019-11-29 10:00:00,7.840326773119999,7.840326773119999,7.72417378388,7.72417378388,25646
238,52,2019-11-29 10:30:00,7.714494368110001,7.72417378388,7.714494368110001,7.714494368110001,5153
239,51,2019-11-29 11:00:00,7.714494368110001,7.714494368110001,7.714494368110001,7.714494368110001,100
240,50,2019-11-29 11:30:00,7.72417378388,7.7435326154199995,7.72417378388,7.72417378388,18136
241,49,2019-11-29 12:30:00,7.676260675830001,7.676260675830001,7.676260675830001,7.676260675830001,1275
242,48,2019-11-29 13:00:00,7.67577670504,7.67577670504,7.67577670504,7.67577670504,100
243,47,2019-11-29 13:30:00,7.67577670504,7.67577670504,7.67577670504,7.67577670504,0
244,46,2019-11-29 16:00:00,7.67577670504,7.67577670504,7.67577670504,7.67577670504,0
245,45,2019-12-02 10:00:00,7.801609110039999,7.801609110039999,7.6854561208100005,7.6854561208100005,21010
246,44,2019-12-02 11:00:00,7.694167595,7.694167595,7.6875855922800005,7.6875855922800005,2946
247,43,2019-12-02 12:00:00,7.67093699715,7.67093699715,7.67093699715,7.67093699715,100
248,42,2019-12-02 13:00:00,7.67093699715,7.67093699715,7.67093699715,7.67093699715,100
249,41,2019-12-02 14:00:00,7.67093699715,7.67093699715,7.67093699715,7.67093699715,100
250,40,2019-12-02 14:30:00,7.67577670504,7.67577670504,7.67577670504,7.67577670504,100
251,39,2019-12-02 15:30:00,7.67577670504,7.67577670504,7.67577670504,7.67577670504,100
252,38,2019-12-02 16:00:00,7.67577670504,7.6854561208100005,7.67577670504,7.6854561208100005,245
253,37,2019-12-03 10:00:00,7.801609110039999,7.801609110039999,7.6854561208100005,7.7048149523500005,18894
254,36,2019-12-03 10:30:00,7.7048149523500005,7.7048149523500005,7.69610347815,7.699975244460001,595
255,35,2019-12-03 11:00:00,7.699975244460001,7.699975244460001,7.69513553658,7.69513553658,1108
256,34,2019-12-03 11:30:00,7.685552914960001,7.692231711849999,7.685552914960001,7.692231711849999,538
257,33,2019-12-03 14:00:00,7.7048149523500005,7.7048149523500005,7.6854561208100005,7.68874712217,4029
258,32,2019-12-03 15:30:00,7.703943804930001,7.703943804930001,7.703943804930001,7.703943804930001,628
259,31,2019-12-03 16:00:00,7.6854561208100005,7.699975244460001,7.6854561208100005,7.69513553658,551
260,30,2019-12-04 10:00:00,7.811288525810001,7.811288525810001,7.73385319965,7.7435326154199995,15594
261,29,2019-12-04 10:30:00,7.7532120311899995,7.75476073772,7.7532120311899995,7.7532120311899995,3407
262,28,2019-12-04 13:00:00,7.762891446960001,7.762891446960001,7.762891446960001,7.762891446960001,400
263,27,2019-12-04 14:30:00,7.762891446960001,7.762891446960001,7.762891446960001,7.762891446960001,100
264,26,2019-12-04 15:00:00,7.77257086273,7.77257086273,7.77257086273,7.77257086273,200
265,25,2019-12-04 15:30:00,7.762891446960001,7.762891446960001,7.762891446960001,7.762891446960001,100
266,24,2019-12-04 16:00:00,7.762891446960001,7.77257086273,7.7532120311899995,7.7532120311899995,2588
267,23,2019-12-05 10:00:00,7.762891446960001,7.762891446960001,7.762891446960001,7.762891446960001,476
268,22,2019-12-05 11:30:00,7.78708998638,7.79086495853,7.762891446960001,7.762891446960001,3694
269,21,2019-12-05 15:30:00,7.762891446960001,7.762891446960001,7.762891446960001,7.762891446960001,200
270,20,2019-12-05 16:00:00,7.7822502785,7.791929694269999,7.7822502785,7.791929694269999,300
271,19,2019-12-06 10:00:00,7.801609110039999,7.801609110039999,7.801609110039999,7.801609110039999,300
272,18,2019-12-06 10:30:00,7.840326773119999,7.840326773119999,7.840326773119999,7.840326773119999,800
273,17,2019-12-06 11:30:00,7.82967941577,7.82967941577,7.82967941577,7.82967941577,200
274,16,2019-12-06 12:00:00,7.83064735735,7.83064735735,7.83064735735,7.83064735735,100
275,15,2019-12-06 12:30:00,7.840326773119999,7.840326773119999,7.840326773119999,7.840326773119999,200
276,14,2019-12-06 13:00:00,7.840326773119999,7.840326773119999,7.840326773119999,7.840326773119999,200
277,13,2019-12-06 13:30:00,7.840326773119999,7.840326773119999,7.840326773119999,7.840326773119999,200
278,12,2019-12-06 14:00:00,7.840326773119999,7.840326773119999,7.840326773119999,7.840326773119999,200
279,11,2019-12-06 14:30:00,7.840326773119999,7.840326773119999,7.840326773119999,7.840326773119999,200
280,10,2019-12-06 15:00:00,7.840326773119999,7.840326773119999,7.801609110039999,7.80431934645,4348
281,9,2019-12-06 15:30:00,7.80983661344,7.811288525810001,7.80983661344,7.811288525810001,800
282,8,2019-12-06 16:00:00,7.811288525810001,7.840326773119999,7.791929694269999,7.791929694269999,1929
283,7,2019-12-09 10:00:00,7.811288525810001,7.811288525810001,7.801609110039999,7.801609110039999,5753
284,6,2019-12-09 10:30:00,7.801609110039999,7.801609110039999,7.801609110039999,7.801609110039999,2100
285,5,2019-12-09 11:00:00,7.80151231588,7.80151231588,7.80151231588,7.80151231588,700
286,4,2019-12-09 12:00:00,7.796188637210001,7.796188637210001,7.796188637210001,7.796188637210001,675
287,3,2019-12-09 14:30:00,7.79202648843,7.79202648843,7.79202648843,7.79202648843,1507
288,2,2019-12-09 15:00:00,7.796769402150001,7.801609110039999,7.791929694269999,7.791929694269999,1300
289,1,2019-12-09 15:30:00,7.796769402150001,7.796769402150001,7.796769402150001,7.796769402150001,115
290,0,2019-12-09 16:00:00,7.791929694269999,7.801609110039999,7.791929694269999,7.796769402150001,1574
291,176,2019-12-10 10:00:00,7.762891446960001,7.762891446960001,7.762891446960001,7.762891446960001,172
292,175,2019-12-10 10:30:00,7.7532120311899995,7.7781849238800005,7.7532120311899995,7.7532120311899995,920
293,174,2019-12-10 11:30:00,7.7532120311899995,7.7532120311899995,7.7532120311899995,7.7532120311899995,600
294,173,2019-12-10 12:00:00,7.7532120311899995,7.762891446960001,7.7532120311899995,7.7532120311899995,2526
295,172,2019-12-10 12:30:00,7.73385319965,7.73385319965,7.73385319965,7.73385319965,100
296,171,2019-12-10 13:30:00,7.7435326154199995,7.7435326154199995,7.7435326154199995,7.7435326154199995,102
297,170,2019-12-10 14:30:00,7.7435326154199995,7.7435326154199995,7.714494368110001,7.714494368110001,5959
298,169,2019-12-10 15:00:00,7.72417378388,7.72417378388,7.72417378388,7.72417378388,100
299,168,2019-12-10 15:30:00,7.719334076,7.72417378388,7.719334076,7.72126995915,1570
300,167,2019-12-10 16:00:00,7.72417378388,7.75834212155,7.72417378388,7.75834212155,200
301,166,2019-12-11 10:30:00,7.769086273049999,7.769086273049999,7.769086273049999,7.769086273049999,204
302,165,2019-12-11 11:00:00,7.769279861369999,7.769279861369999,7.76269785865,7.76269785865,1500
303,164,2019-12-11 13:00:00,7.72417378388,7.72678722614,7.72417378388,7.72417378388,600
304,163,2019-12-11 13:30:00,7.72417378388,7.743435821269999,7.72417378388,7.73453075876,2241
305,162,2019-12-11 14:00:00,7.73385319965,7.762891446960001,7.73385319965,7.7349179353899995,2560
306,161,2019-12-11 15:00:00,7.7812823369199995,7.7812823369199995,7.7812823369199995,7.7812823369199995,200
307,160,2019-12-11 16:00:00,7.769667038,7.769667038,7.73385319965,7.73385319965,499
308,159,2019-12-12 10:00:00,7.724851342989999,7.724851342989999,7.724851342989999,7.724851342989999,100
309,158,2019-12-12 10:30:00,7.7401448199,7.7401448199,7.7401448199,7.7401448199,600
310,157,2019-12-12 11:30:00,7.72959425671,7.72959425671,7.72959425671,7.72959425671,1000
311,156,2019-12-12 12:30:00,7.72417378388,7.73385319965,7.7048149523500005,7.7048149523500005,9658
312,155,2019-12-12 14:00:00,7.70868671865,7.70868671865,7.7048149523500005,7.7048149523500005,300
313,154,2019-12-12 15:00:00,7.69513553658,7.72407698973,7.69513553658,7.71488154475,2505
314,153,2019-12-12 15:30:00,7.70965466023,7.72417378388,7.70965466023,7.72417378388,2004
315,152,2019-12-12 16:00:00,7.73385319965,7.73385319965,7.73094937492,7.73385319965,3955
316,151,2019-12-13 10:00:00,7.7435326154199995,7.7435326154199995,7.6854561208100005,7.7048149523500005,7960
317,150,2019-12-13 10:30:00,7.69513553658,7.7048149523500005,7.69513553658,7.69513553658,3800
318,149,2019-12-13 11:00:00,7.69513553658,7.69513553658,7.69513553658,7.69513553658,300
319,148,2019-12-13 11:30:00,7.7048149523500005,7.7048149523500005,7.7048149523500005,7.7048149523500005,240
320,147,2019-12-13 13:30:00,7.71662383958,7.7199148409500005,7.71662383958,7.7199148409500005,676
321,146,2019-12-13 14:30:00,7.7048149523500005,7.7048149523500005,7.7048149523500005,7.7048149523500005,1000
322,145,2019-12-13 15:00:00,7.7048149523500005,7.714494368110001,7.7048149523500005,7.7048149523500005,36500
323,144,2019-12-13 16:00:00,7.74053199653,7.77257086273,7.73385319965,7.762891446960001,3203
324,143,2019-12-16 10:00:00,7.73385319965,7.73385319965,7.73385319965,7.73385319965,8640
325,142,2019-12-16 11:30:00,7.7435326154199995,7.7435326154199995,7.738692907539999,7.7435326154199995,2200
326,141,2019-12-16 12:30:00,7.7435326154199995,7.7435326154199995,7.7435326154199995,7.7435326154199995,600
327,140,2019-12-16 13:30:00,7.73385319965,7.73385319965,7.73385319965,7.73385319965,500
328,139,2019-12-16 14:30:00,7.7113001609100005,7.727174402769999,7.7113001609100005,7.727174402769999,1173
329,138,2019-12-16 15:00:00,7.69513553658,7.69513553658,7.69513553658,7.69513553658,100
330,137,2019-12-16 16:00:00,7.7435326154199995,7.7435326154199995,7.7435326154199995,7.7435326154199995,300
331,136,2019-12-17 10:00:00,7.7532120311899995,7.7532120311899995,7.7532120311899995,7.7532120311899995,4000
332,135,2019-12-17 10:30:00,7.75476073772,7.762891446960001,7.75476073772,7.759987622230001,7484
333,134,2019-12-17 11:30:00,7.7532120311899995,7.755922267610001,7.7435326154199995,7.7435326154199995,4298
334,133,2019-12-17 12:00:00,7.7435326154199995,7.7435326154199995,7.7435326154199995,7.7435326154199995,700
335,132,2019-12-17 12:30:00,7.7435326154199995,7.7435326154199995,7.73385319965,7.740919173160001,3600
336,131,2019-12-17 13:00:00,7.72417378388,7.72417378388,7.714494368110001,7.714494368110001,10591
337,130,2019-12-17 13:30:00,7.714494368110001,7.714494368110001,7.714494368110001,7.714494368110001,7359
338,129,2019-12-17 14:00:00,7.7048149523500005,7.7048149523500005,7.7048149523500005,7.7048149523500005,3100
339,128,2019-12-17 14:30:00,7.69513553658,7.69513553658,7.6854561208100005,7.6854561208100005,7133
340,127,2019-12-17 15:00:00,7.69513553658,7.7010399802,7.690295828689999,7.690295828689999,2800
341,126,2019-12-17 16:00:00,7.7048149523500005,7.7048149523500005,7.69513553658,7.7048149523500005,3265
342,125,2019-12-18 10:00:00,7.6854561208100005,7.6854561208100005,7.6854561208100005,7.6854561208100005,3000
343,124,2019-12-18 10:30:00,7.67180814457,7.67180814457,7.67180814457,7.67180814457,870
344,123,2019-12-18 13:30:00,7.69513553658,7.696587448939999,7.69513553658,7.696587448939999,252
345,122,2019-12-18 15:30:00,7.72417378388,7.7312397574,7.72417378388,7.7312397574,600
346,121,2019-12-18 16:00:00,7.72417378388,7.72417378388,7.72417378388,7.72417378388,2207
347,120,2019-12-19 10:00:00,7.73385319965,7.762794652799999,7.73385319965,7.762794652799999,5962
348,119,2019-12-19 10:30:00,7.7435326154199995,7.759503651439999,7.7435326154199995,7.7532120311899995,600
349,118,2019-12-19 11:00:00,7.7602780047,7.7602780047,7.7602780047,7.7602780047,100
350,117,2019-12-19 12:00:00,7.7532120311899995,7.7532120311899995,7.7435326154199995,7.7435326154199995,531
351,116,2019-12-19 13:00:00,7.738499319219999,7.738499319219999,7.738499319219999,7.738499319219999,212
352,115,2019-12-19 15:00:00,7.74604926352,7.748372323310001,7.73385319965,7.73385319965,900
353,114,2019-12-19 15:30:00,7.73385319965,7.73385319965,7.73385319965,7.73385319965,502
354,113,2019-12-19 16:00:00,7.73385319965,7.7435326154199995,7.69513553658,7.73385319965,2732
355,112,2019-12-20 10:00:00,7.72417378388,7.72417378388,7.72417378388,7.72417378388,267
356,111,2019-12-20 12:00:00,7.715655898010001,7.72417378388,7.715655898010001,7.72417378388,350
357,110,2019-12-20 12:30:00,7.740919173169999,7.740919173169999,7.740919173169999,7.740919173169999,237
358,109,2019-12-20 13:30:00,7.72417378388,7.72417378388,7.72417378388,7.72417378388,100
359,108,2019-12-20 14:00:00,7.733756405499999,7.73385319965,7.714494368110001,7.72417378388,1589
360,107,2019-12-20 14:30:00,7.73385319965,7.73385319965,7.728045550189999,7.728045550189999,250
361,106,2019-12-20 15:00:00,7.714494368110001,7.73385319965,7.714494368110001,7.727077608610001,1700
362,105,2019-12-20 15:30:00,7.73385319965,7.73385319965,7.72417378388,7.72417378388,2500
363,104,2019-12-20 16:00:00,7.72417378388,7.72417378388,7.714494368110001,7.714494368110001,1850
364,103,2019-12-23 10:00:00,7.714494368110001,7.7435326154199995,7.714494368110001,7.7435326154199995,1843
365,102,2019-12-23 10:30:00,7.7435326154199995,7.7532120311899995,7.7435326154199995,7.7435326154199995,2777
366,101,2019-12-23 11:30:00,7.77257086273,7.791929694269999,7.77257086273,7.7822502785,4057
367,100,2019-12-23 13:00:00,7.791929694269999,7.791929694269999,7.78902586954,7.78902586954,1000
368,99,2019-12-23 14:00:00,7.791348929319999,7.791348929319999,7.791348929319999,7.791348929319999,840
369,98,2019-12-23 14:30:00,7.78708998638,7.78708998638,7.7822502785,7.7822502785,5100
370,97,2019-12-23 15:00:00,7.791929694269999,7.791929694269999,7.7822502785,7.791929694269999,2600
371,96,2019-12-23 15:30:00,7.7822502785,7.7822502785,7.77257086273,7.77257086273,5107
372,95,2019-12-24 10:00:00,7.7435326154199995,7.7435326154199995,7.714494368110001,7.72417378388,2724
373,94,2019-12-24 11:00:00,7.77615224657,7.77615224657,7.77615224657,7.77615224657,100
374,93,2019-12-24 11:30:00,7.75805173908,7.759116474810001,7.75805173908,7.759116474810001,600
375,92,2019-12-24 13:00:00,7.762891446960001,7.762891446960001,7.762891446960001,7.762891446960001,17583
376,91,2019-12-24 13:30:00,7.762891446960001,7.762891446960001,7.762891446960001,7.762891446960001,0
377,90,2019-12-24 16:00:00,7.762891446960001,7.762891446960001,7.762891446960001,7.762891446960001,0
378,89,2019-12-26 10:00:00,7.77257086273,7.801609110039999,7.77257086273,7.791929694269999,8499
379,88,2019-12-26 10:30:00,7.80315781656,7.80364178735,7.80315781656,7.80364178735,234
380,87,2019-12-26 11:00:00,7.801609110039999,7.801609110039999,7.801609110039999,7.801609110039999,675
381,86,2019-12-26 12:00:00,7.801609110039999,7.814192350539999,7.801609110039999,7.811288525810001,9539
382,85,2019-12-26 12:30:00,7.813901968069999,7.813901968069999,7.80644881792,7.811288525810001,5693
383,84,2019-12-26 14:00:00,7.82087114742,7.82087114742,7.811288525810001,7.811288525810001,500
384,83,2019-12-26 15:00:00,7.811288525810001,7.82096794158,7.811288525810001,7.817773734369999,8617
385,82,2019-12-26 15:30:00,7.801609110039999,7.801609110039999,7.801609110039999,7.801609110039999,100
386,81,2019-12-26 16:00:00,7.7822502785,7.811288525810001,7.7822502785,7.801609110039999,400
387,80,2019-12-27 10:00:00,7.791929694269999,7.791929694269999,7.791929694269999,7.791929694269999,206
388,79,2019-12-27 10:30:00,7.821935883150001,7.83064735735,7.821935883150001,7.83064735735,460
389,78,2019-12-27 11:00:00,7.82096794158,7.82096794158,7.82096794158,7.82096794158,1014
390,77,2019-12-27 11:30:00,7.822903824730001,7.822903824730001,7.822903824730001,7.822903824730001,960
391,76,2019-12-27 12:30:00,7.82241985394,7.82241985394,7.82096794158,7.82096794158,529
392,75,2019-12-27 13:00:00,7.80644881792,7.811288525810001,7.80644881792,7.80780393613,420
393,74,2019-12-27 13:30:00,7.80218987498,7.80218987498,7.80218987498,7.80218987498,286
394,73,2019-12-27 14:30:00,7.80548087635,7.80596484713,7.80218987498,7.80218987498,1598
395,72,2019-12-27 15:00:00,7.811288525810001,7.811288525810001,7.811288525810001,7.811288525810001,200
396,71,2019-12-27 15:30:00,7.81516029212,7.81516029212,7.81516029212,7.81516029212,2000
397,70,2019-12-27 16:00:00,7.82096794158,7.82096794158,7.77257086273,7.77257086273,2835
398,69,2019-12-30 10:00:00,7.84,7.84,7.75,7.773,5374
399,68,2019-12-30 10:30:00,7.79,7.79,7.77,7.77,7329
400,67,2019-12-30 11:00:00,7.77,7.77,7.77,7.77,502
401,66,2019-12-30 11:30:00,7.78,7.78,7.78,7.78,110
402,65,2019-12-30 12:00:00,7.7738,7.78,7.66,7.75,6910
403,64,2019-12-30 12:30:00,7.77,7.81,7.77,7.81,10893
404,63,2019-12-30 13:00:00,7.8,7.81,7.8,7.81,7344
405,62,2019-12-30 13:30:00,7.81,7.81,7.8,7.8,10722
406,61,2019-12-30 14:00:00,7.81,7.81,7.8099,7.81,5264
407,60,2019-12-30 14:30:00,7.81,7.81,7.8,7.8,2003
408,59,2019-12-30 15:00:00,7.8,7.8,7.8,7.8,1505
409,58,2019-12-30 15:30:00,7.8,7.8,7.8,7.8,4000
410,57,2019-12-30 16:00:00,7.8,7.83,7.8,7.82,11319
411,56,2019-12-31 10:00:00,7.79,7.79,7.79,7.79,248
412,55,2019-12-31 10:30:00,7.78,7.79,7.78,7.785,1000
413,54,2019-12-31 11:00:00,7.785,7.79,7.78,7.7899,9088
414,53,2019-12-31 11:30:00,7.785,7.785,7.78,7.78,700
415,52,2019-12-31 12:30:00,7.79,7.79,7.78,7.78,5546
416,51,2019-12-31 13:00:00,7.78,7.78,7.78,7.78,1000
417,50,2019-12-31 13:30:00,7.79,7.79,7.78,7.78,2200
418,49,2019-12-31 14:00:00,7.8,7.8,7.7955,7.7955,200
419,48,2019-12-31 16:00:00,7.81,7.81,7.76,7.78,16378
420,47,2020-01-02 10:00:00,7.84,7.84,7.75,7.8,10289
421,46,2020-01-02 10:30:00,7.8,7.8,7.8,7.8,800
422,45,2020-01-02 11:00:00,7.8,7.8579,7.8,7.8,1975
423,44,2020-01-02 11:30:00,7.8,7.8,7.8,7.8,500
424,43,2020-01-02 12:00:00,7.8,7.85,7.8,7.85,700
425,42,2020-01-02 12:30:00,7.81,7.9,7.81,7.81,527
426,41,2020-01-02 13:00:00,7.82,7.85,7.82,7.82,2626
427,40,2020-01-02 13:30:00,7.82,7.82,7.82,7.82,500
428,39,2020-01-02 14:00:00,7.82,7.8375,7.82,7.82,668
429,38,2020-01-02 14:30:00,7.82,7.87,7.8,7.8,1273
430,37,2020-01-02 15:00:00,7.8,7.8,7.8,7.8,200
431,36,2020-01-02 15:30:00,7.8,7.81,7.8,7.8,905
432,35,2020-01-02 16:00:00,7.8,7.8406,7.78,7.8225,4192
433,34,2020-01-03 10:00:00,7.79,7.79,7.79,7.79,600
434,33,2020-01-03 12:00:00,7.775,7.775,7.775,7.775,100
435,32,2020-01-03 13:00:00,7.76,7.7866,7.76,7.78,5478
436,31,2020-01-03 15:30:00,7.78,7.78,7.78,7.78,300
437,30,2020-01-06 10:00:00,7.69,7.69,7.69,7.69,2620
438,29,2020-01-06 10:30:00,7.72,7.7315,7.72,7.7315,5497
439,28,2020-01-06 11:00:00,7.735,7.75,7.72,7.74,11803
440,27,2020-01-06 11:30:00,7.74,7.74,7.73,7.73,2931
441,26,2020-01-06 12:00:00,7.73,7.73,7.72,7.727,6462
442,25,2020-01-06 12:30:00,7.7201,7.727,7.7201,7.727,444
443,24,2020-01-06 13:00:00,7.72,7.72,7.72,7.72,100
444,23,2020-01-06 14:30:00,7.72,7.73,7.72,7.725,2404
445,22,2020-01-06 15:30:00,7.72,7.72,7.72,7.72,100
446,21,2020-01-06 16:00:00,7.7258,7.7258,7.72,7.72,5574
447,20,2020-01-07 10:00:00,7.73,7.76,7.73,7.75,8430
448,19,2020-01-07 10:30:00,7.75,7.76,7.7,7.73,17527
449,18,2020-01-07 11:00:00,7.73,7.73,7.715,7.72,4060
450,17,2020-01-07 11:30:00,7.72,7.79,7.72,7.79,42870
451,16,2020-01-07 12:30:00,7.7462,7.75,7.7462,7.75,500
452,15,2020-01-07 13:00:00,7.75,7.75,7.747000000000001,7.747000000000001,1200
453,14,2020-01-07 15:00:00,7.73,7.737,7.73,7.737,498
454,13,2020-01-07 16:00:00,7.73,7.73,7.73,7.73,301
455,12,2020-01-08 10:00:00,7.76,7.76,7.76,7.76,1737
456,11,2020-01-08 10:30:00,7.75,7.76,7.75,7.76,300
457,10,2020-01-08 11:00:00,7.754,7.754,7.754,7.754,1080
458,9,2020-01-08 11:30:00,7.76,7.79,7.76,7.79,2220
459,8,2020-01-08 12:00:00,7.79,7.79,7.77,7.79,607
460,7,2020-01-08 12:30:00,7.79,7.79,7.79,7.79,300
461,6,2020-01-08 13:00:00,7.763999999999999,7.79,7.763999999999999,7.79,524
462,5,2020-01-08 13:30:00,7.79,7.79,7.79,7.79,400
463,4,2020-01-08 14:00:00,7.79,7.79,7.79,7.79,400
464,3,2020-01-08 14:30:00,7.79,7.795,7.77,7.79,1784
465,2,2020-01-08 15:00:00,7.81,7.81,7.78,7.78,6040
466,1,2020-01-08 15:30:00,7.8,7.81,7.78,7.81,3981
467,0,2020-01-08 16:00:00,7.82,7.84,7.815,7.84,12764
