,index,time,open,high,low,close,volume
0,133,2019-01-14 10:00:00,9.33551102244,9.33551102244,9.33551102244,9.33551102244,848
1,132,2019-01-14 12:00:00,9.399953239310001,9.399953239310001,9.399953239310001,9.399953239310001,778
2,131,2019-01-14 13:00:00,9.51678308113,9.51678308113,9.51678308113,9.51678308113,100
3,130,2019-01-14 15:30:00,9.51678308113,9.51678308113,9.51678308113,9.51678308113,1002
4,129,2019-01-15 14:00:00,9.44418362163,9.44418362163,9.44418362163,9.44418362163,480
5,128,2019-01-15 14:30:00,9.38082903712,9.38082903712,9.38082903712,9.38082903712,100
6,127,2019-01-15 15:30:00,9.38082903712,9.38082903712,9.38082903712,9.38082903712,100
7,126,2019-01-15 16:00:00,9.38082903712,9.38082903712,9.38082903712,9.38082903712,700
8,125,2019-01-16 10:30:00,9.35255059596,9.35255059596,9.35255059596,9.35255059596,887
9,124,2019-01-16 14:00:00,9.38082903712,9.38082903712,9.38082903712,9.38082903712,300
10,123,2019-01-16 15:30:00,9.38227921359,9.41708344885,9.38227921359,9.39895624298,300
11,122,2019-01-16 16:00:00,9.426147051789998,9.426147051789998,9.426147051789998,9.426147051789998,633
12,121,2019-01-18 14:30:00,9.39832179078,9.426147051789998,9.39832179078,9.3993187871,3000
13,120,2019-01-18 15:30:00,9.426147051789998,9.426147051789998,9.31856208496,9.31856208496,5150
14,119,2019-01-22 10:00:00,9.199556978430001,9.26300219897,9.199556978430001,9.26300219897,22100
15,118,2019-01-22 10:30:00,9.326447419510002,9.326447419510002,9.326447419510002,9.326447419510002,100
16,117,2019-01-22 12:00:00,9.26300219897,9.326447419510002,9.26300219897,9.27922604822,17486
17,116,2019-01-22 12:30:00,9.326447419510002,9.35363822831,9.199556978430001,9.199556978430001,8014
18,115,2019-01-22 13:00:00,9.199556978430001,9.326447419510002,9.1358398498,9.31738381658,10200
19,114,2019-01-22 13:30:00,9.30832021364,9.326447419510002,9.30832021364,9.31738381658,1200
20,113,2019-01-22 14:00:00,9.326447419510002,9.326447419510002,9.29019300777,9.326447419510002,9800
21,112,2019-01-22 14:30:00,9.326447419510002,9.326447419510002,9.30832021364,9.30832021364,2200
22,111,2019-01-22 15:00:00,9.30832021364,9.30832021364,9.199647614460002,9.299256610710001,6200
23,110,2019-01-22 15:30:00,9.299256610710001,9.299256610710001,9.299256610710001,9.299256610710001,4700
24,109,2019-01-22 16:00:00,9.299256610710001,9.31738381658,9.199556978430001,9.299256610710001,18762
25,108,2019-01-23 10:00:00,9.23581139017,9.23581139017,9.199556978430001,9.23581139017,1395
26,107,2019-01-23 11:00:00,9.22112835341,9.22556951885,9.22112835341,9.22556951885,2500
27,106,2019-01-23 11:30:00,9.229557504139999,9.23581139017,9.22303171003,9.23581139017,5130
28,105,2019-01-23 12:00:00,9.23581139017,9.2448749931,9.23581139017,9.2448749931,2800
29,104,2019-01-23 12:30:00,9.2448749931,9.25393859603,9.2448749931,9.25393859603,1200
30,103,2019-01-23 13:00:00,9.25393859603,9.2720658019,9.25303223574,9.2720658019,2960
31,102,2019-01-23 13:30:00,9.2720658019,9.2720658019,9.235902026189999,9.2720658019,2280
32,101,2019-01-23 14:00:00,9.2720658019,9.2720658019,9.2720658019,9.2720658019,1200
33,100,2019-01-23 14:30:00,9.2720658019,9.2720658019,9.2720658019,9.2720658019,1300
34,99,2019-01-23 15:00:00,9.2720658019,9.2720658019,9.2720658019,9.2720658019,1500
35,98,2019-01-23 15:30:00,9.2720658019,9.2720658019,9.2720658019,9.2720658019,1360
36,97,2019-01-23 16:00:00,9.2720658019,9.2720658019,9.23581139017,9.235902026189999,10600
37,96,2019-01-24 10:00:00,9.199556978430001,9.199556978430001,9.199556978430001,9.199556978430001,6100
38,95,2019-01-24 11:30:00,9.28112940484,9.28112940484,9.2720658019,9.2720658019,900
39,94,2019-01-24 12:00:00,9.2720658019,9.29019300777,9.2720658019,9.29019300777,1500
40,93,2019-01-24 12:30:00,9.26699018426,9.2720658019,9.26699018426,9.2720658019,4100
41,92,2019-01-24 13:00:00,9.2720658019,9.31738381658,9.2720658019,9.31738381658,900
42,91,2019-01-24 13:30:00,9.33551102244,9.39895624298,9.33551102244,9.37176543418,3600
43,90,2019-01-24 14:00:00,9.37176543418,9.37176543418,9.34457462538,9.34457462538,1200
44,89,2019-01-24 14:30:00,9.34457462538,9.38989264005,9.34457462538,9.38989264005,1749
45,88,2019-01-24 15:00:00,9.38989264005,9.38989264005,9.38082903712,9.38082903712,1400
46,87,2019-01-24 15:30:00,9.38082903712,9.38082903712,9.37176543418,9.38082903712,1500
47,86,2019-01-24 16:00:00,9.38082903712,9.426147051789998,9.38082903712,9.426147051789998,4100
48,85,2019-01-25 10:00:00,9.22674778723,9.299256610710001,9.20862058136,9.299256610710001,6341
49,84,2019-01-25 11:00:00,9.353094412139999,9.353094412139999,9.353094412139999,9.353094412139999,2500
50,83,2019-01-25 11:30:00,9.33478593421,9.33478593421,9.33478593421,9.33478593421,1000
51,82,2019-01-25 13:30:00,9.326447419510002,9.33551102244,9.30777639746,9.33551102244,600
52,81,2019-01-25 14:00:00,9.326447419510002,9.33551102244,9.31738381658,9.31738381658,800
53,80,2019-01-25 14:30:00,9.31738381658,9.34457462538,9.31738381658,9.34457462538,2927
54,79,2019-01-25 15:00:00,9.34457462538,9.426147051789998,9.30569176879,9.426147051789998,4050
55,78,2019-01-25 15:30:00,9.426147051789998,9.426147051789998,9.426147051789998,9.426147051789998,2000
56,77,2019-01-25 16:00:00,9.426147051789998,9.426147051789998,9.37638787168,9.426147051789998,8550
57,76,2019-01-28 11:30:00,9.426147051789998,9.426147051789998,9.426147051789998,9.426147051789998,3850
58,75,2019-01-28 12:00:00,9.38010394888,9.51678308113,9.38010394888,9.51678308113,5300
59,74,2019-01-28 12:30:00,9.65273712515,9.74337315449,9.65273712515,9.74337315449,721
60,73,2019-01-28 13:00:00,9.74337315449,9.74337315449,9.73430955156,9.73430955156,800
61,72,2019-01-28 13:30:00,9.73430955156,9.96089962492,9.71165054422,9.96089962492,5200
62,71,2019-01-28 14:00:00,9.96996322785,9.96996322785,9.74337315449,9.74337315449,3200
63,70,2019-01-28 14:30:00,9.74337315449,9.96089962492,9.74337315449,9.924645213180002,1300
64,69,2019-01-28 15:00:00,9.924645213180002,9.924645213180002,9.883858999980001,9.924645213180002,1600
65,68,2019-01-28 15:30:00,9.924645213180002,10.0379402499,9.51678308113,9.51678308113,17200
66,67,2019-01-28 16:00:00,9.51678308113,9.77962756623,9.426147051789998,9.76150036036,5004
67,66,2019-01-29 10:00:00,9.94277241905,10.1728972976,9.41708344885,9.62554631635,9710
68,65,2019-01-29 10:30:00,9.51678308113,9.562101095800001,9.426147051789998,9.49865587526,4010
69,64,2019-01-29 11:00:00,9.49865587526,9.54397388994,9.49865587526,9.54397388994,2800
70,63,2019-01-29 11:30:00,9.553037492869999,9.562101095800001,9.30832021364,9.30832021364,14100
71,62,2019-01-29 12:00:00,9.48959227233,9.48959227233,9.46240146353,9.48959227233,1000
72,61,2019-01-29 12:30:00,9.48959227233,9.534910287,9.48959227233,9.534910287,1500
73,60,2019-01-29 13:00:00,9.534910287,9.54397388994,9.3554509489,9.54397388994,2200
74,59,2019-01-29 13:30:00,9.54397388994,9.562101095800001,9.427506592230001,9.562101095800001,2200
75,58,2019-01-29 14:00:00,9.562101095800001,9.562101095800001,9.43521065472,9.562101095800001,1400
76,57,2019-01-29 14:30:00,9.43521065472,9.562101095800001,9.43521065472,9.553037492869999,3500
77,56,2019-01-29 15:00:00,9.553037492869999,9.562101095800001,9.47146506646,9.562101095800001,2075
78,55,2019-01-29 15:30:00,9.562101095800001,9.562101095800001,9.480528669389999,9.562101095800001,2100
79,54,2019-01-29 16:00:00,9.534910287,9.562101095800001,9.426147051789998,9.562101095800001,5900
80,53,2019-01-30 10:30:00,9.46240146353,9.46240146353,9.28112940484,9.28112940484,8660
81,52,2019-01-30 11:00:00,9.35817002978,9.35817002978,9.25393859603,9.25393859603,4335
82,51,2019-01-30 11:30:00,9.29019300777,9.29019300777,9.29019300777,9.29019300777,3000
83,50,2019-01-30 12:00:00,9.40801984592,9.41708344885,9.39895624298,9.41708344885,700
84,49,2019-01-30 12:30:00,9.41708344885,9.41708344885,9.39895624298,9.39895624298,1400
85,48,2019-01-30 13:00:00,9.40801984592,9.40801984592,9.39895624298,9.39895624298,1100
86,47,2019-01-30 13:30:00,9.39895624298,9.39895624298,9.33551102244,9.33551102244,1400
87,46,2019-01-30 14:00:00,9.33551102244,9.41708344885,9.325994239360002,9.41708344885,7600
88,45,2019-01-30 14:30:00,9.41708344885,9.571164698739999,9.41708344885,9.49865587526,5600
89,44,2019-01-30 15:00:00,9.48959227233,9.49865587526,9.47146506646,9.47146506646,2100
90,43,2019-01-30 15:30:00,9.47146506646,9.67086433102,9.426147051789998,9.48959227233,2272
91,42,2019-01-30 16:00:00,9.5077194782,9.51678308113,9.49865587526,9.51678308113,4200
92,41,2019-01-31 12:30:00,9.34457462538,9.34457462538,9.33551102244,9.33551102244,1000
93,40,2019-01-31 13:00:00,9.35363822831,9.35363822831,9.29019300777,9.29019300777,4100
94,39,2019-01-31 15:30:00,9.39895624298,9.39895624298,9.39895624298,9.39895624298,100
95,38,2019-01-31 16:00:00,9.5077194782,9.51587672084,9.457960298089999,9.5077194782,1900
96,37,2019-02-01 10:00:00,9.49865587526,9.49865587526,9.38318557388,9.38318557388,4644
97,36,2019-02-01 10:30:00,9.45206895618,9.45206895618,9.39895624298,9.41708344885,8850
98,35,2019-02-01 11:00:00,9.41708344885,9.49865587526,9.41708344885,9.48959227233,3660
99,34,2019-02-01 11:30:00,9.48959227233,9.48959227233,9.48959227233,9.48959227233,1500
100,33,2019-02-01 12:00:00,9.48959227233,9.661800728080001,9.48959227233,9.51678308113,1900
101,32,2019-02-01 12:30:00,9.51678308113,9.51678308113,9.51678308113,9.51678308113,1100
102,31,2019-02-01 13:00:00,9.51678308113,9.643673522210001,9.51678308113,9.643673522210001,5500
103,30,2019-02-01 13:30:00,9.62554631635,9.62554631635,9.598355507539999,9.60741911048,1000
104,29,2019-02-01 14:00:00,9.598355507539999,9.65273712515,9.598355507539999,9.643673522210001,900
105,28,2019-02-01 14:30:00,9.634609919279999,9.67992793395,9.62554631635,9.661800728080001,1100
106,27,2019-02-01 15:00:00,9.661800728080001,9.69805513982,9.634609919279999,9.634609919279999,1200
107,26,2019-02-01 15:30:00,9.62554631635,9.65273712515,9.60741911048,9.65273712515,1100
108,25,2019-02-01 16:00:00,9.65273712515,9.74337315449,9.65273712515,9.74337315449,3500
109,24,2019-02-04 12:30:00,9.57886876123,9.57886876123,9.57886876123,9.57886876123,600
110,23,2019-02-04 13:30:00,9.51678308113,9.52584668407,9.48859527601,9.51678308113,3950
111,22,2019-02-04 14:00:00,9.51678308113,9.51678308113,9.5077194782,9.5077194782,2300
112,21,2019-02-04 14:30:00,9.5077194782,9.51678308113,9.5077194782,9.51678308113,2500
113,20,2019-02-04 15:00:00,9.51678308113,9.51678308113,9.51678308113,9.51678308113,2500
114,19,2019-02-04 15:30:00,9.51678308113,9.51678308113,9.51678308113,9.51678308113,6600
115,18,2019-02-04 16:00:00,9.51678308113,9.51678308113,9.51678308113,9.51678308113,8200
116,17,2019-02-05 11:30:00,9.5077194782,9.51678308113,9.5077194782,9.51678308113,1847
117,16,2019-02-05 14:00:00,9.51678308113,9.51678308113,9.51678308113,9.51678308113,3100
118,15,2019-02-05 15:00:00,9.48161630175,9.51678308113,9.470014889989999,9.51678308113,1700
119,14,2019-02-05 15:30:00,9.49865587526,9.51678308113,9.47055870617,9.51678308113,4850
120,13,2019-02-06 10:00:00,9.51678308113,9.51678308113,9.51678308113,9.51678308113,100
121,12,2019-02-06 13:30:00,9.40801984592,9.40801984592,9.40801984592,9.40801984592,500
122,11,2019-02-07 10:00:00,9.40801984592,9.40801984592,9.37992267682,9.407113485630001,1235
123,10,2019-02-07 12:00:00,9.40801984592,9.51678308113,9.40801984592,9.51678308113,3833
124,9,2019-02-07 13:00:00,9.426147051789998,9.426147051789998,9.426147051789998,9.426147051789998,100
125,8,2019-02-07 13:30:00,9.41708344885,9.41708344885,9.41708344885,9.41708344885,100
126,7,2019-02-07 14:30:00,9.41708344885,9.41708344885,9.41708344885,9.41708344885,100
127,6,2019-02-07 16:00:00,9.41708344885,9.41708344885,9.41708344885,9.41708344885,200
128,5,2019-02-08 12:30:00,9.39107090843,9.39107090843,9.39107090843,9.39107090843,490
129,4,2019-02-08 15:30:00,9.426147051789998,9.44427425766,9.426056415760002,9.44427425766,3166
130,3,2019-02-11 15:30:00,9.44427425766,9.44427425766,9.426147051789998,9.426147051789998,2155
131,2,2019-02-11 16:00:00,9.426147051789998,9.426147051789998,9.426147051789998,9.426147051789998,2082
132,1,2019-02-12 15:00:00,9.426147051789998,9.51678308113,9.426147051789998,9.51678308113,4718
133,0,2019-02-12 16:00:00,9.49865587526,9.51678308113,9.49865587526,9.51678308113,1149
