,index,time,open,high,low,close,volume
0,270,2020-03-09 10:00:00,1.28,1.28,1.2261,1.2261,11495
1,269,2020-03-09 10:30:00,1.22,1.2574,1.22,1.2574,2318
2,268,2020-03-09 11:00:00,1.2483,1.2483,1.22,1.22,623
3,267,2020-03-09 11:30:00,1.21,1.21,1.1999,1.1999,7951
4,266,2020-03-09 12:00:00,1.2,1.2,1.1981,1.2,5000
5,265,2020-03-09 12:30:00,1.1901,1.195,1.19,1.19,7000
6,264,2020-03-09 13:00:00,1.19,1.19,1.19,1.19,2470
7,263,2020-03-09 13:30:00,1.1928,1.195,1.19,1.1901,2100
8,262,2020-03-09 14:00:00,1.19,1.19,1.18,1.185,4790
9,261,2020-03-09 15:00:00,1.18,1.185,1.18,1.185,400
10,260,2020-03-09 15:30:00,1.15,1.17,1.13,1.155,2900
11,259,2020-03-09 16:00:00,1.16,1.17,1.1573,1.17,1555
12,258,2020-03-10 10:00:00,1.2,1.24,1.2,1.24,3792
13,257,2020-03-10 11:00:00,1.245,1.245,1.245,1.245,300
14,256,2020-03-10 11:30:00,1.245,1.245,1.22,1.22,1359
15,255,2020-03-10 12:00:00,1.22,1.22,1.2,1.2,9900
16,254,2020-03-10 12:30:00,1.2,1.2,1.2,1.2,675
17,253,2020-03-10 13:00:00,1.1845,1.19,1.1845,1.185,841
18,252,2020-03-10 13:30:00,1.185,1.19,1.185,1.19,315
19,251,2020-03-10 14:00:00,1.181,1.181,1.181,1.181,192
20,250,2020-03-10 14:30:00,1.18,1.18,1.18,1.18,300
21,249,2020-03-10 15:00:00,1.1687,1.1687,1.15,1.15,900
22,248,2020-03-10 15:30:00,1.17,1.2,1.17,1.2,1500
23,247,2020-03-10 16:00:00,1.22,1.22,1.22,1.22,300
24,246,2020-03-11 10:00:00,1.21,1.21,1.19,1.19,19600
25,245,2020-03-11 11:00:00,1.16,1.16,1.16,1.16,1000
26,244,2020-03-11 11:30:00,1.17,1.17,1.1501,1.1501,16100
27,243,2020-03-11 12:00:00,1.16,1.17,1.16,1.17,854
28,242,2020-03-11 13:00:00,1.1671,1.1671,1.1671,1.1671,1000
29,241,2020-03-11 14:30:00,1.17,1.17,1.17,1.17,100
30,240,2020-03-11 15:30:00,1.17,1.17,1.17,1.17,278
31,239,2020-03-11 16:00:00,1.16,1.18,1.16,1.17,2298
32,238,2020-03-12 10:30:00,1.11,1.11,1.05,1.06,44491
33,237,2020-03-12 11:00:00,1.0587,1.07,1.0587,1.0659,2865
34,236,2020-03-12 11:30:00,1.06,1.06,1.0502,1.0555,830
35,235,2020-03-12 12:00:00,1.05,1.05,1.04,1.04,10350
36,234,2020-03-12 12:30:00,1.04,1.04,1.03,1.03,2300
37,233,2020-03-12 13:00:00,1.03,1.03,1.03,1.03,11000
38,232,2020-03-12 13:30:00,1.04,1.04,1.04,1.04,191
39,231,2020-03-12 14:00:00,1.04,1.04,1.04,1.04,100
40,230,2020-03-12 14:30:00,1.0401,1.0529,1.0401,1.0521,3040
41,229,2020-03-12 15:00:00,1.06,1.06,1.06,1.06,104
42,228,2020-03-12 15:30:00,1.04,1.06,1.04,1.06,2290
43,227,2020-03-12 16:00:00,1.04,1.06,1.04,1.06,2804
44,226,2020-03-13 10:00:00,1.05,1.094,1.05,1.05,16564
45,225,2020-03-13 10:30:00,1.0664,1.0816,1.0529,1.0529,820
46,224,2020-03-13 11:00:00,1.0571,1.068,1.0571,1.06,3120
47,223,2020-03-13 11:30:00,1.06,1.06,1.05,1.05,2200
48,222,2020-03-13 12:00:00,1.05,1.0541,1.05,1.0541,200
49,221,2020-03-13 12:30:00,1.05,1.05,1.05,1.05,2400
50,220,2020-03-13 13:00:00,1.06,1.06,1.05,1.05,3836
51,219,2020-03-13 14:00:00,1.06,1.06,1.06,1.06,100
52,218,2020-03-13 14:30:00,1.06,1.06,1.06,1.06,151
53,217,2020-03-13 15:00:00,1.0619,1.0619,1.0619,1.0619,600
54,216,2020-03-13 15:30:00,1.06,1.06,1.06,1.06,200
55,215,2020-03-13 16:00:00,1.0551,1.06,1.05,1.055,2024
56,214,2020-03-16 10:00:00,1.05,1.0574,1.05,1.05,16990
57,213,2020-03-16 10:30:00,1.05,1.06,1.05,1.05,10500
58,212,2020-03-16 11:00:00,1.05,1.05,1.05,1.05,12800
59,211,2020-03-16 11:30:00,1.055,1.055,1.05,1.055,4100
60,210,2020-03-16 12:00:00,1.0507,1.055,1.05,1.0508,2065
61,209,2020-03-16 12:30:00,1.055,1.055,1.055,1.055,100
62,208,2020-03-16 13:30:00,1.055,1.06,1.05,1.05,6009
63,207,2020-03-16 14:30:00,1.05,1.05,1.05,1.05,1006
64,206,2020-03-16 15:00:00,1.05,1.05,1.05,1.05,2390
65,205,2020-03-16 15:30:00,1.02,1.03,1.02,1.03,1162
66,204,2020-03-16 16:00:00,1.0325,1.04,1.02,1.0201,14730
67,203,2020-03-17 10:00:00,1.04,1.05,1.04,1.05,1706
68,202,2020-03-17 10:30:00,1.05,1.0685,1.05,1.0685,2328
69,201,2020-03-17 11:00:00,1.0602,1.0602,1.06,1.06,1100
70,200,2020-03-17 11:30:00,1.0501,1.0501,1.045,1.045,10581
71,199,2020-03-17 12:00:00,1.05,1.05,1.04,1.0461,1824
72,198,2020-03-17 12:30:00,1.05,1.05,1.0499,1.05,7981
73,197,2020-03-17 13:00:00,1.04,1.045,1.04,1.045,8597
74,196,2020-03-17 13:30:00,1.05,1.05,1.045,1.05,10800
75,195,2020-03-17 14:00:00,1.04,1.0401,1.03,1.03,19700
76,194,2020-03-17 14:30:00,1.03,1.03,1.03,1.03,400
77,193,2020-03-17 15:00:00,1.03,1.04,1.03,1.04,875
78,192,2020-03-17 15:30:00,1.035,1.04,1.03,1.04,1100
79,191,2020-03-17 16:00:00,1.03,1.035,1.03,1.03,1000
80,190,2020-03-18 10:00:00,1.05,1.05,1.04,1.04,3500
81,189,2020-03-18 10:30:00,1.02,1.02,1.02,1.02,310
82,188,2020-03-18 11:00:00,1.02,1.03,1.02,1.03,4395
83,187,2020-03-18 11:30:00,1.02,1.03,1.02,1.02,5100
84,186,2020-03-18 12:00:00,1.02,1.03,1.02,1.03,2964
85,185,2020-03-18 12:30:00,1.02,1.02,1.02,1.02,3685
86,184,2020-03-18 13:00:00,1.02,1.02,1.02,1.02,8156
87,183,2020-03-18 13:30:00,1.03,1.04,1.02,1.0201,7410
88,182,2020-03-18 14:00:00,1.02,1.03,1.02,1.03,1048
89,181,2020-03-18 14:30:00,1.02,1.03,1.02,1.03,2100
90,180,2020-03-18 15:00:00,1.03,1.0345,1.03,1.0345,1240
91,179,2020-03-18 15:30:00,1.03,1.03,1.03,1.03,200
92,178,2020-03-18 16:00:00,1.03,1.04,1.03,1.03,9562
93,177,2020-03-19 10:00:00,1.02,1.035,0.9766,0.9766,46054
94,176,2020-03-19 10:30:00,1.01,1.01,1.0,1.0,7345
95,175,2020-03-19 11:00:00,1.01,1.043,1.005,1.043,48291
96,174,2020-03-19 11:30:00,1.04,1.06,1.04,1.05,10844
97,173,2020-03-19 12:30:00,1.0541,1.0541,1.05,1.05,3520
98,172,2020-03-19 13:00:00,1.05,1.0579,1.05,1.0579,7000
99,171,2020-03-19 14:00:00,1.06,1.06,1.055,1.055,617
100,170,2020-03-19 14:30:00,1.06,1.06,1.06,1.06,300
101,169,2020-03-19 15:00:00,1.06,1.06,1.05,1.06,570
102,168,2020-03-19 15:30:00,1.06,1.06,1.06,1.06,100
103,167,2020-03-19 16:00:00,1.06,1.07,1.05,1.07,3905
104,166,2020-03-20 10:00:00,1.0729,1.1,1.0729,1.1,7965
105,165,2020-03-20 10:30:00,1.15,1.16,1.15,1.16,10918
106,164,2020-03-20 11:00:00,1.157,1.16,1.15,1.16,6507
107,163,2020-03-20 11:30:00,1.1599,1.18,1.1599,1.18,7438
108,162,2020-03-20 12:00:00,1.19,1.19,1.18,1.18,2800
109,161,2020-03-20 12:30:00,1.18,1.185,1.11,1.1156,6349
110,160,2020-03-20 13:00:00,1.11,1.11,1.09,1.0929,7550
111,159,2020-03-20 13:30:00,1.0929,1.095,1.09,1.095,2100
112,158,2020-03-20 14:00:00,1.1,1.1,1.09,1.0913,13797
113,157,2020-03-20 14:30:00,1.0677,1.0677,1.0677,1.0677,100
114,156,2020-03-20 15:00:00,1.06,1.06,1.02,1.02,110100
115,155,2020-03-20 15:30:00,1.0372,1.0372,1.0372,1.0372,612
116,154,2020-03-20 16:00:00,1.01,1.01,1.01,1.01,137
117,153,2020-03-23 10:00:00,0.96,0.96,0.9227,0.96,154542
118,152,2020-03-23 10:30:00,0.96,0.96,0.94,0.94,32150
119,151,2020-03-23 11:00:00,0.9373,0.96,0.9338,0.9375,10440
120,150,2020-03-23 11:30:00,0.9599,0.96,0.9501,0.96,11103
121,149,2020-03-23 12:00:00,0.940301,0.940301,0.8801,0.91,21581
122,148,2020-03-23 12:30:00,0.91,0.96,0.9,0.96,7282
123,147,2020-03-23 13:00:00,0.9401,0.96,0.9401,0.96,2055
124,146,2020-03-23 13:30:00,0.96,0.96,0.96,0.96,1000
125,145,2020-03-23 14:00:00,0.96,0.96,0.9424,0.9424,2411
126,144,2020-03-23 14:30:00,0.9446,0.9446,0.9446,0.9446,100
127,143,2020-03-23 15:00:00,0.96,0.96,0.9401,0.96,33081
128,142,2020-03-23 15:30:00,0.9101,0.95,0.9101,0.95,300
129,141,2020-03-23 16:00:00,0.96,0.96,0.9201,0.94,13611
130,140,2020-03-24 10:00:00,1.0124,1.06,1.0124,1.06,355
131,139,2020-03-24 10:30:00,1.05,1.0507,1.01,1.01,7300
132,138,2020-03-24 11:00:00,1.04,1.05,1.04,1.0436,5100
133,137,2020-03-24 11:30:00,1.0118,1.03,1.0118,1.03,1100
134,136,2020-03-24 12:00:00,1.03,1.03,1.03,1.03,600
135,135,2020-03-24 12:30:00,1.0299,1.03,1.02,1.02,7476
136,134,2020-03-24 13:00:00,1.025,1.03,1.02,1.03,5520
137,133,2020-03-24 13:30:00,1.03,1.04,1.0275,1.04,700
138,132,2020-03-24 14:30:00,1.04,1.04,1.03,1.03,300
139,131,2020-03-24 15:00:00,1.03,1.03,1.03,1.03,300
140,130,2020-03-24 15:30:00,1.04,1.0539,1.0339,1.0339,600
141,129,2020-03-24 16:00:00,1.025,1.04,1.025,1.03,6750
142,128,2020-03-25 10:00:00,1.0,1.1,0.95,1.08,15393
143,127,2020-03-25 10:30:00,1.08,1.0834,1.05,1.08,10502
144,126,2020-03-25 11:00:00,1.05,1.08,1.03,1.08,16204
145,125,2020-03-25 11:30:00,1.06,1.08,1.05,1.075,6204
146,124,2020-03-25 12:00:00,1.05,1.075,1.05,1.055,1300
147,123,2020-03-25 12:30:00,1.05,1.05,1.05,1.05,100
148,122,2020-03-25 13:00:00,1.055,1.055,1.055,1.055,700
149,121,2020-03-25 13:30:00,1.05,1.05,1.04,1.04,2205
150,120,2020-03-25 14:30:00,1.05,1.05,1.04,1.04,802
151,119,2020-03-25 15:00:00,1.04,1.04,1.04,1.04,100
152,118,2020-03-25 15:30:00,1.04,1.04,1.04,1.04,956
153,117,2020-03-25 16:00:00,1.05,1.05,1.0371,1.04,3683
154,116,2020-03-26 10:00:00,1.04,1.1,1.04,1.095,3900
155,115,2020-03-26 10:30:00,1.1,1.1,1.03,1.05,6850
156,114,2020-03-26 11:00:00,1.05,1.09,1.045,1.045,3352
157,113,2020-03-26 11:30:00,1.05,1.05,1.04,1.05,800
158,112,2020-03-26 12:00:00,1.05,1.05,1.0473,1.05,4100
159,111,2020-03-26 12:30:00,1.05,1.05,1.0364,1.04,1963
160,110,2020-03-26 13:00:00,1.04,1.04,1.0218,1.0218,12384
161,109,2020-03-26 14:00:00,1.03,1.03,1.02,1.02,635
162,108,2020-03-26 14:30:00,1.0244,1.0279,1.02,1.02,2335
163,107,2020-03-26 15:00:00,1.02,1.02,1.01,1.01,1900
164,106,2020-03-26 15:30:00,1.01,1.01,0.99,0.9929,21246
165,105,2020-03-26 16:00:00,0.995,0.9997,0.9936,0.9936,1774
166,104,2020-03-27 10:00:00,0.95,1.0,0.95,1.0,6536
167,103,2020-03-27 10:30:00,0.98,1.05,0.98,1.001,14902
168,102,2020-03-27 11:00:00,1.02,1.02,1.001,1.001,2371
169,101,2020-03-27 11:30:00,1.0099,1.0099,1.0,1.0,3426
170,100,2020-03-27 12:30:00,1.015,1.015,1.01,1.01,593
171,99,2020-03-27 13:00:00,1.015,1.03,1.015,1.03,6263
172,98,2020-03-27 13:30:00,1.021,1.0256,1.02,1.02,2017
173,97,2020-03-27 14:00:00,1.0325,1.0325,1.03,1.03,440
174,96,2020-03-27 14:30:00,1.03,1.04,1.03,1.04,2400
175,95,2020-03-27 15:00:00,1.03,1.04,1.0221,1.0221,4900
176,94,2020-03-27 15:30:00,1.0269,1.04,1.02,1.02,4083
177,93,2020-03-27 16:00:00,1.0,1.0,0.95,0.9889,52981
178,92,2020-03-30 10:00:00,1.03,1.05,1.01,1.0399,8708
179,91,2020-03-30 10:30:00,1.0,1.0273,1.0,1.0251,8008
180,90,2020-03-30 11:00:00,1.02,1.04,1.01,1.04,8835
181,89,2020-03-30 11:30:00,1.04,1.05,1.04,1.05,12246
182,88,2020-03-30 12:00:00,1.05,1.05,1.0101,1.04,2400
183,87,2020-03-30 12:30:00,1.04,1.04,1.035,1.035,313
184,86,2020-03-30 13:00:00,1.04,1.0488,1.0394,1.0394,580
185,85,2020-03-30 13:30:00,1.03,1.04,1.03,1.03,1800
186,84,2020-03-30 14:00:00,1.04,1.07,1.0399,1.05,6570
187,83,2020-03-30 14:30:00,1.05,1.05,1.05,1.05,1300
188,82,2020-03-30 15:00:00,1.04,1.05,1.04,1.05,3501
189,81,2020-03-30 15:30:00,1.05,1.05,1.05,1.05,1822
190,80,2020-03-30 16:00:00,1.05,1.05,1.0473,1.0473,12600
191,79,2020-03-31 10:00:00,1.03,1.0401,1.03,1.0401,5202
192,78,2020-03-31 10:30:00,1.04,1.05,1.03,1.05,7400
193,77,2020-03-31 11:00:00,1.05,1.05,1.045,1.05,1650
194,76,2020-03-31 11:30:00,1.05,1.05,1.04,1.04,17627
195,75,2020-03-31 12:00:00,1.05,1.05,1.04,1.0467,600
196,74,2020-03-31 12:30:00,1.05,1.05,1.045,1.05,1350
197,73,2020-03-31 13:00:00,1.05,1.05,1.05,1.05,1400
198,72,2020-03-31 13:30:00,1.05,1.05,1.05,1.05,1300
199,71,2020-03-31 14:00:00,1.05,1.05,1.04,1.04,1100
200,70,2020-03-31 14:30:00,1.0458,1.05,1.0458,1.05,2494
201,69,2020-03-31 15:00:00,1.05,1.05,1.045,1.0499,3320
202,68,2020-03-31 15:30:00,1.05,1.05,1.05,1.05,1747
203,67,2020-03-31 16:00:00,1.05,1.05,1.05,1.05,17609
204,66,2020-04-01 08:30:00,1.05,1.05,1.05,1.05,100
205,65,2020-04-01 10:00:00,1.03,1.05,1.01,1.045,22385
206,64,2020-04-01 10:30:00,1.05,1.05,1.045,1.045,27400
207,63,2020-04-01 11:00:00,1.05,1.05,1.04,1.04,5600
208,62,2020-04-01 11:30:00,1.03,1.031,1.0,1.02,22000
209,61,2020-04-01 12:00:00,1.04,1.04,1.03,1.03,1101
210,60,2020-04-01 12:30:00,1.03,1.03,1.03,1.03,2700
211,59,2020-04-01 13:00:00,1.01,1.01,1.01,1.01,3000
212,58,2020-04-01 13:30:00,1.01,1.01,1.01,1.01,1200
213,57,2020-04-01 14:00:00,1.01,1.01,1.0,1.01,16882
214,56,2020-04-01 14:30:00,1.01,1.01,1.01,1.01,1200
215,55,2020-04-01 15:00:00,1.01,1.01,1.01,1.01,1200
216,54,2020-04-01 15:30:00,1.01,1.01,1.01,1.01,1200
217,53,2020-04-01 16:00:00,1.01,1.05,1.0085,1.05,28231
218,52,2020-04-02 10:00:00,1.05,1.05,1.03,1.03,3404
219,51,2020-04-02 10:30:00,1.05,1.05,1.04,1.04,4100
220,50,2020-04-02 11:00:00,1.05,1.05,1.04,1.04,2049
221,49,2020-04-02 11:30:00,1.05,1.05,1.045,1.045,2400
222,48,2020-04-02 12:00:00,1.045,1.05,1.045,1.045,2000
223,47,2020-04-02 13:00:00,1.05,1.05,1.045,1.05,2400
224,46,2020-04-02 13:30:00,1.05,1.05,1.05,1.05,1000
225,45,2020-04-02 14:00:00,1.05,1.05,1.045,1.045,982
226,44,2020-04-02 14:30:00,1.05,1.05,1.05,1.05,2200
227,43,2020-04-02 15:00:00,1.05,1.05,1.03,1.035,5151
228,42,2020-04-02 15:30:00,1.03,1.04,1.03,1.04,1400
229,41,2020-04-02 16:00:00,1.04,1.04,1.02,1.03,23832
230,40,2020-04-03 10:00:00,1.03,1.04,1.03,1.04,3441
231,39,2020-04-03 10:30:00,1.04,1.04,1.035,1.035,1700
232,38,2020-04-03 11:00:00,1.03,1.04,1.03,1.04,2421
233,37,2020-04-03 11:30:00,1.04,1.04,1.03,1.035,13480
234,36,2020-04-03 12:00:00,1.014,1.02,0.9784,0.9784,60900
235,35,2020-04-03 12:30:00,0.979029,0.979029,0.979029,0.979029,1000
236,34,2020-04-03 13:00:00,0.9798,1.0,0.97485,1.0,6320
237,33,2020-04-03 13:30:00,0.9951,0.9999,0.9951,0.9997,1000
238,32,2020-04-03 14:00:00,0.9996,0.9996,0.9949,0.9949,428
239,31,2020-04-03 14:30:00,0.9995,0.9995,0.9993,0.9993,400
240,30,2020-04-03 15:00:00,0.9992,0.9992,0.9992,0.9992,300
241,29,2020-04-03 15:30:00,0.9990000000000001,1.02,0.9903,1.0,21130
242,28,2020-04-03 16:00:00,1.0,1.02,0.9902,1.02,15002
243,27,2020-04-06 10:00:00,1.02,1.02,0.99,1.0,34712
244,26,2020-04-06 10:30:00,1.0,1.04,1.0,1.0101,33441
245,25,2020-04-06 11:00:00,1.01,1.01,0.9901,0.9973,76763
246,24,2020-04-06 11:30:00,0.9999,0.9999,0.9999,0.9999,100
247,23,2020-04-06 12:00:00,0.99,0.9995,0.99,0.9995,8000
248,22,2020-04-06 12:30:00,0.9994,1.0,0.9992,1.0,3000
249,21,2020-04-06 13:00:00,1.0,1.0,1.0,1.0,7600
250,20,2020-04-06 13:30:00,0.9918299999999999,0.9918299999999999,0.9911,0.9911,400
251,19,2020-04-06 14:00:00,0.9902,0.9998,0.9901,0.9997,8324
252,18,2020-04-06 14:30:00,0.9996,0.9996,0.9996,0.9996,200
253,17,2020-04-06 15:00:00,0.9901,0.9902,0.97,0.97,35025
254,16,2020-04-06 15:30:00,0.97,0.9999,0.9601,0.9999,3717
255,15,2020-04-06 16:00:00,0.9999,1.0,0.9604010000000001,1.0,50837
256,14,2020-04-06 20:00:00,1.0,1.0,1.0,1.0,500
257,13,2020-04-07 10:00:00,1.04,1.04,1.03,1.04,8490
258,12,2020-04-07 10:30:00,1.05,1.05,1.045,1.05,3400
259,11,2020-04-07 11:00:00,1.05,1.05,1.04,1.045,6700
260,10,2020-04-07 11:30:00,1.05,1.05,0.9901,1.0,13481
261,9,2020-04-07 12:00:00,0.99,1.0,0.99,0.9999,1100
262,8,2020-04-07 12:30:00,0.9999,1.0,0.9951,0.9951,2800
263,7,2020-04-07 13:00:00,0.9904,1.0,0.9904,0.9905,2800
264,6,2020-04-07 13:30:00,1.0,1.0,0.9953,1.0,16508
265,5,2020-04-07 14:00:00,1.0,1.0,1.0,1.0,1800
266,4,2020-04-07 14:30:00,1.0,1.0,1.0,1.0,1411
267,3,2020-04-07 15:00:00,0.9913,1.0,0.9913,1.0,2160
268,2,2020-04-07 15:30:00,1.0,1.0,0.9915,1.0,2701
269,1,2020-04-07 16:00:00,1.0,1.0,0.99755,1.0,11020
270,0,2020-04-07 17:30:00,1.01,1.01,1.01,1.01,500
