,index,time,open,high,low,close,volume
0,317,2018-10-16 10:00:00,19.5181039934,19.5568303902,19.3728800053,19.5084223942,70106
1,316,2018-10-16 10:30:00,19.4890591958,19.6003975866,19.4890591958,19.5568303902,45962
2,315,2018-10-16 11:00:00,19.5568303902,19.692372779,19.547148790999998,19.6730095806,26486
3,314,2018-10-16 11:30:00,19.6730095806,19.7504623743,19.6342831838,19.7456215747,25573
4,313,2018-10-16 12:00:00,19.7504623743,19.7988703703,19.721417576700002,19.7988703703,33566
5,312,2018-10-16 12:30:00,19.8085519695,19.8472783663,19.721417576700002,19.8085519695,112634
6,311,2018-10-16 13:00:00,19.7988703703,19.8472783663,19.789188771099997,19.8375967671,30116
7,310,2018-10-16 13:30:00,19.8375967671,19.9247311599,19.8182335687,19.915049560699998,70740
8,309,2018-10-16 14:00:00,19.9198903603,20.089318346400002,19.910208761099998,20.0118655527,271160
9,308,2018-10-16 14:30:00,20.0118655527,20.089318346400002,20.0118655527,20.089318346400002,99261
10,307,2018-10-16 15:00:00,20.0989999456,20.1038407452,20.0360695508,20.0505919496,118025
11,306,2018-10-16 15:30:00,20.0554327492,20.1086815448,20.0409103504,20.0989999456,141914
12,305,2018-10-16 16:00:00,20.0989999456,20.1958159376,20.0989999456,20.1861343384,337044
13,304,2018-10-16 16:30:00,20.1861343384,20.1861343384,20.1861343384,20.1861343384,19752
14,303,2018-10-17 10:00:00,20.0409131199,20.060276321,19.8666443101,19.9973459174,207398
15,302,2018-10-17 10:30:00,19.9973459174,20.060276321,19.8569627096,19.8763259107,301143
16,301,2018-10-17 11:00:00,19.8763259107,19.8763259107,19.6004002953,19.7359427028,192125
17,300,2018-10-17 11:30:00,19.7359427028,19.7649875045,19.6342858972,19.7020571009,98245
18,299,2018-10-17 12:00:00,19.6972163007,19.7311019026,19.6439674977,19.6730122993,61527
19,298,2018-10-17 12:30:00,19.6730122993,19.7795099053,19.6633306988,19.7359427028,59106
20,297,2018-10-17 13:00:00,19.7407835031,19.7988731063,19.7311019026,19.789191505799998,46138
21,296,2018-10-17 13:30:00,19.7988731063,19.8666443101,19.7795099053,19.7795099053,68354
22,295,2018-10-17 14:00:00,19.789191505799998,19.8085547069,19.7504651036,19.755305903900002,35598
23,294,2018-10-17 14:30:00,19.7601467042,19.8085547069,19.7117387015,19.7504651036,65635
24,293,2018-10-17 15:00:00,19.7601467042,19.8811667109,19.7407835031,19.8666443101,95358
25,292,2018-10-17 15:30:00,19.8666443101,19.9344155139,19.8666443101,19.9150523128,121558
26,291,2018-10-17 16:00:00,19.9150523128,19.9489379147,19.8666443101,19.9150523128,276959
27,290,2018-10-17 16:30:00,19.9053707123,19.9053707123,19.9053707123,19.9053707123,16084
28,289,2018-10-18 10:00:00,19.7601426093,20.0021825726,19.740779412200002,19.9344113829,41560
29,288,2018-10-18 10:30:00,19.9247297844,20.0021825726,19.895684988800003,19.9876601748,25682
30,287,2018-10-18 11:00:00,19.9925009741,19.9925009741,19.8182322005,19.9440929814,40153
31,286,2018-10-18 11:30:00,19.9344113829,19.9344113829,19.7020530181,19.7117346166,51412
32,285,2018-10-18 12:00:00,19.6923714195,19.7310978137,19.5761922371,19.6052370327,34091
33,284,2018-10-18 12:30:00,19.6149186312,19.6439634269,19.5471474415,19.6052370327,30343
34,283,2018-10-18 13:00:00,19.5955554342,19.6633266239,19.5665106386,19.5955554342,22551
35,282,2018-10-18 13:30:00,19.5907146349,19.6246002298,19.469694653199998,19.498739448800002,28417
36,281,2018-10-18 14:00:00,19.498739448800002,19.5084210474,19.401923463499998,19.430968259100002,46280
37,280,2018-10-18 14:30:00,19.430968259100002,19.537465843,19.430968259100002,19.5181026459,47375
38,279,2018-10-18 15:00:00,19.5084210474,19.6633266239,19.4815062034,19.6149186312,63893
39,278,2018-10-18 15:30:00,19.6052370327,19.6149186312,19.4406498576,19.5084210474,64492
40,277,2018-10-18 16:00:00,19.498739448800002,19.55682904,19.4793762518,19.5181026459,160764
41,276,2018-10-18 16:30:00,19.5181026459,19.5181026459,19.5181026459,19.5181026459,20743
42,275,2018-10-19 10:00:00,19.5277852461,19.6246012364,19.421287656700002,19.6246012364,80390
43,274,2018-10-19 10:30:00,19.6246012364,19.6633276325,19.5277852461,19.5277852461,77539
44,273,2018-10-19 11:00:00,19.5374668451,19.5761932412,19.4067652582,19.4593363409,41721
45,272,2018-10-19 11:30:00,19.4600140529,19.518103647,19.2567004732,19.2954268693,51871
46,271,2018-10-19 12:00:00,19.3002676688,19.3341532654,19.247018874200002,19.3341532654,56856
47,270,2018-10-19 12:30:00,19.3341532654,19.3341532654,19.130839685799998,19.1453620843,50031
48,269,2018-10-19 13:00:00,19.140521284800002,19.179247680899998,19.1114764877,19.1744068814,69394
49,268,2018-10-19 13:30:00,19.179247680899998,19.198610879,19.0727500916,19.184088480499998,70559
50,267,2018-10-19 14:00:00,19.179247680899998,19.193770079500002,19.0824316906,19.0921132897,50136
51,266,2018-10-19 14:30:00,19.0872724901,19.179247680899998,19.000138098900003,19.1502028839,66766
52,265,2018-10-19 15:00:00,19.140521284800002,19.2179740771,19.1211580868,19.1695660819,57972
53,264,2018-10-19 15:30:00,19.1744068814,19.1744068814,19.0630684926,19.1114764877,94107
54,263,2018-10-19 16:00:00,19.1017948887,19.1356804853,19.0630684926,19.0727500916,218250
55,262,2018-10-19 16:30:00,19.0727500916,19.0727500916,19.0727500916,19.0727500916,9840
56,261,2018-10-22 10:00:00,19.1986146174,19.4116098376,19.193773817,19.2518634225,98880
57,260,2018-10-22 10:30:00,19.247022622,19.2663858238,19.101798608299998,19.188933016500002,170151
58,259,2018-10-22 11:00:00,19.188933016500002,19.4019282367,19.188933016500002,19.3244754293,114867
59,258,2018-10-22 11:30:00,19.3244754293,19.4309730394,19.2760674248,19.3825650348,96907
60,257,2018-10-22 12:00:00,19.3825650348,19.4503362413,19.3051122275,19.3244754293,80267
61,256,2018-10-22 12:30:00,19.3341570303,19.377724234400002,19.2615450234,19.2857490257,77304
62,255,2018-10-22 13:00:00,19.2857490257,19.2857490257,19.1986146174,19.2857490257,52895
63,254,2018-10-22 13:30:00,19.2857490257,19.3051122275,19.2179778193,19.256704222899998,58248
64,253,2018-10-22 14:00:00,19.256704222899998,19.2615450234,19.1792514156,19.188933016500002,86170
65,252,2018-10-22 14:30:00,19.188933016500002,19.2082962183,19.0727538055,19.101798608299998,98624
66,251,2018-10-22 15:00:00,19.101798608299998,19.2373410211,19.0921170073,19.2179778193,262587
67,250,2018-10-22 15:30:00,19.2082962183,19.3341570303,19.1792514156,19.193773817,415285
68,249,2018-10-22 16:00:00,19.1986146174,19.1986146174,19.0533906037,19.0630722046,412357
69,248,2018-10-22 16:30:00,19.0630722046,19.0630722046,19.0630722046,19.0630722046,19945
70,247,2018-10-23 10:00:00,18.646762529300002,18.6951705317,18.5305833235,18.559628125,82123
71,246,2018-10-23 10:30:00,18.5305833235,18.559628125,18.3756777158,18.3853593163,118101
72,245,2018-10-23 11:00:00,18.3853593163,18.5693097255,18.3175881129,18.4918569216,102243
73,244,2018-10-23 11:30:00,18.4918569216,18.6322401286,18.4724937206,18.6273993284,89873
74,243,2018-10-23 12:00:00,18.6273993284,18.675807330799998,18.4918569216,18.4918569216,57034
75,242,2018-10-23 12:30:00,18.5015385221,18.6564441298,18.4724937206,18.646762529300002,61724
76,241,2018-10-23 13:00:00,18.6419217291,18.6854889312,18.5063793223,18.5063793223,56932
77,240,2018-10-23 13:30:00,18.4918569216,18.5886729264,18.4918569216,18.5112201226,87941
78,239,2018-10-23 14:00:00,18.5015385221,18.5499465245,18.3466329144,18.3756777158,89643
79,238,2018-10-23 14:30:00,18.3853593163,18.5693097255,18.3563145148,18.540264924000002,90548
80,237,2018-10-23 15:00:00,18.540264924000002,18.6080361274,18.5112201226,18.5693097255,143380
81,236,2018-10-23 15:30:00,18.5789913259,18.6177177279,18.5063793223,18.583832126199997,143129
82,235,2018-10-23 16:00:00,18.5789913259,18.5983545269,18.4047225173,18.4240857182,360741
83,234,2018-10-23 16:30:00,18.4337673187,18.4337673187,18.4337673187,18.4337673187,5603
84,233,2018-10-23 17:00:00,18.4337673187,18.4337673187,18.4337673187,18.4337673187,1372
85,232,2018-10-24 10:00:00,18.4821704742,18.6273944434,18.365991298900003,18.5838272527,102274
86,231,2018-10-24 10:30:00,18.578986453699997,18.6080312475,18.5015336701,18.5499416599,161163
87,230,2018-10-24 11:00:00,18.5499416599,18.6273944434,18.530578464,18.6080312475,132279
88,229,2018-10-24 11:30:00,18.6080312475,18.6854840311,18.365991298900003,18.4047176907,487696
89,228,2018-10-24 12:00:00,18.4047176907,18.6080312475,18.395036092799998,18.5693048557,98149
90,227,2018-10-24 12:30:00,18.5693048557,18.5693048557,18.3756728969,18.3853544948,53195
91,226,2018-10-24 13:00:00,18.3756728969,18.4047176907,18.3079017113,18.346628103,80939
92,225,2018-10-24 13:30:00,18.346628103,18.346628103,18.2158297148,18.2207673298,65543
93,224,2018-10-24 14:00:00,18.2304489277,18.4047176907,18.182040938,18.395036092799998,130251
94,223,2018-10-24 14:30:00,18.3853544948,18.3853544948,18.201404133900002,18.2788569174,115205
95,222,2018-10-24 15:00:00,18.2885385154,18.3369465051,18.1723593401,18.1723593401,64313
96,221,2018-10-24 15:30:00,18.1626777421,18.167518541099998,17.9593641853,17.9642049843,144979
97,220,2018-10-24 16:00:00,17.9787273812,18.0368169688,17.7947770203,17.7947770203,335457
98,219,2018-10-24 16:30:00,17.804458618199998,17.804458618199998,17.804458618199998,17.804458618199998,16626
99,218,2018-10-25 10:00:00,18.007775373,18.036820172,17.8141433797,17.8431881787,119792
100,217,2018-10-25 10:30:00,17.833506579,17.8698125778,17.6931233839,17.8238249794,92523
101,216,2018-10-25 11:00:00,17.833506579,18.0755465706,17.8044617801,17.9956733734,69184
102,215,2018-10-25 11:30:00,17.9980937733,18.1045913696,17.9241263519,18.1045913696,50687
103,214,2018-10-25 12:00:00,18.1045913696,18.1239545689,18.0319793721,18.0949097699,66561
104,213,2018-10-25 12:30:00,18.0949097699,18.1917257666,18.0561833713,18.065864970899998,56557
105,212,2018-10-25 13:00:00,18.0561833713,18.0755465706,18.0174569726,18.0561833713,25321
106,211,2018-10-25 13:30:00,18.065864970899998,18.0852281703,17.9593673747,18.0271385723,31666
107,210,2018-10-25 14:00:00,18.0271385723,18.0852281703,18.007775373,18.0465017716,20275
108,209,2018-10-25 14:30:00,18.0465017716,18.143317768299998,18.007775373,18.143317768299998,37561
109,208,2018-10-25 15:00:00,18.1336361686,18.2401337649,18.1336361686,18.1626809676,43342
110,207,2018-10-25 15:30:00,18.1626809676,18.2256113654,18.1626809676,18.2207705656,54718
111,206,2018-10-25 16:00:00,18.2304521652,18.2401337649,18.0561833713,18.0949097699,183504
112,205,2018-10-25 16:30:00,18.1045913696,18.1045913696,18.1045913696,18.1045913696,10311
113,204,2018-10-26 09:30:00,17.7657362779,17.7657362779,17.756054677799998,17.756054677799998,300
114,203,2018-10-26 10:00:00,17.8915970799,18.0077762817,17.789940278299998,17.8625522795,49057
115,202,2018-10-26 10:30:00,17.8625522795,17.8625522795,17.678601876600002,17.7415322776,55702
116,201,2018-10-26 11:00:00,17.7270098773,17.756054677799998,17.5236962741,17.5333778743,71467
117,200,2018-10-26 11:30:00,17.5430594745,17.9012786801,17.5430594745,17.8915970799,49468
118,199,2018-10-26 12:00:00,17.9012786801,18.0465026823,17.9012786801,18.0077762817,36649
119,198,2018-10-26 12:30:00,17.9980946816,18.1336370837,17.9980946816,18.123955483499998,40702
120,197,2018-10-26 13:00:00,18.1142738834,18.288542686099998,18.1142738834,18.2401346854,47866
121,196,2018-10-26 13:30:00,18.2498162855,18.3756770875,18.2498162855,18.2691794858,49215
122,195,2018-10-26 14:00:00,18.2594978857,18.3175874866,18.1723634843,18.3079058864,33768
123,194,2018-10-26 14:30:00,18.3079058864,18.3175874866,18.1723634843,18.2110898849,40467
124,193,2018-10-26 15:00:00,18.2014082848,18.2691794858,18.1142738834,18.1142738834,107840
125,192,2018-10-26 15:30:00,18.1058508913,18.2207714851,18.0368210822,18.1723634843,63810
126,191,2018-10-26 16:00:00,18.1626818841,18.2933834862,18.0949106831,18.1917266846,224891
127,190,2018-10-26 16:30:00,18.1917266846,18.1917266846,18.1917266846,18.1917266846,7450
128,189,2018-10-29 10:00:00,18.2498173679,18.3805189777,18.2304541665,18.2982253716,75705
129,188,2018-10-29 10:30:00,18.3079069723,18.424086181,18.2885437708,18.3756781774,103221
130,187,2018-10-29 11:00:00,18.3756781774,18.395041378800002,18.259498968699997,18.2740213698,71510
131,186,2018-10-29 11:30:00,18.2691805694,18.3272701737,18.2014093643,18.2401357672,65501
132,185,2018-10-29 12:00:00,18.2401357672,18.3466333752,18.1384789596,18.14331976,159217
133,184,2018-10-29 12:30:00,18.14331976,18.167523761800002,18.0126181502,18.065866954100002,119632
134,183,2018-10-29 13:00:00,18.0561853534,18.1626829614,17.9884141483,18.0174589505,138223
135,182,2018-10-29 13:30:00,18.0222997509,18.1336381592,18.0222997509,18.0949117563,50594
136,181,2018-10-29 14:00:00,18.0949117563,18.1626829614,18.0755485549,18.1094341574,55752
137,180,2018-10-29 14:30:00,18.1045933571,18.1045933571,17.9400061447,17.9496877454,65592
138,179,2018-10-29 15:00:00,17.9593693462,17.9690509469,17.8625533389,17.891598141099998,58030
139,178,2018-10-29 15:30:00,17.891598141099998,17.8964389414,17.7076477273,17.770578132,92109
140,177,2018-10-29 16:00:00,17.765737331700002,17.7851005331,17.5043341121,17.7366925295,291526
141,176,2018-10-29 16:30:00,17.7463741302,17.7463741302,17.7463741302,17.7463741302,18212
142,175,2018-10-30 09:00:00,18.7629429748,18.7629429748,18.7629429748,18.7629429748,380
143,174,2018-10-30 10:00:00,18.8791221883,19.4019286489,18.5693109524,18.89364459,357903
144,173,2018-10-30 10:30:00,18.8984853905,19.0437094073,18.7487110212,18.7487110212,178047
145,172,2018-10-30 11:00:00,18.7532613737,18.7919877782,18.4918581434,18.5305845479,127635
146,171,2018-10-30 11:30:00,18.578992553499997,18.7242165703,18.5209029467,18.6951717669,108444
147,170,2018-10-30 12:00:00,18.6951717669,18.840395783800002,18.6758085647,18.782306177,96604
148,169,2018-10-30 12:30:00,18.782306177,18.937211795,18.782306177,18.8694405871,72119
149,168,2018-10-30 13:00:00,18.859758986,18.8984853905,18.7532613737,18.840395783800002,87177
150,167,2018-10-30 13:30:00,18.840395783800002,19.0533910085,18.8016693793,18.966256598399998,212125
151,166,2018-10-30 14:00:00,18.9710973989,19.1695702219,18.937211795,19.1695702219,74134
152,165,2018-10-30 14:30:00,19.1695702219,19.1695702219,18.9953014017,19.0533910085,101971
153,164,2018-10-30 15:00:00,19.0437094073,19.1405254186,18.9953014017,19.0679134102,146247
154,163,2018-10-30 15:30:00,19.072754210699998,19.0824358118,18.8113509804,18.9953014017,285274
155,162,2018-10-30 16:00:00,18.9904606012,19.3244758399,18.9904606012,19.295431036500002,747755
156,161,2018-10-30 16:30:00,19.2857494354,19.2857494354,19.2857494354,19.2857494354,79086
157,160,2018-10-31 09:30:00,19.6149243855,19.6149243855,19.6149243855,19.6149243855,400
158,159,2018-10-31 10:00:00,19.7020587979,19.760148406099997,19.2857499387,19.5858795814,397673
159,158,2018-10-31 10:30:00,19.5713571793,19.6246059869,19.334157945599998,19.334157945599998,282179
160,157,2018-10-31 11:00:00,19.334157945599998,19.372884351099998,19.1986155264,19.334157945599998,242870
161,156,2018-10-31 11:30:00,19.343839547,19.4454963614,19.3147947429,19.440655560699998,235934
162,155,2018-10-31 12:00:00,19.440655560699998,19.498745169,19.2954315401,19.3051131415,283394
163,154,2018-10-31 12:30:00,19.3147947429,19.334157945599998,19.1695707222,19.266386735999998,101874
164,153,2018-10-31 13:00:00,19.266386735999998,19.3244763442,19.0727547085,19.0727547085,101957
165,152,2018-10-31 13:30:00,19.0727547085,19.1502075195,19.0049834989,19.111481114,135896
166,151,2018-10-31 14:00:00,19.111481114,19.2470235332,19.111481114,19.2034563271,160914
167,150,2018-10-31 14:30:00,19.2034563271,19.266386735999998,19.1308443168,19.174411522899998,179618
168,149,2018-10-31 15:00:00,19.1792523236,19.184093124300002,19.0921179113,19.106640313299998,149472
169,148,2018-10-31 15:30:00,19.106640313299998,19.3147947429,19.0969587119,19.3051131415,298879
170,147,2018-10-31 16:00:00,19.2954315401,19.343839547,19.1502075195,19.1598891209,560966
171,146,2018-10-31 16:30:00,19.1502075195,19.1502075195,19.1502075195,19.1502075195,61803
172,145,2018-10-31 19:00:00,19.1502075195,19.1502075195,19.1502075195,19.1502075195,498
173,144,2018-11-01 10:00:00,19.208295331400002,19.2760665347,18.995300121099998,19.0533897239,147408
174,143,2018-11-01 10:30:00,19.0437081234,19.0824345253,18.8888025159,18.9856185206,161238
175,142,2018-11-01 11:00:00,18.9759369202,19.1114793267,18.9372105183,19.0533897239,90536
176,141,2018-11-01 11:30:00,19.0727529249,19.169568929500002,19.014663322,19.121160927200002,107632
177,140,2018-11-01 12:00:00,19.121160927200002,19.121160927200002,19.0049817216,19.0630713244,90910
178,139,2018-11-01 12:30:00,19.0437081234,19.058230524200003,18.9856185206,18.995300121099998,77125
179,138,2018-11-01 13:00:00,19.0049817216,19.0533897239,18.9468921188,19.0533897239,60949
180,137,2018-11-01 13:30:00,19.058230524200003,19.198613731,19.034026522999998,19.121160927200002,87810
181,136,2018-11-01 14:00:00,19.1114793267,19.121160927200002,19.0437081234,19.0485489237,76211
182,135,2018-11-01 14:30:00,19.0533897239,19.2179769319,19.0437081234,19.17925053,87272
183,134,2018-11-01 15:00:00,19.17925053,19.208295331400002,19.1405241281,19.1889321305,71024
184,133,2018-11-01 15:30:00,19.1889321305,19.2567033338,19.1550465288,19.2567033338,230513
185,132,2018-11-01 16:00:00,19.2470217333,19.3728825394,19.2131361317,19.348678538199998,411981
186,131,2018-11-01 16:30:00,19.343837738,19.343837738,19.343837738,19.343837738,12571
187,130,2018-11-02 10:00:00,19.6052378725,19.8666410441,19.5374666798,19.8182330494,91439
188,129,2018-11-02 10:30:00,19.8182330494,19.9440938357,19.6536458672,19.6536458672,192730
189,128,2018-11-02 11:00:00,19.6536458672,19.692372263,19.4212874924,19.5858746746,179036
190,127,2018-11-02 11:30:00,19.5858746746,19.6149194714,19.3244715029,19.4212874924,92025
191,126,2018-11-02 12:00:00,19.4116058935,19.4406506903,19.3438347008,19.4212874924,54723
192,125,2018-11-02 12:30:00,19.4116058935,19.4503322893,19.314789904,19.3680386982,66120
193,124,2018-11-02 13:00:00,19.3728794977,19.3728794977,19.1502027219,19.1695659198,65159
194,123,2018-11-02 13:30:00,19.1695659198,19.2663819092,19.092113128199998,19.2179739145,44159
195,122,2018-11-02 14:00:00,19.1889291177,19.2567003103,19.1405211229,19.2567003103,43616
196,121,2018-11-02 14:30:00,19.2470187113,19.2470187113,19.0824315292,19.2179739145,62033
197,120,2018-11-02 15:00:00,19.213133115,19.2470187113,19.1017947271,19.2276555135,69293
198,119,2018-11-02 15:30:00,19.2373371124,19.3437378849,19.1792475187,19.2954267061,104412
199,118,2018-11-02 16:00:00,19.2954267061,19.3244715029,19.208292315599998,19.2470187113,453770
200,117,2018-11-02 16:30:00,19.2373371124,19.2373371124,19.2373371124,19.2373371124,20652
201,116,2018-11-05 10:00:00,19.2179740011,19.8279147376,19.2179740011,19.673009153800002,179706
202,115,2018-11-05 10:30:00,19.6826907527,19.6923723517,19.4116059809,19.5955563618,96613
203,114,2018-11-05 11:00:00,19.6052379608,19.7698251437,19.576193163800003,19.755302745199998,67535
204,113,2018-11-05 11:30:00,19.7601435447,19.7601435447,19.5955563618,19.6052379608,58964
205,112,2018-11-05 12:00:00,19.5858747628,19.673009153800002,19.537466767799998,19.6439643568,42227
206,111,2018-11-05 12:30:00,19.6536459558,19.6536459558,19.537466767799998,19.5665115648,42523
207,110,2018-11-05 13:00:00,19.5665115648,19.5665115648,19.4406507779,19.498740371900002,33609
208,109,2018-11-05 13:30:00,19.498740371900002,19.6633275548,19.489058772899998,19.6439643568,29590
209,108,2018-11-05 14:00:00,19.6439643568,19.673009153800002,19.6052379608,19.6633275548,53089
210,107,2018-11-05 14:30:00,19.6536459558,19.6536459558,19.5858747628,19.5955563618,83135
211,106,2018-11-05 15:00:00,19.5858747628,19.673009153800002,19.5181035699,19.673009153800002,98217
212,105,2018-11-05 15:30:00,19.6633275548,19.7504619457,19.6342827578,19.6439643568,85653
213,104,2018-11-05 16:00:00,19.6488051563,19.6536459558,19.576193163800003,19.6052379608,223259
214,103,2018-11-05 16:30:00,19.6052379608,19.6052379608,19.6052379608,19.6052379608,14915
215,102,2018-11-06 10:00:00,19.5277870189,19.769827016700003,19.5277870189,19.740782217,25772
216,101,2018-11-06 10:30:00,19.7214190171,19.9634590149,19.6923742174,19.8860062156,58083
217,100,2018-11-06 11:00:00,19.8956878155,20.0312302143,19.8860062156,20.0312302143,51048
218,99,2018-11-06 11:30:00,20.0118670145,20.0457526141,19.9344142152,20.0215486144,55038
219,98,2018-11-06 12:00:00,20.0118670145,20.0118670145,19.9344142152,19.973140614800002,54819
220,97,2018-11-06 12:30:00,19.973140614800002,19.9925038146,19.9053694154,19.9682998149,45351
221,96,2018-11-06 13:00:00,19.973140614800002,20.1183646135,19.973140614800002,20.1086830136,61506
222,95,2018-11-06 13:30:00,20.1086830136,20.1764542129,20.1086830136,20.1474094132,54415
223,94,2018-11-06 14:00:00,20.1474094132,20.2200214125,20.128046213399998,20.2200214125,95148
224,93,2018-11-06 14:30:00,20.2248622125,20.2248622125,20.0457526141,20.0457526141,68755
225,92,2018-11-06 15:00:00,20.0457526141,20.055434214,19.9053694154,19.9150510153,127804
226,91,2018-11-06 15:30:00,19.9150510153,19.9440958151,19.8569614159,19.9005286155,104751
227,90,2018-11-06 16:00:00,19.9053694154,19.973140614800002,19.8860062156,19.973140614800002,326866
228,89,2018-11-06 16:30:00,19.9634590149,19.9634590149,19.9634590149,19.9634590149,8750
229,88,2018-11-07 10:00:00,20.1764548084,20.331360411600002,20.1474100078,20.2490668099,401942
230,87,2018-11-07 10:30:00,20.25390761,20.2926340108,20.1474100078,20.2151812092,343204
231,86,2018-11-07 11:00:00,20.2151812092,20.311997211199998,20.1958180088,20.2926340108,168466
232,85,2018-11-07 11:30:00,20.2926340108,20.524992415499998,20.2442260098,20.4959476149,355322
233,84,2018-11-07 12:00:00,20.500788415,20.5927636169,20.4482173259,20.5734004165,196697
234,83,2018-11-07 12:30:00,20.5734004165,20.6605348182,20.5685596164,20.6024452171,32690
235,82,2018-11-07 13:00:00,20.5927636169,20.6895796188,20.5346740157,20.6702164184,64789
236,81,2018-11-07 13:30:00,20.6702164184,20.6895796188,20.4959476149,20.5056292151,84828
237,80,2018-11-07 14:00:00,20.5056292151,20.5443556159,20.3700868124,20.4184948133,169784
238,79,2018-11-07 14:30:00,20.4088132131,20.5153108153,20.4088132131,20.5104700152,45258
239,78,2018-11-07 15:00:00,20.5056292151,20.612126817300002,20.4669028143,20.5927636169,80837
240,77,2018-11-07 15:30:00,20.5830820167,20.6895796188,20.5540372161,20.6653756183,158177
241,76,2018-11-07 16:00:00,20.6605348182,20.7767140206,20.6024452171,20.74766922,851868
242,75,2018-11-07 16:30:00,20.74766922,20.74766922,20.74766922,20.74766922,27476
243,74,2018-11-07 19:00:00,21.0090724253,21.0090724253,21.0090724253,21.0090724253,150
244,73,2018-11-08 10:00:00,20.6605302731,20.9509782151,20.6605302731,20.9509782151,113246
245,72,2018-11-08 10:30:00,20.946137416099997,21.386650128099998,20.941296617,21.37696853,298827
246,71,2018-11-08 11:00:00,21.37696853,21.483466108800002,21.2995157455,21.4392212056,152309
247,70,2018-11-08 11:30:00,21.444739716500003,21.4737845107,21.2898341474,21.37696853,123059
248,69,2018-11-08 12:00:00,21.386650128099998,21.488306907800002,21.386650128099998,21.483466108800002,80740
249,68,2018-11-08 12:30:00,21.483466108800002,21.5110586632,21.367286932,21.3963317262,129674
250,67,2018-11-08 13:00:00,21.386650128099998,21.4253765204,21.3334013387,21.3334013387,48857
251,66,2018-11-08 13:30:00,21.3285605397,21.3382421378,21.2898341474,21.3188789416,106712
252,65,2018-11-08 14:00:00,21.309197343599998,21.367286932,21.2607893532,21.367286932,101916
253,64,2018-11-08 14:30:00,21.367286932,21.37696853,21.1930181668,21.202699764800002,65038
254,63,2018-11-08 15:00:00,21.1930181668,21.2172221619,21.1252469803,21.1784957697,93879
255,62,2018-11-08 15:30:00,21.173654970599998,21.2607893532,21.1349285784,21.1978589658,115019
256,61,2018-11-08 16:00:00,21.1930181668,21.222062961,21.1591325735,21.2123813629,295286
257,60,2018-11-08 16:30:00,21.2123813629,21.2123813629,21.2123813629,21.2123813629,21382
258,59,2018-11-09 09:30:00,20.9413023446,20.9413023446,20.9413023446,20.9413023446,400
259,58,2018-11-09 10:00:00,20.9413023446,20.9606655461,20.4765855103,20.4765855103,124725
260,57,2018-11-09 10:30:00,20.4959487118,20.8348047368,20.4475407082,20.8251231361,149228
261,56,2018-11-09 11:00:00,20.8348047368,21.0768447546,20.8202823357,21.0768447546,108205
262,55,2018-11-09 11:30:00,21.0671631539,21.1349343589,20.9993919489,21.1155711575,186338
263,54,2018-11-09 12:00:00,21.1155711575,21.1639791611,20.970347146800002,20.9897103482,153642
264,53,2018-11-09 12:30:00,20.9897103482,21.01391435,20.7767151325,20.8444863375,93580
265,52,2018-11-09 13:00:00,20.8541679382,20.9993919489,20.8251231361,20.970347146800002,59675
266,51,2018-11-09 13:30:00,20.9800287475,21.01391435,20.9509839453,20.9606655461,90385
267,50,2018-11-09 14:00:00,20.9606655461,20.970347146800002,20.863849538900002,20.9170983428,46404
268,49,2018-11-09 14:30:00,20.9219391432,20.9509839453,20.8057599346,20.8396455371,45387
269,48,2018-11-09 15:00:00,20.8396455371,20.9316207439,20.8348047368,20.9122575425,126257
270,47,2018-11-09 15:30:00,20.9122575425,20.9170983428,20.7863967332,20.868690339300002,159289
271,46,2018-11-09 16:00:00,20.868690339300002,20.9509839453,20.8348047368,20.8444863375,351244
272,45,2018-11-09 16:30:00,20.8541679382,20.8541679382,20.8541679382,20.8541679382,22229
273,44,2018-11-12 09:30:00,20.8541656849,20.8541656849,20.8541656849,20.8541656849,900
274,43,2018-11-12 10:00:00,20.7186232896,20.7863944872,20.2442249058,20.3604041018,186096
275,42,2018-11-12 10:30:00,20.3604041018,20.3604041018,20.1183641101,20.1958169075,116193
276,41,2018-11-12 11:00:00,20.1958169075,20.2054985071,19.9053689174,19.9150505171,66367
277,40,2018-11-12 11:30:00,19.9247321168,19.9344137164,19.7988713211,19.886005718099998,70478
278,39,2018-11-12 12:00:00,19.866642518800003,20.0457521126,19.866642518800003,20.0409113128,99483
279,38,2018-11-12 12:30:00,20.0409113128,20.1183641101,19.9731401151,19.9828217148,99412
280,37,2018-11-12 13:00:00,19.9828217148,20.079637711500002,19.9344137164,20.0118665138,93802
281,36,2018-11-12 13:30:00,20.0118665138,20.016707313599998,19.711736924100002,19.726259323599997,179224
282,35,2018-11-12 14:00:00,19.7214185237,19.7601449224,19.508423331099998,19.508423331099998,132363
283,34,2018-11-12 14:30:00,19.508423331099998,19.6052393277,19.479378532000002,19.5471497297,205289
284,33,2018-11-12 15:00:00,19.5471497297,19.7214185237,19.5374681301,19.6052393277,178598
285,32,2018-11-12 15:30:00,19.5955577281,19.6342841267,19.498741731400003,19.5761945287,195709
286,31,2018-11-12 16:00:00,19.5713537289,19.5761945287,19.3535177364,19.3728809357,1219843
287,30,2018-11-12 16:30:00,19.3728809357,19.3728809357,19.3728809357,19.3728809357,16909
288,29,2018-11-13 09:00:00,18.8791195674,19.3631995563,18.8791195674,18.9952987648,10550
289,28,2018-11-13 09:30:00,19.2179755597,19.2179755597,18.8500747681,19.0630699632,32355
290,27,2018-11-13 10:00:00,19.1211595619,19.2760651583,18.7532587703,19.1211595619,468403
291,26,2018-11-13 10:30:00,19.1308411617,19.1695675608,18.811348369,18.8258707687,1239635
292,25,2018-11-13 11:00:00,18.8210299688,19.2082939599,18.7435771705,19.1986123601,459281
293,24,2018-11-13 11:30:00,19.2082939599,19.4406523546,19.1889307603,19.2082939599,520370
294,23,2018-11-13 12:00:00,19.2179755597,19.2857467581,19.159885961,19.2276571594,74667
295,22,2018-11-13 12:30:00,19.2276571594,19.247020359,19.0630699632,19.159885961,194790
296,21,2018-11-13 13:00:00,19.1695675608,19.1695675608,18.9662539654,18.985617165,63598
297,20,2018-11-13 13:30:00,18.985617165,19.0533883634,18.8500747681,19.043706763699998,241131
298,19,2018-11-13 14:00:00,19.072751563,19.1502043612,19.043706763699998,19.0921147626,89977
299,18,2018-11-13 14:30:00,19.0824331628,19.0921147626,18.9178459665,19.0485475636,170939
300,17,2018-11-13 15:00:00,19.038865963800003,19.072751563,18.9372091661,18.956572365699998,195286
301,16,2018-11-13 15:30:00,18.946890765899997,19.0243435641,18.733895570799998,18.733895570799998,232782
302,15,2018-11-13 16:00:00,18.733895570799998,18.8645971678,18.6758059721,18.8403931683,591437
303,14,2018-11-13 16:30:00,18.8500747681,18.8500747681,18.8500747681,18.8500747681,35519
304,13,2018-11-14 10:00:00,19.0630730103,19.2470234354,19.0630730103,19.1114810169,236000
305,12,2018-11-14 10:30:00,19.1114810169,19.2179786315,19.024346605,19.1405258209,112072
306,11,2018-11-14 11:00:00,19.1502074222,19.1792522262,18.7919881731,18.8060264951,252943
307,10,2018-11-14 11:30:00,18.7919881731,18.8791225851,18.608037748,18.6370825519,169521
308,9,2018-11-14 12:00:00,18.6564457546,18.6709681566,18.4337689241,18.5983561466,170487
309,8,2018-11-14 12:30:00,18.608037748,18.6758089572,18.5402665387,18.646764153299998,51515
310,7,2018-11-14 13:00:00,18.646764153299998,18.646764153299998,18.491858532000002,18.525744136700002,59052
311,6,2018-11-14 13:30:00,18.520903336,18.588674545299998,18.520903336,18.5451073393,136925
312,5,2018-11-14 14:00:00,18.5547889407,18.578992944,18.4531321267,18.5015401334,47234
313,4,2018-11-14 14:30:00,18.5015401334,18.646764153299998,18.4386097248,18.5596297413,139348
314,3,2018-11-14 15:00:00,18.5596297413,18.7726249705,18.535425738,18.7435801665,354189
315,2,2018-11-14 15:30:00,18.7338985652,18.7726249705,18.7048537612,18.724216963900002,159679
316,1,2018-11-14 16:00:00,18.7193761632,18.724216963900002,18.588674545299998,18.588674545299998,434566
317,0,2018-11-14 16:30:00,18.588674545299998,18.588674545299998,18.588674545299998,18.588674545299998,26541
318,284,2018-11-15 09:00:00,18.6432868295,18.6432868295,18.6432868295,18.6432868295,100
319,283,2018-11-15 10:00:00,18.5557596613,18.8864178523,18.5363091794,18.7210887568,141173
320,282,2018-11-15 10:30:00,18.701638275,18.8280664068,18.6530120704,18.7843028227,249670
321,281,2018-11-15 11:00:00,18.7988906841,18.7988906841,18.604385865799998,18.6335615886,121225
322,280,2018-11-15 11:30:00,18.6335615886,18.818341165899998,18.5363091794,18.7697149613,76297
323,279,2018-11-15 12:00:00,18.7804127264,19.012845984200002,18.7697149613,18.9982581228,137516
324,278,2018-11-15 12:30:00,19.0031207433,19.0906479115,18.9350440569,19.0711974296,114304
325,277,2018-11-15 13:00:00,19.0906479115,19.1052357728,18.920456195499998,18.9544945387,308665
326,276,2018-11-15 13:30:00,18.9544945387,19.1879003206,18.8280664068,19.1489993569,166895
327,275,2018-11-15 14:00:00,19.1489993569,19.1976255615,19.051746947799998,19.1587245979,298222
328,274,2018-11-15 14:30:00,19.1587245979,19.3143284525,19.1587245979,19.3143284525,403940
329,273,2018-11-15 15:00:00,19.294877970599998,19.358092036600002,19.255977007000002,19.2657022479,167601
330,272,2018-11-15 15:30:00,19.2705648683,19.294877970599998,19.1198236342,19.2608396274,141426
331,271,2018-11-15 16:00:00,19.2608396274,19.3435041752,19.255977007000002,19.3435041752,456593
332,270,2018-11-15 16:30:00,19.3435041752,19.3435041752,19.3337789343,19.3337789343,14502
333,269,2018-11-16 10:00:00,19.1295488751,19.518558511600002,19.1295488751,19.4602070661,248498
334,268,2018-11-16 10:30:00,19.4504818252,19.5477342344,19.4213061025,19.489382788900002,262195
335,267,2018-11-16 11:00:00,19.489382788900002,19.5477342344,19.4213061025,19.489382788900002,250114
336,266,2018-11-16 11:30:00,19.489382788900002,19.4991080298,19.2122134229,19.2170760433,278852
337,265,2018-11-16 12:00:00,19.2268012842,19.275427488800002,19.1100983933,19.1587245979,84930
338,264,2018-11-16 12:30:00,19.1587245979,19.2122134229,19.1198236342,19.1198236342,61360
339,263,2018-11-16 13:00:00,19.1198236342,19.362954657,19.1100983933,19.3240536934,295129
340,262,2018-11-16 13:30:00,19.3143284525,19.3337789343,19.1684498388,19.1684498388,45365
341,261,2018-11-16 14:00:00,19.1879003206,19.2462517661,19.1344114956,19.2268012842,129052
342,260,2018-11-16 14:30:00,19.2170760433,19.2462517661,19.1587245979,19.2073508024,103915
343,259,2018-11-16 15:00:00,19.2170760433,19.275427488800002,19.1976255615,19.255977007000002,44070
344,258,2018-11-16 15:30:00,19.2657022479,19.3435041752,19.2073508024,19.3435041752,132395
345,257,2018-11-16 16:00:00,19.3435041752,19.4407565843,19.285152729700002,19.3046032115,569924
346,256,2018-11-16 16:30:00,19.3240536934,19.3240536934,19.3240536934,19.3240536934,19090
347,255,2018-11-19 10:00:00,19.294877970599998,19.3824051388,19.2073508024,19.362954657,39437
348,254,2018-11-19 10:30:00,19.3532294161,19.5088332707,19.2657022479,19.3532294161,76579
349,253,2018-11-19 11:00:00,19.362954657,19.5477342344,19.255977007000002,19.5282837525,50999
350,252,2018-11-19 11:30:00,19.5380089934,19.5574594753,19.3240536934,19.3435041752,58041
351,251,2018-11-19 12:00:00,19.3435041752,19.362954657,19.0809226706,19.1587245979,358592
352,250,2018-11-19 12:30:00,19.1684498388,19.1976255615,18.9301814364,18.9544945387,233223
353,249,2018-11-19 13:00:00,18.9544945387,19.0566095683,18.8702739524,18.9544945387,80284
354,248,2018-11-19 13:30:00,18.9544945387,18.9642197796,18.7599897204,18.7648523409,135710
355,247,2018-11-19 14:00:00,18.7697149613,18.789165443199998,18.657874690899998,18.662737311300003,195506
356,246,2018-11-19 14:30:00,18.6675999318,18.6675999318,18.5168586976,18.5995232454,201560
357,245,2018-11-19 15:00:00,18.5946606249,18.8280664068,18.5411717999,18.7308139977,161631
358,244,2018-11-19 15:30:00,18.7308139977,18.8961430932,18.6821877931,18.7988906841,106397
359,243,2018-11-19 16:00:00,18.8037533045,18.818341165899998,18.6530120704,18.691913034000002,305850
360,242,2018-11-19 16:30:00,18.691913034000002,18.691913034000002,18.691913034000002,18.691913034000002,4939
361,241,2018-11-20 09:30:00,18.691913034000002,18.691913034000002,18.691913034000002,18.691913034000002,58800
362,240,2018-11-20 10:00:00,18.3223538794,18.4390567703,17.8652675565,18.0160087906,557474
363,239,2018-11-20 10:30:00,18.0014209293,18.137574302,17.8555423156,18.1083985793,172829
364,238,2018-11-20 11:00:00,18.098673338399998,18.1959257475,18.0208714111,18.1764752657,171945
365,237,2018-11-20 11:30:00,18.1764752657,18.2056509884,17.972245206500002,17.9916956883,109641
366,236,2018-11-20 12:00:00,17.9916956883,18.157024783900003,17.879855417799998,17.9090311406,142238
367,235,2018-11-20 12:30:00,17.913893761,17.9333442429,17.4470821972,17.505433642699998,425303
368,234,2018-11-20 13:00:00,17.515158883599998,17.578372949600002,17.2935206432,17.306066204,187243
369,233,2018-11-20 13:30:00,17.306066204,17.3692802699,17.2039511744,17.2185390358,157319
370,232,2018-11-20 14:00:00,17.2185390358,17.359555029000003,17.135874488,17.3206540654,239552
371,231,2018-11-20 14:30:00,17.330379306300003,17.6172739132,17.3206540654,17.529746745,254238
372,230,2018-11-20 15:00:00,17.534609365399998,17.6610374973,17.4568074381,17.4859831609,185457
373,229,2018-11-20 15:30:00,17.4859831609,17.69021322,17.4081812336,17.6415870155,313040
374,228,2018-11-20 16:00:00,17.646449635899998,17.7923282496,17.6124112927,17.6318617746,615211
375,227,2018-11-20 16:30:00,17.6318617746,17.6318617746,17.6318617746,17.6318617746,15818
376,226,2018-11-21 10:00:00,17.7971908701,17.8263665928,17.6318617746,17.7874656292,43345
377,225,2018-11-21 10:30:00,17.7874656292,17.8263665928,17.6707627382,17.8263665928,127983
378,224,2018-11-21 11:00:00,17.8263665928,17.8555423156,17.7291141837,17.7680151473,67433
379,223,2018-11-21 11:30:00,17.7582899064,17.8944432792,17.709663701900002,17.8749927974,126058
380,222,2018-11-21 12:00:00,17.8847180383,18.0014209293,17.8847180383,17.943069483800002,88470
381,221,2018-11-21 12:30:00,17.943069483800002,17.972245206500002,17.8895806588,17.9333442429,83297
382,220,2018-11-21 13:00:00,17.9284816224,18.0889480975,17.9187563815,18.0743602361,165823
383,219,2018-11-21 13:30:00,18.0694976156,18.098673338399998,17.943069483800002,17.977107827,51913
384,218,2018-11-21 14:00:00,17.9868330679,18.0451845134,17.9333442429,17.972245206500002,40620
385,217,2018-11-21 14:30:00,17.9625199656,17.9916956883,17.923619002,17.9625199656,59742
386,216,2018-11-21 15:00:00,17.9527947247,17.972245206500002,17.9333442429,17.9527947247,60404
387,215,2018-11-21 15:30:00,17.9527947247,18.0354592724,17.9382068633,18.0354592724,92690
388,214,2018-11-21 16:00:00,18.030596652,18.0500471338,17.9527947247,18.0014209293,336219
389,213,2018-11-21 16:30:00,18.0111461702,18.0111461702,18.0111461702,18.0111461702,2273
390,212,2018-11-23 10:00:00,17.6513122564,17.923619002,17.6513122564,17.7485646655,74338
391,211,2018-11-23 10:30:00,17.7485646655,17.8652675565,17.738839424600002,17.7582899064,42711
392,210,2018-11-23 11:00:00,17.7485646655,17.8555423156,17.6610374973,17.6610374973,43344
393,209,2018-11-23 11:30:00,17.6513122564,17.806916111,17.6513122564,17.7777403883,40733
394,208,2018-11-23 12:00:00,17.7680151473,17.7971908701,17.6804879791,17.6804879791,32683
395,207,2018-11-23 12:30:00,17.69021322,17.69021322,17.5637850882,17.5735103291,41066
396,206,2018-11-23 13:00:00,17.58323557,17.6415870155,17.4179064745,17.4276317154,172501
397,205,2018-11-23 13:30:00,17.4276317154,17.4276317154,17.4276317154,17.4276317154,48919
398,204,2018-11-26 10:00:00,17.6415870155,17.8749927974,17.5540598473,17.8458170746,85496
399,203,2018-11-26 10:30:00,17.8458170746,17.923619002,17.8263665928,17.9187563815,51392
400,202,2018-11-26 11:00:00,17.923619002,18.0597723747,17.913893761,18.0500471338,72936
401,201,2018-11-26 11:30:00,18.0597723747,18.0694976156,18.0111461702,18.0160087906,46385
402,200,2018-11-26 12:00:00,18.0160087906,18.0403218929,17.967382586099998,18.023302721300002,63834
403,199,2018-11-26 12:30:00,18.030596652,18.0646349952,17.9819704474,17.9819704474,28130
404,198,2018-11-26 13:00:00,17.9916956883,18.0111461702,17.913893761,17.943069483800002,32886
405,197,2018-11-26 13:30:00,17.943069483800002,17.9819704474,17.9041685201,17.9625199656,26247
406,196,2018-11-26 14:00:00,17.972245206500002,18.0403218929,17.943069483800002,18.030596652,25469
407,195,2018-11-26 14:30:00,18.030596652,18.0597723747,18.0014209293,18.030596652,37941
408,194,2018-11-26 15:00:00,18.030596652,18.0597723747,17.9527947247,18.0111461702,28619
409,193,2018-11-26 15:30:00,18.0208714111,18.0500471338,17.9916956883,18.030596652,39743
410,192,2018-11-26 16:00:00,18.030596652,18.1472995429,18.030596652,18.0889480975,317118
411,191,2018-11-26 16:30:00,18.0792228566,18.0792228566,18.0792228566,18.0792228566,127379
412,190,2018-11-27 09:00:00,18.0889480975,18.0889480975,18.0889480975,18.0889480975,100
413,189,2018-11-27 10:00:00,17.943069483800002,18.1181238202,17.923619002,18.0403218929,72012
414,188,2018-11-27 10:30:00,18.030596652,18.137574302,17.9916956883,18.0403218929,104903
415,187,2018-11-27 11:00:00,18.0403218929,18.0792228566,17.8847180383,18.0208714111,87042
416,186,2018-11-27 11:30:00,18.0208714111,18.103535958800002,17.9527947247,18.0014209293,39442
417,185,2018-11-27 12:00:00,17.9916956883,18.0500471338,17.9413189404,18.0208714111,43852
418,184,2018-11-27 12:30:00,18.0208714111,18.0208714111,17.8360918337,17.8458170746,46852
419,183,2018-11-27 13:00:00,17.8458170746,17.8458170746,17.7291141837,17.7291141837,97511
420,182,2018-11-27 13:30:00,17.738839424600002,17.8749927974,17.7291141837,17.8555423156,64029
421,181,2018-11-27 14:00:00,17.8652675565,17.8944432792,17.8166413519,17.8944432792,53150
422,180,2018-11-27 14:30:00,17.8944432792,17.9941269986,17.8847180383,17.9333442429,50259
423,179,2018-11-27 15:00:00,17.9333442429,18.0694976156,17.9333442429,18.054909754300002,144804
424,178,2018-11-27 15:30:00,18.0500471338,18.113261199700002,17.972245206500002,18.0160087906,79788
425,177,2018-11-27 16:00:00,18.0160087906,18.0500471338,17.923619002,17.943069483800002,334014
426,176,2018-11-27 16:30:00,17.9333442429,17.943069483800002,17.9333442429,17.943069483800002,60102
427,175,2018-11-28 10:00:00,17.9819704474,18.0403218929,17.7582899064,17.8847180383,110793
428,174,2018-11-28 10:30:00,17.8749927974,17.8944432792,17.534609365399998,17.5443346064,38587
429,173,2018-11-28 11:00:00,17.534609365399998,17.7291141837,17.4859831609,17.6659001178,249714
430,172,2018-11-28 11:30:00,17.6707627382,17.8166413519,17.6513122564,17.8166413519,42203
431,171,2018-11-28 12:00:00,17.8166413519,17.9041685201,17.7728777678,17.8944432792,43003
432,170,2018-11-28 12:30:00,17.9041685201,18.2445519521,17.9041685201,18.2056509884,104213
433,169,2018-11-28 13:00:00,18.215376229300002,18.3904305658,18.1959257475,18.3709800839,62981
434,168,2018-11-28 13:30:00,18.3661174635,18.4001558067,18.2931781566,18.361254843,96712
435,167,2018-11-28 14:00:00,18.361254843,18.4390567703,18.361254843,18.4098810476,65854
436,166,2018-11-28 14:30:00,18.4001558067,18.4196062885,18.3515296021,18.3807053248,88780
437,165,2018-11-28 15:00:00,18.3807053248,18.4098810476,18.307766018,18.312628638499998,192542
438,164,2018-11-28 15:30:00,18.312628638499998,18.3807053248,18.3029033975,18.3807053248,156225
439,163,2018-11-28 16:00:00,18.3709800839,18.4682324931,18.3661174635,18.4293315294,254817
440,162,2018-11-28 16:30:00,18.4196062885,18.4196062885,18.4196062885,18.4196062885,5501
441,161,2018-11-29 10:00:00,18.3320791203,18.4487820112,18.2202388498,18.254277193,100143
442,160,2018-11-29 10:30:00,18.2445519521,18.2640024339,18.127849061099997,18.1764752657,53419
443,159,2018-11-29 11:00:00,18.1618874043,18.2737276748,17.9333442429,18.0500471338,68325
444,158,2018-11-29 11:30:00,18.0403218929,18.0889480975,17.9965583088,18.0792228566,77016
445,157,2018-11-29 12:00:00,18.0694976156,18.2056509884,18.0500471338,18.137574302,50713
446,156,2018-11-29 12:30:00,18.137574302,18.1959257475,18.1083985793,18.137574302,80494
447,155,2018-11-29 13:00:00,18.1327116816,18.2056509884,18.127849061099997,18.1813378861,67129
448,154,2018-11-29 13:30:00,18.1764752657,18.186200506600002,18.0500471338,18.0597723747,61356
449,153,2018-11-29 14:00:00,18.0500471338,18.0792228566,17.9819704474,17.9916956883,70674
450,152,2018-11-29 14:30:00,18.0014209293,18.127849061099997,17.943069483800002,18.127849061099997,61511
451,151,2018-11-29 15:00:00,18.1181238202,18.2056509884,18.098673338399998,18.1959257475,57198
452,150,2018-11-29 15:30:00,18.1959257475,18.1959257475,18.030596652,18.0646349952,96475
453,149,2018-11-29 16:00:00,18.0597723747,18.098673338399998,17.9819704474,18.0208714111,338743
454,148,2018-11-29 16:30:00,18.0208714111,18.0208714111,18.0208714111,18.0208714111,18100
455,147,2018-11-30 10:00:00,17.923619002,18.1083985793,17.9041685201,18.0208714111,90531
456,146,2018-11-30 10:30:00,18.0111461702,18.0208714111,17.8895806588,17.943069483800002,79776
457,145,2018-11-30 11:00:00,17.9333442429,18.0111461702,17.8458170746,17.8847180383,87457
458,144,2018-11-30 11:30:00,17.8847180383,17.943069483800002,17.8749927974,17.9090311406,67275
459,143,2018-11-30 12:00:00,17.9041685201,18.0743602361,17.8749927974,18.0500471338,81198
460,142,2018-11-30 12:30:00,18.0403218929,18.0500471338,17.9819704474,17.9819704474,46799
461,141,2018-11-30 13:00:00,17.9916956883,17.9916956883,17.943069483800002,17.9527947247,63725
462,140,2018-11-30 13:30:00,17.9625199656,17.972245206500002,17.8944432792,17.972245206500002,44283
463,139,2018-11-30 14:00:00,17.9625199656,18.030596652,17.9527947247,18.0160087906,41420
464,138,2018-11-30 14:30:00,18.0111461702,18.0403218929,17.9819704474,18.0257340315,56070
465,137,2018-11-30 15:00:00,18.0257340315,18.0500471338,17.9819704474,18.0111461702,44631
466,136,2018-11-30 15:30:00,18.0208714111,18.0403218929,17.972245206500002,17.9819704474,142256
467,135,2018-11-30 16:00:00,17.9819704474,18.098673338399998,17.9819704474,18.0500471338,652272
468,134,2018-11-30 16:30:00,18.0597723747,18.0597723747,18.0597723747,18.0597723747,26067
469,133,2018-11-30 17:30:00,18.0597723747,18.0597723747,18.0597723747,18.0597723747,136964
470,132,2018-12-03 08:00:00,18.5654849022,18.5654849022,18.5654849022,18.5654849022,100
471,131,2018-12-03 08:30:00,18.662737311300003,18.662737311300003,18.662737311300003,18.662737311300003,162
472,130,2018-12-03 09:00:00,18.7113635159,18.7113635159,18.7113635159,18.7113635159,159200
473,129,2018-12-03 10:00:00,18.5168586976,18.7308139977,18.4001558067,18.4293315294,302479
474,128,2018-12-03 10:30:00,18.4487820112,18.4682324931,18.2640024339,18.3029033975,120422
475,127,2018-12-03 11:00:00,18.3029033975,18.312628638499998,18.098673338399998,18.1327116816,101558
476,126,2018-12-03 11:30:00,18.1327116816,18.2056509884,18.0500471338,18.1083985793,85183
477,125,2018-12-03 12:00:00,18.127849061099997,18.2445519521,18.0111461702,18.030596652,108327
478,124,2018-12-03 12:30:00,18.0403218929,18.2056509884,18.0111461702,18.2056509884,52798
479,123,2018-12-03 13:00:00,18.2056509884,18.254277193,18.1618874043,18.1764752657,42541
480,122,2018-12-03 13:30:00,18.1667500248,18.2737276748,18.1667500248,18.2737276748,65299
481,121,2018-12-03 14:00:00,18.2737276748,18.3320791203,18.2251014702,18.2834529157,100406
482,120,2018-12-03 14:30:00,18.2834529157,18.3029033975,18.1229864407,18.137574302,147984
483,119,2018-12-03 15:00:00,18.135142991800002,18.1667500248,18.0354592724,18.1472995429,160637
484,118,2018-12-03 15:30:00,18.1424369225,18.186200506600002,18.0694976156,18.0889480975,245624
485,117,2018-12-03 16:00:00,18.0889480975,18.1618874043,18.0111461702,18.0500471338,655193
486,116,2018-12-03 16:30:00,18.0500471338,18.0500471338,18.0500471338,18.0500471338,231013
487,115,2018-12-04 10:00:00,18.0500471338,18.215376229300002,17.9041685201,17.9819704474,89616
488,114,2018-12-04 10:30:00,17.972245206500002,17.9916956883,17.8166413519,17.860404936,168320
489,113,2018-12-04 11:00:00,17.8555423156,17.8944432792,17.782603008699997,17.7971908701,146009
490,112,2018-12-04 11:30:00,17.7874656292,17.8360918337,17.5929608109,17.6172739132,136666
491,111,2018-12-04 12:00:00,17.6172739132,17.8166413519,17.5540598473,17.709663701900002,128970
492,110,2018-12-04 12:30:00,17.709663701900002,17.7874656292,17.3984559927,17.3984559927,72701
493,109,2018-12-04 13:00:00,17.3887307518,17.4568074381,17.330379306300003,17.3498297881,121267
494,108,2018-12-04 13:30:00,17.3498297881,17.374142890399998,17.1018361448,17.1367497597,89345
495,107,2018-12-04 14:00:00,17.145599728900002,17.330379306300003,17.058072560699998,17.2477147585,232274
496,106,2018-12-04 14:30:00,17.233126897200002,17.306066204,17.1553249699,17.1747754517,90605
497,105,2018-12-04 15:00:00,17.1747754517,17.2623026199,17.1310118676,17.135874488,105490
498,104,2018-12-04 15:30:00,17.135874488,17.2185390358,17.135874488,17.1553249699,196955
499,103,2018-12-04 16:00:00,17.1553249699,17.1845006926,16.9705453925,16.999721115299998,565392
500,102,2018-12-04 16:30:00,16.999721115299998,17.009446356199998,16.999721115299998,17.009446356199998,26612
501,101,2018-12-04 18:00:00,16.1147241922,16.1147241922,16.1147241922,16.1147241922,500
502,100,2018-12-06 09:30:00,16.5329095514,16.5329095514,16.5329095514,16.5329095514,38200
503,99,2018-12-06 10:00:00,16.639887201500002,16.795491056099998,16.2606028059,16.3481299741,370293
504,98,2018-12-06 10:30:00,16.3481299741,16.6496124424,16.3286794923,16.4648328651,189377
505,97,2018-12-06 11:00:00,16.474558106,16.5037338287,16.3773056968,16.435657142300002,131663
506,96,2018-12-06 11:30:00,16.435657142300002,16.455107624100002,16.1730756377,16.1730756377,106771
507,95,2018-12-06 12:00:00,16.1730756377,16.5426347924,16.163350396800002,16.4940085878,150046
508,94,2018-12-06 12:30:00,16.4842833469,16.5134590696,16.3481299741,16.4940085878,148008
509,93,2018-12-06 13:00:00,16.4940085878,16.5231843105,16.357855215,16.3967561787,104261
510,92,2018-12-06 13:30:00,16.3773056968,16.3967561787,16.3092290105,16.3286794923,80935
511,91,2018-12-06 14:00:00,16.3189542514,16.552360033299998,16.2897785286,16.552360033299998,72536
512,90,2018-12-06 14:30:00,16.5426347924,16.610711478699997,16.5037338287,16.581535755999997,107008
513,89,2018-12-06 15:00:00,16.581535755999997,16.581535755999997,16.435657142300002,16.552360033299998,104922
514,88,2018-12-06 15:30:00,16.5718105151,16.610711478699997,16.4842833469,16.5912609969,164359
515,87,2018-12-06 16:00:00,16.581535755999997,16.7663153333,16.5766731356,16.7565900924,441025
516,86,2018-12-06 16:30:00,16.7565900924,16.7565900924,16.7565900924,16.7565900924,36638
517,85,2018-12-07 10:00:00,16.7857658152,16.8343920197,16.5037338287,16.5620852742,386126
518,84,2018-12-07 10:30:00,16.552360033299998,16.5912609969,16.3286794923,16.3773056968,177133
519,83,2018-12-07 11:00:00,16.3821683173,16.5231843105,16.3675804559,16.455107624100002,121684
520,82,2018-12-07 11:30:00,16.455107624100002,16.4842833469,16.2654654263,16.2995037695,77966
521,81,2018-12-07 12:00:00,16.2897785286,16.4453823832,16.2800532877,16.2995037695,90266
522,80,2018-12-07 12:30:00,16.294641149100002,16.3967561787,16.2703280468,16.3627178355,88688
523,79,2018-12-07 13:00:00,16.3675804559,16.4453823832,16.2654654263,16.4162066605,179828
524,78,2018-12-07 13:30:00,16.4064814196,16.455107624100002,16.2800532877,16.3675804559,104071
525,77,2018-12-07 14:00:00,16.357855215,16.4162066605,16.2606028059,16.2703280468,148507
526,76,2018-12-07 14:30:00,16.2703280468,16.357855215,16.1147241922,16.3335421127,252027
527,75,2018-12-07 15:00:00,16.3384047332,16.3384047332,16.1536251559,16.163350396800002,315352
528,74,2018-12-07 15:30:00,16.1730756377,16.2800532877,16.163350396800002,16.2751906673,375001
529,73,2018-12-07 16:00:00,16.2703280468,16.3870309378,16.2606028059,16.2703280468,957531
530,72,2018-12-07 16:30:00,16.2703280468,16.2703280468,16.2703280468,16.2703280468,77997
531,71,2018-12-07 17:30:00,16.2703280468,16.2703280468,16.2703280468,16.2703280468,1121
532,70,2018-12-10 07:30:00,16.0466475058,16.0466475058,16.0466475058,16.0466475058,345
533,69,2018-12-10 10:00:00,16.163350396800002,16.2703280468,16.0077465422,16.1828008786,118822
534,68,2018-12-10 10:30:00,16.1828008786,16.357855215,16.1147241922,16.318856999,145527
535,67,2018-12-10 11:00:00,16.2897785286,16.3286794923,16.1580015143,16.1730756377,131402
536,66,2018-12-10 11:30:00,16.192526119500002,16.2606028059,16.134174674,16.2411523241,301685
537,65,2018-12-10 12:00:00,16.2411523241,16.4842833469,16.19738874,16.3189542514,319005
538,64,2018-12-10 12:30:00,16.3384047332,16.3870309378,16.0952737104,16.2119766013,100662
539,63,2018-12-10 13:00:00,16.2119766013,16.5134590696,16.2119766013,16.41134404,76134
540,62,2018-12-10 13:30:00,16.4162066605,16.455107624100002,16.3092290105,16.3286794923,42998
541,61,2018-12-10 14:00:00,16.3286794923,16.425931901400002,16.3286794923,16.3675804559,47905
542,60,2018-12-10 14:30:00,16.357855215,16.3870309378,16.2460149445,16.2703280468,44681
543,59,2018-12-10 15:00:00,16.2800532877,16.455107624100002,16.2703280468,16.3384047332,81691
544,58,2018-12-10 15:30:00,16.3384047332,16.4842833469,16.3189542514,16.4842833469,431489
545,57,2018-12-10 16:00:00,16.474558106,16.6593376833,16.4453823832,16.5620852742,543773
546,56,2018-12-10 16:30:00,16.5620852742,16.5620852742,16.5620852742,16.5620852742,17295
547,55,2018-12-11 10:00:00,16.9705453925,16.9705453925,16.8343920197,16.853842501600003,122786
548,54,2018-12-11 10:30:00,16.853842501600003,16.9413696698,16.7468648515,16.8246667788,123239
549,53,2018-12-11 11:00:00,16.8441172606,16.8441172606,16.5718105151,16.610711478699997,93276
550,52,2018-12-11 11:30:00,16.610711478699997,16.6204367197,16.4453823832,16.4648328651,57741
551,51,2018-12-11 12:00:00,16.4648328651,16.474558106,16.357855215,16.455107624100002,56398
552,50,2018-12-11 12:30:00,16.4453823832,16.4453823832,16.2703280468,16.3675804559,82334
553,49,2018-12-11 13:00:00,16.3675804559,16.455107624100002,16.3140916309,16.3189542514,42281
554,48,2018-12-11 13:30:00,16.3189542514,16.3821683173,16.2800532877,16.2995037695,36469
555,47,2018-12-11 14:00:00,16.2995037695,16.2995037695,16.163350396800002,16.163350396800002,52107
556,46,2018-12-11 14:30:00,16.1536251559,16.4016187991,16.139620808900002,16.3918935582,78737
557,45,2018-12-11 15:00:00,16.3918935582,16.435657142300002,16.2411523241,16.3092290105,63310
558,44,2018-12-11 15:30:00,16.3189542514,16.3675804559,16.250877565,16.2800532877,66710
559,43,2018-12-11 16:00:00,16.2703280468,16.357855215,16.1536251559,16.1730756377,247548
560,42,2018-12-11 16:30:00,16.1730756377,16.1828008786,16.1730756377,16.1828008786,38663
561,41,2018-12-12 10:00:00,16.581535755999997,16.610711478699997,16.4162066605,16.5620852742,66902
562,40,2018-12-12 10:30:00,16.5620852742,16.7274143697,16.5037338287,16.639789949100003,342737
563,39,2018-12-12 11:00:00,16.6301619606,16.7857658152,16.4747526108,16.7371396106,69269
564,38,2018-12-12 11:30:00,16.7371396106,16.7663153333,16.6204367197,16.698238647,128579
565,37,2018-12-12 12:00:00,16.7079638879,16.7274143697,16.610711478699997,16.6593376833,30756
566,36,2018-12-12 12:30:00,16.669062924200002,16.698238647,16.4842833469,16.4988712083,54980
567,35,2018-12-12 13:00:00,16.508596449200002,16.688513406,16.4842833469,16.6496124424,84921
568,34,2018-12-12 13:30:00,16.6496124424,16.7079638879,16.6204367197,16.688513406,50922
569,33,2018-12-12 14:00:00,16.6836507856,16.7079638879,16.6204367197,16.6496124424,54644
570,32,2018-12-12 14:30:00,16.6593376833,16.6593376833,16.474558106,16.4842833469,48176
571,31,2018-12-12 15:00:00,16.4842833469,16.6204367197,16.4842833469,16.5912609969,297057
572,30,2018-12-12 15:30:00,16.5912609969,16.639887201500002,16.5426347924,16.5912609969,189162
573,29,2018-12-12 16:00:00,16.5912609969,16.6204367197,16.455107624100002,16.4648328651,460593
574,28,2018-12-12 16:30:00,16.4648328651,16.4648328651,16.4648328651,16.4648328651,32864
575,27,2018-12-13 10:00:00,16.5912609969,16.669062924200002,16.3967561787,16.5329095514,100176
576,26,2018-12-13 10:30:00,16.5329095514,16.6933760265,16.5329095514,16.6009862378,107369
577,25,2018-12-13 11:00:00,16.5912609969,16.6301619606,16.474558106,16.5231843105,60373
578,24,2018-12-13 11:30:00,16.5231843105,16.5231843105,16.3773056968,16.41134404,45660
579,23,2018-12-13 12:00:00,16.4064814196,16.5037338287,16.3384047332,16.3432673537,55279
580,22,2018-12-13 12:30:00,16.3384047332,16.357855215,16.250877565,16.250877565,57598
581,21,2018-12-13 13:00:00,16.2460149445,16.3189542514,16.2411523241,16.2800532877,64181
582,20,2018-12-13 13:30:00,16.2849159082,16.2897785286,16.192526119500002,16.2314270832,50709
583,19,2018-12-13 14:00:00,16.2411523241,16.2897785286,16.192526119500002,16.2119766013,78524
584,18,2018-12-13 14:30:00,16.2119766013,16.2411523241,16.1536251559,16.2362897036,126800
585,17,2018-12-13 15:00:00,16.2314270832,16.2606028059,16.187663499,16.250877565,108459
586,16,2018-12-13 15:30:00,16.250877565,16.2606028059,16.1730756377,16.2168392218,109598
587,15,2018-12-13 16:00:00,16.2168392218,16.2460149445,16.163350396800002,16.163350396800002,413726
588,14,2018-12-13 16:30:00,16.163350396800002,16.163350396800002,16.163350396800002,16.163350396800002,15979
589,13,2018-12-14 10:00:00,15.9216790724,16.0096441501,15.765296712,15.8141661996,535843
590,12,2018-12-14 10:30:00,15.8141661996,15.8337139947,15.648009941600002,15.648009941600002,553613
591,11,2018-12-14 11:00:00,15.6528968904,15.706653326800001,15.530723171300002,15.530723171300002,351834
592,10,2018-12-14 11:30:00,15.520949273800001,15.560044863900002,15.384114708399999,15.413436400999998,200678
593,9,2018-12-14 12:00:00,15.4085494522,15.501401478699998,15.266827938099999,15.354793015799999,255698
594,8,2018-12-14 12:30:00,15.3645669133,15.520949273800001,15.3645669133,15.472079786099998,139474
595,7,2018-12-14 13:00:00,15.4671928374,15.550270966400001,15.432984196,15.442758093499998,122668
596,6,2018-12-14 13:30:00,15.442758093499998,15.5356101201,15.432984196,15.4867406324,87336
597,5,2018-12-14 14:00:00,15.481853683699999,15.5404970688,15.423210298499999,15.4623058886,205975
598,4,2018-12-14 14:30:00,15.4623058886,15.6431229929,15.4036625034,15.618688249000002,192591
599,3,2018-12-14 15:00:00,15.6138013003,15.6577838392,15.530723171300002,15.6333490953,217317
600,2,2018-12-14 15:30:00,15.6333490953,15.638236044100001,15.481853683699999,15.4916275812,592191
601,1,2018-12-14 16:00:00,15.4916275812,15.6577838392,15.442758093499998,15.638236044100001,609548
602,0,2018-12-14 16:30:00,15.6284621466,15.6284621466,15.6284621466,15.6284621466,25300
603,261,2018-12-17 10:00:00,15.608914351500001,15.638236044100001,15.442758093499998,15.638236044100001,163193
604,260,2018-12-17 10:30:00,15.6284621466,15.7262011218,15.589366556500002,15.5942535052,508675
605,259,2018-12-17 11:00:00,15.599140454,15.711540275599999,15.5698187614,15.706653326800001,227510
606,258,2018-12-17 11:30:00,15.7164272243,15.8825834823,15.696879429300001,15.8532617897,266570
607,257,2018-12-17 12:00:00,15.8630356872,15.9119051749,15.823940097100001,15.887470431099999,94278
608,256,2018-12-17 12:30:00,15.8825834823,15.9021312773,15.667557736700001,15.6724446854,122563
609,255,2018-12-17 13:00:00,15.667557736700001,15.696879429300001,15.5942535052,15.6284621466,259761
610,254,2018-12-17 13:30:00,15.618688249000002,15.6724446854,15.589366556500002,15.6333490953,140231
611,253,2018-12-17 14:00:00,15.6333490953,15.6577838392,15.4623058886,15.530723171300002,286886
612,252,2018-12-17 14:30:00,15.520949273800001,15.5942535052,15.4916275812,15.501401478699998,97308
613,251,2018-12-17 15:00:00,15.501401478699998,15.5942535052,15.4623058886,15.4916275812,141133
614,250,2018-12-17 15:30:00,15.4867406324,15.5356101201,15.413436400999998,15.4183233497,183696
615,249,2018-12-17 16:00:00,15.423210298499999,15.501401478699998,15.378836803699999,15.4916275812,649218
616,248,2018-12-17 16:30:00,15.481853683699999,15.481853683699999,15.481853683699999,15.481853683699999,35364
617,247,2018-12-18 10:00:00,15.677331634200002,15.907018226099998,15.599140454,15.8925528578,283359
618,246,2018-12-18 10:30:00,15.8923573798,15.8972443286,15.706653326800001,15.765296712,285667
619,245,2018-12-18 11:00:00,15.7555228144,15.794618404500001,15.599140454,15.618688249000002,145748
620,244,2018-12-18 11:30:00,15.6284621466,15.667557736700001,15.3352452207,15.452531991099999,303753
621,243,2018-12-18 12:00:00,15.472079786099998,15.550270966400001,15.384114708399999,15.423210298499999,155029
622,242,2018-12-18 12:30:00,15.423210298499999,15.638236044100001,15.423210298499999,15.5356101201,210004
623,241,2018-12-18 13:00:00,15.5356101201,15.550270966400001,15.432984196,15.465140318900001,133320
624,240,2018-12-18 13:30:00,15.472079786099998,15.481853683699999,15.3596799646,15.3694538621,46186
625,239,2018-12-18 14:00:00,15.3645669133,15.3743408109,15.2179584504,15.2570540405,60095
626,238,2018-12-18 14:30:00,15.2570540405,15.3645669133,15.247280143,15.3156974257,92146
627,237,2018-12-18 15:00:00,15.3156974257,15.3156974257,15.1299933727,15.149541167699999,162940
628,236,2018-12-18 15:30:00,15.149541167699999,15.296149630599999,15.149541167699999,15.237506245499999,135976
629,235,2018-12-18 16:00:00,15.237506245499999,15.3059235282,15.1593150652,15.1690889628,562320
630,234,2018-12-18 16:30:00,15.1593150652,15.638236044100001,15.1593150652,15.638236044100001,157194
631,233,2018-12-18 17:30:00,15.1593150652,15.1593150652,15.1593150652,15.1593150652,500
632,232,2018-12-18 18:00:00,15.1593150652,15.1593150652,15.1593150652,15.1593150652,909
633,231,2018-12-19 10:00:00,15.1593150652,15.4036625034,15.1494434287,15.3645669133,80346
634,230,2018-12-19 10:30:00,15.384114708399999,15.511175376199999,15.3450191183,15.501401478699998,68832
635,229,2018-12-19 11:00:00,15.501401478699998,15.530723171300002,15.3743408109,15.4280972473,171511
636,228,2018-12-19 11:30:00,15.4280972473,15.442758093499998,15.384114708399999,15.393888605899999,131314
637,227,2018-12-19 12:00:00,15.3890016571,15.423210298499999,15.3156974257,15.413436400999998,181985
638,226,2018-12-19 12:30:00,15.4085494522,15.452531991099999,15.3156974257,15.357529707100001,111533
639,225,2018-12-19 13:00:00,15.3645669133,15.384114708399999,15.2179584504,15.266827938099999,161993
640,224,2018-12-19 13:30:00,15.2570540405,15.2863757331,15.1397672702,15.173975911500001,238948
641,223,2018-12-19 14:00:00,15.173975911500001,15.3059235282,15.1690889628,15.3059235282,98530
642,222,2018-12-19 14:30:00,15.3743408109,15.384114708399999,14.914967627100001,15.1006716801,103320
643,221,2018-12-19 15:00:00,15.1006716801,15.1886367578,14.739037471600001,14.797680856700001,164400
644,220,2018-12-19 15:30:00,14.7879069592,14.797680856700001,14.572881213599999,14.621750701199998,278157
645,219,2018-12-19 16:00:00,14.6119768037,14.729263574,14.592429008699998,14.709715779000001,338662
646,218,2018-12-19 16:30:00,14.699941881500001,14.709715779000001,14.699941881500001,14.709715779000001,30923
647,217,2018-12-19 18:00:00,14.709715779000001,14.709715779000001,14.709715779000001,14.709715779000001,43293
648,216,2018-12-20 09:00:00,14.7781330617,14.7781330617,14.6608462913,14.6608462913,1250
649,215,2018-12-20 10:00:00,14.6608462913,14.827002549300001,14.6315245988,14.827002549300001,99339
650,214,2018-12-20 10:30:00,14.8172286518,14.914967627100001,14.7585852666,14.827002549300001,70029
651,213,2018-12-20 11:00:00,14.8172286518,14.890532883199999,14.709715779000001,14.7585852666,47757
652,212,2018-12-20 11:30:00,14.7194896765,14.729263574,14.543559520999999,14.5875420599,123256
653,211,2018-12-20 12:00:00,14.5826551111,14.621750701199998,14.4653683408,14.484916135799999,125782
654,210,2018-12-20 12:30:00,14.4946900334,14.621750701199998,14.426272750699999,14.621750701199998,97918
655,209,2018-12-20 13:00:00,14.602202906199999,14.6119768037,14.4360466482,14.543559520999999,110424
656,208,2018-12-20 13:30:00,14.524011726,14.5826551111,14.4458205457,14.4898030846,105579
657,207,2018-12-20 14:00:00,14.4946900334,14.4946900334,14.377403263,14.426272750699999,53240
658,206,2018-12-20 14:30:00,14.426272750699999,14.4360466482,14.2601164927,14.426272750699999,118155
659,205,2018-12-20 15:00:00,14.416498853199998,14.621750701199998,14.396951058099999,14.504463930899998,127080
660,204,2018-12-20 15:30:00,14.4946900334,14.651072393800002,14.396951058099999,14.592429008699998,121635
661,203,2018-12-20 16:00:00,14.5875420599,14.651072393800002,14.4458205457,14.5093508797,251398
662,202,2018-12-20 16:30:00,14.504463930899998,14.504463930899998,14.504463930899998,14.504463930899998,18456
663,201,2018-12-21 09:30:00,14.3871771606,14.3871771606,14.2112470051,14.2112470051,2690
664,200,2018-12-21 10:00:00,14.2503425952,14.4653683408,14.2405686977,14.426272750699999,722452
665,199,2018-12-21 10:30:00,14.440933597,14.592429008699998,14.2894381853,14.533785623499998,155374
666,198,2018-12-21 11:00:00,14.524011726,14.524011726,14.2992120828,14.2992120828,106534
667,197,2018-12-21 11:30:00,14.2894381853,14.3285337754,14.1232819273,14.1770383637,115464
668,196,2018-12-21 12:00:00,14.1965861588,14.2210209026,13.9571256694,13.9571256694,225862
669,195,2018-12-21 12:30:00,13.9717865157,14.005995157000001,13.8496127966,13.8740475404,153574
670,194,2018-12-21 13:00:00,13.8740475404,14.0255429521,13.830065001500001,13.8496127966,132806
671,193,2018-12-21 13:30:00,13.8496127966,13.903369233,13.7909694114,13.859386694100001,194021
672,192,2018-12-21 14:00:00,13.859386694100001,13.9082561817,13.7811955139,13.810517206400002,128017
673,191,2018-12-21 14:30:00,13.800743308900001,13.830065001500001,13.742099923800001,13.771421616300001,143437
674,190,2018-12-21 15:00:00,13.771421616300001,13.839838899,13.7127782312,13.7616477188,88465
675,189,2018-12-21 15:30:00,13.771421616300001,13.800743308900001,13.693230436099999,13.693230436099999,244474
676,188,2018-12-21 16:00:00,13.7030043336,13.751873821300002,13.5808306145,13.6834565386,797930
677,187,2018-12-21 16:30:00,13.6834565386,13.6834565386,13.6834565386,13.6834565386,265078
678,186,2018-12-24 09:30:00,13.771421616300001,13.820291104,13.771421616300001,13.820291104,400
679,185,2018-12-24 10:00:00,13.7030043336,13.8496127966,13.6443609485,13.7616477188,209312
680,184,2018-12-24 10:30:00,13.742099923800001,14.005995157000001,13.732326026199999,13.9962212595,92644
681,183,2018-12-24 11:00:00,14.005995157000001,14.1232819273,13.9375778743,14.0548646446,78812
682,182,2018-12-24 11:30:00,14.0744124397,14.1330558249,13.9278039768,13.9375778743,74274
683,181,2018-12-24 12:00:00,13.947351771800001,14.005995157000001,13.800743308900001,13.859386694100001,108263
684,180,2018-12-24 12:30:00,13.8691605916,13.9082561817,13.800743308900001,13.830065001500001,117464
685,179,2018-12-24 13:00:00,13.834951950299999,13.8789344891,13.6834565386,13.693230436099999,224099
686,178,2018-12-24 13:30:00,13.6834565386,13.6834565386,13.6834565386,13.6834565386,59975
687,177,2018-12-26 10:00:00,13.7030043336,13.9375778743,13.7030043336,13.9082561817,87831
688,176,2018-12-26 10:30:00,13.8984822842,13.918030079200001,13.742099923800001,13.7811955139,140241
689,175,2018-12-26 11:00:00,13.7909694114,13.810517206400002,13.6834565386,13.710823451700001,74183
690,174,2018-12-26 11:30:00,13.7127782312,13.976673464400001,13.7030043336,13.9668995669,75921
691,173,2018-12-26 12:00:00,13.9752073798,14.1135080298,13.9668995669,14.1037341323,92256
692,172,2018-12-26 12:30:00,14.1135080298,14.2259078514,14.0841863372,14.0939602347,68975
693,171,2018-12-26 13:00:00,14.0939602347,14.2503425952,14.0744124397,14.2112470051,84301
694,170,2018-12-26 13:30:00,14.2210209026,14.2405686977,14.1232819273,14.137942773599999,78844
695,169,2018-12-26 14:00:00,14.1428297224,14.3383076729,14.1330558249,14.3285337754,99423
696,168,2018-12-26 14:30:00,14.3285337754,14.357855468,14.2601164927,14.3089859804,63482
697,167,2018-12-26 15:00:00,14.3187598779,14.3871771606,14.3187598779,14.3871771606,54761
698,166,2018-12-26 15:30:00,14.3871771606,14.4800291871,14.357855468,14.4800291871,94441
699,165,2018-12-26 16:00:00,14.4800291871,14.699941881500001,14.4653683408,14.6608462913,344428
700,164,2018-12-26 16:30:00,14.670620188900001,14.670620188900001,14.6608462913,14.6608462913,1521
701,163,2018-12-27 08:30:00,14.670620188900001,14.670620188900001,14.670620188900001,14.670620188900001,260
702,162,2018-12-27 10:00:00,14.2503425952,14.533785623499998,14.19169921,14.3172937933,80271
703,161,2018-12-27 10:30:00,14.3089859804,14.3871771606,14.1819253125,14.2210209026,66884
704,160,2018-12-27 11:00:00,14.2210209026,14.367531626500002,14.19169921,14.2698903902,110234
705,159,2018-12-27 11:30:00,14.2796642878,14.3187598779,14.1135080298,14.3187598779,99427
706,158,2018-12-27 12:00:00,14.3285337754,14.416498853199998,14.2894381853,14.4067249556,71350
707,157,2018-12-27 12:30:00,14.396951058099999,14.396951058099999,14.2112470051,14.2405686977,73265
708,156,2018-12-27 13:00:00,14.2405686977,14.3089859804,14.2210209026,14.2796642878,51792
709,155,2018-12-27 13:30:00,14.2894381853,14.3383076729,14.19169921,14.19169921,56574
710,154,2018-12-27 14:00:00,14.1819253125,14.2307948001,14.0841863372,14.1135080298,72360
711,153,2018-12-27 14:30:00,14.1135080298,14.2112470051,14.092982845,14.2112470051,157562
712,152,2018-12-27 15:00:00,14.2014731075,14.3383076729,14.172151415,14.3187598779,64453
713,151,2018-12-27 15:30:00,14.3187598779,14.533785623499998,14.2503425952,14.514237828399999,110472
714,150,2018-12-27 16:00:00,14.514237828399999,14.739037471600001,14.4458205457,14.739037471600001,271267
715,149,2018-12-27 16:30:00,14.729263574,14.729263574,14.729263574,14.729263574,485
716,148,2018-12-28 10:00:00,14.7585852666,14.8172286518,14.592429008699998,14.8074547543,97132
717,147,2018-12-28 10:30:00,14.827002549300001,14.831889498099999,14.680394086400002,14.6901679839,112366
718,146,2018-12-28 11:00:00,14.680394086400002,14.812341703,14.621750701199998,14.7194896765,62345
719,145,2018-12-28 11:30:00,14.7194896765,14.7585852666,14.670620188900001,14.699941881500001,75870
720,144,2018-12-28 12:00:00,14.699941881500001,14.7488113691,14.6168637525,14.6608462913,119960
721,143,2018-12-28 12:30:00,14.6657332401,14.709715779000001,14.651072393800002,14.6608462913,88451
722,142,2018-12-28 13:00:00,14.670620188900001,14.6852810352,14.621750701199998,14.621750701199998,61899
723,141,2018-12-28 13:30:00,14.621750701199998,14.6315245988,14.543559520999999,14.543559520999999,36328
724,140,2018-12-28 14:00:00,14.543559520999999,14.6461854451,14.5191247772,14.6315245988,57933
725,139,2018-12-28 14:30:00,14.651072393800002,14.768359164100001,14.641298496300001,14.739037471600001,71323
726,138,2018-12-28 15:00:00,14.739037471600001,14.9051937295,14.739037471600001,14.856324241900001,56320
727,137,2018-12-28 15:30:00,14.8465503444,14.8465503444,14.5860759753,14.602202906199999,99079
728,136,2018-12-28 16:00:00,14.6119768037,14.670620188900001,14.563107316099998,14.6119768037,289556
729,135,2018-12-28 16:30:00,14.6119768037,14.6119768037,14.6119768037,14.6119768037,29396
730,134,2018-12-28 18:30:00,14.6119768037,14.6119768037,14.6119768037,14.6119768037,24494
731,133,2018-12-31 09:30:00,14.670620188900001,14.670620188900001,14.670620188900001,14.670620188900001,200
732,132,2018-12-31 10:00:00,14.6901679839,14.8367764468,14.6608462913,14.7488113691,100778
733,131,2018-12-31 10:30:00,14.7488113691,14.827002549300001,14.6119768037,14.651072393800002,68633
734,130,2018-12-31 11:00:00,14.6608462913,14.670620188900001,14.572881213599999,14.651072393800002,76195
735,129,2018-12-31 11:30:00,14.6535158682,14.7879069592,14.621750701199998,14.7781330617,78062
736,128,2018-12-31 12:00:00,14.7781330617,14.7830200104,14.6608462913,14.7830200104,36477
737,127,2018-12-31 12:30:00,14.7781330617,14.875872037,14.7585852666,14.856324241900001,57342
738,126,2018-12-31 13:00:00,14.8660981394,14.9051937295,14.8416633956,14.8660981394,52818
739,125,2018-12-31 13:30:00,14.875872037,14.885645934500001,14.827002549300001,14.856324241900001,88480
740,124,2018-12-31 14:00:00,14.8465503444,14.8660981394,14.792793908,14.797680856700001,44432
741,123,2018-12-31 14:30:00,14.797680856700001,14.8074547543,14.739037471600001,14.7585852666,31210
742,122,2018-12-31 15:00:00,14.7585852666,14.861211190699999,14.7585852666,14.7879069592,69546
743,121,2018-12-31 15:30:00,14.7879069592,14.8709850882,14.7585852666,14.8465503444,102442
744,120,2018-12-31 16:00:00,14.8465503444,14.885645934500001,14.768359164100001,14.8367764468,297446
745,119,2018-12-31 16:30:00,14.8367764468,14.8367764468,14.8367764468,14.8367764468,6967
746,118,2019-01-02 10:00:00,14.572881213599999,14.6608462913,14.484916135799999,14.651072393800002,105945
747,117,2019-01-02 10:30:00,14.651072393800002,14.9638371147,14.602202906199999,14.9247415246,98218
748,116,2019-01-02 11:00:00,14.919854575799999,15.1690889628,14.914967627100001,15.1299933727,142682
749,115,2019-01-02 11:30:00,15.1299933727,15.3352452207,15.1006716801,15.2570540405,173212
750,114,2019-01-02 12:00:00,15.2570540405,15.266827938099999,15.1397672702,15.1593150652,56681
751,113,2019-01-02 12:30:00,15.1397672702,15.1690889628,15.06157609,15.06157609,145699
752,112,2019-01-02 13:00:00,15.066463038699998,15.2766018356,15.0518021924,15.247280143,134901
753,111,2019-01-02 13:30:00,15.237506245499999,15.354793015799999,15.1984106554,15.325471323199999,136545
754,110,2019-01-02 14:00:00,15.325471323199999,15.393888605899999,15.2863757331,15.393888605899999,126790
755,109,2019-01-02 14:30:00,15.384114708399999,15.3890016571,15.2863757331,15.330358272,76228
756,108,2019-01-02 15:00:00,15.325471323199999,15.413436400999998,15.3010365794,15.3010365794,162543
757,107,2019-01-02 15:30:00,15.296149630599999,15.3010365794,15.1886367578,15.2179584504,218619
758,106,2019-01-02 16:00:00,15.2179584504,15.3645669133,15.1886367578,15.3450191183,373955
759,105,2019-01-02 16:30:00,15.354793015799999,15.354793015799999,15.354793015799999,15.354793015799999,39086
760,104,2019-01-03 07:30:00,15.0518021924,15.0518021924,15.0518021924,15.0518021924,100
761,103,2019-01-03 10:00:00,15.2570540405,15.2570540405,14.973611012200001,15.0762369363,77717
762,102,2019-01-03 10:30:00,15.0713499875,15.0762369363,14.9247415246,15.0127066023,150195
763,101,2019-01-03 11:00:00,15.0175935511,15.1397672702,14.9345154221,15.1397672702,153319
764,100,2019-01-03 11:30:00,15.149541167699999,15.3645669133,15.149541167699999,15.2766018356,90298
765,99,2019-01-03 12:00:00,15.2863757331,15.589366556500002,15.2863757331,15.423210298499999,354045
766,98,2019-01-03 12:30:00,15.423210298499999,15.423210298499999,15.2570540405,15.354793015799999,124708
767,97,2019-01-03 13:00:00,15.3450191183,15.501401478699998,15.296149630599999,15.452531991099999,105467
768,96,2019-01-03 13:30:00,15.442758093499998,15.481853683699999,15.2863757331,15.296149630599999,120636
769,95,2019-01-03 14:00:00,15.3059235282,15.3743408109,15.2570540405,15.2863757331,104208
770,94,2019-01-03 14:30:00,15.2766018356,15.3352452207,15.2179584504,15.2863757331,130809
771,93,2019-01-03 15:00:00,15.2863757331,15.3059235282,15.1348803214,15.1886367578,160647
772,92,2019-01-03 15:30:00,15.1886367578,15.2863757331,15.149541167699999,15.1837498091,233097
773,91,2019-01-03 16:00:00,15.1837498091,15.2766018356,15.1690889628,15.1886367578,576405
774,90,2019-01-03 16:30:00,15.178862860299999,15.178862860299999,15.178862860299999,15.178862860299999,60448
775,89,2019-01-04 09:00:00,15.2570540405,15.2570540405,15.2570540405,15.2570540405,100
776,88,2019-01-04 09:30:00,15.3156974257,15.3156974257,15.237506245499999,15.2766018356,2200
777,87,2019-01-04 10:00:00,15.452531991099999,15.7310880706,15.423210298499999,15.706653326800001,150763
778,86,2019-01-04 10:30:00,15.7164272243,15.9314529699,15.6577838392,15.9314529699,171014
779,85,2019-01-04 11:00:00,15.9314529699,15.9803224576,15.8434878922,15.8728095848,172497
780,84,2019-01-04 11:30:00,15.8728095848,15.9216790724,15.7262011218,15.7457489169,140854
781,83,2019-01-04 12:00:00,15.7457489169,15.848374840899998,15.7262011218,15.8092792508,232316
782,82,2019-01-04 12:30:00,15.8043923021,15.8825834823,15.7310880706,15.8141661996,74843
783,81,2019-01-04 13:00:00,15.8141661996,15.9119051749,15.784844507,15.9119051749,201192
784,80,2019-01-04 13:30:00,15.916792123599999,16.0047572014,15.916792123599999,15.985209406300001,91962
785,79,2019-01-04 14:00:00,15.9900963551,15.9998702526,15.9119051749,15.9265660212,133314
786,78,2019-01-04 14:30:00,15.9314529699,16.0243049964,15.9119051749,16.0145310989,177750
787,77,2019-01-04 15:00:00,16.0145310989,16.0780614328,15.9998702526,16.0194180477,170010
788,76,2019-01-04 15:30:00,16.0145310989,16.0976092279,16.0096441501,16.092722279100002,275720
789,75,2019-01-04 16:00:00,16.0878353304,16.1953482032,16.0780614328,16.180687356900002,894955
790,74,2019-01-04 16:30:00,16.1758004081,16.1758004081,16.1758004081,16.1758004081,73374
791,73,2019-01-04 17:00:00,16.1758004081,16.1758004081,16.1758004081,16.1758004081,680
792,72,2019-01-07 08:30:00,16.390826153699997,16.390826153699997,16.390826153699997,16.390826153699997,301
793,71,2019-01-07 09:30:00,16.3419566661,16.3419566661,16.3419566661,16.3419566661,300
794,70,2019-01-07 10:00:00,16.0878353304,16.117157023,15.9119051749,16.0682875353,249319
795,69,2019-01-07 10:30:00,16.0682875353,16.2442176908,16.0585136378,16.1660265106,316819
796,68,2019-01-07 11:00:00,16.1660265106,16.3126349735,16.136704818,16.3126349735,292795
797,67,2019-01-07 11:30:00,16.302861076,16.488565129,16.2979741272,16.4787912315,393163
798,66,2019-01-07 12:00:00,16.488565129,16.571643257999998,16.390826153699997,16.527660719100002,280887
799,65,2019-01-07 12:30:00,16.527660719100002,16.5472085142,16.3712783587,16.3810522562,196721
800,64,2019-01-07 13:00:00,16.3810522562,16.469017333900002,16.3517305636,16.4250347951,210907
801,63,2019-01-07 13:30:00,16.4396956414,16.5032259753,16.3712783587,16.4592434364,148108
802,62,2019-01-07 14:00:00,16.4494695389,16.5472085142,16.4103739488,16.4201478463,218699
803,61,2019-01-07 14:30:00,16.4201478463,16.488565129,16.4103739488,16.4543564877,190521
804,60,2019-01-07 15:00:00,16.4494695389,16.469017333900002,16.3321827686,16.3321827686,323024
805,59,2019-01-07 15:30:00,16.3321827686,16.566756309200002,16.3321827686,16.5472085142,333989
806,58,2019-01-07 16:00:00,16.5569824117,16.5863041043,16.4592434364,16.5178868216,794797
807,57,2019-01-07 16:30:00,16.5178868216,16.5178868216,16.5178868216,16.5178868216,8183
808,56,2019-01-07 17:00:00,16.5178868216,16.5178868216,16.5178868216,16.5178868216,25200
809,55,2019-01-08 10:00:00,16.7524603622,16.8013298499,16.5227737703,16.6644952845,229450
810,54,2019-01-08 10:30:00,16.674269182,16.8111037474,16.4787912315,16.527660719100002,283788
811,53,2019-01-08 11:00:00,16.5325476679,16.5325476679,16.2468566431,16.3370697173,289103
812,52,2019-01-08 11:30:00,16.3370697173,16.488565129,16.322408871,16.4201478463,242877
813,51,2019-01-08 12:00:00,16.4103739488,16.5081129241,16.3517305636,16.5081129241,128138
814,50,2019-01-08 12:30:00,16.5178868216,16.6449474894,16.5178868216,16.6058518993,112426
815,49,2019-01-08 13:00:00,16.596078001800002,16.6840430795,16.5472085142,16.6351735919,257509
816,48,2019-01-08 13:30:00,16.6351735919,16.6644952845,16.591191053,16.600964950599998,187153
817,47,2019-01-08 14:00:00,16.6058518993,16.6351735919,16.537434616600002,16.6107388481,138222
818,46,2019-01-08 14:30:00,16.6058518993,16.6449474894,16.537434616600002,16.5618693605,247277
819,45,2019-01-08 15:00:00,16.571643257999998,16.6351735919,16.5569824117,16.5814171555,149544
820,44,2019-01-08 15:30:00,16.5814171555,16.6889300283,16.566756309200002,16.6693822333,267378
821,43,2019-01-08 16:00:00,16.674269182,16.7720081573,16.6693822333,16.7622342598,496524
822,42,2019-01-08 16:30:00,16.7622342598,16.7622342598,16.7622342598,16.7622342598,13036
823,41,2019-01-09 10:00:00,16.9968078004,17.006581697999998,16.6351735919,16.9910412009,207340
824,40,2019-01-09 10:30:00,16.9919208517,17.060338134400002,16.9039557739,17.0163555955,337678
825,39,2019-01-09 11:00:00,17.006581697999998,17.006581697999998,16.7720081573,16.8501993375,288295
826,38,2019-01-09 11:30:00,16.859973235,17.0652250831,16.8306515425,17.0359033905,200059
827,37,2019-01-09 12:00:00,17.026129493,17.0749989807,16.9528252616,17.0163555955,144136
828,36,2019-01-09 12:30:00,17.026129493,17.1238684683,17.0163555955,17.0652250831,159839
829,35,2019-01-09 13:00:00,17.0652250831,17.192285751,17.0456772881,17.1629640584,127687
830,34,2019-01-09 13:30:00,17.1629640584,17.2313813411,17.1140945708,17.1727379559,118315
831,33,2019-01-09 14:00:00,17.1825118535,17.1825118535,17.0554511856,17.1287554171,116411
832,32,2019-01-09 14:30:00,17.1336423658,17.211833545999998,17.0652250831,17.1727379559,218684
833,31,2019-01-09 15:00:00,17.1629640584,17.280250828699998,17.1629640584,17.250929136099998,150824
834,30,2019-01-09 15:30:00,17.250929136099998,17.3340072651,17.2069465973,17.2069465973,255384
835,29,2019-01-09 16:00:00,17.2069465973,17.2997986238,17.1629640584,17.2216074436,629695
836,28,2019-01-09 16:30:00,17.2313813411,17.2313813411,17.2313813411,17.2313813411,62103
837,27,2019-01-10 10:00:00,17.0456772881,17.1727379559,16.8697471326,16.9283905177,184195
838,26,2019-01-10 10:30:00,16.9283905177,16.9968078004,16.7964429011,16.7964429011,272139
839,25,2019-01-10 11:00:00,16.7964429011,16.8111037474,16.6596083357,16.7817820548,262884
840,24,2019-01-10 11:30:00,16.7817820548,16.8990688252,16.7720081573,16.825764593699997,144780
841,23,2019-01-10 12:00:00,16.8208776449,17.0718713334,16.8208776449,16.977260005399998,199790
842,22,2019-01-10 12:30:00,16.977260005399998,17.006581697999998,16.8697471326,16.9870339029,115638
843,21,2019-01-10 13:00:00,16.9821469541,17.0456772881,16.9381644153,16.947938312799998,123628
844,20,2019-01-10 13:30:00,16.947938312799998,16.9674861078,16.835538491199998,16.8697471326,104231
845,19,2019-01-10 14:00:00,16.8697471326,16.8697471326,16.7622342598,16.8453123888,135128
846,18,2019-01-10 14:30:00,16.84042544,16.9625991591,16.835538491199998,16.947938312799998,136033
847,17,2019-01-10 15:00:00,16.9577122103,17.0359033905,16.9528252616,17.0163555955,143268
848,16,2019-01-10 15:30:00,17.0163555955,17.0554511856,16.9577122103,16.9625991591,152260
849,15,2019-01-10 16:00:00,16.9625991591,17.1140945708,16.947938312799998,17.1043206732,540441
850,14,2019-01-10 16:30:00,17.1043206732,17.1043206732,17.1043206732,17.1043206732,112989
851,13,2019-01-11 10:00:00,16.977260005399998,16.977260005399998,16.6400605407,16.7915559524,213639
852,12,2019-01-11 10:30:00,16.7817820548,16.7915559524,16.654721387000002,16.6693822333,201556
853,11,2019-01-11 11:00:00,16.6644952845,16.8111037474,16.6107388481,16.8111037474,204360
854,10,2019-01-11 11:30:00,16.8111037474,16.859973235,16.7133647721,16.8208776449,350908
855,9,2019-01-11 12:00:00,16.8208776449,16.918616620199998,16.7768951061,16.8941818764,582994
856,8,2019-01-11 12:30:00,16.889294927599998,16.9968078004,16.8306515425,16.859973235,219774
857,7,2019-01-11 13:00:00,16.8501993375,17.0359033905,16.8501993375,17.026129493,233265
858,6,2019-01-11 13:30:00,17.031016441800002,17.0359033905,16.8501993375,16.8844079789,131805
859,5,2019-01-11 14:00:00,16.8844079789,16.9577122103,16.8844079789,16.9039557739,166231
860,4,2019-01-11 14:30:00,16.8990688252,16.9381644153,16.8501993375,16.8550862863,263271
861,3,2019-01-11 15:00:00,16.8501993375,16.8697471326,16.7720081573,16.7964429011,341371
862,2,2019-01-11 15:30:00,16.7964429011,16.8697471326,16.7915559524,16.7915559524,316496
863,1,2019-01-11 16:00:00,16.7960519452,16.84042544,16.7866690036,16.8306515425,634319
864,0,2019-01-11 16:30:00,16.84042544,16.84042544,16.84042544,16.84042544,46081
