,index,time,open,high,low,close,volume
0,364,2020-09-08 08:30:00,244.3,244.3,244.3,244.3,100
1,363,2020-09-08 09:00:00,244.11,244.5,244.1,244.5,447
2,362,2020-09-08 09:30:00,243.55,243.8,243.02,243.65,8015
3,361,2020-09-08 10:00:00,243.64,244.7,241.89,244.32,206947
4,360,2020-09-08 10:30:00,244.5,245.78,243.18,245.49,137720
5,359,2020-09-08 11:00:00,245.39,245.82,244.0325,244.55,91639
6,358,2020-09-08 11:30:00,244.57,245.95,244.41,245.17,91823
7,357,2020-09-08 12:00:00,245.06,245.17,243.5001,244.51,99418
8,356,2020-09-08 12:30:00,244.37,245.53,244.31,245.22,35679
9,355,2020-09-08 13:00:00,245.25,245.45,244.68,245.23,44244
10,354,2020-09-08 13:30:00,245.28,245.69,245.02,245.42,40789
11,353,2020-09-08 14:00:00,245.35,245.69,245.23,245.61,67244
12,352,2020-09-08 14:30:00,245.7,245.89,244.35,244.61,69618
13,351,2020-09-08 15:00:00,244.58,244.58,243.03,243.8999,65893
14,350,2020-09-08 15:30:00,243.81,244.07,242.99,243.79,102082
15,349,2020-09-08 16:00:00,243.77,244.61,242.72,242.9,249546
16,348,2020-09-08 16:30:00,243.06,243.06,243.05,243.05,179217
17,347,2020-09-08 17:00:00,243.05,243.05,243.05,243.05,150
18,346,2020-09-09 07:00:00,245.43,245.43,245.43,245.43,100
19,345,2020-09-09 08:30:00,246.2016,246.2016,246.2016,246.2016,50000
20,344,2020-09-09 09:00:00,245.59,246.92,245.59,245.83,1862
21,343,2020-09-09 09:30:00,246.0,246.61,245.78,245.9,3144
22,342,2020-09-09 10:00:00,245.85,248.6,245.85,248.49,497500
23,341,2020-09-09 10:30:00,248.43,250.49,248.23,250.11,157914
24,340,2020-09-09 11:00:00,250.04,250.57,249.495,249.76,69013
25,339,2020-09-09 11:30:00,250.14,250.84,249.97,250.04,85496
26,338,2020-09-09 12:00:00,250.04,250.47,249.66,250.445,87705
27,337,2020-09-09 12:30:00,250.42,250.85,250.15,250.42,40962
28,336,2020-09-09 13:00:00,250.46,251.16,250.46,251.07,31382
29,335,2020-09-09 13:30:00,251.035,252.2,250.92,251.92,55392
30,334,2020-09-09 14:00:00,251.995,252.46,251.5,251.87,55254
31,333,2020-09-09 14:30:00,251.94,252.41,251.58,252.1475,58049
32,332,2020-09-09 15:00:00,252.07,253.24,252.06,253.0379,68986
33,331,2020-09-09 15:30:00,253.045,253.58,252.89,253.04,87828
34,330,2020-09-09 16:00:00,252.89,253.23,251.01,251.32,180254
35,329,2020-09-09 16:30:00,251.15,251.15,251.15,251.15,36231
36,328,2020-09-10 04:30:00,251.71,251.93,251.71,251.93,300
37,327,2020-09-10 09:00:00,252.41,252.84,252.41,252.84,868
38,326,2020-09-10 09:30:00,252.29,253.98,252.29,253.33,7503
39,325,2020-09-10 10:00:00,253.32,254.61,252.7,253.84,154412
40,324,2020-09-10 10:30:00,253.89,254.22,252.16,252.25,79721
41,323,2020-09-10 11:00:00,252.35,252.89,250.58,250.58,68936
42,322,2020-09-10 11:30:00,250.58,251.78,250.35,251.6787,54759
43,321,2020-09-10 12:00:00,251.52,251.9508,250.61,250.7,51745
44,320,2020-09-10 12:30:00,250.65,251.13,250.01,250.22,25651
45,319,2020-09-10 13:00:00,250.23,250.38,249.15,249.81,30749
46,318,2020-09-10 13:30:00,249.95,251.22,249.68,250.13,33051
47,317,2020-09-10 14:00:00,250.03,250.9,249.4,249.58,32372
48,316,2020-09-10 14:30:00,249.55,250.18,247.49,247.49,57305
49,315,2020-09-10 15:00:00,247.89,248.665,247.5601,248.56,47692
50,314,2020-09-10 15:30:00,248.73,248.73,247.0,247.59,94704
51,313,2020-09-10 16:00:00,247.46,248.62,247.05,247.27,165010
52,312,2020-09-10 16:30:00,247.29,247.29,247.29,247.29,22512
53,311,2020-09-10 17:00:00,247.29,247.29,247.29,247.29,224
54,310,2020-09-11 07:30:00,250.49,250.49,250.49,250.49,159
55,309,2020-09-11 08:00:00,250.41,250.41,250.41,250.41,100
56,308,2020-09-11 09:00:00,250.76,250.76,249.79,250.11,3886
57,307,2020-09-11 09:30:00,250.12,250.12,249.59,249.6,2493
58,306,2020-09-11 10:00:00,249.9,250.385,248.71,249.31,111381
59,305,2020-09-11 10:30:00,249.18,250.88,249.0,250.62,92485
60,304,2020-09-11 11:00:00,250.615,250.865,250.0,250.285,85457
61,303,2020-09-11 11:30:00,250.285,251.29,250.27,250.44,79261
62,302,2020-09-11 12:00:00,250.4,250.66,249.72,250.26,61868
63,301,2020-09-11 12:30:00,250.25,251.43,249.97,251.02,23592
64,300,2020-09-11 13:00:00,250.68,250.79,249.8475,249.89,41159
65,299,2020-09-11 13:30:00,249.82,250.04,249.01,249.11,46740
66,298,2020-09-11 14:00:00,249.1,249.8,248.81,249.11,42391
67,297,2020-09-11 14:30:00,249.11,250.19,248.81,249.83,30905
68,296,2020-09-11 15:00:00,249.76,250.89,249.72,250.38,40224
69,295,2020-09-11 15:30:00,250.4475,251.41,249.84,251.23,51694
70,294,2020-09-11 16:00:00,251.15,251.41,250.06,250.14,166183
71,293,2020-09-11 16:30:00,250.17,250.17,250.16,250.16,144344
72,292,2020-09-14 04:30:00,252.92,252.92,252.92,252.92,100
73,291,2020-09-14 06:30:00,251.34,251.75,251.34,251.61,400
74,290,2020-09-14 07:00:00,251.5,251.5,251.5,251.5,100
75,289,2020-09-14 09:30:00,251.41,251.67,251.41,251.67,1230
76,288,2020-09-14 10:00:00,251.76,252.17,250.58,251.93,88205
77,287,2020-09-14 10:30:00,251.965,253.64,251.93,253.26,85436
78,286,2020-09-14 11:00:00,253.26,253.2992,251.69,251.73,43272
79,285,2020-09-14 11:30:00,251.74,252.38,251.43,252.38,37351
80,284,2020-09-14 12:00:00,252.43,252.62,251.96,252.08,49149
81,283,2020-09-14 12:30:00,252.07,252.31,251.7494,252.25,39613
82,282,2020-09-14 13:00:00,252.21,252.3,251.9,252.03,51561
83,281,2020-09-14 13:30:00,252.02,252.17,251.625,251.97,36774
84,280,2020-09-14 14:00:00,251.98,252.14,251.59,251.69,70978
85,279,2020-09-14 14:30:00,251.7,252.08,251.58,251.91,63169
86,278,2020-09-14 15:00:00,252.04,252.13,251.17,251.23,58286
87,277,2020-09-14 15:30:00,251.29,251.65,250.715,251.31,63029
88,276,2020-09-14 16:00:00,251.33,252.37,251.18,251.25,244293
89,275,2020-09-14 16:30:00,251.25,251.25,251.25,251.25,222202
90,274,2020-09-14 18:30:00,251.5,251.5,251.5,251.5,200
91,273,2020-09-15 09:30:00,252.22,252.22,252.0,252.0,600
92,272,2020-09-15 10:00:00,252.1,254.265,252.1,252.95,127669
93,271,2020-09-15 10:30:00,252.915,253.12,252.0,252.5,78429
94,270,2020-09-15 11:00:00,252.46,252.67,251.74,252.29,65782
95,269,2020-09-15 11:30:00,252.295,252.78,252.0,252.4,45226
96,268,2020-09-15 12:00:00,252.42,252.78,252.19,252.31,42144
97,267,2020-09-15 12:30:00,252.38,252.56,251.68,251.87,24561
98,266,2020-09-15 13:00:00,251.9,251.96,251.7,251.78,23758
99,265,2020-09-15 13:30:00,251.79,252.23,251.505,252.19,37902
100,264,2020-09-15 14:00:00,252.17,252.46,251.84,252.1525,26076
101,263,2020-09-15 14:30:00,252.09,252.13,251.73,252.04,37093
102,262,2020-09-15 15:00:00,252.0,252.545,251.91,252.50099999999998,24652
103,261,2020-09-15 15:30:00,252.48,252.6,251.81,251.85,62262
104,260,2020-09-15 16:00:00,251.85,251.85,250.71,250.73,306179
105,259,2020-09-15 16:30:00,250.73,250.73,250.73,250.73,143105
106,258,2020-09-16 09:30:00,250.41,250.45,250.41,250.45,200
107,257,2020-09-16 10:00:00,250.3,250.83,249.88,250.4,158856
108,256,2020-09-16 10:30:00,250.385,250.81,249.67,249.99,121500
109,255,2020-09-16 11:00:00,249.93,250.25,249.64,249.7,126415
110,254,2020-09-16 11:30:00,249.695,250.82,249.67,250.55,160652
111,253,2020-09-16 12:00:00,250.48,250.695,250.19,250.43,82777
112,252,2020-09-16 12:30:00,250.4,250.7,250.3,250.62,43809
113,251,2020-09-16 13:00:00,250.63,250.93,250.34,250.827,45464
114,250,2020-09-16 13:30:00,250.87,251.505,250.79,250.97,58069
115,249,2020-09-16 14:00:00,250.86,251.34,250.46,251.18,38495
116,248,2020-09-16 14:30:00,251.175,251.885,250.94,251.8,49070
117,247,2020-09-16 15:00:00,251.77,251.83,250.16,250.71,82955
118,246,2020-09-16 15:30:00,250.685,251.05,249.5,249.57,80992
119,245,2020-09-16 16:00:00,249.51,250.11,248.44,248.84,248623
120,244,2020-09-16 16:30:00,250.3693,250.3693,248.84,248.84,132439
121,243,2020-09-17 07:30:00,246.99,247.05,246.99,247.05,601
122,242,2020-09-17 08:00:00,247.01,247.01,247.01,247.01,161
123,241,2020-09-17 08:30:00,246.4,246.4,246.4,246.4,200
124,240,2020-09-17 09:30:00,245.63,247.14,245.63,247.0,7276
125,239,2020-09-17 10:00:00,246.95,247.19,245.9,246.88,211924
126,238,2020-09-17 10:30:00,247.01,248.13,246.74,247.64,84510
127,237,2020-09-17 11:00:00,247.65,249.06,247.59,248.66,111362
128,236,2020-09-17 11:30:00,248.73,249.46,248.73,249.16,66321
129,235,2020-09-17 12:00:00,249.15,249.39,248.39,249.11,47228
130,234,2020-09-17 12:30:00,249.104,249.1911,246.76,247.35,63537
131,233,2020-09-17 13:00:00,247.355,248.17,247.28,248.17,40645
132,232,2020-09-17 13:30:00,248.15,248.3,247.57,247.7,31297
133,231,2020-09-17 14:00:00,247.62,247.91,247.61,247.82,26169
134,230,2020-09-17 14:30:00,247.86,248.91,247.74,248.24,27802
135,229,2020-09-17 15:00:00,248.16,248.33,247.685,248.165,51426
136,228,2020-09-17 15:30:00,248.21,249.03,247.25,248.96,86122
137,227,2020-09-17 16:00:00,248.89,250.53,248.89,250.53,292766
138,226,2020-09-17 16:30:00,250.39,250.39,248.84,248.84,54037
139,225,2020-09-17 17:00:00,250.39,250.39,250.39,250.39,537
140,224,2020-09-18 06:00:00,250.85,250.85,250.24,250.66,3657
141,223,2020-09-18 09:00:00,250.47,250.63,250.47,250.55,459
142,222,2020-09-18 09:30:00,250.03,250.12,249.46,249.6,8036
143,221,2020-09-18 10:00:00,249.32,250.61,248.65,249.21,905716
144,220,2020-09-18 10:30:00,249.28,249.86,248.31,248.6075,114437
145,219,2020-09-18 11:00:00,248.69,248.85,248.15,248.46,150450
146,218,2020-09-18 11:30:00,248.45,248.75,247.9,248.36,99878
147,217,2020-09-18 12:00:00,248.33,248.6,247.66,248.4099,54184
148,216,2020-09-18 12:30:00,248.28,248.4,247.43,247.85,51244
149,215,2020-09-18 13:00:00,247.89,247.96,246.935,246.935,72475
150,214,2020-09-18 13:30:00,246.85,247.3,245.99,245.99,67344
151,213,2020-09-18 14:00:00,245.78,246.6,245.25,246.6,68588
152,212,2020-09-18 14:30:00,246.65,246.66,245.745,246.11,65730
153,211,2020-09-18 15:00:00,246.1,246.6395,245.6,245.98,81905
154,210,2020-09-18 15:30:00,246.01,246.41,245.72,246.3,85482
155,209,2020-09-18 16:00:00,246.3154,246.92,245.62,245.97,289440
156,208,2020-09-18 16:30:00,246.1,246.1017,246.1,246.1017,106370
157,207,2020-09-18 18:00:00,246.1,246.1,246.1,246.1,153
158,206,2020-09-21 04:30:00,239.71,239.71,239.71,239.71,200
159,205,2020-09-21 05:30:00,240.39,240.39,240.39,240.39,100
160,204,2020-09-21 06:30:00,236.86,237.38,236.75,237.34,3495
161,203,2020-09-21 07:00:00,237.16,237.39,236.9,237.38,2130
162,202,2020-09-21 07:30:00,238.01,238.01,237.01,237.01,413
163,201,2020-09-21 08:00:00,237.53,238.4,237.53,238.4,1110
164,200,2020-09-21 08:30:00,238.82,239.07,237.84,237.84,3052
165,199,2020-09-21 09:00:00,237.67,237.67,236.52,237.14,1086
166,198,2020-09-21 09:30:00,237.86,239.51,237.1123,239.51,21825
167,197,2020-09-21 10:00:00,239.29,240.61,238.4,239.17,293305
168,196,2020-09-21 10:30:00,239.19,239.34,235.77,236.37,160765
169,195,2020-09-21 11:00:00,236.37,236.55,235.0,236.33,220971
170,194,2020-09-21 11:30:00,236.33,237.13,234.9,235.5,122357
171,193,2020-09-21 12:00:00,235.47,236.75,234.87,236.73,91779
172,192,2020-09-21 12:30:00,236.59,237.14,236.51,236.98,56196
173,191,2020-09-21 13:00:00,236.95,237.32,235.59,235.8,62936
174,190,2020-09-21 13:30:00,235.88,236.44,235.45,236.43,38111
175,189,2020-09-21 14:00:00,236.42,237.0914,236.42,236.58,45370
176,188,2020-09-21 14:30:00,236.51,237.06,236.15,236.88,57816
177,187,2020-09-21 15:00:00,236.855,237.005,235.85,236.79,52496
178,186,2020-09-21 15:30:00,236.84,238.12,236.78,237.74,107424
179,185,2020-09-21 16:00:00,237.73,238.66,237.14,238.29,432432
180,184,2020-09-21 16:30:00,238.44,238.44,238.28,238.28,30414
181,183,2020-09-21 17:00:00,238.28,238.28,238.28,238.28,300
182,182,2020-09-21 19:30:00,238.28,238.28,238.28,238.28,100
183,181,2020-09-22 05:00:00,238.32,238.32,238.32,238.32,167
184,180,2020-09-22 07:30:00,237.8,237.8,237.38,237.39,839
185,179,2020-09-22 08:00:00,237.08,237.08,236.92,236.92,1100
186,178,2020-09-22 08:30:00,237.4199,237.4199,236.18,236.53,2109
187,177,2020-09-22 09:00:00,236.53,237.01,236.53,236.88,1655
188,176,2020-09-22 09:30:00,236.79,237.74,236.79,237.74,2779
189,175,2020-09-22 10:00:00,237.84,238.55,236.9,236.99,232213
190,174,2020-09-22 10:30:00,237.06,238.07,237.06,237.845,92464
191,173,2020-09-22 11:00:00,238.02,238.48,236.805,236.805,125438
192,172,2020-09-22 11:30:00,236.745,238.1,236.39,237.59,128469
193,171,2020-09-22 12:00:00,237.64,238.0,236.17,237.86,323572
194,170,2020-09-22 12:30:00,237.79,238.08,237.37,237.45,72050
195,169,2020-09-22 13:00:00,237.3913,237.43,236.23,236.57,81959
196,168,2020-09-22 13:30:00,236.635,237.57,236.55,237.34,50486
197,167,2020-09-22 14:00:00,237.33,237.63,237.24,237.5,71346
198,166,2020-09-22 14:30:00,237.53,237.84,237.32,237.72,82656
199,165,2020-09-22 15:00:00,237.69,237.84,237.47,237.5088,104156
200,164,2020-09-22 15:30:00,237.52,238.6,237.32,238.34,143450
201,163,2020-09-22 16:00:00,238.32,238.675,237.73,238.23,369475
202,162,2020-09-22 16:30:00,238.23,238.23,238.23,238.23,50043
203,161,2020-09-23 07:30:00,239.22,239.22,239.22,239.22,160
204,160,2020-09-23 09:30:00,238.2903,238.2903,237.82,238.16,3676
205,159,2020-09-23 10:00:00,238.13,238.35,237.0,237.1,141764
206,158,2020-09-23 10:30:00,237.11,237.67,236.61,237.58,125591
207,157,2020-09-23 11:00:00,237.56,237.67,236.6114,237.16,64798
208,156,2020-09-23 11:30:00,237.2,238.37,237.02,237.49,89700
209,155,2020-09-23 12:00:00,237.49,237.55,236.17,236.25,76367
210,154,2020-09-23 12:30:00,236.16,237.18,235.985,237.123,38810
211,153,2020-09-23 13:00:00,237.03,237.75,236.86,237.67,47566
212,152,2020-09-23 13:30:00,237.65,237.925,237.42,237.6,47960
213,151,2020-09-23 14:00:00,237.65,237.9398,237.05,237.14,65398
214,150,2020-09-23 14:30:00,237.05,237.43,235.09,235.1,81613
215,149,2020-09-23 15:00:00,235.205,235.36,234.23,234.23,81723
216,148,2020-09-23 15:30:00,234.41,234.67,233.37,233.95,100496
217,147,2020-09-23 16:00:00,233.9,234.14,232.87,233.16,323208
218,146,2020-09-23 16:30:00,233.15,233.15,233.15,233.15,90494
219,145,2020-09-23 17:00:00,233.15,233.15,233.15,233.15,1782
220,144,2020-09-24 07:30:00,233.0,233.0,233.0,233.0,100
221,143,2020-09-24 09:30:00,232.7,233.32,232.41,233.32,1600
222,142,2020-09-24 10:00:00,233.41,233.53,231.7,233.09,143372
223,141,2020-09-24 10:30:00,233.035,234.42,232.67,232.97,85227
224,140,2020-09-24 11:00:00,232.89,233.2,232.01,233.08,60254
225,139,2020-09-24 11:30:00,233.025,233.4806,232.36,233.09,110912
226,138,2020-09-24 12:00:00,233.09,233.97,232.99,233.78,52328
227,137,2020-09-24 12:30:00,233.91,234.59099999999998,233.86,233.92,41297
228,136,2020-09-24 13:00:00,233.96,234.4791,233.37,234.42,39528
229,135,2020-09-24 13:30:00,234.425,235.2,234.29,235.07,47613
230,134,2020-09-24 14:00:00,235.17,235.48,234.615,234.615,50411
231,133,2020-09-24 14:30:00,234.73,234.9,233.82,233.94,41434
232,132,2020-09-24 15:00:00,234.01,234.56,232.87,232.875,61640
233,131,2020-09-24 15:30:00,232.91,233.275,232.21,232.565,96555
234,130,2020-09-24 16:00:00,232.45,234.52,232.37,234.38,329486
235,129,2020-09-24 16:30:00,234.5,234.5,234.5,234.5,23526
236,128,2020-09-25 04:30:00,231.81,231.81,231.81,231.81,400
237,127,2020-09-25 05:00:00,231.94,232.06,231.94,232.06,240
238,126,2020-09-25 06:00:00,230.44,230.5,230.44,230.5,400
239,125,2020-09-25 06:30:00,230.1,230.1,230.1,230.1,217
240,124,2020-09-25 07:00:00,229.0,229.0,228.17,228.17,2390
241,123,2020-09-25 07:30:00,228.11,229.11,228.04,229.11,1767
242,122,2020-09-25 08:00:00,229.11,230.3,229.07,230.05,4709
243,121,2020-09-25 08:30:00,228.5101,230.29,228.5101,229.65,4631
244,120,2020-09-25 09:00:00,229.9,230.33,229.65,230.21,6456
245,119,2020-09-25 09:30:00,230.19,230.6,228.95,229.1,10702
246,118,2020-09-25 10:00:00,229.13,230.7,229.13,230.26,243475
247,117,2020-09-25 10:30:00,230.16,231.06,228.47,230.87,151296
248,116,2020-09-25 11:00:00,230.68,231.32,230.25,230.74,148097
249,115,2020-09-25 11:30:00,230.8,231.17,229.95,230.715,138607
250,114,2020-09-25 12:00:00,230.76,230.92,230.05,230.18,314171
251,113,2020-09-25 12:30:00,230.34,231.16,230.34,230.58,59747
252,112,2020-09-25 13:00:00,230.63,231.89,230.49,231.67,55343
253,111,2020-09-25 13:30:00,231.62,232.45,231.56,232.24,97640
254,110,2020-09-25 14:00:00,232.29,232.885,232.26,232.52,60192
255,109,2020-09-25 14:30:00,232.49,232.86,232.1406,232.17,210650
256,108,2020-09-25 15:00:00,232.15,232.705,231.92,232.65,84330
257,107,2020-09-25 15:30:00,232.665,233.67,232.44,233.48,93117
258,106,2020-09-25 16:00:00,233.45,233.465,232.26,232.74,306606
259,105,2020-09-25 16:30:00,232.75,232.75,232.75,232.75,18199
260,104,2020-09-28 05:30:00,235.96,236.0,235.96,236.0,944
261,103,2020-09-28 06:30:00,237.3,237.3,237.25,237.25,1560
262,102,2020-09-28 07:00:00,237.75,237.75,237.69,237.75,1300
263,101,2020-09-28 07:30:00,237.62,237.75,237.62,237.62,1000
264,100,2020-09-28 08:00:00,238.19,238.35,238.19,238.35,539
265,99,2020-09-28 08:30:00,238.4,238.92,238.4,238.92,2500
266,98,2020-09-28 09:00:00,238.87,239.07,238.0,238.0,3508
267,97,2020-09-28 09:30:00,237.9,238.2,237.75,238.05,5651
268,96,2020-09-28 10:00:00,237.91,237.97,236.4,236.95,167064
269,95,2020-09-28 10:30:00,237.0,237.86,236.79,237.18,115809
270,94,2020-09-28 11:00:00,237.215,237.65,236.59,236.81,65119
271,93,2020-09-28 11:30:00,236.88,237.54,236.73,237.54,57543
272,92,2020-09-28 12:00:00,237.56,238.31,237.56,238.27,71383
273,91,2020-09-28 12:30:00,238.3,238.55,238.09,238.2403,37893
274,90,2020-09-28 13:00:00,238.29,238.9,238.2,238.71,38282
275,89,2020-09-28 13:30:00,238.75,238.84,238.0,238.0,37289
276,88,2020-09-28 14:00:00,238.02,238.3,237.815,237.815,47069
277,87,2020-09-28 14:30:00,237.86,238.48,237.51,238.38,51588
278,86,2020-09-28 15:00:00,238.41,238.84,238.24,238.33,42205
279,85,2020-09-28 15:30:00,238.32,238.35,237.62,237.935,52552
280,84,2020-09-28 16:00:00,237.9,237.9,236.76,237.24,153253
281,83,2020-09-28 16:30:00,237.05,237.05,237.05,237.05,14725
282,82,2020-09-29 05:30:00,236.2,236.22,236.2,236.22,300
283,81,2020-09-29 07:30:00,237.59,237.59,237.11,237.11,200
284,80,2020-09-29 08:00:00,237.37,237.37,237.37,237.37,100
285,79,2020-09-29 09:00:00,237.15,237.15,237.15,237.15,100
286,78,2020-09-29 09:30:00,237.29,237.41,237.24,237.41,3471
287,77,2020-09-29 10:00:00,237.76,238.61,237.38,238.06,96410
288,76,2020-09-29 10:30:00,238.05,239.29,237.87,239.11,69345
289,75,2020-09-29 11:00:00,239.15,239.2,236.72,236.95,71627
290,74,2020-09-29 11:30:00,236.83,237.32,236.6,237.15,78448
291,73,2020-09-29 12:00:00,237.25,237.61,236.535,236.63,67107
292,72,2020-09-29 12:30:00,236.63,236.73,236.275,236.62,39722
293,71,2020-09-29 13:00:00,236.56,236.79,236.385,236.74,47292
294,70,2020-09-29 13:30:00,236.6902,236.89,236.31,236.83,62873
295,69,2020-09-29 14:00:00,236.99,237.51,236.87,237.33,40565
296,68,2020-09-29 14:30:00,237.36,237.81,237.22,237.61,76101
297,67,2020-09-29 15:00:00,237.6,237.7,237.43,237.68,40718
298,66,2020-09-29 15:30:00,237.7,238.27,237.49,237.98,70888
299,65,2020-09-29 16:00:00,237.96,237.96,236.27,236.43,158621
300,64,2020-09-29 16:30:00,236.43,236.7,236.43,236.7,154622
301,63,2020-09-29 18:30:00,236.36,236.36,236.36,236.36,500
302,62,2020-09-30 08:30:00,233.84,234.28,233.84,234.28,900
303,61,2020-09-30 09:00:00,234.45,234.84,234.45,234.61,1800
304,60,2020-09-30 09:30:00,234.68,235.97,234.65,235.65,13483
305,59,2020-09-30 10:00:00,236.04,237.3,235.92,237.14,213746
306,58,2020-09-30 10:30:00,237.14,238.06,237.09,237.655,110535
307,57,2020-09-30 11:00:00,237.78,238.87,237.69,238.12,100340
308,56,2020-09-30 11:30:00,238.1,238.695,237.86,238.04,154103
309,55,2020-09-30 12:00:00,238.21,238.375,236.92,238.17,130642
310,54,2020-09-30 12:30:00,238.155,239.34,238.03,239.175,63821
311,53,2020-09-30 13:00:00,239.165,239.2,238.88,238.96,40506
312,52,2020-09-30 13:30:00,238.95,238.95,238.47,238.6342,39102
313,51,2020-09-30 14:00:00,238.64,239.51,238.56,239.4,60421
314,50,2020-09-30 14:30:00,239.38,240.02,238.17,238.785,82069
315,49,2020-09-30 15:00:00,238.71,238.82,237.0,238.205,77746
316,48,2020-09-30 15:30:00,238.12,238.25,235.935,237.03,91014
317,47,2020-09-30 16:00:00,236.81,238.9,236.65,238.02,399862
318,46,2020-09-30 16:30:00,238.13,238.13,238.13,238.13,38499
319,45,2020-10-01 04:30:00,238.03,238.46,238.01,238.46,925
320,44,2020-10-01 06:30:00,236.84,236.84,236.84,236.84,422
321,43,2020-10-01 07:00:00,236.9,236.9,236.14,236.18,1622
322,42,2020-10-01 07:30:00,236.23,236.23,236.15,236.15,423
323,41,2020-10-01 08:30:00,236.91,236.91,236.8,236.8,500
324,40,2020-10-01 09:00:00,236.52,237.01,236.22,236.22,3077
325,39,2020-10-01 09:30:00,236.31,236.69,235.99,236.69,12311
326,38,2020-10-01 10:00:00,236.69,238.365,236.47,236.6,349816
327,37,2020-10-01 10:30:00,236.59,237.36,234.97,235.3884,136444
328,36,2020-10-01 11:00:00,235.36,236.45,235.28,235.725,74162
329,35,2020-10-01 11:30:00,235.84,236.32,235.38,236.02,153948
330,34,2020-10-01 12:00:00,236.08,237.335,235.82,237.26,82784
331,33,2020-10-01 12:30:00,237.15,237.17,236.17,236.615,44778
332,32,2020-10-01 13:00:00,236.53,236.8599,235.97,236.355,47658
333,31,2020-10-01 13:30:00,236.37,236.81,235.5,235.63,47283
334,30,2020-10-01 14:00:00,235.69,236.0,234.41,234.68,85493
335,29,2020-10-01 14:30:00,234.75,235.1,233.35,234.04,89172
336,28,2020-10-01 15:00:00,234.01,234.985,234.01,234.53,111408
337,27,2020-10-01 15:30:00,234.58,234.65,233.6,233.64,229500
338,26,2020-10-01 16:00:00,233.62,233.87,232.09,232.82,494389
339,25,2020-10-01 16:30:00,232.7,232.7,232.7,232.7,160748
340,24,2020-10-01 17:30:00,232.7,232.7,232.7,232.7,329
341,23,2020-10-01 19:00:00,232.6,232.6,232.6,232.6,400
342,22,2020-10-01 20:00:00,232.6,232.6,232.6,232.6,200
343,21,2020-10-02 04:30:00,230.84,230.9,230.43,230.43,400
344,20,2020-10-02 05:30:00,230.8,230.8,230.8,230.8,100
345,19,2020-10-02 06:00:00,229.66,229.66,229.66,229.66,200
346,18,2020-10-02 06:30:00,229.72,229.72,229.35,229.35,374
347,17,2020-10-02 08:00:00,229.02,229.02,229.02,229.02,150
348,16,2020-10-02 08:30:00,229.75,229.82,229.01,229.01,860
349,15,2020-10-02 09:00:00,229.0,229.08,228.1,228.1,1553
350,14,2020-10-02 09:30:00,228.12,229.3,227.87,229.3,11833
351,13,2020-10-02 10:00:00,229.27,232.78,229.14,231.9,305290
352,12,2020-10-02 10:30:00,231.89,233.36,231.8652,232.57,114409
353,11,2020-10-02 11:00:00,232.61,233.13,232.05,232.91,95133
354,10,2020-10-02 11:30:00,232.94,233.89,232.62,233.5,105347
355,9,2020-10-02 12:00:00,233.55,233.97,232.77,232.82,85666
356,8,2020-10-02 12:30:00,232.82,234.56,232.5,234.44,101549
357,7,2020-10-02 13:00:00,234.47,234.98,234.39,234.455,70459
358,6,2020-10-02 13:30:00,234.435,234.65,233.68,234.19,72023
359,5,2020-10-02 14:00:00,234.24,234.26,233.17,233.4,57884
360,4,2020-10-02 14:30:00,233.47,233.9441,233.365,233.4459,64916
361,3,2020-10-02 15:00:00,233.46,234.1547,233.31,233.74,90909
362,2,2020-10-02 15:30:00,233.69,233.725,232.84400000000002,233.22,115842
363,1,2020-10-02 16:00:00,233.2,233.56,232.11,232.33,474956
364,0,2020-10-02 16:30:00,232.15,232.15,232.15,232.15,128135
