,index,time,open,high,low,close,volume
0,345,2020-09-08 07:30:00,34.5,34.5,34.5,34.5,295
1,344,2020-09-08 08:30:00,34.28,34.48,34.0,34.0,1058
2,343,2020-09-08 09:00:00,33.6999,33.6999,33.6999,33.6999,100
3,342,2020-09-08 09:30:00,33.2,33.2,33.2,33.2,300
4,341,2020-09-08 10:00:00,33.52,34.7055,33.1532,34.65,130346
5,340,2020-09-08 10:30:00,34.54,35.53,34.29,35.49,81800
6,339,2020-09-08 11:00:00,35.46,35.51,34.66,34.81,76682
7,338,2020-09-08 11:30:00,34.63,34.78,34.37,34.46,25774
8,337,2020-09-08 12:00:00,34.446,34.45,34.06,34.42,38778
9,336,2020-09-08 12:30:00,34.46,34.655,34.29,34.35,50571
10,335,2020-09-08 13:00:00,34.295,34.41,34.22,34.3035,24430
11,334,2020-09-08 13:30:00,34.27,34.47,34.22,34.31,16241
12,333,2020-09-08 14:00:00,34.33,34.43,34.25,34.35,17165
13,332,2020-09-08 14:30:00,34.345,34.43,33.99,34.03,36003
14,331,2020-09-08 15:00:00,33.986,34.26,33.97,34.155,34106
15,330,2020-09-08 15:30:00,34.15,34.46,33.97,34.46,60449
16,329,2020-09-08 16:00:00,34.45,34.48,33.79,33.87,137284
17,328,2020-09-08 16:30:00,33.88,34.15,33.87,34.15,72070
18,327,2020-09-08 17:00:00,33.99,33.99,33.99,33.99,300
19,326,2020-09-08 18:00:00,33.99,33.99,33.99,33.99,100
20,325,2020-09-09 09:30:00,35.0,35.3999,34.4,34.4,32848
21,324,2020-09-09 10:00:00,34.45,34.51,33.18,33.69,91742
22,323,2020-09-09 10:30:00,33.75,33.97,33.35,33.86,86589
23,322,2020-09-09 11:00:00,33.91,33.94,33.31,33.54,61717
24,321,2020-09-09 11:30:00,33.54,33.7,33.29,33.52,32880
25,320,2020-09-09 12:00:00,33.56,33.65,33.38,33.61,29573
26,319,2020-09-09 12:30:00,33.62,33.74,33.31,33.415,37456
27,318,2020-09-09 13:00:00,33.415,33.47,33.27,33.43,40743
28,317,2020-09-09 13:30:00,33.42,33.61,33.341,33.45,57842
29,316,2020-09-09 14:00:00,33.45,33.47,33.14,33.16,31326
30,315,2020-09-09 14:30:00,33.15,33.37,33.01,33.245,85448
31,314,2020-09-09 15:00:00,33.27,33.35,33.0,33.2,157191
32,313,2020-09-09 15:30:00,33.19,33.23,33.09,33.2,77269
33,312,2020-09-09 16:00:00,33.22,33.78,33.19,33.77,235438
34,311,2020-09-09 16:30:00,33.76,33.76,33.76,33.76,14099
35,310,2020-09-09 20:00:00,34.39,34.39,34.39,34.39,200
36,309,2020-09-10 08:00:00,33.25,33.25,33.25,33.25,1200
37,308,2020-09-10 08:30:00,33.25,33.25,33.25,33.25,202
38,307,2020-09-10 09:30:00,33.6,33.6,33.6,33.6,200
39,306,2020-09-10 10:00:00,33.77,34.37,33.606,33.64,89013
40,305,2020-09-10 10:30:00,33.68,33.7,33.3727,33.56,85417
41,304,2020-09-10 11:00:00,33.53,33.6,30.8,31.27,713692
42,303,2020-09-10 11:30:00,31.2315,31.66,28.08,28.72,1559682
43,302,2020-09-10 12:00:00,28.7284,30.79,28.51,30.75,889392
44,301,2020-09-10 12:30:00,30.75,30.89,29.58,29.995,422413
45,300,2020-09-10 13:00:00,29.96,30.3235,29.81,30.16,226300
46,299,2020-09-10 13:30:00,30.16,30.95,30.03,30.811999999999998,583509
47,298,2020-09-10 14:00:00,30.87,30.87,30.0,30.77,618559
48,297,2020-09-10 14:30:00,30.75,31.19,30.22,30.38,179508
49,296,2020-09-10 15:00:00,30.4,30.78,30.4,30.75,128635
50,295,2020-09-10 15:30:00,30.7,30.75,30.13,30.32,205168
51,294,2020-09-10 16:00:00,30.32,30.93,30.235,30.53,372397
52,293,2020-09-10 16:30:00,30.55,30.96,30.55,30.96,3643
53,292,2020-09-10 17:00:00,30.47,30.48,30.47,30.48,1790
54,291,2020-09-10 18:30:00,30.6,30.6,30.6,30.6,100
55,290,2020-09-10 19:00:00,30.73,30.73,30.73,30.73,214
56,289,2020-09-10 20:00:00,30.08,30.08,30.08,30.08,284
57,288,2020-09-11 07:30:00,31.0,31.0,31.0,31.0,150
58,287,2020-09-11 08:00:00,31.0,31.49,31.0,31.49,833
59,286,2020-09-11 08:30:00,31.0,31.4,31.0,31.26,2020
60,285,2020-09-11 09:00:00,31.3,31.3,30.8898,30.89,4044
61,284,2020-09-11 09:30:00,30.7,31.2,30.5,31.2,1830
62,283,2020-09-11 10:00:00,31.05,32.24,30.91,31.3113,218789
63,282,2020-09-11 10:30:00,31.41,32.37,31.41,31.98,160831
64,281,2020-09-11 11:00:00,32.03,32.11,31.165,31.3,106882
65,280,2020-09-11 11:30:00,31.29,32.0,31.265,31.645,179797
66,279,2020-09-11 12:00:00,31.645,31.645,31.4071,31.44,81644
67,278,2020-09-11 12:30:00,31.42,31.46,31.27,31.29,46347
68,277,2020-09-11 13:00:00,31.28,31.3,30.99,31.035,50364
69,276,2020-09-11 13:30:00,31.05,31.12,30.8845,30.98,31616
70,275,2020-09-11 14:00:00,30.985,31.11,30.79,30.79,37845
71,274,2020-09-11 14:30:00,30.81,31.17,30.785,31.16,52582
72,273,2020-09-11 15:00:00,31.17,31.51,31.15,31.5,110688
73,272,2020-09-11 15:30:00,31.48,31.53,31.15,31.44,66269
74,271,2020-09-11 16:00:00,31.43,31.46,30.86,30.87,177000
75,270,2020-09-11 16:30:00,30.86,30.86,30.86,30.86,806
76,269,2020-09-11 17:00:00,30.86,30.86,30.86,30.86,202
77,268,2020-09-14 09:30:00,30.92,30.92,30.92,30.92,660
78,267,2020-09-14 10:00:00,30.93,30.93,30.18,30.345,99902
79,266,2020-09-14 10:30:00,30.34,30.94,30.15,30.86,61931
80,265,2020-09-14 11:00:00,30.85,31.1,30.72,31.095,53469
81,264,2020-09-14 11:30:00,31.07,31.08,30.79,31.06,61858
82,263,2020-09-14 12:00:00,31.08,31.28,31.0,31.23,44806
83,262,2020-09-14 12:30:00,31.26,31.36,31.19,31.215,51736
84,261,2020-09-14 13:00:00,31.22,31.47,31.22,31.355,36688
85,260,2020-09-14 13:30:00,31.35,31.38,31.05,31.26,136074
86,259,2020-09-14 14:00:00,31.2681,31.55,31.2,31.53,33872
87,258,2020-09-14 14:30:00,31.53,31.6424,31.45,31.545,42273
88,257,2020-09-14 15:00:00,31.55,31.62,31.34,31.44,36781
89,256,2020-09-14 15:30:00,31.45,31.45,31.18,31.205,46991
90,255,2020-09-14 16:00:00,31.19,31.285,31.12,31.12,101774
91,254,2020-09-14 16:30:00,31.12,31.12,31.12,31.12,22305
92,253,2020-09-14 18:00:00,31.06,31.06,31.06,31.06,100
93,252,2020-09-14 18:30:00,31.06,31.06,31.06,31.06,221
94,251,2020-09-15 09:30:00,30.11,31.12,30.11,31.12,400
95,250,2020-09-15 10:00:00,31.13,31.49,30.4725,30.795,79663
96,249,2020-09-15 10:30:00,30.85,30.99,30.56,30.77,42087
97,248,2020-09-15 11:00:00,30.71,30.995,30.665,30.95,47749
98,247,2020-09-15 11:30:00,30.95,31.12,30.85,31.0,97184
99,246,2020-09-15 12:00:00,31.01,31.24,30.94,30.9606,68666
100,245,2020-09-15 12:30:00,30.97,31.06,30.87,30.9675,58072
101,244,2020-09-15 13:00:00,30.98,31.31,30.96,31.17,39582
102,243,2020-09-15 13:30:00,31.175,31.34,31.12,31.27,39847
103,242,2020-09-15 14:00:00,31.27,31.37,31.26,31.32,33925
104,241,2020-09-15 14:30:00,31.29,31.29,31.0727,31.13,68563
105,240,2020-09-15 15:00:00,31.11,31.11,30.71,30.914,87321
106,239,2020-09-15 15:30:00,30.91,30.92,30.7,30.87,53548
107,238,2020-09-15 16:00:00,30.84,30.99,30.63,30.95,178924
108,237,2020-09-15 16:30:00,30.92,30.92,30.92,30.92,5317
109,236,2020-09-15 17:30:00,30.75,30.75,30.75,30.75,700
110,235,2020-09-15 18:00:00,30.75,30.75,30.75,30.75,500
111,234,2020-09-15 20:00:00,30.75,30.75,30.75,30.75,100
112,233,2020-09-16 07:30:00,30.6,30.6,30.59,30.59,260
113,232,2020-09-16 09:30:00,31.01,31.01,31.01,31.01,215
114,231,2020-09-16 10:00:00,31.18,31.18,29.89,30.27,170204
115,230,2020-09-16 10:30:00,30.1838,30.27,29.81,29.92,45120
116,229,2020-09-16 11:00:00,29.89,29.895,29.25,29.75,131390
117,228,2020-09-16 11:30:00,29.75,30.35,29.675,30.33,74584
118,227,2020-09-16 12:00:00,30.33,30.41,30.02,30.14,61951
119,226,2020-09-16 12:30:00,30.13,30.34,30.05,30.34,69292
120,225,2020-09-16 13:00:00,30.355,30.38,30.03,30.32,81250
121,224,2020-09-16 13:30:00,30.28,30.46,30.235,30.3,46184
122,223,2020-09-16 14:00:00,30.3,30.35,30.14,30.31,59445
123,222,2020-09-16 14:30:00,30.295,30.36,30.15,30.15,50399
124,221,2020-09-16 15:00:00,30.13,30.2,29.67,29.76,79796
125,220,2020-09-16 15:30:00,29.78,29.81,29.46,29.5599,104136
126,219,2020-09-16 16:00:00,29.525,29.775,29.45,29.65,135938
127,218,2020-09-16 16:30:00,29.62,29.62,29.62,29.62,6892
128,217,2020-09-16 17:00:00,29.65,29.65,29.65,29.65,160
129,216,2020-09-16 20:00:00,29.65,29.65,29.65,29.65,200
130,215,2020-09-17 08:30:00,29.4501,29.4501,29.0,29.0,630
131,214,2020-09-17 09:30:00,29.0557,29.08,28.99,29.08,2896
132,213,2020-09-17 10:00:00,29.05,29.4,28.537,28.78,143994
133,212,2020-09-17 10:30:00,28.78,28.83,28.37,28.49,74868
134,211,2020-09-17 11:00:00,28.48,28.75,28.3,28.47,135780
135,210,2020-09-17 11:30:00,28.5,28.7025,28.48,28.58,68598
136,209,2020-09-17 12:00:00,28.5982,28.5999,28.3,28.31,79211
137,208,2020-09-17 12:30:00,28.33,28.45,28.22,28.36,72050
138,207,2020-09-17 13:00:00,28.33,28.6,28.21,28.6,87491
139,206,2020-09-17 13:30:00,28.63,28.69,28.45,28.53,167489
140,205,2020-09-17 14:00:00,28.515,28.57,28.28,28.545,150903
141,204,2020-09-17 14:30:00,28.545,28.57,28.26,28.455,93692
142,203,2020-09-17 15:00:00,28.455,28.53,28.3,28.303,185078
143,202,2020-09-17 15:30:00,28.3,28.39,28.19,28.31,41174
144,201,2020-09-17 16:00:00,28.28,28.43,28.28,28.33,161000
145,200,2020-09-17 16:30:00,28.3,28.3,28.26,28.26,5279
146,199,2020-09-17 18:00:00,28.3,28.3,28.3,28.3,200
147,198,2020-09-17 19:30:00,28.18,28.18,28.18,28.18,1000
148,197,2020-09-18 09:30:00,28.7,28.7,28.7,28.7,405
149,196,2020-09-18 10:00:00,28.61,28.66,27.17,27.17,293905
150,195,2020-09-18 10:30:00,27.26,27.61,27.07,27.54,336607
151,194,2020-09-18 11:00:00,27.49,27.53,27.04,27.155,100938
152,193,2020-09-18 11:30:00,27.155,27.43,27.05,27.39,127336
153,192,2020-09-18 12:00:00,27.3688,27.74,27.23,27.6925,102919
154,191,2020-09-18 12:30:00,27.67,27.67,27.355,27.39,47759
155,190,2020-09-18 13:00:00,27.35,27.35,27.04,27.135,41135
156,189,2020-09-18 13:30:00,27.135,27.38,27.12,27.17,106010
157,188,2020-09-18 14:00:00,27.17,27.38,27.105,27.3601,45080
158,187,2020-09-18 14:30:00,27.38,27.38,27.17,27.26,49333
159,186,2020-09-18 15:00:00,27.25,27.37,27.23,27.33,54414
160,185,2020-09-18 15:30:00,27.35,27.435,27.2,27.41,90589
161,184,2020-09-18 16:00:00,27.41,27.46,27.1,27.21,323756
162,183,2020-09-18 16:30:00,27.21,27.2117,27.21,27.2117,16939
163,182,2020-09-21 07:30:00,26.5,26.5,26.5,26.5,100
164,181,2020-09-21 08:00:00,26.52,26.52,26.52,26.52,100
165,180,2020-09-21 08:30:00,26.5962,26.5962,26.5962,26.5962,135
166,179,2020-09-21 09:00:00,26.52,26.81,26.4,26.425,3798
167,178,2020-09-21 10:00:00,26.5,27.475,26.39,27.43,315028
168,177,2020-09-21 10:30:00,27.52,27.92,27.33,27.61,113768
169,176,2020-09-21 11:00:00,27.61,27.66,27.06,27.405,93617
170,175,2020-09-21 11:30:00,27.37,27.58,27.2,27.515,122249
171,174,2020-09-21 12:00:00,27.495,27.76,27.395,27.76,74708
172,173,2020-09-21 12:30:00,27.75,27.77,27.38,27.655,61533
173,172,2020-09-21 13:00:00,27.6435,27.78,27.32,27.42,62264
174,171,2020-09-21 13:30:00,27.43,27.55,27.33,27.51,94261
175,170,2020-09-21 14:00:00,27.51,27.6195,27.34,27.5475,96180
176,169,2020-09-21 14:30:00,27.56,27.58,27.4,27.485,67072
177,168,2020-09-21 15:00:00,27.47,27.68,27.35,27.655,71925
178,167,2020-09-21 15:30:00,27.61,28.31,27.57,27.96,149880
179,166,2020-09-21 16:00:00,27.93,28.06,27.83,27.95,319557
180,165,2020-09-21 16:30:00,27.95,27.95,27.95,27.95,4090
181,164,2020-09-21 17:00:00,28.42,28.49,28.42,28.49,1211
182,163,2020-09-21 17:30:00,28.03,28.03,28.0,28.0,1135
183,162,2020-09-21 19:30:00,27.85,27.85,27.85,27.85,200
184,161,2020-09-22 08:00:00,28.15,28.15,28.15,28.15,300
185,160,2020-09-22 08:30:00,28.47,28.49,28.47,28.49,200
186,159,2020-09-22 09:30:00,28.25,28.25,28.25,28.25,100
187,158,2020-09-22 10:00:00,27.99,28.0,27.13,27.31,86016
188,157,2020-09-22 10:30:00,27.33,27.43,27.09,27.1,28512
189,156,2020-09-22 11:00:00,27.09,27.49,26.93,27.32,59802
190,155,2020-09-22 11:30:00,27.33,27.49,27.01,27.02,41168
191,154,2020-09-22 12:00:00,27.08,27.28,26.91,26.99,44390
192,153,2020-09-22 12:30:00,27.015,27.05,26.81,26.965,36859
193,152,2020-09-22 13:00:00,26.955,27.08,26.82,27.01,26788
194,151,2020-09-22 13:30:00,27.045,27.3,27.03,27.21,31314
195,150,2020-09-22 14:00:00,27.2,27.53,27.19,27.53,27705
196,149,2020-09-22 14:30:00,27.52,27.66,27.46,27.525,48559
197,148,2020-09-22 15:00:00,27.54,27.56,27.32,27.3316,43000
198,147,2020-09-22 15:30:00,27.37,27.4,27.27,27.38,35430
199,146,2020-09-22 16:00:00,27.37,27.39,27.23,27.26,126470
200,145,2020-09-22 16:30:00,27.26,27.26,27.26,27.26,7691
201,144,2020-09-22 17:00:00,27.26,27.26,27.26,27.26,1754
202,143,2020-09-22 19:30:00,27.26,27.26,27.26,27.26,150
203,142,2020-09-22 20:00:00,27.26,27.26,27.26,27.26,142
204,141,2020-09-23 09:00:00,27.712,27.712,27.712,27.712,150
205,140,2020-09-23 10:00:00,27.26,27.5487,26.72,27.1,156460
206,139,2020-09-23 10:30:00,27.15,27.26,26.62,26.75,39573
207,138,2020-09-23 11:00:00,26.7,26.9,26.6,26.85,25616
208,137,2020-09-23 11:30:00,26.825,26.99,26.81,26.99,28480
209,136,2020-09-23 12:00:00,26.99,27.52,26.91,27.23,75574
210,135,2020-09-23 12:30:00,27.24,27.32,27.17,27.265,21274
211,134,2020-09-23 13:00:00,27.28,27.29,27.1,27.19,32412
212,133,2020-09-23 13:30:00,27.18,27.32,27.11,27.26,37021
213,132,2020-09-23 14:00:00,27.27,27.33,27.13,27.17,37915
214,131,2020-09-23 14:30:00,27.17,27.22,26.97,27.1,78579
215,130,2020-09-23 15:00:00,27.1,27.21,26.97,27.08,111533
216,129,2020-09-23 15:30:00,27.09,27.2,27.015,27.19,79779
217,128,2020-09-23 16:00:00,27.22,27.29,27.07,27.1,210299
218,127,2020-09-23 16:30:00,27.09,27.09,27.09,27.09,5280
219,126,2020-09-23 17:00:00,27.09,27.09,27.09,27.09,2411
220,125,2020-09-23 18:30:00,26.65,26.65,26.65,26.65,100
221,124,2020-09-24 09:00:00,27.0021,27.0021,27.0021,27.0021,332
222,123,2020-09-24 10:00:00,27.0,27.27,26.67,27.14,69379
223,122,2020-09-24 10:30:00,27.17,27.39,26.85,26.92,53670
224,121,2020-09-24 11:00:00,26.93,26.94,26.59,26.94,43013
225,120,2020-09-24 11:30:00,26.94,26.9829,26.47,26.5562,37402
226,119,2020-09-24 12:00:00,26.5649,26.97,26.5646,26.86,47818
227,118,2020-09-24 12:30:00,26.8801,26.9999,26.82,26.83,16927
228,117,2020-09-24 13:00:00,26.69,26.73,26.5,26.73,18518
229,116,2020-09-24 13:30:00,26.6932,26.84,26.65,26.76,25620
230,115,2020-09-24 14:00:00,26.78,26.93,26.71,26.71,36103
231,114,2020-09-24 14:30:00,26.75,26.77,26.53,26.55,21678
232,113,2020-09-24 15:00:00,26.53,26.58,26.33,26.36,54409
233,112,2020-09-24 15:30:00,26.39,26.51,26.23,26.37,73450
234,111,2020-09-24 16:00:00,26.36,26.46,26.28,26.4,98028
235,110,2020-09-24 16:30:00,26.35,26.35,26.35,26.35,5606
236,109,2020-09-24 17:30:00,26.35,26.35,26.35,26.35,900
237,108,2020-09-24 19:00:00,26.1,26.1,26.03,26.03,500
238,107,2020-09-25 09:30:00,26.5,26.5,26.5,26.5,200
239,106,2020-09-25 10:00:00,26.29,26.62,25.66,26.37,130981
240,105,2020-09-25 10:30:00,26.4,26.4,26.09,26.15,53481
241,104,2020-09-25 11:00:00,26.15,26.15,25.89,25.97,90727
242,103,2020-09-25 11:30:00,25.97,26.32,25.84,26.23,94218
243,102,2020-09-25 12:00:00,26.22,26.36,26.15,26.17,50309
244,101,2020-09-25 12:30:00,26.18,26.2,25.84,26.03,170731
245,100,2020-09-25 13:00:00,26.05,26.26,26.03,26.25,58883
246,99,2020-09-25 13:30:00,26.22,26.25,26.13,26.23,45567
247,98,2020-09-25 14:00:00,26.2375,26.3799,26.1,26.27,48200
248,97,2020-09-25 14:30:00,26.29,26.45,26.26,26.38,49723
249,96,2020-09-25 15:00:00,26.38,26.52,26.34,26.465,38379
250,95,2020-09-25 15:30:00,26.46,26.62,26.45,26.62,42357
251,94,2020-09-25 16:00:00,26.615,26.66,26.48,26.52,239414
252,93,2020-09-25 16:30:00,26.51,26.51,26.51,26.51,279191
253,92,2020-09-28 08:30:00,26.7002,27.27,26.7002,27.0,1025
254,91,2020-09-28 09:00:00,27.12,27.17,27.12,27.17,500
255,90,2020-09-28 09:30:00,26.75,26.75,26.75,26.75,100
256,89,2020-09-28 10:00:00,27.05,27.4,26.86,26.914,54615
257,88,2020-09-28 10:30:00,26.8877,27.44,26.8877,27.31,52361
258,87,2020-09-28 11:00:00,27.29,27.46,27.2,27.31,36292
259,86,2020-09-28 11:30:00,27.36,27.36,26.9,27.01,30613
260,85,2020-09-28 12:00:00,27.08,27.37,27.0467,27.14,38464
261,84,2020-09-28 12:30:00,27.135,27.2699,27.05,27.18,35378
262,83,2020-09-28 13:00:00,27.17,27.28,27.155,27.16,17032
263,82,2020-09-28 13:30:00,27.13,27.15,27.0,27.09,31512
264,81,2020-09-28 14:00:00,27.125,27.18,27.07,27.14,29008
265,80,2020-09-28 14:30:00,27.16,27.35,27.16,27.3,30054
266,79,2020-09-28 15:00:00,27.29,27.71,27.25,27.71,88919
267,78,2020-09-28 15:30:00,27.75,27.89,27.56,27.795,132230
268,77,2020-09-28 16:00:00,27.78,27.78,27.44,27.49,102417
269,76,2020-09-28 16:30:00,27.48,27.48,27.48,27.48,9045
270,75,2020-09-28 17:00:00,27.48,27.49,27.03,27.1,2517
271,74,2020-09-28 19:00:00,27.4,27.49,27.4,27.49,800
272,73,2020-09-28 20:00:00,27.49,27.49,27.49,27.49,700
273,72,2020-09-29 08:30:00,27.99,27.99,27.99,27.99,500
274,71,2020-09-29 09:00:00,27.5,27.5,27.5,27.5,300
275,70,2020-09-29 09:30:00,27.6,27.6,27.4,27.4,2048
276,69,2020-09-29 10:00:00,27.33,27.97,26.78,26.99,103355
277,68,2020-09-29 10:30:00,27.0,27.01,26.545,26.635,91157
278,67,2020-09-29 11:00:00,26.655,26.655,26.26,26.57,79185
279,66,2020-09-29 11:30:00,26.57,26.88,26.54,26.705,75681
280,65,2020-09-29 12:00:00,26.72,27.16,26.69,27.02,56420
281,64,2020-09-29 12:30:00,27.03,27.3,26.95,27.18,75972
282,63,2020-09-29 13:00:00,27.16,27.35,27.1,27.32,182837
283,62,2020-09-29 13:30:00,27.33,27.34,27.03,27.31,51582
284,61,2020-09-29 14:00:00,27.31,27.39,27.16,27.16,44494
285,60,2020-09-29 14:30:00,27.18,27.21,27.04,27.18,57233
286,59,2020-09-29 15:00:00,27.195,27.26,27.09,27.19,47254
287,58,2020-09-29 15:30:00,27.18,27.35,27.14,27.26,63910
288,57,2020-09-29 16:00:00,27.26,27.3304,27.06,27.08,149102
289,56,2020-09-29 16:30:00,27.08,27.08,27.08,27.08,843
290,55,2020-09-29 18:30:00,27.08,27.08,27.08,27.08,200
291,54,2020-09-30 08:30:00,26.0723,26.0723,26.0723,26.0723,202
292,53,2020-09-30 10:00:00,26.86,26.9,25.7,26.35,170678
293,52,2020-09-30 10:30:00,26.28,26.38,26.085,26.28,123924
294,51,2020-09-30 11:00:00,26.29,26.71,26.27,26.64,94875
295,50,2020-09-30 11:30:00,26.64,26.98,26.6,26.905,98763
296,49,2020-09-30 12:00:00,26.89,26.99,26.58,26.64,98622
297,48,2020-09-30 12:30:00,26.65,26.9429,26.6,26.735,92415
298,47,2020-09-30 13:00:00,26.69,26.94,26.52,26.94,67985
299,46,2020-09-30 13:30:00,26.9399,26.98,26.65,26.9544,82050
300,45,2020-09-30 14:00:00,26.97,27.0399,26.8,27.0,122951
301,44,2020-09-30 14:30:00,26.99,26.99,26.61,26.815,98086
302,43,2020-09-30 15:00:00,26.785,27.09,26.785,26.995,127355
303,42,2020-09-30 15:30:00,26.995,27.005,26.29,26.48,155711
304,41,2020-09-30 16:00:00,26.46,26.46,26.14,26.35,383044
305,40,2020-09-30 16:30:00,26.4,26.5726,26.34,26.55,25367
306,39,2020-09-30 17:00:00,26.01,26.11,26.01,26.09,1400
307,38,2020-09-30 18:00:00,26.35,26.35,26.35,26.35,300
308,37,2020-09-30 20:00:00,26.54,26.54,26.54,26.54,400
309,36,2020-10-01 08:30:00,26.49,27.480999999999998,26.49,27.480999999999998,252
310,35,2020-10-01 09:00:00,27.07,27.07,27.07,27.07,101
311,34,2020-10-01 09:30:00,26.55,26.55,26.55,26.55,100
312,33,2020-10-01 10:00:00,26.47,26.56,25.56,26.41,217185
313,32,2020-10-01 10:30:00,26.33,26.41,25.83,26.09,159152
314,31,2020-10-01 11:00:00,26.07,26.35,25.89,26.08,109198
315,30,2020-10-01 11:30:00,26.08,26.48,26.03,26.405,130450
316,29,2020-10-01 12:00:00,26.42,26.58,26.35,26.58,100857
317,28,2020-10-01 12:30:00,26.55,26.645,26.44,26.44,90487
318,27,2020-10-01 13:00:00,26.43,26.58,26.37,26.41,101859
319,26,2020-10-01 13:30:00,26.4099,26.6684,26.4099,26.66,80369
320,25,2020-10-01 14:00:00,26.65,26.96,26.595,26.79,92698
321,24,2020-10-01 14:30:00,26.83,26.83,26.5,26.79,86498
322,23,2020-10-01 15:00:00,26.83,27.0555,26.78,26.99,108224
323,22,2020-10-01 15:30:00,27.0,27.06,26.78,26.94,135384
324,21,2020-10-01 16:00:00,26.92,27.27,26.91,27.05,307544
325,20,2020-10-01 16:30:00,27.05,27.05,26.5466,26.5466,23220
326,19,2020-10-01 18:00:00,26.57,26.57,26.57,26.57,100
327,18,2020-10-01 19:00:00,27.13,27.13,27.13,27.13,200
328,17,2020-10-02 07:30:00,26.51,26.51,26.51,26.51,150
329,16,2020-10-02 08:30:00,26.5,26.5,26.5,26.5,883
330,15,2020-10-02 09:00:00,26.25,26.25,26.25,26.25,461
331,14,2020-10-02 09:30:00,26.43,26.5,26.25,26.5,1177
332,13,2020-10-02 10:00:00,26.34,26.54,25.62,25.97,254797
333,12,2020-10-02 10:30:00,25.98,26.1518,25.61,25.93,170383
334,11,2020-10-02 11:00:00,25.91,26.27,25.88,26.18,134118
335,10,2020-10-02 11:30:00,26.18,26.34,25.97,26.06,114359
336,9,2020-10-02 12:00:00,26.06,26.29,25.92,25.93,91727
337,8,2020-10-02 12:30:00,25.93,26.29,25.9,26.115,107643
338,7,2020-10-02 13:00:00,26.12,26.44,26.12,26.245,87125
339,6,2020-10-02 13:30:00,26.28,26.54,26.24,26.385,101699
340,5,2020-10-02 14:00:00,26.4,26.54,26.19,26.38,77493
341,4,2020-10-02 14:30:00,26.38,26.67,26.38,26.45,91005
342,3,2020-10-02 15:00:00,26.45,26.66,26.4,26.6,96202
343,2,2020-10-02 15:30:00,26.59,26.78,26.5,26.74,109457
344,1,2020-10-02 16:00:00,26.71,26.84,26.65,26.75,311579
345,0,2020-10-02 16:30:00,26.74,26.74,26.2985,26.2985,23317
