,index,time,open,high,low,close,volume
0,225,2020-09-11 10:00:00,32.0,32.44,30.77,31.17,693489
1,224,2020-09-11 10:30:00,31.09,31.3,30.87,31.19,360066
2,223,2020-09-11 11:00:00,31.22,31.59,31.16,31.41,221577
3,222,2020-09-11 11:30:00,31.39,31.49,31.3,31.33,91364
4,221,2020-09-11 12:00:00,31.26,31.47,31.25,31.38,149340
5,220,2020-09-11 12:30:00,31.38,31.5,31.38,31.4,136937
6,219,2020-09-11 13:00:00,31.41,31.46,30.995,31.06,165627
7,218,2020-09-11 13:30:00,31.06,31.2,30.77,30.81,141426
8,217,2020-09-11 14:00:00,30.8,30.82,30.33,30.365,138231
9,216,2020-09-11 14:30:00,30.36,30.64,30.35,30.53,139202
10,215,2020-09-11 15:00:00,30.53,30.61,30.5,30.5,125747
11,214,2020-09-11 15:30:00,30.5,30.53,30.5,30.5,232094
12,213,2020-09-11 16:00:00,30.5,30.52,30.225,30.25,246465
13,212,2020-09-11 20:00:00,30.53,30.53,30.53,30.53,100
14,211,2020-09-14 08:30:00,30.85,30.85,30.85,30.85,400
15,210,2020-09-14 09:30:00,30.85,31.0,30.85,31.0,2300
16,209,2020-09-14 10:00:00,30.8,31.73,30.7,31.288,178158
17,208,2020-09-14 10:30:00,31.33,31.65,31.2896,31.41,53538
18,207,2020-09-14 11:00:00,31.42,31.5,31.18,31.45,40028
19,206,2020-09-14 11:30:00,31.47,31.75,31.3986,31.54,52271
20,205,2020-09-14 12:00:00,31.54,31.69,31.441,31.67,55301
21,204,2020-09-14 12:30:00,31.659000000000002,32.0,31.659000000000002,31.84,24747
22,203,2020-09-14 13:00:00,31.84,31.92,31.64,31.69,28640
23,202,2020-09-14 13:30:00,31.7,31.84,31.55,31.655,39551
24,201,2020-09-14 14:00:00,31.6,31.75,31.53,31.63,22067
25,200,2020-09-14 14:30:00,31.655,31.83,31.53,31.65,21255
26,199,2020-09-14 15:00:00,31.65,31.75,31.5975,31.735,14526
27,198,2020-09-14 15:30:00,31.735,31.97,31.62,31.87,34874
28,197,2020-09-14 16:00:00,31.87,31.95,31.5,31.59,102577
29,196,2020-09-15 09:30:00,31.95,32.25,31.95,32.25,1764
30,195,2020-09-15 10:00:00,32.3,32.49,31.625,31.71,66643
31,194,2020-09-15 10:30:00,31.745,31.891,31.23,31.4,32347
32,193,2020-09-15 11:00:00,31.4,31.48,31.2,31.3,8058
33,192,2020-09-15 11:30:00,31.35,31.52,31.34,31.43,2874
34,191,2020-09-15 12:00:00,31.395,31.5,31.37,31.395,10566
35,190,2020-09-15 12:30:00,31.5,31.5,31.36,31.4,28720
36,189,2020-09-15 13:00:00,31.405,31.56,31.35,31.41,34767
37,188,2020-09-15 13:30:00,31.355,31.39,31.25,31.25,6755
38,187,2020-09-15 14:00:00,31.255,31.425,31.22,31.27,14575
39,186,2020-09-15 14:30:00,31.25,31.34,31.2,31.2,33281
40,185,2020-09-15 15:00:00,31.225,31.4,31.16,31.34,19558
41,184,2020-09-15 15:30:00,31.37,31.59,31.25,31.5175,16123
42,183,2020-09-15 16:00:00,31.47,31.47,31.12,31.19,79093
43,182,2020-09-15 16:30:00,31.24,31.24,31.24,31.24,100
44,181,2020-09-16 10:00:00,31.45,31.61,30.805,30.84,54994
45,180,2020-09-16 10:30:00,30.89,31.08,30.865,30.97,21259
46,179,2020-09-16 11:00:00,31.03,31.09,30.51,30.8,27357
47,178,2020-09-16 11:30:00,30.79,30.91,30.62,30.905,10118
48,177,2020-09-16 12:00:00,30.91,30.962,30.84,30.91,8388
49,176,2020-09-16 12:30:00,30.91,31.29,30.91,31.24,18585
50,175,2020-09-16 13:00:00,31.2225,31.25,31.07,31.085,24514
51,174,2020-09-16 13:30:00,31.085,31.12,30.86,30.91,26559
52,173,2020-09-16 14:00:00,30.91,30.94,30.78,30.94,5571
53,172,2020-09-16 14:30:00,30.935,31.2725,30.93,31.02,14499
54,171,2020-09-16 15:00:00,31.08,31.24,30.92,30.96,10204
55,170,2020-09-16 15:30:00,30.99,31.16,30.9,30.97,12251
56,169,2020-09-16 16:00:00,31.005,31.28,30.87,31.07,67143
57,168,2020-09-16 16:30:00,31.05,31.05,31.05,31.05,100
58,167,2020-09-17 09:30:00,30.85,30.85,30.25,30.25,800
59,166,2020-09-17 10:00:00,30.0,30.73,30.0,30.58,26219
60,165,2020-09-17 10:30:00,30.57,30.59,30.285,30.3,6123
61,164,2020-09-17 11:00:00,30.3,30.65,30.25,30.42,23591
62,163,2020-09-17 11:30:00,30.46,30.57,30.385,30.405,10396
63,162,2020-09-17 12:00:00,30.4,30.42,30.15,30.28,9810
64,161,2020-09-17 12:30:00,30.25,30.25,30.03,30.22,11774
65,160,2020-09-17 13:00:00,30.22,30.3,30.07,30.26,10533
66,159,2020-09-17 13:30:00,30.26,30.315,30.03,30.08,17109
67,158,2020-09-17 14:00:00,30.13,30.29,30.13,30.28,10019
68,157,2020-09-17 14:30:00,30.26,30.56,30.26,30.35,8141
69,156,2020-09-17 15:00:00,30.34,30.43,30.2,30.42,24005
70,155,2020-09-17 15:30:00,30.4,30.56,30.36,30.51,6949
71,154,2020-09-17 16:00:00,30.5,30.64,30.47,30.61,26795
72,153,2020-09-17 16:30:00,30.65,30.65,30.65,30.65,100
73,152,2020-09-18 10:00:00,30.68,30.87,30.65,30.75,22671
74,151,2020-09-18 10:30:00,30.741999999999997,30.87,30.5048,30.5048,27717
75,150,2020-09-18 11:00:00,30.48,30.49,30.26,30.35,25804
76,149,2020-09-18 11:30:00,30.37,30.46,30.06,30.095,21918
77,148,2020-09-18 12:00:00,30.08,30.15,29.89,29.9,27186
78,147,2020-09-18 12:30:00,29.93,30.06,29.73,29.77,24982
79,146,2020-09-18 13:00:00,29.771,29.83,29.71,29.82,20531
80,145,2020-09-18 13:30:00,29.81,29.86,29.53,29.53,15211
81,144,2020-09-18 14:00:00,29.5,29.67,29.5,29.66,16361
82,143,2020-09-18 14:30:00,29.63,29.78,29.57,29.695,11962
83,142,2020-09-18 15:00:00,29.69,29.69,29.5,29.57,15893
84,141,2020-09-18 15:30:00,29.64,29.72,29.585,29.6,15744
85,140,2020-09-18 16:00:00,29.63,29.76,29.48,29.74,56248
86,139,2020-09-18 16:30:00,29.63,29.63,29.63,29.63,100
87,138,2020-09-21 09:30:00,29.4063,29.43,29.4,29.4,600
88,137,2020-09-21 10:00:00,29.09,29.19,28.7,29.131,24584
89,136,2020-09-21 10:30:00,29.21,29.21,28.58,28.6,11198
90,135,2020-09-21 11:00:00,28.5,28.54,28.29,28.42,17827
91,134,2020-09-21 11:30:00,28.46,28.72,28.46,28.58,5843
92,133,2020-09-21 12:00:00,28.64,28.89,28.62,28.83,23491
93,132,2020-09-21 12:30:00,28.86,29.21,28.85,29.21,13662
94,131,2020-09-21 13:00:00,29.28,29.45,29.2,29.39,11579
95,130,2020-09-21 13:30:00,29.5,29.64,29.42,29.43,5913
96,129,2020-09-21 14:00:00,29.44,29.56,29.39,29.5,12984
97,128,2020-09-21 14:30:00,29.5,29.87,29.37,29.79,12678
98,127,2020-09-21 15:00:00,29.79,29.85,29.63,29.81,15542
99,126,2020-09-21 15:30:00,29.805,29.93,29.805,29.93,11601
100,125,2020-09-21 16:00:00,29.96,30.2,29.89,30.19,28327
101,124,2020-09-21 16:30:00,30.26,30.26,30.26,30.26,100
102,123,2020-09-22 09:30:00,30.72,30.72,30.72,30.72,100
103,122,2020-09-22 10:00:00,30.15,30.22,29.54,29.7,12135
104,121,2020-09-22 10:30:00,29.9,30.0092,29.72,29.845,5127
105,120,2020-09-22 11:00:00,29.87,29.88,29.63,29.63,13139
106,119,2020-09-22 11:30:00,29.67,30.1,29.6501,30.01,9735
107,118,2020-09-22 12:00:00,30.0,30.1,29.87,29.97,7825
108,117,2020-09-22 12:30:00,30.03,30.03,29.78,29.82,10878
109,116,2020-09-22 13:00:00,29.82,29.99,29.74,29.99,15788
110,115,2020-09-22 13:30:00,30.01,30.01,29.76,29.9,14162
111,114,2020-09-22 14:00:00,29.92,30.23,29.9,30.23,7983
112,113,2020-09-22 14:30:00,30.269000000000002,30.55,30.21,30.21,21052
113,112,2020-09-22 15:00:00,30.21,30.305,30.2,30.25,9827
114,111,2020-09-22 15:30:00,30.24,30.31,30.21,30.26,14948
115,110,2020-09-22 16:00:00,30.22,30.43,30.16,30.43,20286
116,109,2020-09-23 10:00:00,30.29,30.7,30.115,30.115,6651
117,108,2020-09-23 10:30:00,30.08,30.23,29.84,30.23,9830
118,107,2020-09-23 11:00:00,30.2,30.31,29.99,30.19,12096
119,106,2020-09-23 11:30:00,30.34,30.43,30.25,30.29,3720
120,105,2020-09-23 12:00:00,30.23,30.2937,29.99,30.09,4206
121,104,2020-09-23 12:30:00,30.07,30.33,30.07,30.2116,47431
122,103,2020-09-23 13:00:00,30.201999999999998,30.4,30.18,30.34,3835
123,102,2020-09-23 13:30:00,30.35,30.3898,30.21,30.315,6723
124,101,2020-09-23 14:00:00,30.315,30.38,30.29,30.32,20797
125,100,2020-09-23 14:30:00,30.32,30.38,30.32,30.32,42813
126,99,2020-09-23 15:00:00,30.32,30.38,29.92,29.99,35555
127,98,2020-09-23 15:30:00,30.06,30.17,29.93,29.96,16799
128,97,2020-09-23 16:00:00,29.99,30.07,29.73,29.8,49220
129,96,2020-09-24 08:30:00,29.51,29.51,29.5,29.5,1100
130,95,2020-09-24 10:00:00,29.32,29.43,29.03,29.08,17122
131,94,2020-09-24 10:30:00,29.04,29.665,29.04,29.26,8720
132,93,2020-09-24 11:00:00,29.04,29.37,29.04,29.175,13477
133,92,2020-09-24 11:30:00,29.17,29.54,29.09,29.52,39696
134,91,2020-09-24 12:00:00,29.55,29.85,29.55,29.8,4276
135,90,2020-09-24 12:30:00,29.7459,29.8,29.58,29.61,2561
136,89,2020-09-24 13:00:00,29.58,29.62,29.37,29.61,13950
137,88,2020-09-24 13:30:00,29.63,29.9,29.62,29.9,26135
138,87,2020-09-24 14:00:00,29.89,29.89,29.71,29.765,4296
139,86,2020-09-24 14:30:00,29.68,29.775,29.39,29.75,28224
140,85,2020-09-24 15:00:00,29.75,29.88,29.6,29.66,9565
141,84,2020-09-24 15:30:00,29.635,29.8,29.43,29.55,7476
142,83,2020-09-24 16:00:00,29.54,29.78,29.39,29.66,13845
143,82,2020-09-25 10:00:00,29.66,29.78,29.3801,29.48,1218
144,81,2020-09-25 10:30:00,29.572,29.74,29.32,29.74,2982
145,80,2020-09-25 11:00:00,29.71,29.79,29.58,29.66,2890
146,79,2020-09-25 11:30:00,29.575,29.73,29.55,29.73,1962
147,78,2020-09-25 12:00:00,29.74,29.74,29.575,29.66,3040
148,77,2020-09-25 12:30:00,29.65,29.73,29.62,29.68,1949
149,76,2020-09-25 13:00:00,29.69,29.775,29.69,29.76,1770
150,75,2020-09-25 13:30:00,29.77,29.83,29.675,29.675,910
151,74,2020-09-25 14:00:00,29.82,29.86,29.79,29.82,1248
152,73,2020-09-25 14:30:00,29.88,30.14,29.87,30.07,2181
153,72,2020-09-25 15:00:00,30.11,30.2,30.08,30.17,3059
154,71,2020-09-25 15:30:00,30.21,30.37,30.155,30.155,6898
155,70,2020-09-25 16:00:00,30.21,30.26,30.0,30.25,34298
156,69,2020-09-28 10:00:00,30.6,31.1548,30.56,31.09,9512
157,68,2020-09-28 10:30:00,31.04,31.35,31.01,31.185,9391
158,67,2020-09-28 11:00:00,31.18,31.22,30.71,30.71,9296
159,66,2020-09-28 11:30:00,30.68,31.08,30.65,30.965,14456
160,65,2020-09-28 12:00:00,30.96,31.0,30.76,30.86,13122
161,64,2020-09-28 12:30:00,30.955,30.96,30.84,30.93,4750
162,63,2020-09-28 13:00:00,30.95,31.125,30.935,31.115,1100
163,62,2020-09-28 13:30:00,31.09,31.2678,31.075,31.2678,3720
164,61,2020-09-28 14:00:00,31.19,31.24,31.01,31.011,8525
165,60,2020-09-28 14:30:00,31.011999999999997,31.07,30.99,31.03,5623
166,59,2020-09-28 15:00:00,31.03,31.03,30.83,30.94,41273
167,58,2020-09-28 15:30:00,30.96,31.035,30.85,30.8704,21460
168,57,2020-09-28 16:00:00,30.92,31.03,30.84,31.02,19220
169,56,2020-09-29 10:00:00,30.95,31.2099,30.82,31.08,3454
170,55,2020-09-29 10:30:00,31.26,31.41,31.23,31.23,7779
171,54,2020-09-29 11:00:00,31.25,31.25,30.98,31.09,2415
172,53,2020-09-29 11:30:00,31.1,31.37,31.1,31.31,8371
173,52,2020-09-29 12:00:00,31.39,31.41,31.29,31.38,1134
174,51,2020-09-29 12:30:00,31.34,31.3612,31.32,31.34,2420
175,50,2020-09-29 13:00:00,31.34,31.68,31.34,31.5,7960
176,49,2020-09-29 13:30:00,31.45,31.58,31.3,31.58,13856
177,48,2020-09-29 14:00:00,31.65,31.855,31.6296,31.73,8324
178,47,2020-09-29 14:30:00,31.53,31.76,31.43,31.75,7406
179,46,2020-09-29 15:00:00,31.76,31.77,31.64,31.71,12110
180,45,2020-09-29 15:30:00,31.71,31.82,31.66,31.82,9525
181,44,2020-09-29 16:00:00,31.82,32.0,31.69,31.71,31202
182,43,2020-09-29 19:30:00,31.01,31.01,31.01,31.01,128
183,42,2020-09-30 10:00:00,31.88,32.14,31.77,31.95,12915
184,41,2020-09-30 10:30:00,31.96,32.0,31.68,31.83,19518
185,40,2020-09-30 11:00:00,31.85,31.87,31.6,31.77,7943
186,39,2020-09-30 11:30:00,31.73,32.06,31.67,32.05,6692
187,38,2020-09-30 12:00:00,32.11,32.13,31.92,32.0,2990
188,37,2020-09-30 12:30:00,31.93,32.1,31.85,31.89,13315
189,36,2020-09-30 13:00:00,31.8,31.8545,31.61,31.61,4887
190,35,2020-09-30 13:30:00,31.65,31.65,31.41,31.49,2697
191,34,2020-09-30 14:00:00,31.45,31.55,31.45,31.53,3139
192,33,2020-09-30 14:30:00,31.5886,31.86,31.44,31.48,6487
193,32,2020-09-30 15:00:00,31.6229,31.6229,31.4,31.5,7037
194,31,2020-09-30 15:30:00,31.52,31.87,31.52,31.87,11854
195,30,2020-09-30 16:00:00,31.84,32.25,31.82,32.07,28295
196,29,2020-09-30 16:30:00,31.99,31.99,31.99,31.99,100
197,28,2020-10-01 10:00:00,32.42,32.94,32.265,32.94,14422
198,27,2020-10-01 10:30:00,32.89,32.92,32.31,32.493,22170
199,26,2020-10-01 11:00:00,32.56,32.81,32.56,32.71,1936
200,25,2020-10-01 11:30:00,32.71,32.88,32.71,32.86,9550
201,24,2020-10-01 12:00:00,32.82,32.94,32.785,32.785,12950
202,23,2020-10-01 12:30:00,32.7,32.77,32.7,32.77,2645
203,22,2020-10-01 13:00:00,32.81,33.0,32.81,32.84,16686
204,21,2020-10-01 13:30:00,32.85,32.96,32.82,32.96,2565
205,20,2020-10-01 14:00:00,32.96,32.97,32.93,32.93,2341
206,19,2020-10-01 14:30:00,32.88,32.97,32.86,32.96,6032
207,18,2020-10-01 15:00:00,32.9,32.9,32.82,32.82,1150
208,17,2020-10-01 15:30:00,32.785,32.785,32.57,32.59,2205
209,16,2020-10-01 16:00:00,32.59,32.71,32.54,32.65,12302
210,15,2020-10-02 10:00:00,31.9,32.28,31.62,32.24,10527
211,14,2020-10-02 10:30:00,32.2022,32.33,32.07,32.25,14003
212,13,2020-10-02 11:00:00,32.1748,32.3,32.028,32.3,3893
213,12,2020-10-02 11:30:00,32.28,32.28,32.13,32.21,4532
214,11,2020-10-02 12:00:00,32.255,32.255,31.81,31.88,11305
215,10,2020-10-02 12:30:00,31.84,31.97,31.65,31.94,7791
216,9,2020-10-02 13:00:00,31.82,31.95,31.7954,31.87,1120
217,8,2020-10-02 13:30:00,31.87,31.87,31.69,31.86,6555
218,7,2020-10-02 14:00:00,31.85,31.85,31.41,31.41,8982
219,6,2020-10-02 14:30:00,31.68,31.705,31.68,31.69,400
220,5,2020-10-02 15:00:00,31.56,31.71,31.56,31.71,1190
221,4,2020-10-02 15:30:00,31.5,31.67,31.49,31.57,4413
222,3,2020-10-02 16:00:00,31.57,31.68,31.52,31.53,9086
223,2,2020-10-02 16:30:00,31.58,31.58,31.58,31.58,191
224,1,2020-10-02 17:00:00,31.34,31.34,31.34,31.34,100
225,0,2020-10-02 20:00:00,30.1,30.1,30.1,30.1,128
