,index,time,open,high,low,close,volume
0,277,2020-03-09 10:00:00,36.95,36.95,36.95,36.95,205
1,276,2020-03-09 10:30:00,36.75,36.75,34.96,36.1453,3332
2,275,2020-03-09 11:00:00,36.465,36.505,36.465,36.505,300
3,274,2020-03-09 11:30:00,36.575,36.575,36.41,36.41,437
4,273,2020-03-09 12:00:00,36.72,37.69,36.15,37.65,2270
5,272,2020-03-09 12:30:00,37.41,37.7,36.53,37.5,5054
6,271,2020-03-09 13:00:00,37.27,37.9799,37.08,37.3,2383
7,270,2020-03-09 13:30:00,37.515,37.75,36.59,37.56,4049
8,269,2020-03-09 14:00:00,37.59,37.59,36.64,36.64,353
9,268,2020-03-09 14:30:00,36.44,36.95,36.1275,36.95,1728
10,267,2020-03-09 15:00:00,36.72,36.72,36.135,36.1778,670
11,266,2020-03-09 15:30:00,36.43,36.43,35.76,36.21,1292
12,265,2020-03-09 16:00:00,36.58,36.58,35.29,35.76,2886
13,264,2020-03-10 10:00:00,37.02,37.145,36.85,37.145,1736
14,263,2020-03-10 11:00:00,36.44,36.44,36.37,36.37,1363
15,262,2020-03-10 11:30:00,36.44,36.44,35.74,35.74,2349
16,261,2020-03-10 12:00:00,35.725,35.725,35.19,35.41,2218
17,260,2020-03-10 12:30:00,35.88,38.02,35.49,36.8,4768
18,259,2020-03-10 13:00:00,37.4,38.5,36.73,38.5,7595
19,258,2020-03-10 13:30:00,38.28,38.51,37.775,38.0,1118
20,257,2020-03-10 14:00:00,37.75,39.0,36.52,36.55,2043
21,256,2020-03-10 14:30:00,36.35,37.8,36.35,37.52,2184
22,255,2020-03-10 15:00:00,37.4,37.49,37.4,37.49,200
23,254,2020-03-10 15:30:00,37.275,37.95,37.1,37.8,1598
24,253,2020-03-10 16:00:00,38.26,39.35,37.73,38.86,4323
25,252,2020-03-11 10:00:00,37.82,37.82,37.82,37.82,468
26,251,2020-03-11 10:30:00,37.545,37.5498,36.55,36.71,2179
27,250,2020-03-11 11:00:00,36.7,36.777,36.29,36.52,2515
28,249,2020-03-11 11:30:00,36.45,36.45,36.43,36.43,312
29,248,2020-03-11 12:00:00,36.0,36.0,35.5605,35.9306,1942
30,247,2020-03-11 12:30:00,36.34,36.35,36.34,36.35,299
31,246,2020-03-11 13:00:00,35.92,36.21,35.92,36.21,500
32,245,2020-03-11 13:30:00,35.6295,35.93,35.62,35.78,2224
33,244,2020-03-11 14:00:00,35.735,35.735,35.6,35.6,402
34,243,2020-03-11 15:00:00,34.885,34.89,34.86,34.86,1183
35,242,2020-03-11 15:30:00,34.93,35.0,34.42,34.43,5135
36,241,2020-03-11 16:00:00,34.64,34.99,34.54,34.99,797
37,240,2020-03-12 10:30:00,32.18,32.19,31.28,31.28,534
38,239,2020-03-12 11:30:00,31.13,31.13,31.13,31.13,150
39,238,2020-03-12 12:00:00,30.64,31.3,30.09,30.09,624
40,237,2020-03-12 12:30:00,30.26,30.26,29.63,29.63,1221
41,236,2020-03-12 13:00:00,29.65,30.0,29.25,30.0,6326
42,235,2020-03-12 13:30:00,30.0,30.5,29.93,30.0,4947
43,234,2020-03-12 14:00:00,30.0,30.2,30.0,30.01,2684
44,233,2020-03-12 14:30:00,30.4,30.4,30.24,30.24,210
45,232,2020-03-12 15:00:00,30.26,30.26,30.25,30.25,965
46,231,2020-03-12 15:30:00,30.07,30.07,27.815,27.815,5856
47,230,2020-03-12 16:00:00,27.6,28.3,26.94,27.7,7878
48,229,2020-03-13 10:00:00,28.9,30.14,28.32,28.69,4679
49,228,2020-03-13 10:30:00,29.65,30.0,29.64,29.67,3356
50,227,2020-03-13 11:00:00,29.73,29.97,29.71,29.72,1113
51,226,2020-03-13 11:30:00,29.99,29.99,29.99,29.99,160
52,225,2020-03-13 12:00:00,29.78,29.78,29.69,29.69,693
53,224,2020-03-13 12:30:00,29.07,29.1725,28.94,28.945,4876
54,223,2020-03-13 13:00:00,28.69,28.975,28.69,28.725,2535
55,222,2020-03-13 13:30:00,28.69,28.98,28.64,28.86,6910
56,221,2020-03-13 14:00:00,28.84,28.94,28.6,28.74,2516
57,220,2020-03-13 14:30:00,28.75,28.75,28.57,28.57,2296
58,219,2020-03-13 15:00:00,28.48,28.48,28.38,28.38,2032
59,218,2020-03-13 15:30:00,28.29,28.38,28.22,28.25,5266
60,217,2020-03-13 16:00:00,28.25,28.525,27.9,28.525,10599
61,216,2020-03-16 10:00:00,25.43,25.43,24.88,24.88,1360
62,215,2020-03-16 10:30:00,24.45,24.45,24.35,24.35,590
63,214,2020-03-16 11:00:00,24.69,24.69,24.11,24.62,754
64,213,2020-03-16 11:30:00,24.608,24.68,23.97,24.15,6183
65,212,2020-03-16 12:00:00,24.43,24.74,24.31,24.43,1249
66,211,2020-03-16 12:30:00,24.54,24.63,24.5101,24.5101,1511
67,210,2020-03-16 13:00:00,24.585,24.585,24.13,24.22,2158
68,209,2020-03-16 13:30:00,24.16,24.16,24.06,24.06,500
69,208,2020-03-16 14:00:00,23.93,23.94,23.55,23.55,1253
70,207,2020-03-16 14:30:00,23.55,23.705,23.54,23.6,467
71,206,2020-03-16 15:00:00,23.86,24.2,23.57,24.12,2753
72,205,2020-03-16 15:30:00,24.17,24.47,24.055,24.11,3243
73,204,2020-03-16 16:00:00,23.59,23.615,21.105,21.64,14235
74,203,2020-03-17 10:00:00,22.22,22.22,21.44,21.44,907
75,202,2020-03-17 10:30:00,21.56,21.56,21.22,21.415,660
76,201,2020-03-17 11:00:00,21.23,21.34,21.22,21.22,1215
77,200,2020-03-17 11:30:00,20.62,20.865,20.62,20.84,1508
78,199,2020-03-17 12:00:00,20.84,21.2,20.65,21.2,4020
79,198,2020-03-17 12:30:00,21.5,22.125,21.36,21.57,4480
80,197,2020-03-17 13:00:00,21.445,21.46,21.39,21.39,1794
81,196,2020-03-17 13:30:00,21.25,21.41,21.25,21.305,1896
82,195,2020-03-17 14:00:00,21.2,21.42,21.08,21.16,3327
83,194,2020-03-17 14:30:00,21.21,21.65,21.21,21.65,3386
84,193,2020-03-17 15:00:00,22.24,22.34,22.14,22.34,854
85,192,2020-03-17 15:30:00,21.9447,22.185,21.92,21.92,2257
86,191,2020-03-17 16:00:00,22.03,24.43,22.03,23.61,6395
87,190,2020-03-18 10:00:00,22.17,22.17,21.44,21.44,897
88,189,2020-03-18 10:30:00,21.38,21.43,20.5,20.69,829
89,188,2020-03-18 11:00:00,20.815,21.27,20.815,21.27,871
90,187,2020-03-18 11:30:00,20.61,20.61,20.01,20.04,1041
91,186,2020-03-18 12:00:00,20.362000000000002,20.362000000000002,20.02,20.02,635
92,185,2020-03-18 12:30:00,20.07,20.07,20.0004,20.06,878
93,184,2020-03-18 13:00:00,20.0,20.0,18.84,18.84,884
94,183,2020-03-18 13:30:00,18.2,18.58,18.2,18.58,990
95,182,2020-03-18 14:00:00,18.465,18.59,18.43,18.43,1573
96,181,2020-03-18 14:30:00,18.43,18.6,18.2,18.2,954
97,180,2020-03-18 15:00:00,18.225,18.5868,18.15,18.5868,1345
98,179,2020-03-18 15:30:00,18.47,18.47,18.17,18.17,1216
99,178,2020-03-18 16:00:00,17.82,17.9086,15.52,17.71,15626
100,177,2020-03-19 10:00:00,17.65,17.93,17.39,17.39,2572
101,176,2020-03-19 10:30:00,17.48,17.6,17.46,17.6,728
102,175,2020-03-19 11:00:00,17.6,18.13,17.56,18.13,1755
103,174,2020-03-19 11:30:00,18.35,18.35,18.28,18.28,402
104,173,2020-03-19 12:00:00,18.22,18.22,18.22,18.22,200
105,172,2020-03-19 12:30:00,18.64,18.93,18.28,18.63,902
106,171,2020-03-19 13:00:00,18.795,19.03,18.795,19.03,4779
107,170,2020-03-19 13:30:00,19.79,20.4,19.705,19.705,680
108,169,2020-03-19 14:00:00,20.84,20.84,20.66,20.66,300
109,168,2020-03-19 14:30:00,20.81,21.48,20.81,21.48,1819
110,167,2020-03-19 15:00:00,22.77,24.285,22.6647,24.285,4901
111,166,2020-03-19 15:30:00,24.29,25.41,22.75,23.34,7272
112,165,2020-03-19 16:00:00,23.34,25.4,21.46,22.37,8515
113,164,2020-03-20 10:00:00,22.74,22.74,22.74,22.74,20000
114,163,2020-03-20 10:30:00,22.43,23.02,21.96,22.98,13072
115,162,2020-03-20 11:00:00,22.930999999999997,24.49,22.69,23.88,2910
116,161,2020-03-20 11:30:00,23.04,23.725,20.21,20.22,1506
117,160,2020-03-20 12:30:00,21.72,21.795,20.6,21.15,1133
118,159,2020-03-20 13:00:00,20.598000000000003,20.598000000000003,20.598000000000003,20.598000000000003,928
119,158,2020-03-20 13:30:00,21.52,21.83,21.52,21.795,1302
120,157,2020-03-20 14:00:00,21.71,21.84,21.71,21.84,521
121,156,2020-03-20 15:00:00,22.33,22.7,21.74,22.04,1677
122,155,2020-03-20 16:00:00,21.09,21.1,19.79,19.79,2020
123,154,2020-03-23 10:00:00,20.52,20.52,20.52,20.52,474
124,153,2020-03-23 11:00:00,20.45,20.69,20.4,20.4,2143
125,152,2020-03-23 11:30:00,19.77,19.77,19.77,19.77,147
126,151,2020-03-23 12:00:00,19.91,20.06,19.15,19.15,5975
127,150,2020-03-23 12:30:00,19.26,19.26,19.0,19.125,2222
128,149,2020-03-23 13:00:00,19.38,19.75,19.38,19.75,1681
129,148,2020-03-23 13:30:00,19.725,19.725,19.725,19.725,167
130,147,2020-03-23 14:00:00,19.72,19.73,19.45,19.68,2615
131,146,2020-03-23 14:30:00,19.72,21.89,19.72,21.12,1511
132,145,2020-03-23 15:00:00,21.8,22.26,21.65,22.15,2262
133,144,2020-03-23 15:30:00,22.42,22.5,22.02,22.5,1965
134,143,2020-03-23 16:00:00,22.28,23.77,21.52,22.36,8522
135,142,2020-03-24 10:00:00,23.61,24.76,23.35,23.35,2497
136,141,2020-03-24 10:30:00,23.59,23.7,23.5,23.63,870
137,140,2020-03-24 11:00:00,23.79,23.79,23.42,23.42,321
138,139,2020-03-24 12:00:00,23.58,23.82,23.58,23.8,821
139,138,2020-03-24 12:30:00,23.8799,23.95,23.765,23.87,600
140,137,2020-03-24 13:00:00,23.87,23.87,23.78,23.85,320
141,136,2020-03-24 13:30:00,23.71,23.71,22.75,23.0,3455
142,135,2020-03-24 14:00:00,23.16,23.62,23.16,23.43,863
143,134,2020-03-24 14:30:00,23.61,23.61,23.35,23.61,1424
144,133,2020-03-24 15:00:00,23.495,23.92,23.495,23.83,3136
145,132,2020-03-24 15:30:00,24.01,24.3,24.0,24.1,2838
146,131,2020-03-24 16:00:00,24.12,24.4,23.32,23.99,9130
147,130,2020-03-24 16:30:00,24.2,24.2,24.2,24.2,445
148,129,2020-03-25 10:00:00,24.09,24.09,24.09,24.09,536
149,128,2020-03-25 10:30:00,23.2838,23.67,22.72,22.851999999999997,5832
150,127,2020-03-25 11:00:00,22.63,22.63,22.48,22.57,1336
151,126,2020-03-25 11:30:00,22.56,22.81,22.56,22.81,400
152,125,2020-03-25 12:00:00,22.99,22.99,22.51,22.51,720
153,124,2020-03-25 12:30:00,22.4531,23.615,22.4531,23.18,2164
154,123,2020-03-25 13:30:00,22.85,22.85,22.85,22.85,404
155,122,2020-03-25 14:00:00,23.37,23.37,23.37,23.37,835
156,121,2020-03-25 14:30:00,23.46,23.46,23.46,23.46,434
157,120,2020-03-25 15:00:00,23.19,23.19,23.19,23.19,128
158,119,2020-03-25 15:30:00,23.94,24.36,23.49,24.36,1256
159,118,2020-03-25 16:00:00,24.18,24.18,23.04,23.1,2853
160,117,2020-03-26 10:00:00,23.87,24.9529,23.87,24.9529,844
161,116,2020-03-26 10:30:00,23.66,23.81,23.5386,23.614,3168
162,115,2020-03-26 11:00:00,23.86,24.34,23.86,24.165,1448
163,114,2020-03-26 11:30:00,24.33,24.36,24.18,24.36,400
164,113,2020-03-26 12:00:00,24.44,25.0706,24.325,24.5592,919
165,112,2020-03-26 12:30:00,24.925,25.03,24.925,25.03,435
166,111,2020-03-26 13:30:00,25.07,25.07,25.07,25.07,171
167,110,2020-03-26 14:00:00,25.055,25.22,25.045,25.22,967
168,109,2020-03-26 14:30:00,25.1752,25.18,25.1752,25.18,216
169,108,2020-03-26 15:00:00,25.29,26.43,25.29,25.84,2571
170,107,2020-03-26 15:30:00,25.8,26.99,25.5338,26.985,10105
171,106,2020-03-26 16:00:00,27.11,27.6,26.85,27.0,12213
172,105,2020-03-26 16:30:00,27.24,27.24,27.24,27.24,1042
173,104,2020-03-27 10:00:00,26.31,26.31,26.25,26.25,700
174,103,2020-03-27 10:30:00,25.93,25.93,25.86,25.86,500
175,102,2020-03-27 11:00:00,25.87,25.87,25.87,25.87,100
176,101,2020-03-27 11:30:00,25.77,25.77,25.77,25.77,338
177,100,2020-03-27 12:00:00,26.5928,26.5928,26.5928,26.5928,250
178,99,2020-03-27 12:30:00,25.5,26.7,25.5,26.35,1704
179,98,2020-03-27 13:00:00,26.8,26.8,26.7,26.7,624
180,97,2020-03-27 13:30:00,26.5394,26.5394,26.515,26.52,930
181,96,2020-03-27 14:00:00,26.3531,26.89,26.3531,26.37,2327
182,95,2020-03-27 14:30:00,26.46,26.46,26.36,26.36,276
183,94,2020-03-27 15:00:00,26.44,26.87,26.44,26.87,600
184,93,2020-03-27 15:30:00,26.47,26.47,26.47,26.47,221
185,92,2020-03-27 16:00:00,26.38,26.78,26.09,26.475,9556
186,91,2020-03-30 10:00:00,27.35,27.35,26.5,26.65,2200
187,90,2020-03-30 11:00:00,26.84,26.91,26.6875,26.85,1712
188,89,2020-03-30 11:30:00,26.66,26.79,26.66,26.75,842
189,88,2020-03-30 12:00:00,26.75,26.925,26.74,26.925,655
190,87,2020-03-30 12:30:00,26.98,26.98,26.855,26.855,314
191,86,2020-03-30 13:00:00,26.86,26.98,26.74,26.74,310
192,85,2020-03-30 13:30:00,26.84,26.93,26.66,26.86,1855
193,84,2020-03-30 14:00:00,26.9,26.9,26.65,26.735,869
194,83,2020-03-30 14:30:00,26.65,26.755,26.24,26.255,2869
195,82,2020-03-30 15:00:00,26.43,26.67,26.43,26.67,631
196,81,2020-03-30 15:30:00,26.64,26.66,26.38,26.66,1562
197,80,2020-03-30 16:00:00,26.93,27.84,26.93,27.44,8521
198,79,2020-03-30 16:30:00,27.5,27.5,27.5,27.5,189
199,78,2020-03-31 10:00:00,27.36,29.015,27.36,29.015,788
200,77,2020-03-31 10:30:00,28.2,28.2,27.87,27.87,467
201,76,2020-03-31 11:00:00,28.19,29.4,28.19,28.5,4261
202,75,2020-03-31 11:30:00,28.53,28.81,28.375,28.375,6362
203,74,2020-03-31 12:00:00,27.92,27.995,27.35,27.455,19394
204,73,2020-03-31 12:30:00,27.455,27.455,27.15,27.275,724
205,72,2020-03-31 13:00:00,27.14,27.24,27.14,27.24,624
206,71,2020-03-31 13:30:00,27.1,27.1,26.22,26.86,1213
207,70,2020-03-31 14:00:00,26.89,27.095,26.7,26.7,519
208,69,2020-03-31 14:30:00,27.02,27.09,26.9,27.09,524
209,68,2020-03-31 15:00:00,27.22,27.58,27.21,27.56,1922
210,67,2020-03-31 15:30:00,27.24,27.24,26.65,26.65,856
211,66,2020-03-31 16:00:00,26.54,27.57,26.45,26.85,3561
212,65,2020-03-31 16:30:00,26.93,26.93,26.93,26.93,1227
213,64,2020-04-01 10:00:00,25.69,25.69,25.51,25.51,940
214,63,2020-04-01 10:30:00,26.015,26.06,26.0,26.0,900
215,62,2020-04-01 11:00:00,25.7723,26.613000000000003,25.037,25.8877,8029
216,61,2020-04-01 11:30:00,26.25,26.25,26.25,26.25,101
217,60,2020-04-01 12:00:00,26.07,26.07,25.51,25.51,1889
218,59,2020-04-01 12:30:00,25.52,25.52,25.2075,25.2075,615
219,58,2020-04-01 13:00:00,24.8,24.805,24.67,24.7975,909
220,57,2020-04-01 13:30:00,24.55,24.66,24.55,24.66,325
221,56,2020-04-01 14:00:00,24.54,24.72,24.335,24.72,1032
222,55,2020-04-01 14:30:00,24.8,24.8,24.19,24.595,404
223,54,2020-04-01 15:00:00,24.5925,24.77,24.29,24.55,1854
224,53,2020-04-01 15:30:00,24.64,24.75,24.19,24.465,1873
225,52,2020-04-01 16:00:00,24.8,25.35,24.67,24.7,4655
226,51,2020-04-02 10:00:00,25.16,25.16,25.16,25.16,320
227,50,2020-04-02 11:00:00,25.815,25.815,24.9611,25.3,7048
228,49,2020-04-02 11:30:00,25.16,25.8757,25.16,25.615,7723
229,48,2020-04-02 12:00:00,25.4599,25.4599,25.4599,25.4599,100
230,47,2020-04-02 12:30:00,25.1,25.1321,25.0576,25.1321,391
231,46,2020-04-02 13:00:00,25.545,25.545,25.24,25.24,520
232,45,2020-04-02 13:30:00,24.92,25.0,24.73,24.73,915
233,44,2020-04-02 14:00:00,24.73,24.73,24.03,24.03,957
234,43,2020-04-02 14:30:00,23.95,23.95,23.06,23.06,1816
235,42,2020-04-02 15:00:00,23.38,24.65,23.38,24.19,521
236,41,2020-04-02 15:30:00,24.22,24.22,24.01,24.01,517
237,40,2020-04-02 16:00:00,24.025,24.84,23.85,24.34,3125
238,39,2020-04-03 10:00:00,24.4,24.4,24.4,24.4,528
239,38,2020-04-03 10:30:00,24.48,24.48,23.48,23.48,908
240,37,2020-04-03 11:00:00,23.36,23.36,23.24,23.24,449
241,36,2020-04-03 12:00:00,24.2264,24.2264,23.88,23.88,316
242,35,2020-04-03 12:30:00,23.51,23.585,23.21,23.585,1122
243,34,2020-04-03 13:00:00,23.585,23.795,23.54,23.54,2548
244,33,2020-04-03 13:30:00,23.49,23.6773,23.49,23.6773,343
245,32,2020-04-03 14:00:00,23.4647,23.4647,23.2,23.41,1508
246,31,2020-04-03 14:30:00,23.37,23.39,23.25,23.25,506
247,30,2020-04-03 15:00:00,23.59,23.59,23.435,23.435,217
248,29,2020-04-03 15:30:00,23.31,23.9,23.27,23.9,6326
249,28,2020-04-03 16:00:00,23.95,24.825,23.91,24.62,5911
250,27,2020-04-06 10:00:00,25.23,25.57,25.2,25.25,1547
251,26,2020-04-06 10:30:00,26.4407,26.4407,24.86,25.56,7436
252,25,2020-04-06 11:00:00,25.27,25.8721,25.27,25.8721,1760
253,24,2020-04-06 11:30:00,25.31,26.045,24.56,24.6177,7309
254,23,2020-04-06 12:00:00,24.7698,25.96,24.61,25.14,10081
255,22,2020-04-06 12:30:00,25.3282,25.87,25.0906,25.3639,2635
256,21,2020-04-06 13:00:00,25.17,25.17,24.51,24.51,1095
257,20,2020-04-06 13:30:00,24.48,24.58,24.48,24.58,972
258,19,2020-04-06 14:00:00,24.59,24.59,24.59,24.59,112
259,18,2020-04-06 14:30:00,24.62,24.86,24.23,24.85,2854
260,17,2020-04-06 15:00:00,24.57,24.58,24.57,24.58,420
261,16,2020-04-06 15:30:00,24.585,24.9575,24.585,24.9575,634
262,15,2020-04-06 16:00:00,24.99,25.1095,23.87,24.66,16944
263,14,2020-04-06 16:30:00,24.85,24.85,24.85,24.85,1366
264,13,2020-04-07 10:00:00,24.52,25.3714,24.52,25.1,2734
265,12,2020-04-07 10:30:00,25.1,25.38,24.77,24.77,2070
266,11,2020-04-07 11:00:00,25.11,25.11,24.61,24.61,1416
267,10,2020-04-07 11:30:00,24.61,24.61,24.6,24.6,593
268,9,2020-04-07 12:00:00,24.9,25.33,24.9,25.08,2312
269,8,2020-04-07 12:30:00,25.1,25.1,25.06,25.06,909
270,7,2020-04-07 13:00:00,25.1,25.1,24.71,24.71,422
271,6,2020-04-07 13:30:00,24.995,24.995,24.12,24.12,645
272,5,2020-04-07 14:00:00,24.28,24.285,24.28,24.285,200
273,4,2020-04-07 14:30:00,24.36,24.36,24.08,24.08,1087
274,3,2020-04-07 15:00:00,24.14,24.49,22.73,22.73,1744
275,2,2020-04-07 15:30:00,22.91,23.505,22.91,23.505,1713
276,1,2020-04-07 16:00:00,23.525,24.39,23.525,24.3,5255
277,0,2020-04-07 16:30:00,24.3,24.3,24.0,24.0,558
278,249,2020-04-08 10:00:00,24.37,24.71,23.83,23.83,503
279,248,2020-04-08 10:30:00,24.495,24.79,24.495,24.79,200
280,247,2020-04-08 11:00:00,24.5,25.53,24.5,25.45,844
281,246,2020-04-08 11:30:00,25.1,25.76,25.1,25.1,1300
282,245,2020-04-08 12:00:00,25.81,25.81,25.09,25.49,2213
283,244,2020-04-08 12:30:00,25.12,25.12,25.12,25.12,187
284,243,2020-04-08 13:00:00,25.1,25.34,25.1,25.22,4061
285,242,2020-04-08 13:30:00,25.3,25.3,24.93,25.255,1062
286,241,2020-04-08 14:00:00,25.09,25.25,25.09,25.15,600
287,240,2020-04-08 14:30:00,25.15,25.15,25.15,25.15,100
288,239,2020-04-08 15:30:00,25.1,25.71,24.1,24.1,3254
289,238,2020-04-08 16:00:00,24.72,25.1,24.58,24.69,5024
290,237,2020-04-08 16:30:00,25.12,25.12,25.12,25.12,773
291,236,2020-04-09 10:00:00,25.1,25.86,25.1,25.86,4421
292,235,2020-04-09 10:30:00,26.15,26.15,25.71,25.73,1158
293,234,2020-04-09 11:00:00,25.94,26.26,25.94,26.14,610
294,233,2020-04-09 11:30:00,26.12,27.19,26.12,27.19,2273
295,232,2020-04-09 12:00:00,27.11,27.11,27.01,27.01,411
296,231,2020-04-09 13:00:00,26.89,27.6,26.89,27.6,305
297,230,2020-04-09 13:30:00,27.75,28.22,27.75,28.22,418
298,229,2020-04-09 14:00:00,27.97,28.15,27.97,28.15,1759
299,228,2020-04-09 14:30:00,28.07,28.445,28.02,28.02,1999
300,227,2020-04-09 15:00:00,28.0,28.4,28.0,28.06,2373
301,226,2020-04-09 15:30:00,28.01,28.82,28.01,28.82,2552
302,225,2020-04-09 16:00:00,29.03,29.68,28.76,28.81,3878
303,224,2020-04-13 10:00:00,28.42,28.42,26.673000000000002,27.094,7800
304,223,2020-04-13 10:30:00,27.28,27.71,26.585,27.71,2003
305,222,2020-04-13 11:00:00,28.4,29.97,28.4,29.97,3061
306,221,2020-04-13 11:30:00,29.38,29.48,28.68,29.48,443
307,220,2020-04-13 12:00:00,29.51,29.51,27.97,27.97,4050
308,219,2020-04-13 12:30:00,27.78,28.02,27.78,28.02,400
309,218,2020-04-13 13:00:00,27.93,27.93,27.69,27.69,200
310,217,2020-04-13 13:30:00,27.64,27.64,27.56,27.56,739
311,216,2020-04-13 15:00:00,27.19,27.21,26.72,26.73,962
312,215,2020-04-13 15:30:00,26.68,26.815,26.38,26.62,1714
313,214,2020-04-13 16:00:00,26.55,27.61,26.37,27.26,6816
314,213,2020-04-14 10:00:00,27.83,27.83,26.645,26.645,330
315,212,2020-04-14 10:30:00,28.11,28.11,27.61,27.61,952
316,211,2020-04-14 11:30:00,27.8,29.7188,27.61,29.7188,379
317,210,2020-04-14 12:00:00,27.78,27.78,27.5,27.5,1130
318,209,2020-04-14 13:30:00,27.02,27.03,27.02,27.03,309
319,208,2020-04-14 14:30:00,27.775,27.775,27.3786,27.3786,1342
320,207,2020-04-14 15:00:00,27.1,28.465,27.1,27.53,2375
321,206,2020-04-14 15:30:00,27.19,28.07,27.17,27.17,2949
322,205,2020-04-14 16:00:00,27.23,27.735,26.73,27.7,6876
323,204,2020-04-14 16:30:00,27.35,27.35,27.35,27.35,538
324,203,2020-04-14 18:30:00,27.35,27.35,27.35,27.35,237
325,202,2020-04-15 10:00:00,26.31,26.8677,24.99,24.9904,6809
326,201,2020-04-15 10:30:00,25.4025,26.480999999999998,25.1,25.565,1276
327,200,2020-04-15 11:00:00,25.01,25.32,25.01,25.32,232
328,199,2020-04-15 11:30:00,25.25,25.38,25.16,25.38,1366
329,198,2020-04-15 12:00:00,25.23,25.23,25.1,25.1,548
330,197,2020-04-15 12:30:00,25.11,25.11,24.7,24.7,3476
331,196,2020-04-15 13:30:00,24.63,24.98,24.63,24.8,1022
332,195,2020-04-15 14:00:00,24.8,25.09,24.14,24.73,2186
333,194,2020-04-15 14:30:00,24.71,25.695,24.69,25.46,1506
334,193,2020-04-15 15:00:00,25.28,25.28,24.6275,24.6275,602
335,192,2020-04-15 16:00:00,24.74,24.8197,24.13,24.15,3665
336,191,2020-04-16 10:00:00,24.05,24.05,23.0,23.02,1267
337,190,2020-04-16 10:30:00,22.62,22.62,21.64,22.445,1413
338,189,2020-04-16 11:00:00,22.09,22.63,22.03,22.53,1710
339,188,2020-04-16 11:30:00,22.55,22.55,22.07,22.08,1304
340,187,2020-04-16 12:00:00,22.05,22.17,21.79,22.17,1875
341,186,2020-04-16 12:30:00,22.2,22.2,21.42,21.67,3542
342,185,2020-04-16 13:00:00,22.175,22.32,21.62,21.62,420
343,184,2020-04-16 13:30:00,21.99,21.99,21.99,21.99,114
344,183,2020-04-16 14:00:00,22.01,22.04,21.97,21.97,1560
345,182,2020-04-16 14:30:00,21.55,21.55,21.55,21.55,207
346,181,2020-04-16 15:00:00,21.69,21.99,21.59,21.96,1925
347,180,2020-04-16 15:30:00,21.68,21.68,21.01,21.4549,1871
348,179,2020-04-16 16:00:00,21.46,21.8,21.17,21.17,4653
349,178,2020-04-17 10:00:00,22.57,22.725,21.95,22.38,5680
350,177,2020-04-17 10:30:00,22.33,23.3813,22.21,22.37,2717
351,176,2020-04-17 11:00:00,22.35,22.35,22.255,22.255,206
352,175,2020-04-17 11:30:00,22.25,22.835,22.25,22.835,1600
353,174,2020-04-17 12:00:00,22.25,22.41,22.25,22.25,1023
354,173,2020-04-17 12:30:00,22.32,22.81,22.205,22.25,1804
355,172,2020-04-17 13:00:00,22.33,22.45,22.24,22.25,3495
356,171,2020-04-17 13:30:00,22.34,22.42,22.25,22.27,2553
357,170,2020-04-17 14:00:00,22.39,22.39,21.84,21.87,2956
358,169,2020-04-17 14:30:00,21.88,22.215,21.87,22.215,1268
359,168,2020-04-17 15:00:00,21.849,22.115,21.849,22.115,904
360,167,2020-04-17 15:30:00,22.12,22.325,22.04,22.2,2564
361,166,2020-04-17 16:00:00,22.2,22.235,21.69,21.75,6303
362,165,2020-04-20 10:00:00,21.51,22.13,21.5,22.01,9522
363,164,2020-04-20 10:30:00,21.77,22.01,21.46,21.86,3554
364,163,2020-04-20 11:00:00,21.89,21.96,21.73,21.8,9428
365,162,2020-04-20 11:30:00,21.8,21.8,21.35,21.77,23192
366,161,2020-04-20 12:00:00,21.58,21.78,21.56,21.56,1939
367,160,2020-04-20 12:30:00,21.57,21.57,21.16,21.4,800
368,159,2020-04-20 13:00:00,21.67,21.67,21.51,21.51,878
369,158,2020-04-20 13:30:00,21.54,21.54,21.54,21.54,495
370,157,2020-04-20 14:00:00,21.51,21.51,21.45,21.45,1866
371,156,2020-04-20 14:30:00,21.5,21.55,21.4,21.4,1735
372,155,2020-04-20 15:00:00,21.32,21.4292,20.83,20.83,958
373,154,2020-04-20 15:30:00,20.79,21.27,20.79,21.27,1805
374,153,2020-04-20 16:00:00,21.45,21.76,21.28,21.49,14252
375,152,2020-04-20 16:30:00,21.44,21.44,21.44,21.44,419
376,151,2020-04-21 10:00:00,20.49,20.98,19.27,20.98,2640
377,150,2020-04-21 10:30:00,21.32,21.34,21.32,21.32,300
378,149,2020-04-21 11:00:00,21.39,21.5,21.39,21.5,1955
379,148,2020-04-21 11:30:00,21.5,21.5,21.49,21.49,201
380,147,2020-04-21 12:30:00,21.33,21.49,21.33,21.49,200
381,146,2020-04-21 13:30:00,21.5,21.5,21.06,21.06,781
382,145,2020-04-21 14:00:00,20.99,21.23,20.99,21.23,301
383,144,2020-04-21 14:30:00,21.225,21.225,20.9,20.9,600
384,143,2020-04-21 15:00:00,21.06,21.19,21.01,21.19,1892
385,142,2020-04-21 15:30:00,21.02,21.5,21.02,21.32,7602
386,141,2020-04-21 16:00:00,21.43,21.54,21.01,21.01,8032
387,140,2020-04-22 10:00:00,22.23,23.8305,22.23,23.8102,642
388,139,2020-04-22 11:00:00,22.08,22.08,22.08,22.08,101
389,138,2020-04-22 12:00:00,21.53,22.065,21.53,22.065,1218
390,137,2020-04-22 13:00:00,22.0,22.0,22.0,22.0,101
391,136,2020-04-22 13:30:00,22.0,22.0,21.98,21.98,238
392,135,2020-04-22 14:30:00,21.845,21.845,21.845,21.845,403
393,134,2020-04-22 15:00:00,21.65,21.65,21.5,21.5,511
394,133,2020-04-22 15:30:00,21.565,21.78,21.44,21.78,2202
395,132,2020-04-22 16:00:00,21.77,21.95,21.36,21.95,5771
396,131,2020-04-23 10:00:00,21.94,22.08,21.94,22.08,597
397,130,2020-04-23 10:30:00,21.96,21.96,21.96,21.96,201
398,129,2020-04-23 11:00:00,22.48,22.48,22.48,22.48,500
399,128,2020-04-23 11:30:00,22.5,22.5,22.11,22.11,400
400,127,2020-04-23 12:00:00,22.11,22.11,21.48,21.48,1670
401,126,2020-04-23 12:30:00,21.49,21.89,21.49,21.89,314
402,125,2020-04-23 13:00:00,22.07,22.275,21.3488,21.3488,1852
403,124,2020-04-23 13:30:00,21.54,21.945,21.54,21.83,1228
404,123,2020-04-23 14:00:00,21.59,21.92,21.59,21.92,415
405,122,2020-04-23 14:30:00,21.78,21.82,21.5,21.82,988
406,121,2020-04-23 15:00:00,21.77,22.05,21.77,22.05,525
407,120,2020-04-23 15:30:00,22.32,22.32,22.32,22.32,100
408,119,2020-04-23 16:00:00,22.14,22.14,21.48,21.66,4787
409,118,2020-04-24 10:00:00,22.02,22.02,22.02,22.02,400
410,117,2020-04-24 10:30:00,22.72,22.72,22.7,22.7,264
411,116,2020-04-24 11:00:00,22.83,22.83,22.51,22.71,543
412,115,2020-04-24 12:00:00,22.46,22.52,22.46,22.52,422
413,114,2020-04-24 12:30:00,22.5,22.98,22.5,22.8745,75596
414,113,2020-04-24 13:00:00,22.98,24.195,22.98,24.195,4607
415,112,2020-04-24 13:30:00,24.21,24.395,24.11,24.255,2040
416,111,2020-04-24 14:00:00,24.26,24.92,24.2,24.71,1114
417,110,2020-04-24 14:30:00,24.1,24.89,24.1,24.84,2476
418,109,2020-04-24 15:00:00,24.9,24.9,24.5997,24.66,3114
419,108,2020-04-24 15:30:00,24.6,25.22,24.6,25.04,3537
420,107,2020-04-24 16:00:00,25.19,25.245,22.86,23.89,15207
421,106,2020-04-27 10:00:00,24.17,24.89,24.17,24.74,1113
422,105,2020-04-27 10:30:00,24.74,24.77,24.2,24.77,1598
423,104,2020-04-27 11:00:00,24.64,24.86,24.64,24.86,603
424,103,2020-04-27 11:30:00,24.94,24.94,24.94,24.94,106
425,102,2020-04-27 12:00:00,25.19,25.2375,25.08,25.08,569
426,101,2020-04-27 12:30:00,25.23,25.32,25.05,25.32,3231
427,100,2020-04-27 13:00:00,25.2,25.34,25.12,25.34,4932
428,99,2020-04-27 13:30:00,25.3,25.8039,25.1451,25.16,6673
429,98,2020-04-27 14:00:00,25.71,25.84,25.64,25.64,911
430,97,2020-04-27 14:30:00,25.69,25.72,25.69,25.72,848
431,96,2020-04-27 15:00:00,25.7834,26.2,25.7834,26.2,1731
432,95,2020-04-27 15:30:00,26.21,26.97,26.21,26.84,5453
433,94,2020-04-27 16:00:00,26.96,26.96,25.92,26.26,8145
434,93,2020-04-27 16:30:00,26.32,26.32,26.32,26.32,1174
435,92,2020-04-28 10:00:00,27.4,27.4,26.74,26.74,814
436,91,2020-04-28 10:30:00,26.41,28.39,26.37,27.9,3453
437,90,2020-04-28 11:00:00,27.71,27.8,26.08,26.24,7150
438,89,2020-04-28 11:30:00,26.805,26.805,26.2501,26.2501,2200
439,88,2020-04-28 12:00:00,25.86,26.79,25.85,26.7,4795
440,87,2020-04-28 12:30:00,26.49,26.61,26.27,26.27,1101
441,86,2020-04-28 13:00:00,26.23,26.25,25.93,25.93,3009
442,85,2020-04-28 13:30:00,26.2,26.25,25.87,25.92,2145
443,84,2020-04-28 14:00:00,25.87,25.87,25.41,25.43,1326
444,83,2020-04-28 14:30:00,25.5,26.17,25.5,26.17,1280
445,82,2020-04-28 15:00:00,25.89,25.97,25.89,25.95,420
446,81,2020-04-28 16:00:00,26.055,26.1,25.61,26.1,9215
447,80,2020-04-29 10:00:00,27.2,27.39,26.25,26.25,2221
448,79,2020-04-29 10:30:00,27.14,27.14,27.14,27.14,212
449,78,2020-04-29 11:00:00,27.33,27.73,27.1,27.73,513
450,77,2020-04-29 11:30:00,27.72,28.5,27.71,28.44,1973
451,76,2020-04-29 12:00:00,28.41,28.44,27.46,27.99,9274
452,75,2020-04-29 12:30:00,27.99,27.99,27.16,27.79,8775
453,74,2020-04-29 13:00:00,27.59,27.7042,27.025,27.7042,1467
454,73,2020-04-29 13:30:00,27.37,27.91,27.37,27.7308,759
455,72,2020-04-29 14:00:00,27.74,28.1,27.61,28.09,5898
456,71,2020-04-29 14:30:00,27.98,28.0,27.7,27.8,3460
457,70,2020-04-29 15:00:00,28.24,28.42,27.95,28.35,1320
458,69,2020-04-29 15:30:00,27.72,27.98,27.72,27.96,749
459,68,2020-04-29 16:00:00,27.95,28.51,27.31,27.96,7772
460,67,2020-04-29 16:30:00,27.9,27.9,27.9,27.9,941
461,66,2020-04-29 17:30:00,28.0,28.0,28.0,28.0,250
462,65,2020-04-30 10:00:00,27.06,27.06,26.41,26.41,683
463,64,2020-04-30 11:00:00,26.2,26.6,26.2,26.6,759
464,63,2020-04-30 11:30:00,26.31,26.31,25.7832,25.7832,1187
465,62,2020-04-30 12:00:00,25.77,25.92,25.37,25.37,3280
466,61,2020-04-30 12:30:00,24.87,25.35,24.87,25.35,1027
467,60,2020-04-30 13:00:00,25.28,25.28,24.82,24.82,556
468,59,2020-04-30 13:30:00,25.0,25.0,24.79,24.94,5399
469,58,2020-04-30 14:30:00,25.25,25.25,25.25,25.25,105
470,57,2020-04-30 15:00:00,25.4854,25.4854,25.37,25.4,1846
471,56,2020-04-30 15:30:00,25.4,25.4,25.2,25.2,4342
472,55,2020-04-30 16:00:00,25.285,25.455,24.96,25.42,7035
473,54,2020-05-01 10:00:00,24.27,24.68,22.74,22.74,1056
474,53,2020-05-01 11:30:00,24.01,24.01,23.9,23.9,621
475,52,2020-05-01 12:00:00,24.385,24.385,23.72,23.88,806
476,51,2020-05-01 12:30:00,23.7,24.01,23.23,24.01,4527
477,50,2020-05-01 13:00:00,23.53,24.01,23.3,23.88,3028
478,49,2020-05-01 13:30:00,23.72,23.93,23.46,23.78,3042
479,48,2020-05-01 14:30:00,24.14,24.2,24.14,24.2,428
480,47,2020-05-01 15:00:00,24.88,24.88,24.14,24.2,1481
481,46,2020-05-01 15:30:00,24.2,24.5,24.2,24.5,735
482,45,2020-05-01 16:00:00,24.5,25.07,23.36,24.39,7603
483,44,2020-05-04 10:00:00,24.39,24.39,23.6761,24.1,832
484,43,2020-05-04 10:30:00,24.4826,24.4826,24.4826,24.4826,100
485,42,2020-05-04 11:00:00,24.42,24.42,23.98,23.99,910
486,41,2020-05-04 11:30:00,23.87,24.08,23.69,23.74,600
487,40,2020-05-04 12:30:00,23.77,23.77,23.77,23.77,346
488,39,2020-05-04 13:00:00,24.46,24.46,23.65,23.65,920
489,38,2020-05-04 14:00:00,24.3,24.3,23.3,23.3,739
490,37,2020-05-04 14:30:00,23.33,23.33,23.33,23.33,191
491,36,2020-05-04 15:00:00,23.83,23.83,23.41,23.41,212
492,35,2020-05-04 15:30:00,23.41,23.96,23.32,23.96,1534
493,34,2020-05-04 16:00:00,23.81,23.96,23.81,23.96,510
494,33,2020-05-04 16:30:00,23.9,23.9,23.9,23.9,627
495,32,2020-05-05 10:00:00,24.5364,24.5364,23.7,23.7,330
496,31,2020-05-05 13:00:00,23.2847,24.05,23.2847,24.05,526
497,30,2020-05-05 13:30:00,23.79,24.27,23.79,24.24,524
498,29,2020-05-05 14:00:00,23.77,23.87,23.74,23.87,716
499,28,2020-05-05 14:30:00,23.8,24.01,23.8,24.01,276
500,27,2020-05-05 15:00:00,23.815,23.815,23.815,23.815,130
501,26,2020-05-05 15:30:00,23.62,23.68,23.53,23.53,508
502,25,2020-05-05 16:00:00,23.54,23.84,23.04,23.69,4703
503,24,2020-05-05 17:00:00,23.04,23.04,23.04,23.04,447
504,23,2020-05-06 10:00:00,23.48,23.48,23.48,23.48,832
505,22,2020-05-06 10:30:00,22.85,23.32,22.85,23.075,1008
506,21,2020-05-06 11:00:00,23.42,23.42,23.42,23.42,566
507,20,2020-05-06 11:30:00,23.25,23.25,22.77,22.91,1226
508,19,2020-05-06 12:00:00,23.214000000000002,23.214000000000002,22.76,22.76,400
509,18,2020-05-06 13:30:00,22.65,22.65,22.52,22.52,339
510,17,2020-05-06 14:00:00,22.6527,22.6527,22.6527,22.6527,210
511,16,2020-05-06 14:30:00,22.57,22.57,22.57,22.57,100
512,15,2020-05-06 15:00:00,22.56,22.71,22.56,22.71,200
513,14,2020-05-06 15:30:00,22.57,22.64,22.5,22.54,1529
514,13,2020-05-06 16:00:00,22.5,22.79,22.31,22.55,2403
515,12,2020-05-07 10:00:00,23.19,23.19,23.19,23.19,214
516,11,2020-05-07 10:30:00,22.6,23.11,22.6,23.11,945
517,10,2020-05-07 11:00:00,23.59,23.71,23.46,23.56,1442
518,9,2020-05-07 11:30:00,23.02,23.02,23.02,23.02,100
519,8,2020-05-07 12:00:00,23.06,23.18,23.06,23.06,716
520,7,2020-05-07 12:30:00,23.25,23.4099,23.25,23.4099,300
521,6,2020-05-07 13:00:00,23.4,23.4,22.77,22.77,711
522,5,2020-05-07 13:30:00,22.92,22.92,22.92,22.92,200
523,4,2020-05-07 14:00:00,22.76,22.76,22.76,22.76,100
524,3,2020-05-07 14:30:00,22.76,22.81,22.51,22.81,1947
525,2,2020-05-07 15:00:00,22.6,22.73,22.44,22.44,1278
526,1,2020-05-07 15:30:00,22.49,22.69,22.45,22.45,4068
527,0,2020-05-07 16:00:00,22.6999,22.6999,22.05,22.25,6157
528,237,2020-05-08 10:00:00,23.0,23.2621,22.31,22.36,5089
529,236,2020-05-08 10:30:00,22.31,22.9,22.26,22.9,3650
530,235,2020-05-08 11:00:00,22.75,22.75,22.14,22.14,1400
531,234,2020-05-08 11:30:00,22.16,22.9,22.16,22.77,5972
532,233,2020-05-08 12:00:00,22.85,22.99,22.74,22.99,1882
533,232,2020-05-08 12:30:00,22.815,23.04,22.67,22.67,1996
534,231,2020-05-08 13:00:00,22.71,23.22,22.71,23.19,4360
535,230,2020-05-08 13:30:00,23.22,23.22,23.22,23.22,202
536,229,2020-05-08 14:00:00,23.35,23.4,23.11,23.11,741
537,228,2020-05-08 14:30:00,23.16,23.92,22.98,23.57,7352
538,227,2020-05-08 15:00:00,23.4,23.5,22.72,23.27,9211
539,226,2020-05-08 15:30:00,23.5,23.89,23.41,23.89,1852
540,225,2020-05-08 16:00:00,23.98,24.5,23.98,24.5,7633
541,224,2020-05-11 10:00:00,24.3,24.3,22.72,22.72,1843
542,223,2020-05-11 10:30:00,22.53,22.72,22.5,22.58,914
543,222,2020-05-11 11:00:00,22.96,22.96,22.49,22.55,1548
544,221,2020-05-11 11:30:00,22.625,22.73,22.39,22.57,2903
545,220,2020-05-11 12:00:00,22.55,22.97,22.55,22.96,1089
546,219,2020-05-11 12:30:00,22.79,22.82,22.79,22.82,300
547,218,2020-05-11 13:00:00,23.0,23.0,23.0,23.0,109
548,217,2020-05-11 13:30:00,23.17,23.21,23.17,23.21,514
549,216,2020-05-11 14:00:00,23.25,23.68,23.21,23.56,1866
550,215,2020-05-11 14:30:00,23.44,23.48,23.12,23.13,1183
551,214,2020-05-11 15:00:00,23.59,23.59,23.34,23.44,1853
552,213,2020-05-11 15:30:00,23.36,23.39,22.51,22.51,4452
553,212,2020-05-11 16:00:00,22.14,22.74,22.14,22.74,8871
554,211,2020-05-12 10:00:00,22.51,22.51,21.75,21.75,2239
555,210,2020-05-12 10:30:00,21.75,21.98,21.7,21.7,1001
556,209,2020-05-12 11:00:00,21.7,21.7,21.7,21.7,100
557,208,2020-05-12 11:30:00,21.56,21.6,21.56,21.6,200
558,207,2020-05-12 12:00:00,21.64,21.6699,21.365,21.435,3107
559,206,2020-05-12 12:30:00,21.32,22.05,21.25,22.05,3344
560,205,2020-05-12 13:00:00,22.05,22.05,21.27,21.27,769
561,204,2020-05-12 13:30:00,21.34,21.34,21.2,21.32,896
562,203,2020-05-12 14:00:00,21.26,21.44,21.26,21.44,1724
563,202,2020-05-12 15:00:00,21.26,21.26,21.2,21.2,5163
564,201,2020-05-12 15:30:00,21.27,21.27,21.05,21.05,406
565,200,2020-05-12 16:00:00,21.07,21.34,21.0,21.34,11600
566,199,2020-05-12 16:30:00,20.51,20.51,20.51,20.51,678
567,198,2020-05-13 10:00:00,21.0,21.05,20.77,20.84,7386
568,197,2020-05-13 10:30:00,21.24,21.24,21.065,21.065,400
569,196,2020-05-13 11:00:00,20.81,20.81,20.61,20.61,1186
570,195,2020-05-13 11:30:00,20.54,20.54,20.48,20.48,979
571,194,2020-05-13 12:00:00,20.08,20.12,20.07,20.1,851
572,193,2020-05-13 12:30:00,20.26,20.35,20.26,20.35,200
573,192,2020-05-13 13:30:00,20.24,20.38,20.24,20.38,664
574,191,2020-05-13 14:00:00,20.74,20.74,20.325,20.325,805
575,190,2020-05-13 14:30:00,20.45,20.62,20.45,20.62,298
576,189,2020-05-13 15:00:00,20.72,20.95,20.72,20.95,727
577,188,2020-05-13 15:30:00,20.81,20.91,20.6,20.64,2198
578,187,2020-05-13 16:00:00,21.03,21.9,20.96,21.1,3499
579,186,2020-05-14 10:00:00,21.0,21.0,20.35,20.72,5318
580,185,2020-05-14 10:30:00,20.51,21.16,20.51,20.84,5480
581,184,2020-05-14 11:00:00,20.77,21.78,20.77,21.6,1160
582,183,2020-05-14 11:30:00,21.3,21.57,21.3,21.56,563
583,182,2020-05-14 12:00:00,21.38,21.38,21.18,21.185,300
584,181,2020-05-14 12:30:00,21.39,21.39,21.18,21.18,223
585,180,2020-05-14 13:00:00,21.19,21.35,21.135,21.25,2746
586,179,2020-05-14 13:30:00,21.32,21.61,21.32,21.61,705
587,178,2020-05-14 14:00:00,21.83,22.18,21.83,22.06,1047
588,177,2020-05-14 14:30:00,21.335,21.595,21.335,21.595,872
589,176,2020-05-14 15:00:00,21.6825,21.76,21.39,21.39,1451
590,175,2020-05-14 15:30:00,21.7,21.885,21.52,21.8,1090
591,174,2020-05-14 16:00:00,21.75,21.81,21.38,21.81,3307
592,173,2020-05-15 10:00:00,22.0,22.39,22.0,22.0,2637
593,172,2020-05-15 11:00:00,21.38,21.39,21.38,21.39,220
594,171,2020-05-15 11:30:00,21.61,21.67,21.61,21.67,1328
595,170,2020-05-15 12:00:00,21.81,21.81,21.31,21.31,877
596,169,2020-05-15 12:30:00,21.5556,21.5556,21.5556,21.5556,406
597,168,2020-05-15 13:30:00,21.26,21.69,21.26,21.69,3328
598,167,2020-05-15 14:00:00,21.67,21.67,21.67,21.67,100
599,166,2020-05-15 14:30:00,21.825,21.96,21.825,21.9118,1443
600,165,2020-05-15 15:00:00,21.91,21.91,21.91,21.91,100
601,164,2020-05-15 15:30:00,21.78,22.14,21.75,22.14,1206
602,163,2020-05-15 16:00:00,22.09,22.09,21.56,21.82,3132
603,162,2020-05-15 16:30:00,21.9,21.9,21.9,21.9,168
604,161,2020-05-18 10:00:00,22.9,23.5,22.4658,22.76,2007
605,160,2020-05-18 10:30:00,23.17,23.18,23.05,23.14,1249
606,159,2020-05-18 11:00:00,23.15,23.3,22.94,23.3,1972
607,158,2020-05-18 11:30:00,23.1,23.405,23.1,23.24,1262
608,157,2020-05-18 12:00:00,23.46,23.595,23.46,23.485,722
609,156,2020-05-18 12:30:00,23.48,23.48,23.248,23.248,1320
610,155,2020-05-18 13:30:00,23.44,23.44,23.44,23.44,100
611,154,2020-05-18 14:00:00,23.47,23.47,23.47,23.47,100
612,153,2020-05-18 14:30:00,23.45,23.4994,23.16,23.16,854
613,152,2020-05-18 15:00:00,23.375,23.5,23.31,23.31,1279
614,151,2020-05-18 15:30:00,23.32,23.545,23.32,23.545,262
615,150,2020-05-18 16:00:00,23.63,23.65,23.05,23.14,5811
616,149,2020-05-18 16:30:00,23.25,23.25,23.25,23.25,1733
617,148,2020-05-19 10:00:00,23.25,23.84,22.99,23.84,1549
618,147,2020-05-19 10:30:00,23.38,23.38,23.19,23.19,878
619,146,2020-05-19 11:00:00,23.04,23.31,23.04,23.18,1402
620,145,2020-05-19 11:30:00,24.1099,24.1099,23.54,23.79,1239
621,144,2020-05-19 14:00:00,23.61,23.61,23.27,23.27,1831
622,143,2020-05-19 14:30:00,23.02,23.09,23.0,23.02,1290
623,142,2020-05-19 15:00:00,23.04,23.085,23.0,23.0,10423
624,141,2020-05-19 15:30:00,22.79,23.21,22.79,23.21,1153
625,140,2020-05-19 16:00:00,23.2,23.25,22.62,22.63,28328
626,139,2020-05-20 10:00:00,23.65,24.0,22.4576,23.88,2106
627,138,2020-05-20 10:30:00,23.43,24.27,23.43,24.27,634
628,137,2020-05-20 11:00:00,24.0,24.24,24.0,24.235,1482
629,136,2020-05-20 12:00:00,24.22,24.345,24.22,24.24,1001
630,135,2020-05-20 12:30:00,24.25,24.25,24.25,24.25,200
631,134,2020-05-20 13:00:00,24.2,24.2,24.2,24.2,100
632,133,2020-05-20 13:30:00,23.86,24.12,23.86,24.025,822
633,132,2020-05-20 15:00:00,24.285,24.39,24.285,24.39,450
634,131,2020-05-20 16:00:00,24.4,24.41,24.06,24.08,2559
635,130,2020-05-21 10:00:00,24.5,24.91,24.5,24.91,2529
636,129,2020-05-21 10:30:00,24.87,24.87,24.86,24.86,692
637,128,2020-05-21 11:00:00,24.5,24.5,24.195,24.34,2972
638,127,2020-05-21 11:30:00,24.34,24.46,24.15,24.15,742
639,126,2020-05-21 12:00:00,24.07,24.13,23.93,24.06,1264
640,125,2020-05-21 13:00:00,24.23,24.235,24.23,24.235,1561
641,124,2020-05-21 13:30:00,24.235,24.415,24.235,24.3997,2691
642,123,2020-05-21 14:00:00,24.34,24.34,23.89,23.89,1141
643,122,2020-05-21 14:30:00,23.85,23.85,23.54,23.54,980
644,121,2020-05-21 15:00:00,23.52,23.83,23.52,23.6,415
645,120,2020-05-21 16:00:00,23.88,26.0297,23.88,24.93,19099
646,119,2020-05-22 10:00:00,24.73,24.73,24.73,24.73,638
647,118,2020-05-22 11:00:00,24.4,24.56,24.21,24.435,13440
648,117,2020-05-22 11:30:00,24.4,24.45,24.09,24.45,25694
649,116,2020-05-22 12:00:00,24.35,24.53,24.16,24.3975,52533
650,115,2020-05-22 12:30:00,24.28,24.28,23.32,23.32,6970
651,114,2020-05-22 13:00:00,23.34,23.34,23.34,23.34,100
652,113,2020-05-22 13:30:00,23.33,23.33,23.33,23.33,100
653,112,2020-05-22 14:00:00,23.45,23.45,23.45,23.45,120
654,111,2020-05-22 14:30:00,23.41,23.41,23.4,23.4,1673
655,110,2020-05-22 15:00:00,23.22,23.37,23.22,23.37,380
656,109,2020-05-22 15:30:00,23.36,23.6,23.11,23.6,4276
657,108,2020-05-22 16:00:00,23.51,23.65,23.49,23.6,1847
658,107,2020-05-26 10:00:00,24.61,25.27,24.6,24.8328,1980
659,106,2020-05-26 10:30:00,24.42,24.99,24.38,24.62,2833
660,105,2020-05-26 11:00:00,24.5,24.62,24.5,24.5,405
661,104,2020-05-26 11:30:00,24.5,24.92,24.36,24.87,29207
662,103,2020-05-26 12:00:00,24.89,24.94,24.89,24.94,201
663,102,2020-05-26 12:30:00,24.94,25.5,24.94,25.49,6361
664,101,2020-05-26 13:00:00,25.77,25.77,25.76,25.76,542
665,100,2020-05-26 13:30:00,25.39,25.92,25.39,25.92,207
666,99,2020-05-26 14:00:00,25.76,25.93,25.75,25.93,455
667,98,2020-05-26 14:30:00,25.9,25.9,25.79,25.79,231
668,97,2020-05-26 15:30:00,26.34,26.34,26.08,26.22,326
669,96,2020-05-26 16:00:00,25.94,26.33,25.94,26.33,6944
670,95,2020-05-26 16:30:00,26.14,26.14,26.14,26.14,276
671,94,2020-05-27 10:00:00,27.13,27.13,27.13,27.13,696
672,93,2020-05-27 10:30:00,26.9731,27.2,26.64,27.2,740
673,92,2020-05-27 11:00:00,26.61,26.61,25.905,26.41,1410
674,91,2020-05-27 11:30:00,26.76,27.03,26.72,26.72,1011
675,90,2020-05-27 12:00:00,26.66,26.8,26.66,26.8,200
676,89,2020-05-27 12:30:00,27.01,27.35,26.835,27.2,903
677,88,2020-05-27 13:00:00,27.325,27.65,27.2,27.65,1329
678,87,2020-05-27 13:30:00,27.35,27.35,27.0,27.16,1036
679,86,2020-05-27 14:00:00,27.3,27.31,27.3,27.31,200
680,85,2020-05-27 14:30:00,27.32,28.02,27.32,28.02,2516
681,84,2020-05-27 15:00:00,28.08,28.08,27.434,27.471999999999998,4253
682,83,2020-05-27 15:30:00,27.85,28.23,27.81,28.23,2065
683,82,2020-05-27 16:00:00,28.21,29.25,28.01,28.65,10591
684,81,2020-05-28 10:00:00,28.95,29.2023,28.33,28.72,1183
685,80,2020-05-28 10:30:00,28.96,29.02,28.29,28.71,2794
686,79,2020-05-28 11:00:00,28.84,29.355,28.42,29.25,1796
687,78,2020-05-28 11:30:00,29.41,29.63,29.36,29.36,575
688,77,2020-05-28 12:00:00,29.22,29.31,28.92,29.31,1473
689,76,2020-05-28 12:30:00,29.16,29.39,28.76,29.09,2060
690,75,2020-05-28 13:00:00,29.01,29.26,29.01,29.26,467
691,74,2020-05-28 13:30:00,29.28,29.485,29.27,29.485,2075
692,73,2020-05-28 14:00:00,29.05,29.15,29.05,29.07,800
693,72,2020-05-28 14:30:00,29.05,29.21,28.74,28.74,1338
694,71,2020-05-28 15:00:00,28.5,28.74,28.5,28.7,2117
695,70,2020-05-28 15:30:00,28.58,28.78,28.5,28.75,5614
696,69,2020-05-28 16:00:00,28.81,28.81,27.93,28.51,7802
697,68,2020-05-29 10:00:00,27.82,27.82,27.5,27.54,1326
698,67,2020-05-29 10:30:00,27.79,27.79,27.73,27.73,402
699,66,2020-05-29 11:00:00,27.75,27.91,27.72,27.82,3248
700,65,2020-05-29 11:30:00,27.98,27.99,27.78,27.99,1616
701,64,2020-05-29 12:00:00,27.83,27.8834,27.65,27.7215,1434
702,63,2020-05-29 12:30:00,27.75,27.82,27.75,27.8,1317
703,62,2020-05-29 13:00:00,27.8,27.89,27.76,27.89,2277
704,61,2020-05-29 14:00:00,27.85,28.0,27.85,27.8964,1427
705,60,2020-05-29 14:30:00,27.89,28.1,27.86,27.88,2948
706,59,2020-05-29 15:00:00,28.025,28.025,27.75,28.0,3989
707,58,2020-05-29 15:30:00,28.02,28.51,27.97,28.31,1836
708,57,2020-05-29 16:00:00,28.03,28.3,27.85,28.28,8085
709,56,2020-05-29 16:30:00,28.0,28.0,28.0,28.0,285
710,55,2020-06-01 11:30:00,28.52,28.52,28.5,28.5,210
711,54,2020-06-01 13:00:00,28.5991,28.79,28.4,28.79,455
712,53,2020-06-01 13:30:00,28.66,28.67,28.66,28.67,821
713,52,2020-06-01 14:30:00,28.6,29.07,28.6,28.95,3052
714,51,2020-06-01 15:00:00,28.96,29.05,28.86,28.97,1127
715,50,2020-06-01 15:30:00,28.99,29.17,28.95,29.02,4141
716,49,2020-06-01 16:00:00,29.0,29.17,28.94,29.12,16194
717,48,2020-06-01 16:30:00,29.0,29.0,29.0,29.0,2468
718,47,2020-06-02 10:00:00,29.33,29.5,29.33,29.5,527
719,46,2020-06-02 10:30:00,29.12,29.12,29.12,29.12,100
720,45,2020-06-02 11:00:00,29.58,29.58,29.08,29.08,605
721,44,2020-06-02 12:00:00,29.07,29.07,29.07,29.07,100
722,43,2020-06-02 12:30:00,29.07,29.22,29.07,29.22,300
723,42,2020-06-02 13:00:00,29.22,29.62,29.22,29.6,3040
724,41,2020-06-02 13:30:00,29.58,29.58,29.5,29.5,2296
725,40,2020-06-02 14:00:00,29.5,29.51,29.39,29.46,3385
726,39,2020-06-02 14:30:00,29.5,29.65,29.49,29.65,1904
727,38,2020-06-02 15:00:00,29.55,29.94,29.55,29.94,948
728,37,2020-06-02 15:30:00,29.78,29.85,29.43,29.43,6027
729,36,2020-06-02 16:00:00,29.58,29.63,29.5,29.5,7746
730,35,2020-06-03 10:00:00,30.48,30.48,30.48,30.48,286
731,34,2020-06-03 10:30:00,30.35,30.44,30.35,30.44,359
732,33,2020-06-03 11:00:00,30.77,30.77,30.77,30.77,690
733,32,2020-06-03 11:30:00,30.64,31.17,30.63,31.17,1763
734,31,2020-06-03 12:00:00,31.18,31.34,31.03,31.03,1379
735,30,2020-06-03 12:30:00,31.22,31.32,30.71,30.71,2104
736,29,2020-06-03 13:00:00,31.23,31.23,30.99,30.99,731
737,28,2020-06-03 13:30:00,30.99,31.18,30.99,31.18,269
738,27,2020-06-03 14:00:00,30.95,31.15,30.95,31.15,818
739,26,2020-06-03 14:30:00,31.15,31.15,31.15,31.15,263
740,25,2020-06-03 15:00:00,31.16,31.2,31.16,31.2,240
741,24,2020-06-03 15:30:00,31.21,31.66,31.21,31.66,238
742,23,2020-06-03 16:00:00,31.58,31.95,31.25,31.28,4854
743,22,2020-06-04 10:00:00,31.17,31.33,31.17,31.33,656
744,21,2020-06-04 10:30:00,31.44,32.0,31.43,32.0,1166
745,20,2020-06-04 11:00:00,32.01,32.03,32.01,32.03,632
746,19,2020-06-04 12:30:00,31.65,32.105,31.65,31.88,918
747,18,2020-06-04 13:00:00,31.77,31.805,31.6,31.6,1814
748,17,2020-06-04 13:30:00,31.395,31.55,31.395,31.5,1030
749,16,2020-06-04 14:00:00,31.39,31.39,31.37,31.37,200
750,15,2020-06-04 14:30:00,31.36,31.48,31.36,31.48,310
751,14,2020-06-04 15:30:00,31.49,31.64,31.39,31.64,941
752,13,2020-06-04 16:00:00,31.35,31.6,31.17,31.42,2851
753,12,2020-06-05 10:00:00,33.8,34.725,33.8,34.725,1542
754,11,2020-06-05 10:30:00,33.98,35.48,33.98,35.055,2627
755,10,2020-06-05 11:00:00,34.9,35.5,34.68,35.5,1652
756,9,2020-06-05 11:30:00,35.76,36.05,35.75,36.01,1317
757,8,2020-06-05 12:00:00,36.07,36.42,35.99,36.42,1405
758,7,2020-06-05 12:30:00,36.47,36.72,35.65,35.68,2832
759,6,2020-06-05 13:00:00,35.69,36.0,35.69,35.8077,3383
760,5,2020-06-05 13:30:00,35.91,35.91,35.66,35.71,1233
761,4,2020-06-05 14:00:00,35.51,35.66,35.37,35.57,1329
762,3,2020-06-05 14:30:00,35.65,35.69,35.42,35.69,766
763,2,2020-06-05 15:00:00,35.67,35.7,35.44,35.7,1418
764,1,2020-06-05 15:30:00,35.69,35.97,35.285,35.46,3904
765,0,2020-06-05 16:00:00,35.53,35.54,34.89,34.89,7987
766,233,2020-06-08 10:00:00,35.65,35.65,34.95,35.14,3796
767,232,2020-06-08 10:30:00,34.73,35.12,34.73,34.95,969
768,231,2020-06-08 11:00:00,34.775,34.82,34.775,34.82,707
769,230,2020-06-08 11:30:00,34.82,35.05,34.82,35.05,602
770,229,2020-06-08 12:00:00,35.025,35.025,34.89,34.9,753
771,228,2020-06-08 12:30:00,34.59,34.82,34.59,34.7,1055
772,227,2020-06-08 13:00:00,34.75,34.75,34.3,34.3,1869
773,226,2020-06-08 13:30:00,34.07,34.33,34.06,34.27,601
774,225,2020-06-08 14:30:00,34.24,34.3,34.155,34.3,848
775,224,2020-06-08 15:00:00,34.12,34.12,33.64,33.88,3141
776,223,2020-06-08 15:30:00,33.49,33.89,33.49,33.8,5533
777,222,2020-06-08 16:00:00,33.85,34.04,33.49,34.03,12102
778,221,2020-06-09 10:00:00,32.88,33.22,32.88,33.22,406
779,220,2020-06-09 10:30:00,33.05,33.05,33.01,33.01,419
780,219,2020-06-09 11:00:00,33.415,33.67,33.415,33.67,347
781,218,2020-06-09 11:30:00,33.65,33.67,33.65,33.67,343
782,217,2020-06-09 12:00:00,33.65,33.72,33.65,33.72,861
783,216,2020-06-09 12:30:00,33.7,33.7,33.7,33.7,292
784,215,2020-06-09 13:00:00,33.7,33.91,33.7,33.91,799
785,214,2020-06-09 13:30:00,34.17,34.17,34.17,34.17,202
786,213,2020-06-09 14:00:00,34.18,34.56,34.17,34.3201,3079
787,212,2020-06-09 14:30:00,34.92,34.92,34.45,34.9,660
788,211,2020-06-09 15:00:00,34.71,35.08,34.52,35.08,2379
789,210,2020-06-09 15:30:00,34.84,35.23,34.62,35.23,1926
790,209,2020-06-09 16:00:00,35.18,35.21,34.35,34.35,5043
791,208,2020-06-10 10:00:00,34.21,34.21,32.63,32.81,2111
792,207,2020-06-10 10:30:00,33.04,33.26,32.26,33.26,10744
793,206,2020-06-10 11:00:00,32.28,32.28,32.25,32.25,1253
794,205,2020-06-10 11:30:00,32.33,32.645,32.32,32.5,2260
795,204,2020-06-10 12:00:00,32.305,32.76,32.25,32.76,4226
796,203,2020-06-10 12:30:00,32.97,33.12,32.97,33.09,618
797,202,2020-06-10 13:30:00,32.74,32.98,32.74,32.8,5849
798,201,2020-06-10 14:00:00,32.8,33.08,32.78,33.08,1479
799,200,2020-06-10 14:30:00,33.32,33.32,33.32,33.32,100
800,199,2020-06-10 15:00:00,32.905,33.01,32.55,32.55,1682
801,198,2020-06-10 15:30:00,32.77,33.08,32.55,32.94,3262
802,197,2020-06-10 16:00:00,33.0,33.36,32.51,32.62,9092
803,196,2020-06-11 10:00:00,30.47,30.47,30.1,30.1,1667
804,195,2020-06-11 10:30:00,30.24,30.24,29.79,29.88,1097
805,194,2020-06-11 11:00:00,29.67,29.79,29.26,29.34,1545
806,193,2020-06-11 11:30:00,29.17,29.17,29.05,29.05,526
807,192,2020-06-11 12:00:00,29.16,29.16,29.16,29.16,201
808,191,2020-06-11 12:30:00,28.57,28.82,28.5,28.71,2560
809,190,2020-06-11 13:00:00,28.95,29.21,28.95,28.97,1706
810,189,2020-06-11 13:30:00,29.14,29.2,29.03,29.11,20934
811,188,2020-06-11 14:00:00,29.21,29.31,29.15,29.31,3611
812,187,2020-06-11 14:30:00,29.21,29.21,29.21,29.21,197
813,186,2020-06-11 15:00:00,29.22,29.29,29.1,29.1016,10703
814,185,2020-06-11 15:30:00,29.1,29.2,29.02,29.02,4606
815,184,2020-06-11 16:00:00,29.01,29.08,28.5,28.59,8152
816,183,2020-06-12 10:00:00,30.26,30.98,29.68,30.18,1393
817,182,2020-06-12 10:30:00,30.93,30.93,30.93,30.93,313
818,181,2020-06-12 11:30:00,28.77,29.31,28.76,28.85,3304
819,180,2020-06-12 12:00:00,29.155,29.155,29.155,29.155,100
820,179,2020-06-12 12:30:00,28.97,28.97,28.97,28.97,317
821,178,2020-06-12 13:00:00,29.06,29.39,28.98,29.39,1782
822,177,2020-06-12 13:30:00,29.98,30.205,29.19,29.4,2217
823,176,2020-06-12 14:00:00,29.1,29.19,28.66,28.875,5985
824,175,2020-06-12 14:30:00,28.79,29.2223,28.77,29.14,1992
825,174,2020-06-12 15:00:00,29.18,29.18,28.85,28.89,431
826,173,2020-06-12 15:30:00,29.16,29.23,29.16,29.22,1173
827,172,2020-06-12 16:00:00,29.18,30.5,29.09,30.44,4444
828,171,2020-06-15 10:00:00,28.94,28.94,28.6506,28.6506,1271
829,170,2020-06-15 10:30:00,28.4,28.4,28.39,28.39,200
830,169,2020-06-15 11:00:00,28.795,28.95,28.7506,28.7506,912
831,168,2020-06-15 11:30:00,29.06,29.28,28.775,28.775,4092
832,167,2020-06-15 12:00:00,28.645,28.75,28.55,28.75,847
833,166,2020-06-15 12:30:00,28.67,29.2,28.67,28.78,2144
834,165,2020-06-15 13:00:00,29.28,29.94,29.28,29.93,4620
835,164,2020-06-15 13:30:00,30.64,30.65,30.22,30.22,2433
836,163,2020-06-15 14:00:00,30.07,30.07,29.82,29.82,1122
837,162,2020-06-15 14:30:00,29.96,30.93,29.96,30.9,1757
838,161,2020-06-15 15:00:00,31.02,31.02,31.02,31.02,100
839,160,2020-06-15 15:30:00,30.87,31.435,30.74,30.74,2667
840,159,2020-06-15 16:00:00,30.46,31.07,30.24,30.4,4823
841,158,2020-06-15 16:30:00,30.92,30.92,30.92,30.92,336
842,157,2020-06-16 10:00:00,32.5,32.5,31.82,31.82,546
843,156,2020-06-16 10:30:00,31.95,31.95,31.95,31.95,107
844,155,2020-06-16 11:00:00,31.76,31.76,30.96,31.08,1067
845,154,2020-06-16 11:30:00,30.975,32.82,29.885,32.49,1456
846,153,2020-06-16 12:00:00,32.03,33.75,31.71,31.71,1650
847,152,2020-06-16 12:30:00,31.645,31.68,31.61,31.68,1319
848,151,2020-06-16 13:30:00,31.39,31.39,31.37,31.37,200
849,150,2020-06-16 14:00:00,32.04,32.04,31.98,32.02,825
850,149,2020-06-16 14:30:00,31.98,32.22,31.93,31.93,444
851,148,2020-06-16 15:00:00,32.15,32.19,32.15,32.19,400
852,147,2020-06-16 15:30:00,31.765,31.765,31.51,31.64,1285
853,146,2020-06-16 16:00:00,32.01,32.01,31.71,31.94,1350
854,145,2020-06-17 10:00:00,31.87,32.2754,31.7,32.2722,1450
855,144,2020-06-17 10:30:00,31.61,31.61,30.93,30.93,1456
856,143,2020-06-17 11:00:00,30.63,31.17,30.52,31.02,1672
857,142,2020-06-17 11:30:00,30.87,30.87,30.185,30.21,1302
858,141,2020-06-17 12:00:00,30.26,30.985,30.25,30.985,2528
859,140,2020-06-17 12:30:00,30.91,30.91,30.64,30.735,1495
860,139,2020-06-17 13:00:00,30.78,30.85,30.78,30.8,698
861,138,2020-06-17 13:30:00,30.85,30.85,30.85,30.85,794
862,137,2020-06-17 14:30:00,30.87,31.48,30.87,31.48,1397
863,136,2020-06-17 15:00:00,31.03,31.2,31.03,31.2,301
864,135,2020-06-17 15:30:00,31.0,31.04,30.28,30.52,1521
865,134,2020-06-17 16:00:00,30.27,30.49,30.1,30.22,6529
866,133,2020-06-18 10:00:00,29.58,29.58,28.68,28.68,827
867,132,2020-06-18 10:30:00,29.46,29.81,28.71,28.71,780
868,131,2020-06-18 11:30:00,29.49,29.49,29.32,29.32,542
869,130,2020-06-18 12:00:00,29.335,29.72,29.33,29.72,1297
870,129,2020-06-18 12:30:00,29.98,30.32,29.98,30.31,658
871,128,2020-06-18 13:00:00,30.07,30.07,29.76,29.76,935
872,127,2020-06-18 13:30:00,30.11,30.7399,30.11,30.7399,268
873,126,2020-06-18 15:00:00,30.34,30.34,30.34,30.34,103
874,125,2020-06-18 15:30:00,30.03,30.03,29.965,29.965,318
875,124,2020-06-18 16:00:00,30.19,30.31,30.1,30.26,4783
876,123,2020-06-19 10:00:00,30.33,30.33,29.93,29.93,34528
877,122,2020-06-19 10:30:00,29.81,29.81,29.35,29.35,2582
878,121,2020-06-19 11:00:00,29.64,29.93,29.64,29.73,693
879,120,2020-06-19 11:30:00,29.54,29.73,29.54,29.62,722
880,119,2020-06-19 12:00:00,29.7,29.7,29.7,29.7,117
881,118,2020-06-19 12:30:00,29.53,29.82,29.48,29.51,2294
882,117,2020-06-19 13:00:00,29.49,29.67,29.49,29.67,857
883,116,2020-06-19 13:30:00,29.58,29.58,29.58,29.58,151
884,115,2020-06-19 14:00:00,29.55,29.55,29.36,29.36,649
885,114,2020-06-19 14:30:00,29.305,29.45,29.305,29.45,233
886,113,2020-06-19 15:30:00,29.84,29.97,29.69,29.97,722
887,112,2020-06-19 16:00:00,29.69,29.82,29.17,29.47,9091
888,111,2020-06-22 10:00:00,29.42,29.42,29.3229,29.3229,608
889,110,2020-06-22 11:00:00,30.36,30.36,30.36,30.36,101
890,109,2020-06-22 12:30:00,29.555,29.555,29.555,29.555,112
891,108,2020-06-22 13:00:00,29.71,30.01,29.71,30.01,6222
892,107,2020-06-22 13:30:00,30.03,30.2,30.03,30.19,786
893,106,2020-06-22 14:00:00,29.97,30.225,29.97,30.225,511
894,105,2020-06-22 14:30:00,30.01,30.01,30.01,30.01,105
895,104,2020-06-22 16:00:00,30.31,30.42,30.13,30.14,3489
896,103,2020-06-23 10:30:00,30.03,30.03,29.29,29.29,1890
897,102,2020-06-23 11:00:00,29.53,29.93,29.53,29.92,628
898,101,2020-06-23 11:30:00,30.1,30.1,30.1,30.1,100
899,100,2020-06-23 12:30:00,30.01,30.01,30.01,30.01,119
900,99,2020-06-23 14:00:00,29.815,29.815,29.74,29.74,235
901,98,2020-06-23 14:30:00,29.89,29.89,29.67,29.67,830
902,97,2020-06-23 15:30:00,29.77,29.77,29.77,29.77,100
903,96,2020-06-23 16:00:00,29.84,29.84,29.04,29.7,5850
904,95,2020-06-24 10:00:00,28.88,28.88,28.88,28.88,330
905,94,2020-06-24 10:30:00,29.08,29.08,29.08,29.08,279
906,93,2020-06-24 11:00:00,29.27,29.41,28.62,28.88,3659
907,92,2020-06-24 11:30:00,29.0,29.0,28.41,28.41,1930
908,91,2020-06-24 12:00:00,28.4,28.445,28.29,28.38,1757
909,90,2020-06-24 12:30:00,28.37,28.9,28.37,28.755,3164
910,89,2020-06-24 13:00:00,28.56,28.56,28.56,28.56,100
911,88,2020-06-24 13:30:00,28.56,28.88,28.56,28.88,3413
912,87,2020-06-24 14:00:00,28.94,28.94,28.68,28.81,608
913,86,2020-06-24 14:30:00,28.78,28.78,28.78,28.78,204
914,85,2020-06-24 15:00:00,28.82,28.82,28.8,28.8,1889
915,84,2020-06-24 15:30:00,28.87,29.21,28.87,29.21,1857
916,83,2020-06-24 16:00:00,28.85,29.48,28.8,28.98,5011
917,82,2020-06-25 10:00:00,28.65,29.35,28.65,28.99,1673
918,81,2020-06-25 10:30:00,29.37,29.82,29.37,29.79,614
919,80,2020-06-25 11:00:00,29.94,29.94,29.54,29.55,1761
920,79,2020-06-25 11:30:00,29.4,29.68,29.37,29.4,604
921,78,2020-06-25 12:00:00,29.3,29.3,28.86,28.86,673
922,77,2020-06-25 12:30:00,29.64,29.67,29.3,29.3,564
923,76,2020-06-25 13:00:00,29.34,29.34,29.34,29.34,101
924,75,2020-06-25 13:30:00,29.39,29.39,29.38,29.38,428
925,74,2020-06-25 14:00:00,29.07,29.44,29.07,29.44,521
926,73,2020-06-25 15:00:00,29.52,29.52,29.14,29.14,371
927,72,2020-06-25 15:30:00,29.59,30.17,29.59,30.17,991
928,71,2020-06-25 16:00:00,29.86,30.39,29.82,30.29,6400
929,70,2020-06-25 16:30:00,30.29,30.29,30.29,30.29,1523
930,69,2020-06-26 10:00:00,29.83,29.83,29.0,29.0,2361
931,68,2020-06-26 10:30:00,29.0,29.14,28.94,29.06,1936
932,67,2020-06-26 11:00:00,29.0,29.0,28.95,29.0,1395
933,66,2020-06-26 11:30:00,29.0,29.255,29.0,29.255,2702
934,65,2020-06-26 12:00:00,29.33,29.33,28.99,29.06,1504
935,64,2020-06-26 12:30:00,29.61,29.61,29.16,29.16,534
936,63,2020-06-26 13:00:00,29.16,29.245,29.12,29.23,1324
937,62,2020-06-26 13:30:00,29.31,29.49,29.31,29.49,445
938,61,2020-06-26 14:00:00,29.525,29.88,29.42,29.42,1388
939,60,2020-06-26 14:30:00,29.46,29.63,29.34,29.34,949
940,59,2020-06-26 15:00:00,29.59,29.61,29.42,29.42,305
941,58,2020-06-26 15:30:00,29.62,29.63,29.62,29.63,205
942,57,2020-06-26 16:00:00,29.395,30.84,29.23,29.94,26068
943,56,2020-06-26 16:30:00,30.0,30.0,30.0,30.0,7710
944,55,2020-06-29 10:00:00,30.11,30.61,30.11,30.49,2617
945,54,2020-06-29 10:30:00,30.46,30.47,30.46,30.47,956
946,53,2020-06-29 12:00:00,30.52,30.77,30.52,30.77,850
947,52,2020-06-29 12:30:00,30.86,30.98,30.52,30.52,993
948,51,2020-06-29 13:00:00,30.75,31.45,30.75,31.45,1905
949,50,2020-06-29 13:30:00,31.74,31.74,30.9,31.36,2567
950,49,2020-06-29 14:00:00,31.5,31.5,31.02,31.07,873
951,48,2020-06-29 14:30:00,31.0525,31.0525,30.98,30.98,262
952,47,2020-06-29 15:00:00,30.81,30.9,30.81,30.835,302
953,46,2020-06-29 15:30:00,30.67,30.74,30.475,30.54,3207
954,45,2020-06-29 16:00:00,30.49,30.84,30.445,30.74,8393
955,44,2020-06-30 10:00:00,30.48,31.1094,30.48,31.1094,856
956,43,2020-06-30 12:00:00,31.15,31.51,31.15,31.49,1426
957,42,2020-06-30 12:30:00,31.77,32.33,31.77,32.33,1366
958,41,2020-06-30 13:00:00,31.97,32.0957,31.97,32.0957,354
959,40,2020-06-30 13:30:00,32.27,32.27,31.85,31.95,3278
960,39,2020-06-30 14:00:00,31.9,31.96,31.85,31.96,2496
961,38,2020-06-30 14:30:00,31.62,31.82,31.61,31.82,2603
962,37,2020-06-30 15:00:00,32.0612,32.0612,31.89,31.9875,1132
963,36,2020-06-30 15:30:00,31.89,32.29,31.89,32.08,1133
964,35,2020-06-30 16:00:00,32.04,32.35,31.92,32.01,2710
965,34,2020-07-01 10:00:00,32.67,32.67,32.67,32.67,2468
966,33,2020-07-01 10:30:00,32.24,32.26,31.94,32.13,1191
967,32,2020-07-01 11:00:00,31.745,31.745,31.02,31.02,2182
968,31,2020-07-01 11:30:00,31.03,31.03,30.59,30.83,2111
969,30,2020-07-01 12:00:00,30.52,31.02,30.52,30.65,1732
970,29,2020-07-01 12:30:00,30.62,30.94,30.48,30.76,1602
971,28,2020-07-01 13:00:00,30.68,30.68,30.57,30.57,453
972,27,2020-07-01 13:30:00,30.26,30.49,30.26,30.49,328
973,26,2020-07-01 14:00:00,30.54,30.56,30.31,30.56,604
974,25,2020-07-01 14:30:00,30.75,30.75,30.555,30.72,830
975,24,2020-07-01 15:00:00,30.16,30.18,30.16,30.18,295
976,23,2020-07-01 15:30:00,30.225,30.28,30.06,30.16,1716
977,22,2020-07-01 16:00:00,30.14,30.16,29.32,29.51,9120
978,21,2020-07-02 10:00:00,30.37,30.79,30.37,30.79,455
979,20,2020-07-02 10:30:00,30.7206,30.7206,30.7206,30.7206,166
980,19,2020-07-02 12:00:00,30.33,30.33,30.03,30.03,612
981,18,2020-07-02 12:30:00,30.18,30.18,30.18,30.18,101
982,17,2020-07-02 13:00:00,30.18,30.18,30.15,30.15,501
983,16,2020-07-02 13:30:00,30.86,30.86,29.21,29.225,2565
984,15,2020-07-02 14:00:00,29.06,29.24,29.06,29.24,200
985,14,2020-07-02 14:30:00,29.28,29.28,29.28,29.28,100
986,13,2020-07-02 15:00:00,29.395,29.395,29.035,29.26,1192
987,12,2020-07-02 15:30:00,29.27,29.3,29.27,29.3,545
988,11,2020-07-02 16:00:00,29.36,29.36,28.77,29.01,5790
989,10,2020-07-06 10:00:00,29.84,29.84,29.84,29.84,410
990,9,2020-07-06 10:30:00,29.59,29.59,28.71,28.8,1260
991,8,2020-07-06 11:00:00,28.83,29.2,28.82,29.2,2121
992,7,2020-07-06 11:30:00,29.25,29.51,28.95,29.5,2887
993,6,2020-07-06 12:00:00,29.5,29.56,29.4697,29.56,1680
994,5,2020-07-06 12:30:00,29.5,29.65,29.22,29.65,1484
995,4,2020-07-06 14:00:00,29.56,29.7,29.56,29.7,2932
996,3,2020-07-06 14:30:00,29.71,29.845,29.58,29.845,1400
997,2,2020-07-06 15:00:00,29.75,29.76,29.52,29.71,2247
998,1,2020-07-06 15:30:00,29.37,29.58,29.28,29.58,1303
999,0,2020-07-06 16:00:00,29.67,29.795,29.48,29.48,2444
1000,232,2020-07-07 10:00:00,29.29,29.29,28.99,28.99,2124
1001,231,2020-07-07 10:30:00,29.0,29.31,29.0,29.31,211
1002,230,2020-07-07 11:00:00,28.96,28.96,28.96,28.96,200
1003,229,2020-07-07 11:30:00,29.18,29.18,29.1,29.1,643
1004,228,2020-07-07 12:00:00,29.52,29.52,29.52,29.52,196
1005,227,2020-07-07 12:30:00,29.61,29.61,29.6,29.6,417
1006,226,2020-07-07 13:00:00,29.47,29.82,29.19,29.19,1194
1007,225,2020-07-07 15:00:00,28.92,29.02,28.9,29.02,2898
1008,224,2020-07-07 15:30:00,28.92,29.0,28.9,28.97,5591
1009,223,2020-07-07 16:00:00,28.99,29.16,28.9,28.96,6282
1010,222,2020-07-08 10:00:00,28.29,28.75,28.29,28.75,300
1011,221,2020-07-08 10:30:00,29.44,29.44,28.82,28.82,1486
1012,220,2020-07-08 11:00:00,28.9,29.17,28.75,28.75,2385
1013,219,2020-07-08 11:30:00,28.75,29.06,28.72,28.72,6386
1014,218,2020-07-08 12:00:00,28.88,29.04,28.77,28.83,1233
1015,217,2020-07-08 12:30:00,28.88,28.88,28.88,28.88,100
1016,216,2020-07-08 13:00:00,29.14,29.14,29.14,29.14,152
1017,215,2020-07-08 13:30:00,28.88,29.14,28.6,28.6,16001
1018,214,2020-07-08 14:00:00,28.76,28.88,28.6499,28.6499,642
1019,213,2020-07-08 14:30:00,28.63,28.74,28.13,28.13,448
1020,212,2020-07-08 15:00:00,28.53,28.53,28.11,28.48,968
1021,211,2020-07-08 15:30:00,28.55,28.55,28.55,28.55,106
1022,210,2020-07-08 16:00:00,28.665,29.11,28.34,29.11,5164
1023,209,2020-07-09 10:00:00,28.85,28.9,28.85,28.9,543
1024,208,2020-07-09 11:00:00,27.615,28.43,27.615,28.2,6762
1025,207,2020-07-09 11:30:00,28.2,28.49,27.8,27.8,4725
1026,206,2020-07-09 12:00:00,27.86,28.14,27.82,28.14,1318
1027,205,2020-07-09 12:30:00,28.63,28.63,28.4,28.4,840
1028,204,2020-07-09 13:00:00,28.275,28.47,28.27,28.27,306
1029,203,2020-07-09 13:30:00,28.47,28.47,28.47,28.47,111
1030,202,2020-07-09 14:00:00,28.47,28.47,28.02,28.02,1315
1031,201,2020-07-09 14:30:00,28.35,28.41,28.045,28.045,839
1032,200,2020-07-09 15:30:00,28.55,28.55,27.58,27.85,3599
1033,199,2020-07-09 16:00:00,27.83,28.49,27.78,27.99,11074
1034,198,2020-07-10 10:00:00,28.21,28.21,28.21,28.21,414
1035,197,2020-07-10 11:00:00,28.4,28.47,28.4,28.47,296
1036,196,2020-07-10 11:30:00,27.6,27.6,27.6,27.6,100
1037,195,2020-07-10 12:00:00,28.7,28.77,28.7,28.77,711
1038,194,2020-07-10 12:30:00,28.78,28.89,28.78,28.89,403
1039,193,2020-07-10 13:00:00,28.85,28.95,28.85,28.95,1161
1040,192,2020-07-10 13:30:00,28.91,28.91,28.9,28.9,1174
1041,191,2020-07-10 14:00:00,29.1,29.6699,29.1,29.57,870
1042,190,2020-07-10 15:00:00,29.45,29.724,29.45,29.49,2016
1043,189,2020-07-10 15:30:00,29.34,29.56,29.34,29.56,611
1044,188,2020-07-10 16:00:00,29.35,29.45,29.32,29.45,1300
1045,187,2020-07-10 16:30:00,29.44,29.44,29.44,29.44,330
1046,186,2020-07-13 10:00:00,30.0,30.0,30.0,30.0,354
1047,185,2020-07-13 10:30:00,29.13,29.13,29.13,29.13,202
1048,184,2020-07-13 11:00:00,29.525,29.525,29.525,29.525,103
1049,183,2020-07-13 11:30:00,29.33,29.45,29.33,29.42,768
1050,182,2020-07-13 12:00:00,29.65,29.74,29.31,29.42,1072
1051,181,2020-07-13 12:30:00,29.345,29.5008,29.345,29.5008,490
1052,180,2020-07-13 13:00:00,29.57,29.59,29.165,29.59,1021
1053,179,2020-07-13 13:30:00,29.8,29.99,29.8,29.92,1108
1054,178,2020-07-13 14:00:00,30.0,30.1,29.95,29.95,832
1055,177,2020-07-13 14:30:00,30.0,30.0,29.795,29.92,1365
1056,176,2020-07-13 15:00:00,30.0,30.08,30.0,30.08,292
1057,175,2020-07-13 15:30:00,30.01,30.01,29.68,29.75,817
1058,174,2020-07-13 16:00:00,29.21,29.44,29.0,29.01,4811
1059,173,2020-07-14 10:00:00,29.29,29.29,28.69,28.69,1302
1060,172,2020-07-14 11:00:00,29.28,29.28,29.28,29.28,248
1061,171,2020-07-14 11:30:00,29.19,29.19,28.48,28.5,1232
1062,170,2020-07-14 12:00:00,28.71,29.0,28.71,29.0,2440
1063,169,2020-07-14 12:30:00,28.77,28.91,28.72,28.91,1000
1064,168,2020-07-14 13:00:00,28.72,28.72,28.72,28.72,803
1065,167,2020-07-14 13:30:00,28.72,28.79,28.68,28.7,1632
1066,166,2020-07-14 14:00:00,28.825,28.825,28.75,28.75,407
1067,165,2020-07-14 14:30:00,29.0,29.0,28.82,28.9168,1314
1068,164,2020-07-14 15:00:00,28.81,29.0599,28.805,28.85,606
1069,163,2020-07-14 15:30:00,28.76,28.86,28.68,28.805,2127
1070,162,2020-07-14 16:00:00,28.865,29.19,28.865,29.19,2621
1071,161,2020-07-15 10:00:00,30.07,30.38,30.01,30.2,1746
1072,160,2020-07-15 10:30:00,30.16,30.21,29.98,30.21,983
1073,159,2020-07-15 11:00:00,30.31,30.84,30.28,30.81,2378
1074,158,2020-07-15 11:30:00,30.88,30.88,30.335,30.79,2122
1075,157,2020-07-15 12:00:00,30.67,30.86,30.67,30.86,452
1076,156,2020-07-15 12:30:00,30.59,30.75,30.56,30.75,1082
1077,155,2020-07-15 13:00:00,30.96,30.96,30.96,30.96,313
1078,154,2020-07-15 13:30:00,30.85,30.85,30.52,30.52,1532
1079,153,2020-07-15 14:00:00,30.64,30.86,30.64,30.74,1974
1080,152,2020-07-15 14:30:00,30.85,30.97,30.85,30.97,786
1081,151,2020-07-15 15:00:00,30.97,31.18,30.89,30.89,768
1082,150,2020-07-15 15:30:00,30.76,30.76,30.72,30.72,208
1083,149,2020-07-15 16:00:00,30.9,31.25,30.77,30.99,6239
1084,148,2020-07-16 10:00:00,30.44,30.44,30.44,30.44,286
1085,147,2020-07-16 12:30:00,29.72,30.44,29.72,30.44,576
1086,146,2020-07-16 13:00:00,29.61,29.61,29.61,29.61,100
1087,145,2020-07-16 13:30:00,29.84,30.39,29.65,30.39,838
1088,144,2020-07-16 14:00:00,30.39,30.39,30.23,30.33,1210
1089,143,2020-07-16 14:30:00,30.14,30.17,30.11,30.11,634
1090,142,2020-07-16 15:00:00,29.92,29.92,29.87,29.87,311
1091,141,2020-07-16 15:30:00,29.85,30.01,29.85,30.01,817
1092,140,2020-07-16 16:00:00,30.09,30.44,30.09,30.26,4043
1093,139,2020-07-16 16:30:00,30.26,30.26,30.26,30.26,274
1094,138,2020-07-17 10:00:00,30.07,30.07,30.07,30.07,1456
1095,137,2020-07-17 11:30:00,29.87,29.87,29.87,29.87,140
1096,136,2020-07-17 12:00:00,30.26,30.26,30.26,30.26,153
1097,135,2020-07-17 12:30:00,30.345,30.345,30.14,30.14,200
1098,134,2020-07-17 13:00:00,30.27,30.27,29.96,30.01,878
1099,133,2020-07-17 13:30:00,30.04,30.13,30.01,30.13,1386
1100,132,2020-07-17 14:00:00,30.22,30.22,30.13,30.13,321
1101,131,2020-07-17 15:00:00,30.14,30.14,29.92,29.92,493
1102,130,2020-07-17 15:30:00,30.11,30.12,30.11,30.12,394
1103,129,2020-07-17 16:00:00,30.03,30.26,30.03,30.26,4036
1104,128,2020-07-17 16:30:00,30.03,31.0521,30.03,31.0521,1860
1105,127,2020-07-20 10:00:00,29.9,29.9,29.65,29.65,328
1106,126,2020-07-20 10:30:00,29.74,29.77,29.69,29.69,508
1107,125,2020-07-20 11:30:00,29.27,29.27,29.2,29.2,711
1108,124,2020-07-20 12:00:00,29.195,29.31,29.195,29.31,300
1109,123,2020-07-20 12:30:00,29.29,29.29,29.29,29.29,100
1110,122,2020-07-20 15:00:00,29.23,29.34,29.14,29.25,716
1111,121,2020-07-20 15:30:00,29.16,29.16,29.04,29.04,814
1112,120,2020-07-20 16:00:00,29.25,29.37,29.23,29.31,2083
1113,119,2020-07-21 10:00:00,29.68,30.57,29.68,30.57,448
1114,118,2020-07-21 10:30:00,30.395,30.395,30.1,30.1,1005
1115,117,2020-07-21 11:00:00,30.03,30.79,30.03,30.79,910
1116,116,2020-07-21 11:30:00,30.81,31.01,30.81,30.84,1061
1117,115,2020-07-21 12:00:00,30.92,31.02,30.92,31.02,205
1118,114,2020-07-21 12:30:00,30.88,30.97,30.82,30.82,661
1119,113,2020-07-21 13:00:00,30.9217,30.9217,30.9217,30.9217,125
1120,112,2020-07-21 13:30:00,30.81,31.1,30.63,31.1,4186
1121,111,2020-07-21 14:30:00,31.15,31.15,30.84,30.94,1101
1122,110,2020-07-21 15:30:00,31.19,31.19,31.18,31.19,643
1123,109,2020-07-21 16:00:00,31.08,31.08,30.61,30.85,2192
1124,108,2020-07-21 16:30:00,30.72,30.72,30.72,30.72,340
1125,107,2020-07-22 10:00:00,30.98,31.02,30.98,31.02,728
1126,106,2020-07-22 10:30:00,31.28,31.29,31.07,31.07,503
1127,105,2020-07-22 11:00:00,31.1,31.35,31.055,31.34,1805
1128,104,2020-07-22 11:30:00,31.61,31.61,31.43,31.43,3442
1129,103,2020-07-22 12:00:00,31.36,31.36,31.32,31.32,600
1130,102,2020-07-22 12:30:00,31.25,31.25,31.25,31.25,180
1131,101,2020-07-22 13:30:00,31.32,31.32,31.01,31.02,800
1132,100,2020-07-22 14:00:00,30.9,30.9,30.9,30.9,400
1133,99,2020-07-22 14:30:00,30.77,30.79,30.77,30.78,714
1134,98,2020-07-22 15:00:00,30.75,30.75,30.75,30.75,100
1135,97,2020-07-22 15:30:00,30.86,30.94,30.86,30.94,762
1136,96,2020-07-22 16:00:00,30.81,30.83,30.65,30.65,1710
1137,95,2020-07-23 10:00:00,31.29,31.35,30.705,31.2,4842
1138,94,2020-07-23 10:30:00,30.995,30.995,30.9,30.9,306
1139,93,2020-07-23 11:00:00,30.84,30.84,30.83,30.83,243
1140,92,2020-07-23 11:30:00,30.82,30.82,30.73,30.73,560
1141,91,2020-07-23 12:30:00,30.7,30.8,30.58,30.58,2723
1142,90,2020-07-23 13:00:00,30.6,30.705,30.58,30.58,1508
1143,89,2020-07-23 13:30:00,30.68,30.68,30.55,30.6,945
1144,88,2020-07-23 14:00:00,30.64,30.64,30.59,30.59,1164
1145,87,2020-07-23 14:30:00,30.625,30.625,30.625,30.625,197
1146,86,2020-07-23 15:00:00,30.6,30.94,30.53,30.6,6782
1147,85,2020-07-23 15:30:00,30.755,30.755,30.6,30.6,262
1148,84,2020-07-23 16:00:00,30.58,31.185,30.58,30.75,5970
1149,83,2020-07-24 10:00:00,30.94,30.94,30.94,30.94,320
1150,82,2020-07-24 10:30:00,30.7527,30.7527,30.7527,30.7527,191
1151,81,2020-07-24 11:00:00,30.82,30.82,30.82,30.82,100
1152,80,2020-07-24 11:30:00,30.71,30.75,30.71,30.75,501
1153,79,2020-07-24 12:00:00,30.69,30.69,30.69,30.69,100
1154,78,2020-07-24 13:30:00,30.77,30.77,30.61,30.61,1451
1155,77,2020-07-24 14:00:00,30.645,30.77,30.645,30.68,4012
1156,76,2020-07-24 14:30:00,30.8598,30.96,30.8598,30.96,800
1157,75,2020-07-24 15:00:00,30.93,30.93,30.93,30.93,144
1158,74,2020-07-24 15:30:00,30.9,30.91,30.6,30.63,2559
1159,73,2020-07-24 16:00:00,30.48,30.96,30.48,30.58,3121
1160,72,2020-07-27 10:00:00,30.37,30.37,30.37,30.37,584
1161,71,2020-07-27 12:30:00,30.43,30.43,30.17,30.28,1953
1162,70,2020-07-27 13:00:00,29.83,29.83,29.83,29.83,136
1163,69,2020-07-27 14:00:00,30.15,30.23,30.15,30.23,200
1164,68,2020-07-27 15:00:00,29.97,29.98,29.97,29.98,230
1165,67,2020-07-27 15:30:00,29.81,29.81,29.7,29.76,3458
1166,66,2020-07-27 16:00:00,29.88,30.07,29.8,29.8,2104
1167,65,2020-07-28 10:00:00,29.57,29.57,29.57,29.57,258
1168,64,2020-07-28 10:30:00,30.0306,30.0306,29.54,29.65,4494
1169,63,2020-07-28 11:00:00,29.64,29.65,29.4934,29.65,1107
1170,62,2020-07-28 12:30:00,29.66,29.66,29.64,29.64,996
1171,61,2020-07-28 13:00:00,29.62,29.62,29.62,29.62,122
1172,60,2020-07-28 14:30:00,29.58,29.58,29.58,29.58,101
1173,59,2020-07-28 16:00:00,29.51,29.65,29.34,29.61,2005
1174,58,2020-07-28 16:30:00,29.44,29.44,29.44,29.44,735
1175,57,2020-07-29 10:30:00,29.4,29.4,29.0,29.21,1698
1176,56,2020-07-29 11:00:00,28.73,28.75,28.51,28.51,1995
1177,55,2020-07-29 11:30:00,28.46,28.46,28.12,28.19,2215
1178,54,2020-07-29 12:00:00,28.19,28.405,28.04,28.08,1571
1179,53,2020-07-29 12:30:00,28.08,28.98,28.08,28.52,4583
1180,52,2020-07-29 13:00:00,28.52,28.7,28.3,28.3,1918
1181,51,2020-07-29 13:30:00,28.3,28.3,27.76,27.77,2288
1182,50,2020-07-29 14:00:00,27.68,28.75,27.63,28.75,6223
1183,49,2020-07-29 14:30:00,28.61,29.25,28.61,28.66,3418
1184,48,2020-07-29 15:00:00,28.7,29.19,28.26,29.055,4774
1185,47,2020-07-29 15:30:00,29.075,29.71,28.96,29.71,3064
1186,46,2020-07-29 16:00:00,29.74,30.04,29.5,30.04,6824
1187,45,2020-07-30 10:00:00,29.34,29.34,29.34,29.34,216
1188,44,2020-07-30 10:30:00,29.96,29.96,29.96,29.96,102
1189,43,2020-07-30 11:30:00,29.01,29.61,29.01,29.5197,2666
1190,42,2020-07-30 12:00:00,29.51,29.51,29.51,29.51,101
1191,41,2020-07-30 12:30:00,29.47,29.68,29.38,29.68,4467
1192,40,2020-07-30 13:00:00,29.65,29.78,29.56,29.78,833
1193,39,2020-07-30 14:00:00,29.88,30.25,29.88,30.17,1548
1194,38,2020-07-30 14:30:00,30.19,30.19,30.19,30.19,100
1195,37,2020-07-30 15:00:00,30.36,30.36,30.36,30.36,100
1196,36,2020-07-30 15:30:00,30.36,30.37,30.35,30.37,601
1197,35,2020-07-30 16:00:00,30.25,30.43,30.035,30.17,2824
1198,34,2020-07-31 10:00:00,30.05,30.05,30.05,30.05,506
1199,33,2020-07-31 11:00:00,29.28,29.28,29.28,29.28,171
1200,32,2020-07-31 12:00:00,29.45,29.45,29.45,29.45,201
1201,31,2020-07-31 12:30:00,29.65,29.67,29.13,29.13,523
1202,30,2020-07-31 13:00:00,29.13,29.18,29.13,29.18,546
1203,29,2020-07-31 13:30:00,29.25,29.25,29.25,29.25,665
1204,28,2020-07-31 14:00:00,29.305,29.53,29.305,29.53,200
1205,27,2020-07-31 14:30:00,29.68,29.79,29.54,29.54,1530
1206,26,2020-07-31 15:00:00,29.54,29.58,29.52,29.58,528
1207,25,2020-07-31 15:30:00,29.6,29.6,29.45,29.45,300
1208,24,2020-07-31 16:00:00,29.44,29.68,29.41,29.68,1427
1209,23,2020-08-03 10:00:00,30.0,30.68,30.0,30.4369,604
1210,22,2020-08-03 11:30:00,29.89,29.89,29.89,29.89,101
1211,21,2020-08-03 12:30:00,30.09,30.09,30.09,30.09,152
1212,20,2020-08-03 13:00:00,29.94,29.94,29.94,29.94,100
1213,19,2020-08-03 13:30:00,29.87,29.89,29.59,29.59,1536
1214,18,2020-08-03 14:30:00,29.87,29.87,29.87,29.87,100
1215,17,2020-08-03 15:00:00,29.86,29.86,29.86,29.86,190
1216,16,2020-08-03 15:30:00,29.72,29.72,29.72,29.72,100
1217,15,2020-08-03 16:00:00,29.76,30.03,29.61,30.02,2465
1218,14,2020-08-04 11:30:00,29.945,29.945,29.945,29.945,103
1219,13,2020-08-04 13:30:00,29.75,29.75,29.75,29.75,200
1220,12,2020-08-04 14:00:00,29.8,29.85,29.79,29.85,1228
1221,11,2020-08-04 16:00:00,29.65,29.75,29.5,29.6,2285
1222,10,2020-08-05 10:00:00,29.99,29.99,29.86,29.86,584
1223,9,2020-08-05 10:30:00,29.99,30.06,29.99,29.99,809
1224,8,2020-08-05 11:00:00,29.72,29.73,29.56,29.57,411
1225,7,2020-08-05 11:30:00,30.2,30.2,30.05,30.05,300
1226,6,2020-08-05 12:00:00,30.08,30.08,30.08,30.08,210
1227,5,2020-08-05 13:00:00,29.81,29.82,29.81,29.82,892
1228,4,2020-08-05 13:30:00,29.73,29.865,29.64,29.8,576
1229,3,2020-08-05 14:30:00,29.8,29.86,29.8,29.86,1092
1230,2,2020-08-05 15:00:00,29.9,29.94,29.79,29.8,1035
1231,1,2020-08-05 15:30:00,29.88,29.98,29.7701,29.875,1154
1232,0,2020-08-05 16:00:00,29.98,30.05,29.8,29.84,7571
