,index,time,open,high,low,close,volume
0,319,2020-04-08 09:30:00,131.370023921,131.37997092,130.892567939,130.892567939,1000
1,318,2020-04-08 10:00:00,130.65383994799998,132.199603688,128.127302046,129.728768984,188203
2,317,2020-04-08 10:30:00,129.788450982,132.444299879,128.972797013,132.125995891,122354
3,316,2020-04-08 11:00:00,132.041446395,132.215518888,129.748662983,131.976790897,93045
4,315,2020-04-08 11:30:00,132.00663189600002,133.19032485,130.942302937,133.19032485,57135
5,314,2020-04-08 12:00:00,133.29974184600002,133.49868183799998,132.046419894,132.275200886,78166
6,313,2020-04-08 12:30:00,132.266049646,132.484087877,131.79774490399998,131.917108899,94167
7,312,2020-04-08 13:00:00,131.922082399,132.653186871,131.539122914,131.757956906,81618
8,311,2020-04-08 13:30:00,131.8972149,132.82725936399999,131.568963913,132.384617881,48633
9,310,2020-04-08 14:00:00,132.444299879,132.50895537600002,131.11140193100002,131.618698911,49812
10,309,2020-04-08 14:30:00,131.568963913,132.747683367,131.459546917,132.643239871,131548
11,308,2020-04-08 15:00:00,132.67308087,132.862073863,131.79774490399998,131.937002899,141260
12,307,2020-04-08 15:30:00,131.937002899,132.145889891,130.554369952,130.91246193799998,194162
13,306,2020-04-08 16:00:00,130.932355937,131.688327908,129.83818598,130.703574946,438889
14,305,2020-04-08 16:30:00,130.86272694,131.306761003,130.86272694,130.86272694,113181
15,304,2020-04-09 10:00:00,131.459546917,134.324282806,131.31034192299998,134.22481281,106971
16,303,2020-04-09 10:30:00,134.264600809,134.587878296,133.051066856,134.105448815,75562
17,302,2020-04-09 11:00:00,133.96619082,135.120042776,133.553390336,134.841526786,74658
18,301,2020-04-09 11:30:00,134.831579787,134.831579787,132.712868869,133.608098834,54361
19,300,2020-04-09 12:00:00,133.687674831,133.91894257200002,132.305041884,132.543769875,66449
20,299,2020-04-09 12:30:00,132.553716875,132.832232864,131.07161393200002,131.141242929,98904
21,298,2020-04-09 13:00:00,131.210871927,132.613398872,130.982090936,132.302555134,105909
22,297,2020-04-09 13:30:00,132.332396133,132.332396133,131.11140193100002,131.544096414,126526
23,296,2020-04-09 14:00:00,131.588857912,132.195624889,131.220818926,132.016578896,124551
24,295,2020-04-09 14:30:00,131.9071619,132.135942891,130.743362945,130.972143936,108369
25,294,2020-04-09 15:00:00,131.011931934,131.559016913,130.126648969,130.454899956,130233
26,293,2020-04-09 15:30:00,130.35542996,130.922408938,129.917761977,130.85775344,203454
27,292,2020-04-09 16:00:00,130.932355937,133.279847847,130.932355937,132.583557874,384903
28,291,2020-04-09 16:30:00,132.613398872,132.613398872,132.079841813,132.079841813,40852
29,290,2020-04-13 08:30:00,134.281013358,134.284494808,134.281013358,134.284494808,400
30,289,2020-04-13 09:30:00,132.613398872,132.613398872,132.613398872,132.613398872,496
31,288,2020-04-13 10:00:00,132.245359887,133.25995384700002,130.564316952,130.822938942,79353
32,287,2020-04-13 10:30:00,130.71352194600001,131.13129593,128.564970029,128.843486018,88227
33,286,2020-04-13 11:00:00,128.823592019,129.798397981,128.475447032,129.529828992,77883
34,285,2020-04-13 11:30:00,129.519881992,130.763256944,129.01258501200002,130.574263951,90958
35,284,2020-04-13 12:00:00,130.63891944899999,131.225792426,130.216171965,131.20092492700002,65062
36,283,2020-04-13 12:30:00,131.066640432,131.588857912,130.216171965,130.216171965,56314
37,282,2020-04-13 13:00:00,130.126648969,130.156489967,128.823592019,128.823592019,52780
38,281,2020-04-13 13:30:00,128.823592019,130.027178972,128.63459902600002,128.744016022,59539
39,280,2020-04-13 14:00:00,128.80369802,129.671076386,128.614705027,129.559669991,49957
40,279,2020-04-13 14:30:00,129.619351988,130.08686097,129.261260002,129.748662983,66199
41,278,2020-04-13 15:00:00,129.788450982,130.027178972,128.833539019,129.57459049,49161
42,277,2020-04-13 15:30:00,129.56464349,130.514581954,129.420411996,130.01723197299998,85839
43,276,2020-04-13 16:00:00,130.106754969,130.842832941,129.698927985,130.146542968,298204
44,275,2020-04-13 16:30:00,130.325588961,130.325588961,130.325588961,130.325588961,215789
45,274,2020-04-13 17:30:00,130.325588961,130.325588961,130.325588961,130.325588961,3231
46,273,2020-04-14 08:00:00,132.175730889,132.175730889,132.175730889,132.175730889,100
47,272,2020-04-14 09:30:00,131.767903905,134.135289814,131.767903905,134.135289814,1502
48,271,2020-04-14 10:00:00,135.418452764,135.418452764,132.374670882,133.797091827,111770
49,270,2020-04-14 10:30:00,133.697621831,135.796438749,133.180377851,134.841526786,155778
50,269,2020-04-14 11:00:00,134.891261784,136.10479573700002,134.4933818,135.04046677899998,129882
51,268,2020-04-14 11:30:00,135.08025477700002,135.61739275600002,133.309688846,133.96619082,77686
52,267,2020-04-14 12:00:00,133.97116432,135.08025477700002,133.951270321,134.662480793,80110
53,266,2020-04-14 12:30:00,134.732109791,135.51792276,134.652533794,134.707242291,124727
54,265,2020-04-14 13:00:00,134.732109791,134.801738788,134.055713817,134.055713817,81067
55,264,2020-04-14 13:30:00,134.075607816,134.81168578700002,133.797091827,134.81168578700002,99780
56,263,2020-04-14 14:00:00,134.831579787,136.46288772399998,134.831579787,136.29378873,140928
57,262,2020-04-14 14:30:00,136.28881523,136.403205726,135.677074754,135.766597751,116399
58,261,2020-04-14 15:00:00,135.806385749,136.46288772399998,135.696968753,136.005325741,176908
59,260,2020-04-14 15:30:00,135.97548474200002,136.179398235,135.856120747,136.10479573700002,142687
60,259,2020-04-14 16:00:00,136.094848738,137.039813701,136.015272741,136.930396706,461598
61,258,2020-04-14 16:30:00,136.930396706,136.930396706,136.070180179,136.920449706,352047
62,257,2020-04-15 09:30:00,135.587551757,136.134636736,135.587551757,136.134636736,600
63,256,2020-04-15 10:00:00,136.224159733,136.76129771200002,133.419105841,134.354123805,143260
64,255,2020-04-15 10:30:00,134.284494808,134.781844789,133.001331857,133.507037318,83877
65,254,2020-04-15 11:00:00,133.356937094,134.881314785,133.35445034399999,134.602798796,97858
66,253,2020-04-15 11:30:00,134.523222799,134.68237479200002,132.69297486899998,133.20027185,50786
67,252,2020-04-15 12:00:00,133.339529844,136.065007739,133.289794846,135.885961746,65875
68,251,2020-04-15 12:30:00,135.885961746,136.622039717,135.846173747,136.358444228,75234
69,250,2020-04-15 13:00:00,136.34352372799998,137.268594692,136.224159733,136.711562714,143490
70,249,2020-04-15 13:30:00,136.751350712,136.81103271,135.438346763,135.47316126200002,61255
71,248,2020-04-15 14:00:00,135.48808176100002,135.597498757,134.354123805,134.652533794,80961
72,247,2020-04-15 14:30:00,134.771897789,137.218859694,134.68237479200002,137.049760701,60494
73,246,2020-04-15 15:00:00,137.119389698,138.45228764700002,136.83092670899998,138.18371865700001,95394
74,245,2020-04-15 15:30:00,138.213559656,138.502022645,136.771244712,136.930396706,122323
75,244,2020-04-15 16:00:00,136.91050270600002,137.835573671,136.55241072,137.179071696,329265
76,243,2020-04-15 16:30:00,137.248700693,137.248700693,136.683611645,137.248700693,255252
77,242,2020-04-16 09:30:00,135.925749744,135.925749744,135.925749744,135.925749744,100
78,241,2020-04-16 10:00:00,135.955590743,138.88995563,135.945643744,136.10479573700002,102860
79,240,2020-04-16 10:30:00,136.154530736,136.442993724,134.403858803,134.781844789,74114
80,239,2020-04-16 11:00:00,134.871367785,136.920350236,134.423752802,136.850820709,103955
81,238,2020-04-16 11:30:00,136.791138711,137.895255668,136.74140371299998,137.696315676,93617
82,237,2020-04-16 12:00:00,137.760971173,138.37271165,137.382985188,138.11408966,76803
83,236,2020-04-16 12:30:00,138.193665657,138.29313565299998,135.657180755,136.622039717,98606
84,235,2020-04-16 13:00:00,136.622039717,136.622039717,135.83602780799998,136.04511374,61254
85,234,2020-04-16 13:30:00,136.074954739,137.149230697,135.955590743,137.039813701,134276
86,233,2020-04-16 14:00:00,137.009972702,137.517269683,136.890608707,136.990078703,48881
87,232,2020-04-16 14:30:00,137.014946202,137.905202668,136.731456713,137.826223491,58580
88,231,2020-04-16 15:00:00,137.88530866899998,138.11906316,137.348170689,137.75599767399999,69597
89,230,2020-04-16 15:30:00,137.785838672,137.835573671,136.87071470799998,137.308382691,117576
90,229,2020-04-16 16:00:00,137.308382691,138.014619664,136.990078703,137.387958688,348075
91,228,2020-04-16 16:30:00,137.378011688,137.378011688,137.378011688,137.378011688,8709
92,227,2020-04-17 09:00:00,140.123383582,140.123383582,140.123383582,140.123383582,125
93,226,2020-04-17 10:00:00,140.720203559,140.740097558,138.561704642,139.049107624,149044
94,225,2020-04-17 10:30:00,139.13863062,139.317676613,138.273241654,138.840220632,36950
95,224,2020-04-17 11:00:00,138.919796629,138.94963762700002,137.049760701,137.268594692,117749
96,223,2020-04-17 11:30:00,137.15917769700002,137.88530866899998,136.681721715,137.547110682,72596
97,222,2020-04-17 12:00:00,137.686368676,138.492075645,137.686368676,138.487102145,161394
98,221,2020-04-17 12:30:00,138.492075645,139.327623613,138.462234646,139.047118224,62190
99,220,2020-04-17 13:00:00,139.05905462299998,139.45693460799998,138.750697635,139.019266625,59526
100,219,2020-04-17 13:30:00,139.019266625,139.934390589,138.84121533200002,139.48180210700002,39066
101,218,2020-04-17 14:00:00,139.536510605,140.272588576,139.536510605,140.193012579,60068
102,217,2020-04-17 14:30:00,140.212906579,140.391952572,139.815026594,139.869735092,38075
103,216,2020-04-17 15:00:00,139.87470859200002,139.87470859200002,138.80043263299999,139.526563605,49533
104,215,2020-04-17 15:30:00,139.506669606,139.87470859200002,139.486775607,139.735450597,78328
105,214,2020-04-17 16:00:00,139.75534459600001,141.00866654799998,139.6558746,140.859461554,439585
106,213,2020-04-17 16:30:00,140.859461554,140.859461554,139.50925582600001,139.50925582600001,19635
107,212,2020-04-20 10:00:00,139.446987608,140.524247667,137.52721668200002,139.039160624,70617
108,211,2020-04-20 10:30:00,139.188365618,140.302429575,139.158524619,139.815026594,34719
109,210,2020-04-20 11:00:00,139.815026594,141.496069529,139.815026594,141.058401546,58046
110,209,2020-04-20 11:30:00,141.028560547,141.346864535,140.143277581,140.89924955200001,85102
111,208,2020-04-20 12:00:00,140.914170051,141.287182537,140.610786563,140.998719548,48672
112,207,2020-04-20 12:30:00,141.04845454600002,141.36675853399998,140.799779556,141.16781854200002,34004
113,206,2020-04-20 13:00:00,141.16781854200002,141.386652533,141.098189544,141.137977543,40126
114,205,2020-04-20 13:30:00,141.098189544,141.147924542,140.332270574,140.740097558,43410
115,204,2020-04-20 14:00:00,140.75004455799998,141.137977543,140.391952572,140.401899571,58696
116,203,2020-04-20 14:30:00,140.391952572,140.710256559,140.252694577,140.292482576,52396
117,202,2020-04-20 15:00:00,140.317350075,140.89924955200001,139.601166102,139.645927601,53584
118,201,2020-04-20 15:30:00,139.74539759700002,140.18803908,139.427093609,140.17809208,60744
119,200,2020-04-20 16:00:00,140.163171581,140.561051565,139.635980601,139.74539759700002,155403
120,199,2020-04-20 16:30:00,139.74539759700002,139.74539759700002,139.74539759700002,139.74539759700002,20528
121,198,2020-04-21 08:00:00,137.76594467299998,137.76594467299998,137.76594467299998,137.76594467299998,100
122,197,2020-04-21 10:00:00,137.76594467299998,137.76594467299998,134.622692795,136.025219741,129938
123,196,2020-04-21 10:30:00,135.980458242,135.980458242,134.105448815,135.04046677899998,59478
124,195,2020-04-21 11:00:00,135.120042776,135.27521597,134.37749925399999,134.592851796,55221
125,194,2020-04-21 11:30:00,134.448620301,134.79179178799998,133.29974184600002,133.419105841,116634
126,193,2020-04-21 12:00:00,133.44894684,134.294441807,133.02122585700002,134.185024812,106435
127,192,2020-04-21 12:30:00,134.294441807,134.294441807,133.687674831,133.95624382100002,41793
128,191,2020-04-21 13:00:00,133.97613782,134.22481281,133.240059848,134.035819817,51990
129,190,2020-04-21 13:30:00,134.035819817,134.523222799,133.777197827,134.324282806,45696
130,189,2020-04-21 14:00:00,134.294441807,134.31433580700002,133.78714482700002,133.89656182299998,101605
131,188,2020-04-21 14:30:00,133.886614823,134.354123805,133.647886832,133.772224328,100017
132,187,2020-04-21 15:00:00,133.772224328,133.886614823,130.67373394700002,130.892567939,195943
133,186,2020-04-21 15:30:00,131.011931934,132.215518888,130.574263951,131.85742690200001,145977
134,185,2020-04-21 16:00:00,131.867373901,132.67308087,131.554043413,131.83753290200002,295004
135,184,2020-04-21 16:30:00,131.738062906,131.738062906,131.738062906,131.738062906,55746
136,183,2020-04-21 19:00:00,131.738062906,131.738062906,131.738062906,131.738062906,469
137,182,2020-04-22 09:00:00,133.51857583700001,133.51857583700001,133.51857583700001,133.51857583700001,200
138,181,2020-04-22 10:00:00,133.578257835,135.16977777399998,133.578257835,135.100148776,55908
139,180,2020-04-22 10:30:00,135.189671773,135.624952476,134.204918811,134.204918811,52669
140,179,2020-04-22 11:00:00,134.294441807,134.602798796,134.035819817,134.095501815,98499
141,178,2020-04-22 11:30:00,134.125342814,134.73708329,134.125342814,134.304388807,87668
142,177,2020-04-22 12:00:00,134.383964804,134.632639794,133.97613782,134.369044305,60801
143,176,2020-04-22 12:30:00,134.423752802,135.458240762,134.423752802,135.348823767,35116
144,175,2020-04-22 13:00:00,135.398558765,135.507975761,134.851473786,134.94597028200002,65558
145,174,2020-04-22 13:30:00,134.980784781,135.458240762,134.980784781,135.458240762,185268
146,173,2020-04-22 14:00:00,135.567657758,135.846173747,135.00067878,135.189671773,59125
147,172,2020-04-22 14:30:00,135.149883774,135.48808176100002,134.74205679,134.950943782,65454
148,171,2020-04-22 15:00:00,134.970837781,135.657180755,134.970837781,135.52786976,49082
149,170,2020-04-22 15:30:00,135.547763759,135.86606774700002,135.189671773,135.498028761,47259
150,169,2020-04-22 16:00:00,135.498028761,135.691995253,134.48343480000003,134.4933818,226904
151,168,2020-04-22 16:30:00,134.503328799,134.839437916,134.503328799,134.503328799,174041
152,167,2020-04-23 08:30:00,134.284494808,134.284494808,134.284494808,134.284494808,100
153,166,2020-04-23 09:00:00,134.503328799,134.503328799,134.503328799,134.503328799,265
154,165,2020-04-23 09:30:00,133.876667824,133.876667824,133.876667824,133.876667824,100
155,164,2020-04-23 10:00:00,135.060360778,138.412499648,133.687674831,137.954937666,122998
156,163,2020-04-23 10:30:00,138.084248661,138.62138664,137.706262676,138.12403665899998,108638
157,162,2020-04-23 11:00:00,138.12403665899998,138.482128646,137.785838672,137.905202668,52822
158,161,2020-04-23 11:30:00,137.85546767,137.944990666,137.089548699,137.477481684,56346
159,160,2020-04-23 12:00:00,137.43769368600002,137.43769368600002,137.049760701,137.318329691,47236
160,159,2020-04-23 12:30:00,137.318329691,138.039487163,137.248700693,137.736103674,25625
161,158,2020-04-23 13:00:00,137.676421677,137.716209675,136.14458373600002,137.169124696,71623
162,157,2020-04-23 13:30:00,137.238753694,137.775891673,136.890608707,137.35811768899998,79596
163,156,2020-04-23 14:00:00,137.378011688,137.646580678,136.313682729,136.940343705,84103
164,155,2020-04-23 14:30:00,136.890608707,137.054734201,135.995378742,136.920449706,43276
165,154,2020-04-23 15:00:00,136.945317205,137.378011688,136.74140371299998,137.278541692,53244
166,153,2020-04-23 15:30:00,137.308382691,137.417799687,136.353470728,136.63198671700002,61816
167,152,2020-04-23 16:00:00,136.661827716,136.746377213,135.647233755,135.846173747,147844
168,151,2020-04-23 16:30:00,135.846173747,135.846173747,135.846173747,135.846173747,17512
169,150,2020-04-24 10:00:00,136.174424735,137.974831665,134.607772295,134.886288285,55281
170,149,2020-04-24 10:30:00,134.950943782,136.194318734,134.940996782,135.716862752,66099
171,148,2020-04-24 11:00:00,135.592525257,135.955590743,135.04046677899998,135.129989775,56707
172,147,2020-04-24 11:30:00,135.129989775,136.542463721,134.72216279100002,135.915802745,96423
173,146,2020-04-24 12:00:00,136.114742737,136.174424735,135.020572779,135.090201777,28886
174,145,2020-04-24 12:30:00,135.070307777,135.309035768,134.871467255,135.24935377100002,30057
175,144,2020-04-24 13:00:00,135.30157551899998,135.31898276799998,134.602798796,134.74205679,28728
176,143,2020-04-24 13:30:00,134.821632787,135.463214262,134.74205679,135.463214262,104693
177,142,2020-04-24 14:00:00,135.48808176100002,136.263947731,135.388611765,136.263947731,50628
178,141,2020-04-24 14:30:00,136.313682729,136.472834723,136.005325741,136.055060739,130489
179,140,2020-04-24 15:00:00,136.114742737,137.059707701,136.114742737,136.442993724,91585
180,139,2020-04-24 15:30:00,136.383311727,138.133983659,136.333576729,138.064354662,79574
181,138,2020-04-24 16:00:00,138.06932816100002,139.446987608,137.915149667,139.188365618,289152
182,137,2020-04-24 16:30:00,139.198312618,139.198312618,139.198312618,139.198312618,64107
183,136,2020-04-27 09:30:00,139.078948622,139.078948622,139.078948622,139.078948622,226
184,135,2020-04-27 10:00:00,140.799779556,141.73479752,138.88000863,139.496722606,124524
185,134,2020-04-27 10:30:00,139.516616606,139.994072587,138.671121638,139.58624560299998,82031
186,133,2020-04-27 11:00:00,139.705609598,141.137977543,139.556404604,140.107567853,93776
187,132,2020-04-27 11:30:00,140.11343658200002,140.94401105,139.272915115,140.774912057,66430
188,131,2020-04-27 12:00:00,140.774912057,141.277235537,140.620733563,141.277235537,86676
189,130,2020-04-27 12:30:00,141.287182537,142.809073478,141.038507547,142.779232479,111181
190,129,2020-04-27 13:00:00,142.784205979,142.799126479,141.595539525,141.864108515,46354
191,128,2020-04-27 13:30:00,141.829294016,142.112783505,141.436387531,142.02326050899998,38373
192,127,2020-04-27 14:00:00,141.93373751200002,142.122730505,141.685062522,142.02326050899998,37742
193,126,2020-04-27 14:30:00,142.087916006,142.659868484,142.087916006,142.30177649799998,59266
194,125,2020-04-27 15:00:00,142.291829498,142.729497481,142.162518503,142.162518503,61293
195,124,2020-04-27 15:30:00,142.23214750100001,142.460928492,142.013313509,142.162518503,69341
196,123,2020-04-27 16:00:00,142.202306502,143.425787454,142.112783505,142.520610489,218388
197,122,2020-04-27 16:30:00,142.520610489,142.520610489,142.520610489,142.520610489,46286
198,121,2020-04-27 17:00:00,142.520610489,142.520610489,142.520610489,142.520610489,1426
199,120,2020-04-27 18:00:00,141.068348546,141.068348546,141.068348546,141.068348546,109
200,119,2020-04-28 09:30:00,143.405893455,143.405893455,143.405893455,143.405893455,121
201,118,2020-04-28 10:00:00,144.231494423,144.639321407,142.10283650600002,142.605159986,78891
202,117,2020-04-28 10:30:00,142.43108749299998,143.425787454,141.99341951,142.371405495,86432
203,116,2020-04-28 11:00:00,142.391299494,142.546074808,140.521263567,140.620733563,83436
204,115,2020-04-28 11:30:00,140.68041556100002,141.237447539,139.198312618,139.92444359,63729
205,114,2020-04-28 12:00:00,139.964231588,140.456608069,139.437040609,140.193012579,57482
206,113,2020-04-28 12:30:00,140.17809208,140.521263567,139.526563605,140.058728085,67224
207,112,2020-04-28 13:00:00,140.043807585,140.476502068,139.39725261,139.884655591,76586
208,111,2020-04-28 13:30:00,139.904549591,140.35216457299998,139.884655591,139.954284589,63899
209,110,2020-04-28 14:00:00,139.904549591,140.779885557,139.884655591,140.272588576,80512
210,109,2020-04-28 14:30:00,140.24274757700002,141.014137398,140.212906579,140.710256559,54766
211,108,2020-04-28 15:00:00,140.80972655600002,141.058401546,140.401899571,140.476502068,39770
212,107,2020-04-28 15:30:00,140.476502068,140.978825549,139.954284589,140.24274757700002,74209
213,106,2020-04-28 16:00:00,140.143277581,140.531210566,139.287835614,139.675768599,204808
214,105,2020-04-28 16:30:00,139.616086602,139.616086602,139.616086602,139.616086602,467981
215,104,2020-04-29 08:30:00,139.954284589,139.954284589,139.954284589,139.954284589,100
216,103,2020-04-29 09:00:00,142.222200501,142.2420945,142.222200501,142.2420945,600
217,102,2020-04-29 09:30:00,141.20760654,141.20760654,140.76993855700002,140.76993855700002,606
218,101,2020-04-29 10:00:00,141.247394539,141.247394539,138.541810643,139.118736621,68981
219,100,2020-04-29 10:30:00,139.208259617,140.033860586,139.019266625,139.596192602,46824
220,99,2020-04-29 11:00:00,139.75534459600001,140.023913586,139.019266625,139.824973594,72858
221,98,2020-04-29 11:30:00,139.815026594,141.396599533,139.57888482299998,140.541157566,67601
222,97,2020-04-29 12:00:00,140.544539546,141.177765541,140.421793571,140.89924955200001,40350
223,96,2020-04-29 12:30:00,140.939037551,141.396599533,140.87935555299998,140.929090551,42520
224,95,2020-04-29 13:00:00,140.998719548,141.496069529,140.89924955200001,141.38476260299998,30339
225,94,2020-04-29 13:30:00,141.317023536,141.73479752,140.94898455,140.968878549,61446
226,93,2020-04-29 14:00:00,140.779885557,140.929090551,140.531210566,140.849514554,31052
227,92,2020-04-29 14:30:00,140.968878549,140.998719548,140.10358905299998,140.561051565,56740
228,91,2020-04-29 15:00:00,140.580945564,141.018613547,140.312376575,140.675442061,58069
229,90,2020-04-29 15:30:00,140.670468561,140.720203559,140.023913586,140.11343658200002,133351
230,89,2020-04-29 16:00:00,140.084590284,140.15322458100002,139.47682860700002,139.566351604,409113
231,88,2020-04-29 16:30:00,139.516616606,139.516616606,139.516616606,139.516616606,12004
232,87,2020-04-30 09:00:00,139.277888615,139.277888615,139.257994616,139.257994616,1200
233,86,2020-04-30 10:00:00,138.770591634,138.770591634,137.32101538,138.288162153,52128
234,85,2020-04-30 10:30:00,138.531863644,138.870061631,137.427746686,138.586572141,47093
235,84,2020-04-30 11:00:00,138.79545913299998,139.377358611,138.511969644,139.257994616,60373
236,83,2020-04-30 11:30:00,139.382332111,140.670468561,139.382332111,140.322323574,51332
237,82,2020-04-30 12:00:00,140.317350075,141.47617553,140.18306558,140.18306558,63360
238,81,2020-04-30 12:30:00,140.252694577,140.630680562,139.66084809999998,140.200970179,41534
239,80,2020-04-30 13:00:00,140.267615076,141.247394539,139.805079594,141.108136544,51752
240,79,2020-04-30 13:30:00,141.078295545,141.695009521,140.819673555,141.326970536,58452
241,78,2020-04-30 14:00:00,141.341891035,141.615433524,140.779885557,141.157871542,63113
242,77,2020-04-30 14:30:00,141.20760654,141.386652533,140.89924955200001,141.287182537,60683
243,76,2020-04-30 15:00:00,141.317023536,141.540831027,140.60083956399998,140.849514554,65489
244,75,2020-04-30 15:30:00,140.919143551,141.47617553,140.551104566,141.098189544,70319
245,74,2020-04-30 16:00:00,141.088242545,141.307076536,139.54645760399998,140.401899571,317413
246,73,2020-04-30 16:30:00,140.501369567,140.501369567,140.501369567,140.501369567,931275
247,72,2020-04-30 17:00:00,140.252694577,140.252694577,140.252694577,140.252694577,102
248,71,2020-05-01 10:00:00,138.392605649,138.392605649,134.781844789,134.801738788,79925
249,70,2020-05-01 10:30:00,135.24935377100002,135.77654475,133.89656182299998,134.48343480000003,102386
250,69,2020-05-01 11:00:00,134.617719295,134.901208784,133.82693282600002,134.085554816,53674
251,68,2020-05-01 11:30:00,134.055713817,134.105448815,132.961543859,133.20186337,40213
252,67,2020-05-01 12:00:00,133.230112849,133.379317843,132.553716875,132.981437858,45544
253,66,2020-05-01 12:30:00,132.94164986,133.250006848,132.653186871,133.001331857,38688
254,65,2020-05-01 13:00:00,132.971490859,132.971490859,132.275200886,132.583557874,29744
255,64,2020-05-01 13:30:00,132.643239871,133.070960855,132.295094885,132.812338865,51259
256,63,2020-05-01 14:00:00,132.782497866,133.130642852,132.633292872,132.67308087,41737
257,62,2020-05-01 14:30:00,132.77255086600002,133.25995384700002,132.56366387399999,132.971490859,40852
258,61,2020-05-01 15:00:00,132.832232864,133.309688846,132.484087877,133.19032485,66839
259,60,2020-05-01 15:30:00,133.170430851,133.876667824,133.061013855,133.588204835,76415
260,59,2020-05-01 16:00:00,133.598151834,134.304388807,132.921755861,133.97613782,277349
261,58,2020-05-01 16:30:00,133.98608481899998,133.98608481899998,133.98608481899998,133.98608481899998,32768
262,57,2020-05-01 18:00:00,133.98608481899998,133.98608481899998,133.98608481899998,133.98608481899998,178
263,56,2020-05-04 09:00:00,133.09085485399999,133.09085485399999,133.09085485399999,133.09085485399999,100
264,55,2020-05-04 10:00:00,133.289794846,133.98608481899998,132.106101892,133.528522837,61072
265,54,2020-05-04 10:30:00,133.687674831,133.97116432,133.080907854,133.608098834,52343
266,53,2020-05-04 11:00:00,133.528522837,134.115395814,133.15053685200002,133.866720824,56860
267,52,2020-05-04 11:30:00,133.757303828,134.841526786,133.757303828,134.185024812,51478
268,51,2020-05-04 12:00:00,134.214865811,135.35379726600002,134.115395814,134.503328799,41989
269,50,2020-05-04 12:30:00,134.503328799,134.652533794,134.125342814,134.125342814,41542
270,49,2020-05-04 13:00:00,134.085554816,134.15518381299998,133.070960855,133.140589852,41082
271,48,2020-05-04 13:30:00,133.160483851,133.62799283299998,132.513928876,133.618045834,47982
272,47,2020-05-04 14:00:00,133.647886832,133.846826825,133.29974184600002,133.846826825,39749
273,46,2020-05-04 14:30:00,133.866720824,134.264600809,133.82693282600002,133.996031819,44945
274,45,2020-05-04 15:00:00,133.946296821,134.175077812,133.46386734,133.886614823,60362
275,44,2020-05-04 15:30:00,133.876667824,134.881314785,133.82693282600002,134.846500286,53995
276,43,2020-05-04 16:00:00,134.831579787,135.507975761,134.563010797,134.970837781,201236
277,42,2020-05-04 16:30:00,134.960890782,135.279194769,134.960890782,134.960890782,22043
278,41,2020-05-05 10:00:00,136.751350712,137.049760701,135.090201777,135.24935377100002,95374
279,40,2020-05-05 10:30:00,135.139936775,135.826279748,134.781844789,134.936023283,51561
280,39,2020-05-05 11:00:00,134.79179178799998,136.164477735,134.652533794,136.089875238,33503
281,38,2020-05-05 11:30:00,136.159504235,136.970184704,135.945643744,136.955264205,43381
282,37,2020-05-05 12:00:00,137.039813701,137.487428684,136.74140371299998,137.442667186,28521
283,36,2020-05-05 12:30:00,137.422773186,137.427746686,136.828439959,137.089548699,53079
284,35,2020-05-05 13:00:00,137.059707701,137.208912695,136.592198719,136.70161571399998,48436
285,34,2020-05-05 13:30:00,136.597172218,137.049760701,136.597172218,137.000025703,55525
286,33,2020-05-05 14:00:00,137.059707701,137.43769368600002,136.920449706,136.920449706,43917
287,32,2020-05-05 14:30:00,136.930396706,137.109442699,136.74140371299998,136.91050270600002,57710
288,31,2020-05-05 15:00:00,136.890608707,136.91050270600002,135.796438749,136.04014024,93559
289,30,2020-05-05 15:30:00,136.065007739,136.08490173799999,134.135289814,134.15518381299998,165219
290,29,2020-05-05 16:00:00,134.15518381299998,134.473487801,132.235412887,132.862073863,611150
291,28,2020-05-05 16:30:00,132.842179864,132.842179864,132.842179864,132.842179864,25980
292,27,2020-05-06 10:00:00,133.797091827,134.44364680200002,132.334882883,133.250006848,64079
293,26,2020-05-06 10:30:00,133.409158842,133.548416836,132.011605396,133.02122585700002,56696
294,25,2020-05-06 11:00:00,133.16545735100001,133.871694324,132.77255086600002,133.742383329,53250
295,24,2020-05-06 11:30:00,133.742383329,133.906508822,132.94164986,133.409158842,45858
296,23,2020-05-06 12:00:00,133.399211842,134.433699802,133.329582845,133.876667824,42183
297,22,2020-05-06 12:30:00,133.846826825,133.946296821,133.20027185,133.239960378,45245
298,21,2020-05-06 13:00:00,133.20027185,133.434026341,132.852126863,132.852126863,49573
299,20,2020-05-06 13:30:00,132.881967862,132.90186186100001,132.49403487700002,132.832232864,58830
300,19,2020-05-06 14:00:00,132.89191486200002,133.349476844,132.588531373,133.210218849,49378
301,18,2020-05-06 14:30:00,133.180377851,133.180377851,132.110379102,132.195624889,52796
302,17,2020-05-06 15:00:00,132.081234393,132.832232864,132.026525895,132.41445888,64545
303,16,2020-05-06 15:30:00,132.474140878,132.553716875,132.09615489200002,132.175730889,63227
304,15,2020-05-06 16:00:00,132.15583689,132.16827064,130.65383994799998,131.230765926,214625
305,14,2020-05-06 16:30:00,131.161136929,131.161136929,131.161136929,131.161136929,14034
306,13,2020-05-07 10:00:00,132.73276286799998,134.433699802,132.314988884,134.31433580700002,101116
307,12,2020-05-07 10:30:00,134.23475981,134.75200379,133.593178335,134.55306379700002,97816
308,11,2020-05-07 11:00:00,134.523222799,135.18469827299998,134.274547808,134.438673302,98557
309,10,2020-05-07 11:30:00,134.48343480000003,134.92110278299998,133.856773824,134.135289814,76994
310,9,2020-05-07 12:00:00,134.110422315,135.279194769,133.96619082,135.129989775,72797
311,8,2020-05-07 12:30:00,135.179724773,135.31400926799998,134.801738788,134.911155784,52645
312,7,2020-05-07 13:00:00,134.92110278299998,134.950943782,133.95624382100002,134.334229806,56302
313,6,2020-05-07 13:30:00,134.364070805,135.129989775,134.253858049,134.901208784,139935
314,5,2020-05-07 14:00:00,134.931049783,135.129989775,134.51327579899998,134.786818288,102430
315,4,2020-05-07 14:30:00,134.732109791,134.801738788,134.02587281799998,134.04576681700001,41170
316,3,2020-05-07 15:00:00,134.095501815,134.712215791,134.080581316,134.4933818,98292
317,2,2020-05-07 15:30:00,134.473487801,134.74703029,133.876667824,134.304388807,58585
318,1,2020-05-07 16:00:00,134.294441807,134.294441807,133.71751583,133.846826825,176765
319,0,2020-05-07 16:30:00,133.866720824,134.125342814,133.866720824,133.866720824,17467
320,329,2020-05-08 10:00:00,135.746703751,136.691668715,134.702268792,135.393585265,82069
321,328,2020-05-08 10:30:00,135.507975761,135.669316094,134.21983931,134.732109791,65986
322,327,2020-05-08 11:00:00,134.707242291,135.31400926799998,133.757303828,134.19497181100002,61202
323,326,2020-05-08 11:30:00,134.284494808,134.81168578700002,134.175077812,134.667454293,50327
324,325,2020-05-08 12:00:00,134.702268792,134.936023283,134.523222799,134.523222799,25375
325,324,2020-05-08 12:30:00,134.577931296,134.92110278299998,134.388938304,134.388938304,24192
326,323,2020-05-08 13:00:00,134.44364680200002,134.841526786,134.403858803,134.786818288,31372
327,322,2020-05-08 13:30:00,134.732109791,134.90618228399998,134.582904796,134.612745795,32142
328,321,2020-05-08 14:00:00,134.622692795,134.841526786,134.204918811,134.31433580700002,43162
329,320,2020-05-08 14:30:00,134.284494808,134.712215791,134.214965281,134.518249299,48568
330,319,2020-05-08 15:00:00,134.543116798,134.806712288,134.393911804,134.68237479200002,81233
331,318,2020-05-08 15:30:00,134.732109791,135.120042776,134.518249299,135.110095776,66674
332,317,2020-05-08 16:00:00,135.100148776,135.428399764,135.035493279,135.239406771,169084
333,316,2020-05-08 16:30:00,135.24935377100002,135.24935377100002,135.24935377100002,135.24935377100002,44191
334,315,2020-05-11 07:30:00,137.268594692,137.268594692,134.304388807,134.304388807,2350
335,314,2020-05-11 08:30:00,137.646580678,137.76594467299998,137.646580678,137.76594467299998,200
336,313,2020-05-11 09:00:00,138.153877658,138.235542525,137.76594467299998,138.064354662,450
337,312,2020-05-11 09:30:00,136.990078703,136.990078703,136.990078703,136.990078703,111
338,311,2020-05-11 10:00:00,137.268594692,137.805732672,136.383311727,137.43769368600002,99768
339,310,2020-05-11 10:30:00,137.457587685,138.681068638,137.129336698,137.139283697,80026
340,309,2020-05-11 11:00:00,137.0796017,137.537163682,136.771244712,137.099495699,63989
341,308,2020-05-11 11:30:00,137.139283697,137.368064689,136.781191711,137.368064689,31784
342,307,2020-05-11 12:00:00,137.447640686,137.85546767,137.22880669399999,137.76594467299998,34029
343,306,2020-05-11 12:30:00,137.815679671,138.611439641,137.497375684,138.566678142,37204
344,305,2020-05-11 13:00:00,138.531863644,139.466881607,138.492075645,139.277888615,55962
345,304,2020-05-11 13:30:00,139.253021116,139.92444359,139.029213624,139.74539759700002,36745
346,303,2020-05-11 14:00:00,139.75534459600001,140.083595584,139.606139602,139.760318096,41649
347,302,2020-05-11 14:30:00,139.815026594,139.934390589,139.536510605,139.90952309,44745
348,301,2020-05-11 15:00:00,139.934390589,140.909196552,139.815026594,140.531210566,68858
349,300,2020-05-11 15:30:00,140.487244828,141.038507547,140.18306558,140.297456075,100198
350,299,2020-05-11 16:00:00,140.149146311,140.35803330299998,139.506669606,139.516616606,243907
351,298,2020-05-11 16:30:00,139.516616606,139.516616606,139.516616606,139.516616606,13295
352,297,2020-05-11 17:30:00,139.516616606,139.516616606,139.516616606,139.516616606,745
353,296,2020-05-12 10:00:00,140.43174057,140.94898455,139.238100616,140.143277581,99396
354,295,2020-05-12 10:30:00,140.17809208,140.257668077,138.760644635,139.049107624,45035
355,294,2020-05-12 11:00:00,139.108789621,139.471855107,138.788098354,139.168471619,51139
356,293,2020-05-12 11:30:00,139.158524619,139.34751761200002,138.58159864200002,138.671121638,47452
357,292,2020-05-12 12:00:00,138.65122763899998,138.720856636,138.064454132,138.193665657,37196
358,291,2020-05-12 12:30:00,138.193665657,138.308056152,137.905202668,138.203612656,37212
359,290,2020-05-12 13:00:00,138.233453655,138.36276465,137.969858165,138.019593163,31392
360,289,2020-05-12 13:30:00,138.05440766200002,138.05440766200002,136.46288772399998,136.46288772399998,36632
361,288,2020-05-12 14:00:00,136.467861223,136.91050270600002,136.30373573,136.661827716,54940
362,287,2020-05-12 14:30:00,136.681721715,136.776218211,136.403205726,136.691668715,44253
363,286,2020-05-12 15:00:00,136.592198719,137.000025703,136.23410673200001,136.960237704,56982
364,285,2020-05-12 15:30:00,136.860767708,136.890608707,135.422829444,135.422829444,100549
365,284,2020-05-12 16:00:00,135.468187762,135.478134762,134.005978819,134.065660816,223895
366,283,2020-05-12 16:30:00,134.055713817,135.150381124,134.055713817,134.055713817,466653
367,282,2020-05-12 17:00:00,133.538469837,133.538469837,133.538469837,133.538469837,500
368,281,2020-05-12 18:30:00,133.44894684,133.44894684,133.44894684,133.44894684,100
369,280,2020-05-13 09:30:00,132.961543859,132.961543859,132.961543859,132.961543859,227
370,279,2020-05-13 10:00:00,133.070960855,133.315855985,130.87267394,131.85742690200001,89764
371,278,2020-05-13 10:30:00,131.932029399,132.394564881,130.78315094299998,131.688327908,74899
372,277,2020-05-13 11:00:00,131.698274908,132.245359887,131.64853991,131.718168907,70955
373,276,2020-05-13 11:30:00,131.740052306,131.85742690200001,130.724762055,131.260606925,65847
374,275,2020-05-13 12:00:00,131.250659925,131.370023921,129.559669991,130.285800962,75817
375,274,2020-05-13 12:30:00,130.17638396700002,130.753309944,129.529828992,130.643892949,85903
376,273,2020-05-13 13:00:00,130.763256944,130.882620939,130.17638396700002,130.30569496200002,59004
377,272,2020-05-13 13:30:00,130.30569496200002,130.335535961,129.49501449299999,130.037125972,79363
378,271,2020-05-13 14:00:00,129.987390974,130.186330966,129.619351988,129.728768984,47279
379,270,2020-05-13 14:30:00,129.669086986,129.669086986,128.88327401700002,128.942956014,72097
380,269,2020-05-13 15:00:00,128.918088515,129.102108008,128.366030037,128.739042522,57446
381,268,2020-05-13 15:30:00,128.739042522,129.440305995,128.216825042,128.27650704,91452
382,267,2020-05-13 16:00:00,128.236719042,129.688980986,128.196931043,128.893221016,577951
383,266,2020-05-13 16:30:00,128.942956014,128.942956014,128.942956014,128.942956014,162388
384,265,2020-05-14 08:30:00,128.942956014,128.942956014,128.942956014,128.942956014,1030
385,264,2020-05-14 09:00:00,127.828892057,127.828892057,127.828892057,127.828892057,1062
386,263,2020-05-14 10:00:00,127.311648077,128.31629503899998,125.889227132,125.97228457899999,82817
387,262,2020-05-14 10:30:00,125.889227132,125.929015131,124.984050167,125.232725158,145394
388,261,2020-05-14 11:00:00,125.312301155,126.869006595,125.192937159,126.54075560700001,112721
389,260,2020-05-14 11:30:00,126.645199103,127.45090607200001,126.287107117,127.42603857299999,116274
390,259,2020-05-14 12:00:00,127.51058807,127.620005066,126.575570106,126.575570106,83227
391,258,2020-05-14 12:30:00,126.65514610299999,127.709528062,126.595464105,127.386250575,88138
392,257,2020-05-14 13:00:00,127.43101207299999,128.952903014,127.43101207299999,128.744016022,64570
393,256,2020-05-14 13:30:00,128.714175023,128.863380017,128.39587103600002,128.778830521,56769
394,255,2020-05-14 14:00:00,128.714175023,129.241366003,128.53512903,128.714175023,56332
395,254,2020-05-14 14:30:00,128.674387025,128.674387025,128.256613041,128.361056537,56211
396,253,2020-05-14 15:00:00,128.405818035,128.48539403200002,127.639899065,128.107408047,86407
397,252,2020-05-14 15:30:00,128.057673049,128.699254524,127.92836205399999,128.525182031,151951
398,251,2020-05-14 16:00:00,128.55502302899998,128.838512518,127.719475062,128.813645019,344581
399,250,2020-05-14 16:30:00,128.734069022,128.81861851899998,128.734069022,128.734069022,124687
400,249,2020-05-15 08:00:00,129.310995,129.310995,129.310995,129.310995,1500
401,248,2020-05-15 08:30:00,129.310995,129.310995,129.310995,129.310995,188
402,247,2020-05-15 09:00:00,129.310995,129.310995,129.01258501200002,129.01258501200002,478
403,246,2020-05-15 10:00:00,130.17638396700002,133.140589852,129.679033986,132.658160371,333122
404,245,2020-05-15 10:30:00,132.658160371,133.936349821,132.106101892,132.89191486200002,157717
405,244,2020-05-15 11:00:00,132.852126863,132.872020862,131.9071619,132.822285864,116807
406,243,2020-05-15 11:30:00,132.762603867,133.15053685200002,131.927055899,133.061013855,93302
407,242,2020-05-15 12:00:00,133.070960855,133.160483851,132.344829883,132.389591381,70634
408,241,2020-05-15 12:30:00,132.36472388200002,133.29974184600002,132.245359887,133.100801854,68519
409,240,2020-05-15 13:00:00,133.100801854,133.404185342,132.523875876,132.762603867,53655
410,239,2020-05-15 13:30:00,132.73276286799998,133.041119856,132.67308087,132.712868869,70125
411,238,2020-05-15 14:00:00,132.67308087,133.44894684,132.633292872,133.438999841,52868
412,237,2020-05-15 14:30:00,133.45392034,134.851473786,133.45392034,134.761950789,87532
413,236,2020-05-15 15:00:00,134.672427793,134.781844789,133.642913333,134.264600809,102612
414,235,2020-05-15 15:30:00,134.294441807,134.642586794,134.055713817,134.503328799,152890
415,234,2020-05-15 16:00:00,134.523222799,135.846173747,134.15518381299998,135.716862752,297330
416,233,2020-05-15 16:30:00,135.726809752,135.726809752,135.726809752,135.726809752,17466
417,232,2020-05-18 08:00:00,137.76594467299998,137.76594467299998,137.76594467299998,137.76594467299998,118
418,231,2020-05-18 08:30:00,138.263294654,138.263294654,138.263294654,138.263294654,200
419,230,2020-05-18 09:00:00,138.999372626,139.238100616,138.999372626,139.238100616,2100
420,229,2020-05-18 09:30:00,139.009319625,139.009319625,139.009319625,139.009319625,1013
421,228,2020-05-18 10:00:00,139.39725261,141.247394539,138.432393647,140.834594055,165631
422,227,2020-05-18 10:30:00,140.94898455,141.605486525,140.411846571,140.939037551,97412
423,226,2020-05-18 11:00:00,141.038507547,142.381352495,141.00866654799998,142.311723497,72098
424,225,2020-05-18 11:30:00,142.291829498,142.948331473,142.122730505,142.26198849899998,70120
425,224,2020-05-18 12:00:00,142.139043584,143.08758946700002,142.082942506,142.162518503,49112
426,223,2020-05-18 12:30:00,142.142624504,142.30177649799998,141.53585752700002,141.804426517,51312
427,222,2020-05-18 13:00:00,141.764638519,141.844214516,141.14295104299998,141.20760654,44835
428,221,2020-05-18 13:30:00,141.197659541,141.640301023,141.182739041,141.605486525,40304
429,220,2020-05-18 14:00:00,141.446334531,141.57564552600002,140.993746048,140.993746048,34921
430,219,2020-05-18 14:30:00,140.988772549,142.072995507,140.779885557,141.99839301,71005
431,218,2020-05-18 15:00:00,141.963578511,142.053101507,141.267288538,141.525910528,46701
432,217,2020-05-18 15:30:00,141.496069529,142.02326050899998,141.29712953700002,142.013313509,66020
433,216,2020-05-18 16:00:00,142.053101507,142.580292487,141.605486525,141.923790512,277830
434,215,2020-05-18 16:30:00,141.923790512,141.923790512,141.923790512,141.923790512,27780
435,214,2020-05-18 17:30:00,142.2420945,142.2420945,142.2420945,142.2420945,100
436,213,2020-05-18 18:00:00,142.23214750100001,142.2420945,142.23214750100001,142.2420945,1500
437,212,2020-05-18 18:30:00,142.2420945,142.2420945,142.2420945,142.2420945,175
438,211,2020-05-18 20:00:00,142.24199503,142.2420945,142.24199503,142.2420945,400
439,210,2020-05-19 07:30:00,142.490769491,142.490769491,142.490769491,142.490769491,100
440,209,2020-05-19 08:00:00,142.739444481,142.739444481,142.739444481,142.739444481,182
441,208,2020-05-19 08:30:00,144.132024427,144.132024427,144.128542977,144.128542977,300
442,207,2020-05-19 09:00:00,144.102183428,144.132024427,144.102183428,144.132024427,1005
443,206,2020-05-19 09:30:00,142.2420945,143.246741461,142.2420945,143.246741461,1020
444,205,2020-05-19 10:00:00,142.26198849899998,144.112130428,141.794479517,143.992766432,163266
445,204,2020-05-19 10:30:00,143.928110935,145.275929383,143.928110935,144.703976905,131446
446,203,2020-05-19 11:00:00,144.788526402,145.236141384,144.196679925,144.49011641299998,115449
447,202,2020-05-19 11:30:00,144.460275414,144.723870904,144.032554431,144.261335422,97307
448,201,2020-05-19 12:00:00,144.32101742,144.430434416,143.55509844899998,143.654568446,63515
449,200,2020-05-19 12:30:00,143.646710316,143.823667439,143.01796047,143.246741461,84160
450,199,2020-05-19 13:00:00,143.147271465,143.27160896,142.570345487,143.251714961,72885
451,198,2020-05-19 13:30:00,143.216900462,143.61478044700002,142.848861477,142.928437474,77627
452,197,2020-05-19 14:00:00,142.918490474,143.187059464,142.779232479,143.077642468,71215
453,196,2020-05-19 14:30:00,143.147271465,144.440381415,143.147271465,144.32599092,82791
454,195,2020-05-19 15:00:00,144.32101742,144.589586409,143.29150296,143.59488644799998,93202
455,194,2020-05-19 15:30:00,143.53520445,144.788526402,143.395946456,144.73879140399998,148061
456,193,2020-05-19 16:00:00,144.743764903,144.768632402,143.256688461,143.256688461,366616
457,192,2020-05-19 16:30:00,143.863455437,145.226194385,143.863455437,143.982819433,14901
458,191,2020-05-19 17:00:00,144.77857940200002,144.77857940200002,144.77857940200002,144.77857940200002,100
459,190,2020-05-19 18:00:00,144.009377922,144.231494423,144.009377922,144.231494423,871
460,189,2020-05-19 18:30:00,144.231494423,144.231494423,144.231494423,144.231494423,119
461,188,2020-05-19 19:00:00,144.231494423,144.231494423,144.231494423,144.231494423,263
462,187,2020-05-19 20:00:00,143.863455437,145.87274936,143.863455437,145.87274936,1297
463,186,2020-05-20 07:30:00,145.922484358,145.922484358,135.08025477700002,137.268594692,7360
464,185,2020-05-20 08:00:00,137.368064689,137.487428684,137.368064689,137.487428684,411
465,184,2020-05-20 08:30:00,133.289794846,143.236794462,133.289794846,140.252694577,7778
466,183,2020-05-20 09:00:00,140.94898455,141.446334531,140.94898455,141.446334531,1219
467,182,2020-05-20 09:30:00,140.252694577,140.252694577,139.257994616,140.252694577,2617
468,181,2020-05-20 10:00:00,139.357464612,143.853508438,138.482128646,143.46557545299999,614976
469,180,2020-05-20 10:30:00,143.490442952,147.016654316,142.639974485,146.07168935200002,366779
470,179,2020-05-20 11:00:00,146.076662852,150.498004711,146.076662852,150.498004711,411888
471,178,2020-05-20 11:30:00,150.498104181,150.51302468,146.429781338,147.265329306,221381
472,177,2020-05-20 12:00:00,147.295170305,148.281713727,146.96691931700002,147.568712794,213444
473,176,2020-05-20 12:30:00,147.62342129200002,147.882043282,145.843903061,147.17083281,166367
474,175,2020-05-20 13:00:00,147.19072680899998,147.852202283,147.056442314,147.792520286,81817
475,174,2020-05-20 13:30:00,147.807440785,148.090930274,147.046495314,148.036221776,89820
476,173,2020-05-20 14:00:00,148.031248276,148.289870266,147.832308284,147.93177828,90950
477,172,2020-05-20 14:30:00,147.93675178,148.051142276,144.73879140399998,144.932757896,117610
478,171,2020-05-20 15:00:00,144.728844404,145.835647051,144.330964419,145.325664381,144380
479,170,2020-05-20 15:30:00,145.295823382,145.942378357,144.81836740100002,144.987466394,126642
480,169,2020-05-20 16:00:00,144.97751939399998,145.882696359,144.25138842200002,145.524604373,376369
481,168,2020-05-20 16:30:00,145.584286371,146.448183288,145.474869375,145.584286371,51579
482,167,2020-05-20 17:00:00,145.723544366,145.723544366,145.723544366,145.723544366,100
483,166,2020-05-21 08:30:00,146.718244327,146.718244327,146.718244327,146.718244327,200
484,165,2020-05-21 09:00:00,146.718244327,146.718244327,146.718244327,146.718244327,1002
485,164,2020-05-21 10:00:00,144.231494423,148.608174254,144.231494423,147.911884281,149472
486,163,2020-05-21 10:30:00,147.986486778,148.409234262,145.932431357,146.171159348,115150
487,162,2020-05-21 11:00:00,146.021954354,146.867449321,145.65391536799999,146.469569337,62161
488,161,2020-05-21 11:30:00,146.459622337,146.499410336,144.758685403,145.275929383,95201
489,160,2020-05-21 12:00:00,145.335611381,145.763332364,144.176785925,144.29117642100002,71428
490,159,2020-05-21 12:30:00,144.256361922,144.68408290600001,144.06239543,144.271282422,78615
491,158,2020-05-21 13:00:00,144.231494423,144.589586409,143.868428937,144.181759425,79970
492,157,2020-05-21 13:30:00,144.181759425,144.599533409,143.754038442,144.390646417,102459
493,156,2020-05-21 14:00:00,144.36080541799998,144.997413394,144.32101742,144.659215407,65633
494,155,2020-05-21 14:30:00,144.649268407,145.09688339,144.36080541799998,144.922810897,43517
495,154,2020-05-21 15:00:00,144.88799639799998,144.927784396,144.231494423,144.42048741600001,55417
496,153,2020-05-21 15:30:00,144.480169414,145.072015891,144.460275414,144.878049398,72248
497,152,2020-05-21 16:00:00,144.868102399,145.897616859,144.589586409,145.057095391,340417
498,151,2020-05-21 16:30:00,145.047148392,145.047148392,145.047148392,145.047148392,11524
499,150,2020-05-21 17:00:00,145.047148392,145.047148392,145.047148392,145.047148392,22298
500,149,2020-05-22 09:00:00,145.534551373,145.534551373,145.534551373,145.534551373,110
501,148,2020-05-22 09:30:00,145.574339371,145.574339371,145.574339371,145.574339371,200
502,147,2020-05-22 10:00:00,145.136671388,147.93177828,145.116777389,147.175806309,119116
503,146,2020-05-22 10:30:00,147.145965311,148.135691772,147.145965311,148.135691772,65287
504,145,2020-05-22 11:00:00,148.130718272,148.538545257,147.180779809,147.4145343,58032
505,144,2020-05-22 11:30:00,147.484163297,148.757379248,147.285223305,148.633041753,87609
506,143,2020-05-22 12:00:00,148.608174254,148.906584242,148.419181261,148.767326248,56160
507,142,2020-05-22 12:30:00,148.78722024700002,149.204994231,148.638015253,148.91653124200002,41568
508,141,2020-05-22 13:00:00,148.866796244,149.185100232,148.42912826100002,148.468916259,36117
509,140,2020-05-22 13:30:00,148.44902226,148.508704258,148.051142276,148.100877274,39391
510,139,2020-05-22 14:00:00,148.100877274,148.379393263,148.02130127700002,148.329658265,30909
511,138,2020-05-22 14:30:00,148.35293424399998,148.677803251,148.35293424399998,148.51865125700002,26478
512,137,2020-05-22 15:00:00,148.49875725799998,148.657909252,147.762679287,148.250082268,46136
513,136,2020-05-22 15:30:00,148.210294269,148.996107239,148.135691772,148.996107239,88412
514,135,2020-05-22 16:00:00,148.96626624,149.145312233,148.15061227200002,148.528598257,152161
515,134,2020-05-22 16:30:00,148.62806825299998,148.62806825299998,148.62806825299998,148.62806825299998,8522
516,133,2020-05-26 04:30:00,150.44836918299998,150.44836918299998,150.44836918299998,150.44836918299998,100
517,132,2020-05-26 08:30:00,151.164553155,151.164553155,151.164553155,151.164553155,200
518,131,2020-05-26 10:00:00,151.642009137,152.895331088,149.23483523,149.299490727,203118
519,130,2020-05-26 10:30:00,149.214941231,149.602874216,148.359499264,148.593253755,158177
520,129,2020-05-26 11:00:00,148.633041753,148.633041753,148.140665272,148.349552264,69842
521,128,2020-05-26 11:30:00,148.349552264,148.822034746,148.061089275,148.797167247,71638
522,127,2020-05-26 12:00:00,148.87674324399998,149.453669221,148.76235274799998,149.22986173,52349
523,126,2020-05-26 12:30:00,149.19504723100002,149.722238211,148.767326248,149.055789237,48819
524,125,2020-05-26 13:00:00,148.96626624,149.841602206,148.767326248,149.781920209,49655
525,124,2020-05-26 13:30:00,149.861496206,149.92117820299998,149.563086217,149.90625770399998,37378
526,123,2020-05-26 14:00:00,149.881390205,150.08023072700001,149.652609214,149.781920209,76484
527,122,2020-05-26 14:30:00,149.74213221,149.931125203,149.344252226,149.563086217,43157
528,121,2020-05-26 15:00:00,149.563086217,149.563086217,149.04584223700002,149.04584223700002,50174
529,120,2020-05-26 15:30:00,149.006054239,149.175153232,148.309764266,149.02594823799998,64154
530,119,2020-05-26 16:00:00,149.006054239,149.02594823799998,148.031248276,148.399287262,191784
531,118,2020-05-26 16:30:00,148.399287262,148.88370614299998,148.399287262,148.88370614299998,49531
532,117,2020-05-27 09:00:00,149.095577235,149.095577235,149.095577235,149.095577235,100
533,116,2020-05-27 09:30:00,148.618121254,148.737485249,148.359499264,148.359499264,675
534,115,2020-05-27 10:00:00,148.807114246,151.46296314399999,148.807114246,151.254076152,162638
535,114,2020-05-27 10:30:00,151.25904965200002,151.622115137,150.498104181,150.876090166,130372
536,113,2020-05-27 11:00:00,150.851222667,150.93577216399999,149.095577235,149.523298219,146592
537,112,2020-05-27 11:30:00,149.423828222,150.329005187,148.807114246,150.329005187,82037
538,111,2020-05-27 12:00:00,150.31408468799998,151.27397015100001,149.781920209,151.27397015100001,65401
539,110,2020-05-27 12:30:00,151.283917151,152.00010112299998,151.159579655,151.651956136,79014
540,109,2020-05-27 13:00:00,151.751426132,152.487504104,151.642009137,151.930472126,80420
541,108,2020-05-27 13:30:00,151.89068412700001,152.606868099,151.582327139,152.348246109,56523
542,107,2020-05-27 14:00:00,152.35819310899998,153.341951371,152.318405111,152.746126094,72094
543,106,2020-05-27 14:30:00,152.789594482,153.969607047,152.789594482,153.014695084,66486
544,105,2020-05-27 15:00:00,153.014695084,153.198714577,152.815755091,153.044536082,66769
545,104,2020-05-27 15:30:00,153.05448308200002,154.551506524,153.05448308200002,154.427169029,153096
546,103,2020-05-27 16:00:00,154.417222029,154.526639025,153.840296052,154.51669202600002,288365
547,102,2020-05-27 16:30:00,154.51669202600002,154.526639025,154.51669202600002,154.526639025,6771
548,101,2020-05-28 10:00:00,155.89932497200002,156.595614945,154.805155014,156.386727953,113688
549,100,2020-05-28 10:30:00,156.38662848299998,156.491171449,155.362186993,155.80980197600002,87352
550,99,2020-05-28 11:00:00,155.839642974,157.480897911,155.760066977,157.480897911,123340
551,98,2020-05-28 11:30:00,157.50079191,158.12745288600001,157.02333592899998,157.441109912,112628
552,97,2020-05-28 12:00:00,157.47095091100002,158.296551879,156.943759932,158.296551879,69200
553,96,2020-05-28 12:30:00,158.246816881,158.425862874,158.08766488700002,158.236869882,60988
554,95,2020-05-28 13:00:00,158.236869882,158.465650873,157.91856589399998,158.167240884,53189
555,94,2020-05-28 13:30:00,158.216975882,158.28660488,157.421215913,157.709678902,53612
556,93,2020-05-28 14:00:00,157.749466901,157.838989897,157.490844911,157.540579909,47558
557,92,2020-05-28 14:30:00,157.50079191,157.689784903,156.784607938,156.894024934,88200
558,91,2020-05-28 15:00:00,156.923865932,157.401321914,156.366833954,156.516038948,114924
559,90,2020-05-28 15:30:00,156.555826947,156.625455944,155.87943097299998,156.167893962,104841
560,89,2020-05-28 16:00:00,156.247469959,156.356886954,155.222928998,156.028635967,376073
561,88,2020-05-28 16:30:00,156.028635967,158.097611887,156.028635967,158.097611887,20619
562,87,2020-05-29 10:00:00,156.661182894,157.658453139,155.459472247,155.71377616,116076
563,86,2020-05-29 10:30:00,155.653939945,156.591373976,155.454485896,155.66391264799998,75122
564,85,2020-05-29 11:00:00,155.693830755,155.953121019,154.776342129,155.125386715,74645
565,84,2020-05-29 11:30:00,155.10544131,156.302165605,155.045605096,156.03290263899999,85660
566,83,2020-05-29 12:00:00,155.983039126,156.506606005,155.933175614,156.182493176,69517
567,82,2020-05-29 12:30:00,156.19246587799998,156.302165605,155.71377616,156.08276615100002,41335
568,81,2020-05-29 13:00:00,156.092738854,156.302165605,154.681601456,155.72873521399998,68203
569,80,2020-05-29 13:30:00,155.653939945,156.421838035,155.574158326,156.202438581,36698
570,79,2020-05-29 14:00:00,156.227370337,156.441783439,155.942151046,156.302165605,41475
571,78,2020-05-29 14:30:00,156.262274795,157.768152866,156.23235668799998,157.718289354,71804
572,77,2020-05-29 15:00:00,157.763166515,157.763166515,155.624021838,157.224640582,155267
573,76,2020-05-29 15:30:00,157.239599636,157.588644222,156.651210191,156.860636943,98152
574,75,2020-05-29 16:00:00,156.840691538,158.63577798,156.820746133,158.21692447700002,324704
575,74,2020-05-29 16:30:00,158.236869882,158.236869882,158.236869882,158.236869882,71955
576,73,2020-06-01 09:30:00,158.13714285700001,158.13714285700001,158.13714285700001,158.13714285700001,100
577,72,2020-06-01 10:00:00,157.897797998,160.141656051,157.897797998,159.044658781,119608
578,71,2020-06-01 10:30:00,158.865150136,158.865150136,158.087279345,158.785368517,72034
579,70,2020-06-01 11:00:00,158.895068244,159.24411283,158.13714285700001,158.446296633,87459
580,69,2020-06-01 11:30:00,158.396433121,158.396433121,157.194722475,157.35927206600002,54079
581,68,2020-06-01 12:00:00,157.37921747,157.827989081,157.279490446,157.728262056,43400
582,67,2020-06-01 12:30:00,157.773139217,158.236869882,157.638507734,157.937688808,30129
583,66,2020-06-01 13:00:00,157.927716106,158.167060965,157.790790901,157.932702457,30350
584,65,2020-06-01 13:30:00,157.977579618,158.17703366700002,157.628535032,157.967606915,37444
585,64,2020-06-01 14:00:00,157.94766151,158.521091902,157.778125569,158.496160146,44840
586,63,2020-06-01 14:30:00,158.56596906299998,159.064604186,158.366515014,158.974849864,46607
587,62,2020-06-01 15:00:00,158.974849864,158.974849864,158.466242038,158.835232029,68195
588,61,2020-06-01 15:30:00,158.83024567799998,159.044658781,158.196979072,158.21692447700002,69848
589,60,2020-06-01 16:00:00,158.226897179,158.71555959999998,157.967606915,158.52607825299998,210509
590,59,2020-06-01 16:30:00,158.506132848,158.506132848,158.506132848,158.506132848,4755
591,58,2020-06-02 10:00:00,158.466242038,158.650737034,155.99301182899998,158.406405823,146832
592,57,2020-06-02 10:30:00,158.456269336,158.501146497,156.955377616,157.82300273,97597
593,56,2020-06-02 11:00:00,157.897797998,158.994795268,157.842948135,158.521091902,87836
594,55,2020-06-02 11:30:00,158.496160146,158.974849864,158.226897179,158.70558689700002,97103
595,54,2020-06-02 12:00:00,158.695614195,160.759963603,158.63577798,160.390973612,118723
596,53,2020-06-02 12:30:00,160.400946315,160.650263876,159.832502275,160.30121929,37133
597,52,2020-06-02 13:00:00,160.371028207,160.71010009100002,160.111737944,160.610373066,52866
598,51,2020-06-02 13:30:00,160.63530482299998,161.128953594,160.535577798,161.069117379,33555
599,50,2020-06-02 14:00:00,161.03919927200002,162.305732484,160.929499545,161.827042766,67884
600,49,2020-06-02 14:30:00,161.727315742,162.176087352,161.18878980899999,161.966660601,81458
601,48,2020-06-02 15:00:00,161.926769791,162.604913558,161.56775250200002,162.455323021,97928
602,47,2020-06-02 15:30:00,162.455323021,162.80436760700002,162.026496815,162.305732484,148921
603,46,2020-06-02 16:00:00,162.27581437700002,162.904094631,161.547807097,162.80436760700002,358033
604,45,2020-06-02 16:30:00,162.744531392,162.744531392,162.744531392,162.744531392,2417608
605,44,2020-06-02 19:30:00,162.73455869,162.73455869,162.73455869,162.73455869,100
606,43,2020-06-03 10:00:00,164.200545951,164.200545951,162.026496815,162.51515923600002,84327
607,42,2020-06-03 10:30:00,162.44535031799998,162.61488626,161.715248772,161.976633303,81822
608,41,2020-06-03 11:00:00,161.976633303,162.589954504,161.537834395,161.742274795,70757
609,40,2020-06-03 11:30:00,161.787151956,162.934012739,161.787151956,162.355595996,74001
610,39,2020-06-03 12:00:00,162.380527753,162.558540491,162.111264786,162.285787079,54063
611,38,2020-06-03 12:30:00,162.295759782,162.465295723,161.487970883,161.76720655100002,71118
612,37,2020-06-03 13:00:00,161.807097361,161.860551046,160.94944495,161.308462238,62439
613,36,2020-06-03 13:30:00,161.31344859,161.408189263,160.680181984,160.879636033,48595
614,35,2020-06-03 14:00:00,160.81979981799998,161.393230209,160.81979981799998,161.358325751,43839
615,34,2020-06-03 14:30:00,161.38824385799998,161.91679708799998,161.38824385799998,161.577725205,80176
616,33,2020-06-03 15:00:00,161.577725205,161.936742493,161.45306642399999,161.507916288,52265
617,32,2020-06-03 15:30:00,161.52786169200002,161.961674249,161.138926297,161.946715196,71582
618,31,2020-06-03 16:00:00,161.936742493,162.215978162,161.178817106,161.178817106,246475
619,30,2020-06-03 16:30:00,161.278544131,161.278544131,161.278544131,161.278544131,11432
620,29,2020-06-04 08:30:00,161.278544131,161.278544131,161.208735214,161.208735214,200
621,28,2020-06-04 10:00:00,159.94220200200002,161.47799818,159.563239308,160.525605096,98336
622,27,2020-06-04 10:30:00,160.570482257,161.448080073,159.752720655,160.46078253,159315
623,26,2020-06-04 11:00:00,160.45579617799999,161.807097361,160.440837125,161.51788899,118368
624,25,2020-06-04 11:30:00,161.448080073,161.55777980000002,160.740018198,160.979363057,61017
625,24,2020-06-04 12:00:00,161.049171975,161.168844404,160.061874431,160.3411101,66217
626,23,2020-06-04 12:30:00,160.306205641,160.650164149,160.141656051,160.33113739799998,57469
627,22,2020-06-04 13:00:00,160.321164695,160.321164695,159.573212011,159.633048226,57476
628,21,2020-06-04 13:30:00,159.613102821,160.630318471,159.603130118,159.89233849,54571
629,20,2020-06-04 14:00:00,159.91228389399998,160.839745223,159.91228389399998,160.55053685200002,72769
630,19,2020-06-04 14:30:00,160.530591447,160.62034576899998,159.76269335799998,160.19151956299999,63812
631,18,2020-06-04 15:00:00,160.196505914,160.20647861700002,159.313921747,159.38373066399998,97218
632,17,2020-06-04 15:30:00,159.333867152,159.393703367,158.03741583299998,158.486187443,118459
633,16,2020-06-04 16:00:00,158.476214741,159.313921747,157.957634213,159.084549591,304415
634,15,2020-06-04 16:30:00,159.084549591,162.295759782,157.628535032,162.295759782,14139
635,14,2020-06-04 17:30:00,159.084549591,159.084549591,159.084549591,159.084549591,24593
636,13,2020-06-05 10:00:00,160.640291174,164.021037307,160.26132848,162.884149227,167254
637,12,2020-06-05 10:30:00,162.934012739,164.175614195,162.555050045,163.602183803,77259
638,11,2020-06-05 11:00:00,163.71188353,164.150682439,163.357852593,163.771719745,50630
639,10,2020-06-05 11:30:00,163.811610555,164.449863512,163.542347589,164.140709736,53712
640,9,2020-06-05 12:00:00,164.160655141,164.160655141,163.103548681,163.562292994,78690
641,8,2020-06-05 12:30:00,163.562292994,163.72185623299998,162.794394904,162.794394904,106537
642,7,2020-06-05 13:00:00,162.714613285,163.811610555,162.66474977299998,163.801637853,72544
643,6,2020-06-05 13:30:00,163.768029845,164.529645132,163.741801638,164.529645132,49621
644,5,2020-06-05 14:00:00,164.549590537,164.584494995,163.642074613,163.691938126,51670
645,4,2020-06-05 14:30:00,163.71188353,164.32021838,163.671992721,164.29030027299999,50589
646,3,2020-06-05 15:00:00,164.29030027299999,164.469808917,163.492484076,163.622129208,81618
647,2,2020-06-05 15:30:00,163.662020018,163.71188353,162.535104641,162.884149227,87131
648,1,2020-06-05 16:00:00,162.89910828,162.95395814399998,160.94944495,161.18878980899999,310048
649,0,2020-06-05 16:30:00,161.178817106,161.178817106,160.560509554,161.178817106,74695
650,289,2020-06-08 10:00:00,160.769936306,164.060928116,160.610373066,164.01106460399998,138056
651,288,2020-06-08 10:30:00,164.060928116,164.679235669,163.322948135,163.322948135,104731
652,287,2020-06-08 11:00:00,163.298016379,163.382784349,162.435377616,162.704640582,126535
653,286,2020-06-08 11:30:00,162.709626934,163.185823476,161.797124659,162.794394904,59194
654,285,2020-06-08 12:00:00,162.73455869,163.214245678,162.51515923600002,162.973903549,51774
655,284,2020-06-08 12:30:00,162.968917197,162.973903549,162.186060055,162.51017288399999,75534
656,283,2020-06-08 13:00:00,162.505186533,163.113521383,162.455323021,163.113521383,83672
657,282,2020-06-08 13:30:00,163.122496815,163.730731938,162.95395814399998,162.95395814399998,55939
658,281,2020-06-08 14:00:00,162.983876251,163.676979072,162.973903549,163.527388535,46297
659,280,2020-06-08 14:30:00,163.532374886,164.10081892600002,163.512429481,164.10081892600002,51483
660,279,2020-06-08 15:00:00,164.080873521,164.340163785,163.91133758,164.170627843,43454
661,278,2020-06-08 15:30:00,164.130737034,164.160655141,163.71188353,163.816596906,58159
662,277,2020-06-08 16:00:00,163.881419472,164.28032757100002,163.781692448,164.230464058,186487
663,276,2020-06-08 16:30:00,164.230464058,164.25040946299998,164.230464058,164.230464058,57716
664,275,2020-06-09 10:00:00,162.973903549,162.973903549,160.570482257,160.570482257,56120
665,274,2020-06-09 10:30:00,160.640291174,160.89958143799998,159.992065514,160.42089172,48490
666,273,2020-06-09 11:00:00,160.46078253,162.20600546,160.012010919,161.911810737,49324
667,272,2020-06-09 11:30:00,161.846988171,162.23592356700001,161.368298453,162.066387625,66580
668,271,2020-06-09 12:00:00,162.056414923,162.13619654200002,160.969390355,161.43810737,27880
669,270,2020-06-09 12:30:00,161.408189263,161.657506824,160.809827116,160.919526843,36097
670,269,2020-06-09 13:00:00,160.98933576,161.59767061,160.889608735,161.59767061,26799
671,268,2020-06-09 13:30:00,161.72232939,161.946715196,161.56775250200002,161.846988171,28946
672,267,2020-06-09 14:00:00,161.87191992700002,162.61488626,161.667479527,161.697397634,37753
673,266,2020-06-09 14:30:00,161.747261146,161.747261146,160.98933576,161.268571429,28151
674,265,2020-06-09 15:00:00,161.23865332100002,161.71734303899999,161.23865332100002,161.537834395,35455
675,264,2020-06-09 15:30:00,161.647534122,162.00655141,161.218707916,162.00655141,48898
676,263,2020-06-09 16:00:00,162.036469518,162.225950864,160.600400364,160.749990901,168650
677,262,2020-06-09 16:30:00,160.749990901,160.749990901,160.749990901,160.749990901,16148
678,261,2020-06-10 10:00:00,161.18878980899999,161.43810737,157.439053685,158.10722475,93844
679,260,2020-06-10 10:30:00,158.10722475,158.322934304,155.903257507,156.780855323,96207
680,259,2020-06-10 11:00:00,156.641237489,157.05011828899998,155.698817106,155.803530482,80786
681,258,2020-06-10 11:30:00,155.75366697,156.152575068,155.095468608,156.142602366,115238
682,257,2020-06-10 12:00:00,156.112684258,156.56145586899999,155.624021838,155.624021838,46443
683,256,2020-06-10 12:30:00,155.614049136,156.252302093,155.514322111,155.981343767,54025
684,255,2020-06-10 13:00:00,155.88331210200002,156.222383985,154.686587807,154.915959964,100663
685,254,2020-06-10 13:30:00,154.98277707,155.594103731,154.437270246,154.905987261,70467
686,253,2020-06-10 14:00:00,154.945878071,155.683858053,154.945878071,154.975796178,43711
687,252,2020-06-10 14:30:00,154.945878071,156.292192903,154.75639672399998,156.012957234,48029
688,251,2020-06-10 15:00:00,156.042875341,156.062820746,154.282693358,154.502092812,87146
689,250,2020-06-10 15:30:00,154.447242948,155.893284804,154.04833485,155.893284804,100225
690,249,2020-06-10 16:00:00,155.983039126,156.222383985,153.948607825,154.028389445,299229
691,248,2020-06-10 16:30:00,153.96855323,153.96855323,153.96855323,153.96855323,22322
692,247,2020-06-11 07:30:00,152.682074613,152.682074613,152.682074613,152.682074613,350
693,246,2020-06-11 08:30:00,149.181656051,149.181656051,149.181656051,149.181656051,100
694,245,2020-06-11 10:00:00,151.066496815,151.395595996,148.842584167,150.173939945,149628
695,244,2020-06-11 10:30:00,150.119090082,150.63767061,148.533430391,148.683020928,112723
696,243,2020-06-11 11:00:00,148.683020928,149.45091901700002,148.03978162,148.383839854,56902
697,242,2020-06-11 11:30:00,148.363894449,149.032065514,148.134522293,148.59326660600001,41414
698,241,2020-06-11 12:00:00,148.60822566,149.440946315,147.815395814,148.119563239,70925
699,240,2020-06-11 12:30:00,148.052646406,148.185682257,146.718398544,147.057470428,49191
700,239,2020-06-11 13:00:00,147.052484076,147.885204732,146.249681529,146.573794359,77695
701,238,2020-06-11 13:30:00,146.528917197,147.59599636,146.48902638799998,146.788207461,53049
702,237,2020-06-11 14:00:00,146.73834394899998,146.887934486,145.411974522,146.085131938,48733
703,236,2020-06-11 14:30:00,146.110063694,146.29954504100002,145.132738854,146.269626934,83624
704,235,2020-06-11 15:00:00,146.359381256,146.359381256,144.165386715,144.514431301,112507
705,234,2020-06-11 15:30:00,144.514431301,145.601455869,144.29503184700002,144.803639672,131059
706,233,2020-06-11 16:00:00,144.664021838,146.897907188,144.404731574,146.249681529,413255
707,232,2020-06-11 16:30:00,146.159927207,146.40924476799998,146.159927207,146.159927207,15655
708,231,2020-06-12 10:00:00,150.01936305700002,150.68753412200002,149.435959964,149.63042766200002,55781
709,230,2020-06-12 10:30:00,149.874758872,150.388353048,149.286369427,149.38609645100001,36768
710,229,2020-06-12 11:00:00,149.470864422,149.710209281,148.73288444,148.992174704,110084
711,228,2020-06-12 11:30:00,148.952283894,149.331246588,146.598726115,147.71566879,125064
712,227,2020-06-12 12:00:00,147.790464058,148.862529572,147.35665150100002,148.85255687,47001
713,226,2020-06-12 12:30:00,148.802693358,149.09688808,148.094631483,148.094631483,37574
714,225,2020-06-12 13:00:00,148.154467698,148.154467698,147.435735032,147.705696087,24141
715,224,2020-06-12 13:30:00,147.605969063,147.625914468,146.159927207,146.259654231,33164
716,223,2020-06-12 14:00:00,146.10009099200002,146.149954504,144.344895359,144.514431301,31928
717,222,2020-06-12 14:30:00,144.354868062,145.93055505,144.354868062,145.780964513,26067
718,221,2020-06-12 15:00:00,145.800909918,146.818125569,145.481783439,146.14496815299998,26579
719,220,2020-06-12 15:30:00,146.359381256,147.077415833,145.940527753,146.219763421,32549
720,219,2020-06-12 16:00:00,146.339435851,148.443676069,146.020309372,147.82536851700002,147183
721,218,2020-06-12 16:30:00,147.845313922,147.845313922,147.845313922,147.845313922,17422
722,217,2020-06-15 10:00:00,145.44189263,145.591483167,144.00582347600002,145.097834395,74110
723,216,2020-06-15 10:30:00,144.87344859,146.309517743,144.554322111,145.39202911700002,51958
724,215,2020-06-15 11:00:00,145.342165605,146.558835305,144.79366697,146.359381256,32239
725,214,2020-06-15 11:30:00,146.399272066,147.207060965,146.189845314,146.887934486,33002
726,213,2020-06-15 12:00:00,147.097361237,147.227006369,146.41921747,147.077415833,23137
727,212,2020-06-15 12:30:00,147.197088262,148.12853867200002,147.06744313,147.765532302,38760
728,211,2020-06-15 13:00:00,147.63588717,148.912393085,147.527184713,148.78274795299998,27023
729,210,2020-06-15 13:30:00,148.942311192,149.430973612,148.513484986,148.85255687,28100
730,209,2020-06-15 14:00:00,148.842584167,149.002147407,148.264167425,148.653102821,33184
731,208,2020-06-15 14:30:00,148.63315741600002,151.415541401,148.63315741600002,150.857070064,54640
732,207,2020-06-15 15:00:00,150.92687898100002,150.956797088,149.90966333,150.27366697,72635
733,206,2020-06-15 15:30:00,150.248735214,151.465404914,150.183912648,151.04655141,134395
734,205,2020-06-15 16:00:00,151.021619654,151.93412192899999,150.079199272,151.305841674,373796
735,204,2020-06-15 16:30:00,151.305841674,151.305841674,151.305841674,151.305841674,446785
736,203,2020-06-16 10:00:00,155.394649682,156.142602366,153.51978162,154.896014559,82871
737,202,2020-06-16 10:30:00,154.746424022,156.481674249,154.407352138,156.307151956,59220
738,201,2020-06-16 11:00:00,156.381947225,156.880582348,153.998471338,153.998471338,76685
739,200,2020-06-16 11:30:00,153.828935396,154.746424022,152.881528662,154.64669699700002,34474
740,199,2020-06-16 12:00:00,154.816232939,155.374704277,154.257761601,154.267734304,47305
741,198,2020-06-16 12:30:00,154.407352138,154.826205641,153.779071884,154.746424022,34561
742,197,2020-06-16 13:00:00,154.806260237,155.643967243,154.746424022,155.614049136,33215
743,196,2020-06-16 13:30:00,155.763639672,156.062820746,155.63399454,155.893284804,31408
744,195,2020-06-16 14:00:00,155.84342129200002,156.441783439,155.205168335,156.312138308,83706
745,194,2020-06-16 14:30:00,156.391919927,157.08003639700001,155.803530482,156.80080072799998,50566
746,193,2020-06-16 15:00:00,156.880582348,157.179763421,156.711046406,156.97033667,41181
747,192,2020-06-16 15:30:00,156.97033667,156.97033667,155.098560146,155.983039126,62924
748,191,2020-06-16 16:00:00,155.973066424,156.481674249,155.17525022700002,155.903257507,238235
749,190,2020-06-16 16:30:00,155.893284804,155.893284804,155.692235123,155.893284804,23823
750,189,2020-06-16 19:30:00,155.873339399,155.873339399,155.873339399,155.873339399,100
751,188,2020-06-16 20:00:00,155.893284804,155.893284804,155.893284804,155.893284804,100
752,187,2020-06-17 10:00:00,156.391919927,156.541510464,153.808989991,154.417324841,78051
753,186,2020-06-17 10:30:00,154.452229299,155.474431301,154.377434031,154.716505914,63239
754,185,2020-06-17 11:00:00,154.856123749,155.404622384,154.487133758,155.015686988,31577
755,184,2020-06-17 11:30:00,155.010700637,155.055577798,153.858853503,153.858853503,39777
756,183,2020-06-17 12:00:00,153.799017288,155.359745223,153.759126479,155.359745223,30209
757,182,2020-06-17 12:30:00,155.424567789,155.424567789,154.721492266,154.975796178,23826
758,181,2020-06-17 13:00:00,154.876069154,155.559199272,154.876069154,155.22511374,26617
759,180,2020-06-17 13:30:00,155.255031847,155.953121019,155.255031847,155.953121019,23845
760,179,2020-06-17 14:00:00,155.92818926299998,156.202438581,155.79355778,155.903257507,23642
761,178,2020-06-17 14:30:00,155.71377616,155.933175614,155.54922657,155.54922657,24087
762,177,2020-06-17 15:00:00,155.55421292100002,155.813503185,154.985768881,154.985768881,36186
763,176,2020-06-17 15:30:00,154.915959964,155.155304823,154.357488626,154.676615105,44648
764,175,2020-06-17 16:00:00,154.65666969999998,154.93590536899998,153.808989991,153.96855323,220167
765,174,2020-06-17 16:30:00,154.028389445,154.028389445,154.028389445,154.028389445,35341
766,173,2020-06-18 10:00:00,152.821692448,153.818962693,151.674831665,152.502565969,51549
767,172,2020-06-18 10:30:00,152.49558507700002,153.579617834,151.425514104,153.056050955,58641
768,171,2020-06-18 11:00:00,153.11588717,153.69929026399998,152.552429481,153.40010919,59240
769,170,2020-06-18 11:30:00,153.090955414,153.649426752,152.801747043,153.24553230200002,21493
770,169,2020-06-18 12:00:00,153.310354868,153.749153776,152.532484076,152.542456779,23740
771,168,2020-06-18 12:30:00,152.552429481,153.380163785,152.522511374,153.180709736,16136
772,167,2020-06-18 13:00:00,153.071010009,153.100928116,152.522511374,152.901474067,26930
773,166,2020-06-18 13:30:00,152.95133758,152.95133758,152.372920837,152.602292994,55369
774,165,2020-06-18 14:00:00,152.612265696,152.816706096,152.552429481,152.677088262,24927
775,164,2020-06-18 14:30:00,152.761856233,152.761856233,152.103657871,152.537470428,15234
776,163,2020-06-18 15:00:00,152.537470428,152.73193812600002,151.77455869,152.073739763,35588
777,162,2020-06-18 15:30:00,152.053794359,152.22333030000001,151.704749773,152.193412193,47155
778,161,2020-06-18 16:00:00,152.18343949,153.180709736,151.929135578,152.99122838899999,183784
779,160,2020-06-18 16:30:00,153.001201092,153.001201092,153.001201092,153.001201092,33399
780,159,2020-06-19 09:30:00,155.653939945,155.923202912,155.653939945,155.923202912,501
781,158,2020-06-19 10:00:00,155.733721565,158.007497725,155.075523203,157.169790719,261438
782,157,2020-06-19 10:30:00,157.020200182,157.219654231,156.052848044,156.132629663,48706
783,156,2020-06-19 11:00:00,156.112684258,156.790828025,155.693830755,156.36200182,49999
784,155,2020-06-19 11:30:00,156.391919927,156.571428571,155.733721565,156.32211101,42422
785,154,2020-06-19 12:00:00,156.32211101,156.641237489,155.99301182899998,156.342056415,26433
786,153,2020-06-19 12:30:00,156.391919927,156.391919927,154.566915378,155.0655505,36061
787,152,2020-06-19 13:00:00,155.075523203,155.604076433,154.706533212,155.604076433,23936
788,151,2020-06-19 13:30:00,155.604076433,155.683858053,154.920946315,155.13535941799998,25194
789,150,2020-06-19 14:00:00,155.085495905,155.55421292100002,154.671628753,154.76138307600002,30025
790,149,2020-06-19 14:30:00,154.686587807,155.115414013,154.347515924,154.69656051,36600
791,148,2020-06-19 15:00:00,154.666642402,155.823475887,154.387406733,155.723748863,43983
792,147,2020-06-19 15:30:00,155.693830755,156.252302093,155.434540491,155.57914467700002,59491
793,146,2020-06-19 16:00:00,155.52429481299998,156.591373976,155.115414013,156.292192903,263559
794,145,2020-06-19 16:30:00,156.27224749799998,156.27224749799998,156.270751592,156.27224749799998,49941
795,144,2020-06-22 10:00:00,156.002984531,157.05011828899998,153.619508644,153.958580528,75764
796,143,2020-06-22 10:30:00,153.958580528,155.414595086,153.544713376,155.005714286,42500
797,142,2020-06-22 11:00:00,154.94089172,155.10544131,154.028389445,154.197925387,52026
798,141,2020-06-22 11:30:00,154.098198362,154.626751592,153.794030937,153.958580528,68737
799,140,2020-06-22 12:00:00,153.958580528,154.477161056,153.76411283,154.257761601,26477
800,139,2020-06-22 12:30:00,154.267734304,155.50434940899999,154.22784349399998,155.274977252,29689
801,138,2020-06-22 13:00:00,155.29123275700002,155.604076433,155.115414013,155.125386715,35701
802,137,2020-06-22 13:30:00,155.055577798,155.294922657,154.766369427,154.766369427,27189
803,136,2020-06-22 14:00:00,154.806260237,155.205168335,154.556942675,155.0655505,28659
804,135,2020-06-22 14:30:00,155.070536852,155.115414013,154.57688808,155.0655505,23486
805,134,2020-06-22 15:00:00,155.115414013,155.444513194,154.886041856,155.304895359,31316
806,133,2020-06-22 15:30:00,155.334813467,155.424567789,154.532010919,154.636724295,37317
807,132,2020-06-22 16:00:00,154.681601456,154.985768881,154.287679709,154.46718835299998,189332
808,131,2020-06-22 16:30:00,154.46718835299998,154.46718835299998,154.46718835299998,154.46718835299998,11087
809,130,2020-06-23 10:00:00,155.84342129200002,155.983039126,154.671628753,155.22511374,35195
810,129,2020-06-23 10:30:00,154.99574158299998,155.115414013,154.287679709,154.532010919,42818
811,128,2020-06-23 11:00:00,154.57688808,154.75639672399998,153.784058235,154.31759781600002,32221
812,127,2020-06-23 11:30:00,154.277707006,155.514322111,154.197925387,155.329827116,108042
813,126,2020-06-23 12:00:00,155.319854413,155.379690628,154.53699727,154.801273885,89166
814,125,2020-06-23 12:30:00,154.84615104600002,154.965823476,154.177979982,154.965823476,83192
815,124,2020-06-23 13:00:00,155.095468608,155.501357598,154.920946315,155.255031847,70067
816,123,2020-06-23 13:30:00,155.274977252,155.444513194,154.84615104600002,155.170263876,36647
817,122,2020-06-23 14:00:00,155.195195632,155.574158326,155.110427662,155.31486806200002,49897
818,121,2020-06-23 14:30:00,155.26001819799998,155.46445859899998,154.726478617,155.070536852,100463
819,120,2020-06-23 15:00:00,155.02565969100002,155.26500455,154.417324841,154.651683348,40630
820,119,2020-06-23 15:30:00,154.60680618700002,154.60680618700002,153.868826206,153.888771611,60318
821,118,2020-06-23 16:00:00,153.878798908,153.958580528,153.001201092,153.160764331,220946
822,117,2020-06-23 16:30:00,153.250518653,153.250518653,153.250518653,153.250518653,11039
823,116,2020-06-24 10:00:00,152.13357597799998,153.908717015,152.003930846,152.293139217,61631
824,115,2020-06-24 10:30:00,152.073739763,152.507253139,151.779545041,152.293139217,59323
825,114,2020-06-24 11:00:00,152.22333030000001,152.22333030000001,150.21881710600002,151.07646951799998,80727
826,113,2020-06-24 11:30:00,151.08644222,151.335759782,150.50802547799998,151.051537762,64451
827,112,2020-06-24 12:00:00,151.07646951799998,151.305841674,149.53568698799998,149.97947224700002,87825
828,111,2020-06-24 12:30:00,149.929608735,150.278653321,148.877488626,149.042038217,70370
829,110,2020-06-24 13:00:00,148.92236578700002,149.66533212,148.643130118,149.66533212,44127
830,109,2020-06-24 13:30:00,149.730154686,149.730154686,148.862529572,148.937324841,33806
831,108,2020-06-24 14:00:00,148.88247497700002,149.740127389,148.264167425,149.720181984,39734
832,107,2020-06-24 14:30:00,149.849827116,150.059253867,149.14675159200002,150.02933576,37723
833,106,2020-06-24 15:00:00,149.86977252,150.358434941,149.859799818,149.98944495,21984
834,105,2020-06-24 15:30:00,150.049281165,151.066496815,150.044294813,150.627697907,37798
835,104,2020-06-24 16:00:00,150.642656961,151.20611465,149.775031847,150.15898089200002,209362
836,103,2020-06-24 16:30:00,150.149008189,150.149008189,150.149008189,150.149008189,18800
837,102,2020-06-25 10:00:00,150.01936305700002,150.677561419,148.832611465,149.959526843,86578
838,101,2020-06-25 10:30:00,149.929608735,151.24600546,149.929608735,149.929608735,43922
839,100,2020-06-25 11:00:00,149.90966333,149.969499545,148.692993631,149.27141037299998,50828
840,99,2020-06-25 11:30:00,149.191628753,150.01936305700002,148.792720655,149.530700637,43420
841,98,2020-06-25 12:00:00,149.50078253,149.999417652,149.141765241,149.670318471,43443
842,97,2020-06-25 12:30:00,149.79996360299998,150.537943585,149.720181984,150.15898089200002,29414
843,96,2020-06-25 13:00:00,150.238762511,150.448189263,149.90966333,149.969499545,21073
844,95,2020-06-25 13:30:00,149.94955414,150.099144677,149.590536852,150.01936305700002,27967
845,94,2020-06-25 14:00:00,149.94955414,150.248735214,149.730154686,150.049281165,23442
846,93,2020-06-25 14:30:00,150.089171975,150.12906278399998,149.680291174,149.720181984,42476
847,92,2020-06-25 15:00:00,149.770045496,149.770045496,149.27141037299998,149.680291174,36175
848,91,2020-06-25 15:30:00,149.620454959,151.285896269,149.480837125,151.096414923,46354
849,90,2020-06-25 16:00:00,151.066496815,151.36567788899998,150.68753412200002,150.87701546899999,179268
850,89,2020-06-25 16:30:00,150.87701546899999,150.87701546899999,150.87701546899999,150.87701546899999,14828
851,88,2020-06-26 09:30:00,154.566915378,154.566915378,154.566915378,154.566915378,500
852,87,2020-06-26 10:00:00,150.188898999,151.884258417,149.90966333,150.72742493200002,69576
853,86,2020-06-26 10:30:00,150.51799818,150.51799818,148.842584167,149.590536852,38542
854,85,2020-06-26 11:00:00,149.371137398,149.662140855,148.054740673,148.32400364,39729
855,84,2020-06-26 11:30:00,148.43370336700002,148.902420382,148.234249318,148.623184713,40554
856,83,2020-06-26 12:00:00,148.623184713,148.96225659700002,148.194358508,148.47858052799998,43296
857,82,2020-06-26 12:30:00,148.413757962,148.413757962,146.967716106,147.760545951,62845
858,81,2020-06-26 13:00:00,147.71566879,148.01484986399998,147.152211101,148.004877161,47557
859,80,2020-06-26 13:30:00,148.004877161,148.60323930799998,147.835341219,148.533430391,37685
860,79,2020-06-26 14:00:00,148.663075523,149.012120109,148.333976342,148.553375796,47037
861,78,2020-06-26 14:30:00,148.523457689,148.523457689,147.655832575,147.725641492,57749
862,77,2020-06-26 15:00:00,147.695723385,148.274140127,147.396542311,148.144494995,83116
863,76,2020-06-26 15:30:00,148.209317561,148.48855323,147.71566879,148.184385805,105402
864,75,2020-06-26 16:00:00,148.189372157,148.92236578700002,146.798180164,147.835341219,385163
865,74,2020-06-26 16:30:00,147.805423112,147.805423112,147.805423112,147.805423112,1054983
866,73,2020-06-26 17:00:00,147.955013649,147.955013649,147.955013649,147.955013649,300
867,72,2020-06-29 10:00:00,148.942311192,150.428243858,148.752829845,149.804949955,49623
868,71,2020-06-29 10:30:00,149.969499545,150.178926297,148.653102821,149.63042766200002,64863
869,70,2020-06-29 11:00:00,149.580564149,150.647643312,149.580564149,150.168953594,57808
870,69,2020-06-29 11:30:00,150.208844404,151.904203822,150.208844404,151.759599636,47508
871,68,2020-06-29 12:00:00,151.674831665,151.759599636,151.016633303,151.425514104,37687
872,67,2020-06-29 12:30:00,151.380138308,151.545186533,150.867042766,151.221073703,30825
873,66,2020-06-29 13:00:00,151.445459509,151.585077343,150.85826678799998,150.85826678799998,40928
874,65,2020-06-29 13:30:00,150.901947225,151.03657870799998,150.588604914,150.867042766,27776
875,64,2020-06-29 14:00:00,150.857070064,151.535213831,150.76232939,151.515268426,50686
876,63,2020-06-29 14:30:00,151.53022748,151.535213831,150.51799818,150.51799818,28403
877,62,2020-06-29 15:00:00,150.562875341,151.176196542,150.55788899,150.747370337,36033
878,61,2020-06-29 15:30:00,150.757343039,150.886988171,150.049281165,150.36840764299998,38225
879,60,2020-06-29 16:00:00,150.458161965,151.345732484,150.149008189,151.345732484,127616
880,59,2020-06-29 16:30:00,151.355705187,151.355705187,151.355705187,151.355705187,46512
881,58,2020-06-30 08:30:00,150.587807097,150.587807097,150.587807097,150.587807097,1000
882,57,2020-06-30 10:00:00,150.418271156,151.545186533,149.550646042,150.024349409,55608
883,56,2020-06-30 10:30:00,149.819909008,150.946824386,149.680291174,150.438216561,60759
884,55,2020-06-30 11:00:00,150.47810737,151.581088262,150.47810737,151.475377616,53824
885,54,2020-06-30 11:30:00,151.45044586,152.372920837,151.385623294,152.17346678799998,87031
886,53,2020-06-30 12:00:00,152.083712466,152.49259326700002,151.799490446,152.472647862,58515
887,52,2020-06-30 12:30:00,152.522511374,153.150791629,152.432757052,153.07599636,45764
888,51,2020-06-30 13:00:00,153.02114649700002,153.22060054600001,151.969026388,152.243275705,40149
889,50,2020-06-30 13:30:00,152.17346678799998,152.362948135,151.993958144,152.243275705,27280
890,49,2020-06-30 14:00:00,152.243275705,152.372920837,151.89423111899998,152.113630573,35202
891,48,2020-06-30 14:30:00,152.078726115,152.482620564,151.78453139200002,152.46267515899999,36566
892,47,2020-06-30 15:00:00,152.432757052,152.432757052,151.704749773,151.89423111899998,53851
893,46,2020-06-30 15:30:00,151.93412192899999,152.26322111,151.445459509,152.19839854399999,60279
894,45,2020-06-30 16:00:00,152.17346678799998,154.068280255,152.043821656,152.931392175,202336
895,44,2020-06-30 16:30:00,153.001201092,153.001201092,153.001201092,153.001201092,34802
896,43,2020-07-01 09:00:00,153.001201092,153.001201092,153.001201092,153.001201092,4862
897,42,2020-07-01 10:00:00,153.001201092,154.46718835299998,152.16349408600001,152.42278434899998,90374
898,41,2020-07-01 10:30:00,152.432757052,153.380163785,152.003930846,152.377907188,45859
899,40,2020-07-01 11:00:00,152.39785259299998,152.432657325,150.06922657,150.473121019,120252
900,39,2020-07-01 11:30:00,150.51799818,151.545186533,150.109117379,150.208844404,66095
901,38,2020-07-01 12:00:00,150.208844404,150.83712465899998,150.208844404,150.32851683299998,57866
902,37,2020-07-01 12:30:00,150.288626024,150.55788899,150.049281165,150.468134668,52401
903,36,2020-07-01 13:00:00,150.388353048,151.555159236,150.348462238,150.92687898100002,80364
904,35,2020-07-01 13:30:00,150.92687898100002,151.585077343,150.83712465899998,151.375650591,50183
905,34,2020-07-01 14:00:00,151.415541401,151.505295723,150.378380346,150.483093722,42471
906,33,2020-07-01 14:30:00,150.494362875,150.737397634,150.084185623,150.458161965,71029
907,32,2020-07-01 15:00:00,150.458161965,150.627697907,149.98944495,150.542929936,47282
908,31,2020-07-01 15:30:00,150.577834395,151.006660601,150.388353048,150.936851683,75993
909,30,2020-07-01 16:00:00,150.95181073700002,151.435486806,150.188898999,150.587807097,253107
910,29,2020-07-01 16:30:00,150.498052775,151.08644222,150.498052775,150.986715196,34604
911,28,2020-07-02 10:00:00,151.714722475,154.57688808,151.714722475,154.517051865,68436
912,27,2020-07-02 10:30:00,154.69656051,154.93590536899998,153.96855323,153.96855323,85566
913,26,2020-07-02 11:00:00,154.028389445,155.404622384,153.559672429,154.267734304,109440
914,25,2020-07-02 11:30:00,154.267734304,154.721492266,153.988498635,154.357488626,103317
915,24,2020-07-02 12:00:00,154.387406733,154.766369427,154.197925387,154.362474977,20146
916,23,2020-07-02 12:30:00,154.37244768,154.417324841,153.330300273,153.330300273,24075
917,22,2020-07-02 13:00:00,153.41008189299998,154.108171065,153.41008189299998,153.709262966,25083
918,21,2020-07-02 13:30:00,153.78904458600002,154.12811647,153.759126479,153.908717015,33311
919,20,2020-07-02 14:00:00,153.918689718,154.079649136,153.37019108299998,153.37019108299998,41173
920,19,2020-07-02 14:30:00,153.310354868,153.469918107,153.100928116,153.420054595,20073
921,18,2020-07-02 15:00:00,153.449972702,153.818962693,153.320327571,153.559672429,23503
922,17,2020-07-02 15:30:00,153.51978162,153.649426752,152.98125568700002,153.180709736,35853
923,16,2020-07-02 16:00:00,153.17073703399998,153.330300273,152.066359964,152.26322111,147547
924,15,2020-07-02 16:30:00,152.31308462200002,152.31308462200002,152.31308462200002,152.31308462200002,8384
925,14,2020-07-02 18:30:00,152.333030027,152.333030027,152.333030027,152.333030027,101
926,13,2020-07-06 10:00:00,154.00844404,154.402365787,152.57736123700002,153.340272975,44362
927,12,2020-07-06 10:30:00,153.340272975,154.158034577,152.298125569,152.482620564,40222
928,11,2020-07-06 11:00:00,152.392866242,153.280436761,152.362948135,152.961310282,24975
929,10,2020-07-06 11:30:00,153.041091902,153.180709736,152.323057325,152.542456779,34742
930,9,2020-07-06 12:00:00,152.537470428,152.79676069200002,152.442729754,152.49259326700002,20185
931,8,2020-07-06 12:30:00,152.532484076,152.532484076,151.560145587,151.969026388,24410
932,7,2020-07-06 13:00:00,151.904203822,151.904203822,151.425514104,151.64491355799998,29888
933,6,2020-07-06 13:30:00,151.64491355799998,151.65488626,151.201128298,151.345732484,26272
934,5,2020-07-06 14:00:00,151.375650591,151.689790719,151.315814377,151.545186533,26250
935,4,2020-07-06 14:30:00,151.595050045,151.60502274799998,150.63767061,150.667588717,41510
936,3,2020-07-06 15:00:00,150.682547771,150.92189263,150.36840764299998,150.552902639,45314
937,2,2020-07-06 15:30:00,150.537943585,150.722438581,149.969499545,150.139035487,77280
938,1,2020-07-06 16:00:00,150.15898089200002,151.186169245,150.009390355,151.096414923,157971
939,0,2020-07-06 16:30:00,151.096414923,151.096414923,151.096414923,151.096414923,8806
