,index,time,open,high,low,close,volume
0,133,2020-03-09 10:00:00,22.3140690672,22.3140690672,22.3140690672,22.3140690672,3346
1,132,2020-03-09 10:30:00,22.0672849587,22.1811341876,22.0672849587,22.1621434906,636
2,131,2020-03-09 11:00:00,22.171638839099998,22.219115581799997,21.982301589200002,21.982301589200002,525
3,130,2020-03-09 12:00:00,21.990752449400002,21.990752449400002,21.990752449400002,21.990752449400002,604
4,129,2020-03-09 13:30:00,22.1621434906,22.206106954299997,22.0772550746,22.1621434906,973
5,128,2020-03-09 14:30:00,22.3140690672,22.361545809899997,22.3045737187,22.361545809899997,2273
6,127,2020-03-09 15:00:00,22.361545809899997,22.361545809899997,21.506964441399997,21.535450487,800
7,126,2020-03-09 16:00:00,21.573431881100003,21.573431881100003,21.573431881100003,21.573431881100003,100
8,125,2020-03-10 11:00:00,21.8393016402,21.8393016402,21.3740295618,21.431001653,2800
9,124,2020-03-10 12:30:00,21.431001653,21.431001653,21.0321970144,21.0321970144,1592
10,123,2020-03-10 14:00:00,21.069893548099998,21.069893548099998,21.069893548099998,21.069893548099998,101
11,122,2020-03-10 15:00:00,21.3645342133,21.6493946694,21.3550388647,21.5924225782,1830
12,121,2020-03-10 15:30:00,21.639899320900003,21.639899320900003,21.5544411841,21.5544411841,746
13,120,2020-03-10 16:00:00,21.8393016402,21.8487969888,21.8393016402,21.8487969888,200
14,119,2020-03-11 10:00:00,21.3645342133,21.3645342133,21.3645342133,21.3645342133,516
15,118,2020-03-12 10:00:00,21.1271504998,21.1271504998,20.177615645899998,20.177615645899998,352
16,117,2020-03-12 10:30:00,20.4149993593,20.4149993593,20.4149993593,20.4149993593,1200
17,116,2020-03-12 12:00:00,20.4150943128,20.4150943128,20.4150943128,20.4150943128,330
18,115,2020-03-12 12:30:00,20.443485405,20.443485405,19.3230342773,19.3230342773,2532
19,114,2020-03-12 13:00:00,19.3135389288,19.3135389288,18.6393691825,18.648864530999997,470
20,113,2020-03-12 13:30:00,19.7503249616,19.9402319324,19.7503249616,19.9402319324,932
21,112,2020-03-12 16:00:00,20.0541761149,20.111148206099998,20.0541761149,20.111148206099998,240
22,111,2020-03-13 12:30:00,20.5770204877,20.5770204877,20.5770204877,20.5770204877,757
23,110,2020-03-13 13:30:00,21.2532605976,21.2532605976,21.2532605976,21.2532605976,400
24,109,2020-03-13 14:00:00,20.7605713746,20.7702319476,20.7509108016,20.7605713746,2500
25,108,2020-03-13 15:00:00,21.2049577326,21.2532605976,21.2049577326,21.2532605976,1200
26,107,2020-03-13 15:30:00,21.2242788786,21.2532605976,21.2242788786,21.2532605976,333
27,106,2020-03-13 16:00:00,21.2242788786,21.2532605976,21.2242788786,21.2532605976,500
28,105,2020-03-16 10:00:00,20.8378559586,20.8378559586,20.8378559586,20.8378559586,200
29,104,2020-03-16 12:00:00,20.0456889727,20.0456889727,20.0456889727,20.0456889727,250
30,103,2020-03-16 13:00:00,19.2342008408,19.3211459978,19.1472556838,19.3211459978,2500
31,102,2020-03-16 13:30:00,18.3550886979,18.3647492709,18.0652715079,18.0652715079,1085
32,101,2020-03-16 14:00:00,18.0652715079,18.0652715079,17.9879869239,18.0169686429,3241
33,100,2020-03-17 11:30:00,18.3647492709,18.9540442238,18.3647492709,18.9540442238,731
34,99,2020-03-17 13:00:00,17.939684059,17.939684059,16.8480393101,16.8480393101,920
35,98,2020-03-17 14:00:00,17.823757182999998,17.8578590057,16.770754726099998,16.8576998831,1020
36,97,2020-03-17 14:30:00,16.8093970181,16.8735432228,16.8093970181,16.8735432228,1200
37,96,2020-03-17 15:00:00,16.8673604561,16.8673604561,16.8625301696,16.8625301696,1000
38,95,2020-03-17 16:00:00,17.91070234,17.939684059,17.0026084781,17.0026084781,3793
39,94,2020-03-18 10:00:00,16.9446450401,16.9446450401,15.9206243022,16.538900974100002,3425
40,93,2020-03-18 10:30:00,16.529240401099997,16.6451672771,16.529240401099997,16.6451672771,1200
41,92,2020-03-18 11:00:00,16.538900974100002,16.538900974100002,15.9399454482,15.9399454482,7200
42,91,2020-03-18 11:30:00,15.8191882857,15.9399454482,15.698431123199999,15.7950368532,1950
43,90,2020-03-18 12:00:00,16.2059010228,16.2780655031,16.2059010228,16.2780655031,964
44,89,2020-03-18 12:30:00,16.2780655031,16.2780655031,15.698431123199999,15.9302848752,3175
45,88,2020-03-18 13:00:00,15.698431123199999,15.7177522692,14.7710161153,14.973888148299999,3770
46,87,2020-03-18 13:30:00,14.790337261300001,14.973888148299999,14.790337261300001,14.8511022655,701
47,86,2020-03-18 14:00:00,15.3506504952,15.524540809200001,14.6840709583,15.524540809200001,1400
48,85,2020-03-18 14:30:00,14.6840709583,14.6840709583,14.6840709583,14.6840709583,2957
49,84,2020-03-18 15:00:00,14.6840709583,14.6840709583,14.6840709583,14.6840709583,200
50,83,2020-03-18 15:30:00,14.693731531300001,14.693731531300001,13.669710793399998,13.810755159200001,2334
51,82,2020-03-19 10:30:00,13.041773548499998,13.7952982424,13.041773548499998,13.7952982424,800
52,81,2020-03-19 11:00:00,12.9495150764,13.5151416255,12.9495150764,13.5151416255,1081
53,80,2020-03-19 15:30:00,12.6215386231,12.6215386231,12.6215386231,12.6215386231,850
54,79,2020-03-19 16:00:00,13.5151416255,14.4232354874,13.5151416255,13.5151416255,509
55,78,2020-03-20 11:00:00,14.4715383523,14.6357680933,14.4232354874,14.6357680933,3901
56,77,2020-03-20 11:30:00,14.7952641535,14.7952641535,14.490859498299999,14.490859498299999,4292
57,76,2020-03-20 12:00:00,14.442556633399999,14.442556633399999,14.442556633399999,14.442556633399999,400
58,75,2020-03-20 12:30:00,13.862922253399999,13.862922253399999,13.814619388399999,13.814619388399999,1291
59,74,2020-03-20 14:00:00,13.814619388399999,13.814619388399999,13.766316523399999,13.766316523399999,1100
60,73,2020-03-20 15:00:00,13.766316523399999,13.814619388399999,13.766316523399999,13.814619388399999,900
61,72,2020-03-23 11:00:00,13.1770215705,13.1770215705,12.954828391500001,12.954828391500001,791
62,71,2020-03-23 11:30:00,12.954828391500001,12.954828391500001,12.8485620885,12.8485620885,299
63,70,2020-03-23 12:00:00,12.674092140199999,12.674092140199999,12.674092140199999,12.674092140199999,418
64,69,2020-03-23 12:30:00,12.510442033599999,12.510442033599999,11.9404682266,11.9404682266,704
65,68,2020-03-23 13:30:00,12.558744898599999,12.6650112016,12.549084325599999,12.5877266176,2766
66,67,2020-03-23 14:30:00,12.5742018154,12.918021608399998,12.5684054716,12.918021608399998,1602
67,66,2020-03-23 15:30:00,12.5877266176,12.5877266176,12.5877266176,12.5877266176,1660
68,65,2020-03-23 16:00:00,12.452478595599999,12.452478595599999,12.0660556756,12.0660556756,944
69,64,2020-03-24 10:00:00,11.9984316646,12.8292409425,11.9984316646,12.8292409425,2979
70,63,2020-03-24 10:30:00,12.9451678185,13.138379278499999,12.9451678185,13.138379278499999,1403
71,62,2020-03-24 11:00:00,13.138379278499999,13.143209565,12.7692487842,13.143209565,1322
72,61,2020-03-24 11:30:00,13.143209565,13.162530710999999,13.0504680642,13.0504680642,2700
73,60,2020-03-24 12:00:00,13.0707552675,13.0707552675,13.051434121500002,13.061094694500001,3788
74,59,2020-03-24 13:00:00,13.283287873499999,13.5248021985,13.186682143499999,13.5248021985,700
75,58,2020-03-24 14:30:00,13.5248021985,13.5248021985,13.5151416255,13.5151416255,900
76,57,2020-03-24 15:00:00,13.4764993335,13.5248021985,13.4764993335,13.5248021985,1900
77,56,2020-03-25 11:30:00,12.5780660446,12.5780660446,12.5780660446,12.5780660446,400
78,55,2020-03-25 12:00:00,13.534462771500001,13.5441233445,13.5248021985,13.5441233445,600
79,54,2020-03-25 12:30:00,14.7323738233,14.7323738233,14.7323738233,14.7323738233,100
80,53,2020-03-25 15:00:00,13.7952982424,13.7952982424,13.7952982424,13.7952982424,476
81,52,2020-03-26 10:00:00,14.4328960604,14.4328960604,14.4328960604,14.4328960604,200
82,51,2020-03-26 11:00:00,14.0464731404,14.220363454400001,14.0464731404,14.220363454400001,7500
83,50,2020-03-26 12:00:00,14.220363454400001,14.220363454400001,14.220363454400001,14.220363454400001,2500
84,49,2020-03-26 12:30:00,14.2010423084,14.490859498299999,14.1430788704,14.490859498299999,8054
85,48,2020-03-26 13:00:00,14.8772824183,14.8772824183,14.8772824183,14.8772824183,100
86,47,2020-03-26 13:30:00,15.0028698673,15.0028698673,14.7806766883,14.7806766883,1635
87,46,2020-03-26 14:00:00,14.7587471876,14.963261518,14.7587471876,14.963261518,328
88,45,2020-03-26 14:30:00,14.944906429300001,14.944906429300001,14.944906429300001,14.944906429300001,224
89,44,2020-03-26 15:30:00,14.935245856300002,14.935245856300002,14.925585283299998,14.925585283299998,458
90,43,2020-03-26 16:00:00,14.7613555423,14.7613555423,14.7323738233,14.7323738233,1218
91,42,2020-03-27 11:00:00,15.022191013299999,15.022191013299999,15.022191013299999,15.022191013299999,577
92,41,2020-03-27 11:30:00,16.4229740981,16.4229740981,16.4229740981,16.4229740981,186
93,40,2020-03-27 14:30:00,14.983548721300002,14.983548721300002,14.983548721300002,14.983548721300002,2400
94,39,2020-03-27 15:00:00,14.8579612723,14.924329408800002,14.8579612723,14.924329408800002,300
95,38,2020-03-27 15:30:00,14.8772824183,14.8772824183,14.8772824183,14.8772824183,191
96,37,2020-03-27 16:00:00,14.8289795533,14.9279038208,14.7401022817,14.790337261300001,833
97,36,2020-03-27 16:30:00,14.5005200713,14.5005200713,14.5005200713,14.5005200713,200
98,35,2020-03-30 10:00:00,15.3699716412,15.3699716412,15.3699716412,15.3699716412,1638
99,34,2020-03-30 12:30:00,14.0691754869,14.0691754869,14.0691754869,14.0691754869,375
100,33,2020-03-30 13:00:00,14.355611476400002,14.355611476400002,14.355611476400002,14.355611476400002,100
101,32,2020-03-30 14:30:00,15.302830658900001,15.302830658900001,15.302830658900001,15.302830658900001,100
102,31,2020-03-31 12:00:00,14.5391623633,14.973888148299999,14.5101806443,14.973888148299999,726
103,30,2020-03-31 12:30:00,15.070493878299999,15.070493878299999,15.070493878299999,15.070493878299999,156
104,29,2020-03-31 13:00:00,14.983548721300002,14.983548721300002,14.973888148299999,14.973888148299999,1226
105,28,2020-03-31 13:30:00,14.973888148299999,14.973888148299999,14.973888148299999,14.973888148299999,256
106,27,2020-03-31 14:30:00,15.1469090107,15.3989533602,15.1469090107,15.3969246399,2800
107,26,2020-03-31 15:00:00,15.476237944200001,15.611485966199998,15.4569167982,15.4569167982,11314
108,25,2020-03-31 15:30:00,16.0655328972,16.0655328972,15.698431123199999,15.746733988199999,4202
109,24,2020-03-31 16:00:00,16.0655328972,16.0655328972,15.698431123199999,15.698431123199999,1700
110,23,2020-04-01 10:00:00,15.2154024733,15.2154024733,15.2154024733,15.2154024733,200
111,22,2020-04-01 10:30:00,14.490859498299999,14.490859498299999,14.490859498299999,14.490859498299999,491
112,21,2020-04-01 13:00:00,14.742034396300001,14.742034396300001,14.5874652283,14.5874652283,4302
113,20,2020-04-01 13:30:00,14.5874652283,14.5874652283,14.5874652283,14.5874652283,1673
114,19,2020-04-02 10:00:00,15.2637053383,15.2637053383,15.2637053383,15.2637053383,1000
115,18,2020-04-02 12:00:00,14.973888148299999,14.973888148299999,14.973888148299999,14.973888148299999,194
116,17,2020-04-02 12:30:00,14.973888148299999,15.2057419003,14.973888148299999,15.2057419003,500
117,16,2020-04-02 14:00:00,14.742034396300001,14.742034396300001,14.7323738233,14.7323738233,604
118,15,2020-04-02 15:30:00,14.7323738233,14.8531309858,14.7323738233,14.8531309858,224
119,14,2020-04-03 14:30:00,14.5295017903,14.5295017903,14.490859498299999,14.490859498299999,1302
120,13,2020-04-03 15:00:00,14.490859498299999,14.964227575299999,14.490859498299999,14.964227575299999,1100
121,12,2020-04-03 15:30:00,14.490859498299999,14.5198412173,14.3749326224,14.3749326224,3679
122,11,2020-04-06 11:00:00,13.621407928399998,13.689128545199999,13.5248021985,13.582765636500001,3400
123,10,2020-04-06 12:00:00,13.7952982424,13.7952982424,13.7952982424,13.7952982424,345
124,9,2020-04-06 12:30:00,14.210702881400001,14.5198412173,14.210702881400001,14.403914341400002,1900
125,8,2020-04-06 13:00:00,14.5391623633,15.1864207543,14.3749326224,15.1864207543,3180
126,7,2020-04-06 14:00:00,15.1864207543,15.1864207543,14.973888148299999,14.973888148299999,1500
127,6,2020-04-06 14:30:00,14.973888148299999,14.973888148299999,14.925585283299998,14.925585283299998,1428
128,5,2020-04-06 15:00:00,14.898149255999998,15.2830264843,14.898149255999998,15.2830264843,503
129,4,2020-04-07 10:00:00,15.8723214372,15.8723214372,15.8723214372,15.8723214372,200
130,3,2020-04-07 10:30:00,15.1381178893,15.1381178893,15.1381178893,15.1381178893,349
131,2,2020-04-07 11:00:00,15.2057419003,15.3603110682,15.1670996083,15.3603110682,500
132,1,2020-04-07 11:30:00,15.476237944200001,15.476237944200001,15.4665773712,15.4665773712,600
133,0,2020-04-07 12:00:00,15.553522528199998,15.553522528199998,15.553522528199998,15.553522528199998,100
