,index,time,open,high,low,close,volume
0,137,2019-10-11 10:00:00,18.4204017912,18.586570056099998,18.1810647842,18.586570056099998,1240
1,136,2019-10-11 10:30:00,18.3862107902,18.3862107902,18.3862107902,18.3862107902,270
2,135,2019-10-11 13:30:00,18.37766304,19.198247064100002,18.37766304,19.198247064100002,1010
3,134,2019-10-11 14:30:00,18.4070673009,18.4070673009,18.0443862577,18.0613962807,3575
4,133,2019-10-14 08:30:00,18.8006934973,18.8006934973,18.8006934973,18.8006934973,1000
5,132,2019-10-14 10:00:00,18.7237815693,18.7237815693,18.4022897105,18.4022897105,506
6,131,2019-10-14 12:00:00,18.3819507785,18.3819507785,18.3819507785,18.3819507785,100
7,130,2019-10-14 12:30:00,18.7318145929,18.8006934973,18.7318145929,18.7921477275,1522
8,129,2019-10-14 14:00:00,18.757964648399998,18.8006934973,18.4332253971,18.4765524498,3000
9,128,2019-10-14 15:30:00,18.4503169366,18.4503169366,18.0572115272,18.373405008699997,1370
10,127,2019-10-14 16:00:00,18.4246796273,18.4503169366,18.4246796273,18.437498282,750
11,126,2019-10-15 10:00:00,18.464828987,18.464828987,18.464828987,18.464828987,365
12,125,2019-10-15 12:00:00,18.7212849452,18.7212849452,18.7212849452,18.7212849452,500
13,124,2019-10-15 13:00:00,18.7212849452,18.7212849452,18.7212849452,18.7212849452,1000
14,123,2019-10-15 13:30:00,18.7212849452,18.7212849452,18.7212849452,18.7212849452,800
15,122,2019-10-15 16:00:00,18.6357996258,18.6970071144,18.6357996258,18.6970071144,450
16,121,2019-10-16 10:00:00,18.6939297993,18.6939297993,18.5058792938,18.598451429,7493
17,120,2019-10-16 11:00:00,18.6340955475,18.6340955475,18.6340955475,18.6340955475,415
18,119,2019-10-16 12:30:00,18.5400702948,18.5999045465,18.5400702948,18.5999045465,267
19,118,2019-10-16 14:00:00,18.6255477973,18.6255477973,18.6255477973,18.6255477973,100
20,117,2019-10-16 14:30:00,18.6340955475,18.6340955475,18.6340955475,18.6340955475,600
21,116,2019-10-16 15:30:00,18.6340955475,18.6340955475,18.6340955475,18.6340955475,1900
22,115,2019-10-17 10:30:00,18.6205901021,18.6205901021,18.6205901021,18.6205901021,100
23,114,2019-10-17 11:00:00,18.581441406,18.581441406,18.3023573603,18.3023573603,3302
24,113,2019-10-17 12:30:00,18.4830568006,18.4830568006,18.4830568006,18.4830568006,295
25,112,2019-10-17 13:30:00,18.548618045,18.548618045,18.548618045,18.548618045,1000
26,111,2019-10-17 16:00:00,18.4631405425,18.4631405425,18.4631405425,18.4631405425,350
27,110,2019-10-18 10:00:00,18.3947585405,18.4095461484,18.3947585405,18.4095461484,1172
28,109,2019-10-18 10:30:00,18.3947585405,18.3947585405,18.3947585405,18.3947585405,200
29,108,2019-10-18 11:00:00,18.4007419657,18.4007419657,18.4007419657,18.4007419657,275
30,107,2019-10-18 14:00:00,18.403306290699998,18.403306290699998,18.403306290699998,18.403306290699998,3200
31,106,2019-10-18 15:00:00,18.411854040999998,18.411854040999998,18.37766304,18.37766304,7366
32,105,2019-10-18 15:30:00,18.206708035,18.343472039,18.206708035,18.343472039,1100
33,104,2019-10-21 10:00:00,18.334924288699998,18.334924288699998,18.1212305325,18.1584132461,400
34,103,2019-10-21 11:00:00,18.343472039,18.343472039,18.343472039,18.343472039,835
35,102,2019-10-21 12:00:00,18.2494467862,18.2921855375,18.2494467862,18.2921855375,1000
36,101,2019-10-21 12:30:00,18.0784917812,18.0784917812,18.0784917812,18.0784917812,427
37,100,2019-10-21 13:00:00,18.206708035,18.2381637559,18.206708035,18.2381637559,1000
38,99,2019-10-21 14:00:00,18.206708035,18.206708035,18.206708035,18.206708035,900
39,98,2019-10-21 14:30:00,18.206708035,18.206708035,18.1639692837,18.1639692837,2500
40,97,2019-10-21 15:00:00,18.1639692837,18.1639692837,18.1639692837,18.1639692837,600
41,96,2019-10-21 16:00:00,18.0784917812,18.0784917812,18.0784917812,18.0784917812,500
42,95,2019-10-22 10:00:00,17.9930142787,17.9930142787,17.9930142787,17.9930142787,200
43,94,2019-10-22 11:00:00,17.9266837367,17.9266837367,17.330734589200002,17.330734589200002,400
44,93,2019-10-22 11:30:00,18.1554215335,18.1554215335,18.1554215335,18.1554215335,100
45,92,2019-10-22 12:00:00,17.9633535853,17.9633535853,17.9633535853,17.9633535853,500
46,91,2019-10-22 13:00:00,17.9588232777,17.9588232777,17.9588232777,17.9588232777,200
47,90,2019-10-22 15:00:00,17.9588232777,17.9588232777,17.9588232777,17.9588232777,200
48,89,2019-10-23 10:00:00,17.8135115234,17.8135115234,17.8135115234,17.8135115234,238
49,88,2019-10-23 11:00:00,17.7622250219,17.8211190211,17.362874130199998,17.362874130199998,796
50,87,2019-10-23 11:30:00,17.5228880149,17.5228880149,17.3581728675,17.4374105124,2475
51,86,2019-10-23 12:00:00,17.9501900499,17.9501900499,17.4928854115,17.4928854115,800
52,85,2019-10-23 14:00:00,17.480149263599998,17.480149263599998,17.480149263599998,17.480149263599998,100
53,84,2019-10-23 14:30:00,17.449377362699998,17.449377362699998,17.2664555073,17.2664555073,868
54,83,2019-10-23 15:00:00,17.2835510078,17.3699687629,17.1382392536,17.1382392536,3928
55,82,2019-10-24 10:00:00,17.1040482526,17.3267171466,17.1040482526,17.1980735053,6060
56,81,2019-10-24 10:30:00,17.5228880149,17.5869961418,17.5092116145,17.5092116145,1785
57,80,2019-10-24 11:00:00,17.6153746726,17.6153746726,17.6153746726,17.6153746726,313
58,79,2019-10-24 11:30:00,17.5539163483,17.5882783043,17.2408122566,17.3234690015,3270
59,78,2019-10-24 12:00:00,17.2408122566,17.2408122566,17.2237167561,17.2237167561,1000
60,77,2019-10-24 13:00:00,17.2613268572,17.3077411411,16.8262463694,16.8262463694,2540
61,76,2019-10-24 13:30:00,16.7535904923,16.7535904923,16.7535904923,16.7535904923,1000
62,75,2019-10-24 14:00:00,16.7535904923,16.7535904923,16.7535904923,16.7535904923,201
63,74,2019-10-24 14:30:00,16.67666074,16.67666074,16.553402181400003,16.553402181400003,2051
64,73,2019-10-24 15:00:00,16.67666074,16.6937562405,16.67666074,16.6937562405,698
65,72,2019-10-24 16:00:00,16.8527443952,16.9416409978,16.8527443952,16.9416409978,825
66,71,2019-10-25 10:00:00,17.095500502300002,17.321673974,17.095500502300002,17.2920987581,4942
67,70,2019-10-25 10:30:00,17.0997743774,17.1271271782,17.095500502300002,17.095500502300002,1199
68,69,2019-10-25 11:00:00,17.1072109202,17.1072109202,16.9758319988,16.981131604,2846
69,68,2019-10-25 12:00:00,17.095500502300002,17.095500502300002,17.095500502300002,17.095500502300002,800
70,67,2019-10-25 12:30:00,17.300646508299998,17.300646508299998,17.1801232298,17.1809780048,2188
71,66,2019-10-25 13:30:00,17.300646508299998,17.300646508299998,17.300646508299998,17.300646508299998,500
72,65,2019-10-25 14:00:00,17.1382392536,17.217134988399998,17.1382392536,17.217134988399998,1797
73,64,2019-10-25 15:00:00,17.2579077571,17.2750032576,17.1382392536,17.1382392536,1783
74,63,2019-10-25 16:00:00,17.3502234598,17.3502234598,17.3502234598,17.3502234598,300
75,62,2019-10-28 10:30:00,17.1731140746,17.1731140746,17.1731140746,17.1731140746,500
76,61,2019-10-28 15:00:00,17.5228880149,17.5228880149,17.5228880149,17.5228880149,100
77,60,2019-10-29 10:00:00,17.3262897591,17.3262897591,17.3262897591,17.3262897591,350
78,59,2019-10-29 10:30:00,17.5228880149,17.5228880149,17.5228880149,17.5228880149,108
79,58,2019-10-29 11:00:00,17.4886970139,17.5228880149,17.4886970139,17.5228880149,1000
80,57,2019-10-29 11:30:00,17.480149263599998,17.480149263599998,17.480149263599998,17.480149263599998,300
81,56,2019-10-29 12:00:00,17.5224606274,17.5224606274,17.5224606274,17.5224606274,700
82,55,2019-10-29 14:00:00,17.4459582626,17.4545060129,17.4459582626,17.4545060129,500
83,54,2019-10-29 14:30:00,17.3519330099,17.3866368759,17.3519330099,17.3866368759,1658
84,53,2019-10-29 15:00:00,17.3767214856,17.3767214856,17.3767214856,17.3767214856,300
85,52,2019-10-29 15:30:00,17.3519330099,17.3519330099,17.3519330099,17.3519330099,150
86,51,2019-10-30 10:00:00,17.6169132676,18.0660120658,17.6169132676,18.0660120658,2858
87,50,2019-10-30 10:30:00,17.6340087681,17.634863543199998,17.6340087681,17.634863543199998,428
88,49,2019-10-30 11:30:00,17.5085277945,17.5085277945,17.5085277945,17.5085277945,500
89,48,2019-10-30 12:00:00,17.4033049889,17.4473259027,17.3519330099,17.3604807601,3841
90,47,2019-10-30 12:30:00,17.3519330099,17.3584293,17.3519330099,17.3584293,1040
91,46,2019-10-30 14:30:00,17.3690285104,17.3690285104,17.3690285104,17.3690285104,100
92,45,2019-10-30 15:30:00,17.3519330099,17.3527877849,17.3519330099,17.3527877849,1800
93,44,2019-10-30 16:00:00,17.4374105124,17.5228880149,17.2750032576,17.3519330099,2591
94,43,2019-10-31 10:00:00,17.2151690058,17.9502755274,17.2151690058,17.9502755274,1735
95,42,2019-10-31 11:00:00,17.3177420089,17.3707380604,17.2750032576,17.3356068069,2500
96,41,2019-10-31 12:00:00,17.2579077571,17.2579077571,17.2493600068,17.2493600068,1200
97,40,2019-10-31 13:00:00,17.2151690058,17.2151690058,17.0100229998,17.0100229998,1000
98,39,2019-10-31 14:00:00,17.2852605579,17.2852605579,17.2852605579,17.2852605579,200
99,38,2019-10-31 14:30:00,17.0784050018,17.0784050018,17.0784050018,17.0784050018,200
100,37,2019-10-31 15:30:00,17.309194258599998,17.309194258599998,17.309194258599998,17.309194258599998,200
101,36,2019-11-01 10:00:00,17.5228880149,17.5434026155,17.0784050018,17.0784050018,6333
102,35,2019-11-01 10:30:00,17.163882504300002,17.2151690058,16.9074499968,16.9501887481,900
103,34,2019-11-01 11:00:00,16.9672842486,16.9672842486,16.9672842486,16.9672842486,350
104,33,2019-11-01 11:30:00,17.1382392536,17.1382392536,17.1382392536,17.1382392536,100
105,32,2019-11-01 12:30:00,17.2408122566,17.2408122566,16.9245454973,16.9416409978,3860
106,31,2019-11-01 13:00:00,16.9587364983,16.9587364983,16.890354496300002,16.890354496300002,400
107,30,2019-11-01 13:30:00,16.8561634953,16.9074499968,16.8561634953,16.9074499968,341
108,29,2019-11-01 14:30:00,16.9074499968,16.9416409978,16.9074499968,16.9416409978,200
109,28,2019-11-01 15:00:00,16.915997747000002,16.915997747000002,16.915997747000002,16.915997747000002,100
110,27,2019-11-01 15:30:00,16.915997747000002,16.9416409978,16.915997747000002,16.9305289225,350
111,26,2019-11-01 16:00:00,16.8647112455,16.9245454973,16.710851741,16.710851741,7462
112,25,2019-11-04 10:00:00,16.9758319988,16.9758319988,16.9758319988,16.9758319988,200
113,24,2019-11-04 10:30:00,17.0222462827,17.0222462827,17.0222462827,17.0222462827,100
114,23,2019-11-04 11:30:00,17.0407094232,17.0407094232,17.0407094232,17.0407094232,500
115,22,2019-11-04 13:30:00,17.3604807601,17.3604807601,17.3604807601,17.3604807601,1000
116,21,2019-11-04 15:00:00,17.309194258599998,17.3519330099,17.309194258599998,17.3348375094,1300
117,20,2019-11-05 10:00:00,17.300646508299998,17.300646508299998,17.300646508299998,17.300646508299998,200
118,19,2019-11-05 10:30:00,17.1636260718,17.2579077571,17.1636260718,17.1826875549,1730
119,18,2019-11-05 11:30:00,17.0100229998,17.0100229998,17.0100229998,17.0100229998,1000
120,17,2019-11-05 13:30:00,17.1808925273,17.1808925273,17.1808925273,17.1808925273,100
121,16,2019-11-06 10:00:00,17.1809780048,17.1809780048,17.1161860579,17.1161860579,900
122,15,2019-11-06 11:00:00,17.1809780048,17.1809780048,17.132170350899997,17.132170350899997,649
123,14,2019-11-06 12:00:00,17.0527617511,17.0527617511,17.0100229998,17.0100229998,600
124,13,2019-11-06 13:00:00,16.9258276598,16.9258276598,16.9258276598,16.9258276598,200
125,12,2019-11-06 15:00:00,16.9245454973,16.9245454973,16.9245454973,16.9245454973,300
126,11,2019-11-06 15:30:00,16.9886536242,16.9886536242,16.8077832289,16.8077832289,1329
127,10,2019-11-06 16:00:00,16.881806746,16.881806746,16.881806746,16.881806746,200
128,9,2019-11-07 10:30:00,16.5450878038,16.5450878038,16.5450878038,16.5450878038,100
129,8,2019-11-07 11:00:00,16.8441983788,16.8524880147,16.8441983788,16.8524880147,300
130,7,2019-11-07 15:30:00,16.849582369100002,16.849582369100002,16.849582369100002,16.849582369100002,200
131,6,2019-11-08 10:00:00,16.7869267183,16.7869267183,16.7869267183,16.7869267183,1000
132,5,2019-11-08 11:30:00,16.6173393533,16.6173393533,16.6173393533,16.6173393533,900
133,4,2019-11-08 12:00:00,16.6469145691,16.6469145691,16.6469145691,16.6469145691,500
134,3,2019-11-08 12:30:00,16.6680275123,16.6680275123,16.6680275123,16.6680275123,200
135,2,2019-11-08 13:30:00,16.6681129898,16.881806746,16.6681129898,16.881806746,1100
136,1,2019-11-08 15:30:00,16.7559838623,16.7559838623,16.7559838623,16.7559838623,500
137,0,2019-11-08 16:00:00,16.642469739000003,16.745042742,16.642469739000003,16.745042742,200
138,141,2019-11-11 12:30:00,16.6651212772,16.6651212772,16.6651212772,16.6651212772,200
139,140,2019-11-11 13:00:00,16.745042742,17.1809780048,16.745042742,17.1296915033,1250
140,139,2019-11-11 13:30:00,16.7535904923,16.7535904923,16.7535904923,16.7535904923,100
141,138,2019-11-11 14:30:00,16.7364949918,16.7963292435,16.710851741,16.710851741,1200
142,137,2019-11-12 10:30:00,16.8818922235,16.9074499968,16.8818922235,16.9074499968,815
143,136,2019-11-12 11:00:00,16.9245454973,16.9245454973,16.9245454973,16.9245454973,600
144,135,2019-11-12 11:30:00,16.9711307362,16.9711307362,16.9711307362,16.9711307362,483
145,134,2019-11-12 12:00:00,16.9245454973,16.9245454973,16.642469739000003,16.642469739000003,1650
146,133,2019-11-12 14:30:00,16.819750079200002,16.819750079200002,16.6510174893,16.6510174893,1900
147,132,2019-11-12 15:00:00,16.549641171300003,16.549641171300003,16.549641171300003,16.549641171300003,542
148,131,2019-11-12 15:30:00,16.548444486199998,16.5561374615,16.548444486199998,16.5561374615,600
149,130,2019-11-12 16:00:00,16.548444486199998,16.548444486199998,16.4116804822,16.4116804822,1055
150,129,2019-11-13 10:00:00,16.4116804822,16.4116804822,16.4116804822,16.4116804822,600
151,128,2019-11-13 11:00:00,16.206534476199998,16.206534476199998,16.197986725899998,16.197986725899998,769
152,127,2019-11-13 11:30:00,16.1552479747,16.1552479747,16.1552479747,16.1552479747,100
153,126,2019-11-13 12:00:00,16.1808912254,16.1808912254,15.4632221144,15.4632221144,2746
154,125,2019-11-13 12:30:00,15.685121710899999,15.7962424641,15.685121710899999,15.7962424641,701
155,124,2019-11-13 13:00:00,15.5439128767,15.6509307099,15.539809956600001,15.5697270825,3200
156,123,2019-11-13 13:30:00,15.5697270825,15.599644208399999,15.531262206400001,15.531262206400001,6036
157,122,2019-11-13 14:00:00,15.4885234551,15.5056189556,14.9927539405,15.1722566958,2145
158,121,2019-11-13 14:30:00,15.1162689317,15.3218423252,15.0589135275,15.264572398499999,730
159,120,2019-11-13 15:00:00,15.330390075499999,15.330390075499999,15.1584093404,15.1584093404,1300
160,119,2019-11-13 15:30:00,15.4927973302,15.591096458099999,15.3944982023,15.5740009576,2100
161,118,2019-11-13 16:00:00,15.591096458099999,15.591096458099999,15.556905457100001,15.556905457100001,800
162,117,2019-11-14 10:00:00,15.5745138226,15.790344516500001,15.5745138226,15.790344516500001,700
163,116,2019-11-14 11:30:00,15.556905457100001,15.599644208399999,15.5215177711,15.5215177711,1500
164,115,2019-11-14 12:00:00,15.556905457100001,15.556905457100001,15.556905457100001,15.556905457100001,200
165,114,2019-11-14 12:30:00,15.4609996993,15.4609996993,15.4609996993,15.4609996993,900
166,113,2019-11-14 13:00:00,15.4885234551,15.4885234551,15.4223638682,15.4223638682,1000
167,112,2019-11-14 13:30:00,15.4885234551,15.4885234551,15.4223638682,15.4885234551,1300
168,111,2019-11-14 14:00:00,15.521859681099999,15.682471908299998,15.521859681099999,15.682471908299998,2839
169,110,2019-11-14 14:30:00,15.8124831896,15.8133379646,15.7962424641,15.8133379646,1135
170,109,2019-11-14 15:00:00,15.8133379646,15.9753178319,15.8133379646,15.9753178319,365
171,108,2019-11-15 10:00:00,15.8133379646,15.8133379646,15.7278604621,15.7278604621,754
172,107,2019-11-15 10:30:00,15.3004729496,15.4201414531,14.1465266657,15.253460323199999,5749
173,106,2019-11-15 11:00:00,15.2320909476,15.2320909476,15.026944941500002,15.2149954471,2802
174,105,2019-11-15 11:30:00,15.2149954471,15.2149954471,15.2149954471,15.2149954471,200
175,104,2019-11-15 12:00:00,15.1936260714,15.2149954471,14.6370820526,15.150887320199999,3400
176,103,2019-11-15 12:30:00,15.2149954471,15.2149954471,15.009849440999998,15.009849440999998,304
177,102,2019-11-15 13:00:00,15.0013016908,15.2149954471,14.9842061903,15.0867791933,4496
178,101,2019-11-15 15:30:00,14.9842061903,14.9842061903,14.9842061903,14.9842061903,100
179,100,2019-11-15 16:00:00,14.9842061903,15.1295179446,14.9611272646,15.1295179446,3561
180,99,2019-11-18 09:30:00,15.1295179446,15.1295179446,15.1295179446,15.1295179446,1000
181,98,2019-11-18 10:00:00,15.1722566958,15.1722566958,14.8657343718,15.1295179446,4125
182,97,2019-11-18 10:30:00,14.873085437,14.873085437,14.659990023299999,14.873085437,1100
183,96,2019-11-18 11:00:00,14.667939430999999,14.667939430999999,14.667939430999999,14.667939430999999,100
184,95,2019-11-18 11:30:00,14.659391680699999,14.744869183299999,14.437150174200001,14.744869183299999,1900
185,94,2019-11-18 12:00:00,14.3688536497,14.5525448026,14.368768172200001,14.5525448026,1137
186,93,2019-11-18 12:30:00,14.5525448026,14.5525448026,14.368768172200001,14.368768172200001,2300
187,92,2019-11-18 13:00:00,14.565366427999999,14.565366427999999,14.565366427999999,14.565366427999999,1000
188,91,2019-11-18 13:30:00,14.4328762991,14.565366427999999,14.360220421900001,14.565366427999999,2376
189,90,2019-11-18 14:30:00,14.172169916400001,14.4884366757,13.5005731792,14.078144663699998,4648
190,89,2019-11-18 15:00:00,14.2372182958,14.2372182958,14.2372182958,14.2372182958,151
191,88,2019-11-18 16:00:00,14.1823417392,14.2320041682,14.1823417392,14.2020870423,2100
192,87,2019-11-19 10:00:00,13.6890651642,14.193534149000001,13.6890651642,14.1636080228,8452
193,86,2019-11-19 10:30:00,14.1507825401,14.1507825401,14.091956326300002,14.091956326300002,200
194,85,2019-11-19 11:00:00,13.8258703126,14.193534149000001,13.8173199908,14.193534149000001,3405
195,84,2019-11-19 12:00:00,14.193534149000001,14.193534149000001,14.193534149000001,14.193534149000001,100
196,83,2019-11-19 12:30:00,14.193534149000001,14.3045173257,14.193534149000001,14.3045173257,2125
197,82,2019-11-19 13:00:00,14.108030931199998,14.108030931199998,14.0310780352,14.0994806095,4315
198,81,2019-11-19 14:00:00,14.1736974025,14.1736974025,14.1736974025,14.1736974025,1000
199,80,2019-11-19 14:30:00,14.108030931199998,14.2106347926,14.108030931199998,14.159332861900001,2700
200,79,2019-11-19 15:00:00,14.1608719198,14.1608719198,14.1608719198,14.1608719198,600
201,78,2019-11-19 15:30:00,14.2790373668,14.2790373668,14.2790373668,14.2790373668,1000
202,77,2019-11-19 16:00:00,14.2149099534,14.2149099534,14.2149099534,14.2149099534,852
203,76,2019-11-20 09:00:00,14.2115951692,14.2115951692,14.2115951692,14.2115951692,1000
204,75,2019-11-20 10:00:00,14.5277882066,14.664520330899999,14.5277882066,14.664520330899999,2130
205,74,2019-11-20 10:30:00,14.664520330899999,14.664520330899999,14.5277882066,14.5277882066,5600
206,73,2019-11-20 12:00:00,14.5705169954,14.664520330899999,14.5705169954,14.664520330899999,1100
207,72,2019-11-20 15:00:00,14.579062753199999,14.587608511,14.5277882066,14.587608511,3507
208,71,2019-11-20 15:30:00,14.670929649200001,14.670929649200001,14.670929649200001,14.670929649200001,100
209,70,2019-11-20 16:00:00,14.6702459886,14.6702459886,14.6606747399,14.6606747399,300
210,69,2019-11-21 11:00:00,14.7961556848,14.7961556848,14.7961556848,14.7961556848,141
211,68,2019-11-21 11:30:00,14.855391594,14.855391594,14.855391594,14.855391594,406
212,67,2019-11-21 13:00:00,14.926765308599999,14.9585629395,14.8980448678,14.9585629395,1300
213,66,2019-11-21 13:30:00,15.011046126099998,15.011046126099998,14.941467439,14.941467439,1659
214,65,2019-11-21 14:00:00,14.902147787899999,14.9585629395,14.902147787899999,14.9585629395,2753
215,64,2019-11-21 15:30:00,14.9508699643,14.9508699643,14.9508699643,14.9508699643,600
216,63,2019-11-21 16:00:00,14.9500151893,14.9500151893,14.9500151893,14.9500151893,100
217,62,2019-11-22 10:00:00,15.0867791933,15.385950452100001,15.0867791933,15.385950452100001,1725
218,61,2019-11-22 10:30:00,15.385950452100001,15.8176118398,15.385950452100001,15.8133379646,787
219,60,2019-11-22 11:00:00,15.463478546900001,15.463478546900001,15.463478546900001,15.463478546900001,230
220,59,2019-11-22 14:00:00,15.9176205177,15.9176205177,15.9176205177,15.9176205177,200
221,58,2019-11-22 15:00:00,15.9244587179,16.2407254772,15.916765742699999,16.2407254772,1500
222,57,2019-11-22 16:00:00,15.950101968699999,15.950101968699999,15.950101968699999,15.950101968699999,100
223,56,2019-11-25 11:30:00,16.4090768312,16.4090768312,16.4090768312,16.4090768312,200
224,55,2019-11-25 12:30:00,16.178324188199998,16.178324188199998,16.178324188199998,16.178324188199998,350
225,54,2019-11-25 14:00:00,15.9795350595,16.280880918399998,15.9795350595,16.027309403,2231
226,53,2019-11-25 14:30:00,16.1584110898,16.1584110898,16.1584110898,16.1584110898,100
227,52,2019-11-26 11:00:00,15.462880204300001,16.317569752,15.462880204300001,16.317569752,660
228,51,2019-11-26 12:00:00,15.608191958599999,15.693669461099999,15.608191958599999,15.608191958599999,900
229,50,2019-11-26 12:30:00,16.2407254772,16.2407254772,16.2407254772,16.2407254772,100
230,49,2019-11-26 14:00:00,16.3261175022,16.3261175022,16.3261175022,16.3261175022,100
231,48,2019-11-26 15:30:00,15.8817199667,16.1937128508,15.8133379646,16.0013884702,2200
232,47,2019-11-26 16:00:00,15.933006468199999,15.933006468199999,15.933006468199999,15.933006468199999,100
233,46,2019-11-27 10:00:00,16.1296047239,16.1296047239,16.1296047239,16.1296047239,200
234,45,2019-11-27 10:30:00,15.927023043,15.927023043,15.927023043,15.927023043,581
235,44,2019-11-27 11:00:00,15.8218857149,15.9009524047,15.8133379646,15.8920627445,400
236,43,2019-11-27 14:00:00,15.7696589609,15.7696589609,15.7696589609,15.7696589609,420
237,42,2019-11-27 15:30:00,16.1808912254,16.1808912254,16.1808912254,16.1808912254,100
238,41,2019-11-29 12:00:00,15.856076715899999,15.856076715899999,15.8291513026,15.8559912384,3376
239,40,2019-11-29 12:30:00,15.8559912384,15.8559912384,15.7449559626,15.8559912384,1727
240,39,2019-11-29 13:00:00,15.599644208399999,15.8559912384,15.599644208399999,15.8559912384,200
241,38,2019-11-29 13:30:00,15.8559912384,15.8559912384,15.8559912384,15.8559912384,0
242,37,2019-11-29 16:00:00,15.8559912384,15.8559912384,15.8559912384,15.8559912384,0
243,36,2019-12-02 10:00:00,15.608191958599999,15.608191958599999,14.531175427,15.103874693800002,10300
244,35,2019-12-02 10:30:00,15.172171218299999,15.172171218299999,15.1466134451,15.1466134451,950
245,34,2019-12-02 11:00:00,14.9585629395,15.163623468099999,14.9585629395,15.163623468099999,300
246,33,2019-12-02 11:30:00,15.1609736655,15.1637089456,15.1609736655,15.1637089456,600
247,32,2019-12-02 12:00:00,15.1637089456,15.3004729496,15.1637089456,15.3004729496,400
248,31,2019-12-02 14:00:00,15.385950452100001,15.385950452100001,15.265341695999998,15.265341695999998,2100
249,30,2019-12-02 15:00:00,15.197899946600002,15.197899946600002,15.197899946600002,15.197899946600002,115
250,29,2019-12-02 20:00:00,14.873085437,14.873085437,14.873085437,14.873085437,400
251,28,2019-12-04 10:30:00,15.109020660699999,15.2115705747,14.9722874421,15.0748373561,1100
252,27,2019-12-04 11:00:00,15.306771078199999,15.306771078199999,15.306771078199999,15.306771078199999,111
253,26,2019-12-04 12:30:00,15.2457538794,15.2457538794,15.0833831822,15.0833831822,850
254,25,2019-12-04 14:30:00,15.2115705747,15.2115705747,14.656091873900001,14.656091873900001,2302
255,24,2019-12-04 15:00:00,15.006470746700002,15.182514765699999,14.741635593900002,15.182514765699999,2640
256,23,2019-12-05 10:30:00,14.96880476,14.96880476,14.96880476,14.96880476,340
257,22,2019-12-05 11:00:00,14.7465380988,15.0663456294,14.729440663399998,15.0663456294,3156
258,21,2019-12-05 13:00:00,15.293656034100001,15.293656034100001,15.293656034100001,15.293656034100001,100
259,20,2019-12-05 14:30:00,15.2167175744,15.2167175744,15.2167175744,15.2167175744,200
260,19,2019-12-05 15:00:00,15.302204751800002,15.302204751800002,15.2594611631,15.2833975728,1200
261,18,2019-12-05 15:30:00,15.2167175744,15.2167175744,14.7123432279,15.107550448900001,1745
262,17,2019-12-06 10:00:00,15.0423179851,15.2106606905,15.0423179851,15.2106606905,1260
263,16,2019-12-06 11:30:00,15.1722067731,15.1722067731,15.1722067731,15.1722067731,200
264,15,2019-12-06 12:00:00,15.1252075406,15.1252075406,15.1252075406,15.1252075406,100
265,14,2019-12-06 12:30:00,15.2277513205,15.2277513205,15.046761548900001,15.1311892611,1080
266,13,2019-12-06 13:00:00,14.962846555699999,14.9970278157,14.847484803299999,14.9970278157,2866
267,12,2019-12-06 13:30:00,14.9970278157,14.9970278157,14.9970278157,14.9970278157,211
268,11,2019-12-06 14:00:00,14.903029350699999,14.903029350699999,14.868848090699998,14.868848090699998,406
269,10,2019-12-06 15:00:00,14.8835460325,14.8835460325,14.8835460325,14.8835460325,200
270,9,2019-12-06 16:00:00,14.9927551582,15.1165767724,14.9927551582,14.9927551582,3607
271,8,2019-12-06 20:00:00,15.2021153755,15.2021153755,15.2021153755,15.2021153755,400
272,7,2019-12-09 10:00:00,15.0012162133,15.0013016908,14.8217989355,14.932919688800002,4900
273,6,2019-12-09 10:30:00,15.0013016908,15.0013016908,14.9927539405,15.0013016908,1696
274,5,2019-12-09 12:00:00,15.0013016908,15.0013016908,15.0013016908,15.0013016908,2000
275,4,2019-12-09 12:30:00,15.0013016908,15.0013016908,15.0013016908,15.0013016908,100
276,3,2019-12-09 13:30:00,14.8901809375,14.8901809375,14.830346685799999,14.830346685799999,224
277,2,2019-12-09 14:00:00,14.926936263599998,14.926936263599998,14.926936263599998,14.926936263599998,175
278,1,2019-12-09 15:00:00,14.8302612083,14.830346685799999,14.8044470025,14.830346685799999,924
279,0,2019-12-09 16:00:00,14.8073532376,14.873085437,14.8073532376,14.873085437,200
280,158,2019-12-10 10:00:00,15.1295179446,15.1295179446,15.1295179446,15.1295179446,8868
281,157,2019-12-10 11:00:00,15.0354926918,15.0354926918,15.0354926918,15.0354926918,200
282,156,2019-12-10 11:30:00,15.0013016908,15.0013016908,14.9782227651,14.9782227651,550
283,155,2019-12-10 14:30:00,15.185078321199999,15.185078321199999,14.9585629395,14.9585629395,450
284,154,2019-12-10 15:00:00,14.9585629395,15.3944982023,14.9585629395,15.3944982023,990
285,153,2019-12-10 15:30:00,15.385950452100001,15.385950452100001,15.3346639506,15.3346639506,800
286,152,2019-12-10 16:00:00,15.270555823699999,15.270555823699999,15.189352196300002,15.189352196300002,440
287,151,2019-12-11 10:00:00,14.941467439,15.0013016908,14.7876079345,14.8987286878,8686
288,150,2019-12-11 10:30:00,14.873085437,14.873085437,14.873085437,14.873085437,210
289,149,2019-12-11 11:30:00,14.873085437,14.873085437,14.873085437,14.873085437,266
290,148,2019-12-11 13:30:00,14.804703435,14.804703435,14.7961556848,14.7973523698,914
291,147,2019-12-11 14:00:00,14.7876079345,14.7876079345,14.7876079345,14.7876079345,1225
292,146,2019-12-11 14:30:00,14.753416933499999,14.771709119,14.744869183299999,14.771709119,1825
293,145,2019-12-11 16:00:00,14.9157387108,14.9157387108,14.9157387108,14.9157387108,100
294,144,2019-12-12 10:00:00,14.7790601843,14.873085437,14.7790601843,14.873085437,1072
295,143,2019-12-12 10:30:00,14.838894435999999,14.907276438,14.702130432,14.702130432,1511
296,142,2019-12-12 11:00:00,14.6935826817,14.736321432999999,14.6935826817,14.7277736827,1010
297,141,2019-12-12 11:30:00,14.7106781822,14.7353811805,14.7106781822,14.7353811805,400
298,140,2019-12-12 12:00:00,14.599557429,14.599557429,14.531175427,14.531175427,1426
299,139,2019-12-12 12:30:00,14.514079926500001,14.514079926500001,14.5055321762,14.5055321762,325
300,138,2019-12-12 13:00:00,14.3776578325,14.4200546737,14.3003861702,14.3003861702,2087
301,137,2019-12-12 13:30:00,14.360220421900001,14.360220421900001,14.1037879144,14.172169916400001,1500
302,136,2019-12-12 14:00:00,14.3174816707,14.3174816707,14.1037879144,14.1037879144,1796
303,135,2019-12-12 14:30:00,14.111480889600001,14.2063609174,14.111480889600001,14.2063609174,300
304,134,2019-12-12 15:00:00,14.3174816707,14.359622079400001,14.280298957100001,14.3174816707,2350
305,133,2019-12-12 15:30:00,14.2490996687,14.462793425,14.2490996687,14.462793425,2352
306,132,2019-12-12 16:00:00,14.4029591732,14.4283459915,14.274742919400001,14.274742919400001,600
307,131,2019-12-12 19:30:00,14.1037879144,14.1037879144,14.1037879144,14.1037879144,500
308,130,2019-12-13 10:00:00,14.437150174200001,14.437150174200001,14.2320041682,14.2658532592,3945
309,129,2019-12-13 11:00:00,14.180717666700001,14.2320041682,14.180717666700001,14.2320041682,525
310,128,2019-12-13 11:30:00,14.072845058499999,14.4029591732,14.072845058499999,14.4029591732,1800
311,127,2019-12-13 12:00:00,14.4750167078,14.4750167078,14.4029591732,14.4029591732,1500
312,126,2019-12-13 15:30:00,14.351672671700001,14.4029591732,14.351672671700001,14.4029591732,1000
313,125,2019-12-16 10:00:00,14.6081051792,14.6081051792,14.4615112624,14.4615112624,6570
314,124,2019-12-16 11:30:00,14.599557429,14.599557429,14.4884366757,14.531175427,2174
315,123,2019-12-16 13:00:00,14.6081051792,14.6081051792,14.6081051792,14.6081051792,200
316,122,2019-12-16 14:00:00,14.531175427,14.531175427,14.4798889255,14.531175427,2040
317,121,2019-12-16 15:00:00,14.6166529295,14.659990023299999,14.6166529295,14.6166529295,1400
318,120,2019-12-16 20:00:00,14.445697924500001,14.445697924500001,14.445697924500001,14.445697924500001,500
319,119,2019-12-17 10:00:00,14.7243285895,14.7243285895,14.4081358107,14.4271073775,2231
320,118,2019-12-17 11:00:00,14.4337730631,14.4337730631,14.384805911099999,14.384805911099999,500
321,117,2019-12-17 12:00:00,14.5629848148,14.5629848148,14.5629848148,14.5629848148,200
322,116,2019-12-17 13:00:00,14.5192305708,14.6216086651,14.5192305708,14.6216086651,1300
323,115,2019-12-17 14:30:00,14.604688078599999,14.6132338294,14.604688078599999,14.6132338294,800
324,114,2019-12-17 15:30:00,14.5147867804,14.596484157899999,14.5147867804,14.596484157899999,200
325,113,2019-12-17 16:00:00,14.6025516409,14.6096446141,14.5849473943,14.6096446141,2361
326,112,2019-12-18 12:00:00,14.486641648199999,14.6130628744,14.486641648199999,14.6130628744,600
327,111,2019-12-18 13:30:00,14.6252006797,14.6252006797,14.6166529295,14.6166529295,1652
328,110,2019-12-18 14:30:00,14.6166529295,14.6166529295,14.5741706107,14.5741706107,1500
329,109,2019-12-18 15:00:00,14.6551178056,14.7346973605,14.6551178056,14.7346973605,300
330,108,2019-12-18 15:30:00,14.573914178199999,14.573914178199999,14.445697924500001,14.4798889255,902
331,107,2019-12-18 19:30:00,14.702130432,14.702130432,14.702130432,14.702130432,500
332,106,2019-12-19 10:00:00,14.736321432999999,14.736321432999999,14.736321432999999,14.736321432999999,500
333,105,2019-12-19 10:30:00,14.5419455923,14.5419455923,14.5419455923,14.5419455923,138
334,104,2019-12-19 11:30:00,14.667939430999999,14.667939430999999,14.63374843,14.63374843,300
335,103,2019-12-19 12:00:00,14.591009678699999,14.6169948395,14.582461928499999,14.582461928499999,649
336,102,2019-12-19 13:00:00,14.5876760561,14.591009678699999,14.5876760561,14.591009678699999,1066
337,101,2019-12-19 15:30:00,14.599557429,14.599557429,14.531175427,14.531175427,1800
338,100,2019-12-19 16:00:00,14.573914178199999,14.702130432,14.573914178199999,14.702130432,1705
339,99,2019-12-19 20:00:00,14.531175427,14.531175427,14.531175427,14.531175427,500
340,98,2019-12-20 10:30:00,14.6741792887,14.6741792887,14.6741792887,14.6741792887,151
341,97,2019-12-20 11:00:00,14.7947025672,14.7947025672,14.7947025672,14.7947025672,390
342,96,2019-12-20 11:30:00,14.936595221400001,14.936595221400001,14.936595221400001,14.936595221400001,1000
343,95,2019-12-20 13:00:00,14.744869183299999,14.744869183299999,14.573914178199999,14.573914178199999,2200
344,94,2019-12-20 14:00:00,14.744869183299999,14.744869183299999,14.744869183299999,14.744869183299999,115
345,93,2019-12-20 20:00:00,14.915824188299998,14.915824188299998,14.915824188299998,14.915824188299998,500
346,92,2019-12-23 10:00:00,14.63374843,14.935484013900002,14.428602424000001,14.445697924500001,2750
347,91,2019-12-23 10:30:00,14.4029591732,14.5183538016,14.4029591732,14.5183538016,2200
348,90,2019-12-23 11:00:00,14.8312014608,14.8312014608,14.688112121600001,14.688112121600001,1500
349,89,2019-12-23 12:00:00,14.531175427,14.531175427,14.531175427,14.531175427,200
350,88,2019-12-23 13:30:00,14.4883511982,14.531175427,14.4883511982,14.5310899495,7483
351,87,2019-12-23 14:00:00,14.5226276767,14.531175427,14.5055321762,14.531175427,3100
352,86,2019-12-23 14:30:00,14.3260294209,14.7619646838,14.3260294209,14.694437456800001,9499
353,85,2019-12-23 15:00:00,14.6935826817,14.6935826817,14.6935826817,14.6935826817,1000
354,84,2019-12-23 19:30:00,14.445697924500001,14.445697924500001,14.445697924500001,14.445697924500001,500
355,83,2019-12-24 10:00:00,14.7056015666,14.949183050799999,14.7055160694,14.8517162582,1000
356,82,2019-12-24 11:00:00,14.844021511400001,14.844021511400001,14.844021511400001,14.844021511400001,1050
357,81,2019-12-24 12:00:00,14.863429372799999,14.863429372799999,14.8423115677,14.8423115677,1825
358,80,2019-12-24 12:30:00,14.8423970649,14.8423970649,14.8423970649,14.8423970649,200
359,79,2019-12-24 13:00:00,14.8540246823,14.854110179500001,14.8423115677,14.854110179500001,611
360,78,2019-12-24 13:30:00,14.854110179500001,14.854110179500001,14.854110179500001,14.854110179500001,0
361,77,2019-12-24 16:00:00,14.854110179500001,14.854110179500001,14.854110179500001,14.854110179500001,0
362,76,2019-12-26 11:00:00,15.1378947398,15.1637089456,15.104045648800001,15.1637089456,1500
363,75,2019-12-26 11:30:00,14.8816331873,14.9500151893,14.8816331873,14.9500151893,800
364,74,2019-12-26 12:00:00,14.8659908043,14.8659908043,14.8659908043,14.8659908043,500
365,73,2019-12-26 12:30:00,14.8645376868,14.9733505475,14.8645376868,14.9733505475,630
366,72,2019-12-26 13:30:00,14.8645376868,14.8645376868,14.744869183299999,14.744869183299999,1009
367,71,2019-12-26 14:00:00,14.804703435,14.804703435,14.7876079345,14.7876079345,1000
368,70,2019-12-26 14:30:00,14.7876079345,14.7876079345,14.7876079345,14.7876079345,100
369,69,2019-12-26 16:00:00,14.7876079345,14.7876079345,14.7876079345,14.7876079345,225
370,68,2019-12-26 20:00:00,14.9500151893,14.9500151893,14.9500151893,14.9500151893,1000
371,67,2019-12-27 10:00:00,14.7876079345,14.7876079345,14.753416933499999,14.7816245093,800
372,66,2019-12-27 12:00:00,14.873085437,14.97565844,14.873085437,14.97565844,600
373,65,2019-12-27 12:30:00,14.873085437,14.873085437,14.873085437,14.873085437,1376
374,64,2019-12-27 13:00:00,14.7790601843,14.7790601843,14.531175427,14.5397231772,4550
375,63,2019-12-27 13:30:00,14.5696403031,14.5696403031,14.531175427,14.5482709275,1000
376,62,2019-12-27 14:30:00,14.6166529295,14.6166529295,14.6166529295,14.6166529295,100
377,61,2019-12-27 15:00:00,14.650843930499999,14.6630672133,14.531175427,14.531175427,1510
378,60,2019-12-27 15:30:00,14.596223806400001,14.6066520617,14.5696403031,14.6066520617,1127
379,59,2019-12-27 16:00:00,14.6081051792,14.6166529295,14.6066520617,14.6166529295,1540
380,58,2019-12-27 19:30:00,14.445697924500001,14.445697924500001,14.445697924500001,14.445697924500001,1000
381,57,2019-12-30 10:00:00,14.7106781822,14.9500151893,14.659391680699999,14.9500151893,1718
382,56,2019-12-30 10:30:00,14.6209268046,14.841116851099999,14.6209268046,14.841116851099999,200
383,55,2019-12-30 11:30:00,14.804703435,14.804703435,14.804703435,14.804703435,100
384,54,2019-12-30 13:30:00,14.804703435,14.831714325799998,14.4884366757,14.4884366757,5939
385,53,2019-12-30 14:00:00,14.872999959500001,14.872999959500001,14.8217989355,14.8217989355,300
386,52,2019-12-31 10:00:00,14.7354817566,14.829501651800001,14.7354817566,14.829501651800001,2613
387,51,2019-12-31 10:30:00,14.829501651800001,14.829501651800001,14.786765335799998,14.786765335799998,3166
388,50,2019-12-31 11:00:00,14.855143441400001,14.8636907046,14.855143441400001,14.8636907046,676
389,49,2019-12-31 11:30:00,14.8656565751,14.949077863900001,14.8656565751,14.949077863900001,1034
390,48,2019-12-31 12:00:00,14.9534369682,15.0431832318,14.8722379678,14.8722379678,2340
391,47,2019-12-31 12:30:00,14.914974283800001,14.914974283800001,14.914974283800001,14.914974283800001,870
392,46,2019-12-31 13:00:00,14.914974283800001,14.914974283800001,14.914974283800001,14.914974283800001,1130
393,45,2019-12-31 14:30:00,14.9577105998,14.9577105998,14.9577105998,14.9577105998,200
394,44,2019-12-31 15:00:00,14.970189604000002,14.970189604000002,14.970189604000002,14.970189604000002,200
395,43,2019-12-31 15:30:00,15.0431832318,15.0431832318,14.981813882,14.999250298900002,475
396,42,2019-12-31 19:30:00,15.2055812326,15.2055812326,15.2055812326,15.2055812326,1000
397,41,2020-01-02 10:00:00,14.9816878363,14.9816878363,14.9816878363,14.9816878363,400
398,40,2020-01-02 10:30:00,14.9987804636,15.4003717422,14.9987804636,15.4003717422,8035
399,39,2020-01-02 11:00:00,15.327813539300001,15.327813539300001,15.101250764300001,15.101250764300001,950
400,38,2020-01-02 12:00:00,15.2637161869,15.2637161869,15.2637161869,15.2637161869,200
401,37,2020-01-02 12:30:00,15.025274035899999,15.0782611806,14.9988659267,15.0782611806,525
402,36,2020-01-02 14:30:00,15.0575791016,15.2551698732,14.9816878363,15.2551698732,6130
403,35,2020-01-02 16:00:00,15.013821975599999,15.2523495897,15.013821975599999,15.2523495897,8843
404,34,2020-01-03 10:00:00,15.3090206998,15.3090206998,15.3090206998,15.3090206998,365
405,33,2020-01-03 10:30:00,15.3346639506,15.3346639506,15.3346639506,15.3346639506,142
406,32,2020-01-03 11:00:00,15.086266328299999,15.086266328299999,15.086266328299999,15.086266328299999,2042
407,31,2020-01-03 14:00:00,15.2235431973,15.2235431973,15.2235431973,15.2235431973,200
408,30,2020-01-03 14:30:00,15.330390075499999,15.4030459526,15.330390075499999,15.3523577936,3350
409,29,2020-01-03 15:00:00,15.3091061773,15.3346639506,15.3090206998,15.3091061773,2125
410,28,2020-01-03 15:30:00,15.599644208399999,15.599644208399999,15.599644208399999,15.599644208399999,100
411,27,2020-01-03 20:00:00,15.1722566958,15.1722566958,15.1722566958,15.1722566958,1000
412,26,2020-01-06 10:00:00,15.520235608499998,15.599644208399999,15.520235608499998,15.599644208399999,1478
413,25,2020-01-06 10:30:00,15.48424958,15.552802537,15.48424958,15.552802537,679
414,24,2020-01-06 11:00:00,15.5355360815,15.599644208399999,15.4412543962,15.5044222706,3187
415,23,2020-01-06 12:00:00,15.5044222706,15.5044222706,15.5044222706,15.5044222706,480
416,22,2020-01-06 12:30:00,15.445784703800001,15.445784703800001,15.445784703800001,15.445784703800001,100
417,21,2020-01-06 13:00:00,15.421851003099999,15.421851003099999,15.385950452100001,15.385950452100001,450
418,20,2020-01-06 13:30:00,15.385950452100001,15.385950452100001,15.385950452100001,15.385950452100001,300
419,19,2020-01-06 14:30:00,15.48424958,15.48424958,15.48424958,15.48424958,150
420,18,2020-01-06 15:30:00,15.4943359253,15.5141667059,15.4943359253,15.5141667059,433
421,17,2020-01-06 16:00:00,15.599644208399999,15.8133379646,15.599644208399999,15.8133379646,1800
422,16,2020-01-06 19:30:00,16.061222721900002,16.061222721900002,16.061222721900002,16.061222721900002,1000
423,15,2020-01-07 10:00:00,15.6663855794,15.6663855794,15.640745013800002,15.640745013800002,840
424,14,2020-01-07 11:30:00,15.815271796900001,15.815271796900001,15.815271796900001,15.815271796900001,380
425,13,2020-01-07 12:30:00,15.811767586300002,15.811767586300002,15.811767586300002,15.811767586300002,200
426,12,2020-01-07 13:00:00,15.848262658,15.848262658,15.848262658,15.848262658,100
427,11,2020-01-07 13:30:00,15.9881746776,15.9881746776,15.9826192217,15.9826192217,500
428,10,2020-01-07 14:30:00,16.0252680292,16.076805565999997,16.0252680292,16.076805565999997,2365
429,9,2020-01-07 15:00:00,16.0680877737,16.0680877737,16.0680877737,16.0680877737,1000
430,8,2020-01-07 16:00:00,16.1535563257,16.3226131215,16.1364626153,16.3226131215,1250
431,7,2020-01-07 20:00:00,15.8116821177,15.8116821177,15.8116821177,15.8116821177,1000
432,6,2020-01-08 10:00:00,16.2602998253,16.3262029797,16.2602998253,16.3262029797,2450
433,5,2020-01-08 10:30:00,16.3262029797,16.3262029797,16.3262029797,16.3262029797,300
434,4,2020-01-08 11:00:00,16.284404481,16.284404481,16.284404481,16.284404481,500
435,3,2020-01-08 12:00:00,16.3432984802,16.3432984802,16.3432984802,16.3432984802,110
436,2,2020-01-08 13:00:00,16.4089452021,16.4089452021,16.2417512072,16.2417512072,540
437,1,2020-01-08 15:00:00,16.4116804822,16.454419233499998,16.4116804822,16.454419233499998,500
438,0,2020-01-08 19:30:00,16.6595652395,16.6595652395,16.6595652395,16.6595652395,1000
