,index,time,open,high,low,close,volume
0,131,2019-12-10 10:00:00,13.9095389234,13.9095389234,13.9095389234,13.9095389234,600
1,130,2019-12-10 14:00:00,14.365181698399999,14.365181698399999,13.993586258599999,14.040204289000002,1200
2,129,2019-12-10 14:30:00,14.123408621900001,14.123408621900001,14.123408621900001,14.123408621900001,450
3,128,2019-12-10 15:00:00,14.1202895131,14.1202895131,14.1202895131,14.1202895131,200
4,127,2019-12-10 15:30:00,14.1202895131,14.1202895131,14.1202895131,14.1202895131,118
5,126,2019-12-11 10:00:00,14.1118594895,14.1202895131,14.1118594895,14.1202895131,800
6,125,2019-12-11 10:30:00,14.0528493244,14.0528493244,14.0528493244,14.0528493244,100
7,124,2019-12-11 12:00:00,13.951689041300002,14.0187077289,13.951689041300002,14.0187077289,303
8,123,2019-12-11 12:30:00,13.8547437701,13.8575256778,13.817567365999999,13.8575256778,600
9,122,2019-12-11 14:00:00,13.9095389234,14.1118594895,13.7947220021,13.7947220021,1181
10,121,2019-12-11 14:30:00,13.9095389234,14.1202895131,13.882900048800002,14.1202895131,1444
11,120,2019-12-11 15:00:00,13.9263989706,13.9263989706,13.9263989706,13.9263989706,200
12,119,2019-12-12 10:00:00,13.8505287583,14.1202895131,13.8505287583,13.871182316099999,616
13,118,2019-12-12 11:00:00,13.871519517000001,13.9095389234,13.7830885695,13.819590571700001,4724
14,117,2019-12-12 11:30:00,13.749368475199999,13.749368475199999,13.749368475199999,13.749368475199999,238
15,116,2019-12-12 12:30:00,13.5048977911,13.545446204500001,13.5048977911,13.545446204500001,785
16,115,2019-12-12 15:00:00,13.4333268908,13.4333268908,13.4333268908,13.4333268908,250
17,114,2019-12-12 15:30:00,13.4458876259,13.4458876259,13.412167531600002,13.412167531600002,1000
18,113,2019-12-12 16:00:00,13.6987883336,13.6987883336,13.6987883336,13.6987883336,100
19,112,2019-12-13 10:00:00,13.732508428,13.9095389234,13.6987883336,13.9095389234,3600
20,111,2019-12-13 11:00:00,13.5723379798,13.5723379798,13.5723379798,13.5723379798,300
21,110,2019-12-13 11:30:00,13.488037743900001,13.488037743900001,13.3784474372,13.3784474372,500
22,109,2019-12-13 12:00:00,13.6144880977,13.6144880977,13.6144880977,13.6144880977,200
23,108,2019-12-13 13:30:00,13.6692832511,13.6692832511,13.6692832511,13.6692832511,100
24,107,2019-12-13 14:00:00,13.6692832511,13.6692832511,13.4964677675,13.593413038800001,2600
25,106,2019-12-13 15:00:00,13.593413038800001,13.593413038800001,13.593413038800001,13.593413038800001,630
26,105,2019-12-13 15:30:00,13.5048977911,13.6987883336,13.5048977911,13.6987883336,1345
27,104,2019-12-16 10:00:00,13.5639079562,13.6987883336,13.5639079562,13.6987883336,1300
28,103,2019-12-16 11:00:00,13.6652368398,13.6652368398,13.6652368398,13.6652368398,100
29,102,2019-12-16 11:30:00,13.647786690899999,13.6987883336,13.647786690899999,13.6987883336,300
30,101,2019-12-16 12:00:00,13.556320935,13.556320935,13.556320935,13.556320935,100
31,100,2019-12-16 12:30:00,13.6237611237,13.6987883336,13.6237611237,13.6987883336,500
32,99,2019-12-16 13:00:00,13.6144880977,13.6144880977,13.6144880977,13.6144880977,800
33,98,2019-12-16 13:30:00,13.556742436099999,13.6271331331,13.556742436099999,13.5626434527,670
34,97,2019-12-16 14:00:00,13.5723379798,13.5723379798,13.5512629208,13.5512629208,511
35,96,2019-12-16 14:30:00,13.538617885399999,13.538617885399999,13.538617885399999,13.538617885399999,608
36,95,2019-12-16 15:00:00,13.5217578383,13.5217578383,13.479607720299999,13.479607720299999,500
37,94,2019-12-16 15:30:00,13.512737713,13.622918121300001,13.488037743900001,13.622918121300001,4307
38,93,2019-12-17 10:00:00,13.4964677675,13.7072183572,13.4964677675,13.7072183572,2300
39,92,2019-12-17 10:30:00,13.6861432983,13.6987883336,13.5285018571,13.5285018571,1075
40,91,2019-12-17 11:00:00,13.6987883336,13.9095389234,13.6968494282,13.9095389234,2375
41,90,2019-12-17 11:30:00,13.9095389234,13.9095389234,13.9095389234,13.9095389234,200
42,89,2019-12-17 12:30:00,13.8673888054,13.8673888054,13.8673888054,13.8673888054,1225
43,88,2019-12-17 14:00:00,13.9095389234,13.9095389234,13.9095389234,13.9095389234,550
44,87,2019-12-17 16:00:00,14.015082818699998,14.0214896367,13.892678876199998,13.892678876199998,3682
45,86,2019-12-18 10:00:00,13.9348289942,13.9348289942,13.9348289942,13.9348289942,200
46,85,2019-12-18 11:30:00,13.9095389234,13.9095389234,13.9095389234,13.9095389234,200
47,84,2019-12-18 12:00:00,13.6755214685,13.6755214685,13.6755214685,13.6755214685,400
48,83,2019-12-18 13:30:00,13.892678876199998,13.9095389234,13.892678876199998,13.9095389234,3476
49,82,2019-12-18 15:30:00,13.740938451600002,13.740938451600002,13.740938451600002,13.740938451600002,100
50,81,2019-12-18 19:30:00,13.6313481449,13.6313481449,13.6313481449,13.6313481449,500
51,80,2019-12-19 10:00:00,13.622918121300001,13.8673888054,13.622918121300001,13.8673888054,2698
52,79,2019-12-19 10:30:00,13.8673888054,13.8673888054,13.6144880977,13.6144880977,400
53,78,2019-12-19 11:00:00,13.8252386875,13.8842488526,13.756112494100002,13.8842488526,690
54,77,2019-12-19 11:30:00,13.8884638644,13.8884638644,13.7156483808,13.742877357000001,3820
55,76,2019-12-19 12:00:00,13.5723379798,13.8673888054,13.571326377,13.6987883336,1940
56,75,2019-12-19 12:30:00,13.6987883336,13.8420987347,13.672823861,13.672823861,2441
57,74,2019-12-19 13:00:00,13.7620135106,13.7620135106,13.6638037357,13.7620135106,3475
58,73,2019-12-19 13:30:00,13.7662285224,13.7662285224,13.7662285224,13.7662285224,200
59,72,2019-12-19 16:00:00,13.7662285224,13.7662285224,13.6650682393,13.7662285224,1300
60,71,2019-12-19 20:00:00,13.9854091357,13.9854091357,13.9854091357,13.9854091357,500
61,70,2019-12-20 10:00:00,13.6566382157,13.6566382157,13.6566382157,13.6566382157,3479
62,69,2019-12-20 10:30:00,13.846313746500002,13.8871150606,13.8252386875,13.846313746500002,2685
63,68,2019-12-20 11:00:00,13.783762971400002,13.783762971400002,13.783762971400002,13.783762971400002,100
64,67,2019-12-20 11:30:00,13.846313746500002,13.846313746500002,13.846313746500002,13.846313746500002,1100
65,66,2019-12-23 10:00:00,13.7240784044,13.7240784044,13.7240784044,13.7240784044,320
66,65,2019-12-23 10:30:00,13.8800338408,13.8800338408,13.6650682393,13.6650682393,3600
67,64,2019-12-23 13:30:00,13.7156483808,13.7156483808,13.7156483808,13.7156483808,100
68,63,2019-12-23 14:00:00,13.8842488526,13.8842488526,13.8041636285,13.8041636285,2121
69,62,2019-12-23 14:30:00,13.892678876199998,13.9095389234,13.681928286500002,13.7746585459,5654
70,61,2019-12-23 15:00:00,13.8420987347,13.8420987347,13.7543421891,13.7915185931,3520
71,60,2019-12-23 16:00:00,13.781824065999999,14.0949994424,13.781824065999999,14.092891936500001,3873
72,59,2019-12-23 19:30:00,13.740938451600002,13.740938451600002,13.740938451600002,13.740938451600002,500
73,58,2019-12-24 10:00:00,13.875818829000002,13.875818829000002,13.875818829000002,13.875818829000002,200
74,57,2019-12-24 10:30:00,13.757798498800001,13.757798498800001,13.6582399202,13.6582399202,500
75,56,2019-12-24 11:00:00,13.9095389234,13.9095389234,13.900012996700001,13.9095389234,2078
76,55,2019-12-24 11:30:00,13.8252386875,13.8252386875,13.8252386875,13.8252386875,325
77,54,2019-12-24 13:30:00,13.8252386875,13.8252386875,13.8252386875,13.8252386875,0
78,53,2019-12-24 16:00:00,13.8252386875,13.8252386875,13.8252386875,13.8252386875,0
79,52,2019-12-26 10:30:00,13.8156284606,13.8156284606,13.8156284606,13.8156284606,100
80,51,2019-12-26 12:00:00,13.9095389234,13.9095389234,13.7881465837,13.7881465837,200
81,50,2019-12-26 12:30:00,13.9095389234,13.9095389234,13.8307182028,13.8307182028,378
82,49,2019-12-26 13:30:00,13.9095389234,13.9109720274,13.9095389234,13.9095389234,1378
83,48,2019-12-26 15:30:00,13.9095389234,13.9095389234,13.681928286500002,13.9095389234,7178
84,47,2019-12-27 10:00:00,14.0275592536,14.1693522504,14.0275592536,14.0444193008,550
85,46,2019-12-27 10:30:00,14.1624396311,14.1624396311,14.1624396311,14.1624396311,110
86,45,2019-12-27 12:00:00,14.100141756800001,14.100141756800001,14.100141756800001,14.100141756800001,100
87,44,2019-12-27 13:00:00,14.0359892772,14.0444193008,13.8673888054,13.8673888054,3022
88,43,2019-12-27 13:30:00,13.6987883336,13.753583487,13.6987883336,13.753583487,978
89,42,2019-12-27 14:00:00,13.681928286500002,13.753583487,13.681928286500002,13.753583487,1900
90,41,2019-12-27 14:30:00,13.6987883336,13.6987883336,13.6987883336,13.6987883336,526
91,40,2019-12-27 16:00:00,13.943259017699999,14.0781393952,13.794300500899999,14.0781393952,7378
92,39,2019-12-27 19:30:00,14.3226100793,14.3226100793,14.3226100793,14.3226100793,500
93,38,2019-12-30 11:00:00,14.0781393952,14.0781393952,14.0781393952,14.0781393952,312
94,37,2019-12-30 13:30:00,13.9601190649,13.9601190649,13.9601190649,13.9601190649,100
95,36,2019-12-30 14:30:00,13.9601190649,13.962648072,13.951689041300002,13.962648072,400
96,35,2019-12-30 15:30:00,13.951689041300002,13.951689041300002,13.951689041300002,13.951689041300002,880
97,34,2019-12-31 10:00:00,13.951689041300002,13.9938391593,13.9341545923,13.9938391593,1800
98,33,2019-12-31 11:00:00,13.9591917623,13.9591917623,13.9591917623,13.9591917623,200
99,32,2019-12-31 11:30:00,13.9938391593,14.024018643699998,13.9938391593,14.024018643699998,1531
100,31,2019-12-31 12:00:00,14.00125758,14.00125758,14.00125758,14.00125758,600
101,30,2019-12-31 12:30:00,14.0781393952,14.1624396311,14.0781393952,14.1624396311,2700
102,29,2019-12-31 14:00:00,14.0992144542,14.0992144542,14.0992144542,14.0992144542,300
103,28,2019-12-31 15:00:00,14.162355330799999,14.162355330799999,14.162355330799999,14.162355330799999,350
104,27,2019-12-31 20:00:00,13.9685490885,13.9685490885,13.9685490885,13.9685490885,1000
105,26,2020-01-02 10:00:00,14.280459961300002,14.280459961300002,14.280459961300002,14.280459961300002,526
106,25,2020-01-02 10:30:00,14.2298798198,14.2383098434,14.2298798198,14.2383098434,300
107,24,2020-01-02 13:30:00,14.3731902208,14.3731902208,14.181912985599999,14.181912985599999,1012
108,23,2020-01-02 14:30:00,14.214284276199999,14.954861848499998,14.1803112811,14.3310401029,6813
109,22,2020-01-02 15:30:00,14.4574904567,14.4574904567,14.4574904567,14.4574904567,210
110,21,2020-01-02 16:00:00,14.5839408106,14.7778313532,14.350934958599998,14.5923708342,8807
111,20,2020-01-03 11:00:00,14.560083843800001,14.560083843800001,14.560083843800001,14.560083843800001,300
112,19,2020-01-03 14:30:00,14.6161435007,14.685101093699998,14.6161435007,14.685101093699998,300
113,18,2020-01-03 15:00:00,14.878991636199999,14.878991636199999,14.7588638001,14.7588638001,1560
114,17,2020-01-03 15:30:00,14.864407695399999,14.864407695399999,14.864407695399999,14.864407695399999,400
115,16,2020-01-06 10:00:00,14.878991636199999,14.9211417542,14.8031214239,14.8031214239,2265
116,15,2020-01-06 10:30:00,14.8031214239,14.8031214239,14.7448699609,14.7448699609,500
117,14,2020-01-06 11:00:00,14.7736163414,14.7736163414,14.6766710701,14.6766710701,2275
118,13,2020-01-06 12:00:00,14.6766710701,14.7323092258,14.6513809993,14.7323092258,526
119,12,2020-01-06 12:30:00,14.6008008578,14.6008008578,14.5839408106,14.5839408106,597
120,11,2020-01-06 13:00:00,14.5249306455,14.5249306455,14.4996405747,14.4996405747,500
121,10,2020-01-06 13:30:00,14.3731902208,14.3731902208,14.3731902208,14.3731902208,235
122,9,2020-01-06 16:00:00,14.626090928499998,14.626090928499998,14.6008008578,14.6008008578,200
123,8,2020-01-06 19:30:00,14.828411494700001,14.828411494700001,14.828411494700001,14.828411494700001,1000
124,7,2020-01-07 11:30:00,14.7525412824,14.7525412824,14.7525412824,14.7525412824,200
125,6,2020-01-07 14:30:00,14.828411494700001,14.9295717778,14.828411494700001,14.9211417542,850
126,5,2020-01-07 16:00:00,14.954861848499998,14.9717218957,14.954861848499998,14.9717218957,1172
127,4,2020-01-07 20:00:00,14.6682410465,14.6682410465,14.6682410465,14.6682410465,1000
128,3,2020-01-08 10:00:00,14.9127117306,14.9127117306,14.9127117306,14.9127117306,575
129,2,2020-01-08 12:00:00,15.0581296375,15.0960647437,15.0581296375,15.0960647437,1500
130,1,2020-01-08 14:00:00,15.081565103099999,15.081565103099999,15.081565103099999,15.081565103099999,880
131,0,2020-01-08 19:30:00,15.3342129101,15.3342129101,15.3342129101,15.3342129101,1000
