,index,time,open,high,low,close,volume
0,299,2020-08-06 10:00:00,24.02,24.02,23.22,23.58,6845
1,298,2020-08-06 10:30:00,23.61,23.95,23.5618,23.86,15657
2,297,2020-08-06 11:00:00,23.875,24.3224,23.55,24.2548,6939
3,296,2020-08-06 11:30:00,24.37,25.0,24.11,25.0,15505
4,295,2020-08-06 12:00:00,24.94,25.0,24.6601,25.0,3264
5,294,2020-08-06 12:30:00,25.0,25.0,24.67,24.85,4131
6,293,2020-08-06 13:00:00,24.7001,24.85,24.355999999999998,24.85,3021
7,292,2020-08-06 13:30:00,24.84,24.85,24.74,24.82,3138
8,291,2020-08-06 14:00:00,24.84,24.84,24.53,24.66,10694
9,290,2020-08-06 14:30:00,24.84,24.85,24.58,24.75,9304
10,289,2020-08-06 15:00:00,24.84,24.85,24.67,24.85,9307
11,288,2020-08-06 15:30:00,24.84,25.0,24.75,24.92,24300
12,287,2020-08-06 16:00:00,24.95,25.0,24.72,25.0,25924
13,286,2020-08-07 09:00:00,25.0,25.0,25.0,25.0,200
14,285,2020-08-07 10:00:00,24.63,24.85,23.77,23.77,10135
15,284,2020-08-07 10:30:00,23.81,24.4097,23.72,24.3,13033
16,283,2020-08-07 11:00:00,24.35,24.72,24.15,24.3,25314
17,282,2020-08-07 11:30:00,24.455,24.66,24.27,24.5,6043
18,281,2020-08-07 12:00:00,24.42,24.515,24.1,24.27,6990
19,280,2020-08-07 12:30:00,24.235,24.27,23.92,23.99,7978
20,279,2020-08-07 13:00:00,23.89,24.0,23.48,23.5398,13067
21,278,2020-08-07 13:30:00,23.53,23.895,23.11,23.26,12936
22,277,2020-08-07 14:00:00,23.475,23.76,23.2,23.38,12283
23,276,2020-08-07 14:30:00,23.39,23.8,23.314,23.64,11152
24,275,2020-08-07 15:00:00,23.56,23.5601,23.25,23.25,8452
25,274,2020-08-07 15:30:00,23.355,23.48,23.1375,23.175,14522
26,273,2020-08-07 16:00:00,23.25,23.5,23.16,23.27,20133
27,272,2020-08-10 09:00:00,23.95,25.15,23.95,25.15,1000
28,271,2020-08-10 10:00:00,23.26,23.26,22.79,22.81,18822
29,270,2020-08-10 10:30:00,22.86,23.2,22.08,22.08,29800
30,269,2020-08-10 11:00:00,22.11,22.88,22.11,22.76,2763
31,268,2020-08-10 11:30:00,22.51,22.65,22.5,22.59,6973
32,267,2020-08-10 12:00:00,22.61,22.65,21.96,22.65,24734
33,266,2020-08-10 12:30:00,22.6,22.65,22.21,22.41,29145
34,265,2020-08-10 13:00:00,22.4,23.28,22.07,22.97,24883
35,264,2020-08-10 13:30:00,22.94,23.0,22.63,22.8,9502
36,263,2020-08-10 14:00:00,23.03,23.27,22.71,22.97,1990
37,262,2020-08-10 14:30:00,23.02,23.02,22.8,22.8,1756
38,261,2020-08-10 15:00:00,22.94,23.055,22.8,22.82,3645
39,260,2020-08-10 15:30:00,22.97,23.22,22.77,22.83,4251
40,259,2020-08-10 16:00:00,22.83,23.3,22.55,22.8,26742
41,258,2020-08-11 10:00:00,22.58,22.75,21.9603,22.75,5226
42,257,2020-08-11 10:30:00,22.98,22.98,22.5,22.5,6245
43,256,2020-08-11 11:00:00,22.5,22.6992,22.5,22.6059,4907
44,255,2020-08-11 11:30:00,22.5,22.66,22.5,22.5,4538
45,254,2020-08-11 12:00:00,22.6,22.68,22.48,22.5028,9802
46,253,2020-08-11 12:30:00,22.5,22.66,22.5,22.57,2061
47,252,2020-08-11 13:00:00,22.59,22.59,22.49,22.5,4362
48,251,2020-08-11 13:30:00,22.5,22.56,22.42,22.42,6603
49,250,2020-08-11 14:00:00,22.455,22.49,22.42,22.42,1451
50,249,2020-08-11 14:30:00,22.42,22.53,22.42,22.5,1736
51,248,2020-08-11 15:00:00,22.55,22.62,22.45,22.4501,3705
52,247,2020-08-11 15:30:00,22.45,22.61,22.4,22.45,5194
53,246,2020-08-11 16:00:00,22.56,22.76,22.47,22.47,6912
54,245,2020-08-12 10:00:00,22.42,22.6799,22.11,22.47,2473
55,244,2020-08-12 10:30:00,22.47,22.65,22.47,22.64,2354
56,243,2020-08-12 11:00:00,22.55,22.55,22.32,22.47,1000
57,242,2020-08-12 12:00:00,22.63,23.59,22.54,22.92,20974
58,241,2020-08-12 12:30:00,22.9199,23.27,22.88,23.14,7134
59,240,2020-08-12 13:00:00,23.14,23.15,22.9,22.98,6487
60,239,2020-08-12 13:30:00,23.0,23.03,22.85,23.03,400
61,238,2020-08-12 14:00:00,23.16,23.66,22.75,23.65,24606
62,237,2020-08-12 14:30:00,23.78,24.67,23.7,24.225,16570
63,236,2020-08-12 15:00:00,24.37,24.5,24.245,24.35,4310
64,235,2020-08-12 15:30:00,24.35,24.35,23.57,23.57,9075
65,234,2020-08-12 16:00:00,23.58,24.11,23.51,23.69,22123
66,233,2020-08-13 10:00:00,23.86,23.86,22.825,23.165,15489
67,232,2020-08-13 10:30:00,23.09,23.09,22.955,23.02,8441
68,231,2020-08-13 11:00:00,23.0,23.9,22.98,23.0,29738
69,230,2020-08-13 11:30:00,23.16,23.26,22.99,23.26,11141
70,229,2020-08-13 12:00:00,23.32,23.84,23.18,23.84,44635
71,228,2020-08-13 12:30:00,23.76,24.5394,23.73,24.5,22373
72,227,2020-08-13 13:00:00,24.48,24.49,24.015,24.46,6826
73,226,2020-08-13 13:30:00,24.3,24.5,24.02,24.02,6867
74,225,2020-08-13 14:00:00,24.0,24.39,24.0,24.36,3700
75,224,2020-08-13 14:30:00,24.385,24.54,24.23,24.54,5813
76,223,2020-08-13 15:00:00,24.45,24.55,24.4,24.545,10774
77,222,2020-08-13 15:30:00,24.595,25.0,24.55,24.89,6814
78,221,2020-08-13 16:00:00,24.81,25.0,24.65,24.87,37451
79,220,2020-08-14 10:00:00,24.4,25.0,23.78,25.0,7672
80,219,2020-08-14 10:30:00,25.0,25.41,24.8699,24.89,17186
81,218,2020-08-14 11:00:00,24.995,25.1899,24.71,25.0,6152
82,217,2020-08-14 11:30:00,24.98,25.0,24.79,24.99,5922
83,216,2020-08-14 12:00:00,24.99,25.04,24.78,24.86,9349
84,215,2020-08-14 12:30:00,25.0,25.0,24.93,24.93,313
85,214,2020-08-14 13:00:00,25.0,25.0,24.87,24.92,3516
86,213,2020-08-14 13:30:00,24.84,25.0,24.76,25.0,7744
87,212,2020-08-14 14:00:00,24.96,25.01,24.86,24.9,25221
88,211,2020-08-14 14:30:00,24.9,25.06,24.9,25.02,12151
89,210,2020-08-14 15:00:00,25.1,25.673000000000002,25.0567,25.455,13522
90,209,2020-08-14 15:30:00,25.48,26.0,25.48,25.875,54504
91,208,2020-08-14 16:00:00,25.83,25.99,25.51,25.75,32361
92,207,2020-08-17 08:30:00,25.72,25.72,25.72,25.72,895
93,206,2020-08-17 09:30:00,26.0,26.0,25.62,25.62,900
94,205,2020-08-17 10:00:00,25.61,25.61,24.24,24.96,36552
95,204,2020-08-17 10:30:00,24.9,25.17,24.54,24.73,9079
96,203,2020-08-17 11:00:00,24.83,25.14,24.62,25.01,19379
97,202,2020-08-17 11:30:00,24.965,25.2,24.87,25.2,5404
98,201,2020-08-17 12:00:00,25.05,25.19,24.92,24.96,8326
99,200,2020-08-17 12:30:00,24.96,25.18,24.96,25.07,9277
100,199,2020-08-17 13:00:00,25.05,25.05,24.93,25.005,11964
101,198,2020-08-17 13:30:00,25.005,25.04,24.8163,24.8163,3335
102,197,2020-08-17 14:00:00,24.835,25.2,24.79,24.99,9419
103,196,2020-08-17 14:30:00,24.99,25.0,24.76,24.76,8713
104,195,2020-08-17 15:00:00,24.656,24.865,24.505,24.5193,11929
105,194,2020-08-17 15:30:00,24.5,24.635,24.3325,24.395,13288
106,193,2020-08-17 16:00:00,24.38,24.45,23.81,23.81,30535
107,192,2020-08-17 16:30:00,23.81,23.81,23.81,23.81,471
108,191,2020-08-18 10:00:00,23.88,23.88,23.4,23.56,17253
109,190,2020-08-18 10:30:00,23.74,23.78,23.26,23.405,15181
110,189,2020-08-18 11:00:00,23.405,24.0,23.355,23.87,11448
111,188,2020-08-18 11:30:00,23.84,25.02,23.84,24.6583,17530
112,187,2020-08-18 12:00:00,24.51,25.6399,24.51,25.58,54726
113,186,2020-08-18 12:30:00,25.535,26.486,25.535,26.46,54625
114,185,2020-08-18 13:00:00,26.35,26.4341,25.86,25.9,11066
115,184,2020-08-18 13:30:00,26.09,26.46,25.9,26.4,12481
116,183,2020-08-18 14:00:00,26.35,26.4068,25.75,25.97,11594
117,182,2020-08-18 14:30:00,25.75,25.96,25.61,25.79,16235
118,181,2020-08-18 15:00:00,25.81,25.81,25.61,25.71,12238
119,180,2020-08-18 15:30:00,25.73,26.075,25.43,25.88,28206
120,179,2020-08-18 16:00:00,25.8,26.03,25.53,25.98,29763
121,178,2020-08-19 10:00:00,26.25,26.25,25.75,25.77,13112
122,177,2020-08-19 10:30:00,25.87,25.97,25.7295,25.86,3673
123,176,2020-08-19 11:00:00,25.835,25.835,25.41,25.41,8206
124,175,2020-08-19 11:30:00,25.41,26.25,25.39,25.8002,9300
125,174,2020-08-19 12:00:00,25.94,26.21,25.61,25.95,11553
126,173,2020-08-19 12:30:00,25.94,26.13,25.91,26.1039,8725
127,172,2020-08-19 13:00:00,26.03,26.04,25.84,25.84,3734
128,171,2020-08-19 13:30:00,25.86,26.369,25.86,26.35,30635
129,170,2020-08-19 14:00:00,26.265,26.7,26.265,26.525,11495
130,169,2020-08-19 14:30:00,26.525,26.6,25.69,25.925,17276
131,168,2020-08-19 15:00:00,26.0,26.0,25.41,25.88,25929
132,167,2020-08-19 15:30:00,25.85,26.03,25.745,25.97,10402
133,166,2020-08-19 16:00:00,25.94,25.975,25.59,25.63,20233
134,165,2020-08-20 10:00:00,24.96,25.9,24.8601,25.75,19312
135,164,2020-08-20 10:30:00,25.6,26.5,25.53,26.465,23846
136,163,2020-08-20 11:00:00,26.465,26.932,25.635,26.025,23562
137,162,2020-08-20 11:30:00,26.01,26.7259,25.54,25.88,7968
138,161,2020-08-20 12:00:00,25.66,25.66,25.39,25.39,6633
139,160,2020-08-20 12:30:00,25.41,26.0,25.28,25.47,9339
140,159,2020-08-20 13:00:00,25.47,25.9994,25.325,25.535,8653
141,158,2020-08-20 13:30:00,25.535,26.04,25.405,25.9,9880
142,157,2020-08-20 14:00:00,25.875,25.875,25.54,25.54,7651
143,156,2020-08-20 14:30:00,25.76,25.77,25.375,25.52,14915
144,155,2020-08-20 15:00:00,25.52,25.605,25.18,25.46,8749
145,154,2020-08-20 15:30:00,25.42,25.62,25.185,25.26,11229
146,153,2020-08-20 16:00:00,25.275,25.47,24.99,25.17,18799
147,152,2020-08-21 10:00:00,25.33,25.8,25.2,25.225,12569
148,151,2020-08-21 10:30:00,25.42,25.79,25.39,25.625,21282
149,150,2020-08-21 11:00:00,25.64,25.87,25.52,25.86,5694
150,149,2020-08-21 11:30:00,25.825,26.0,25.77,25.77,1968
151,148,2020-08-21 12:00:00,25.8,26.3,25.7,25.97,2927
152,147,2020-08-21 12:30:00,26.01,26.09,25.98,26.0,6498
153,146,2020-08-21 13:00:00,25.95,26.0,25.675,25.79,3627
154,145,2020-08-21 13:30:00,25.8,25.88,25.72,25.72,2639
155,144,2020-08-21 14:00:00,25.7,25.97,25.18,25.8,11374
156,143,2020-08-21 14:30:00,25.72,25.72,25.49,25.67,5648
157,142,2020-08-21 15:00:00,25.62,26.01,25.6,26.01,7549
158,141,2020-08-21 15:30:00,26.01,26.48,25.96,26.35,9620
159,140,2020-08-21 16:00:00,26.44,26.47,26.1,26.18,26913
160,139,2020-08-24 10:00:00,26.14,26.32,25.75,25.89,9458
161,138,2020-08-24 10:30:00,26.0,26.34,25.8201,26.285,4440
162,137,2020-08-24 11:00:00,26.2982,26.92,26.2982,26.6,34182
163,136,2020-08-24 11:30:00,26.6,26.65,25.77,25.835,16576
164,135,2020-08-24 12:00:00,25.84,25.9999,25.72,25.72,3371
165,134,2020-08-24 12:30:00,25.85,25.96,25.69,25.7,3221
166,133,2020-08-24 13:00:00,25.695,25.96,25.29,25.32,13272
167,132,2020-08-24 13:30:00,25.26,25.52,25.05,25.05,9701
168,131,2020-08-24 14:00:00,25.045,25.09,24.75,24.83,9898
169,130,2020-08-24 14:30:00,24.83,24.95,24.23,24.39,11525
170,129,2020-08-24 15:00:00,24.39,24.56,24.04,24.335,28038
171,128,2020-08-24 15:30:00,24.4,24.91,24.25,24.72,18011
172,127,2020-08-24 16:00:00,24.69,25.27,24.69,25.27,50808
173,126,2020-08-25 10:00:00,24.67,25.4399,24.345,25.2,5876
174,125,2020-08-25 10:30:00,25.29,25.82,24.96,25.1,7817
175,124,2020-08-25 11:00:00,24.99,25.49,24.99,25.35,2274
176,123,2020-08-25 11:30:00,25.5098,25.54,25.18,25.5399,4826
177,122,2020-08-25 12:00:00,25.47,25.89,25.38,25.775,9201
178,121,2020-08-25 12:30:00,25.775,25.815,25.345,25.45,6510
179,120,2020-08-25 13:00:00,25.465,25.83,25.275,25.31,3651
180,119,2020-08-25 13:30:00,25.575,25.68,25.54,25.64,1502
181,118,2020-08-25 14:00:00,25.59,25.63,25.375,25.56,3837
182,117,2020-08-25 14:30:00,25.78,25.86,25.545,25.7,19107
183,116,2020-08-25 15:00:00,25.73,25.8,25.69,25.7,1956
184,115,2020-08-25 15:30:00,25.7,25.85,25.64,25.76,20405
185,114,2020-08-25 16:00:00,25.76,26.22,25.76,26.22,37550
186,113,2020-08-26 10:00:00,26.2,26.2,25.355,25.95,4299
187,112,2020-08-26 10:30:00,25.83,25.83,25.69,25.745,1284
188,111,2020-08-26 11:00:00,25.69,25.8,25.57,25.57,2351
189,110,2020-08-26 11:30:00,25.6216,26.0,25.44,25.76,7966
190,109,2020-08-26 12:00:00,25.91,26.5,25.785,26.31,4148
191,108,2020-08-26 12:30:00,26.3309,26.5,26.14,26.45,2964
192,107,2020-08-26 13:00:00,26.5,26.78,26.4,26.705,3915
193,106,2020-08-26 13:30:00,26.75,26.87,26.61,26.61,3369
194,105,2020-08-26 14:00:00,26.75,26.87,26.56,26.75,1699
195,104,2020-08-26 14:30:00,26.8,27.2,26.7,27.2,2721
196,103,2020-08-26 15:00:00,27.17,27.235,27.0,27.02,5432
197,102,2020-08-26 15:30:00,27.0,27.0,26.9,26.94,2395
198,101,2020-08-26 16:00:00,26.98,27.5,26.98,27.49,8536
199,100,2020-08-27 10:00:00,27.4,27.7,26.9464,27.51,7996
200,99,2020-08-27 10:30:00,27.65,27.69,27.39,27.69,600
201,98,2020-08-27 11:00:00,27.73,27.75,27.4,27.65,4128
202,97,2020-08-27 11:30:00,27.5546,27.73,27.035,27.19,6682
203,96,2020-08-27 12:00:00,27.04,27.06,26.685,26.81,4712
204,95,2020-08-27 12:30:00,26.8,26.81,26.365,26.365,5271
205,94,2020-08-27 13:00:00,26.355,26.5,26.01,26.19,6219
206,93,2020-08-27 13:30:00,26.23,26.55,26.23,26.55,5835
207,92,2020-08-27 14:00:00,26.47,26.665,26.47,26.49,4875
208,91,2020-08-27 14:30:00,26.485,26.635,26.4,26.63,12722
209,90,2020-08-27 15:00:00,26.63,27.4,26.63,27.315,7731
210,89,2020-08-27 15:30:00,27.34,27.43,27.21,27.26,19765
211,88,2020-08-27 16:00:00,27.32,27.46,26.945,27.01,25020
212,87,2020-08-28 10:00:00,27.08,27.745,26.87,27.745,6318
213,86,2020-08-28 10:30:00,27.71,27.91,27.64,27.68,1595
214,85,2020-08-28 11:00:00,27.725,27.87,27.648000000000003,27.648000000000003,4322
215,84,2020-08-28 11:30:00,27.655,27.655,27.355,27.375,3093
216,83,2020-08-28 12:00:00,27.56,27.625,27.315,27.4,2595
217,82,2020-08-28 12:30:00,27.31,28.18,27.31,27.93,17026
218,81,2020-08-28 13:00:00,27.89,27.935,27.65,27.91,7471
219,80,2020-08-28 13:30:00,27.83,28.34,27.75,28.34,11163
220,79,2020-08-28 14:00:00,28.34,28.34,28.03,28.03,17587
221,78,2020-08-28 14:30:00,28.03,28.17,27.97,28.09,14888
222,77,2020-08-28 15:00:00,28.065,28.69,28.065,28.59,26493
223,76,2020-08-28 15:30:00,28.59,28.82,28.59,28.74,11799
224,75,2020-08-28 16:00:00,28.82,29.12,28.77,28.83,44221
225,74,2020-08-28 19:30:00,29.55,29.55,29.55,29.55,450
226,73,2020-08-31 07:30:00,29.19,29.19,29.13,29.13,200
227,72,2020-08-31 08:30:00,29.1999,29.1999,29.1999,29.1999,117
228,71,2020-08-31 09:30:00,29.2,29.33,29.2,29.33,431
229,70,2020-08-31 10:00:00,29.42,29.45,28.47,28.6782,10960
230,69,2020-08-31 10:30:00,28.6354,29.52,28.56,29.445,5381
231,68,2020-08-31 11:00:00,29.43,29.75,29.13,29.53,32436
232,67,2020-08-31 11:30:00,29.39,29.61,28.33,28.33,15459
233,66,2020-08-31 12:00:00,28.215,29.055,28.1095,28.57,11324
234,65,2020-08-31 12:30:00,28.46,28.755,28.37,28.551,12029
235,64,2020-08-31 13:00:00,28.63,28.935,28.54,28.9,6392
236,63,2020-08-31 13:30:00,28.99,29.14,28.705,28.98,6498
237,62,2020-08-31 14:00:00,28.855,29.11,28.725,29.0,2876
238,61,2020-08-31 14:30:00,29.03,29.9,28.85,29.145,17385
239,60,2020-08-31 15:00:00,28.855,29.24,28.485,28.69,11312
240,59,2020-08-31 15:30:00,28.71,28.75,28.02,28.43,14258
241,58,2020-08-31 16:00:00,28.41,28.79,28.07,28.27,39781
242,57,2020-08-31 19:30:00,28.58,28.58,28.58,28.58,300
243,56,2020-09-01 08:30:00,28.28,28.28,28.28,28.28,260
244,55,2020-09-01 09:30:00,29.0,29.0,28.12,28.12,2345
245,54,2020-09-01 10:00:00,26.6,28.245,26.58,28.245,60432
246,53,2020-09-01 10:30:00,28.245,28.49,27.8,28.1,13669
247,52,2020-09-01 11:00:00,28.075,28.075,27.5001,27.62,16041
248,51,2020-09-01 11:30:00,27.83,28.0,27.37,27.75,26936
249,50,2020-09-01 12:00:00,27.9999,28.12,27.52,27.7,8934
250,49,2020-09-01 12:30:00,27.7,27.9,27.47,27.64,9052
251,48,2020-09-01 13:00:00,27.75,28.14,27.5001,28.14,7498
252,47,2020-09-01 13:30:00,27.93,28.275,27.51,27.52,11805
253,46,2020-09-01 14:00:00,27.64,27.94,26.99,27.94,11453
254,45,2020-09-01 14:30:00,27.82,27.99,27.55,27.99,4958
255,44,2020-09-01 15:00:00,28.02,28.37,27.82,28.05,13726
256,43,2020-09-01 15:30:00,27.87,28.5,27.86,28.42,8152
257,42,2020-09-01 16:00:00,28.32,28.54,27.9101,28.46,43504
258,41,2020-09-02 10:00:00,27.88,28.42,27.77,28.18,16169
259,40,2020-09-02 10:30:00,27.94,28.22,27.915,28.14,9373
260,39,2020-09-02 11:00:00,28.23,29.06,28.195,28.98,24212
261,38,2020-09-02 11:30:00,28.76,29.0499,28.465,28.69,21708
262,37,2020-09-02 12:00:00,28.68,29.45,28.6175,29.45,16047
263,36,2020-09-02 12:30:00,29.5,30.9799,29.33,30.64,25823
264,35,2020-09-02 13:00:00,30.455,30.665,30.105,30.37,17391
265,34,2020-09-02 13:30:00,30.67,31.67,30.555,31.655,29101
266,33,2020-09-02 14:00:00,31.88,33.103,31.625,32.94,30940
267,32,2020-09-02 14:30:00,32.88,32.9397,31.5801,31.875,25391
268,31,2020-09-02 15:00:00,31.875,32.0399,31.5315,31.54,11486
269,30,2020-09-02 15:30:00,31.64,31.9382,31.51,31.74,13294
270,29,2020-09-02 16:00:00,31.65,31.99,31.33,31.39,39275
271,28,2020-09-02 16:30:00,31.42,31.42,31.42,31.42,161
272,27,2020-09-03 10:00:00,31.06,31.06,30.345,30.785,17292
273,26,2020-09-03 10:30:00,30.785,30.93,30.0,30.02,19389
274,25,2020-09-03 11:00:00,30.43,30.52,29.53,29.75,26303
275,24,2020-09-03 11:30:00,29.645,29.75,28.7332,28.795,16826
276,23,2020-09-03 12:00:00,28.79,29.3399,28.79,28.875,4598
277,22,2020-09-03 12:30:00,28.785,29.51,28.6101,29.3,67106
278,21,2020-09-03 13:00:00,29.23,29.28,28.54,28.78,10161
279,20,2020-09-03 13:30:00,28.64,28.932,28.3,28.7175,15624
280,19,2020-09-03 14:00:00,28.525,28.945,28.3064,28.605,20282
281,18,2020-09-03 14:30:00,28.7,29.0194,28.54,28.88,10571
282,17,2020-09-03 15:00:00,29.01,29.345,28.95,29.305,11568
283,16,2020-09-03 15:30:00,29.36,29.36,29.08,29.32,6756
284,15,2020-09-03 16:00:00,29.2,29.64,29.08,29.26,23831
285,14,2020-09-03 16:30:00,29.18,29.22,29.18,29.22,451
286,13,2020-09-04 10:00:00,29.16,29.59,28.45,28.74,12980
287,12,2020-09-04 10:30:00,28.7,29.26,28.7,28.93,10875
288,11,2020-09-04 11:00:00,28.995,29.1,28.46,28.76,20475
289,10,2020-09-04 11:30:00,28.6047,29.0,28.4501,28.72,16306
290,9,2020-09-04 12:00:00,28.72,28.95,28.72,28.95,3898
291,8,2020-09-04 12:30:00,29.0,29.335,28.895,29.16,11283
292,7,2020-09-04 13:00:00,29.16,29.31,28.64,28.9,5774
293,6,2020-09-04 13:30:00,28.9,28.945,28.6884,28.86,13095
294,5,2020-09-04 14:00:00,28.805,29.16,28.72,29.16,12719
295,4,2020-09-04 14:30:00,29.165,29.165,28.7055,28.925,12023
296,3,2020-09-04 15:00:00,28.85,28.96,28.73,28.86,13168
297,2,2020-09-04 15:30:00,28.9,29.04,28.65,28.65,11502
298,1,2020-09-04 16:00:00,28.75,29.18,28.645,28.83,37115
299,0,2020-09-04 16:30:00,28.94,28.94,28.94,28.94,158
300,269,2020-09-08 10:00:00,28.51,29.625,28.51,29.3,12273
301,268,2020-09-08 10:30:00,29.3,30.06,29.2375,29.82,20699
302,267,2020-09-08 11:00:00,30.25,30.25,29.01,29.34,6972
303,266,2020-09-08 11:30:00,29.21,29.91,28.955,29.91,21243
304,265,2020-09-08 12:00:00,29.83,30.19,29.46,29.955,12016
305,264,2020-09-08 12:30:00,30.14,30.46,29.9,30.46,4223
306,263,2020-09-08 13:00:00,30.56,30.56,30.325,30.4686,1675
307,262,2020-09-08 13:30:00,30.44,30.52,30.29,30.29,4903
308,261,2020-09-08 14:00:00,30.435,31.01,30.335,30.7005,10430
309,260,2020-09-08 14:30:00,30.63,30.8215,30.425,30.635,8804
310,259,2020-09-08 15:00:00,30.73,31.03,30.47,30.93,12970
311,258,2020-09-08 15:30:00,31.12,31.21,30.81,30.87,20241
312,257,2020-09-08 16:00:00,30.87,31.11,30.56,30.74,45886
313,256,2020-09-08 16:30:00,30.64,30.64,30.64,30.64,285
314,255,2020-09-09 10:00:00,30.48,31.75,30.48,31.28,13839
315,254,2020-09-09 10:30:00,31.1,31.3824,30.86,31.125,14560
316,253,2020-09-09 11:00:00,31.07,31.2099,30.62,30.99,16294
317,252,2020-09-09 11:30:00,31.005,31.185,30.74,31.01,9791
318,251,2020-09-09 12:00:00,30.99,31.22,30.71,30.86,21923
319,250,2020-09-09 12:30:00,30.86,30.99,30.81,30.93,5727
320,249,2020-09-09 13:00:00,30.87,30.87,30.3,30.37,11201
321,248,2020-09-09 13:30:00,30.31,30.31,29.7,29.825,7838
322,247,2020-09-09 14:00:00,29.805,29.86,29.09,29.14,11255
323,246,2020-09-09 14:30:00,29.345,29.7,29.2,29.54,13598
324,245,2020-09-09 15:00:00,29.55,29.595,28.875,28.96,19817
325,244,2020-09-09 15:30:00,28.9,29.37,28.85,29.36,19368
326,243,2020-09-09 16:00:00,29.285,29.295,28.83,29.0,59821
327,242,2020-09-09 16:30:00,29.0,29.6,29.0,29.6,667
328,241,2020-09-10 07:00:00,29.0,29.0,29.0,29.0,100
329,240,2020-09-10 09:00:00,29.26,29.52,29.26,29.52,200
330,239,2020-09-10 10:00:00,29.11,29.62,28.6,29.5,9183
331,238,2020-09-10 10:30:00,29.64,30.41,29.12,30.41,12976
332,237,2020-09-10 11:00:00,30.0,30.97,29.98,30.37,4121
333,236,2020-09-10 11:30:00,30.14,30.84,29.93,30.84,8007
334,235,2020-09-10 12:00:00,30.7,30.73,30.24,30.31,7235
335,234,2020-09-10 12:30:00,30.5,30.58,30.03,30.46,5096
336,233,2020-09-10 13:00:00,30.465,30.71,30.18,30.18,11776
337,232,2020-09-10 13:30:00,30.44,30.6,30.16,30.39,10318
338,231,2020-09-10 14:00:00,30.275,30.4,30.02,30.12,5070
339,230,2020-09-10 14:30:00,30.07,30.17,29.735,30.16,6359
340,229,2020-09-10 15:00:00,30.16,30.5,29.89,30.25,19295
341,228,2020-09-10 15:30:00,30.25,30.37,30.0675,30.33,7693
342,227,2020-09-10 16:00:00,30.37,30.55,30.16,30.16,19032
343,226,2020-09-10 16:30:00,30.05,30.05,30.05,30.05,580
344,225,2020-09-11 10:00:00,29.84,30.34,28.6375,29.68,12636
345,224,2020-09-11 10:30:00,29.825,29.825,28.92,28.97,13758
346,223,2020-09-11 11:00:00,29.02,29.67,28.61,28.61,9989
347,222,2020-09-11 11:30:00,28.97,29.4194,28.805,29.005,18065
348,221,2020-09-11 12:00:00,29.22,29.22,29.0,29.005,4702
349,220,2020-09-11 12:30:00,29.02,29.16,28.775,28.94,4357
350,219,2020-09-11 13:00:00,29.07,29.09,28.795,28.94,3279
351,218,2020-09-11 13:30:00,28.94,29.07,28.77,29.07,25751
352,217,2020-09-11 14:00:00,29.02,29.25,29.02,29.07,7349
353,216,2020-09-11 14:30:00,29.14,29.15,28.65,28.92,52074
354,215,2020-09-11 15:00:00,28.96,29.08,28.665,28.94,6803
355,214,2020-09-11 15:30:00,28.82,29.49,28.81,29.09,8965
356,213,2020-09-11 16:00:00,28.89,29.46,28.86,29.14,24096
357,212,2020-09-11 16:30:00,29.07,29.07,29.07,29.07,449
358,211,2020-09-14 10:00:00,29.0,30.61,28.92,29.61,6659
359,210,2020-09-14 10:30:00,29.53,29.95,29.43,29.84,17053
360,209,2020-09-14 11:00:00,29.69,29.88,29.36,29.6,16463
361,208,2020-09-14 11:30:00,29.65,29.69,29.45,29.5,9138
362,207,2020-09-14 12:00:00,29.57,29.96,29.47,29.56,27894
363,206,2020-09-14 12:30:00,29.53,29.835,29.105,29.35,11752
364,205,2020-09-14 13:00:00,29.16,29.5,29.16,29.405,2354
365,204,2020-09-14 13:30:00,29.42,29.48,29.35,29.42,3823
366,203,2020-09-14 14:00:00,29.35,29.35,28.8,29.1,21722
367,202,2020-09-14 14:30:00,29.05,29.47,29.05,29.465,4419
368,201,2020-09-14 15:00:00,29.5,29.71,29.495,29.57,4262
369,200,2020-09-14 15:30:00,29.65,29.74,29.27,29.55,22758
370,199,2020-09-14 16:00:00,29.545,30.0,29.49,29.6,40570
371,198,2020-09-14 16:30:00,29.59,29.59,29.59,29.59,700
372,197,2020-09-15 10:00:00,29.37,29.475,29.305,29.305,4007
373,196,2020-09-15 10:30:00,29.32,29.465,28.875,29.23,11205
374,195,2020-09-15 11:00:00,29.19,29.19,28.9509,28.975,5504
375,194,2020-09-15 11:30:00,28.975,29.085,28.9,28.98,7923
376,193,2020-09-15 12:00:00,28.98,29.0,28.9,28.9,4871
377,192,2020-09-15 12:30:00,28.9,28.96,28.84,28.85,1354
378,191,2020-09-15 13:00:00,28.99,28.99,28.77,28.77,2006
379,190,2020-09-15 13:30:00,28.7785,28.835,28.505,28.505,4215
380,189,2020-09-15 14:00:00,28.52,28.56,28.33,28.34,5597
381,188,2020-09-15 14:30:00,28.33,28.34,27.63,27.63,24767
382,187,2020-09-15 15:00:00,27.62,27.67,27.34,27.61,10779
383,186,2020-09-15 15:30:00,27.67,27.68,27.24,27.3,9659
384,185,2020-09-15 16:00:00,27.23,27.34,26.96,27.0,41500
385,184,2020-09-15 16:30:00,26.98,26.98,26.98,26.98,463
386,183,2020-09-16 10:00:00,27.23,27.93,27.0798,27.265,13801
387,182,2020-09-16 10:30:00,27.17,27.23,26.8,27.08,13501
388,181,2020-09-16 11:00:00,27.3,27.55,26.925,27.12,20193
389,180,2020-09-16 11:30:00,27.1,27.39,27.035,27.195,16093
390,179,2020-09-16 12:00:00,27.13,27.35,27.09,27.22,48178
391,178,2020-09-16 12:30:00,27.15,27.22,26.9,27.17,12784
392,177,2020-09-16 13:00:00,27.095,27.35,26.99,27.125,10341
393,176,2020-09-16 13:30:00,27.245,27.255,26.94,26.94,7997
394,175,2020-09-16 14:00:00,26.94,27.115,26.72,27.025,10645
395,174,2020-09-16 14:30:00,27.025,27.45,26.925,27.21,13939
396,173,2020-09-16 15:00:00,27.21,27.215,26.72,26.86,12790
397,172,2020-09-16 15:30:00,26.87,27.155,26.72,26.915,55248
398,171,2020-09-16 16:00:00,27.0,27.2,26.74,26.75,51295
399,170,2020-09-16 16:30:00,26.65,26.75,26.65,26.75,315
400,169,2020-09-17 10:00:00,26.08,26.995,26.08,26.98,13163
401,168,2020-09-17 10:30:00,26.98,27.1,26.62,26.78,12382
402,167,2020-09-17 11:00:00,26.78,26.82,26.55,26.64,11340
403,166,2020-09-17 11:30:00,26.64,26.78,26.48,26.48,12403
404,165,2020-09-17 12:00:00,26.5,26.77,26.5,26.77,4012
405,164,2020-09-17 12:30:00,26.705,26.77,26.57,26.6,19704
406,163,2020-09-17 13:00:00,26.6,26.6,26.2,26.25,8406
407,162,2020-09-17 13:30:00,26.18,26.18,25.22,25.585,43221
408,161,2020-09-17 14:00:00,25.97,25.97,25.63,25.756999999999998,12520
409,160,2020-09-17 14:30:00,25.77,26.41,25.77,26.34,15727
410,159,2020-09-17 15:00:00,26.26,26.39,25.82,25.985,22375
411,158,2020-09-17 15:30:00,25.97,26.0,25.64,25.66,29599
412,157,2020-09-17 16:00:00,25.685,25.845,25.58,25.66,39068
413,156,2020-09-17 16:30:00,25.7,25.7,25.7,25.7,604
414,155,2020-09-18 10:00:00,25.38,26.37,25.38,26.24,16632
415,154,2020-09-18 10:30:00,26.37,26.63,25.855,25.98,22963
416,153,2020-09-18 11:00:00,26.045,26.125,25.735,25.735,10593
417,152,2020-09-18 11:30:00,25.72,25.795,25.25,25.25,19125
418,151,2020-09-18 12:00:00,25.325,25.6,25.325,25.42,15191
419,150,2020-09-18 12:30:00,25.42,25.42,25.12,25.205,21950
420,149,2020-09-18 13:00:00,25.23,25.345,24.485,25.17,38537
421,148,2020-09-18 13:30:00,25.19,25.42,24.915,25.1,19909
422,147,2020-09-18 14:00:00,25.11,25.26,24.85,24.925,22475
423,146,2020-09-18 14:30:00,24.925,25.3,24.795,25.21,20845
424,145,2020-09-18 15:00:00,25.26,25.26,25.0,25.0,18470
425,144,2020-09-18 15:30:00,25.05,25.17,24.86,25.1,27714
426,143,2020-09-18 16:00:00,25.065,25.14,24.3,24.45,129294
427,142,2020-09-18 16:30:00,24.45,24.45,24.4483,24.4483,137313
428,141,2020-09-21 10:00:00,23.81,24.29,23.6,23.895,19105
429,140,2020-09-21 10:30:00,24.0,24.1152,23.31,23.5,15516
430,139,2020-09-21 11:00:00,23.45,23.46,23.06,23.41,28358
431,138,2020-09-21 11:30:00,23.41,23.7,23.16,23.17,10730
432,137,2020-09-21 12:00:00,23.395,23.395,23.16,23.16,4732
433,136,2020-09-21 12:30:00,23.1938,23.37,22.77,23.27,15724
434,135,2020-09-21 13:00:00,23.2,23.3,23.04,23.105,9664
435,134,2020-09-21 13:30:00,23.08,23.31,23.04,23.16,10680
436,133,2020-09-21 14:00:00,23.235,23.235,23.0,23.03,9042
437,132,2020-09-21 14:30:00,23.0,23.075,22.85,23.03,8462
438,131,2020-09-21 15:00:00,22.975,22.975,22.71,22.78,8495
439,130,2020-09-21 15:30:00,22.78,22.98,22.48,22.56,38475
440,129,2020-09-21 16:00:00,22.675,22.75,22.36,22.36,91754
441,128,2020-09-21 16:30:00,22.37,22.37,22.37,22.37,1028
442,127,2020-09-22 09:00:00,23.5,23.5,23.25,23.25,200
443,126,2020-09-22 10:00:00,22.75,22.92,22.4,22.74,28151
444,125,2020-09-22 10:30:00,22.74,23.7,22.74,23.505,33125
445,124,2020-09-22 11:00:00,23.69,23.95,23.3,23.55,20221
446,123,2020-09-22 11:30:00,23.525,23.93,23.3,23.585,16188
447,122,2020-09-22 12:00:00,23.5994,23.9899,23.58,23.765,36294
448,121,2020-09-22 12:30:00,23.815,23.815,23.555,23.6,10910
449,120,2020-09-22 13:00:00,23.6,23.91,23.555,23.8,21184
450,119,2020-09-22 13:30:00,23.9399,23.95,23.72,23.93,10464
451,118,2020-09-22 14:00:00,23.93,24.155,23.88,24.075,23583
452,117,2020-09-22 14:30:00,24.1299,24.4,24.07,24.26,31185
453,116,2020-09-22 15:00:00,24.32,24.5,24.185,24.38,44837
454,115,2020-09-22 15:30:00,24.33,24.33,23.92,24.03,13412
455,114,2020-09-22 16:00:00,24.0,24.24,23.95,24.18,42648
456,113,2020-09-22 16:30:00,24.12,24.12,24.12,24.12,1400
457,112,2020-09-23 10:00:00,23.94,24.13,23.45,23.73,17837
458,111,2020-09-23 10:30:00,23.6,24.49,23.58,24.105,22479
459,110,2020-09-23 11:00:00,24.105,24.415,24.105,24.27,28347
460,109,2020-09-23 11:30:00,24.33,24.6,24.28,24.565,9769
461,108,2020-09-23 12:00:00,24.565,24.68,24.1901,24.335,24608
462,107,2020-09-23 12:30:00,24.24,24.61,24.23,24.27,14001
463,106,2020-09-23 13:00:00,24.2401,24.4,24.09,24.23,9033
464,105,2020-09-23 13:30:00,24.23,24.23,23.815,23.84,10123
465,104,2020-09-23 14:00:00,24.0,24.3,23.99,24.22,8044
466,103,2020-09-23 14:30:00,24.3,24.35,24.01,24.07,14871
467,102,2020-09-23 15:00:00,24.05,24.18,23.85,23.9,13748
468,101,2020-09-23 15:30:00,23.95,24.05,23.57,23.85,14424
469,100,2020-09-23 16:00:00,23.85,23.85,23.42,23.5,34796
470,99,2020-09-23 16:30:00,23.54,23.54,23.54,23.54,215
471,98,2020-09-24 08:00:00,23.65,23.65,23.65,23.65,100
472,97,2020-09-24 10:00:00,23.21,23.63,23.14,23.46,8189
473,96,2020-09-24 10:30:00,23.53,23.64,23.31,23.55,19508
474,95,2020-09-24 11:00:00,23.57,23.57,23.31,23.42,6521
475,94,2020-09-24 11:30:00,23.42,23.58,23.31,23.52,16535
476,93,2020-09-24 12:00:00,23.61,23.8,23.46,23.535,7699
477,92,2020-09-24 12:30:00,23.535,23.75,23.47,23.615,6609
478,91,2020-09-24 13:00:00,23.615,23.73,23.53,23.68,2320
479,90,2020-09-24 13:30:00,23.77,23.9,23.7,23.75,18979
480,89,2020-09-24 14:00:00,23.8,23.84,23.68,23.68,3757
481,88,2020-09-24 14:30:00,23.67,23.775,23.57,23.62,8036
482,87,2020-09-24 15:00:00,23.6,23.9,23.6,23.81,17200
483,86,2020-09-24 15:30:00,23.775,23.87,23.75,23.845,10426
484,85,2020-09-24 16:00:00,23.87,24.14,23.76,23.93,38874
485,84,2020-09-24 16:30:00,23.91,23.91,23.91,23.91,1352
486,83,2020-09-25 10:00:00,23.76,23.915,23.49,23.76,14005
487,82,2020-09-25 10:30:00,23.76,23.86,23.43,23.43,4960
488,81,2020-09-25 11:00:00,23.55,24.03,23.5,23.935,12853
489,80,2020-09-25 11:30:00,24.05,24.2996,24.035,24.095,21203
490,79,2020-09-25 12:00:00,24.105,24.21,24.09,24.16,4444
491,78,2020-09-25 12:30:00,24.12,24.19,24.005,24.14,6103
492,77,2020-09-25 13:00:00,24.12,24.27,24.12,24.16,1607
493,76,2020-09-25 13:30:00,24.295,24.295,24.070999999999998,24.105,4001
494,75,2020-09-25 14:00:00,24.03,24.41,24.03,24.13,5214
495,74,2020-09-25 14:30:00,24.13,24.21,24.0101,24.155,7674
496,73,2020-09-25 15:00:00,24.21,24.21,24.03,24.12,9139
497,72,2020-09-25 15:30:00,24.12,24.27,24.0963,24.25,4360
498,71,2020-09-25 16:00:00,24.28,24.3,24.14,24.23,31110
499,70,2020-09-25 16:30:00,24.18,24.18,24.18,24.18,610
500,69,2020-09-28 10:00:00,24.28,24.87,23.955,24.63,8333
501,68,2020-09-28 10:30:00,24.55,24.6,24.345,24.5998,15223
502,67,2020-09-28 11:00:00,24.66,24.86,24.66,24.705,834
503,66,2020-09-28 11:30:00,24.74,24.76,24.733,24.75,1256
504,65,2020-09-28 12:00:00,24.795,24.805,24.6,24.75,4777
505,64,2020-09-28 12:30:00,24.75,24.765,24.68,24.72,2350
506,63,2020-09-28 13:00:00,24.695,24.74,24.61,24.74,1857
507,62,2020-09-28 13:30:00,24.74,24.765,24.74,24.755,1210
508,61,2020-09-28 14:00:00,24.75,24.8,24.69,24.755,32070
509,60,2020-09-28 14:30:00,24.755,24.7575,24.64,24.75,2419
510,59,2020-09-28 15:00:00,24.81,24.81,24.64,24.73,2891
511,58,2020-09-28 15:30:00,24.76,24.76,24.6841,24.75,1842
512,57,2020-09-28 16:00:00,24.76,24.78,24.62,24.67,12116
513,56,2020-09-28 16:30:00,24.66,24.66,24.66,24.66,481
514,55,2020-09-29 10:00:00,24.46,24.7585,23.95,24.67,2670
515,54,2020-09-29 10:30:00,24.75,24.81,24.75,24.78,676
516,53,2020-09-29 11:00:00,24.68,24.68,24.56,24.62,1119
517,52,2020-09-29 11:30:00,24.83,25.0,24.63,24.63,9102
518,51,2020-09-29 12:00:00,24.77,24.88,24.65,24.65,2207
519,50,2020-09-29 12:30:00,24.59,24.61,24.54,24.6,990
520,49,2020-09-29 13:00:00,24.59,24.61,24.54,24.56,1416
521,48,2020-09-29 13:30:00,24.6,24.63,24.49,24.62,2195
522,47,2020-09-29 14:00:00,24.65,24.65,24.47,24.56,2016
523,46,2020-09-29 14:30:00,24.61,24.78,24.56,24.78,4255
524,45,2020-09-29 15:00:00,24.77,24.78,24.49,24.49,6687
525,44,2020-09-29 15:30:00,24.595,24.8,24.58,24.76,7397
526,43,2020-09-29 16:00:00,24.76,24.785,24.54,24.78,18329
527,42,2020-09-29 16:30:00,24.69,24.69,24.69,24.69,683
528,41,2020-09-30 10:00:00,24.98,25.16,24.36,24.56,9660
529,40,2020-09-30 10:30:00,24.59,24.59,24.36,24.36,2111
530,39,2020-09-30 11:00:00,24.25,24.355,24.25,24.355,241
531,38,2020-09-30 11:30:00,24.515,24.515,24.18,24.5,7410
532,37,2020-09-30 12:00:00,24.31,24.51,24.31,24.425,1475
533,36,2020-09-30 12:30:00,24.5181,24.52,24.38,24.38,6232
534,35,2020-09-30 13:00:00,24.435,24.435,24.08,24.08,3156
535,34,2020-09-30 13:30:00,24.04,24.16,23.51,23.68,15066
536,33,2020-09-30 14:00:00,23.695,23.95,23.53,23.755,5895
537,32,2020-09-30 14:30:00,23.755,24.02,23.755,23.88,5522
538,31,2020-09-30 15:00:00,23.725,23.85,23.55,23.555,4242
539,30,2020-09-30 15:30:00,23.625,23.665,23.43,23.47,5964
540,29,2020-09-30 16:00:00,23.47,23.915,23.415,23.82,24251
541,28,2020-09-30 16:30:00,23.82,23.82,23.82,23.82,3101
542,27,2020-10-01 10:00:00,23.94,23.94,23.81,23.905,1983
543,26,2020-10-01 10:30:00,24.1,24.1,23.31,23.7,8749
544,25,2020-10-01 11:00:00,23.365,23.59,23.351999999999997,23.351999999999997,2941
545,24,2020-10-01 11:30:00,23.56,23.9,23.51,23.71,2453
546,23,2020-10-01 12:00:00,23.71,24.24,23.695,24.01,3192
547,22,2020-10-01 12:30:00,24.015,24.24,23.9,23.985,1196
548,21,2020-10-01 13:00:00,23.915,23.99,23.915,23.915,909
549,20,2020-10-01 13:30:00,23.95,24.13,23.95,23.99,5244
550,19,2020-10-01 14:00:00,23.97,24.0,23.93,23.93,1834
551,18,2020-10-01 14:30:00,24.0,24.08,23.91,24.08,8219
552,17,2020-10-01 15:00:00,23.98,24.24,23.98,24.22,2745
553,16,2020-10-01 15:30:00,24.27,24.43,24.27,24.33,5762
554,15,2020-10-01 16:00:00,24.29,24.57,24.29,24.49,24170
555,14,2020-10-02 10:00:00,24.0,24.46,23.44,23.44,7320
556,13,2020-10-02 10:30:00,23.6035,23.68,23.6035,23.68,851
557,12,2020-10-02 11:00:00,23.73,23.78,23.63,23.63,5302
558,11,2020-10-02 11:30:00,23.74,23.84,23.73,23.84,1400
559,10,2020-10-02 12:00:00,23.91,24.035,23.87,24.02,1252
560,9,2020-10-02 12:30:00,24.02,24.07,24.0,24.0375,6155
561,8,2020-10-02 13:00:00,24.0375,24.18,24.02,24.18,2913
562,7,2020-10-02 13:30:00,24.115,24.22,24.115,24.18,1749
563,6,2020-10-02 14:00:00,24.22,24.295,23.94,23.94,3757
564,5,2020-10-02 14:30:00,24.02,24.135,24.0075,24.02,4695
565,4,2020-10-02 15:00:00,24.005,24.04,23.94,24.01,7354
566,3,2020-10-02 15:30:00,23.89,23.94,23.85,23.86,4903
567,2,2020-10-02 16:00:00,23.88,24.18,23.88,23.94,18193
568,1,2020-10-02 18:30:00,23.0,23.0,23.0,23.0,446
569,0,2020-10-02 19:00:00,23.0,23.0,23.0,23.0,250
