,index,time,open,high,low,close,volume
0,328,2020-08-06 07:30:00,85.18,85.18,85.18,85.18,235
1,327,2020-08-06 08:30:00,84.5,84.5,84.5,84.5,100
2,326,2020-08-06 10:00:00,84.51,85.34,83.86,85.08,78532
3,325,2020-08-06 10:30:00,85.13,85.51,84.82,85.47,39368
4,324,2020-08-06 11:00:00,85.55,86.04,84.7,85.04,43142
5,323,2020-08-06 11:30:00,84.96,85.07,84.77,85.04,23604
6,322,2020-08-06 12:00:00,85.075,85.48,84.9266,85.43,47472
7,321,2020-08-06 12:30:00,85.44,85.74,85.19,85.67,38695
8,320,2020-08-06 13:00:00,85.68,86.19,85.42,85.93,62817
9,319,2020-08-06 13:30:00,85.925,86.34,85.65,85.95,41612
10,318,2020-08-06 14:00:00,85.94,86.36,85.71,86.28,52375
11,317,2020-08-06 14:30:00,86.28,86.84,86.09,86.815,72042
12,316,2020-08-06 15:00:00,86.81,87.195,86.535,87.11,80102
13,315,2020-08-06 15:30:00,87.12,87.45,86.84,86.94,102136
14,314,2020-08-06 16:00:00,86.93,86.94,86.27,86.52,294548
15,313,2020-08-06 16:30:00,86.36,89.11,86.36,88.5,10748
16,312,2020-08-06 17:00:00,88.9998,89.33,88.5,89.17,7210
17,311,2020-08-06 17:30:00,88.5,89.2,88.5,89.2,1550
18,310,2020-08-06 18:00:00,88.5,89.0,88.5,89.0,300
19,309,2020-08-06 18:30:00,88.95,88.95,88.95,88.95,500
20,308,2020-08-06 19:00:00,89.0,89.0,88.5,88.5,200
21,307,2020-08-06 19:30:00,88.5,88.5,88.5,88.5,500
22,306,2020-08-06 20:00:00,88.8499,89.2,88.5,88.5,802
23,305,2020-08-07 09:30:00,89.0,91.2,89.0,89.0,4856
24,304,2020-08-07 10:00:00,88.44,90.36,85.03,87.16,186539
25,303,2020-08-07 10:30:00,87.29,87.66,86.65,87.12,92375
26,302,2020-08-07 11:00:00,87.105,87.37,86.07,86.22,66668
27,301,2020-08-07 11:30:00,86.32,86.71,85.0,85.04,66595
28,300,2020-08-07 12:00:00,85.02,85.82,84.61,85.07,113284
29,299,2020-08-07 12:30:00,85.07,85.17,83.07,84.04,131104
30,298,2020-08-07 13:00:00,84.135,84.5288,83.77,84.08,66485
31,297,2020-08-07 13:30:00,84.08,85.32,83.64,85.05,68790
32,296,2020-08-07 14:00:00,85.075,85.71,84.57,85.54,47707
33,295,2020-08-07 14:30:00,85.5502,85.5502,84.65,85.075,42736
34,294,2020-08-07 15:00:00,85.03,85.2,84.63,85.13,41363
35,293,2020-08-07 15:30:00,85.05,85.4,84.75,85.27,69169
36,292,2020-08-07 16:00:00,85.275,85.73,85.15,85.66,272346
37,291,2020-08-07 16:30:00,85.65,85.65,85.65,85.65,17464
38,290,2020-08-10 10:00:00,86.29,88.34,86.22,88.34,91262
39,289,2020-08-10 10:30:00,88.09,89.66,87.89,89.37,72274
40,288,2020-08-10 11:00:00,89.37,90.9,89.31,90.265,59184
41,287,2020-08-10 11:30:00,90.25,90.85,90.25,90.65,49042
42,286,2020-08-10 12:00:00,90.66,91.35,90.59,90.65,47976
43,285,2020-08-10 12:30:00,90.65,91.41,90.62,91.15,33483
44,284,2020-08-10 13:00:00,91.09,91.215,89.93,90.29,31977
45,283,2020-08-10 13:30:00,90.36,90.56,89.93,90.46,24368
46,282,2020-08-10 14:00:00,90.41,90.8,90.23,90.565,36481
47,281,2020-08-10 14:30:00,90.59,90.65,90.21,90.51,42530
48,280,2020-08-10 15:00:00,90.56,91.0025,90.56,90.86,82800
49,279,2020-08-10 15:30:00,90.82,91.0,90.69,90.88,113415
50,278,2020-08-10 16:00:00,90.82,90.9,90.45,90.65,186958
51,277,2020-08-10 16:30:00,90.66,90.66,90.66,90.66,17188
52,276,2020-08-11 08:30:00,91.02,91.02,91.01,91.01,200
53,275,2020-08-11 09:30:00,91.02,91.02,91.0,91.0,200
54,274,2020-08-11 10:00:00,92.75,94.42,92.09,92.99,91778
55,273,2020-08-11 10:30:00,92.9,92.91,91.93,92.53,49724
56,272,2020-08-11 11:00:00,92.53,92.815,91.77,91.8,27298
57,271,2020-08-11 11:30:00,91.8874,92.06,91.23,91.82,22655
58,270,2020-08-11 12:00:00,91.76,92.46,91.7,92.06,20741
59,269,2020-08-11 12:30:00,92.14,92.14,90.85,91.35,18315
60,268,2020-08-11 13:00:00,91.43,91.49,90.95,91.1,14592
61,267,2020-08-11 13:30:00,91.17,91.99,91.17,91.72,15270
62,266,2020-08-11 14:00:00,91.78,92.06,91.69,91.76,17879
63,265,2020-08-11 14:30:00,91.785,92.02,91.38,91.47,20267
64,264,2020-08-11 15:00:00,91.465,91.825,91.42,91.63,28043
65,263,2020-08-11 15:30:00,91.54,91.575,90.5,90.94,43317
66,262,2020-08-11 16:00:00,90.94,91.35,90.67,91.35,171331
67,261,2020-08-11 16:30:00,91.29,91.29,91.29,91.29,7520
68,260,2020-08-12 10:00:00,92.29,92.89,90.78,90.78,107056
69,259,2020-08-12 10:30:00,91.04,91.99,90.47,91.51,48294
70,258,2020-08-12 11:00:00,91.655,91.77,90.84,91.07,30986
71,257,2020-08-12 11:30:00,91.0,91.18,89.7885,90.3,26271
72,256,2020-08-12 12:00:00,90.3,90.4,89.74,89.76,22587
73,255,2020-08-12 12:30:00,89.775,89.87,89.39,89.68,47946
74,254,2020-08-12 13:00:00,89.64,90.7,89.6,90.27,42413
75,253,2020-08-12 13:30:00,90.32,90.77,90.06,90.77,42754
76,252,2020-08-12 14:00:00,90.755,90.89,90.34,90.41,39334
77,251,2020-08-12 14:30:00,90.26,90.43,90.14,90.4254,21439
78,250,2020-08-12 15:00:00,90.43,90.63,90.05,90.47,32796
79,249,2020-08-12 15:30:00,90.49,90.58,90.24,90.57,34362
80,248,2020-08-12 16:00:00,90.63,91.48,90.345,91.44,165106
81,247,2020-08-12 16:30:00,91.44,91.44,91.44,91.44,10253
82,246,2020-08-13 10:00:00,90.21,91.64,89.545,91.37,35744
83,245,2020-08-13 10:30:00,91.4186,91.81,90.02,90.14,51314
84,244,2020-08-13 11:00:00,90.15,90.175,89.47,89.75,28982
85,243,2020-08-13 11:30:00,89.74,89.75,88.76,89.235,27883
86,242,2020-08-13 12:00:00,89.2,89.915,88.986,89.82,21484
87,241,2020-08-13 12:30:00,89.82,89.97,89.58,89.9,21132
88,240,2020-08-13 13:00:00,89.91,90.02,89.6,89.64,20627
89,239,2020-08-13 13:30:00,89.69,90.08,89.68,90.055,13028
90,238,2020-08-13 14:00:00,90.05,90.05,89.47,89.68,16400
91,237,2020-08-13 14:30:00,89.62,89.81,89.28,89.405,20528
92,236,2020-08-13 15:00:00,89.34,89.38,88.43,88.475,26228
93,235,2020-08-13 15:30:00,88.53,89.02,88.41,88.89,45008
94,234,2020-08-13 16:00:00,88.84,89.05,88.72,88.94,101828
95,233,2020-08-13 16:30:00,89.01,89.01,89.01,89.01,5206
96,232,2020-08-14 10:00:00,87.96,89.0,87.34,88.715,44784
97,231,2020-08-14 10:30:00,88.73,89.9,88.64,89.86,72689
98,230,2020-08-14 11:00:00,89.89,90.025,89.07,89.6,42447
99,229,2020-08-14 11:30:00,89.52,89.73,89.24,89.42,20452
100,228,2020-08-14 12:00:00,89.53,89.9,89.29,89.9,24128
101,227,2020-08-14 12:30:00,89.915,90.36,89.87,90.03,17159
102,226,2020-08-14 13:00:00,89.95,90.02,89.63,89.833,5830
103,225,2020-08-14 13:30:00,89.855,90.18,89.79,89.98,10909
104,224,2020-08-14 14:00:00,89.88,90.73,89.85,90.72,12179
105,223,2020-08-14 14:30:00,90.79,90.93,90.37,90.435,17371
106,222,2020-08-14 15:00:00,90.39,90.64,89.75,89.75,24457
107,221,2020-08-14 15:30:00,89.73,89.98,89.54,89.68,31411
108,220,2020-08-14 16:00:00,89.67,90.36,89.55,90.23,161419
109,219,2020-08-14 16:30:00,90.26,90.26,90.26,90.26,8404
110,218,2020-08-17 10:00:00,90.41,91.28,90.0,90.58,64368
111,217,2020-08-17 10:30:00,90.445,91.55,90.33,91.09,69055
112,216,2020-08-17 11:00:00,91.1,91.49,90.92,91.49,63083
113,215,2020-08-17 11:30:00,91.57,91.9,91.07,91.75,43384
114,214,2020-08-17 12:00:00,91.75,92.12,91.54,92.04,68644
115,213,2020-08-17 12:30:00,92.09,92.26,91.8,91.98,29153
116,212,2020-08-17 13:00:00,91.96,92.26,91.9,91.9,19222
117,211,2020-08-17 13:30:00,91.845,92.02,91.63,91.935,22398
118,210,2020-08-17 14:00:00,91.85,91.87,91.5,91.595,28835
119,209,2020-08-17 14:30:00,91.63,91.63,90.75,91.24,34502
120,208,2020-08-17 15:00:00,91.21,91.35,90.89,90.94,24193
121,207,2020-08-17 15:30:00,90.9599,91.32,90.91,91.29,59800
122,206,2020-08-17 16:00:00,91.3,91.8716,91.23,91.65,177591
123,205,2020-08-17 16:30:00,91.65,91.65,91.65,91.65,9374
124,204,2020-08-18 10:00:00,91.57,92.22,90.18,90.22,50360
125,203,2020-08-18 10:30:00,90.29,91.78,90.29,90.855,108823
126,202,2020-08-18 11:00:00,90.77,91.23,90.73,90.94,46653
127,201,2020-08-18 11:30:00,90.92,91.1,90.41,91.03,65048
128,200,2020-08-18 12:00:00,91.11,91.375,90.69,90.9,18145
129,199,2020-08-18 12:30:00,90.935,91.0,90.36,90.72,23348
130,198,2020-08-18 13:00:00,90.67,90.76,90.51,90.71,26817
131,197,2020-08-18 13:30:00,90.78,90.815,90.51,90.62,22811
132,196,2020-08-18 14:00:00,90.62,90.85,90.58,90.78,17412
133,195,2020-08-18 14:30:00,90.71,90.8,90.57,90.61,19884
134,194,2020-08-18 15:00:00,90.57,90.75,90.53,90.63,34319
135,193,2020-08-18 15:30:00,90.64,90.68,90.12,90.37,50738
136,192,2020-08-18 16:00:00,90.36,90.7,90.27,90.6,175950
137,191,2020-08-18 16:30:00,90.6,90.6,90.6,90.6,91266
138,190,2020-08-19 10:00:00,91.45,91.45,89.53,90.08,73260
139,189,2020-08-19 10:30:00,90.1,90.735,89.58,90.13,41264
140,188,2020-08-19 11:00:00,90.125,90.6,90.09,90.22,32552
141,187,2020-08-19 11:30:00,90.18,90.37,90.0,90.295,24893
142,186,2020-08-19 12:00:00,90.295,90.32,89.835,89.835,27131
143,185,2020-08-19 12:30:00,89.87,90.17,89.75,89.86,30153
144,184,2020-08-19 13:00:00,89.89,90.29,89.83,90.25,32686
145,183,2020-08-19 13:30:00,90.32,91.19,90.32,90.745,28282
146,182,2020-08-19 14:00:00,90.785,91.31,90.785,91.3,37010
147,181,2020-08-19 14:30:00,91.335,91.46,90.94,90.97,29761
148,180,2020-08-19 15:00:00,90.98,91.0,90.52,90.72,20669
149,179,2020-08-19 15:30:00,90.7,90.8,90.45,90.53,29242
150,178,2020-08-19 16:00:00,90.53,90.58,89.97,90.12,125709
151,177,2020-08-19 16:30:00,90.17,90.17,90.17,90.17,6102
152,176,2020-08-19 18:00:00,90.0,90.0,90.0,90.0,100
153,175,2020-08-20 10:00:00,88.86,90.43,88.15,89.925,53863
154,174,2020-08-20 10:30:00,89.83,90.92,89.63,90.58,30191
155,173,2020-08-20 11:00:00,90.51,91.36,90.305,90.305,39517
156,172,2020-08-20 11:30:00,90.36,90.82,90.35,90.36,23973
157,171,2020-08-20 12:00:00,90.35,90.72,90.05,90.05,19890
158,170,2020-08-20 12:30:00,90.04,90.35,89.87,90.09,18249
159,169,2020-08-20 13:00:00,90.1,90.34,90.08,90.19,11132
160,168,2020-08-20 13:30:00,90.225,90.26,89.86,90.1,16162
161,167,2020-08-20 14:00:00,90.14,90.32,90.07,90.12,16182
162,166,2020-08-20 14:30:00,90.14,90.26,89.9,89.9,23088
163,165,2020-08-20 15:00:00,89.94,90.01,89.56,89.81,17648
164,164,2020-08-20 15:30:00,89.79,89.99,89.49,89.6,84139
165,163,2020-08-20 16:00:00,89.59,89.96,89.42,89.84,124293
166,162,2020-08-20 16:30:00,89.85,90.235,89.85,90.235,5211
167,161,2020-08-21 10:00:00,90.04,91.25,89.765,90.45,67603
168,160,2020-08-21 10:30:00,90.65,90.7,90.0,90.28,37733
169,159,2020-08-21 11:00:00,90.32,91.05,90.31,91.01,27490
170,158,2020-08-21 11:30:00,90.98,91.3,90.82,91.16,19846
171,157,2020-08-21 12:00:00,91.19,91.23,90.63,91.02,23699
172,156,2020-08-21 12:30:00,90.87,91.135,90.53,90.53,15380
173,155,2020-08-21 13:00:00,90.565,90.565,90.18,90.2,56209
174,154,2020-08-21 13:30:00,90.12,90.35,90.05,90.19,24831
175,153,2020-08-21 14:00:00,90.18,90.295,89.895,90.18,13939
176,152,2020-08-21 14:30:00,90.21,90.24,90.01,90.07,17139
177,151,2020-08-21 15:00:00,90.09,90.22,89.865,89.87,27133
178,150,2020-08-21 15:30:00,89.83,90.04,89.695,89.78,32598
179,149,2020-08-21 16:00:00,89.75,90.38,89.64,90.35,113498
180,148,2020-08-21 16:30:00,90.32,90.32,90.32,90.32,4030
181,147,2020-08-24 10:00:00,90.66,92.53,90.66,92.38,56845
182,146,2020-08-24 10:30:00,92.41,93.94,92.41,93.145,52412
183,145,2020-08-24 11:00:00,93.23,94.09,93.15,93.99,47840
184,144,2020-08-24 11:30:00,93.88,94.23,93.69,94.17,37119
185,143,2020-08-24 12:00:00,94.29,94.381,94.06,94.14,30990
186,142,2020-08-24 12:30:00,94.125,94.47,93.58,93.99,38486
187,141,2020-08-24 13:00:00,93.92,94.18,93.68,93.71,29013
188,140,2020-08-24 13:30:00,93.65,93.75,93.22,93.74,18368
189,139,2020-08-24 14:00:00,93.83,93.89,93.48,93.535,13029
190,138,2020-08-24 14:30:00,93.58,93.885,93.32,93.74,25728
191,137,2020-08-24 15:00:00,93.795,94.03,93.24,93.34,34939
192,136,2020-08-24 15:30:00,93.36,93.45,93.1,93.235,30882
193,135,2020-08-24 16:00:00,93.17,93.71,93.13,93.52,134366
194,134,2020-08-24 16:30:00,93.51,93.51,93.51,93.51,34140
195,133,2020-08-25 09:00:00,93.51,93.51,93.51,93.51,48600
196,132,2020-08-25 10:00:00,93.96,94.42,93.06,93.96,80723
197,131,2020-08-25 10:30:00,93.94,94.09,91.93,92.23,23780
198,130,2020-08-25 11:00:00,92.025,92.03,91.19,91.59,20341
199,129,2020-08-25 11:30:00,91.58,91.78,90.45100000000001,91.31,21670
200,128,2020-08-25 12:00:00,91.39,91.6083,90.9382,91.39,42846
201,127,2020-08-25 12:30:00,91.085,91.63,91.05,91.59,11662
202,126,2020-08-25 13:00:00,91.46,92.03,91.46,92.03,15024
203,125,2020-08-25 13:30:00,92.03,92.46,91.9,92.46,13625
204,124,2020-08-25 14:00:00,92.45,92.68,92.44,92.49,11814
205,123,2020-08-25 14:30:00,92.41,92.559,92.2142,92.36,15796
206,122,2020-08-25 15:00:00,92.34,93.03,92.335,93.005,34012
207,121,2020-08-25 15:30:00,93.0,93.245,92.9,93.17,27953
208,120,2020-08-25 16:00:00,93.18,93.49,93.07,93.32,107612
209,119,2020-08-25 16:30:00,93.32,93.32,93.32,93.32,13957
210,118,2020-08-26 10:00:00,93.54,93.755,92.75,93.52,42553
211,117,2020-08-26 10:30:00,93.41,93.59,92.9,93.3,28125
212,116,2020-08-26 11:00:00,93.285,93.7,93.11,93.7,33004
213,115,2020-08-26 11:30:00,93.69,94.03,93.43,93.48,17091
214,114,2020-08-26 12:00:00,93.48,93.48,92.15,92.235,35196
215,113,2020-08-26 12:30:00,92.35,92.97,92.21,92.67,11150
216,112,2020-08-26 13:00:00,92.58,92.87,92.335,92.78,13845
217,111,2020-08-26 13:30:00,92.73,93.03,92.69,92.91,18784
218,110,2020-08-26 14:00:00,92.86,92.98,92.81,92.92,19198
219,109,2020-08-26 14:30:00,92.94,93.455,92.65,92.65,36031
220,108,2020-08-26 15:00:00,92.89,93.11,92.89,93.01,30505
221,107,2020-08-26 15:30:00,93.035,93.51,92.99,93.26,30404
222,106,2020-08-26 16:00:00,93.305,93.305,93.08,93.27,92492
223,105,2020-08-26 16:30:00,93.26,93.26,93.26,93.26,10928
224,104,2020-08-27 10:00:00,94.21,96.27,93.53,96.06,49691
225,103,2020-08-27 10:30:00,96.34,96.38,95.06,95.61,43388
226,102,2020-08-27 11:00:00,95.51,96.86,95.51,96.86,55854
227,101,2020-08-27 11:30:00,96.8371,96.97,95.78,95.93,70960
228,100,2020-08-27 12:00:00,95.85,97.49,95.85,97.425,37224
229,99,2020-08-27 12:30:00,97.48,97.56,96.2,96.38,43636
230,98,2020-08-27 13:00:00,96.47,96.68,96.24,96.46,32438
231,97,2020-08-27 13:30:00,96.475,97.37,96.38,97.18,32730
232,96,2020-08-27 14:00:00,97.195,97.54,96.85,97.165,36799
233,95,2020-08-27 14:30:00,97.13,97.86,96.83,97.26,53173
234,94,2020-08-27 15:00:00,97.23,97.71,96.9,97.625,40835
235,93,2020-08-27 15:30:00,97.625,97.68,97.34,97.57,46501
236,92,2020-08-27 16:00:00,97.55,97.635,96.96,97.01,211959
237,91,2020-08-27 16:30:00,96.96,96.96,96.96,96.96,7837
238,90,2020-08-27 18:00:00,96.9,96.9,96.9,96.9,300
239,89,2020-08-28 09:30:00,96.97,96.97,96.96,96.96,582
240,88,2020-08-28 10:00:00,96.94,97.91,96.6,97.39,46202
241,87,2020-08-28 10:30:00,97.36,97.53,96.66,96.77,29942
242,86,2020-08-28 11:00:00,96.66,97.15,96.33,96.72,35500
243,85,2020-08-28 11:30:00,96.65,96.97,96.58,96.7,36044
244,84,2020-08-28 12:00:00,96.55,96.93,96.53,96.58,25640
245,83,2020-08-28 12:30:00,96.58,97.34,96.56,97.055,26166
246,82,2020-08-28 13:00:00,97.02,97.05,96.75,97.04,25971
247,81,2020-08-28 13:30:00,97.015,97.05,96.59,96.59,24740
248,80,2020-08-28 14:00:00,96.59,96.81,96.48,96.6,23971
249,79,2020-08-28 14:30:00,96.575,96.89,96.575,96.76,24142
250,78,2020-08-28 15:00:00,96.74,97.01,96.02,96.04,48121
251,77,2020-08-28 15:30:00,96.09,96.15,95.6,95.61,55254
252,76,2020-08-28 16:00:00,95.635,96.65,95.555,96.33,200813
253,75,2020-08-28 16:30:00,96.33,96.33,96.33,96.33,6094
254,74,2020-08-28 17:30:00,96.33,96.33,96.33,96.33,16620
255,73,2020-08-31 10:00:00,95.93,95.93,93.695,93.855,95428
256,72,2020-08-31 10:30:00,93.86,93.975,92.49,92.53,36956
257,71,2020-08-31 11:00:00,92.57,93.095,92.48,93.07,33610
258,70,2020-08-31 11:30:00,93.14,93.4,92.79,92.79,27125
259,69,2020-08-31 12:00:00,92.8535,93.45,92.7,93.37,18134
260,68,2020-08-31 12:30:00,93.36,93.551,93.01,93.12,25540
261,67,2020-08-31 13:00:00,93.09,93.18,92.64,92.65,14230
262,66,2020-08-31 13:30:00,92.7,93.02,92.64,93.02,19234
263,65,2020-08-31 14:00:00,93.065,93.5581,93.02,93.525,27110
264,64,2020-08-31 14:30:00,93.53,93.54,92.94,93.06,33315
265,63,2020-08-31 15:00:00,93.13,93.25,92.99,93.02,28740
266,62,2020-08-31 15:30:00,93.06,93.51,93.06,93.31,53096
267,61,2020-08-31 16:00:00,93.25,93.25,92.2,92.29,142391
268,60,2020-08-31 16:30:00,92.33,92.33,92.33,92.33,7844
269,59,2020-08-31 18:30:00,92.61,92.61,92.61,92.61,300
270,58,2020-09-01 09:30:00,92.33,92.33,92.33,92.33,11720
271,57,2020-09-01 10:00:00,92.63,93.15,91.11,92.835,117604
272,56,2020-09-01 10:30:00,92.91,93.67,92.69,93.63,49488
273,55,2020-09-01 11:00:00,93.755,93.82,92.46,92.82,29247
274,54,2020-09-01 11:30:00,92.77,93.495,92.61,93.325,23564
275,53,2020-09-01 12:00:00,93.3,94.06,93.3,93.715,16764
276,52,2020-09-01 12:30:00,93.75,93.75,93.21,93.23,15402
277,51,2020-09-01 13:00:00,93.23,93.38,93.14,93.36,11333
278,50,2020-09-01 13:30:00,93.36,93.37,93.0,93.16,18321
279,49,2020-09-01 14:00:00,93.14,93.33,92.67,92.67,20922
280,48,2020-09-01 14:30:00,92.77,92.81,92.14,92.26,26285
281,47,2020-09-01 15:00:00,92.04,92.36,91.92,92.29,31144
282,46,2020-09-01 15:30:00,92.26,92.34,91.65,91.73,53470
283,45,2020-09-01 16:00:00,91.76,92.43,91.69,92.0,175468
284,44,2020-09-01 16:30:00,91.93,92.0,91.93,91.93,61983
285,43,2020-09-02 10:00:00,92.47,92.86,91.48,92.04,39178
286,42,2020-09-02 10:30:00,92.39,93.2,91.835,93.005,43841
287,41,2020-09-02 11:00:00,92.9,93.22,92.26,92.57,24152
288,40,2020-09-02 11:30:00,92.58,93.53,92.52,92.93,18828
289,39,2020-09-02 12:00:00,93.03,93.14,92.82,92.905,22804
290,38,2020-09-02 12:30:00,92.86,93.43,92.795,93.42,18708
291,37,2020-09-02 13:00:00,93.44,93.68,93.23,93.37,23618
292,36,2020-09-02 13:30:00,93.4,93.455,92.45,92.7199,42514
293,35,2020-09-02 14:00:00,92.67,93.19,92.58,93.07,14038
294,34,2020-09-02 14:30:00,93.12,93.635,92.88,93.58,16535
295,33,2020-09-02 15:00:00,93.54,94.15,93.42,94.14,28262
296,32,2020-09-02 15:30:00,94.135,94.18,93.72,93.72,43716
297,31,2020-09-02 16:00:00,93.73,94.31,93.59,93.83,115038
298,30,2020-09-02 16:30:00,93.92,93.92,93.92,93.92,5907
299,29,2020-09-03 10:00:00,94.37,94.46,92.875,93.4,40105
300,28,2020-09-03 10:30:00,93.395,93.395,92.04,92.36,19975
301,27,2020-09-03 11:00:00,92.45,92.91,91.94,92.17,57311
302,26,2020-09-03 11:30:00,92.0,92.25,90.21,91.09,68799
303,25,2020-09-03 12:00:00,91.0,92.39,90.845,91.71,38631
304,24,2020-09-03 12:30:00,91.67,92.25,91.67,92.085,16365
305,23,2020-09-03 13:00:00,91.94,91.95,91.26,91.745,20946
306,22,2020-09-03 13:30:00,91.45,92.0,91.2604,91.96,20013
307,21,2020-09-03 14:00:00,91.85,91.945,91.19,91.63,12425
308,20,2020-09-03 14:30:00,91.68,91.855,91.21,91.54,14707
309,19,2020-09-03 15:00:00,91.56,92.05,90.96,91.0,24295
310,18,2020-09-03 15:30:00,91.06,91.47,90.97,91.08,26222
311,17,2020-09-03 16:00:00,91.02,91.55,90.84,91.3,138410
312,16,2020-09-03 16:30:00,91.29,91.29,91.29,91.29,9454
313,15,2020-09-03 18:00:00,90.5,90.5,90.5,90.5,100
314,14,2020-09-04 09:30:00,90.27,90.27,90.27,90.27,450
315,13,2020-09-04 10:00:00,91.12,94.1,90.99,93.32,51472
316,12,2020-09-04 10:30:00,93.45,94.06,92.57,92.72,17409
317,11,2020-09-04 11:00:00,92.82,92.95,91.365,91.88,26694
318,10,2020-09-04 11:30:00,91.73,91.91,91.35,91.555,34815
319,9,2020-09-04 12:00:00,91.62,92.07,91.01,91.99,24238
320,8,2020-09-04 12:30:00,91.91,93.06,91.77,92.97,28286
321,7,2020-09-04 13:00:00,92.91,93.545,92.65,93.45,24358
322,6,2020-09-04 13:30:00,93.56,93.56,92.99,93.02,19376
323,5,2020-09-04 14:00:00,92.73,92.865,92.36,92.73,14759
324,4,2020-09-04 14:30:00,92.675,92.88,92.3,92.88,9611
325,3,2020-09-04 15:00:00,92.8,93.42,92.615,93.375,21766
326,2,2020-09-04 15:30:00,93.49,93.49,92.835,92.895,27869
327,1,2020-09-04 16:00:00,92.81,92.88,92.11,92.43,87545
328,0,2020-09-04 16:30:00,92.43,92.43,92.43,92.43,4181
329,278,2020-09-08 07:30:00,92.5,92.5,92.5,92.5,400
330,277,2020-09-08 09:30:00,92.0,92.13,92.0,92.13,300
331,276,2020-09-08 10:00:00,92.13,92.88,91.27,92.56,100875
332,275,2020-09-08 10:30:00,92.58,92.79,91.37,92.79,55785
333,274,2020-09-08 11:00:00,92.65,93.14,92.33,92.47,33055
334,273,2020-09-08 11:30:00,92.34,93.09,92.24,92.39,26055
335,272,2020-09-08 12:00:00,92.36,92.59,92.07,92.37,16167
336,271,2020-09-08 12:30:00,92.28,93.4,92.28,93.21,20054
337,270,2020-09-08 13:00:00,93.18,94.2,93.18,93.95,22096
338,269,2020-09-08 13:30:00,93.87,94.2,93.69,94.145,14270
339,268,2020-09-08 14:00:00,94.11,94.2,93.53,93.56,13048
340,267,2020-09-08 14:30:00,93.65,93.65,93.19,93.19,12621
341,266,2020-09-08 15:00:00,93.01,93.17,92.63,92.98,19814
342,265,2020-09-08 15:30:00,92.93,93.29,92.605,93.29,24517
343,264,2020-09-08 16:00:00,93.29,93.4,92.51,92.55,92129
344,263,2020-09-08 16:30:00,92.54,92.54,92.54,92.54,10392
345,262,2020-09-09 10:00:00,92.0,93.53,91.82,92.32,32894
346,261,2020-09-09 10:30:00,92.54,93.3,92.29,92.38,29670
347,260,2020-09-09 11:00:00,92.48,92.735,91.92,92.1419,15455
348,259,2020-09-09 11:30:00,92.15,93.23,92.15,93.12,22395
349,258,2020-09-09 12:00:00,93.04,93.23,92.77,92.96,18174
350,257,2020-09-09 12:30:00,93.09,93.36,93.09,93.36,9043
351,256,2020-09-09 13:00:00,93.4,93.48,93.06,93.06,9910
352,255,2020-09-09 13:30:00,93.08,93.62,93.06,93.62,16328
353,254,2020-09-09 14:00:00,93.68,93.87,93.6,93.84,10064
354,253,2020-09-09 14:30:00,93.96,94.28,93.83,94.14,17620
355,252,2020-09-09 15:00:00,94.21,94.52,94.09,94.14,19573
356,251,2020-09-09 15:30:00,94.16,94.4,94.08,94.38,21773
357,250,2020-09-09 16:00:00,94.38,94.5,93.97,94.09,92615
358,249,2020-09-09 16:30:00,94.09,94.09,94.09,94.09,12496
359,248,2020-09-09 18:30:00,94.0,94.0,94.0,94.0,200
360,247,2020-09-09 20:00:00,94.0,94.0,94.0,94.0,200
361,246,2020-09-10 10:00:00,94.98,95.62,94.13,94.3,42704
362,245,2020-09-10 10:30:00,94.28,94.39,93.665,93.73,50349
363,244,2020-09-10 11:00:00,93.75,94.025,93.29,93.29,23468
364,243,2020-09-10 11:30:00,93.15,93.9,93.15,93.745,15811
365,242,2020-09-10 12:00:00,93.705,93.76,93.35,93.35,13475
366,241,2020-09-10 12:30:00,93.3,93.715,93.3,93.44,12842
367,240,2020-09-10 13:00:00,93.5,93.83,93.34,93.79,17656
368,239,2020-09-10 13:30:00,93.84,94.51,93.81,94.15,15780
369,238,2020-09-10 14:00:00,94.125,94.485,93.99,94.04,17083
370,237,2020-09-10 14:30:00,94.07,94.42,93.605,93.65,19868
371,236,2020-09-10 15:00:00,93.74,94.57,93.555,94.41,34495
372,235,2020-09-10 15:30:00,94.38,94.48,93.21,93.5,48969
373,234,2020-09-10 16:00:00,93.49,94.23,93.47,93.75,146588
374,233,2020-09-10 16:30:00,93.75,93.75,93.75,93.75,6901
375,232,2020-09-11 10:00:00,94.7,95.09,93.84,94.65,39446
376,231,2020-09-11 10:30:00,94.65,95.68,94.31,95.42,41451
377,230,2020-09-11 11:00:00,95.49,96.1599,95.285,95.78,19598
378,229,2020-09-11 11:30:00,95.745,96.65,95.745,96.6,24507
379,228,2020-09-11 12:00:00,96.545,96.545,96.11,96.29,19257
380,227,2020-09-11 12:30:00,96.18,96.85,96.08,96.7,18993
381,226,2020-09-11 13:00:00,96.65,96.71,96.2,96.24,20426
382,225,2020-09-11 13:30:00,96.275,96.37,95.25,95.31,19771
383,224,2020-09-11 14:00:00,95.27,95.645,95.18,95.25,23243
384,223,2020-09-11 14:30:00,95.16,95.66,95.04,95.42,19930
385,222,2020-09-11 15:00:00,95.55,96.37,95.465,96.26,23377
386,221,2020-09-11 15:30:00,96.355,96.355,95.84,96.24,26124
387,220,2020-09-11 16:00:00,96.27,97.05,96.27,96.91,168370
388,219,2020-09-11 16:30:00,96.94,96.94,96.94,96.94,7045
389,218,2020-09-14 10:00:00,97.88,99.85,97.39,99.65,64952
390,217,2020-09-14 10:30:00,99.675,99.84,99.2,99.84,40247
391,216,2020-09-14 11:00:00,100.0,100.12,99.48,99.61,41303
392,215,2020-09-14 11:30:00,99.72,100.26,99.59,100.0,21760
393,214,2020-09-14 12:00:00,100.11,100.84,100.02,100.74,28001
394,213,2020-09-14 12:30:00,100.67,100.92,100.565,100.79,18100
395,212,2020-09-14 13:00:00,100.905,101.34,100.89,101.06,27238
396,211,2020-09-14 13:30:00,101.12,101.2099,100.15,100.3,23716
397,210,2020-09-14 14:00:00,100.425,100.43,99.8,100.15,26137
398,209,2020-09-14 14:30:00,100.19,100.56,100.18,100.35,27799
399,208,2020-09-14 15:00:00,100.37,100.46,100.05,100.435,41793
400,207,2020-09-14 15:30:00,100.435,100.53,100.11,100.4,43667
401,206,2020-09-14 16:00:00,100.45,101.28,100.28,100.46,159303
402,205,2020-09-14 16:30:00,100.46,100.46,100.46,100.46,9342
403,204,2020-09-15 09:30:00,100.56,100.56,100.56,100.56,289
404,203,2020-09-15 10:00:00,100.0,101.68,99.65,99.905,44667
405,202,2020-09-15 10:30:00,99.9,100.87,99.73,100.55,35028
406,201,2020-09-15 11:00:00,100.34,100.8,100.0,100.79,33902
407,200,2020-09-15 11:30:00,100.71,100.71,100.08,100.3,20275
408,199,2020-09-15 12:00:00,100.18,100.18,99.6,99.64,17677
409,198,2020-09-15 12:30:00,99.615,99.76,99.12,99.56,21658
410,197,2020-09-15 13:00:00,99.575,99.7,99.34,99.51,20607
411,196,2020-09-15 13:30:00,99.52,99.58,99.285,99.46,27846
412,195,2020-09-15 14:00:00,99.45,99.68,99.235,99.58,20329
413,194,2020-09-15 14:30:00,99.5668,99.77,99.515,99.71,22522
414,193,2020-09-15 15:00:00,99.65,100.005,99.65,99.96,26925
415,192,2020-09-15 15:30:00,99.99,100.225,99.15,99.15,37922
416,191,2020-09-15 16:00:00,99.13,99.13,98.15,98.77,229453
417,190,2020-09-15 16:30:00,98.79,98.79,98.79,98.79,63259
418,189,2020-09-16 10:00:00,99.79,100.58,99.41,100.18,31252
419,188,2020-09-16 10:30:00,100.06,101.205,100.0,100.78,32895
420,187,2020-09-16 11:00:00,100.79,101.215,100.39,100.51,19683
421,186,2020-09-16 11:30:00,100.57,101.41,100.57,101.25,16108
422,185,2020-09-16 12:00:00,101.2,101.3652,100.87,100.97,25796
423,184,2020-09-16 12:30:00,100.95,101.1099,100.75,100.85,14731
424,183,2020-09-16 13:00:00,100.855,101.33,100.76,101.21,13271
425,182,2020-09-16 13:30:00,101.17,101.43,101.14,101.24,13977
426,181,2020-09-16 14:00:00,101.2,101.2,100.82,100.95,15607
427,180,2020-09-16 14:30:00,100.89,102.09,100.73,102.02,95588
428,179,2020-09-16 15:00:00,102.05,102.3,101.545,101.625,30039
429,178,2020-09-16 15:30:00,101.61,101.68,100.61,100.73,24394
430,177,2020-09-16 16:00:00,100.65,100.89,100.07,100.28,96290
431,176,2020-09-16 16:30:00,100.29,100.9439,100.29,100.9439,3873
432,175,2020-09-17 06:00:00,100.29,100.29,100.29,100.29,916
433,174,2020-09-17 07:30:00,100.03,100.94,100.03,100.29,541
434,173,2020-09-17 09:00:00,103.0,103.0,100.5,100.5,551
435,172,2020-09-17 10:00:00,101.97,102.98,100.18,101.65,95664
436,171,2020-09-17 10:30:00,101.69,102.23,101.4,101.86,38656
437,170,2020-09-17 11:00:00,101.82,102.01,101.06,101.07,26897
438,169,2020-09-17 11:30:00,101.065,102.8,101.0,102.225,33897
439,168,2020-09-17 12:00:00,102.26,102.9,102.23,102.9,21147
440,167,2020-09-17 12:30:00,102.83,103.2,102.15,102.34,29785
441,166,2020-09-17 13:00:00,102.225,102.53,101.88,102.52,14658
442,165,2020-09-17 13:30:00,102.6151,102.64,102.28,102.325,11936
443,164,2020-09-17 14:00:00,102.24,103.205,102.24,103.1,17743
444,163,2020-09-17 14:30:00,103.065,103.54,103.065,103.365,19129
445,162,2020-09-17 15:00:00,103.175,103.75,103.095,103.55,30343
446,161,2020-09-17 15:30:00,103.5,103.5,102.915,103.09,23085
447,160,2020-09-17 16:00:00,103.06,103.74,102.99,103.4,105138
448,159,2020-09-17 16:30:00,103.38,103.38,103.38,103.38,29757
449,158,2020-09-18 10:00:00,102.75,103.46,102.52,102.86,139002
450,157,2020-09-18 10:30:00,102.75,103.56,102.75,103.49,23573
451,156,2020-09-18 11:00:00,103.525,103.82,101.78,102.1,32329
452,155,2020-09-18 11:30:00,102.195,102.99,101.72,101.82,20002
453,154,2020-09-18 12:00:00,101.88,101.97,101.54,101.82,22582
454,153,2020-09-18 12:30:00,101.81,102.05,101.51,101.52,19336
455,152,2020-09-18 13:00:00,101.53,101.53,100.73,100.9,19635
456,151,2020-09-18 13:30:00,100.9,101.27,100.44,100.44,18334
457,150,2020-09-18 14:00:00,100.275,100.65,100.12,100.605,16351
458,149,2020-09-18 14:30:00,100.5,100.95,100.44,100.8,11411
459,148,2020-09-18 15:00:00,100.785,101.65,100.785,101.65,18497
460,147,2020-09-18 15:30:00,101.695,101.88,101.29,101.37,28970
461,146,2020-09-18 16:00:00,101.47,101.73,100.96,101.16,131003
462,145,2020-09-18 16:30:00,101.16,101.16,101.16,101.16,23217
463,144,2020-09-21 09:30:00,98.39,98.39,98.39,98.39,300
464,143,2020-09-21 10:00:00,97.92,98.56,94.28,94.48,48875
465,142,2020-09-21 10:30:00,94.485,94.72,93.225,93.42,36470
466,141,2020-09-21 11:00:00,93.4,93.63,92.555,93.26,22402
467,140,2020-09-21 11:30:00,93.15,93.77,92.92,93.6,51045
468,139,2020-09-21 12:00:00,93.63,94.07,93.22,94.01,15477
469,138,2020-09-21 12:30:00,93.89,94.63,93.88,94.42,20198
470,137,2020-09-21 13:00:00,94.31,94.79,94.28,94.54,26407
471,136,2020-09-21 13:30:00,94.54,94.79,94.43,94.66,17256
472,135,2020-09-21 14:00:00,94.71,94.97,94.465,94.77,20972
473,134,2020-09-21 14:30:00,94.68,94.72,94.21,94.61,17588
474,133,2020-09-21 15:00:00,94.53,94.79,93.82,94.705,33907
475,132,2020-09-21 15:30:00,94.67,95.34,94.59,95.23,35058
476,131,2020-09-21 16:00:00,95.31,95.9755,95.17,95.87,127397
477,130,2020-09-21 16:30:00,95.88,95.88,95.88,95.88,6752
478,129,2020-09-22 10:00:00,95.67,97.78,95.67,95.97,34969
479,128,2020-09-22 10:30:00,96.0,97.63,95.52,97.29,20238
480,127,2020-09-22 11:00:00,97.39,97.4,95.9,95.9,12593
481,126,2020-09-22 11:30:00,95.7,96.3,95.47,96.02,10170
482,125,2020-09-22 12:00:00,96.1,96.11,95.73,95.97,9442
483,124,2020-09-22 12:30:00,95.96,96.23,95.73,95.88,9715
484,123,2020-09-22 13:00:00,95.88,95.9,95.45,95.495,12184
485,122,2020-09-22 13:30:00,95.45,95.705,95.29,95.705,10251
486,121,2020-09-22 14:00:00,95.67,96.01,95.67,95.88,10303
487,120,2020-09-22 14:30:00,95.98,96.21,95.67,95.95,12121
488,119,2020-09-22 15:00:00,96.03,96.06,95.805,95.805,19378
489,118,2020-09-22 15:30:00,95.75,96.28,95.745,96.24,14603
490,117,2020-09-22 16:00:00,96.21,96.46,95.91,96.28,90038
491,116,2020-09-22 16:30:00,96.31,96.31,96.31,96.31,15810
492,115,2020-09-23 09:30:00,96.3344,96.3344,96.3344,96.3344,122
493,114,2020-09-23 10:00:00,97.13,99.4308,97.13,98.595,31600
494,113,2020-09-23 10:30:00,98.6,98.715,97.475,98.21,15975
495,112,2020-09-23 11:00:00,98.19,98.44,97.32,97.75,17878
496,111,2020-09-23 11:30:00,97.76,97.93,97.58,97.72,11833
497,110,2020-09-23 12:00:00,97.81,98.235,97.46,97.64,7763
498,109,2020-09-23 12:30:00,97.5,97.8,97.3,97.6,10335
499,108,2020-09-23 13:00:00,97.54,97.6,97.08,97.375,9362
500,107,2020-09-23 13:30:00,97.24,97.66,97.24,97.49,7500
501,106,2020-09-23 14:00:00,97.38,97.43,97.02,97.34,13448
502,105,2020-09-23 14:30:00,97.16,97.27,96.52,96.68,12063
503,104,2020-09-23 15:00:00,96.46,96.54,95.91,96.035,10699
504,103,2020-09-23 15:30:00,95.99,96.2,95.19,95.48,24512
505,102,2020-09-23 16:00:00,95.44,95.54,94.51,94.76,73488
506,101,2020-09-23 16:30:00,94.7,94.7,94.7,94.7,2835
507,100,2020-09-24 10:00:00,94.16,94.16,92.1746,92.72,27848
508,99,2020-09-24 10:30:00,92.93,94.68,92.92,93.74,31131
509,98,2020-09-24 11:00:00,93.62,93.86,93.13,93.63,18594
510,97,2020-09-24 11:30:00,93.625,93.72,92.96,93.52,16046
511,96,2020-09-24 12:00:00,93.66,93.89,93.3369,93.56,11759
512,95,2020-09-24 12:30:00,93.74,94.39,93.675,94.37,33305
513,94,2020-09-24 13:00:00,94.08,94.77,93.94,94.77,36054
514,93,2020-09-24 13:30:00,94.83,95.43,94.7385,95.41,28875
515,92,2020-09-24 14:00:00,95.45,95.86,95.39,95.54,20749
516,91,2020-09-24 14:30:00,95.52,95.54,94.98,95.26,23618
517,90,2020-09-24 15:00:00,95.29,95.54,94.74,94.755,28881
518,89,2020-09-24 15:30:00,94.71,95.17,94.41,94.54,50066
519,88,2020-09-24 16:00:00,94.5,95.02,94.37,94.9,137024
520,87,2020-09-24 16:30:00,94.81,94.81,94.81,94.81,5948
521,86,2020-09-25 10:00:00,94.0,94.25,93.26,93.72,31332
522,85,2020-09-25 10:30:00,93.71,94.05,92.825,93.71,12924
523,84,2020-09-25 11:00:00,93.55,94.06,93.16,94.01,16351
524,83,2020-09-25 11:30:00,94.03,94.06,92.895,93.53,18254
525,82,2020-09-25 12:00:00,93.54,93.94,93.18,93.54,10804
526,81,2020-09-25 12:30:00,93.48,93.92,93.4387,93.805,12160
527,80,2020-09-25 13:00:00,93.82,94.34,93.81,94.19,17823
528,79,2020-09-25 13:30:00,94.1,94.31,93.97,94.08,19704
529,78,2020-09-25 14:00:00,94.15,94.225,93.92,94.155,13505
530,77,2020-09-25 14:30:00,94.2,94.2,93.89,94.15,15612
531,76,2020-09-25 15:00:00,94.145,94.29,93.9,94.17,32925
532,75,2020-09-25 15:30:00,94.17,94.6,94.11,94.55,33695
533,74,2020-09-25 16:00:00,94.49,94.56,94.07,94.26,108405
534,73,2020-09-25 16:30:00,94.24,94.24,94.24,94.24,3265
535,72,2020-09-28 10:00:00,97.28,97.35,95.72,97.195,73841
536,71,2020-09-28 10:30:00,97.26,97.79,97.02,97.45,57359
537,70,2020-09-28 11:00:00,97.42,98.68799999999999,97.42,98.67,31501
538,69,2020-09-28 11:30:00,98.7,99.125,98.69,99.03,25766
539,68,2020-09-28 12:00:00,98.98,99.12,98.64,98.7,19205
540,67,2020-09-28 12:30:00,98.69,99.6,98.69,99.12,25703
541,66,2020-09-28 13:00:00,99.14,99.22,98.82,98.91,27597
542,65,2020-09-28 13:30:00,98.87,99.06,98.73,98.87,17821
543,64,2020-09-28 14:00:00,98.91,99.0,98.29,98.29,28961
544,63,2020-09-28 14:30:00,98.33,98.465,98.3,98.33,18878
545,62,2020-09-28 15:00:00,98.4,98.66,98.36,98.415,23355
546,61,2020-09-28 15:30:00,98.4,98.63,98.22,98.63,37103
547,60,2020-09-28 16:00:00,98.61,98.65,98.13,98.51,123282
548,59,2020-09-28 16:30:00,98.42,98.42,98.42,98.42,3397
549,58,2020-09-29 10:00:00,97.91,98.43,96.52,97.085,52340
550,57,2020-09-29 10:30:00,96.99,97.315,96.79,97.02,14148
551,56,2020-09-29 11:00:00,96.93,96.95,96.455,96.86,12297
552,55,2020-09-29 11:30:00,96.48,96.8,96.44,96.59,15726
553,54,2020-09-29 12:00:00,96.51,96.63,95.76,95.76,9078
554,53,2020-09-29 12:30:00,95.79,96.59,95.61,96.59,6315
555,52,2020-09-29 13:00:00,96.55,96.5546,96.005,96.18,19164
556,51,2020-09-29 13:30:00,96.22,96.7,96.0,96.7,9335
557,50,2020-09-29 14:00:00,96.78,97.345,96.66,97.21,6004
558,49,2020-09-29 14:30:00,97.28,97.28,96.62,96.85,30322
559,48,2020-09-29 15:00:00,96.86,97.02,96.36,96.515,74889
560,47,2020-09-29 15:30:00,96.56,96.6814,96.37799999999999,96.55,53593
561,46,2020-09-29 16:00:00,96.55,96.56,96.21,96.26,61656
562,45,2020-09-29 16:30:00,96.27,96.27,96.27,96.27,3867
563,44,2020-09-29 17:30:00,96.0,96.0,96.0,96.0,122
564,43,2020-09-30 09:30:00,95.92,95.92,95.65,95.66,822
565,42,2020-09-30 10:00:00,95.65,98.13,95.58,97.78,92299
566,41,2020-09-30 10:30:00,97.89,98.295,97.23,97.68,43136
567,40,2020-09-30 11:00:00,97.75,98.745,97.75,98.345,60802
568,39,2020-09-30 11:30:00,98.31,98.35,97.54,97.645,81456
569,38,2020-09-30 12:00:00,97.47,97.47,96.58,96.965,17830
570,37,2020-09-30 12:30:00,96.97,98.06,96.945,98.04,28659
571,36,2020-09-30 13:00:00,98.04,98.16,97.81,98.0,27165
572,35,2020-09-30 13:30:00,98.0,98.0,97.465,97.77,26890
573,34,2020-09-30 14:00:00,97.82,98.03,97.615,97.805,21257
574,33,2020-09-30 14:30:00,97.77,98.53,97.55,97.66,24245
575,32,2020-09-30 15:00:00,97.64,97.64,96.87,97.475,27760
576,31,2020-09-30 15:30:00,97.435,97.62,96.53,97.1,31236
577,30,2020-09-30 16:00:00,97.13,97.84,96.71,97.59,137806
578,29,2020-09-30 16:30:00,97.59,97.59,97.59,97.59,5581
579,28,2020-10-01 10:00:00,99.24,100.175,98.03,98.16,26468
580,27,2020-10-01 10:30:00,98.1126,98.255,97.02,97.28,17217
581,26,2020-10-01 11:00:00,97.53,97.81,97.1,97.42,41372
582,25,2020-10-01 11:30:00,97.575,97.72,97.08,97.48,19400
583,24,2020-10-01 12:00:00,97.48,97.96,97.37,97.79,35415
584,23,2020-10-01 12:30:00,97.71,97.9,97.51,97.83,50464
585,22,2020-10-01 13:00:00,97.8,98.91,97.73,98.66,19027
586,21,2020-10-01 13:30:00,98.68,98.68,97.97,98.13,30655
587,20,2020-10-01 14:00:00,98.22,98.355,97.75,97.75,12064
588,19,2020-10-01 14:30:00,97.94,97.96,96.79,97.555,14944
589,18,2020-10-01 15:00:00,97.56,97.72,97.48,97.585,12368
590,17,2020-10-01 15:30:00,97.57,97.99,97.41,97.685,18040
591,16,2020-10-01 16:00:00,97.63,98.41,97.53,98.41,116659
592,15,2020-10-01 16:30:00,98.4,98.4,98.4,98.4,22229
593,14,2020-10-02 09:30:00,95.98,95.98,95.98,95.98,200
594,13,2020-10-02 10:00:00,95.7,97.94,95.53,97.76,46726
595,12,2020-10-02 10:30:00,97.97,98.4,97.59,97.99,22137
596,11,2020-10-02 11:00:00,97.87,98.4,97.85,97.85,27380
597,10,2020-10-02 11:30:00,97.84,99.69,97.72,99.69,12230
598,9,2020-10-02 12:00:00,99.45,99.61,99.26,99.26,11696
599,8,2020-10-02 12:30:00,99.24,100.95,98.98,100.74,49804
600,7,2020-10-02 13:00:00,100.82,101.44,100.82,101.135,20951
601,6,2020-10-02 13:30:00,101.21,101.56,101.18,101.255,21488
602,5,2020-10-02 14:00:00,101.15,101.185,100.25,100.63,18475
603,4,2020-10-02 14:30:00,100.645,101.85,100.645,101.735,21081
604,3,2020-10-02 15:00:00,101.84,102.23,101.56,102.0,17958
605,2,2020-10-02 15:30:00,102.0175,102.11,101.19,101.5,29963
606,1,2020-10-02 16:00:00,101.5,102.48,101.45,102.19,79457
607,0,2020-10-02 16:30:00,102.19,102.19,102.19,102.19,77191
