,index,time,open,high,low,close,volume
0,532,2020-07-07 07:30:00,3.26,3.26,3.26,3.26,315
1,531,2020-07-07 08:30:00,3.2601,3.29,3.26,3.26,5894
2,530,2020-07-07 09:00:00,3.2502,3.31,3.25,3.31,3349
3,529,2020-07-07 09:30:00,3.3,3.3,3.21,3.23,36546
4,528,2020-07-07 10:00:00,3.2,3.335,3.17,3.24,593128
5,527,2020-07-07 10:30:00,3.25,3.27,3.21,3.225,236588
6,526,2020-07-07 11:00:00,3.23,3.29,3.21,3.29,174435
7,525,2020-07-07 11:30:00,3.29,3.31,3.24,3.245,128426
8,524,2020-07-07 12:00:00,3.24,3.255,3.23,3.245,112575
9,523,2020-07-07 12:30:00,3.245,3.26,3.23,3.24,74089
10,522,2020-07-07 13:00:00,3.24,3.24,3.22,3.23,79256
11,521,2020-07-07 13:30:00,3.23,3.2365,3.2,3.21,105950
12,520,2020-07-07 14:00:00,3.21,3.22,3.205,3.215,99829
13,519,2020-07-07 14:30:00,3.21,3.23,3.21,3.22,90830
14,518,2020-07-07 15:00:00,3.21,3.23,3.2,3.21,97747
15,517,2020-07-07 15:30:00,3.215,3.23,3.21,3.23,106025
16,516,2020-07-07 16:00:00,3.23,3.23,3.17,3.18,292881
17,515,2020-07-07 16:30:00,3.18,3.19,3.17,3.18,4714
18,514,2020-07-07 17:00:00,3.18,3.18,3.1501,3.17,4751
19,513,2020-07-07 17:30:00,3.18,3.18,3.1798,3.18,1840
20,512,2020-07-07 18:00:00,3.18,3.18,3.18,3.18,2846
21,511,2020-07-07 18:30:00,3.19,3.2,3.19,3.2,943
22,510,2020-07-07 19:30:00,3.15,3.15,3.15,3.15,109
23,509,2020-07-08 07:00:00,3.19,3.19,3.19,3.19,136
24,508,2020-07-08 08:30:00,3.16,3.2,3.16,3.19,3083
25,507,2020-07-08 09:00:00,3.19,3.19,3.19,3.19,3978
26,506,2020-07-08 09:30:00,3.2,3.2,3.16,3.16,13641
27,505,2020-07-08 10:00:00,3.16,3.23,3.06,3.22,314815
28,504,2020-07-08 10:30:00,3.21,3.27,3.11,3.1501,175429
29,503,2020-07-08 11:00:00,3.15,3.1735,3.11,3.13,125207
30,502,2020-07-08 11:30:00,3.1264,3.135,3.1,3.13,102157
31,501,2020-07-08 12:00:00,3.1239,3.13,3.08,3.09,96899
32,500,2020-07-08 12:30:00,3.0977,3.14,3.07,3.12,187739
33,499,2020-07-08 13:00:00,3.1242,3.13,3.09,3.115,128707
34,498,2020-07-08 13:30:00,3.1164,3.12,3.1,3.11,100509
35,497,2020-07-08 14:00:00,3.11,3.13,3.1,3.12,66974
36,496,2020-07-08 14:30:00,3.13,3.17,3.125,3.15,111420
37,495,2020-07-08 15:00:00,3.15,3.16,3.135,3.16,52765
38,494,2020-07-08 15:30:00,3.155,3.22,3.15,3.2,114745
39,493,2020-07-08 16:00:00,3.195,3.24,3.18,3.19,260703
40,492,2020-07-08 16:30:00,3.19,3.19,3.19,3.19,200
41,491,2020-07-08 17:00:00,3.1997,3.1997,3.1997,3.1997,510
42,490,2020-07-08 18:00:00,3.21,3.23,3.21,3.23,6501
43,489,2020-07-08 18:30:00,3.24,3.24,3.24,3.24,2000
44,488,2020-07-08 20:00:00,3.24,3.24,3.19,3.2,8634
45,487,2020-07-09 07:30:00,3.2,3.2,3.13,3.13,3441
46,486,2020-07-09 08:00:00,3.12,3.12,3.11,3.11,421
47,485,2020-07-09 08:30:00,3.1299,3.2,3.1299,3.2,1581
48,484,2020-07-09 09:00:00,3.21,3.21,3.1841,3.1841,255
49,483,2020-07-09 09:30:00,3.21,3.22,3.16,3.17,23471
50,482,2020-07-09 10:00:00,3.19,3.2,3.1102,3.125,245044
51,481,2020-07-09 10:30:00,3.125,3.14,3.11,3.125,159429
52,480,2020-07-09 11:00:00,3.13,3.155,3.09,3.105,211946
53,479,2020-07-09 11:30:00,3.102,3.13,3.05,3.12,209756
54,478,2020-07-09 12:00:00,3.12,3.125,3.07,3.09,98664
55,477,2020-07-09 12:30:00,3.0999,3.14,3.08,3.085,73036
56,476,2020-07-09 13:00:00,3.085,3.095,3.06,3.095,105147
57,475,2020-07-09 13:30:00,3.09,3.105,3.07,3.0702,98235
58,474,2020-07-09 14:00:00,3.075,3.1,3.07,3.08,70793
59,473,2020-07-09 14:30:00,3.085,3.1,3.08,3.08,42245
60,472,2020-07-09 15:00:00,3.085,3.0887,3.08,3.085,43617
61,471,2020-07-09 15:30:00,3.09,3.1289999999999996,3.08,3.11,103658
62,470,2020-07-09 16:00:00,3.115,3.16,3.11,3.155,186593
63,469,2020-07-09 16:30:00,3.15,3.15,3.1,3.1,2143
64,468,2020-07-09 17:00:00,3.09,3.09,3.08,3.0801,1769
65,467,2020-07-09 17:30:00,3.09,3.09,3.09,3.09,300
66,466,2020-07-09 18:00:00,3.1,3.11,3.08,3.08,1700
67,465,2020-07-09 18:30:00,3.09,3.15,3.09,3.15,1000
68,464,2020-07-09 19:30:00,3.17,3.17,3.17,3.17,411
69,463,2020-07-09 20:00:00,3.16,3.16,3.16,3.16,100
70,462,2020-07-10 08:30:00,3.09,3.09,3.08,3.08,3050
71,461,2020-07-10 09:00:00,3.09,3.14,3.08,3.1,1910
72,460,2020-07-10 09:30:00,3.0919,3.1,3.08,3.08,10197
73,459,2020-07-10 10:00:00,3.08,3.1758,3.0401,3.13,294093
74,458,2020-07-10 10:30:00,3.13,3.13,3.05,3.065,211850
75,457,2020-07-10 11:00:00,3.06,3.12,3.05,3.08,176321
76,456,2020-07-10 11:30:00,3.08,3.13,3.07,3.11,212805
77,455,2020-07-10 12:00:00,3.115,3.14,3.09,3.13,86878
78,454,2020-07-10 12:30:00,3.1326,3.1899,3.122,3.18,146222
79,453,2020-07-10 13:00:00,3.175,3.2,3.14,3.19,95623
80,452,2020-07-10 13:30:00,3.1967,3.215,3.18,3.195,188005
81,451,2020-07-10 14:00:00,3.195,3.22,3.15,3.17,263381
82,450,2020-07-10 14:30:00,3.175,3.2,3.14,3.14,155960
83,449,2020-07-10 15:00:00,3.145,3.17,3.14,3.1595,100651
84,448,2020-07-10 15:30:00,3.16,3.1999,3.15,3.18,112281
85,447,2020-07-10 16:00:00,3.19,3.2,3.17,3.17,223715
86,446,2020-07-10 16:30:00,3.22,3.22,3.22,3.22,971
87,445,2020-07-10 17:00:00,3.21,3.21,3.21,3.21,310
88,444,2020-07-10 17:30:00,3.21,3.22,3.21,3.22,2649
89,443,2020-07-10 18:00:00,3.2,3.21,3.2,3.21,961
90,442,2020-07-10 18:30:00,3.21,3.21,3.21,3.21,200
91,441,2020-07-10 19:30:00,3.19,3.19,3.19,3.19,500
92,440,2020-07-10 20:00:00,3.21,3.21,3.21,3.21,773
93,439,2020-07-13 06:30:00,3.02,3.02,3.0,3.0,2500
94,438,2020-07-13 07:00:00,3.12,3.12,3.12,3.12,200
95,437,2020-07-13 07:30:00,3.16,3.16,3.12,3.12,3930
96,436,2020-07-13 08:00:00,3.12,3.12,3.12,3.12,700
97,435,2020-07-13 08:30:00,3.16,3.24,3.16,3.19,3481
98,434,2020-07-13 09:00:00,3.1225,3.22,3.12,3.22,1537
99,433,2020-07-13 09:30:00,3.185,3.19,3.15,3.16,28259
100,432,2020-07-13 10:00:00,3.16,3.208,3.115,3.13,364983
101,431,2020-07-13 10:30:00,3.125,3.1915,3.12,3.17,157931
102,430,2020-07-13 11:00:00,3.1698,3.1753,3.12,3.15,86285
103,429,2020-07-13 11:30:00,3.15,3.1799,3.14,3.16,55767
104,428,2020-07-13 12:00:00,3.165,3.19,3.145,3.19,37082
105,427,2020-07-13 12:30:00,3.1889999999999996,3.19,3.145,3.15,80420
106,426,2020-07-13 13:00:00,3.16,3.21,3.155,3.205,75931
107,425,2020-07-13 13:30:00,3.205,3.24,3.2,3.235,82850
108,424,2020-07-13 14:00:00,3.235,3.25,3.2101,3.225,81306
109,423,2020-07-13 14:30:00,3.22,3.225,3.1501,3.1605,105596
110,422,2020-07-13 15:00:00,3.1699,3.1799,3.15,3.17,76452
111,421,2020-07-13 15:30:00,3.17,3.17,3.15,3.15,99495
112,420,2020-07-13 16:00:00,3.15,3.195,3.14,3.16,284238
113,419,2020-07-13 16:30:00,3.15,3.15,3.14,3.14,993
114,418,2020-07-13 17:00:00,3.13,3.15,3.1,3.15,13125
115,417,2020-07-13 17:30:00,3.1498,3.1498,3.1498,3.1498,150
116,416,2020-07-13 18:00:00,3.15,3.15,3.15,3.15,500
117,415,2020-07-13 18:30:00,3.1001,3.1001,3.1001,3.1001,300
118,414,2020-07-13 19:30:00,3.12,3.12,3.12,3.12,100
119,413,2020-07-13 20:00:00,3.13,3.13,3.13,3.13,150
120,412,2020-07-14 08:00:00,3.1,3.1,3.1,3.1,1761
121,411,2020-07-14 08:30:00,3.11,3.11,3.11,3.11,1109
122,410,2020-07-14 09:00:00,3.12,3.1492,3.12,3.12,988
123,409,2020-07-14 09:30:00,3.12,3.13,3.0598,3.1,16478
124,408,2020-07-14 10:00:00,3.06,3.22,3.06,3.17,356986
125,407,2020-07-14 10:30:00,3.17,3.19,3.12,3.16,285495
126,406,2020-07-14 11:00:00,3.155,3.175,3.12,3.175,129416
127,405,2020-07-14 11:30:00,3.1758,3.21,3.16,3.16,116299
128,404,2020-07-14 12:00:00,3.155,3.17,3.14,3.165,61455
129,403,2020-07-14 12:30:00,3.16,3.17,3.145,3.145,34327
130,402,2020-07-14 13:00:00,3.15,3.165,3.15,3.15,32607
131,401,2020-07-14 13:30:00,3.155,3.16,3.135,3.135,51735
132,400,2020-07-14 14:00:00,3.135,3.16,3.12,3.145,101832
133,399,2020-07-14 14:30:00,3.15,3.16,3.13,3.13,20114
134,398,2020-07-14 15:00:00,3.135,3.15,3.13,3.15,44177
135,397,2020-07-14 15:30:00,3.155,3.17,3.15,3.17,46571
136,396,2020-07-14 16:00:00,3.165,3.175,3.15,3.16,72347
137,395,2020-07-14 17:00:00,3.16,3.1699,3.13,3.13,1632
138,394,2020-07-14 17:30:00,3.13,3.22,3.11,3.21,6606
139,393,2020-07-14 18:00:00,3.16,3.23,3.16,3.23,10729
140,392,2020-07-14 18:30:00,3.23,3.23,3.23,3.23,3000
141,391,2020-07-14 19:00:00,3.1801,3.23,3.1801,3.22,7404
142,390,2020-07-14 19:30:00,3.23,3.25,3.2,3.25,2450
143,389,2020-07-14 20:00:00,3.22,3.25,3.2,3.25,5258
144,388,2020-07-15 07:30:00,3.26,3.3,3.26,3.3,1771
145,387,2020-07-15 08:00:00,3.3,3.36,3.3,3.3,1090
146,386,2020-07-15 08:30:00,3.2599,3.37,3.2,3.31,25869
147,385,2020-07-15 09:00:00,3.3202,3.33,3.31,3.3102,16690
148,384,2020-07-15 09:30:00,3.3102,3.32,3.26,3.29,29065
149,383,2020-07-15 10:00:00,3.3,3.33,3.23,3.285,425602
150,382,2020-07-15 10:30:00,3.28,3.35,3.25,3.35,149736
151,381,2020-07-15 11:00:00,3.35,3.39,3.305,3.37,357033
152,380,2020-07-15 11:30:00,3.37,3.3795,3.27,3.315,101562
153,379,2020-07-15 12:00:00,3.3080000000000003,3.35,3.3,3.315,62807
154,378,2020-07-15 12:30:00,3.31,3.325,3.28,3.32,59294
155,377,2020-07-15 13:00:00,3.315,3.335,3.29,3.3242,61278
156,376,2020-07-15 13:30:00,3.33,3.37,3.32,3.35,126503
157,375,2020-07-15 14:00:00,3.35,3.47,3.35,3.435,230163
158,374,2020-07-15 14:30:00,3.44,3.49,3.37,3.405,283911
159,373,2020-07-15 15:00:00,3.4,3.49,3.4,3.43,185937
160,372,2020-07-15 15:30:00,3.42,3.47,3.4,3.47,183316
161,371,2020-07-15 16:00:00,3.4686,3.51,3.44,3.49,350487
162,370,2020-07-15 16:30:00,3.5,3.55,3.4999,3.52,5631
163,369,2020-07-15 17:00:00,3.55,3.69,3.55,3.69,29873
164,368,2020-07-15 17:30:00,3.69,3.7,3.61,3.61,38233
165,367,2020-07-15 18:00:00,3.61,3.65,3.5,3.56,21099
166,366,2020-07-15 18:30:00,3.6,3.7,3.5999,3.6,4212
167,365,2020-07-15 19:00:00,3.53,3.53,3.53,3.53,1000
168,364,2020-07-15 19:30:00,3.6,3.64,3.6,3.64,2390
169,363,2020-07-15 20:00:00,3.6,3.62,3.57,3.62,2880
170,362,2020-07-16 05:00:00,3.47,3.47,3.47,3.47,1500
171,361,2020-07-16 07:00:00,3.4,3.4,3.4,3.4,647
172,360,2020-07-16 07:30:00,3.47,3.5,3.47,3.5,2504
173,359,2020-07-16 08:00:00,3.42,3.42,3.42,3.42,259
174,358,2020-07-16 08:30:00,3.48,3.48,3.42,3.45,4568
175,357,2020-07-16 09:00:00,3.4599,3.4599,3.42,3.42,1514
176,356,2020-07-16 09:30:00,3.45,3.46,3.4,3.4,23505
177,355,2020-07-16 10:00:00,3.4,3.45,3.27,3.39,516167
178,354,2020-07-16 10:30:00,3.3842,3.45,3.35,3.41,135931
179,353,2020-07-16 11:00:00,3.41,3.57,3.41,3.57,280492
180,352,2020-07-16 11:30:00,3.56,3.695,3.54,3.67,312812
181,351,2020-07-16 12:00:00,3.68,3.68,3.55,3.58,223628
182,350,2020-07-16 12:30:00,3.57,3.57,3.485,3.4901,126022
183,349,2020-07-16 13:00:00,3.495,3.495,3.41,3.41,140081
184,348,2020-07-16 13:30:00,3.41,3.49,3.41,3.47,71349
185,347,2020-07-16 14:00:00,3.46,3.46,3.41,3.43,75608
186,346,2020-07-16 14:30:00,3.4298,3.45,3.4293,3.435,37192
187,345,2020-07-16 15:00:00,3.4373,3.465,3.4301,3.4342,82451
188,344,2020-07-16 15:30:00,3.44,3.45,3.42,3.44,63286
189,343,2020-07-16 16:00:00,3.445,3.46,3.41,3.41,164391
190,342,2020-07-16 16:30:00,3.41,3.45,3.4,3.4,1167
191,341,2020-07-16 17:00:00,3.3999,3.44,3.3999,3.44,12491
192,340,2020-07-16 17:30:00,3.41,3.41,3.4,3.41,5827
193,339,2020-07-16 18:00:00,3.41,3.41,3.4,3.41,2888
194,338,2020-07-16 18:30:00,3.38,3.38,3.38,3.38,500
195,337,2020-07-16 19:00:00,3.38,3.38,3.37,3.37,1585
196,336,2020-07-16 20:00:00,3.4,3.4,3.37,3.37,3000
197,335,2020-07-17 07:00:00,3.41,3.41,3.41,3.41,103
198,334,2020-07-17 07:30:00,3.4,3.4,3.4,3.4,100
199,333,2020-07-17 08:30:00,3.41,3.59,3.4,3.56,11227
200,332,2020-07-17 09:00:00,3.51,3.51,3.4010000000000002,3.4010000000000002,1681
201,331,2020-07-17 09:30:00,3.48,3.49,3.44,3.44,1059
202,330,2020-07-17 10:00:00,3.47,3.5,3.37,3.38,213244
203,329,2020-07-17 10:30:00,3.39,3.4,3.26,3.31,504220
204,328,2020-07-17 11:00:00,3.3199,3.36,3.2822,3.325,113172
205,327,2020-07-17 11:30:00,3.33,3.355,3.31,3.325,48601
206,326,2020-07-17 12:00:00,3.325,3.38,3.3214,3.3719,74663
207,325,2020-07-17 12:30:00,3.37,3.385,3.34,3.3418,50559
208,324,2020-07-17 13:00:00,3.34,3.35,3.31,3.315,94970
209,323,2020-07-17 13:30:00,3.315,3.34,3.3,3.335,37798
210,322,2020-07-17 14:00:00,3.34,3.34,3.3,3.305,29527
211,321,2020-07-17 14:30:00,3.3,3.31,3.26,3.265,112080
212,320,2020-07-17 15:00:00,3.265,3.29,3.26,3.285,57528
213,319,2020-07-17 15:30:00,3.2801,3.295,3.26,3.265,73576
214,318,2020-07-17 16:00:00,3.265,3.27,3.2,3.2,438933
215,317,2020-07-17 16:30:00,3.2099,3.23,3.2,3.22,7972
216,316,2020-07-17 17:00:00,3.23,3.25,3.23,3.25,1653
217,315,2020-07-17 17:30:00,3.23,3.2498,3.23,3.24,3017
218,314,2020-07-17 18:00:00,3.23,3.24,3.23,3.24,4767
219,313,2020-07-17 18:30:00,3.24,3.24,3.24,3.24,732
220,312,2020-07-17 19:00:00,3.22,3.24,3.22,3.24,2203
221,311,2020-07-17 19:30:00,3.23,3.23,3.23,3.23,100
222,310,2020-07-17 20:00:00,3.23,3.25,3.23,3.24,1114
223,309,2020-07-20 04:30:00,3.19,3.19,3.19,3.19,969
224,308,2020-07-20 07:30:00,3.25,3.25,3.25,3.25,900
225,307,2020-07-20 08:30:00,3.25,3.35,3.2499,3.32,6832
226,306,2020-07-20 09:00:00,3.23,3.3,3.22,3.24,5600
227,305,2020-07-20 09:30:00,3.23,3.2693,3.22,3.23,8528
228,304,2020-07-20 10:00:00,3.22,3.2202,3.14,3.2024,424363
229,303,2020-07-20 10:30:00,3.2002,3.2002,3.145,3.1716,190084
230,302,2020-07-20 11:00:00,3.175,3.18,3.145,3.175,85172
231,301,2020-07-20 11:30:00,3.1725,3.18,3.14,3.16,84513
232,300,2020-07-20 12:00:00,3.155,3.18,3.14,3.1687,157657
233,299,2020-07-20 12:30:00,3.165,3.17,3.14,3.15,75488
234,298,2020-07-20 13:00:00,3.1502,3.17,3.15,3.16,50325
235,297,2020-07-20 13:30:00,3.1519,3.19,3.15,3.1867,118227
236,296,2020-07-20 14:00:00,3.185,3.21,3.18,3.1949,106012
237,295,2020-07-20 14:30:00,3.2,3.2,3.16,3.165,72278
238,294,2020-07-20 15:00:00,3.165,3.185,3.16,3.18,45235
239,293,2020-07-20 15:30:00,3.185,3.23,3.18,3.2,97220
240,292,2020-07-20 16:00:00,3.205,3.21,3.17,3.18,97022
241,291,2020-07-20 16:30:00,3.19,3.19,3.18,3.19,10635
242,290,2020-07-20 17:00:00,3.19,3.19,3.19,3.19,1025
243,289,2020-07-20 17:30:00,3.2,3.22,3.2,3.22,1030
244,288,2020-07-20 18:00:00,3.22,3.22,3.2,3.2,723
245,287,2020-07-20 18:30:00,3.18,3.18,3.18,3.18,1424
246,286,2020-07-20 20:00:00,3.21,3.21,3.18,3.18,2998
247,285,2020-07-21 05:30:00,3.2,3.2,3.18,3.18,1902
248,284,2020-07-21 07:30:00,3.19,3.19,3.18,3.19,1310
249,283,2020-07-21 08:00:00,3.19,3.25,3.19,3.25,3690
250,282,2020-07-21 08:30:00,3.22,3.22,3.22,3.22,1000
251,281,2020-07-21 09:00:00,3.23,3.23,3.23,3.23,1950
252,280,2020-07-21 09:30:00,3.1999,3.2,3.18,3.19,34286
253,279,2020-07-21 10:00:00,3.17,3.21,3.12,3.1736,644522
254,278,2020-07-21 10:30:00,3.18,3.185,3.11,3.1298,307057
255,277,2020-07-21 11:00:00,3.125,3.14,3.1,3.125,249771
256,276,2020-07-21 11:30:00,3.125,3.29,3.12,3.2861,384270
257,275,2020-07-21 12:00:00,3.285,3.32,3.215,3.23,389922
258,274,2020-07-21 12:30:00,3.23,3.24,3.19,3.215,116849
259,273,2020-07-21 13:00:00,3.21,3.24,3.21,3.21,60919
260,272,2020-07-21 13:30:00,3.22,3.23,3.2,3.21,78836
261,271,2020-07-21 14:00:00,3.21,3.22,3.2,3.215,41702
262,270,2020-07-21 14:30:00,3.22,3.255,3.22,3.255,30318
263,269,2020-07-21 15:00:00,3.255,3.295,3.25,3.255,143498
264,268,2020-07-21 15:30:00,3.26,3.26,3.235,3.24,55705
265,267,2020-07-21 16:00:00,3.24,3.245,3.21,3.21,83460
266,266,2020-07-21 16:30:00,3.21,3.21,3.21,3.21,746
267,265,2020-07-21 17:00:00,3.2099,3.21,3.2,3.21,2735
268,264,2020-07-21 17:30:00,3.2,3.24,3.2,3.24,1238
269,263,2020-07-21 18:00:00,3.24,3.24,3.22,3.23,3084
270,262,2020-07-21 20:00:00,3.18,3.21,3.18,3.21,1200
271,261,2020-07-22 04:30:00,3.2,3.21,3.2,3.21,518
272,260,2020-07-22 05:00:00,3.21,3.21,3.21,3.21,400
273,259,2020-07-22 08:30:00,3.2,3.2,3.2,3.2,301
274,258,2020-07-22 09:00:00,3.24,3.24,3.16,3.19,556
275,257,2020-07-22 09:30:00,3.1844,3.1844,3.17,3.17,15217
276,256,2020-07-22 10:00:00,3.21,3.25,3.17,3.2181,197160
277,255,2020-07-22 10:30:00,3.215,3.29,3.21,3.2565,127886
278,254,2020-07-22 11:00:00,3.25,3.32,3.25,3.28,141521
279,253,2020-07-22 11:30:00,3.2717,3.305,3.2401,3.25,142978
280,252,2020-07-22 12:00:00,3.245,3.245,3.19,3.1988,168328
281,251,2020-07-22 12:30:00,3.2,3.2,3.18,3.1889,83760
282,250,2020-07-22 13:00:00,3.18,3.22,3.15,3.21,279926
283,249,2020-07-22 13:30:00,3.22,3.2284,3.18,3.18,91854
284,248,2020-07-22 14:00:00,3.1801,3.2,3.1742,3.19,50291
285,247,2020-07-22 14:30:00,3.185,3.19,3.18,3.185,25600
286,246,2020-07-22 15:00:00,3.185,3.19,3.18,3.185,48049
287,245,2020-07-22 15:30:00,3.19,3.21,3.17,3.18,104484
288,244,2020-07-22 16:00:00,3.19,3.22,3.19,3.21,159885
289,243,2020-07-22 16:30:00,3.1902,3.1902,3.1902,3.1902,1749
290,242,2020-07-22 17:00:00,3.2,3.25,3.2,3.25,587
291,241,2020-07-22 17:30:00,3.24,3.24,3.24,3.24,200
292,240,2020-07-22 18:00:00,3.26,3.26,3.23,3.23,834
293,239,2020-07-23 09:00:00,3.2301,3.2301,3.21,3.2102,2303
294,238,2020-07-23 09:30:00,3.22,3.25,3.21,3.22,14263
295,237,2020-07-23 10:00:00,3.21,3.26,3.17,3.24,371268
296,236,2020-07-23 10:30:00,3.23,3.24,3.15,3.16,154313
297,235,2020-07-23 11:00:00,3.16,3.19,3.13,3.175,341850
298,234,2020-07-23 11:30:00,3.18,3.19,3.14,3.155,86810
299,233,2020-07-23 12:00:00,3.155,3.17,3.14,3.16,68265
300,232,2020-07-23 12:30:00,3.165,3.2,3.16,3.185,69553
301,231,2020-07-23 13:00:00,3.185,3.24,3.18,3.2013,112550
302,230,2020-07-23 13:30:00,3.2,3.208,3.18,3.208,68805
303,229,2020-07-23 14:00:00,3.2,3.205,3.16,3.165,104394
304,228,2020-07-23 14:30:00,3.165,3.17,3.115,3.15,300223
305,227,2020-07-23 15:00:00,3.145,3.1675,3.145,3.165,61722
306,226,2020-07-23 15:30:00,3.1621,3.17,3.14,3.155,66929
307,225,2020-07-23 16:00:00,3.155,3.17,3.13,3.15,272240
308,224,2020-07-23 16:30:00,3.16,3.17,3.16,3.16,5725
309,223,2020-07-23 17:00:00,3.17,3.17,3.16,3.16,1464
310,222,2020-07-23 17:30:00,3.17,3.17,3.17,3.17,561
311,221,2020-07-23 20:00:00,3.16,3.16,3.15,3.15,877
312,220,2020-07-24 04:30:00,3.13,3.13,3.13,3.13,100
313,219,2020-07-24 08:30:00,3.13,3.1302,3.12,3.12,4342
314,218,2020-07-24 09:00:00,3.13,3.18,3.13,3.18,5822
315,217,2020-07-24 09:30:00,3.17,3.18,3.15,3.16,54339
316,216,2020-07-24 10:00:00,3.16,3.21,3.133,3.16,434155
317,215,2020-07-24 10:30:00,3.155,3.19,3.14,3.18,149159
318,214,2020-07-24 11:00:00,3.185,3.2,3.17,3.17,138749
319,213,2020-07-24 11:30:00,3.17,3.18,3.15,3.15,72035
320,212,2020-07-24 12:00:00,3.1599,3.17,3.15,3.16,53626
321,211,2020-07-24 12:30:00,3.16,3.165,3.14,3.15,102314
322,210,2020-07-24 13:00:00,3.155,3.16,3.11,3.1235,283804
323,209,2020-07-24 13:30:00,3.13,3.14,3.11,3.12,97929
324,208,2020-07-24 14:00:00,3.115,3.14,3.1,3.14,120098
325,207,2020-07-24 14:30:00,3.135,3.135,3.11,3.13,87972
326,206,2020-07-24 15:00:00,3.135,3.145,3.1296,3.14,59772
327,205,2020-07-24 15:30:00,3.1312,3.16,3.12,3.155,95559
328,204,2020-07-24 16:00:00,3.16,3.16,3.14,3.15,265497
329,203,2020-07-24 16:30:00,3.15,3.16,3.15,3.15,3555
330,202,2020-07-24 17:00:00,3.1502,3.1502,3.15,3.15,1762
331,201,2020-07-24 17:30:00,3.12,3.15,3.12,3.15,28151
332,200,2020-07-24 19:00:00,3.16,3.16,3.16,3.16,186
333,199,2020-07-24 19:30:00,3.18,3.18,3.18,3.18,548
334,198,2020-07-24 20:00:00,3.13,3.13,3.12,3.12,520
335,197,2020-07-27 07:30:00,3.17,3.17,3.13,3.13,700
336,196,2020-07-27 08:30:00,3.1299,3.13,3.1299,3.13,1501
337,195,2020-07-27 09:00:00,3.15,3.15,3.15,3.15,131
338,194,2020-07-27 09:30:00,3.1699,3.17,3.1695,3.17,3428
339,193,2020-07-27 10:00:00,3.17,3.17,3.105,3.125,205801
340,192,2020-07-27 10:30:00,3.11,3.15,3.07,3.13,193801
341,191,2020-07-27 11:00:00,3.14,3.145,3.12,3.12,62739
342,190,2020-07-27 11:30:00,3.12,3.14,3.1,3.12,99807
343,189,2020-07-27 12:00:00,3.12,3.13,3.1,3.125,108609
344,188,2020-07-27 12:30:00,3.125,3.13,3.1,3.115,108335
345,187,2020-07-27 13:00:00,3.115,3.13,3.1,3.105,72608
346,186,2020-07-27 13:30:00,3.105,3.11,3.085,3.085,35824
347,185,2020-07-27 14:00:00,3.08,3.09,3.075,3.085,70451
348,184,2020-07-27 14:30:00,3.085,3.09,3.06,3.075,63997
349,183,2020-07-27 15:00:00,3.08,3.085,3.075,3.085,26838
350,182,2020-07-27 15:30:00,3.085,3.1,3.08,3.0924,54594
351,181,2020-07-27 16:00:00,3.095,3.1,3.07,3.08,112074
352,180,2020-07-27 16:30:00,3.08,3.11,3.08,3.11,7147
353,179,2020-07-27 17:00:00,3.12,3.12,3.11,3.12,7526
354,178,2020-07-27 17:30:00,3.11,3.12,3.11,3.12,677
355,177,2020-07-27 18:00:00,3.12,3.12,3.09,3.09,2913
356,176,2020-07-27 19:30:00,3.12,3.12,3.12,3.12,386
357,175,2020-07-27 20:00:00,3.15,3.16,3.15,3.16,665
358,174,2020-07-28 08:00:00,3.12,3.12,3.12,3.12,128
359,173,2020-07-28 08:30:00,3.12,3.12,3.11,3.11,1400
360,172,2020-07-28 09:00:00,3.1,3.1,3.09,3.09,4258
361,171,2020-07-28 09:30:00,3.09,3.1,3.08,3.09,3264
362,170,2020-07-28 10:00:00,3.06,3.1,3.04,3.049,217203
363,169,2020-07-28 10:30:00,3.05,3.15,3.05,3.13,222406
364,168,2020-07-28 11:00:00,3.13,3.14,3.12,3.13,26981
365,167,2020-07-28 11:30:00,3.1201,3.21,3.12,3.19,402569
366,166,2020-07-28 12:00:00,3.18,3.19,3.12,3.1301,164673
367,165,2020-07-28 12:30:00,3.12,3.135,3.09,3.0999,136796
368,164,2020-07-28 13:00:00,3.095,3.11,3.09,3.1,27560
369,163,2020-07-28 13:30:00,3.1,3.11,3.09,3.095,47222
370,162,2020-07-28 14:00:00,3.095,3.12,3.09,3.095,69955
371,161,2020-07-28 14:30:00,3.1,3.14,3.1,3.1099,58395
372,160,2020-07-28 15:00:00,3.11,3.13,3.11,3.13,43583
373,159,2020-07-28 15:30:00,3.13,3.16,3.11,3.12,208826
374,158,2020-07-28 16:00:00,3.12,3.13,3.085,3.12,180173
375,157,2020-07-28 16:30:00,3.1,3.15,3.1,3.15,1695
376,156,2020-07-28 17:00:00,3.15,3.15,3.11,3.11,1453
377,155,2020-07-28 18:00:00,3.15,3.15,3.15,3.15,312
378,154,2020-07-28 18:30:00,3.11,3.11,3.1,3.1,513
379,153,2020-07-28 19:00:00,3.1,3.1,3.1,3.1,1000
380,152,2020-07-28 19:30:00,3.1,3.1,3.1,3.1,100
381,151,2020-07-29 08:30:00,3.15,3.15,3.12,3.12,2705
382,150,2020-07-29 09:00:00,3.12,3.13,3.12,3.13,1201
383,149,2020-07-29 09:30:00,3.12,3.13,3.12,3.12,4730
384,148,2020-07-29 10:00:00,3.15,3.15,3.1,3.1099,118599
385,147,2020-07-29 10:30:00,3.11,3.11,3.065,3.075,175568
386,146,2020-07-29 11:00:00,3.075,3.0899,3.04,3.06,139128
387,145,2020-07-29 11:30:00,3.06,3.07,3.045,3.0599,96473
388,144,2020-07-29 12:00:00,3.055,3.07,3.05,3.055,46736
389,143,2020-07-29 12:30:00,3.055,3.07,3.05,3.065,68854
390,142,2020-07-29 13:00:00,3.065,3.075,3.055,3.0589999999999997,46883
391,141,2020-07-29 13:30:00,3.06,3.08,3.05,3.065,35123
392,140,2020-07-29 14:00:00,3.0676,3.075,3.05,3.065,51654
393,139,2020-07-29 14:30:00,3.065,3.075,3.05,3.05,71510
394,138,2020-07-29 15:00:00,3.055,3.065,3.05,3.05,34310
395,137,2020-07-29 15:30:00,3.055,3.06,3.05,3.05,27360
396,136,2020-07-29 16:00:00,3.0552,3.07,3.05,3.065,213716
397,135,2020-07-29 16:30:00,3.06,3.06,3.05,3.06,12245
398,134,2020-07-29 17:00:00,3.0598,3.07,3.05,3.05,2706
399,133,2020-07-29 17:30:00,3.06,3.06,3.04,3.05,7523
400,132,2020-07-29 18:00:00,3.04,3.08,3.04,3.07,3242
401,131,2020-07-29 18:30:00,3.09,3.09,3.09,3.09,100
402,130,2020-07-29 19:00:00,3.09,3.09,3.08,3.08,496
403,129,2020-07-29 19:30:00,3.08,3.08,3.08,3.08,1000
404,128,2020-07-29 20:00:00,3.09,3.09,3.08,3.09,1472
405,127,2020-07-30 04:30:00,3.07,3.07,3.03,3.03,917
406,126,2020-07-30 05:00:00,3.03,3.03,3.03,3.03,215
407,125,2020-07-30 07:30:00,3.06,3.06,3.06,3.06,490
408,124,2020-07-30 08:00:00,3.06,3.06,3.06,3.06,259
409,123,2020-07-30 08:30:00,3.1,3.1,3.1,3.1,1010
410,122,2020-07-30 09:00:00,3.05,3.06,3.05,3.06,2126
411,121,2020-07-30 09:30:00,3.0529,3.0529,3.03,3.03,12206
412,120,2020-07-30 10:00:00,3.03,3.04,2.91,2.9134,404700
413,119,2020-07-30 10:30:00,2.915,2.96,2.86,2.88,472284
414,118,2020-07-30 11:00:00,2.88,2.91,2.87,2.895,138309
415,117,2020-07-30 11:30:00,2.895,2.98,2.89,2.97,221722
416,116,2020-07-30 12:00:00,2.96,2.985,2.95,2.95,93327
417,115,2020-07-30 12:30:00,2.945,2.945,2.91,2.929,85558
418,114,2020-07-30 13:00:00,2.925,2.93,2.9,2.905,55411
419,113,2020-07-30 13:30:00,2.9088,2.93,2.905,2.92,58798
420,112,2020-07-30 14:00:00,2.925,2.93,2.92,2.925,43045
421,111,2020-07-30 14:30:00,2.92,2.94,2.92,2.9299,59170
422,110,2020-07-30 15:00:00,2.925,2.935,2.92,2.93,63596
423,109,2020-07-30 15:30:00,2.93,2.95,2.93,2.935,44189
424,108,2020-07-30 16:00:00,2.935,2.94,2.89,2.9,174064
425,107,2020-07-30 16:30:00,2.89,2.94,2.89,2.94,3298
426,106,2020-07-30 17:00:00,2.94,2.94,2.91,2.91,1661
427,105,2020-07-30 17:30:00,2.93,2.94,2.9,2.94,1507
428,104,2020-07-30 18:00:00,2.93,2.93,2.9,2.9,1122
429,103,2020-07-30 18:30:00,2.95,2.95,2.95,2.95,100
430,102,2020-07-30 20:00:00,2.9,2.95,2.9,2.95,3361
431,101,2020-07-31 04:30:00,2.88,2.88,2.88,2.88,150
432,100,2020-07-31 05:00:00,2.88,2.88,2.85,2.85,1035
433,99,2020-07-31 06:30:00,2.85,2.89,2.85,2.89,1307
434,98,2020-07-31 07:30:00,2.9,2.9,2.9,2.9,3669
435,97,2020-07-31 08:00:00,2.9,2.9,2.9,2.9,850
436,96,2020-07-31 08:30:00,2.96,2.96,2.9,2.9,1794
437,95,2020-07-31 09:00:00,2.9299,2.93,2.9299,2.93,472
438,94,2020-07-31 09:30:00,2.93,2.93,2.9,2.91,10641
439,93,2020-07-31 10:00:00,2.89,2.91,2.82,2.88,191665
440,92,2020-07-31 10:30:00,2.88,2.91,2.77,2.7737,223702
441,91,2020-07-31 11:00:00,2.7795,2.82,2.7734,2.81,124710
442,90,2020-07-31 11:30:00,2.8155,2.83,2.8,2.8131,83392
443,89,2020-07-31 12:00:00,2.82,2.82,2.79,2.8,128657
444,88,2020-07-31 12:30:00,2.795,2.83,2.77,2.83,106239
445,87,2020-07-31 13:00:00,2.825,2.825,2.78,2.79,54357
446,86,2020-07-31 13:30:00,2.78,2.835,2.78,2.82,67319
447,85,2020-07-31 14:00:00,2.8171,2.825,2.805,2.81,21178
448,84,2020-07-31 14:30:00,2.815,2.84,2.805,2.805,32708
449,83,2020-07-31 15:00:00,2.8001,2.81,2.8,2.81,36273
450,82,2020-07-31 15:30:00,2.805,2.805,2.79,2.8,51768
451,81,2020-07-31 16:00:00,2.8005,2.81,2.785,2.79,224873
452,80,2020-07-31 16:30:00,2.78,2.78,2.75,2.77,6730
453,79,2020-07-31 17:00:00,2.78,2.8,2.78,2.78,850
454,78,2020-07-31 17:30:00,2.7998,2.8,2.79,2.8,2477
455,77,2020-07-31 19:00:00,2.78,2.78,2.78,2.78,480
456,76,2020-08-03 04:30:00,2.75,2.75,2.71,2.71,2095
457,75,2020-08-03 05:00:00,2.71,2.71,2.71,2.71,100
458,74,2020-08-03 07:30:00,2.79,2.8,2.79,2.79,785
459,73,2020-08-03 08:30:00,2.8,2.8001,2.8,2.8001,235
460,72,2020-08-03 09:00:00,2.89,2.89,2.85,2.85,2950
461,71,2020-08-03 09:30:00,2.85,2.8567,2.8,2.8,8706
462,70,2020-08-03 10:00:00,2.8,2.82,2.62,2.6489999999999996,372363
463,69,2020-08-03 10:30:00,2.64,2.7099,2.64,2.655,204420
464,68,2020-08-03 11:00:00,2.65,2.68,2.63,2.665,312883
465,67,2020-08-03 11:30:00,2.6601,2.69,2.64,2.69,200676
466,66,2020-08-03 12:00:00,2.6898,2.7,2.66,2.66,180481
467,65,2020-08-03 12:30:00,2.66,2.7,2.65,2.675,209130
468,64,2020-08-03 13:00:00,2.67,2.695,2.67,2.685,89910
469,63,2020-08-03 13:30:00,2.68,2.71,2.68,2.7036,255701
470,62,2020-08-03 14:00:00,2.705,2.73,2.69,2.705,95762
471,61,2020-08-03 14:30:00,2.7,2.7002,2.68,2.685,43052
472,60,2020-08-03 15:00:00,2.68,2.69,2.68,2.68,103326
473,59,2020-08-03 15:30:00,2.685,2.69,2.68,2.68,61321
474,58,2020-08-03 16:00:00,2.68,2.69,2.65,2.68,350111
475,57,2020-08-03 16:30:00,2.68,2.68,2.65,2.65,3380
476,56,2020-08-03 17:00:00,2.65,2.65,2.6198,2.63,19337
477,55,2020-08-03 17:30:00,2.63,2.63,2.61,2.62,9505
478,54,2020-08-03 18:00:00,2.62,2.63,2.61,2.62,12724
479,53,2020-08-03 18:30:00,2.63,2.68,2.63,2.68,460
480,52,2020-08-03 19:00:00,2.76,2.76,2.76,2.76,690
481,51,2020-08-03 20:00:00,2.64,2.64,2.63,2.63,733
482,50,2020-08-04 08:00:00,2.65,2.65,2.62,2.62,5028
483,49,2020-08-04 08:30:00,2.68,2.68,2.68,2.68,899
484,48,2020-08-04 09:00:00,2.65,2.65,2.6199,2.6498,6776
485,47,2020-08-04 09:30:00,2.6498,2.65,2.62,2.65,9912
486,46,2020-08-04 10:00:00,2.62,2.67,2.58,2.61,307930
487,45,2020-08-04 10:30:00,2.6085,2.63,2.59,2.6,179500
488,44,2020-08-04 11:00:00,2.6,2.6192,2.58,2.6,109259
489,43,2020-08-04 11:30:00,2.6024,2.62,2.59,2.62,89377
490,42,2020-08-04 12:00:00,2.615,2.63,2.58,2.58,113288
491,41,2020-08-04 12:30:00,2.58,2.61,2.58,2.61,90962
492,40,2020-08-04 13:00:00,2.61,2.63,2.59,2.615,143218
493,39,2020-08-04 13:30:00,2.6115,2.63,2.6,2.62,46058
494,38,2020-08-04 14:00:00,2.615,2.62,2.6,2.6,84416
495,37,2020-08-04 14:30:00,2.61,2.62,2.59,2.615,82937
496,36,2020-08-04 15:00:00,2.615,2.63,2.61,2.6199,71650
497,35,2020-08-04 15:30:00,2.61,2.62,2.61,2.61,28477
498,34,2020-08-04 16:00:00,2.615,2.65,2.61,2.64,175890
499,33,2020-08-04 16:30:00,2.64,2.64,2.62,2.63,11677
500,32,2020-08-04 17:00:00,2.63,2.63,2.62,2.63,2852
501,31,2020-08-04 17:30:00,2.63,2.63,2.62,2.62,8112
502,30,2020-08-04 18:00:00,2.61,2.61,2.61,2.61,150
503,29,2020-08-04 18:30:00,2.62,2.63,2.62,2.63,2424
504,28,2020-08-04 19:30:00,2.62,2.62,2.62,2.62,187
505,27,2020-08-04 20:00:00,2.64,2.69,2.64,2.68,6100
506,26,2020-08-05 07:00:00,2.69,2.74,2.69,2.71,1920
507,25,2020-08-05 07:30:00,2.69,2.69,2.69,2.69,300
508,24,2020-08-05 08:00:00,2.66,2.74,2.64,2.7,4005
509,23,2020-08-05 08:30:00,2.6401,2.7,2.64,2.7,9773
510,22,2020-08-05 09:00:00,2.7,2.7,2.68,2.69,6670
511,21,2020-08-05 09:30:00,2.7,2.7,2.64,2.64,28727
512,20,2020-08-05 10:00:00,2.65,2.65,2.585,2.61,314405
513,19,2020-08-05 10:30:00,2.6,2.67,2.6,2.645,284021
514,18,2020-08-05 11:00:00,2.64,2.655,2.62,2.6499,91747
515,17,2020-08-05 11:30:00,2.64,2.6489,2.62,2.6235,173987
516,16,2020-08-05 12:00:00,2.625,2.63,2.61,2.61,93816
517,15,2020-08-05 12:30:00,2.615,2.63,2.57,2.575,202095
518,14,2020-08-05 13:00:00,2.575,2.58,2.57,2.57,79500
519,13,2020-08-05 13:30:00,2.5751,2.5751,2.54,2.56,228789
520,12,2020-08-05 14:00:00,2.56,2.56,2.52,2.53,167697
521,11,2020-08-05 14:30:00,2.53,2.57,2.53,2.55,155285
522,10,2020-08-05 15:00:00,2.545,2.55,2.53,2.545,65159
523,9,2020-08-05 15:30:00,2.545,2.57,2.54,2.57,97798
524,8,2020-08-05 16:00:00,2.5651,2.609,2.56,2.59,306984
525,7,2020-08-05 16:30:00,2.59,2.5902,2.5899,2.5899,12138
526,6,2020-08-05 17:00:00,2.59,2.59,2.58,2.58,1877
527,5,2020-08-05 17:30:00,2.58,2.59,2.57,2.59,3900
528,4,2020-08-05 18:00:00,2.58,2.58,2.58,2.58,6495
529,3,2020-08-05 18:30:00,2.59,2.6,2.58,2.58,400
530,2,2020-08-05 19:00:00,2.6,2.64,2.58,2.58,3522
531,1,2020-08-05 19:30:00,2.6399,2.6399,2.62,2.62,1150
532,0,2020-08-05 20:00:00,2.62,2.62,2.62,2.62,1300
533,486,2020-08-06 05:30:00,2.62,2.67,2.62,2.67,3001
534,485,2020-08-06 08:00:00,2.6,2.6,2.55,2.58,2210
535,484,2020-08-06 08:30:00,2.5501,2.67,2.55,2.5999,13412
536,483,2020-08-06 09:00:00,2.6,2.6,2.55,2.6,9082
537,482,2020-08-06 09:30:00,2.59,2.64,2.57,2.59,73068
538,481,2020-08-06 10:00:00,2.59,2.63,2.58,2.59,323633
539,480,2020-08-06 10:30:00,2.59,2.62,2.56,2.61,191049
540,479,2020-08-06 11:00:00,2.61,2.615,2.585,2.6,139329
541,478,2020-08-06 11:30:00,2.595,2.69,2.595,2.6601,360861
542,477,2020-08-06 12:00:00,2.665,2.67,2.64,2.66,137970
543,476,2020-08-06 12:30:00,2.655,2.659,2.63,2.65,106699
544,475,2020-08-06 13:00:00,2.645,2.65,2.62,2.6267,54639
545,474,2020-08-06 13:30:00,2.63,2.65,2.62,2.645,61935
546,473,2020-08-06 14:00:00,2.645,2.65,2.61,2.62,86777
547,472,2020-08-06 14:30:00,2.62,2.63,2.61,2.63,33600
548,471,2020-08-06 15:00:00,2.625,2.63,2.59,2.595,80827
549,470,2020-08-06 15:30:00,2.5917,2.61,2.59,2.596,85408
550,469,2020-08-06 16:00:00,2.59,2.61,2.58,2.5869999999999997,149610
551,468,2020-08-06 16:30:00,2.58,2.59,2.58,2.58,6683
552,467,2020-08-06 17:00:00,2.59,2.59,2.58,2.59,1949
553,466,2020-08-06 17:30:00,2.58,2.59,2.58,2.59,2900
554,465,2020-08-06 18:30:00,2.61,2.61,2.6,2.6,4903
555,464,2020-08-06 19:00:00,2.6,2.6,2.6,2.6,530
556,463,2020-08-06 20:00:00,2.6,2.6,2.5999,2.5999,4102
557,462,2020-08-07 05:30:00,2.61,2.61,2.61,2.61,110
558,461,2020-08-07 07:00:00,2.6,2.6,2.59,2.59,597
559,460,2020-08-07 08:30:00,2.61,2.61,2.58,2.58,5177
560,459,2020-08-07 09:00:00,2.58,2.58,2.58,2.58,752
561,458,2020-08-07 09:30:00,2.59,2.61,2.59,2.61,10326
562,457,2020-08-07 10:00:00,2.59,2.6,2.545,2.55,173314
563,456,2020-08-07 10:30:00,2.545,2.5677,2.54,2.56,49174
564,455,2020-08-07 11:00:00,2.5601,2.5699,2.55,2.555,76074
565,454,2020-08-07 11:30:00,2.553,2.57,2.55,2.565,73168
566,453,2020-08-07 12:00:00,2.56,2.58,2.55,2.58,83397
567,452,2020-08-07 12:30:00,2.575,2.59,2.565,2.59,65831
568,451,2020-08-07 13:00:00,2.59,2.65,2.58,2.645,150744
569,450,2020-08-07 13:30:00,2.645,2.77,2.64,2.765,572073
570,449,2020-08-07 14:00:00,2.765,2.82,2.73,2.755,350783
571,448,2020-08-07 14:30:00,2.76,2.8,2.73,2.795,175688
572,447,2020-08-07 15:00:00,2.795,2.84,2.76,2.78,327163
573,446,2020-08-07 15:30:00,2.78,2.79,2.75,2.785,188836
574,445,2020-08-07 16:00:00,2.785,2.83,2.7736,2.815,392782
575,444,2020-08-07 16:30:00,2.81,2.86,2.8,2.85,6131
576,443,2020-08-07 17:00:00,2.85,2.85,2.72,2.78,22336
577,442,2020-08-07 17:30:00,2.74,2.8,2.74,2.75,6397
578,441,2020-08-07 18:00:00,2.8,2.81,2.8,2.81,6778
579,440,2020-08-07 18:30:00,2.8,2.8,2.8,2.8,600
580,439,2020-08-07 19:00:00,2.81,2.81,2.81,2.81,2340
581,438,2020-08-07 19:30:00,2.81,2.83,2.81,2.83,4272
582,437,2020-08-07 20:00:00,2.83,2.85,2.83,2.85,11250
583,436,2020-08-10 04:30:00,2.8,2.8,2.8,2.8,900
584,435,2020-08-10 05:30:00,2.82,2.82,2.82,2.82,111
585,434,2020-08-10 06:30:00,2.93,2.93,2.93,2.93,150
586,433,2020-08-10 07:00:00,2.82,2.82,2.79,2.79,2499
587,432,2020-08-10 07:30:00,2.87,2.87,2.85,2.85,2100
588,431,2020-08-10 08:00:00,2.85,2.85,2.79,2.8,13456
589,430,2020-08-10 08:30:00,2.87,2.9497,2.73,2.76,61190
590,429,2020-08-10 09:00:00,2.76,2.83,2.75,2.83,45972
591,428,2020-08-10 09:30:00,2.83,2.85,2.8,2.85,39553
592,427,2020-08-10 10:00:00,2.85,3.235,2.85,3.14,1424327
593,426,2020-08-10 10:30:00,3.16,3.21,3.05,3.21,651806
594,425,2020-08-10 11:00:00,3.2074,3.22,3.12,3.145,475422
595,424,2020-08-10 11:30:00,3.15,3.15,3.06,3.0693,347845
596,423,2020-08-10 12:00:00,3.065,3.08,3.03,3.075,213364
597,422,2020-08-10 12:30:00,3.08,3.11,3.04,3.0841,303854
598,421,2020-08-10 13:00:00,3.09,3.09,3.07,3.08,87964
599,420,2020-08-10 13:30:00,3.09,3.135,3.07,3.12,204579
600,419,2020-08-10 14:00:00,3.12,3.14,3.01,3.03,341007
601,418,2020-08-10 14:30:00,3.03,3.0899,3.02,3.035,348891
602,417,2020-08-10 15:00:00,3.0301,3.06,2.95,2.985,291043
603,416,2020-08-10 15:30:00,2.985,3.01,2.97,3.0,140949
604,415,2020-08-10 16:00:00,2.9931,3.0,2.96,2.98,253641
605,414,2020-08-10 16:30:00,2.97,3.04,2.95,2.98,79211
606,413,2020-08-10 17:00:00,2.98,3.0,2.97,2.98,4217
607,412,2020-08-10 17:30:00,2.98,2.98,2.95,2.95,4376
608,411,2020-08-10 18:00:00,2.96,2.98,2.96,2.98,1587
609,410,2020-08-10 18:30:00,2.97,2.9999,2.97,2.9999,533
610,409,2020-08-10 19:00:00,2.97,2.97,2.95,2.95,1661
611,408,2020-08-10 19:30:00,2.97,3.0,2.97,3.0,556
612,407,2020-08-10 20:00:00,3.0,3.03,2.9999,3.03,2900
613,406,2020-08-11 05:00:00,3.03,3.04,3.03,3.04,589
614,405,2020-08-11 07:30:00,3.13,3.13,3.1,3.13,5918
615,404,2020-08-11 08:00:00,3.16,3.2,3.16,3.2,6019
616,403,2020-08-11 08:30:00,3.1245,3.4,3.0701,3.4,50709
617,402,2020-08-11 09:00:00,3.38,3.4,3.22,3.33,55635
618,401,2020-08-11 09:30:00,3.32,3.41,3.27,3.27,134982
619,400,2020-08-11 10:00:00,3.25,3.45,3.2058,3.335,1532729
620,399,2020-08-11 10:30:00,3.335,3.35,3.18,3.245,608270
621,398,2020-08-11 11:00:00,3.25,3.2745,3.18,3.195,244529
622,397,2020-08-11 11:30:00,3.19,3.28,3.15,3.275,343404
623,396,2020-08-11 12:00:00,3.27,3.3,3.27,3.28,166153
624,395,2020-08-11 12:30:00,3.285,3.29,3.17,3.1777,188073
625,394,2020-08-11 13:00:00,3.18,3.185,3.155,3.185,145376
626,393,2020-08-11 13:30:00,3.18,3.19,3.17,3.19,79652
627,392,2020-08-11 14:00:00,3.19,3.23,3.18,3.225,140741
628,391,2020-08-11 14:30:00,3.22,3.2699,3.2113,3.255,187321
629,390,2020-08-11 15:00:00,3.25,3.3,3.25,3.285,283163
630,389,2020-08-11 15:30:00,3.285,3.29,3.15,3.1773,389489
631,388,2020-08-11 16:00:00,3.175,3.2,3.13,3.14,336199
632,387,2020-08-11 16:30:00,3.16,3.18,3.15,3.18,6461
633,386,2020-08-11 17:00:00,3.18,3.2,3.18,3.18,6042
634,385,2020-08-11 17:30:00,3.15,3.1502,3.15,3.15,836
635,384,2020-08-11 18:00:00,3.15,3.19,3.15,3.19,1724
636,383,2020-08-11 18:30:00,3.18,3.18,3.18,3.18,1659
637,382,2020-08-11 19:00:00,3.16,3.16,3.15,3.15,1000
638,381,2020-08-11 19:30:00,3.15,3.15,3.15,3.15,1701
639,380,2020-08-11 20:00:00,3.15,3.15,3.14,3.14,3581
640,379,2020-08-12 07:30:00,3.18,3.33,3.18,3.33,3014
641,378,2020-08-12 08:00:00,3.33,3.33,3.27,3.27,1394
642,377,2020-08-12 08:30:00,3.34,3.34,3.21,3.28,19440
643,376,2020-08-12 09:00:00,3.26,3.28,3.25,3.27,7041
644,375,2020-08-12 09:30:00,3.27,3.27,3.2002,3.2302,21000
645,374,2020-08-12 10:00:00,3.24,3.26,3.02,3.095,454680
646,373,2020-08-12 10:30:00,3.1099,3.11,3.01,3.03,224722
647,372,2020-08-12 11:00:00,3.025,3.0484,3.015,3.025,194640
648,371,2020-08-12 11:30:00,3.02,3.045,3.015,3.045,99676
649,370,2020-08-12 12:00:00,3.05,3.07,3.01,3.0148,118914
650,369,2020-08-12 12:30:00,3.015,3.035,2.96,2.9610000000000003,139737
651,368,2020-08-12 13:00:00,2.965,2.99,2.95,2.97,109359
652,367,2020-08-12 13:30:00,2.97,2.97,2.9,2.91,170156
653,366,2020-08-12 14:00:00,2.9099,2.92,2.9,2.91,90906
654,365,2020-08-12 14:30:00,2.92,2.97,2.91,2.97,102390
655,364,2020-08-12 15:00:00,2.97,3.02,2.96,3.01,181862
656,363,2020-08-12 15:30:00,3.0059,3.03,3.0,3.02,84191
657,362,2020-08-12 16:00:00,3.02,3.07,3.0,3.07,260521
658,361,2020-08-12 16:30:00,3.0,3.02,2.99,3.02,8296
659,360,2020-08-12 17:30:00,3.03,3.03,3.03,3.03,1000
660,359,2020-08-12 18:00:00,3.03,3.03,3.03,3.03,442
661,358,2020-08-12 18:30:00,3.02,3.02,3.02,3.02,100
662,357,2020-08-12 19:30:00,3.02,3.09,2.92,3.09,1346
663,356,2020-08-12 20:00:00,3.09,3.09,3.09,3.09,320
664,355,2020-08-13 08:30:00,3.05,3.05,3.03,3.04,2749
665,354,2020-08-13 09:30:00,3.0301,3.07,3.0,3.05,6624
666,353,2020-08-13 10:00:00,3.02,3.12,2.91,3.0622,386170
667,352,2020-08-13 10:30:00,3.07,3.15,3.06,3.07,258755
668,351,2020-08-13 11:00:00,3.06,3.07,3.0364,3.06,142568
669,350,2020-08-13 11:30:00,3.05,3.0511,3.0,3.01,50326
670,349,2020-08-13 12:00:00,3.015,3.03,3.005,3.01,50547
671,348,2020-08-13 12:30:00,3.011,3.02,2.99,2.99,81311
672,347,2020-08-13 13:00:00,2.9887,3.02,2.985,3.0001,51867
673,346,2020-08-13 13:30:00,3.005,3.02,3.0,3.005,52042
674,345,2020-08-13 14:00:00,3.005,3.01,2.98,2.995,85754
675,344,2020-08-13 14:30:00,2.9901,3.01,2.9901,3.005,74181
676,343,2020-08-13 15:00:00,3.005,3.02,3.0,3.0067,61303
677,342,2020-08-13 15:30:00,3.005,3.02,3.0,3.02,40115
678,341,2020-08-13 16:00:00,3.01,3.015,2.99,3.0,108770
679,340,2020-08-13 16:30:00,2.99,2.99,2.99,2.99,1974
680,339,2020-08-13 17:00:00,2.98,3.05,2.98,3.05,9345
681,338,2020-08-13 17:30:00,3.04,3.04,3.04,3.04,300
682,337,2020-08-13 18:00:00,3.05,3.05,3.05,3.05,1117
683,336,2020-08-13 19:00:00,3.05,3.05,3.05,3.05,500
684,335,2020-08-14 08:00:00,2.92,2.92,2.92,2.92,950
685,334,2020-08-14 08:30:00,2.9301,2.9301,2.93,2.93,956
686,333,2020-08-14 09:00:00,2.95,2.9799,2.94,2.9799,5469
687,332,2020-08-14 09:30:00,2.97,2.98,2.94,2.95,12971
688,331,2020-08-14 10:00:00,2.93,2.98,2.92,2.97,171830
689,330,2020-08-14 10:30:00,2.97,3.075,2.96,3.045,137482
690,329,2020-08-14 11:00:00,3.0457,3.05,3.015,3.04,161551
691,328,2020-08-14 11:30:00,3.035,3.08,3.03,3.08,92178
692,327,2020-08-14 12:00:00,3.07,3.08,3.054,3.0701,65895
693,326,2020-08-14 12:30:00,3.08,3.08,3.07,3.0755,31269
694,325,2020-08-14 13:00:00,3.075,3.1,3.07,3.095,73713
695,324,2020-08-14 13:30:00,3.0911,3.12,3.09,3.11,80234
696,323,2020-08-14 14:00:00,3.115,3.18,3.11,3.17,219014
697,322,2020-08-14 14:30:00,3.17,3.17,3.1415,3.15,76106
698,321,2020-08-14 15:00:00,3.145,3.15,3.09,3.105,178297
699,320,2020-08-14 15:30:00,3.105,3.11,3.08,3.0801,48672
700,319,2020-08-14 16:00:00,3.08,3.145,3.08,3.14,186790
701,318,2020-08-14 16:30:00,3.13,3.13,3.08,3.08,6523
702,317,2020-08-14 17:00:00,3.09,3.1,3.09,3.1,1400
703,316,2020-08-14 17:30:00,3.1,3.1,3.08,3.08,4707
704,315,2020-08-14 18:00:00,3.08,3.1,3.08,3.1,4479
705,314,2020-08-14 20:00:00,3.15,3.15,3.15,3.15,700
706,313,2020-08-17 08:30:00,3.1765,3.1765,3.14,3.1499,1828
707,312,2020-08-17 09:00:00,3.15,3.18,3.15,3.18,764
708,311,2020-08-17 09:30:00,3.18,3.18,3.14,3.14,2840
709,310,2020-08-17 10:00:00,3.11,3.125,3.01,3.025,327638
710,309,2020-08-17 10:30:00,3.02,3.06,3.0,3.04,186581
711,308,2020-08-17 11:00:00,3.0345,3.05,3.02,3.03,72682
712,307,2020-08-17 11:30:00,3.035,3.04,3.01,3.017,70283
713,306,2020-08-17 12:00:00,3.02,3.02,3.01,3.01,30436
714,305,2020-08-17 12:30:00,3.0101,3.029,3.0,3.02,59025
715,304,2020-08-17 13:00:00,3.025,3.05,3.01,3.0399,131945
716,303,2020-08-17 13:30:00,3.0389999999999997,3.04,3.02,3.035,24394
717,302,2020-08-17 14:00:00,3.035,3.0399,3.02,3.0239,38903
718,301,2020-08-17 14:30:00,3.02,3.03,3.02,3.03,40130
719,300,2020-08-17 15:00:00,3.04,3.04,3.03,3.04,21898
720,299,2020-08-17 15:30:00,3.035,3.04,3.02,3.025,35926
721,298,2020-08-17 16:00:00,3.025,3.04,3.025,3.03,81925
722,297,2020-08-17 16:30:00,3.03,3.03,3.02,3.03,1821
723,296,2020-08-17 17:00:00,3.03,3.03,3.03,3.03,650
724,295,2020-08-17 17:30:00,3.03,3.03,3.0298,3.0298,600
725,294,2020-08-17 18:00:00,3.04,3.04,3.04,3.04,584
726,293,2020-08-17 18:30:00,3.03,3.03,3.03,3.03,300
727,292,2020-08-17 19:00:00,3.02,3.02,3.02,3.02,700
728,291,2020-08-18 07:30:00,3.0,3.0,2.98,2.98,535
729,290,2020-08-18 08:30:00,3.03,3.03,2.98,3.0,849
730,289,2020-08-18 09:00:00,3.0,3.01,3.0,3.01,2697
731,288,2020-08-18 09:30:00,3.04,3.04,3.0,3.0358,13530
732,287,2020-08-18 10:00:00,3.0,3.0299,2.98,2.9939999999999998,208726
733,286,2020-08-18 10:30:00,2.99,3.0,2.93,2.945,151456
734,285,2020-08-18 11:00:00,2.9476,2.98,2.93,2.9718,92541
735,284,2020-08-18 11:30:00,2.97,2.98,2.9531,2.975,39312
736,283,2020-08-18 12:00:00,2.975,2.98,2.96,2.98,33093
737,282,2020-08-18 12:30:00,2.97,2.98,2.9633,2.9633,34100
738,281,2020-08-18 13:00:00,2.965,2.98,2.96,2.975,44843
739,280,2020-08-18 13:30:00,2.975,2.975,2.95,2.9501,41031
740,279,2020-08-18 14:00:00,2.955,2.96,2.95,2.96,18536
741,278,2020-08-18 14:30:00,2.9591,2.96,2.94,2.955,110012
742,277,2020-08-18 15:00:00,2.955,2.955,2.94,2.945,59262
743,276,2020-08-18 15:30:00,2.945,2.95,2.94,2.945,38831
744,275,2020-08-18 16:00:00,2.945,2.95,2.91,2.925,149572
745,274,2020-08-18 16:30:00,2.92,2.96,2.92,2.95,4015
746,273,2020-08-18 17:00:00,2.95,2.95,2.95,2.95,200
747,272,2020-08-18 17:30:00,2.94,2.95,2.94,2.95,1200
748,271,2020-08-18 18:00:00,2.92,2.93,2.91,2.93,1719
749,270,2020-08-18 19:00:00,2.92,2.92,2.92,2.92,306
750,269,2020-08-18 19:30:00,3.0,3.0,3.0,3.0,343
751,268,2020-08-18 20:00:00,3.0,3.0,3.0,3.0,157
752,267,2020-08-19 08:30:00,2.92,2.92,2.92,2.92,120
753,266,2020-08-19 09:30:00,2.94,2.94,2.93,2.93,667
754,265,2020-08-19 10:00:00,2.92,2.9696,2.855,2.9201,249746
755,264,2020-08-19 10:30:00,2.9212,2.93,2.8824,2.906,93122
756,263,2020-08-19 11:00:00,2.905,2.909,2.89,2.895,35670
757,262,2020-08-19 11:30:00,2.895,2.9,2.87,2.89,76504
758,261,2020-08-19 12:00:00,2.885,2.92,2.885,2.915,57863
759,260,2020-08-19 12:30:00,2.915,2.915,2.89,2.905,42042
760,259,2020-08-19 13:00:00,2.91,2.93,2.9098,2.91,23423
761,258,2020-08-19 13:30:00,2.9101,2.92,2.9,2.91,28108
762,257,2020-08-19 14:00:00,2.905,2.91,2.9,2.905,28970
763,256,2020-08-19 14:30:00,2.905,2.91,2.89,2.9,34260
764,255,2020-08-19 15:00:00,2.9015,2.91,2.9,2.9,10335
765,254,2020-08-19 15:30:00,2.905,2.91,2.89,2.895,41206
766,253,2020-08-19 16:00:00,2.895,2.895,2.865,2.875,106133
767,252,2020-08-19 16:30:00,2.88,2.8802,2.88,2.8802,1558
768,251,2020-08-19 17:00:00,2.88,2.8801,2.88,2.8801,2800
769,250,2020-08-19 17:30:00,2.88,2.88,2.88,2.88,1026
770,249,2020-08-19 19:30:00,2.88,2.88,2.86,2.86,500
771,248,2020-08-19 20:00:00,2.95,2.95,2.95,2.95,100
772,247,2020-08-20 09:00:00,2.88,2.88,2.86,2.88,6621
773,246,2020-08-20 09:30:00,2.88,2.88,2.87,2.87,6573
774,245,2020-08-20 10:00:00,2.84,2.8559,2.8,2.81,179618
775,244,2020-08-20 10:30:00,2.805,2.875,2.8,2.855,83092
776,243,2020-08-20 11:00:00,2.855,2.86,2.825,2.83,61514
777,242,2020-08-20 11:30:00,2.83,2.85,2.825,2.845,28210
778,241,2020-08-20 12:00:00,2.845,2.845,2.825,2.825,48143
779,240,2020-08-20 12:30:00,2.825,2.825,2.79,2.81,96168
780,239,2020-08-20 13:00:00,2.815,2.82,2.8,2.82,26011
781,238,2020-08-20 13:30:00,2.815,2.83,2.81,2.815,32498
782,237,2020-08-20 14:00:00,2.815,2.83,2.815,2.82,23348
783,236,2020-08-20 14:30:00,2.8211,2.825,2.81,2.82,49090
784,235,2020-08-20 15:00:00,2.815,2.82,2.8,2.81,31696
785,234,2020-08-20 15:30:00,2.815,2.82,2.81,2.815,25264
786,233,2020-08-20 16:00:00,2.81,2.815,2.8,2.805,77584
787,232,2020-08-20 16:30:00,2.81,2.81,2.8,2.8,1537
788,231,2020-08-20 17:00:00,2.8,2.8,2.8,2.8,2375
789,230,2020-08-20 17:30:00,2.81,2.81,2.81,2.81,378
790,229,2020-08-20 18:30:00,2.85,2.85,2.85,2.85,1500
791,228,2020-08-21 08:30:00,2.83,2.83,2.8,2.8,5485
792,227,2020-08-21 09:00:00,2.8,2.81,2.78,2.79,2180
793,226,2020-08-21 09:30:00,2.7701,2.79,2.75,2.75,12846
794,225,2020-08-21 10:00:00,2.7,2.77,2.7,2.715,302142
795,224,2020-08-21 10:30:00,2.72,2.74,2.7,2.705,69695
796,223,2020-08-21 11:00:00,2.705,2.75,2.7,2.74,348481
797,222,2020-08-21 11:30:00,2.7462,2.76,2.72,2.76,70840
798,221,2020-08-21 12:00:00,2.76,2.8189,2.76,2.815,85920
799,220,2020-08-21 12:30:00,2.815,2.85,2.79,2.825,135678
800,219,2020-08-21 13:00:00,2.825,2.84,2.825,2.835,75248
801,218,2020-08-21 13:30:00,2.835,2.885,2.835,2.885,83761
802,217,2020-08-21 14:00:00,2.89,2.9156,2.8601,2.885,85841
803,216,2020-08-21 14:30:00,2.89,2.935,2.885,2.93,116740
804,215,2020-08-21 15:00:00,2.93,2.9499,2.86,2.875,166424
805,214,2020-08-21 15:30:00,2.875,2.88,2.865,2.865,68618
806,213,2020-08-21 16:00:00,2.86,2.865,2.805,2.81,187920
807,212,2020-08-21 16:30:00,2.81,2.81,2.81,2.81,100
808,211,2020-08-21 17:00:00,2.82,2.82,2.81,2.81,871
809,210,2020-08-21 17:30:00,2.83,2.83,2.83,2.83,250
810,209,2020-08-21 18:00:00,2.81,2.81,2.81,2.81,500
811,208,2020-08-24 06:00:00,2.81,2.81,2.81,2.81,550
812,207,2020-08-24 07:30:00,2.82,2.82,2.81,2.81,950
813,206,2020-08-24 08:30:00,2.87,2.9,2.8,2.86,9713
814,205,2020-08-24 09:00:00,2.8899,2.89,2.8899,2.89,1476
815,204,2020-08-24 09:30:00,2.89,2.8994,2.81,2.81,2880
816,203,2020-08-24 10:00:00,2.78,2.83,2.7498,2.785,218557
817,202,2020-08-24 10:30:00,2.7868,2.835,2.785,2.83,141495
818,201,2020-08-24 11:00:00,2.83,2.9153,2.83,2.8995,153464
819,200,2020-08-24 11:30:00,2.8801,2.89,2.86,2.89,65532
820,199,2020-08-24 12:00:00,2.8999,2.97,2.895,2.93,167600
821,198,2020-08-24 12:30:00,2.93,2.98,2.92,2.975,85274
822,197,2020-08-24 13:00:00,2.975,3.05,2.9701,3.02,252979
823,196,2020-08-24 13:30:00,3.0195,3.0195,2.96,2.96,71249
824,195,2020-08-24 14:00:00,2.965,2.97,2.9219999999999997,2.935,69136
825,194,2020-08-24 14:30:00,2.935,2.935,2.895,2.895,53798
826,193,2020-08-24 15:00:00,2.895,2.93,2.89,2.9299,77271
827,192,2020-08-24 15:30:00,2.92,2.93,2.895,2.925,39702
828,191,2020-08-24 16:00:00,2.925,2.96,2.92,2.96,50474
829,190,2020-08-24 16:30:00,2.94,2.94,2.91,2.91,2200
830,189,2020-08-24 17:00:00,2.91,2.91,2.91,2.91,1178
831,188,2020-08-24 17:30:00,2.91,2.91,2.9,2.91,5510
832,187,2020-08-24 18:00:00,2.91,2.91,2.91,2.91,2800
833,186,2020-08-24 19:00:00,2.94,2.94,2.94,2.94,100
834,185,2020-08-25 07:30:00,2.96,2.96,2.96,2.96,4000
835,184,2020-08-25 08:30:00,2.9602,3.0,2.95,2.95,3870
836,183,2020-08-25 09:00:00,2.9999,3.0,2.9999,3.0,1125
837,182,2020-08-25 09:30:00,2.9872,2.99,2.96,2.99,6693
838,181,2020-08-25 10:00:00,2.98,2.9963,2.8601,2.905,282149
839,180,2020-08-25 10:30:00,2.9,2.91,2.885,2.9,85514
840,179,2020-08-25 11:00:00,2.895,2.9,2.88,2.885,92456
841,178,2020-08-25 11:30:00,2.885,2.885,2.84,2.85,103862
842,177,2020-08-25 12:00:00,2.855,2.855,2.82,2.83,97656
843,176,2020-08-25 12:30:00,2.82,2.86,2.82,2.86,77547
844,175,2020-08-25 13:00:00,2.86,2.865,2.85,2.865,41503
845,174,2020-08-25 13:30:00,2.8699,2.875,2.85,2.865,38573
846,173,2020-08-25 14:00:00,2.86,2.865,2.85,2.85,20266
847,172,2020-08-25 14:30:00,2.85,2.86,2.84,2.84,38800
848,171,2020-08-25 15:00:00,2.84,2.875,2.84,2.875,75492
849,170,2020-08-25 15:30:00,2.88,2.9254,2.88,2.905,57396
850,169,2020-08-25 16:00:00,2.905,2.92,2.89,2.92,122028
851,168,2020-08-25 16:30:00,2.92,2.92,2.9099,2.91,1614
852,167,2020-08-25 17:00:00,2.9,2.9,2.9,2.9,100
853,166,2020-08-25 17:30:00,2.85,2.86,2.85,2.85,2500
854,165,2020-08-25 18:00:00,2.86,2.89,2.85,2.89,4002
855,164,2020-08-25 19:30:00,2.89,2.89,2.89,2.89,2706
856,163,2020-08-25 20:00:00,2.89,2.92,2.89,2.92,1470
857,162,2020-08-26 07:30:00,2.92,2.92,2.92,2.92,385
858,161,2020-08-26 08:30:00,2.85,2.86,2.85,2.86,630
859,160,2020-08-26 09:00:00,2.85,2.92,2.85,2.92,1250
860,159,2020-08-26 09:30:00,2.9,2.9,2.85,2.87,18577
861,158,2020-08-26 10:00:00,2.88,2.89,2.8479,2.85,97914
862,157,2020-08-26 10:30:00,2.84,2.865,2.8104,2.83,158094
863,156,2020-08-26 11:00:00,2.84,2.85,2.81,2.825,69215
864,155,2020-08-26 11:30:00,2.815,2.84,2.805,2.825,93365
865,154,2020-08-26 12:00:00,2.825,2.85,2.79,2.825,158956
866,153,2020-08-26 12:30:00,2.825,2.825,2.81,2.82,29272
867,152,2020-08-26 13:00:00,2.81,2.82,2.8046,2.815,37757
868,151,2020-08-26 13:30:00,2.8117,2.82,2.8,2.805,19799
869,150,2020-08-26 14:00:00,2.805,2.81,2.79,2.795,59240
870,149,2020-08-26 14:30:00,2.795,2.795,2.77,2.785,89087
871,148,2020-08-26 15:00:00,2.7888,2.79,2.775,2.785,64333
872,147,2020-08-26 15:30:00,2.7861,2.8,2.7835,2.795,54927
873,146,2020-08-26 16:00:00,2.795,2.81,2.79,2.81,95163
874,145,2020-08-26 16:30:00,2.8,2.81,2.8,2.8,1615
875,144,2020-08-26 17:00:00,2.83,2.83,2.83,2.83,1000
876,143,2020-08-26 17:30:00,2.8,2.81,2.7902,2.81,4301
877,142,2020-08-26 18:00:00,2.83,2.83,2.79,2.8,2650
878,141,2020-08-27 07:30:00,2.81,2.81,2.81,2.81,102
879,140,2020-08-27 08:30:00,2.8,2.8,2.8,2.8,2700
880,139,2020-08-27 09:00:00,2.78,2.78,2.78,2.78,250
881,138,2020-08-27 09:30:00,2.79,2.8,2.78,2.8,6660
882,137,2020-08-27 10:00:00,2.79,2.89,2.77,2.8694,161025
883,136,2020-08-27 10:30:00,2.8667,2.89,2.82,2.85,139957
884,135,2020-08-27 11:00:00,2.85,2.8581,2.82,2.83,56086
885,134,2020-08-27 11:30:00,2.8339999999999996,2.835,2.8001,2.8199,55138
886,133,2020-08-27 12:00:00,2.8199,2.855,2.815,2.84,65350
887,132,2020-08-27 12:30:00,2.835,2.84,2.823,2.825,53908
888,131,2020-08-27 13:00:00,2.825,2.83,2.81,2.82,51852
889,130,2020-08-27 13:30:00,2.82,2.84,2.815,2.84,49928
890,129,2020-08-27 14:00:00,2.8302,2.845,2.83,2.835,19667
891,128,2020-08-27 14:30:00,2.84,2.84,2.83,2.835,10193
892,127,2020-08-27 15:00:00,2.835,2.84,2.83,2.8324,15057
893,126,2020-08-27 15:30:00,2.84,2.845,2.8311,2.845,32972
894,125,2020-08-27 16:00:00,2.845,2.87,2.8447,2.865,85321
895,124,2020-08-27 16:30:00,2.86,2.86,2.86,2.86,1000
896,123,2020-08-27 18:00:00,2.85,2.85,2.8484,2.8484,1192
897,122,2020-08-28 09:30:00,2.87,2.87,2.8,2.8,8527
898,121,2020-08-28 10:00:00,2.83,2.88,2.81,2.85,61151
899,120,2020-08-28 10:30:00,2.85,2.87,2.835,2.845,47868
900,119,2020-08-28 11:00:00,2.8435,2.895,2.8435,2.88,74720
901,118,2020-08-28 11:30:00,2.885,2.9,2.87,2.875,61022
902,117,2020-08-28 12:00:00,2.875,2.88,2.8502,2.865,44153
903,116,2020-08-28 12:30:00,2.865,2.88,2.8601,2.865,32887
904,115,2020-08-28 13:00:00,2.865,2.87,2.86,2.86,14571
905,114,2020-08-28 13:30:00,2.87,2.87,2.86,2.86,17827
906,113,2020-08-28 14:00:00,2.8526,2.8553,2.84,2.8553,20775
907,112,2020-08-28 14:30:00,2.855,2.8783,2.85,2.875,41420
908,111,2020-08-28 15:00:00,2.87,2.8778,2.86,2.865,26019
909,110,2020-08-28 15:30:00,2.865,2.87,2.86,2.865,43743
910,109,2020-08-28 16:00:00,2.865,2.88,2.865,2.875,53643
911,108,2020-08-28 16:30:00,2.88,2.88,2.88,2.88,259
912,107,2020-08-28 17:00:00,2.86,2.86,2.86,2.86,1420
913,106,2020-08-28 18:30:00,2.87,2.87,2.86,2.86,619
914,105,2020-08-28 19:30:00,2.87,2.87,2.87,2.87,1000
915,104,2020-08-31 07:30:00,2.87,2.87,2.87,2.87,406
916,103,2020-08-31 08:30:00,2.8788,2.88,2.8776,2.88,3608
917,102,2020-08-31 09:00:00,2.87,2.88,2.81,2.88,2950
918,101,2020-08-31 09:30:00,2.87,2.87,2.87,2.87,100
919,100,2020-08-31 10:00:00,2.82,2.85,2.79,2.805,143491
920,99,2020-08-31 10:30:00,2.805,2.8078,2.78,2.7921,209090
921,98,2020-08-31 11:00:00,2.795,2.8,2.78,2.785,112628
922,97,2020-08-31 11:30:00,2.78,2.79,2.75,2.755,149266
923,96,2020-08-31 12:00:00,2.755,2.78,2.75,2.775,63596
924,95,2020-08-31 12:30:00,2.78,2.7899,2.76,2.765,144240
925,94,2020-08-31 13:00:00,2.765,2.77,2.76,2.765,30134
926,93,2020-08-31 13:30:00,2.7699,2.77,2.76,2.765,42552
927,92,2020-08-31 14:00:00,2.765,2.7799,2.76,2.7799,86814
928,91,2020-08-31 14:30:00,2.775,2.779,2.76,2.76,46030
929,90,2020-08-31 15:00:00,2.77,2.78,2.76,2.765,130466
930,89,2020-08-31 15:30:00,2.765,2.78,2.765,2.775,51714
931,88,2020-08-31 16:00:00,2.775,2.79,2.76,2.78,125060
932,87,2020-08-31 16:30:00,2.79,2.79,2.79,2.79,2490
933,86,2020-08-31 17:00:00,2.8,2.8,2.8,2.8,1020
934,85,2020-08-31 17:30:00,2.8002,2.8002,2.8,2.8,989
935,84,2020-08-31 18:00:00,2.8,2.8,2.79,2.79,2194
936,83,2020-08-31 19:00:00,2.78,2.78,2.78,2.78,500
937,82,2020-09-01 05:00:00,2.78,2.78,2.78,2.78,800
938,81,2020-09-01 08:30:00,2.76,2.761,2.76,2.76,7946
939,80,2020-09-01 09:00:00,2.76,2.78,2.75,2.78,7261
940,79,2020-09-01 09:30:00,2.78,2.78,2.75,2.75,7514
941,78,2020-09-01 10:00:00,2.75,2.805,2.75,2.79,172062
942,77,2020-09-01 10:30:00,2.795,2.795,2.76,2.76,84838
943,76,2020-09-01 11:00:00,2.76,2.765,2.74,2.745,107655
944,75,2020-09-01 11:30:00,2.7469,2.76,2.74,2.755,169968
945,74,2020-09-01 12:00:00,2.76,2.79,2.75,2.785,62163
946,73,2020-09-01 12:30:00,2.785,2.79,2.78,2.785,29374
947,72,2020-09-01 13:00:00,2.7873,2.83,2.782,2.825,124485
948,71,2020-09-01 13:30:00,2.82,2.84,2.81,2.815,72643
949,70,2020-09-01 14:00:00,2.8146,2.815,2.8,2.8001,30441
950,69,2020-09-01 14:30:00,2.805,2.815,2.8,2.81,25041
951,68,2020-09-01 15:00:00,2.81,2.815,2.8,2.805,58252
952,67,2020-09-01 15:30:00,2.8028,2.835,2.8028,2.82,77219
953,66,2020-09-01 16:00:00,2.82,2.83,2.81,2.83,140425
954,65,2020-09-01 16:30:00,2.81,2.81,2.81,2.81,1000
955,64,2020-09-01 17:00:00,2.8,2.81,2.8,2.81,660
956,63,2020-09-01 18:00:00,2.81,2.81,2.81,2.81,100
957,62,2020-09-01 20:00:00,2.8,2.8,2.8,2.8,448
958,61,2020-09-02 04:30:00,2.8,2.8,2.8,2.8,500
959,60,2020-09-02 08:00:00,2.82,2.82,2.82,2.82,895
960,59,2020-09-02 08:30:00,2.8,2.8,2.8,2.8,3533
961,58,2020-09-02 09:00:00,2.8,2.8,2.8,2.8,598
962,57,2020-09-02 09:30:00,2.8,2.8001,2.8,2.8,8236
963,56,2020-09-02 10:00:00,2.78,2.81,2.75,2.77,136504
964,55,2020-09-02 10:30:00,2.77,2.7999,2.7135,2.78,128678
965,54,2020-09-02 11:00:00,2.79,2.8,2.78,2.8,45158
966,53,2020-09-02 11:30:00,2.79,2.82,2.79,2.8001,70721
967,52,2020-09-02 12:00:00,2.805,2.81,2.78,2.805,47722
968,51,2020-09-02 12:30:00,2.8,2.8051,2.8,2.8,16787
969,50,2020-09-02 13:00:00,2.803,2.805,2.78,2.805,36344
970,49,2020-09-02 13:30:00,2.81,2.81,2.79,2.805,18375
971,48,2020-09-02 14:00:00,2.8,2.8065,2.785,2.785,10535
972,47,2020-09-02 14:30:00,2.78,2.785,2.77,2.78,15989
973,46,2020-09-02 15:00:00,2.7848,2.8,2.77,2.7975,46256
974,45,2020-09-02 15:30:00,2.795,2.8,2.78,2.8,44473
975,44,2020-09-02 16:00:00,2.8,2.83,2.79,2.82,204875
976,43,2020-09-02 16:30:00,2.77,2.77,2.77,2.77,506
977,42,2020-09-02 17:00:00,2.81,2.81,2.8001,2.8001,2297
978,41,2020-09-02 18:00:00,2.82,2.82,2.82,2.82,129
979,40,2020-09-03 09:00:00,2.81,2.82,2.81,2.82,905
980,39,2020-09-03 09:30:00,2.82,2.82,2.82,2.82,400
981,38,2020-09-03 10:00:00,2.76,2.89,2.76,2.8541,243845
982,37,2020-09-03 10:30:00,2.86,2.86,2.81,2.835,79831
983,36,2020-09-03 11:00:00,2.83,2.845,2.77,2.785,101491
984,35,2020-09-03 11:30:00,2.785,2.79,2.725,2.755,108147
985,34,2020-09-03 12:00:00,2.75,2.79,2.7466,2.7745,62023
986,33,2020-09-03 12:30:00,2.775,2.8085,2.765,2.79,67860
987,32,2020-09-03 13:00:00,2.79,2.805,2.775,2.775,34809
988,31,2020-09-03 13:30:00,2.77,2.79,2.75,2.763,24724
989,30,2020-09-03 14:00:00,2.76,2.775,2.75,2.76,31379
990,29,2020-09-03 14:30:00,2.765,2.765,2.75,2.755,13363
991,28,2020-09-03 15:00:00,2.755,2.77,2.75,2.755,13988
992,27,2020-09-03 15:30:00,2.755,2.76,2.73,2.74,45592
993,26,2020-09-03 16:00:00,2.745,2.835,2.73,2.82,295927
994,25,2020-09-03 16:30:00,2.78,2.78,2.78,2.78,1000
995,24,2020-09-03 17:30:00,2.74,2.7502,2.74,2.7502,285
996,23,2020-09-03 18:00:00,2.75,2.76,2.75,2.75,2325
997,22,2020-09-03 19:00:00,2.72,2.72,2.72,2.72,6290
998,21,2020-09-03 19:30:00,2.78,2.78,2.78,2.78,500
999,20,2020-09-03 20:00:00,2.78,2.78,2.78,2.78,100
1000,19,2020-09-04 07:30:00,2.82,2.82,2.82,2.82,300
1001,18,2020-09-04 09:00:00,2.76,2.76,2.75,2.76,300
1002,17,2020-09-04 09:30:00,2.75,2.8,2.75,2.76,2099
1003,16,2020-09-04 10:00:00,2.78,2.8,2.7102,2.7185,104961
1004,15,2020-09-04 10:30:00,2.7230000000000003,2.74,2.71,2.71,98538
1005,14,2020-09-04 11:00:00,2.715,2.7201,2.665,2.7155,264747
1006,13,2020-09-04 11:30:00,2.71,2.71,2.67,2.6725,72442
1007,12,2020-09-04 12:00:00,2.68,2.7310000000000003,2.6601,2.7289999999999996,97381
1008,11,2020-09-04 12:30:00,2.725,2.75,2.7,2.7465,53666
1009,10,2020-09-04 13:00:00,2.747,2.747,2.72,2.72,46101
1010,9,2020-09-04 13:30:00,2.725,2.73,2.72,2.7235,11652
1011,8,2020-09-04 14:00:00,2.72,2.73,2.72,2.725,20841
1012,7,2020-09-04 14:30:00,2.725,2.7299,2.71,2.725,64167
1013,6,2020-09-04 15:00:00,2.725,2.75,2.72,2.745,35804
1014,5,2020-09-04 15:30:00,2.745,2.7799,2.74,2.765,42777
1015,4,2020-09-04 16:00:00,2.765,2.77,2.73,2.75,165860
1016,3,2020-09-04 16:30:00,2.75,2.75,2.75,2.75,250
1017,2,2020-09-04 17:00:00,2.74,2.74,2.74,2.74,205
1018,1,2020-09-04 17:30:00,2.75,2.75,2.74,2.74,605
1019,0,2020-09-04 18:00:00,2.75,2.75,2.74,2.74,863
1020,354,2020-09-08 05:00:00,2.69,2.69,2.69,2.69,168
1021,353,2020-09-08 08:30:00,2.7999,2.8,2.7999,2.8,1206
1022,352,2020-09-08 09:00:00,2.75,2.75,2.7,2.7,1641
1023,351,2020-09-08 09:30:00,2.74,2.74,2.72,2.74,1461
1024,350,2020-09-08 10:00:00,2.72,2.74,2.7,2.73,114910
1025,349,2020-09-08 10:30:00,2.72,2.74,2.71,2.74,56013
1026,348,2020-09-08 11:00:00,2.73,2.7365,2.7,2.7,41219
1027,347,2020-09-08 11:30:00,2.7,2.74,2.695,2.73,89353
1028,346,2020-09-08 12:00:00,2.725,2.73,2.71,2.7273,44355
1029,345,2020-09-08 12:30:00,2.72,2.76,2.72,2.755,70082
1030,344,2020-09-08 13:00:00,2.755,2.76,2.735,2.735,15924
1031,343,2020-09-08 13:30:00,2.73,2.74,2.7202,2.74,29892
1032,342,2020-09-08 14:00:00,2.73,2.79,2.7201,2.765,117760
1033,341,2020-09-08 14:30:00,2.7603,2.78,2.73,2.735,58065
1034,340,2020-09-08 15:00:00,2.73,2.7367,2.695,2.7297,88552
1035,339,2020-09-08 15:30:00,2.73,2.73,2.695,2.71,62503
1036,338,2020-09-08 16:00:00,2.71,2.72,2.695,2.71,113817
1037,337,2020-09-08 16:30:00,2.72,2.73,2.72,2.72,1500
1038,336,2020-09-08 17:00:00,2.72,2.74,2.71,2.71,4785
1039,335,2020-09-08 17:30:00,2.7,2.71,2.7,2.71,680
1040,334,2020-09-08 18:30:00,2.68,2.68,2.68,2.68,100
1041,333,2020-09-08 19:00:00,2.67,2.67,2.66,2.66,1100
1042,332,2020-09-08 20:00:00,2.6601,2.6601,2.6601,2.6601,1000
1043,331,2020-09-09 04:30:00,2.7,2.7,2.7,2.7,1000
1044,330,2020-09-09 08:30:00,2.7099,2.71,2.7099,2.71,7895
1045,329,2020-09-09 09:00:00,2.71,2.71,2.71,2.71,110
1046,328,2020-09-09 09:30:00,2.71,2.71,2.7,2.71,400
1047,327,2020-09-09 10:00:00,2.68,2.74,2.68,2.7301,118664
1048,326,2020-09-09 10:30:00,2.7322,2.734,2.7,2.7035,107234
1049,325,2020-09-09 11:00:00,2.7078,2.73,2.7,2.715,45500
1050,324,2020-09-09 11:30:00,2.715,2.73,2.7,2.72,82248
1051,323,2020-09-09 12:00:00,2.715,2.72,2.7001,2.7199,19651
1052,322,2020-09-09 12:30:00,2.715,2.72,2.71,2.72,14278
1053,321,2020-09-09 13:00:00,2.72,2.72,2.68,2.6978,57223
1054,320,2020-09-09 13:30:00,2.7,2.71,2.68,2.68,28699
1055,319,2020-09-09 14:00:00,2.69,2.71,2.69,2.6947,76560
1056,318,2020-09-09 14:30:00,2.6999,2.72,2.69,2.705,65861
1057,317,2020-09-09 15:00:00,2.71,2.72,2.69,2.69,26830
1058,316,2020-09-09 15:30:00,2.695,2.7,2.69,2.695,17589
1059,315,2020-09-09 16:00:00,2.7,2.71,2.69,2.7,86846
1060,314,2020-09-09 16:30:00,2.68,2.69,2.68,2.69,1855
1061,313,2020-09-09 17:00:00,2.6899,2.6899,2.6899,2.6899,2000
1062,312,2020-09-09 17:30:00,2.69,2.7,2.69,2.7,950
1063,311,2020-09-09 20:00:00,2.7,2.7,2.7,2.7,1009
1064,310,2020-09-10 09:00:00,2.6701,2.6701,2.6701,2.6701,4085
1065,309,2020-09-10 09:30:00,2.6705,2.72,2.6705,2.7,10984
1066,308,2020-09-10 10:00:00,2.7,2.72,2.69,2.7,72941
1067,307,2020-09-10 10:30:00,2.69,2.715,2.67,2.7,81491
1068,306,2020-09-10 11:00:00,2.695,2.71,2.67,2.67,81616
1069,305,2020-09-10 11:30:00,2.67,2.6898,2.66,2.68,92967
1070,304,2020-09-10 12:00:00,2.68,2.7,2.67,2.68,44164
1071,303,2020-09-10 12:30:00,2.6805,2.695,2.67,2.69,68828
1072,302,2020-09-10 13:00:00,2.69,2.69,2.66,2.665,42791
1073,301,2020-09-10 13:30:00,2.665,2.685,2.66,2.68,47793
1074,300,2020-09-10 14:00:00,2.68,2.69,2.6602,2.665,17375
1075,299,2020-09-10 14:30:00,2.67,2.675,2.66,2.66,28178
1076,298,2020-09-10 15:00:00,2.66,2.67,2.6433,2.655,48029
1077,297,2020-09-10 15:30:00,2.66,2.69,2.64,2.66,133061
1078,296,2020-09-10 16:00:00,2.66,2.66,2.63,2.64,115620
1079,295,2020-09-10 16:30:00,2.63,2.63,2.63,2.63,1065
1080,294,2020-09-10 17:00:00,2.62,2.64,2.6,2.64,1044
1081,293,2020-09-10 17:30:00,2.61,2.62,2.61,2.62,466
1082,292,2020-09-10 18:00:00,2.61,2.62,2.61,2.62,300
1083,291,2020-09-10 20:00:00,2.63,2.64,2.62,2.62,2200
1084,290,2020-09-11 09:30:00,2.64,2.64,2.64,2.64,11427
1085,289,2020-09-11 10:00:00,2.63,2.65,2.58,2.5838,184214
1086,288,2020-09-11 10:30:00,2.59,2.61,2.58,2.595,74085
1087,287,2020-09-11 11:00:00,2.6,2.61,2.5775,2.6,98011
1088,286,2020-09-11 11:30:00,2.6043,2.67,2.6043,2.635,72527
1089,285,2020-09-11 12:00:00,2.635,2.66,2.6,2.645,149671
1090,284,2020-09-11 12:30:00,2.64,2.65,2.62,2.625,20869
1091,283,2020-09-11 13:00:00,2.625,2.625,2.6,2.61,28234
1092,282,2020-09-11 13:30:00,2.615,2.615,2.5835,2.6,27043
1093,281,2020-09-11 14:00:00,2.6,2.6,2.59,2.59,9890
1094,280,2020-09-11 14:30:00,2.6,2.61,2.59,2.5936,28169
1095,279,2020-09-11 15:00:00,2.595,2.63,2.5902,2.625,31984
1096,278,2020-09-11 15:30:00,2.62,2.63,2.605,2.615,40189
1097,277,2020-09-11 16:00:00,2.615,2.62,2.59,2.61,87511
1098,276,2020-09-11 16:30:00,2.61,2.61,2.61,2.61,100
1099,275,2020-09-11 17:00:00,2.61,2.61,2.61,2.61,331
1100,274,2020-09-11 17:30:00,2.61,2.61,2.61,2.61,100
1101,273,2020-09-11 18:00:00,2.6,2.6,2.6,2.6,200
1102,272,2020-09-11 18:30:00,2.62,2.62,2.62,2.62,400
1103,271,2020-09-14 07:30:00,2.6,2.61,2.6,2.61,939
1104,270,2020-09-14 09:00:00,2.5804,2.62,2.58,2.62,5294
1105,269,2020-09-14 09:30:00,2.5865,2.6,2.5865,2.6,3161
1106,268,2020-09-14 10:00:00,2.58,2.695,2.58,2.67,134571
1107,267,2020-09-14 10:30:00,2.67,2.68,2.65,2.675,84349
1108,266,2020-09-14 11:00:00,2.67,2.745,2.67,2.7199,218435
1109,265,2020-09-14 11:30:00,2.72,2.735,2.7,2.735,63412
1110,264,2020-09-14 12:00:00,2.735,2.745,2.705,2.72,95438
1111,263,2020-09-14 12:30:00,2.72,2.775,2.72,2.7689999999999997,93001
1112,262,2020-09-14 13:00:00,2.7680000000000002,2.8199,2.755,2.78,106627
1113,261,2020-09-14 13:30:00,2.77,2.79,2.76,2.77,55204
1114,260,2020-09-14 14:00:00,2.77,2.77,2.735,2.745,52138
1115,259,2020-09-14 14:30:00,2.74,2.7786,2.735,2.755,72526
1116,258,2020-09-14 15:00:00,2.75,2.7667,2.7344,2.76,66102
1117,257,2020-09-14 15:30:00,2.7612,2.78,2.745,2.76,51730
1118,256,2020-09-14 16:00:00,2.765,2.79,2.755,2.785,59936
1119,255,2020-09-14 16:30:00,2.7883,2.8,2.7883,2.8,979
1120,254,2020-09-14 17:00:00,2.79,2.79,2.79,2.79,100
1121,253,2020-09-14 17:30:00,2.79,2.79,2.79,2.79,300
1122,252,2020-09-14 18:00:00,2.7895,2.79,2.7895,2.79,1200
1123,251,2020-09-14 20:00:00,2.8,2.8,2.8,2.8,500
1124,250,2020-09-15 08:30:00,2.7801,2.81,2.78,2.78,3306
1125,249,2020-09-15 09:00:00,2.78,2.81,2.78,2.81,6297
1126,248,2020-09-15 09:30:00,2.8,2.8,2.78,2.8,2455
1127,247,2020-09-15 10:00:00,2.78,2.845,2.77,2.81,131875
1128,246,2020-09-15 10:30:00,2.8,2.8098,2.75,2.76,114885
1129,245,2020-09-15 11:00:00,2.76,2.7885,2.75,2.785,59170
1130,244,2020-09-15 11:30:00,2.785,2.7991,2.76,2.79,48948
1131,243,2020-09-15 12:00:00,2.79,2.79,2.765,2.765,42568
1132,242,2020-09-15 12:30:00,2.77,2.79,2.765,2.77,42735
1133,241,2020-09-15 13:00:00,2.775,2.8089,2.775,2.785,67978
1134,240,2020-09-15 13:30:00,2.785,2.8,2.78,2.7802,18027
1135,239,2020-09-15 14:00:00,2.785,2.785,2.7519,2.76,24478
1136,238,2020-09-15 14:30:00,2.75,2.78,2.75,2.7789,19900
1137,237,2020-09-15 15:00:00,2.77,2.79,2.77,2.77,17892
1138,236,2020-09-15 15:30:00,2.77,2.7712,2.74,2.74,32502
1139,235,2020-09-15 16:00:00,2.73,2.74,2.73,2.73,35874
1140,234,2020-09-15 16:30:00,2.74,2.74,2.74,2.74,200
1141,233,2020-09-15 18:00:00,2.73,2.73,2.73,2.73,101
1142,232,2020-09-16 08:30:00,2.7,2.7,2.7,2.7,149
1143,231,2020-09-16 09:30:00,2.7,2.7,2.7,2.7,1000
1144,230,2020-09-16 10:00:00,2.7,2.8,2.695,2.78,71211
1145,229,2020-09-16 10:30:00,2.7835,2.81,2.77,2.79,64455
1146,228,2020-09-16 11:00:00,2.7819,2.81,2.78,2.8,46421
1147,227,2020-09-16 11:30:00,2.7945,2.8663,2.79,2.8319,113693
1148,226,2020-09-16 12:00:00,2.835,2.8387,2.81,2.83,36576
1149,225,2020-09-16 12:30:00,2.8281,2.85,2.82,2.841,36983
1150,224,2020-09-16 13:00:00,2.85,2.8689,2.84,2.855,46358
1151,223,2020-09-16 13:30:00,2.85,2.8501,2.84,2.8411,36244
1152,222,2020-09-16 14:00:00,2.8435,2.8589,2.84,2.855,23190
1153,221,2020-09-16 14:30:00,2.85,2.8899,2.84,2.88,60529
1154,220,2020-09-16 15:00:00,2.88,2.92,2.87,2.885,163665
1155,219,2020-09-16 15:30:00,2.89,2.89,2.84,2.8689,59896
1156,218,2020-09-16 16:00:00,2.8653,2.875,2.82,2.82,164484
1157,217,2020-09-16 17:30:00,2.82,2.82,2.82,2.82,100
1158,216,2020-09-16 18:00:00,2.9,2.9,2.89,2.89,755
1159,215,2020-09-16 18:30:00,2.89,2.89,2.89,2.89,815
1160,214,2020-09-16 19:30:00,2.75,2.76,2.75,2.75,1000
1161,213,2020-09-17 08:30:00,2.9,2.9,2.88,2.88,1000
1162,212,2020-09-17 09:00:00,2.88,2.88,2.75,2.82,4498
1163,211,2020-09-17 09:30:00,2.79,2.7901,2.75,2.78,8836
1164,210,2020-09-17 10:00:00,2.77,2.79,2.71,2.7211,152356
1165,209,2020-09-17 10:30:00,2.725,2.78,2.72,2.745,105081
1166,208,2020-09-17 11:00:00,2.75,2.7589,2.72,2.74,70473
1167,207,2020-09-17 11:30:00,2.7405,2.7989,2.74,2.7789,57715
1168,206,2020-09-17 12:00:00,2.775,2.78,2.75,2.75,38752
1169,205,2020-09-17 12:30:00,2.75,2.75,2.72,2.7289,45797
1170,204,2020-09-17 13:00:00,2.72,2.76,2.72,2.76,45054
1171,203,2020-09-17 13:30:00,2.755,2.755,2.74,2.755,14533
1172,202,2020-09-17 14:00:00,2.75,2.7989,2.75,2.7889,48414
1173,201,2020-09-17 14:30:00,2.79,2.8,2.76,2.7686,57149
1174,200,2020-09-17 15:00:00,2.765,2.79,2.76,2.79,20269
1175,199,2020-09-17 15:30:00,2.78,2.79,2.76,2.76,26147
1176,198,2020-09-17 16:00:00,2.765,2.785,2.74,2.75,74006
1177,197,2020-09-17 16:30:00,2.76,2.76,2.74,2.74,1510
1178,196,2020-09-17 17:00:00,2.74,2.74,2.74,2.74,400
1179,195,2020-09-17 17:30:00,2.74,2.74,2.74,2.74,200
1180,194,2020-09-17 18:00:00,2.74,2.74,2.74,2.74,100
1181,193,2020-09-17 19:00:00,2.74,2.74,2.74,2.74,3000
1182,192,2020-09-18 08:30:00,2.73,2.73,2.7219,2.73,2365
1183,191,2020-09-18 09:30:00,2.73,2.73,2.73,2.73,1521
1184,190,2020-09-18 10:00:00,2.77,2.78,2.7211,2.7448,80140
1185,189,2020-09-18 10:30:00,2.75,2.7683,2.73,2.7581,54106
1186,188,2020-09-18 11:00:00,2.7581,2.7597,2.74,2.74,32234
1187,187,2020-09-18 11:30:00,2.7411,2.78,2.73,2.7765,60529
1188,186,2020-09-18 12:00:00,2.7789,2.7789,2.7516,2.755,33891
1189,185,2020-09-18 12:30:00,2.75,2.75,2.73,2.73,33150
1190,184,2020-09-18 13:00:00,2.73,2.73,2.69,2.72,112595
1191,183,2020-09-18 13:30:00,2.7142,2.75,2.7,2.7,91547
1192,182,2020-09-18 14:00:00,2.7,2.72,2.68,2.7089,81267
1193,181,2020-09-18 14:30:00,2.7,2.735,2.7,2.725,53252
1194,180,2020-09-18 15:00:00,2.7266,2.73,2.7011,2.715,14889
1195,179,2020-09-18 15:30:00,2.715,2.72,2.71,2.715,15504
1196,178,2020-09-18 16:00:00,2.72,2.78,2.7,2.78,343146
1197,177,2020-09-18 16:30:00,2.78,2.78,2.7662,2.7662,13173
1198,176,2020-09-18 17:00:00,2.77,2.77,2.77,2.77,500
1199,175,2020-09-18 17:30:00,2.77,2.77,2.77,2.77,250
1200,174,2020-09-18 19:00:00,2.77,2.77,2.77,2.77,500
1201,173,2020-09-21 09:30:00,2.7018,2.71,2.7,2.71,2587
1202,172,2020-09-21 10:00:00,2.68,2.7289,2.68,2.705,116185
1203,171,2020-09-21 10:30:00,2.7,2.72,2.68,2.7,85172
1204,170,2020-09-21 11:00:00,2.6901,2.6901,2.65,2.675,70560
1205,169,2020-09-21 11:30:00,2.675,2.7,2.67,2.67,40978
1206,168,2020-09-21 12:00:00,2.675,2.6901,2.67,2.6881,22072
1207,167,2020-09-21 12:30:00,2.685,2.69,2.68,2.6889999999999996,7262
1208,166,2020-09-21 13:00:00,2.69,2.695,2.68,2.695,43062
1209,165,2020-09-21 13:30:00,2.6989,2.7081,2.695,2.705,7874
1210,164,2020-09-21 14:00:00,2.7025,2.71,2.69,2.7,46353
1211,163,2020-09-21 14:30:00,2.7,2.71,2.7,2.705,32694
1212,162,2020-09-21 15:00:00,2.7,2.715,2.7,2.715,16194
1213,161,2020-09-21 15:30:00,2.715,2.715,2.7,2.705,51025
1214,160,2020-09-21 16:00:00,2.705,2.72,2.7,2.72,117137
1215,159,2020-09-21 16:30:00,2.72,2.72,2.72,2.72,100
1216,158,2020-09-22 09:30:00,2.71,2.72,2.71,2.72,1150
1217,157,2020-09-22 10:00:00,2.7,2.76,2.69,2.7089,53853
1218,156,2020-09-22 10:30:00,2.7,2.74,2.6998,2.725,41818
1219,155,2020-09-22 11:00:00,2.725,2.7295,2.69,2.695,76916
1220,154,2020-09-22 11:30:00,2.695,2.73,2.69,2.72,48284
1221,153,2020-09-22 12:00:00,2.73,2.73,2.71,2.7189,19370
1222,152,2020-09-22 12:30:00,2.72,2.73,2.7133,2.72,10714
1223,151,2020-09-22 13:00:00,2.72,2.73,2.71,2.72,31451
1224,150,2020-09-22 13:30:00,2.72,2.7201,2.695,2.71,72060
1225,149,2020-09-22 14:00:00,2.71,2.7192,2.71,2.71,13082
1226,148,2020-09-22 14:30:00,2.71,2.72,2.71,2.72,39356
1227,147,2020-09-22 15:00:00,2.72,2.72,2.705,2.7089,8615
1228,146,2020-09-22 15:30:00,2.7025,2.715,2.7025,2.71,14554
1229,145,2020-09-22 16:00:00,2.71,2.72,2.71,2.71,105453
1230,144,2020-09-22 17:00:00,2.71,2.71,2.71,2.71,1224
1231,143,2020-09-22 18:00:00,2.7,2.7,2.7,2.7,324
1232,142,2020-09-23 07:30:00,2.71,2.71,2.71,2.71,150
1233,141,2020-09-23 08:30:00,2.6503,2.72,2.6503,2.72,2189
1234,140,2020-09-23 10:00:00,2.69,2.78,2.69,2.77,74860
1235,139,2020-09-23 10:30:00,2.77,2.77,2.74,2.745,123473
1236,138,2020-09-23 11:00:00,2.745,2.745,2.68,2.7081,55536
1237,137,2020-09-23 11:30:00,2.7017,2.72,2.69,2.69,29486
1238,136,2020-09-23 12:00:00,2.69,2.715,2.69,2.69,60352
1239,135,2020-09-23 12:30:00,2.6947,2.71,2.685,2.7011,28054
1240,134,2020-09-23 13:00:00,2.71,2.725,2.7,2.71,26243
1241,133,2020-09-23 13:30:00,2.71,2.73,2.71,2.72,20494
1242,132,2020-09-23 14:00:00,2.71,2.715,2.71,2.71,38299
1243,131,2020-09-23 14:30:00,2.715,2.715,2.7,2.7011,79952
1244,130,2020-09-23 15:00:00,2.705,2.715,2.67,2.69,159865
1245,129,2020-09-23 15:30:00,2.69,2.71,2.675,2.7,111977
1246,128,2020-09-23 16:00:00,2.7,2.71,2.68,2.68,109503
1247,127,2020-09-23 16:30:00,2.67,2.67,2.65,2.65,2428
1248,126,2020-09-23 17:00:00,2.66,2.66,2.66,2.66,560
1249,125,2020-09-23 17:30:00,2.65,2.65,2.65,2.65,1460
1250,124,2020-09-23 20:00:00,2.61,2.61,2.61,2.61,1250
1251,123,2020-09-24 07:30:00,2.63,2.63,2.62,2.62,1839
1252,122,2020-09-24 08:00:00,2.62,2.62,2.62,2.62,100
1253,121,2020-09-24 08:30:00,2.62,2.64,2.6,2.64,942
1254,120,2020-09-24 09:00:00,2.6,2.6,2.6,2.6,193
1255,119,2020-09-24 09:30:00,2.63,2.64,2.61,2.64,1998
1256,118,2020-09-24 10:00:00,2.64,2.72,2.62,2.7,375134
1257,117,2020-09-24 10:30:00,2.695,2.7389,2.695,2.715,106575
1258,116,2020-09-24 11:00:00,2.71,2.74,2.71,2.735,48157
1259,115,2020-09-24 11:30:00,2.7311,2.755,2.73,2.755,47483
1260,114,2020-09-24 12:00:00,2.76,2.82,2.7511,2.815,75360
1261,113,2020-09-24 12:30:00,2.8111,2.815,2.785,2.7982,85604
1262,112,2020-09-24 13:00:00,2.795,2.8094,2.775,2.805,81878
1263,111,2020-09-24 13:30:00,2.8038,2.8199,2.8,2.8101,60397
1264,110,2020-09-24 14:00:00,2.815,2.8289,2.8,2.81,61160
1265,109,2020-09-24 14:30:00,2.8,2.8099,2.795,2.8,96615
1266,108,2020-09-24 15:00:00,2.805,2.81,2.8,2.8,23040
1267,107,2020-09-24 15:30:00,2.81,2.82,2.785,2.815,121905
1268,106,2020-09-24 16:00:00,2.815,2.83,2.8,2.8,103642
1269,105,2020-09-24 17:30:00,2.7891,2.7891,2.7891,2.7891,230
1270,104,2020-09-25 09:30:00,2.79,2.79,2.79,2.79,100
1271,103,2020-09-25 10:00:00,2.73,2.8765,2.73,2.8389,91956
1272,102,2020-09-25 10:30:00,2.83,2.8753,2.82,2.85,75326
1273,101,2020-09-25 11:00:00,2.8515,2.8587,2.8011,2.81,60382
1274,100,2020-09-25 11:30:00,2.81,2.82,2.8,2.8011,44162
1275,99,2020-09-25 12:00:00,2.81,2.81,2.7902,2.8001,17236
1276,98,2020-09-25 12:30:00,2.81,2.815,2.8,2.8,15989
1277,97,2020-09-25 13:00:00,2.8,2.8189,2.8,2.8,19608
1278,96,2020-09-25 13:30:00,2.8,2.815,2.79,2.8,52855
1279,95,2020-09-25 14:00:00,2.8011,2.83,2.79,2.82,103040
1280,94,2020-09-25 14:30:00,2.82,2.85,2.82,2.84,35731
1281,93,2020-09-25 15:00:00,2.84,2.87,2.84,2.8643,64520
1282,92,2020-09-25 15:30:00,2.865,2.87,2.84,2.87,57274
1283,91,2020-09-25 16:00:00,2.8603,2.87,2.85,2.85,82755
1284,90,2020-09-25 16:30:00,2.86,2.86,2.86,2.86,546
1285,89,2020-09-25 17:00:00,2.86,2.86,2.8302,2.8302,2100
1286,88,2020-09-25 17:30:00,2.83,2.83,2.83,2.83,200
1287,87,2020-09-25 18:00:00,2.83,2.83,2.83,2.83,500
1288,86,2020-09-28 09:00:00,2.83,2.88,2.83,2.88,429
1289,85,2020-09-28 09:30:00,2.85,2.85,2.83,2.83,680
1290,84,2020-09-28 10:00:00,2.82,2.93,2.82,2.88,133403
1291,83,2020-09-28 10:30:00,2.8680000000000003,2.91,2.85,2.875,77401
1292,82,2020-09-28 11:00:00,2.8754,2.91,2.86,2.91,52451
1293,81,2020-09-28 11:30:00,2.91,2.91,2.88,2.895,51626
1294,80,2020-09-28 12:00:00,2.89,2.91,2.86,2.895,169376
1295,79,2020-09-28 12:30:00,2.9,2.92,2.89,2.92,285075
1296,78,2020-09-28 13:00:00,2.92,2.92,2.86,2.865,237306
1297,77,2020-09-28 13:30:00,2.865,2.87,2.84,2.8446,128035
1298,76,2020-09-28 14:00:00,2.85,2.85,2.82,2.825,130240
1299,75,2020-09-28 14:30:00,2.83,2.88,2.82,2.865,53923
1300,74,2020-09-28 15:00:00,2.86,2.92,2.86,2.9,56176
1301,73,2020-09-28 15:30:00,2.895,2.9,2.86,2.87,58498
1302,72,2020-09-28 16:00:00,2.87,2.875,2.84,2.86,72465
1303,71,2020-09-28 16:30:00,2.84,2.84,2.82,2.82,3492
1304,70,2020-09-28 17:00:00,2.9,2.9,2.9,2.9,3150
1305,69,2020-09-29 08:30:00,2.9,2.9,2.9,2.9,439
1306,68,2020-09-29 10:00:00,2.81,2.84,2.7903,2.8099,103094
1307,67,2020-09-29 10:30:00,2.8,2.82,2.8,2.81,15675
1308,66,2020-09-29 11:00:00,2.8098,2.81,2.78,2.78,65752
1309,65,2020-09-29 11:30:00,2.775,2.79,2.74,2.76,101978
1310,64,2020-09-29 12:00:00,2.7683,2.7683,2.7186,2.7513,64729
1311,63,2020-09-29 12:30:00,2.755,2.795,2.75,2.79,93478
1312,62,2020-09-29 13:00:00,2.7985,2.81,2.785,2.795,37161
1313,61,2020-09-29 13:30:00,2.8,2.82,2.79,2.8198,29659
1314,60,2020-09-29 14:00:00,2.82,2.82,2.8009,2.805,15982
1315,59,2020-09-29 14:30:00,2.805,2.81,2.8,2.8098,12379
1316,58,2020-09-29 15:00:00,2.8,2.8087,2.78,2.785,45963
1317,57,2020-09-29 15:30:00,2.785,2.81,2.78,2.805,23409
1318,56,2020-09-29 16:00:00,2.8,2.815,2.7914,2.8,86039
1319,55,2020-09-29 16:30:00,2.75,2.75,2.75,2.75,400
1320,54,2020-09-29 18:00:00,2.75,2.75,2.75,2.75,670
1321,53,2020-09-29 18:30:00,2.7,2.7,2.7,2.7,1794
1322,52,2020-09-30 09:00:00,2.8,2.8,2.8,2.8,300
1323,51,2020-09-30 09:30:00,2.8,2.8,2.75,2.8,6700
1324,50,2020-09-30 10:00:00,2.78,2.8477,2.78,2.8189,59398
1325,49,2020-09-30 10:30:00,2.81,2.8263,2.78,2.79,56856
1326,48,2020-09-30 11:00:00,2.79,2.8291,2.78,2.8026,36133
1327,47,2020-09-30 11:30:00,2.8,2.8,2.76,2.78,49428
1328,46,2020-09-30 12:00:00,2.78,2.78,2.75,2.753,22802
1329,45,2020-09-30 12:30:00,2.75,2.8081,2.75,2.8081,22431
1330,44,2020-09-30 13:00:00,2.805,2.805,2.78,2.8,29652
1331,43,2020-09-30 13:30:00,2.8,2.8,2.77,2.7799,16262
1332,42,2020-09-30 14:00:00,2.77,2.78,2.76,2.765,23731
1333,41,2020-09-30 14:30:00,2.76,2.8,2.76,2.7789,50006
1334,40,2020-09-30 15:00:00,2.775,2.81,2.75,2.8,49833
1335,39,2020-09-30 15:30:00,2.795,2.8,2.78,2.8,28026
1336,38,2020-09-30 16:00:00,2.795,2.795,2.76,2.76,108312
1337,37,2020-09-30 17:30:00,2.78,2.78,2.78,2.78,100
1338,36,2020-09-30 18:00:00,2.78,2.78,2.78,2.78,510
1339,35,2020-10-01 09:30:00,2.7517,2.76,2.75,2.76,1288
1340,34,2020-10-01 10:00:00,2.79,2.8136,2.75,2.7799,110994
1341,33,2020-10-01 10:30:00,2.77,2.7822,2.76,2.7769,16613
1342,32,2020-10-01 11:00:00,2.78,2.81,2.78,2.8005,30042
1343,31,2020-10-01 11:30:00,2.8019,2.82,2.8,2.8111,34783
1344,30,2020-10-01 12:00:00,2.8101,2.8112,2.8,2.8093,10376
1345,29,2020-10-01 12:30:00,2.8,2.81,2.8,2.81,15947
1346,28,2020-10-01 13:00:00,2.81,2.8198,2.805,2.81,15576
1347,27,2020-10-01 13:30:00,2.81,2.85,2.8,2.8412,66401
1348,26,2020-10-01 14:00:00,2.845,2.845,2.83,2.83,25139
1349,25,2020-10-01 14:30:00,2.825,2.852,2.81,2.835,51372
1350,24,2020-10-01 15:00:00,2.84,2.87,2.84,2.8494,50934
1351,23,2020-10-01 15:30:00,2.8406,2.87,2.8399,2.87,38540
1352,22,2020-10-01 16:00:00,2.87,2.89,2.86,2.88,73453
1353,21,2020-10-01 16:30:00,2.81,2.81,2.81,2.81,100
1354,20,2020-10-01 17:00:00,2.875,2.875,2.875,2.875,175
1355,19,2020-10-02 04:30:00,2.76,2.76,2.76,2.76,300
1356,18,2020-10-02 07:30:00,2.82,2.82,2.82,2.82,200
1357,17,2020-10-02 08:30:00,2.77,2.77,2.77,2.77,3212
1358,16,2020-10-02 09:00:00,2.78,2.78,2.77,2.7798,2065
1359,15,2020-10-02 09:30:00,2.78,2.7809,2.78,2.78,8451
1360,14,2020-10-02 10:00:00,2.78,2.85,2.78,2.8387,114043
1361,13,2020-10-02 10:30:00,2.83,2.87,2.83,2.86,32384
1362,12,2020-10-02 11:00:00,2.86,2.86,2.84,2.86,33380
1363,11,2020-10-02 11:30:00,2.85,2.9,2.8425,2.895,46881
1364,10,2020-10-02 12:00:00,2.8921,2.9,2.875,2.8857,26246
1365,9,2020-10-02 12:30:00,2.89,2.94,2.88,2.9209,68068
1366,8,2020-10-02 13:00:00,2.93,2.94,2.92,2.9311,44415
1367,7,2020-10-02 13:30:00,2.935,2.95,2.9165,2.925,48233
1368,6,2020-10-02 14:00:00,2.9297,2.93,2.88,2.8892,47503
1369,5,2020-10-02 14:30:00,2.885,2.91,2.88,2.91,32247
1370,4,2020-10-02 15:00:00,2.91,2.935,2.905,2.93,35071
1371,3,2020-10-02 15:30:00,2.929,2.935,2.91,2.91,35647
1372,2,2020-10-02 16:00:00,2.92,2.92,2.885,2.9,71147
1373,1,2020-10-02 18:00:00,2.89,2.89,2.87,2.87,300
1374,0,2020-10-02 19:30:00,2.85,2.85,2.85,2.85,100
