,index,time,open,high,low,close,volume
0,373,2020-09-08 08:30:00,18.55,18.55,18.5499,18.5499,300
1,372,2020-09-08 09:00:00,18.35,18.35,18.35,18.35,500
2,371,2020-09-08 09:30:00,18.26,18.26,17.78,17.81,8105
3,370,2020-09-08 10:00:00,17.88,17.92,17.26,17.4,1046929
4,369,2020-09-08 10:30:00,17.395,17.48,17.22,17.475,333339
5,368,2020-09-08 11:00:00,17.48,17.625,17.46,17.585,235981
6,367,2020-09-08 11:30:00,17.58,17.7101,17.55,17.655,207063
7,366,2020-09-08 12:00:00,17.65,17.65,17.505,17.565,175033
8,365,2020-09-08 12:30:00,17.56,17.74,17.545,17.7,164976
9,364,2020-09-08 13:00:00,17.7001,17.725,17.64,17.655,160874
10,363,2020-09-08 13:30:00,17.66,17.71,17.615,17.68,141911
11,362,2020-09-08 14:00:00,17.67,17.75,17.645,17.665,180673
12,361,2020-09-08 14:30:00,17.67,17.69,17.53,17.535,156430
13,360,2020-09-08 15:00:00,17.54,17.555,17.42,17.505,239507
14,359,2020-09-08 15:30:00,17.505,17.56,17.41,17.56,244922
15,358,2020-09-08 16:00:00,17.56,17.62,17.475,17.49,884971
16,357,2020-09-08 16:30:00,17.49,17.49,17.49,17.49,160024
17,356,2020-09-08 18:30:00,17.31,17.31,17.31,17.31,100
18,355,2020-09-08 19:00:00,17.49,17.49,17.49,17.49,250
19,354,2020-09-09 07:30:00,17.56,17.56,17.56,17.56,100
20,353,2020-09-09 08:30:00,17.6,17.75,17.6,17.75,300
21,352,2020-09-09 09:00:00,17.57,17.58,17.57,17.58,300
22,351,2020-09-09 09:30:00,17.67,17.67,17.67,17.67,125
23,350,2020-09-09 10:00:00,17.62,17.785,17.52,17.75,556297
24,349,2020-09-09 10:30:00,17.74,17.86,17.635,17.75,247678
25,348,2020-09-09 11:00:00,17.75,17.77,17.475,17.52,192476
26,347,2020-09-09 11:30:00,17.53,17.64,17.53,17.625,149611
27,346,2020-09-09 12:00:00,17.62,17.68,17.605,17.635,149755
28,345,2020-09-09 12:30:00,17.64,17.7787,17.6311,17.745,123699
29,344,2020-09-09 13:00:00,17.75,17.875,17.745,17.865,119251
30,343,2020-09-09 13:30:00,17.87,17.97,17.87,17.95,190014
31,342,2020-09-09 14:00:00,17.955,18.02,17.93,17.97,245516
32,341,2020-09-09 14:30:00,17.97,18.07,17.95,17.98,199019
33,340,2020-09-09 15:00:00,17.99,18.05,17.99,18.03,119179
34,339,2020-09-09 15:30:00,18.025,18.09,18.025,18.045,161300
35,338,2020-09-09 16:00:00,18.045,18.07,17.97,17.98,573087
36,337,2020-09-09 16:30:00,17.97,17.97,17.97,17.97,58012
37,336,2020-09-10 08:30:00,17.98,17.98,17.98,17.98,100
38,335,2020-09-10 09:00:00,17.7632,18.04,17.7632,18.04,5834
39,334,2020-09-10 10:00:00,18.05,18.22,18.05,18.06,323280
40,333,2020-09-10 10:30:00,18.05,18.07,17.755,17.755,224114
41,332,2020-09-10 11:00:00,17.76,17.87,17.67,17.72,289607
42,331,2020-09-10 11:30:00,17.72,17.82,17.675,17.805,165718
43,330,2020-09-10 12:00:00,17.805,17.82,17.745,17.78,90471
44,329,2020-09-10 12:30:00,17.775,17.825,17.74,17.765,101125
45,328,2020-09-10 13:00:00,17.765,17.8,17.72,17.79,90292
46,327,2020-09-10 13:30:00,17.785,17.925,17.77,17.865,69782
47,326,2020-09-10 14:00:00,17.865,17.9099,17.85,17.88,99191
48,325,2020-09-10 14:30:00,17.88,17.97,17.76,17.77,175945
49,324,2020-09-10 15:00:00,17.765,17.85,17.745,17.81,126556
50,323,2020-09-10 15:30:00,17.81,17.825,17.705,17.77,190819
51,322,2020-09-10 16:00:00,17.76,17.83,17.71,17.71,562480
52,321,2020-09-10 16:30:00,17.72,17.72,17.54,17.72,34570
53,320,2020-09-10 17:00:00,17.72,17.72,17.72,17.72,200
54,319,2020-09-10 19:30:00,17.72,17.72,17.72,17.72,200
55,318,2020-09-11 06:30:00,17.72,17.72,17.72,17.72,300
56,317,2020-09-11 07:30:00,17.99,17.99,17.99,17.99,200
57,316,2020-09-11 09:30:00,17.96,17.96,17.96,17.96,2594
58,315,2020-09-11 10:00:00,17.95,17.95,17.69,17.81,344473
59,314,2020-09-11 10:30:00,17.8,18.1,17.8,18.0,219455
60,313,2020-09-11 11:00:00,18.0,18.09,17.96,18.0418,147032
61,312,2020-09-11 11:30:00,18.05,18.36,18.035,18.305,312381
62,311,2020-09-11 12:00:00,18.3,18.34,18.24,18.32,150859
63,310,2020-09-11 12:30:00,18.32,18.3925,18.3,18.355,188945
64,309,2020-09-11 13:00:00,18.35,18.43,18.295,18.395,235919
65,308,2020-09-11 13:30:00,18.4,18.44,18.15,18.205,285832
66,307,2020-09-11 14:00:00,18.2,18.21,18.12,18.145,153053
67,306,2020-09-11 14:30:00,18.14,18.27,18.11,18.245,112866
68,305,2020-09-11 15:00:00,18.245,18.38,18.235,18.355,180142
69,304,2020-09-11 15:30:00,18.36,18.37,18.22,18.33,153871
70,303,2020-09-11 16:00:00,18.33,18.345,18.205,18.31,707145
71,302,2020-09-11 16:30:00,18.31,18.31,18.31,18.31,32833
72,301,2020-09-11 18:30:00,18.45,18.45,18.45,18.45,175
73,300,2020-09-14 07:30:00,18.35,18.35,18.35,18.35,100
74,299,2020-09-14 08:30:00,18.5,18.5,18.5,18.5,100
75,298,2020-09-14 09:00:00,18.45,18.47,18.45,18.47,1200
76,297,2020-09-14 09:30:00,18.45,18.45,18.45,18.45,900
77,296,2020-09-14 10:00:00,18.44,18.45,18.005,18.35,408610
78,295,2020-09-14 10:30:00,18.35,18.36,18.11,18.13,272648
79,294,2020-09-14 11:00:00,18.12,18.135,17.965,17.965,176744
80,293,2020-09-14 11:30:00,17.965,18.01,17.875,17.935,166166
81,292,2020-09-14 12:00:00,17.93,18.06,17.93,17.98,166693
82,291,2020-09-14 12:30:00,17.98,17.995,17.9,17.985,186852
83,290,2020-09-14 13:00:00,17.98,18.14,17.955,18.065,176935
84,289,2020-09-14 13:30:00,18.07,18.11,18.035,18.105,145073
85,288,2020-09-14 14:00:00,18.11,18.13,18.06,18.11,124121
86,287,2020-09-14 14:30:00,18.105,18.12,18.07,18.085,153012
87,286,2020-09-14 15:00:00,18.085,18.09,17.98,17.99,173674
88,285,2020-09-14 15:30:00,17.995,18.08,17.97,18.04,238116
89,284,2020-09-14 16:00:00,18.035,18.175,18.01,18.13,609342
90,283,2020-09-14 16:30:00,18.13,18.2,18.13,18.2,80451
91,282,2020-09-14 20:00:00,18.1,18.1,18.1,18.1,200
92,281,2020-09-15 08:00:00,18.25,18.25,18.25,18.25,400
93,280,2020-09-15 08:30:00,18.1,18.1,18.1,18.1,200
94,279,2020-09-15 09:00:00,18.1,18.1,18.1,18.1,100
95,278,2020-09-15 09:30:00,18.2,18.2,18.2,18.2,200
96,277,2020-09-15 10:00:00,18.15,18.19,17.88,17.92,462948
97,276,2020-09-15 10:30:00,17.915,18.02,17.8,17.98,372667
98,275,2020-09-15 11:00:00,17.975,18.175,17.945,18.145,241460
99,274,2020-09-15 11:30:00,18.145,18.23,18.09,18.2201,236188
100,273,2020-09-15 12:00:00,18.215,18.275,18.13,18.145,171593
101,272,2020-09-15 12:30:00,18.14,18.18,18.09,18.145,160207
102,271,2020-09-15 13:00:00,18.14,18.2,18.11,18.15,122202
103,270,2020-09-15 13:30:00,18.145,18.195,18.11,18.18,142120
104,269,2020-09-15 14:00:00,18.17,18.18,18.14,18.14,140252
105,268,2020-09-15 14:30:00,18.145,18.22,18.12,18.165,156867
106,267,2020-09-15 15:00:00,18.165,18.24,18.15,18.215,175636
107,266,2020-09-15 15:30:00,18.215,18.22,18.06,18.075,259920
108,265,2020-09-15 16:00:00,18.07,18.11,18.01,18.03,796946
109,264,2020-09-15 16:30:00,18.03,18.03,18.03,18.03,57069
110,263,2020-09-15 19:00:00,18.04,18.2,18.04,18.2,5907
111,262,2020-09-16 10:00:00,18.09,18.1,17.74,17.84,321502
112,261,2020-09-16 10:30:00,17.845,18.0,17.83,17.915,181175
113,260,2020-09-16 11:00:00,17.92,18.01,17.91,18.01,182453
114,259,2020-09-16 11:30:00,18.005,18.125,18.005,18.07,176730
115,258,2020-09-16 12:00:00,18.075,18.19,18.035,18.175,206207
116,257,2020-09-16 12:30:00,18.17,18.18,18.0901,18.145,133823
117,256,2020-09-16 13:00:00,18.14,18.24,18.13,18.21,142731
118,255,2020-09-16 13:30:00,18.22,18.28,18.18,18.22,138540
119,254,2020-09-16 14:00:00,18.225,18.24,18.11,18.2,229956
120,253,2020-09-16 14:30:00,18.2,18.38,18.2,18.335,222718
121,252,2020-09-16 15:00:00,18.34,18.43,18.32,18.365,293096
122,251,2020-09-16 15:30:00,18.365,18.39,18.15,18.18,280514
123,250,2020-09-16 16:00:00,18.175,18.245,18.08,18.1,803707
124,249,2020-09-16 16:30:00,17.9793,18.1,17.9793,18.1,131228
125,248,2020-09-17 07:30:00,18.0,18.05,17.76,17.76,1100
126,247,2020-09-17 09:30:00,18.15,18.15,17.75,18.07,6383
127,246,2020-09-17 10:00:00,18.06,18.17,17.83,18.155,413344
128,245,2020-09-17 10:30:00,18.155,18.43,18.1,18.36,391466
129,244,2020-09-17 11:00:00,18.36,18.81,18.36,18.79,507397
130,243,2020-09-17 11:30:00,18.795,19.04,18.73,18.975,902059
131,242,2020-09-17 12:00:00,18.975,19.13,18.945,19.03,384035
132,241,2020-09-17 12:30:00,19.02,19.02,18.7299,18.8,279026
133,240,2020-09-17 13:00:00,18.79,18.95,18.75,18.95,284082
134,239,2020-09-17 13:30:00,18.945,19.02,18.94,19.015,294055
135,238,2020-09-17 14:00:00,19.01,19.12,19.0,19.02,271211
136,237,2020-09-17 14:30:00,19.02,19.26,18.92,19.175,555780
137,236,2020-09-17 15:00:00,19.17,19.33,19.13,19.24,374108
138,235,2020-09-17 15:30:00,19.25,19.425,19.15,19.375,883595
139,234,2020-09-17 16:00:00,19.37,19.42,19.22,19.26,1467247
140,233,2020-09-17 16:30:00,19.27,19.33,18.1,19.33,78841
141,232,2020-09-17 17:00:00,19.25,19.46,19.2,19.44,2929
142,231,2020-09-17 17:30:00,19.45,19.67,19.43,19.66,8985
143,230,2020-09-17 18:00:00,19.66,19.75,19.65,19.75,2336
144,229,2020-09-17 18:30:00,19.75,19.79,19.5,19.79,3622
145,228,2020-09-17 19:00:00,19.9,19.9,19.7,19.9,1167
146,227,2020-09-17 19:30:00,19.84,19.89,19.84,19.84,1200
147,226,2020-09-17 20:00:00,19.65,19.88,19.62,19.62,10190
148,225,2020-09-18 07:30:00,19.75,19.75,19.62,19.7,705
149,224,2020-09-18 08:00:00,19.75,19.75,19.75,19.75,200
150,223,2020-09-18 08:30:00,19.75,19.87,19.6,19.87,7474
151,222,2020-09-18 09:00:00,19.82,19.93,19.82,19.93,4492
152,221,2020-09-18 09:30:00,19.93,20.0,19.4,19.4,31907
153,220,2020-09-18 10:00:00,19.37,19.765,19.2,19.61,2261914
154,219,2020-09-18 10:30:00,19.61,20.0,19.54,19.83,1001568
155,218,2020-09-18 11:00:00,19.82,19.87,19.65,19.82,606525
156,217,2020-09-18 11:30:00,19.82,20.03,19.815,19.855,753017
157,216,2020-09-18 12:00:00,19.855,19.91,19.73,19.8,385323
158,215,2020-09-18 12:30:00,19.8,19.83,19.56,19.59,278343
159,214,2020-09-18 13:00:00,19.5892,19.72,19.55,19.63,439373
160,213,2020-09-18 13:30:00,19.63,19.66,19.5,19.5,358911
161,212,2020-09-18 14:00:00,19.5,19.53,19.39,19.5,356917
162,211,2020-09-18 14:30:00,19.5,19.5,19.39,19.435,332424
163,210,2020-09-18 15:00:00,19.43,19.46,19.35,19.375,408156
164,209,2020-09-18 15:30:00,19.38,19.44,19.29,19.4,466697
165,208,2020-09-18 16:00:00,19.395,19.46,19.07,19.26,2059999
166,207,2020-09-18 16:30:00,19.26,19.3401,19.26,19.2617,3234326
167,206,2020-09-18 17:00:00,19.27,19.27,19.27,19.27,224
168,205,2020-09-18 17:30:00,19.25,19.25,19.2499,19.25,826
169,204,2020-09-18 18:00:00,19.26,19.3,19.1,19.1,509
170,203,2020-09-18 18:30:00,19.16,19.35,19.16,19.35,695
171,202,2020-09-18 19:00:00,19.36,19.45,19.35,19.45,5053
172,201,2020-09-18 19:30:00,19.4,19.4,19.4,19.4,2100
173,200,2020-09-21 04:30:00,18.84,18.96,18.83,18.84,914
174,199,2020-09-21 05:00:00,18.84,18.84,18.84,18.84,100
175,198,2020-09-21 07:30:00,18.68,18.9,18.68,18.84,1218
176,197,2020-09-21 08:00:00,18.83,19.0,18.74,19.0,4624
177,196,2020-09-21 08:30:00,18.855999999999998,18.95,18.75,18.89,5423
178,195,2020-09-21 09:00:00,18.88,18.88,18.81,18.86,2433
179,194,2020-09-21 09:30:00,18.86,18.86,18.76,18.86,2195
180,193,2020-09-21 10:00:00,18.81,18.81,17.92,18.155,941637
181,192,2020-09-21 10:30:00,18.155,18.29,17.85,17.9368,758928
182,191,2020-09-21 11:00:00,17.93,17.93,17.62,17.635,499756
183,190,2020-09-21 11:30:00,17.625,17.805,17.5,17.55,387146
184,189,2020-09-21 12:00:00,17.525,17.62,17.48,17.56,276068
185,188,2020-09-21 12:30:00,17.55,17.6299,17.55,17.59,221964
186,187,2020-09-21 13:00:00,17.59,17.59,17.31,17.345,241154
187,186,2020-09-21 13:30:00,17.345,17.39,17.28,17.285,402870
188,185,2020-09-21 14:00:00,17.285,17.4,17.19,17.26,537370
189,184,2020-09-21 14:30:00,17.26,17.49,17.26,17.47,321635
190,183,2020-09-21 15:00:00,17.46,17.46,17.32,17.415,200035
191,182,2020-09-21 15:30:00,17.415,17.66,17.405,17.62,558019
192,181,2020-09-21 16:00:00,17.62,17.86,17.61,17.805,1225866
193,180,2020-09-21 16:30:00,17.81,17.85,17.81,17.85,9375
194,179,2020-09-21 17:00:00,17.8602,17.8602,17.8602,17.8602,100
195,178,2020-09-21 17:30:00,17.91,17.91,17.9,17.9,1500
196,177,2020-09-21 19:00:00,17.86,17.86,17.86,17.86,275
197,176,2020-09-21 19:30:00,17.86,17.86,17.86,17.86,100
198,175,2020-09-21 20:00:00,17.88,17.93,17.88,17.93,416
199,174,2020-09-22 07:30:00,18.0,18.0,17.82,17.99,12732
200,173,2020-09-22 08:00:00,18.0,18.0,17.91,17.91,3900
201,172,2020-09-22 08:30:00,17.8,17.91,17.8,17.91,1851
202,171,2020-09-22 09:30:00,18.0,18.0,17.82,17.82,855
203,170,2020-09-22 10:00:00,17.76,18.095,17.75,17.92,347602
204,169,2020-09-22 10:30:00,17.915,17.94,17.775,17.86,303050
205,168,2020-09-22 11:00:00,17.855,17.88,17.55,17.605,312994
206,167,2020-09-22 11:30:00,17.605,17.81,17.605,17.7701,167758
207,166,2020-09-22 12:00:00,17.775,17.87,17.685,17.84,159568
208,165,2020-09-22 12:30:00,17.8331,17.89,17.8,17.89,135581
209,164,2020-09-22 13:00:00,17.8884,17.91,17.78,17.84,102548
210,163,2020-09-22 13:30:00,17.845,17.885,17.81,17.845,85913
211,162,2020-09-22 14:00:00,17.845,17.93,17.84,17.915,113911
212,161,2020-09-22 14:30:00,17.92,18.02,17.9,18.0163,192261
213,160,2020-09-22 15:00:00,18.02,18.06,18.015,18.05,220498
214,159,2020-09-22 15:30:00,18.045,18.12,18.035,18.08,286361
215,158,2020-09-22 16:00:00,18.085,18.085,17.98,18.06,812103
216,157,2020-09-22 16:30:00,18.05,18.05,18.05,18.05,2658
217,156,2020-09-22 17:00:00,17.83,18.05,17.76,18.05,10974
218,155,2020-09-22 17:30:00,18.06,18.06,17.75,17.75,5162
219,154,2020-09-22 18:00:00,17.77,18.05,17.77,18.05,311
220,153,2020-09-23 04:30:00,18.15,18.15,18.15,18.15,200
221,152,2020-09-23 06:30:00,18.24,18.27,18.24,18.27,700
222,151,2020-09-23 07:00:00,18.31,18.31,18.31,18.31,437
223,150,2020-09-23 07:30:00,18.31,18.33,18.3,18.3,4977
224,149,2020-09-23 08:00:00,18.3,18.3,18.3,18.3,407
225,148,2020-09-23 08:30:00,18.22,18.22,18.22,18.22,1200
226,147,2020-09-23 09:00:00,18.22,18.3,18.15,18.3,850
227,146,2020-09-23 09:30:00,18.05,18.45,18.05,18.45,7177
228,145,2020-09-23 10:00:00,18.37,18.905,18.18,18.75,875864
229,144,2020-09-23 10:30:00,18.74,19.0,18.69,18.975,512509
230,143,2020-09-23 11:00:00,18.97,19.21,18.8201,19.165,728941
231,142,2020-09-23 11:30:00,19.16,19.275,19.04,19.05,611023
232,141,2020-09-23 12:00:00,19.05,19.08,18.81,18.865,494422
233,140,2020-09-23 12:30:00,18.86,19.03,18.83,19.0,292542
234,139,2020-09-23 13:00:00,18.99,19.055,18.955,19.045,220322
235,138,2020-09-23 13:30:00,19.05,19.085,18.96,18.965,274400
236,137,2020-09-23 14:00:00,18.96,19.01,18.9,18.915,218120
237,136,2020-09-23 14:30:00,18.915,18.92,18.57,18.585,341554
238,135,2020-09-23 15:00:00,18.585,18.6,18.195,18.215,423231
239,134,2020-09-23 15:30:00,18.22,18.33,18.15,18.32,404177
240,133,2020-09-23 16:00:00,18.31,18.36,18.195,18.26,1340386
241,132,2020-09-23 16:30:00,18.26,18.26,18.26,18.26,86516
242,131,2020-09-23 17:00:00,18.26,18.26,18.26,18.26,12206
243,130,2020-09-24 08:00:00,18.3,18.3,18.3,18.3,900
244,129,2020-09-24 09:00:00,18.19,18.19,18.01,18.01,1628
245,128,2020-09-24 09:30:00,18.0014,18.1,18.0,18.1,2007
246,127,2020-09-24 10:00:00,18.26,18.26,17.735,17.81,511932
247,126,2020-09-24 10:30:00,17.805,18.18,17.805,18.14,495579
248,125,2020-09-24 11:00:00,18.145,18.2,17.99,18.105,238879
249,124,2020-09-24 11:30:00,18.105,18.19,18.02,18.18,154655
250,123,2020-09-24 12:00:00,18.19,18.45,18.17,18.445,288257
251,122,2020-09-24 12:30:00,18.45,18.64,18.445,18.55,268280
252,121,2020-09-24 13:00:00,18.555,18.685,18.51,18.67,389827
253,120,2020-09-24 13:30:00,18.67,19.02,18.67,19.02,385543
254,119,2020-09-24 14:00:00,19.02,19.18,18.985,19.155,382180
255,118,2020-09-24 14:30:00,19.16,19.185,18.9,18.925,230605
256,117,2020-09-24 15:00:00,18.93,19.03,18.795,18.8,245529
257,116,2020-09-24 15:30:00,18.805,18.91,18.76,18.77,368599
258,115,2020-09-24 16:00:00,18.77,18.9,18.715,18.82,1340089
259,114,2020-09-24 16:30:00,18.82,18.8298,18.82,18.8298,42666
260,113,2020-09-24 17:00:00,18.82,18.83,18.6311,18.83,322890
261,112,2020-09-24 20:00:00,18.85,19.0,18.85,19.0,475
262,111,2020-09-25 07:30:00,18.63,18.63,18.63,18.63,100
263,110,2020-09-25 09:00:00,18.82,18.82,18.82,18.82,130
264,109,2020-09-25 09:30:00,18.55,18.75,18.5,18.75,4058
265,108,2020-09-25 10:00:00,18.55,18.76,18.21,18.435,481626
266,107,2020-09-25 10:30:00,18.43,18.445,18.1184,18.21,388439
267,106,2020-09-25 11:00:00,18.215,18.4,18.07,18.4,305791
268,105,2020-09-25 11:30:00,18.4,18.47,18.34,18.445,217849
269,104,2020-09-25 12:00:00,18.4477,18.53,18.38,18.38,133165
270,103,2020-09-25 12:30:00,18.375,18.52,18.375,18.445,160255
271,102,2020-09-25 13:00:00,18.445,18.56,18.43,18.505,105080
272,101,2020-09-25 13:30:00,18.5,18.55,18.44,18.45,134788
273,100,2020-09-25 14:00:00,18.46,18.51,18.415,18.44,124790
274,99,2020-09-25 14:30:00,18.435,18.51,18.42,18.45,126955
275,98,2020-09-25 15:00:00,18.445,18.535,18.42,18.525,160334
276,97,2020-09-25 15:30:00,18.54,18.68,18.53,18.635,218150
277,96,2020-09-25 16:00:00,18.635,18.645,18.563,18.59,816193
278,95,2020-09-25 16:30:00,18.59,18.6,18.59,18.6,378152
279,94,2020-09-25 17:30:00,18.42,18.42,18.4101,18.4101,425
280,93,2020-09-28 07:30:00,18.75,18.76,18.75,18.76,900
281,92,2020-09-28 08:30:00,18.76,18.76,18.76,18.76,100
282,91,2020-09-28 09:30:00,18.87,18.88,18.87,18.88,420
283,90,2020-09-28 10:00:00,18.87,19.29,18.8,18.97,386047
284,89,2020-09-28 10:30:00,18.98,19.025,18.845,18.86,211027
285,88,2020-09-28 11:00:00,18.86,18.89,18.68,18.82,206884
286,87,2020-09-28 11:30:00,18.84,18.87,18.66,18.715,208242
287,86,2020-09-28 12:00:00,18.71,18.76,18.675,18.745,181236
288,85,2020-09-28 12:30:00,18.755,18.86,18.745,18.81,119340
289,84,2020-09-28 13:00:00,18.805,18.86,18.775,18.805,96453
290,83,2020-09-28 13:30:00,18.805,18.84,18.68,18.685,156281
291,82,2020-09-28 14:00:00,18.685,18.7,18.485,18.495,249134
292,81,2020-09-28 14:30:00,18.495,18.56,18.475,18.495,233982
293,80,2020-09-28 15:00:00,18.49,18.64,18.485,18.58,329185
294,79,2020-09-28 15:30:00,18.575,18.58,18.48,18.58,214019
295,78,2020-09-28 16:00:00,18.58,18.58,18.45,18.47,742504
296,77,2020-09-28 16:30:00,18.47,18.47,18.47,18.47,522700
297,76,2020-09-28 20:00:00,18.47,18.47,18.47,18.47,1000
298,75,2020-09-29 08:00:00,18.53,18.53,18.5,18.5,800
299,74,2020-09-29 08:30:00,18.5301,18.5301,18.5301,18.5301,100
300,73,2020-09-29 09:00:00,18.6,18.6,18.5,18.5,1400
301,72,2020-09-29 10:00:00,18.37,18.63,18.281,18.48,277372
302,71,2020-09-29 10:30:00,18.48,18.505,18.4,18.48,124687
303,70,2020-09-29 11:00:00,18.48,18.48,18.195,18.21,112685
304,69,2020-09-29 11:30:00,18.21,18.27,18.07,18.235,180003
305,68,2020-09-29 12:00:00,18.23,18.245,18.06,18.085,120426
306,67,2020-09-29 12:30:00,18.08,18.1,18.01,18.08,87382
307,66,2020-09-29 13:00:00,18.08,18.085,17.97,17.995,208435
308,65,2020-09-29 13:30:00,18.0,18.06,17.89,18.05,150284
309,64,2020-09-29 14:00:00,18.045,18.12,18.04,18.105,79548
310,63,2020-09-29 14:30:00,18.1,18.145,18.05,18.1383,92406
311,62,2020-09-29 15:00:00,18.135,18.17,18.01,18.035,153704
312,61,2020-09-29 15:30:00,18.04,18.075,17.99,18.025,159195
313,60,2020-09-29 16:00:00,18.025,18.035,17.94,17.97,476044
314,59,2020-09-29 16:30:00,17.98,18.05,17.98,18.05,18736
315,58,2020-09-29 19:00:00,18.05,18.05,18.05,18.05,500
316,57,2020-09-29 20:00:00,18.05,18.05,17.98,17.98,330
317,56,2020-09-30 08:30:00,17.95,17.95,17.9,17.9,304
318,55,2020-09-30 09:00:00,17.95,17.98,17.95,17.98,3025
319,54,2020-09-30 10:00:00,18.05,18.28,18.05,18.235,377270
320,53,2020-09-30 10:30:00,18.23,18.355,18.192,18.22,230599
321,52,2020-09-30 11:00:00,18.22,18.44,18.22,18.36,211341
322,51,2020-09-30 11:30:00,18.36,18.37,18.23,18.26,249215
323,50,2020-09-30 12:00:00,18.27,18.28,18.19,18.23,87984
324,49,2020-09-30 12:30:00,18.23,18.56,18.23,18.545,340808
325,48,2020-09-30 13:00:00,18.55,18.64,18.53,18.6144,292723
326,47,2020-09-30 13:30:00,18.615,18.615,18.495,18.525,136803
327,46,2020-09-30 14:00:00,18.525,18.6,18.47,18.49,141302
328,45,2020-09-30 14:30:00,18.48,18.58,18.0,18.335,149618
329,44,2020-09-30 15:00:00,18.34,18.39,18.22,18.355,161058
330,43,2020-09-30 15:30:00,18.35,18.36,18.08,18.1953,212925
331,42,2020-09-30 16:00:00,18.19,18.34,18.145,18.26,601088
332,41,2020-09-30 16:30:00,18.27,18.28,18.25,18.25,45724
333,40,2020-09-30 20:00:00,18.57,18.57,18.57,18.57,107
334,39,2020-10-01 07:30:00,18.35,18.35,18.35,18.35,505
335,38,2020-10-01 08:30:00,18.4999,18.4999,18.45,18.45,800
336,37,2020-10-01 09:00:00,18.4499,18.5,18.4499,18.5,1500
337,36,2020-10-01 09:30:00,18.35,18.35,18.35,18.35,200
338,35,2020-10-01 10:00:00,18.35,18.465,18.14,18.17,416951
339,34,2020-10-01 10:30:00,18.16,18.1866,17.9,17.92,172669
340,33,2020-10-01 11:00:00,17.91,18.07,17.84,17.88,211005
341,32,2020-10-01 11:30:00,17.89,18.05,17.8,17.99,145347
342,31,2020-10-01 12:00:00,17.995,18.02,17.835,18.01,130358
343,30,2020-10-01 12:30:00,18.0,18.005,17.86,17.87,127115
344,29,2020-10-01 13:00:00,17.87,17.92,17.83,17.89,106994
345,28,2020-10-01 13:30:00,17.895,17.98,17.8801,17.94,97144
346,27,2020-10-01 14:00:00,17.95,17.97,17.82,17.83,138153
347,26,2020-10-01 14:30:00,17.84,17.865,17.71,17.85,183134
348,25,2020-10-01 15:00:00,17.84,17.91,17.84,17.87,134187
349,24,2020-10-01 15:30:00,17.865,17.89,17.75,17.76,222047
350,23,2020-10-01 16:00:00,17.75,17.84,17.75,17.79,715183
351,22,2020-10-01 16:30:00,17.79,17.79,17.79,17.79,212355
352,21,2020-10-01 18:30:00,17.84,17.84,17.84,17.84,200
353,20,2020-10-02 07:30:00,17.7,17.7,17.39,17.39,440
354,19,2020-10-02 08:30:00,17.305,17.5,17.3,17.5,3410
355,18,2020-10-02 09:00:00,17.4998,17.4998,17.39,17.39,1454
356,17,2020-10-02 09:30:00,17.41,17.41,17.28,17.28,5668
357,16,2020-10-02 10:00:00,17.35,17.9,17.3,17.81,481133
358,15,2020-10-02 10:30:00,17.8,18.04,17.77,17.995,200818
359,14,2020-10-02 11:00:00,17.99,18.06,17.92,18.03,150915
360,13,2020-10-02 11:30:00,18.03,18.25,17.9701,18.23,122962
361,12,2020-10-02 12:00:00,18.22,18.33,18.18,18.19,311432
362,11,2020-10-02 12:30:00,18.195,18.54,18.19,18.47,261138
363,10,2020-10-02 13:00:00,18.46,18.58,18.46,18.535,189536
364,9,2020-10-02 13:30:00,18.535,18.57,18.36,18.37,134548
365,8,2020-10-02 14:00:00,18.37,18.42,18.29,18.315,129958
366,7,2020-10-02 14:30:00,18.32,18.45,18.32,18.395,113734
367,6,2020-10-02 15:00:00,18.395,18.485,18.37,18.465,110891
368,5,2020-10-02 15:30:00,18.465,18.47,18.315,18.415,275900
369,4,2020-10-02 16:00:00,18.41,18.43,18.3,18.31,480008
370,3,2020-10-02 16:30:00,18.31,18.31,18.31,18.31,102079
371,2,2020-10-02 18:00:00,18.31,18.31,18.31,18.31,550
372,1,2020-10-02 18:30:00,18.25,18.25,18.25,18.25,250
373,0,2020-10-02 19:00:00,18.25,18.25,18.01,18.01,350
