,index,time,open,high,low,close,volume
0,139,2019-12-10 10:00:00,13.278847801,13.278847801,13.278847801,13.278847801,200
1,138,2019-12-10 10:30:00,13.278847801,13.278847801,13.278847801,13.278847801,200
2,137,2019-12-10 11:00:00,13.2982731897,13.3608016797,13.2982731897,13.307840918399998,1200
3,136,2019-12-10 11:30:00,13.307840918399998,13.307840918399998,13.307840918399998,13.307840918399998,100
4,135,2019-12-10 12:00:00,13.307840918399998,13.307840918399998,13.220861565999998,13.220861565999998,3200
5,134,2019-12-10 12:30:00,13.2885121734,13.394820270799999,13.2885121734,13.3223374772,1400
6,133,2019-12-10 13:00:00,13.2885121734,13.2885121734,13.2885121734,13.2885121734,100
7,132,2019-12-10 13:30:00,13.298176545899999,13.3249468577,13.2885121734,13.298176545899999,800
8,131,2019-12-10 14:00:00,13.298176545899999,13.349107789000001,13.298176545899999,13.298176545899999,310
9,130,2019-12-10 14:30:00,13.298176545899999,13.298176545899999,13.298176545899999,13.298176545899999,100
10,129,2019-12-10 15:00:00,13.298176545899999,13.298176545899999,13.278847801,13.278847801,300
11,128,2019-12-10 15:30:00,13.2885121734,13.2885121734,13.240190311,13.240190311,300
12,127,2019-12-10 16:00:00,13.259519055999998,13.284453137,13.1918684485,13.2305259385,4642
13,126,2019-12-11 13:00:00,13.2933443597,13.2933443597,13.2933443597,13.2933443597,2170
14,125,2019-12-11 16:00:00,13.240190311,13.240190311,13.240190311,13.240190311,100
15,124,2019-12-12 12:00:00,13.259519055999998,13.259519055999998,13.259519055999998,13.259519055999998,400
16,123,2019-12-12 12:30:00,13.304265100599999,13.304265100599999,13.304265100599999,13.304265100599999,340
17,122,2019-12-12 14:30:00,13.240190311,13.240190311,13.211197193499999,13.211197193499999,900
18,121,2019-12-12 15:00:00,13.211197193499999,13.211197193499999,13.211197193499999,13.211197193499999,500
19,120,2019-12-12 16:00:00,13.240190311,13.240190311,13.0082453712,13.0082453712,7504
20,119,2019-12-13 10:00:00,13.146507281600002,13.2025447536,13.146507281600002,13.2025447536,587
21,118,2019-12-13 11:00:00,13.2046776678,13.2046776678,13.2043868159,13.2043868159,200
22,117,2019-12-13 11:30:00,13.224067796500002,13.224067796500002,13.224067796500002,13.224067796500002,200
23,116,2019-12-13 12:30:00,13.22910923,13.22910923,13.22910923,13.22910923,646
24,115,2019-12-13 16:00:00,13.2046776678,13.2046776678,13.001081316099999,13.128086659300001,6600
25,114,2019-12-16 10:30:00,13.2046776678,13.2046776678,13.078641830999999,13.0980319598,2173
26,113,2019-12-16 11:00:00,13.0689467667,13.0800960907,13.0689467667,13.0689467667,1300
27,112,2019-12-16 12:00:00,13.0689467667,13.0689467667,13.0689467667,13.0689467667,200
28,111,2019-12-16 13:30:00,13.0689467667,13.0689467667,13.0495566379,13.0689467667,8301
29,110,2019-12-16 15:00:00,13.078641830999999,13.078641830999999,13.078641830999999,13.078641830999999,200
30,109,2019-12-16 16:00:00,13.078641830999999,13.0883368954,13.0689467667,13.0883368954,1300
31,108,2019-12-17 10:00:00,13.0883368954,13.0883368954,13.0883368954,13.0883368954,903
32,107,2019-12-17 10:30:00,13.0883368954,13.0883368954,13.0883368954,13.0883368954,1572
33,106,2019-12-17 12:00:00,13.078641830999999,13.078641830999999,13.073794298800001,13.073794298800001,1400
34,105,2019-12-17 12:30:00,13.0689467667,13.078641830999999,13.0689467667,13.078641830999999,2961
35,104,2019-12-17 13:30:00,13.073794298800001,13.073794298800001,13.0495566379,13.0495566379,3507
36,103,2019-12-17 14:00:00,13.059251702300001,13.078641830999999,13.0495566379,13.078641830999999,936
37,102,2019-12-17 15:00:00,13.0398615736,13.078641830999999,13.001081316099999,13.001081316099999,6247
38,101,2019-12-17 15:30:00,13.001081316099999,13.078641830999999,13.001081316099999,13.001081316099999,4790
39,100,2019-12-17 16:00:00,13.0204714448,13.028615298900002,13.0107763805,13.0107763805,21130
40,99,2019-12-18 10:00:00,13.0495566379,13.078641830999999,13.0495566379,13.078641830999999,500
41,98,2019-12-18 10:30:00,13.0495566379,13.0495566379,13.0495566379,13.0495566379,1000
42,97,2019-12-18 11:00:00,13.067783358900002,13.067783358900002,13.067783358900002,13.067783358900002,200
43,96,2019-12-18 11:30:00,13.078641830999999,13.078641830999999,13.0629358268,13.0629358268,1215
44,95,2019-12-18 12:30:00,13.0727278418,13.0727278418,13.0689467667,13.0689467667,1673
45,94,2019-12-18 13:00:00,13.0597364555,13.0597364555,13.0597364555,13.0597364555,330
46,93,2019-12-18 13:30:00,13.0495566379,13.0495566379,13.0107763805,13.0107763805,952
47,92,2019-12-18 14:30:00,13.0301665092,13.0301665092,13.0301665092,13.0301665092,200
48,91,2019-12-18 15:30:00,13.010194676600001,13.0301665092,13.010194676600001,13.0301665092,1600
49,90,2019-12-18 16:00:00,13.0301665092,13.0301665092,13.0301665092,13.0301665092,663
50,89,2019-12-18 16:30:00,13.766991401099999,13.766991401099999,13.766991401099999,13.766991401099999,200
51,88,2019-12-19 10:00:00,12.9526059943,13.044709105699999,12.9526059943,13.044709105699999,14466
52,87,2019-12-19 11:00:00,13.0107763805,13.0107763805,13.0107763805,13.0107763805,100
53,86,2019-12-19 11:30:00,13.0107763805,13.0748607559,13.0107763805,13.0748607559,3057
54,85,2019-12-19 14:00:00,13.0398615736,13.0398615736,13.0301665092,13.0398615736,3504
55,84,2019-12-19 15:30:00,13.0883368954,13.0883368954,13.0689467667,13.0689467667,3139
56,83,2019-12-20 10:00:00,13.0107763805,13.0495566379,13.0107763805,13.0495566379,6726
57,82,2019-12-20 11:30:00,13.0495566379,13.0495566379,13.0495566379,13.0495566379,1000
58,81,2019-12-20 12:00:00,13.0689467667,13.0689467667,13.0551797753,13.0689467667,3325
59,80,2019-12-20 12:30:00,13.059251702300001,13.059251702300001,13.059251702300001,13.059251702300001,1000
60,79,2019-12-20 13:30:00,13.0640992345,13.0834893632,13.059251702300001,13.0834893632,2040
61,78,2019-12-20 14:00:00,13.0883368954,13.0883368954,13.078641830999999,13.0863978825,1200
62,77,2019-12-20 14:30:00,13.0883368954,13.0883368954,12.9623010586,12.9623010586,3531
63,76,2019-12-20 16:00:00,13.0883368954,13.0883368954,13.078641830999999,13.0883368954,364
64,75,2019-12-23 10:00:00,13.0883368954,13.0883368954,13.0883368954,13.0883368954,1416
65,74,2019-12-23 10:30:00,13.0787387817,13.0883368954,13.0787387817,13.0883368954,800
66,73,2019-12-23 12:00:00,13.08300461,13.1001648739,13.078641830999999,13.1001648739,6964
67,72,2019-12-23 13:00:00,13.1077270241,13.1077270241,13.1077270241,13.1077270241,874
68,71,2019-12-23 14:00:00,13.124014732300001,13.124014732300001,13.124014732300001,13.124014732300001,200
69,70,2019-12-23 14:30:00,13.1077270241,13.1077270241,13.078641830999999,13.078641830999999,5200
70,69,2019-12-23 15:00:00,13.0798052388,13.0798052388,13.0798052388,13.0798052388,1186
71,68,2019-12-23 16:00:00,13.0689467667,13.1077270241,12.981691187400001,13.0980319598,13438
72,67,2019-12-24 10:30:00,13.0980319598,13.1174220885,13.0980319598,13.1174220885,720
73,66,2019-12-24 11:30:00,13.136812217200001,13.136812217200001,13.136812217200001,13.136812217200001,289
74,65,2019-12-24 12:00:00,13.146507281600002,13.146507281600002,13.146507281600002,13.146507281600002,738
75,64,2019-12-24 12:30:00,13.140399390999999,13.1891655648,13.140399390999999,13.1891655648,2854
76,63,2019-12-24 13:00:00,13.146507281600002,13.1949826034,13.1416597494,13.1791796485,3899
77,62,2019-12-24 13:30:00,13.1791796485,13.1791796485,13.1791796485,13.1791796485,0
78,61,2019-12-24 16:00:00,13.1791796485,13.1791796485,13.1791796485,13.1791796485,0
79,60,2019-12-26 10:30:00,13.1949826034,13.1949826034,13.136812217200001,13.190135071199999,3875
80,59,2019-12-26 12:30:00,13.153681629200001,13.1658974103,13.153681629200001,13.1658974103,520
81,58,2019-12-26 13:00:00,13.156977951099998,13.156977951099998,13.156977951099998,13.156977951099998,260
82,57,2019-12-27 10:00:00,13.0980319598,13.0980319598,13.0980319598,13.0980319598,3260
83,56,2019-12-27 10:30:00,13.1755924747,13.214372732200001,13.1755924747,13.214372732200001,2824
84,55,2019-12-27 11:00:00,13.214372732200001,13.214372732200001,13.214372732200001,13.214372732200001,200
85,54,2019-12-27 11:30:00,13.2192202643,13.224067796500002,13.2192202643,13.224067796500002,300
86,53,2019-12-27 12:30:00,13.2202867214,13.2202867214,13.2202867214,13.2202867214,800
87,52,2019-12-27 13:00:00,13.219705017599999,13.224067796500002,13.219705017599999,13.224067796500002,1900
88,51,2019-12-27 13:30:00,13.259357830799999,13.2725431184,13.224067796500002,13.224067796500002,565
89,50,2019-12-27 14:00:00,13.2583883244,13.275354687,13.2552859038,13.2725431184,1665
90,49,2019-12-27 14:30:00,13.2725431184,13.2725431184,13.233762860899999,13.233762860899999,1650
91,48,2019-12-27 16:00:00,13.2776815025,13.2776815025,13.2776815025,13.2776815025,735
92,47,2019-12-30 11:00:00,13.224067796500002,13.242973172000001,13.185966193599999,13.185966193599999,1671
93,46,2019-12-30 11:30:00,13.2052593717,13.224067796500002,13.2052593717,13.214372732200001,1800
94,45,2019-12-30 12:00:00,13.222128783699999,13.222128783699999,13.2046776678,13.2046776678,725
95,44,2019-12-30 13:00:00,13.215342238599998,13.224067796500002,13.215342238599998,13.224067796500002,530
96,43,2019-12-30 14:30:00,13.214372732200001,13.214372732200001,13.2007996421,13.2046776678,1000
97,42,2019-12-30 15:00:00,13.1949826034,13.1949826034,13.1949826034,13.1949826034,618
98,41,2019-12-30 15:30:00,13.1949826034,13.2046776678,13.1174220885,13.1174220885,5620
99,40,2019-12-30 16:00:00,13.214372732200001,13.2725431184,13.214372732200001,13.2725431184,3181
100,39,2019-12-31 10:00:00,13.262848054,13.262848054,13.262848054,13.262848054,644
101,38,2019-12-31 10:30:00,13.190135071199999,13.2434579253,13.1808278095,13.2434579253,4344
102,37,2019-12-31 11:00:00,13.190135071199999,13.214372732200001,13.136812217200001,13.214372732200001,6548
103,36,2019-12-31 11:30:00,13.224067796500002,13.224067796500002,13.214372732200001,13.214372732200001,1237
104,35,2019-12-31 12:00:00,13.2366713802,13.2366713802,13.2366713802,13.2366713802,4000
105,34,2019-12-31 12:30:00,13.2386103931,13.2386103931,13.2386103931,13.2386103931,100
106,33,2019-12-31 13:00:00,13.224067796500002,13.229012279400001,13.127311054200002,13.127311054200002,9534
107,32,2019-12-31 13:30:00,13.172974807300001,13.172974807300001,13.1658974103,13.1658974103,645
108,31,2019-12-31 14:00:00,13.1658974103,13.1696784854,13.156202345999999,13.156202345999999,890
109,30,2019-12-31 15:00:00,13.1658974103,13.1658974103,13.1658974103,13.1658974103,100
110,29,2019-12-31 15:30:00,13.1658974103,13.1658974103,13.1658974103,13.1658974103,100
111,28,2019-12-31 16:00:00,13.172974807300001,13.172974807300001,13.1658974103,13.1658974103,300
112,27,2020-01-02 10:00:00,13.1755924747,13.2245525498,13.1755924747,13.184802785799999,2562
113,26,2020-01-02 10:30:00,13.2336659103,13.2336659103,13.2336659103,13.2336659103,232
114,25,2020-01-02 11:30:00,13.2425853695,13.2425853695,13.2425853695,13.2425853695,500
115,24,2020-01-02 13:00:00,13.2725431184,13.2822381827,13.2725431184,13.2822381827,2834
116,23,2020-01-02 14:00:00,13.251504828699998,13.251504828699998,13.251504828699998,13.251504828699998,945
117,22,2020-01-02 15:00:00,13.188680811600001,13.209525199999998,13.1852875391,13.209525199999998,1420
118,21,2020-01-02 16:00:00,13.233762860899999,13.233762860899999,13.233762860899999,13.233762860899999,145
119,20,2020-01-03 12:00:00,13.3297439981,13.3297439981,13.2725431184,13.2725431184,480
120,19,2020-01-03 12:30:00,13.250729223499999,13.250729223499999,13.250729223499999,13.250729223499999,2228
121,18,2020-01-03 13:30:00,13.2600364853,13.2600364853,13.2531529896,13.2531529896,1100
122,17,2020-01-03 16:00:00,13.2725431184,13.2725431184,13.2725431184,13.2725431184,146
123,16,2020-01-06 11:00:00,13.3210184402,13.3597986977,13.311323375799999,13.311323375799999,800
124,15,2020-01-06 12:30:00,13.301628311500002,13.3520426462,13.301628311500002,13.3520426462,200
125,14,2020-01-06 13:00:00,13.3307135046,13.3307135046,13.3210184402,13.3210184402,200
126,13,2020-01-06 13:30:00,13.3307135046,13.3307135046,13.3307135046,13.3307135046,100
127,12,2020-01-06 14:30:00,13.3236361076,13.3236361076,13.3236361076,13.3236361076,302
128,11,2020-01-06 15:00:00,13.311323375799999,13.311323375799999,13.311323375799999,13.311323375799999,200
129,10,2020-01-06 15:30:00,13.311323375799999,13.311323375799999,13.2434579253,13.2434579253,1500
130,9,2020-01-06 16:00:00,13.3307135046,13.3307135046,13.3307135046,13.3307135046,145
131,8,2020-01-07 10:00:00,13.2565462622,13.2822381827,13.2531529896,13.262848054,2048
132,7,2020-01-07 12:00:00,13.358926141900001,13.358926141900001,13.358926141900001,13.358926141900001,1000
133,6,2020-01-07 15:00:00,13.2822381827,13.301628311500002,13.2822381827,13.301628311500002,200
134,5,2020-01-07 15:30:00,13.2822381827,13.2822381827,13.281268676300002,13.281365626900001,3210
135,4,2020-01-07 16:00:00,13.307930103299999,13.3501036333,13.307930103299999,13.3501036333,345
136,3,2020-01-08 10:30:00,13.338857358599999,13.338857358599999,13.3279019359,13.3279019359,670
137,2,2020-01-08 15:00:00,13.349424978800002,13.349424978800002,13.349424978800002,13.349424978800002,100
138,1,2020-01-08 15:30:00,13.343123187,13.343123187,13.343123187,13.343123187,200
139,0,2020-01-08 16:00:00,13.3475829166,13.3475829166,13.340408568900001,13.340408568900001,1700
