,index,time,open,high,low,close,volume
0,300,2019-12-10 07:30:00,54.64,54.64,54.64,54.64,400
1,299,2019-12-10 08:30:00,54.93,55.36,54.6,54.6,1800
2,298,2019-12-10 09:00:00,54.81,54.81,54.81,54.81,400
3,297,2019-12-10 10:00:00,54.79,54.79,54.35,54.54,45768
4,296,2019-12-10 10:30:00,54.54,54.85,54.455,54.83,50081
5,295,2019-12-10 11:00:00,54.76,54.83,54.71,54.82,28891
6,294,2019-12-10 11:30:00,54.82,54.86,54.6,54.6789,42896
7,293,2019-12-10 12:00:00,54.68,54.75,54.6,54.62,35511
8,292,2019-12-10 12:30:00,54.61,54.64,54.51,54.56,27271
9,291,2019-12-10 13:00:00,54.57,54.63,54.5,54.62,24378
10,290,2019-12-10 13:30:00,54.62,54.7,54.58,54.7,25747
11,289,2019-12-10 14:00:00,54.685,54.73,54.63,54.68,25556
12,288,2019-12-10 14:30:00,54.695,54.78,54.65,54.75,39504
13,287,2019-12-10 15:00:00,54.75,54.81,54.7,54.81,37448
14,286,2019-12-10 15:30:00,54.78,54.82,54.7,54.8,56981
15,285,2019-12-10 16:00:00,54.8,54.81,54.67,54.79,189960
16,284,2019-12-10 16:30:00,54.78,54.78,54.78,54.78,14878
17,283,2019-12-11 10:00:00,55.0,55.64,54.9,55.5,132169
18,282,2019-12-11 10:30:00,55.5,55.67,55.29,55.29,94018
19,281,2019-12-11 11:00:00,55.26,55.48,55.26,55.37,117641
20,280,2019-12-11 11:30:00,55.34,55.36,55.18,55.305,85278
21,279,2019-12-11 12:00:00,55.3,55.38,55.22,55.31,55362
22,278,2019-12-11 12:30:00,55.325,55.385,55.315,55.32,41737
23,277,2019-12-11 13:00:00,55.32,55.43,55.285,55.37,52143
24,276,2019-12-11 13:30:00,55.365,55.42,55.31,55.36,33674
25,275,2019-12-11 14:00:00,55.37,55.405,55.33,55.34,44075
26,274,2019-12-11 14:30:00,55.3427,55.4,55.24,55.25,52998
27,273,2019-12-11 15:00:00,55.255,55.315,55.18,55.285,67090
28,272,2019-12-11 15:30:00,55.285,55.395,55.23,55.39,69455
29,271,2019-12-11 16:00:00,55.39,55.5,55.345,55.39,237734
30,270,2019-12-11 16:30:00,55.41,55.41,55.41,55.41,20236
31,269,2019-12-11 17:00:00,55.41,55.41,55.41,55.41,470
32,268,2019-12-12 10:00:00,55.45,55.95,55.21,55.92,51908
33,267,2019-12-12 10:30:00,55.9,56.12,55.83,56.07,97117
34,266,2019-12-12 11:00:00,56.05,56.1,55.9,56.01,70640
35,265,2019-12-12 11:30:00,56.04,56.08,55.9,55.9,100952
36,264,2019-12-12 12:00:00,55.91,55.97,55.77,55.9,35372
37,263,2019-12-12 12:30:00,55.89,55.97,55.86,55.93,33600
38,262,2019-12-12 13:00:00,55.98,56.15,55.97,55.98,30395
39,261,2019-12-12 13:30:00,55.99,56.055,55.97,55.99,17961
40,260,2019-12-12 14:00:00,55.99,56.0,55.86,55.9,22052
41,259,2019-12-12 14:30:00,55.89,55.92,55.81,55.87,39540
42,258,2019-12-12 15:00:00,55.86,56.21,55.85,56.15,55375
43,257,2019-12-12 15:30:00,56.16,56.26,56.14,56.21,78228
44,256,2019-12-12 16:00:00,56.205,56.22,56.055,56.13,244143
45,255,2019-12-12 16:30:00,56.13,56.13,56.1,56.1,157198
46,254,2019-12-13 08:30:00,56.09,56.23,56.06,56.23,1300
47,253,2019-12-13 09:30:00,56.2,56.2,56.2,56.2,109
48,252,2019-12-13 10:00:00,56.26,56.39,56.12,56.38,101784
49,251,2019-12-13 10:30:00,56.32,56.72,56.3,56.49,58119
50,250,2019-12-13 11:00:00,56.48,56.48,55.99,55.995,66645
51,249,2019-12-13 11:30:00,55.99,56.15,55.79,55.82,93145
52,248,2019-12-13 12:00:00,55.82,56.11,55.82,55.89,47298
53,247,2019-12-13 12:30:00,55.89,55.93,55.78,55.88,53384
54,246,2019-12-13 13:00:00,55.89,55.91,55.77,55.82,49404
55,245,2019-12-13 13:30:00,55.815,55.83,55.71,55.73,36319
56,244,2019-12-13 14:00:00,55.73,55.78,55.65,55.78,51099
57,243,2019-12-13 14:30:00,55.77,55.81,55.72,55.72,31134
58,242,2019-12-13 15:00:00,55.73,55.77,55.66,55.71,59482
59,241,2019-12-13 15:30:00,55.72,55.79,55.68,55.72,63856
60,240,2019-12-13 16:00:00,55.73,55.8649,55.71,55.77,211345
61,239,2019-12-13 16:30:00,55.78,55.78,55.78,55.78,16686
62,238,2019-12-16 09:00:00,55.8,55.8,55.7527,55.7527,200
63,237,2019-12-16 10:00:00,56.36,56.36,55.77,55.87,85512
64,236,2019-12-16 10:30:00,55.85,56.0,55.73,55.96,218090
65,235,2019-12-16 11:00:00,55.99,55.99,55.49,55.49,106007
66,234,2019-12-16 11:30:00,55.48,55.84,55.48,55.82,97276
67,233,2019-12-16 12:00:00,55.81,55.83,55.64,55.68,44827
68,232,2019-12-16 12:30:00,55.68,55.8,55.68,55.8,43328
69,231,2019-12-16 13:00:00,55.8,55.845,55.79,55.82,49395
70,230,2019-12-16 13:30:00,55.82,55.855,55.78,55.8,62732
71,229,2019-12-16 14:00:00,55.81,55.855,55.805,55.84,27588
72,228,2019-12-16 14:30:00,55.85,55.85,55.72,55.72,23847
73,227,2019-12-16 15:00:00,55.72,55.74,55.59,55.6,41727
74,226,2019-12-16 15:30:00,55.59,55.61,55.49,55.52,56818
75,225,2019-12-16 16:00:00,55.53,55.53,55.19,55.21,325557
76,224,2019-12-16 16:30:00,55.22,55.22,55.22,55.22,44746
77,223,2019-12-17 09:30:00,55.47,55.5,55.47,55.5,200
78,222,2019-12-17 10:00:00,55.24,55.32,55.05,55.21,86012
79,221,2019-12-17 10:30:00,55.195,55.29,55.1,55.18,57360
80,220,2019-12-17 11:00:00,55.16,55.225,54.93,54.95,121663
81,219,2019-12-17 11:30:00,54.95,55.06,54.7973,54.99,88675
82,218,2019-12-17 12:00:00,55.01,55.31,55.01,55.27,42905
83,217,2019-12-17 12:30:00,55.265,55.29,55.23,55.28,45355
84,216,2019-12-17 13:00:00,55.29,55.42,55.25,55.42,38552
85,215,2019-12-17 13:30:00,55.41,55.4756,55.35,55.37,90741
86,214,2019-12-17 14:00:00,55.35,55.35,55.2,55.28,62175
87,213,2019-12-17 14:30:00,55.29,55.3,55.22,55.23,49678
88,212,2019-12-17 15:00:00,55.23,55.3,55.14,55.27,65731
89,211,2019-12-17 15:30:00,55.27,55.3,55.15,55.23,102911
90,210,2019-12-17 16:00:00,55.225,55.2831,55.22,55.25,284700
91,209,2019-12-17 16:30:00,55.27,55.27,55.27,55.27,141105
92,208,2019-12-18 10:00:00,55.32,55.32,54.89,54.9,41113
93,207,2019-12-18 10:30:00,54.88,55.32,54.78,54.985,134920
94,206,2019-12-18 11:00:00,55.0,55.04,54.87,55.02,42382
95,205,2019-12-18 11:30:00,55.04,55.25,55.03,55.17,38139
96,204,2019-12-18 12:00:00,55.1866,55.23,55.01,55.01,55979
97,203,2019-12-18 12:30:00,55.0,55.015,54.77,54.825,41024
98,202,2019-12-18 13:00:00,54.82,54.86,54.7,54.7,28365
99,201,2019-12-18 13:30:00,54.72,54.7925,54.59,54.65,103022
100,200,2019-12-18 14:00:00,54.63,54.81,54.62,54.81,152866
101,199,2019-12-18 14:30:00,54.83,54.98,54.76,54.765,42006
102,198,2019-12-18 15:00:00,54.77,54.86,54.745,54.8,48100
103,197,2019-12-18 15:30:00,54.79,54.8,54.69,54.73,70624
104,196,2019-12-18 16:00:00,54.725,54.92,54.675,54.82,338577
105,195,2019-12-18 16:30:00,54.83,54.83,54.83,54.83,110651
106,194,2019-12-19 10:00:00,54.79,55.25,54.785,55.22,40066
107,193,2019-12-19 10:30:00,55.245,55.48,55.175,55.48,55210
108,192,2019-12-19 11:00:00,55.47,55.74,55.47,55.54,51984
109,191,2019-12-19 11:30:00,55.54,55.65,55.44,55.58,50385
110,190,2019-12-19 12:00:00,55.6,55.6,55.48,55.51,30325
111,189,2019-12-19 12:30:00,55.505,55.53,55.37,55.37,55536
112,188,2019-12-19 13:00:00,55.37,55.42,55.16,55.26,37395
113,187,2019-12-19 13:30:00,55.27,55.32,55.22,55.31,33113
114,186,2019-12-19 14:00:00,55.31,55.36,55.29,55.35,45345
115,185,2019-12-19 14:30:00,55.35,55.4,55.3,55.32,64972
116,184,2019-12-19 15:00:00,55.32,55.41,55.3,55.38,63470
117,183,2019-12-19 15:30:00,55.38,55.45,55.37,55.375,77198
118,182,2019-12-19 16:00:00,55.375,55.41,55.28,55.34,306328
119,181,2019-12-19 16:30:00,55.34,55.34,55.34,55.34,605362
120,180,2019-12-19 17:30:00,55.34,55.34,55.34,55.34,4324
121,179,2019-12-20 09:30:00,56.53,56.53,56.53,56.53,300
122,178,2019-12-20 10:00:00,56.03,57.14,56.0,57.08,722987
123,177,2019-12-20 10:30:00,57.1,57.98,56.95,57.87,321331
124,176,2019-12-20 11:00:00,57.87,57.925,57.46,57.56,171564
125,175,2019-12-20 11:30:00,57.58,57.82,57.5,57.55,95008
126,174,2019-12-20 12:00:00,57.575,57.59,57.25,57.37,61558
127,173,2019-12-20 12:30:00,57.43,57.64,57.29,57.63,44507
128,172,2019-12-20 13:00:00,57.615,57.615,57.4368,57.48,37620
129,171,2019-12-20 13:30:00,57.48,57.65,57.47,57.54,52409
130,170,2019-12-20 14:00:00,57.55,57.56,57.36,57.38,38518
131,169,2019-12-20 14:30:00,57.37,57.49,57.21,57.48,85850
132,168,2019-12-20 15:00:00,57.48,57.59,57.39,57.56,105382
133,167,2019-12-20 15:30:00,57.565,57.61,57.37,57.37,78320
134,166,2019-12-20 16:00:00,57.38,57.64,57.25,57.56,451021
135,165,2019-12-20 16:30:00,57.56,57.56,57.48,57.555,87254
136,164,2019-12-20 17:00:00,57.5,57.56,57.5,57.5,22883
137,163,2019-12-20 17:30:00,57.2,57.2,57.2,57.2,500
138,162,2019-12-20 18:00:00,57.3,57.3,57.3,57.3,500
139,161,2019-12-20 20:00:00,57.5,57.5,57.5,57.5,250
140,160,2019-12-23 07:30:00,56.9,56.9,56.9,56.9,100
141,159,2019-12-23 09:30:00,57.51,57.51,57.51,57.51,100
142,158,2019-12-23 10:00:00,57.52,57.85,57.3601,57.79,88053
143,157,2019-12-23 10:30:00,57.8,57.92,57.71,57.74,75719
144,156,2019-12-23 11:00:00,57.715,57.96,57.7,57.9371,54079
145,155,2019-12-23 11:30:00,57.935,58.06,57.93,58.04,68823
146,154,2019-12-23 12:00:00,58.03,58.2,58.01,58.18,64110
147,153,2019-12-23 12:30:00,58.18,58.19,58.01,58.08,98513
148,152,2019-12-23 13:00:00,58.08,58.24,58.07,58.22,39639
149,151,2019-12-23 13:30:00,58.23,58.47,58.22,58.47,45777
150,150,2019-12-23 14:00:00,58.48,58.48,58.28,58.355,50266
151,149,2019-12-23 14:30:00,58.36,58.405,58.31,58.345,67738
152,148,2019-12-23 15:00:00,58.35,58.41,58.3,58.38,61348
153,147,2019-12-23 15:30:00,58.375,58.46,58.375,58.41,60800
154,146,2019-12-23 16:00:00,58.415,58.52,58.35,58.51,262878
155,145,2019-12-23 16:30:00,58.51,58.51,58.51,58.51,546824
156,144,2019-12-24 10:00:00,58.57,58.57,58.2,58.34,58795
157,143,2019-12-24 10:30:00,58.345,58.38,58.155,58.245,69441
158,142,2019-12-24 11:00:00,58.23,58.36,58.19,58.275,66344
159,141,2019-12-24 11:30:00,58.25,58.34,58.04,58.34,55381
160,140,2019-12-24 12:00:00,58.32,58.37,58.27,58.3,43821
161,139,2019-12-24 12:30:00,58.28,58.36,58.22,58.325,41031
162,138,2019-12-24 13:00:00,58.32,58.4,58.23,58.38,89043
163,137,2019-12-24 13:30:00,58.42,58.42,58.38,58.38,74025
164,136,2019-12-24 16:00:00,58.38,58.38,58.38,58.38,0
165,135,2019-12-24 16:30:00,58.54,58.54,58.49,58.49,600
166,134,2019-12-24 17:00:00,58.48,58.48,58.48,58.48,200
167,133,2019-12-26 10:00:00,58.48,58.48,58.1,58.22,107698
168,132,2019-12-26 10:30:00,58.22,58.47,58.21,58.44,21565
169,131,2019-12-26 11:00:00,58.46,58.54,58.42,58.5,29842
170,130,2019-12-26 11:30:00,58.51,58.64,58.5,58.62,27421
171,129,2019-12-26 12:00:00,58.61,58.64,58.555,58.61,18150
172,128,2019-12-26 12:30:00,58.62,58.71,58.61,58.64,23444
173,127,2019-12-26 13:00:00,58.61,58.78,58.61,58.78,23618
174,126,2019-12-26 13:30:00,58.77,58.92,58.77,58.905,31764
175,125,2019-12-26 14:00:00,58.905,59.1,58.89,59.07,125797
176,124,2019-12-26 14:30:00,59.07,59.07,58.87,58.92,33476
177,123,2019-12-26 15:00:00,58.91,58.93,58.82,58.83,25998
178,122,2019-12-26 15:30:00,58.84,58.85,58.72,58.75,41816
179,121,2019-12-26 16:00:00,58.74,59.12,58.73,59.08,238011
180,120,2019-12-26 16:30:00,59.11,59.11,59.06,59.06,14748
181,119,2019-12-27 08:30:00,59.05,59.2,59.05,59.2,600
182,118,2019-12-27 10:00:00,59.2,59.34,58.96,59.01,43440
183,117,2019-12-27 10:30:00,59.02,59.22,58.91,58.97,42614
184,116,2019-12-27 11:00:00,58.95,59.02,58.88,59.0,28679
185,115,2019-12-27 11:30:00,59.02,59.05,58.9,58.91,31693
186,114,2019-12-27 12:00:00,58.89,59.01,58.87,58.97,22558
187,113,2019-12-27 12:30:00,58.975,59.02,58.89,58.93,29747
188,112,2019-12-27 13:00:00,58.93,59.0,58.88,59.0,21804
189,111,2019-12-27 13:30:00,59.0,59.02,58.93,58.99,21594
190,110,2019-12-27 14:00:00,58.98,59.03,58.86,58.88,39817
191,109,2019-12-27 14:30:00,58.9,58.92,58.81,58.88,27081
192,108,2019-12-27 15:00:00,58.88,59.18,58.88,59.12,80310
193,107,2019-12-27 15:30:00,59.13,59.26,59.08,59.17,114486
194,106,2019-12-27 16:00:00,59.17,59.23,59.02,59.1,179275
195,105,2019-12-27 16:30:00,59.11,59.11,59.11,59.11,8372
196,104,2019-12-30 10:00:00,59.1,59.11,58.53,58.665,37695
197,103,2019-12-30 10:30:00,58.675,58.675,58.34,58.425,30675
198,102,2019-12-30 11:00:00,58.42,58.52,58.33,58.37,33220
199,101,2019-12-30 11:30:00,58.36,58.455,58.3,58.37,32285
200,100,2019-12-30 12:00:00,58.385,58.4,58.27,58.31,32916
201,99,2019-12-30 12:30:00,58.29,58.61,58.25,58.59,27231
202,98,2019-12-30 13:00:00,58.58,58.7,58.57,58.605,21099
203,97,2019-12-30 13:30:00,58.6,58.68,58.58,58.605,18500
204,96,2019-12-30 14:00:00,58.605,58.73,58.58,58.72,25147
205,95,2019-12-30 14:30:00,58.71,58.71,58.59,58.71,33896
206,94,2019-12-30 15:00:00,58.74,58.74,58.65,58.71,31998
207,93,2019-12-30 15:30:00,58.705,58.705,58.56,58.56,33915
208,92,2019-12-30 16:00:00,58.56,58.6,58.45,58.58,115091
209,91,2019-12-30 16:30:00,58.59,58.59,58.59,58.59,17275
210,90,2019-12-31 10:00:00,58.5,58.65,58.31,58.52,61456
211,89,2019-12-31 10:30:00,58.51,58.63,58.37,58.51,75628
212,88,2019-12-31 11:00:00,58.51,58.6,58.38,58.47,33029
213,87,2019-12-31 11:30:00,58.45,58.52,58.4,58.46,30527
214,86,2019-12-31 12:00:00,58.47,58.48,58.35,58.43,25108
215,85,2019-12-31 12:30:00,58.43,58.49,58.37,58.46,26291
216,84,2019-12-31 13:00:00,58.44,58.47,58.37,58.39,23909
217,83,2019-12-31 13:30:00,58.41,58.42,58.34,58.39,18794
218,82,2019-12-31 14:00:00,58.43,58.56,58.41,58.5,33651
219,81,2019-12-31 14:30:00,58.5,58.53,58.37,58.42,37504
220,80,2019-12-31 15:00:00,58.42,58.42,58.295,58.3,31272
221,79,2019-12-31 15:30:00,58.3,58.55,58.3,58.52,61033
222,78,2019-12-31 16:00:00,58.52,58.54,58.275,58.39,195581
223,77,2019-12-31 16:30:00,58.41,58.41,58.41,58.41,47379
224,76,2020-01-02 09:30:00,58.45,58.45,58.45,58.45,100
225,75,2020-01-02 10:00:00,58.79,59.105,58.23,58.585,78378
226,74,2020-01-02 10:30:00,58.59,58.64,58.15,58.33,49179
227,73,2020-01-02 11:00:00,58.3,58.52,58.17,58.51,73749
228,72,2020-01-02 11:30:00,58.5,58.53,58.31,58.35,53152
229,71,2020-01-02 12:00:00,58.4,58.44,58.23,58.44,41723
230,70,2020-01-02 12:30:00,58.45,58.59,58.44,58.58,25545
231,69,2020-01-02 13:00:00,58.58,58.58,58.4,58.41,25361
232,68,2020-01-02 13:30:00,58.4,58.47,58.345,58.37,23376
233,67,2020-01-02 14:00:00,58.38,58.38,58.2479,58.27,25423
234,66,2020-01-02 14:30:00,58.28,58.41,58.27,58.39,33694
235,65,2020-01-02 15:00:00,58.39,58.405,58.34,58.37,39129
236,64,2020-01-02 15:30:00,58.38,58.55,58.38,58.51,54846
237,63,2020-01-02 16:00:00,58.51,58.83,58.49,58.83,243362
238,62,2020-01-02 16:30:00,58.83,58.83,58.83,58.83,44919
239,61,2020-01-02 19:30:00,58.8,58.8,58.8,58.8,600
240,60,2020-01-03 07:30:00,57.8,57.8,57.8,57.8,1150
241,59,2020-01-03 08:00:00,57.8,57.8,57.8,57.8,350
242,58,2020-01-03 09:30:00,57.61,57.61,57.59,57.59,592
243,57,2020-01-03 10:00:00,57.74,58.22,57.25,57.56,153093
244,56,2020-01-03 10:30:00,57.52,57.59,57.26,57.465,69934
245,55,2020-01-03 11:00:00,57.47,57.5,57.25,57.33,103776
246,54,2020-01-03 11:30:00,57.35,57.75,57.31,57.64,55891
247,53,2020-01-03 12:00:00,57.63,57.9,57.555,57.8,90034
248,52,2020-01-03 12:30:00,57.81,57.81,57.58,57.61,85110
249,51,2020-01-03 13:00:00,57.605,57.86,57.59,57.72,93906
250,50,2020-01-03 13:30:00,57.73,57.82,57.7,57.72,47656
251,49,2020-01-03 14:00:00,57.73,57.78,57.555,57.58,50269
252,48,2020-01-03 14:30:00,57.59,57.625,57.47,57.53,50935
253,47,2020-01-03 15:00:00,57.5129,57.59,57.465,57.5575,66182
254,46,2020-01-03 15:30:00,57.555,57.65,57.39,57.41,155401
255,45,2020-01-03 16:00:00,57.4,57.65,57.31,57.58,308215
256,44,2020-01-03 16:30:00,57.6,57.715,57.593,57.715,43746
257,43,2020-01-06 10:00:00,57.08,57.08,56.58,56.64,111548
258,42,2020-01-06 10:30:00,56.64,57.0,56.52,56.99,227087
259,41,2020-01-06 11:00:00,57.01,57.27,56.82,56.82,100187
260,40,2020-01-06 11:30:00,56.86,57.04,56.75,56.94,224366
261,39,2020-01-06 12:00:00,56.94,56.99,56.74,56.865,97437
262,38,2020-01-06 12:30:00,56.85,56.95,56.71,56.92,47202
263,37,2020-01-06 13:00:00,56.93,56.95,56.86,56.9,43410
264,36,2020-01-06 13:30:00,56.91,57.025,56.88,56.97,77947
265,35,2020-01-06 14:00:00,56.965,57.03,56.79,56.8,59890
266,34,2020-01-06 14:30:00,56.8,56.83,56.725,56.815,67103
267,33,2020-01-06 15:00:00,56.815,56.815,56.675,56.73,94497
268,32,2020-01-06 15:30:00,56.71,56.84,56.67,56.74,99197
269,31,2020-01-06 16:00:00,56.73,56.8,56.62,56.77,355589
270,30,2020-01-06 16:30:00,56.8,56.8,56.8,56.8,299545
271,29,2020-01-07 08:30:00,56.7999,56.7999,56.7999,56.7999,100
272,28,2020-01-07 10:00:00,56.55,56.93,56.4775,56.62,65777
273,27,2020-01-07 10:30:00,56.63,56.73,56.56,56.69,52298
274,26,2020-01-07 11:00:00,56.71,56.79,56.61,56.77,168081
275,25,2020-01-07 11:30:00,56.77,57.27,56.745,57.23,87972
276,24,2020-01-07 12:00:00,57.24,57.26,57.01,57.05,182818
277,23,2020-01-07 12:30:00,57.055,57.19,57.02,57.105,161060
278,22,2020-01-07 13:00:00,57.105,57.105,56.83,56.86,47941
279,21,2020-01-07 13:30:00,56.88,56.99,56.84,56.87,54630
280,20,2020-01-07 14:00:00,56.87,56.915,56.86,56.87,43730
281,19,2020-01-07 14:30:00,56.88,56.97,56.835,56.955,56568
282,18,2020-01-07 15:00:00,56.96,57.0,56.95,56.99,51166
283,17,2020-01-07 15:30:00,56.99,57.01,56.92,56.99,87537
284,16,2020-01-07 16:00:00,56.99,57.0,56.87,56.97,282066
285,15,2020-01-07 16:30:00,56.97,56.97,56.97,56.97,59987
286,14,2020-01-08 09:30:00,56.99,57.0,56.98,57.0,1092
287,13,2020-01-08 10:00:00,57.03,57.54,56.96,57.45,66408
288,12,2020-01-08 10:30:00,57.48,57.53,57.07,57.12,53336
289,11,2020-01-08 11:00:00,57.11,57.16,56.92,57.07,40788
290,10,2020-01-08 11:30:00,57.08,57.33,57.04,57.31,40517
291,9,2020-01-08 12:00:00,57.31,57.66,57.16,57.55,52775
292,8,2020-01-08 12:30:00,57.55,57.68,57.54,57.65,54320
293,7,2020-01-08 13:00:00,57.64,57.68,57.57,57.64,38253
294,6,2020-01-08 13:30:00,57.64,57.645,57.48,57.48,37602
295,5,2020-01-08 14:00:00,57.49,57.51,57.43,57.495,58361
296,4,2020-01-08 14:30:00,57.5,57.73,57.5,57.72,94996
297,3,2020-01-08 15:00:00,57.72,57.85,57.705,57.83,44040
298,2,2020-01-08 15:30:00,57.845,57.92,57.8,57.88,52747
299,1,2020-01-08 16:00:00,57.87,57.91,57.57,57.59,233587
300,0,2020-01-08 16:30:00,57.57,57.57,57.57,57.57,108012
301,350,2020-01-09 07:30:00,57.79,57.8,57.78,57.79,1964
302,349,2020-01-09 08:30:00,57.51,57.51,57.5,57.5,2100
303,348,2020-01-09 09:30:00,57.91,57.91,57.91,57.91,200
304,347,2020-01-09 10:00:00,58.06,58.08,57.52,57.81,53570
305,346,2020-01-09 10:30:00,57.85,57.85,57.55,57.645,39781
306,345,2020-01-09 11:00:00,57.645,57.93,57.645,57.86,31894
307,344,2020-01-09 11:30:00,57.89,58.02,57.85,58.02,42378
308,343,2020-01-09 12:00:00,58.02,58.13,57.99,58.08,40394
309,342,2020-01-09 12:30:00,58.07,58.11,57.91,57.94,35864
310,341,2020-01-09 13:00:00,57.93,58.08,57.82,58.065,36079
311,340,2020-01-09 13:30:00,58.065,58.065,57.88,57.95,37657
312,339,2020-01-09 14:00:00,57.94,57.96,57.84,57.86,24653
313,338,2020-01-09 14:30:00,57.86,57.99,57.86,57.94,30948
314,337,2020-01-09 15:00:00,57.94,58.05,57.87,57.9,35841
315,336,2020-01-09 15:30:00,57.9,57.99,57.89,57.94,32361
316,335,2020-01-09 16:00:00,57.945,58.08,57.94,58.06,194946
317,334,2020-01-09 16:30:00,58.06,58.06,58.06,58.06,32457
318,333,2020-01-09 17:00:00,58.06,58.06,58.06,58.06,19696
319,332,2020-01-10 09:30:00,58.11,58.11,58.11,58.11,500
320,331,2020-01-10 10:00:00,58.23,58.39,57.77,58.21,47665
321,330,2020-01-10 10:30:00,58.25,58.25,58.0,58.04,27056
322,329,2020-01-10 11:00:00,58.0,58.02,57.9,57.97,32488
323,328,2020-01-10 11:30:00,57.985,57.985,57.67,57.755,37965
324,327,2020-01-10 12:00:00,57.75,57.8,57.574,57.61,45271
325,326,2020-01-10 12:30:00,57.62,57.82,57.61,57.64,58967
326,325,2020-01-10 13:00:00,57.64,57.82,57.61,57.755,49855
327,324,2020-01-10 13:30:00,57.76,57.91,57.75,57.845,27682
328,323,2020-01-10 14:00:00,57.845,58.025,57.84,57.9,21389
329,322,2020-01-10 14:30:00,57.89,57.89,57.75,57.8,63362
330,321,2020-01-10 15:00:00,57.81,57.92,57.79,57.91,26785
331,320,2020-01-10 15:30:00,57.905,57.92,57.81,57.85,51482
332,319,2020-01-10 16:00:00,57.84,58.02,57.72,57.95,296489
333,318,2020-01-10 16:30:00,57.96,57.96,57.96,57.96,16756
334,317,2020-01-13 08:30:00,57.89,57.98,57.89,57.98,2585
335,316,2020-01-13 10:00:00,57.98,58.005,57.595,57.7012,92498
336,315,2020-01-13 10:30:00,57.68,57.76,57.3,57.5636,68026
337,314,2020-01-13 11:00:00,57.58,57.625,57.48,57.505,41005
338,313,2020-01-13 11:30:00,57.53,57.58,57.4,57.57,43123
339,312,2020-01-13 12:00:00,57.58,57.66,57.48,57.54,43727
340,311,2020-01-13 12:30:00,57.56,57.625,57.5,57.61,74600
341,310,2020-01-13 13:00:00,57.61,57.77,57.58,57.64,50405
342,309,2020-01-13 13:30:00,57.63,57.74,57.59,57.69,33595
343,308,2020-01-13 14:00:00,57.69,57.72,57.6,57.68,30496
344,307,2020-01-13 14:30:00,57.7,57.82,57.65,57.795,34346
345,306,2020-01-13 15:00:00,57.795,57.83,57.75,57.81,57872
346,305,2020-01-13 15:30:00,57.81,57.89,57.73,57.74,37647
347,304,2020-01-13 16:00:00,57.74,57.89,57.74,57.82,213384
348,303,2020-01-13 16:30:00,57.84,57.84,57.84,57.84,263626
349,302,2020-01-14 10:00:00,57.77,58.0,57.68,57.87,57420
350,301,2020-01-14 10:30:00,57.81,57.895,57.72,57.785,53871
351,300,2020-01-14 11:00:00,57.77,57.89,57.74,57.78,73893
352,299,2020-01-14 11:30:00,57.83,57.93,57.78,57.88,47027
353,298,2020-01-14 12:00:00,57.87,57.99,57.87,57.925,24005
354,297,2020-01-14 12:30:00,57.94,57.98,57.9,57.93,41128
355,296,2020-01-14 13:00:00,57.92,57.99,57.905,57.97,38935
356,295,2020-01-14 13:30:00,57.95,58.085,57.95,58.04,43998
357,294,2020-01-14 14:00:00,58.035,58.075,57.81,57.885,49323
358,293,2020-01-14 14:30:00,57.915,57.93,57.79,57.89,49598
359,292,2020-01-14 15:00:00,57.89,58.05,57.86,58.0,51374
360,291,2020-01-14 15:30:00,58.01,58.02,57.83,57.84,94186
361,290,2020-01-14 16:00:00,57.84,57.97,57.81,57.9,210347
362,289,2020-01-14 16:30:00,57.85,57.9,57.85,57.9,63947
363,288,2020-01-14 17:30:00,57.9,57.9,57.9,57.9,18036
364,287,2020-01-15 10:00:00,57.87,58.25,57.7894,58.005,52279
365,286,2020-01-15 10:30:00,58.03,58.04,57.67,57.72,29184
366,285,2020-01-15 11:00:00,57.72,57.81,57.61,57.64,63277
367,284,2020-01-15 11:30:00,57.65,57.69,57.49,57.49,156707
368,283,2020-01-15 12:00:00,57.5,57.62,57.46,57.51,80367
369,282,2020-01-15 12:30:00,57.47,57.47,57.32,57.32,53562
370,281,2020-01-15 13:00:00,57.33,57.36,57.16,57.16,41468
371,280,2020-01-15 13:30:00,57.17,57.25,57.15,57.21,60094
372,279,2020-01-15 14:00:00,57.21,57.27,57.16,57.17,43519
373,278,2020-01-15 14:30:00,57.17,57.58,57.15,57.505,80980
374,277,2020-01-15 15:00:00,57.5,57.53,57.415,57.415,82847
375,276,2020-01-15 15:30:00,57.43,57.47,57.23,57.28,95933
376,275,2020-01-15 16:00:00,57.275,57.59,57.24,57.55,224060
377,274,2020-01-15 16:30:00,57.54,57.54,57.523,57.54,17520
378,273,2020-01-15 18:00:00,57.05,57.05,57.05,57.05,200
379,272,2020-01-16 10:00:00,57.75,58.13,57.735,57.78,79623
380,271,2020-01-16 10:30:00,57.79,58.0,57.69,57.99,67340
381,270,2020-01-16 11:00:00,57.99,58.4,57.97,58.34,78342
382,269,2020-01-16 11:30:00,58.36,58.48,58.26,58.284,64308
383,268,2020-01-16 12:00:00,58.28,58.31,58.17,58.185,42206
384,267,2020-01-16 12:30:00,58.2,58.37,58.19,58.35,37600
385,266,2020-01-16 13:00:00,58.37,58.53,58.37,58.48,35605
386,265,2020-01-16 13:30:00,58.47,58.49,58.352,58.39,50502
387,264,2020-01-16 14:00:00,58.39,58.48,58.39,58.46,36778
388,263,2020-01-16 14:30:00,58.46,58.47,58.28,58.28,25310
389,262,2020-01-16 15:00:00,58.28,58.38,58.22,58.35,44450
390,261,2020-01-16 15:30:00,58.35,58.44,58.32,58.39,36777
391,260,2020-01-16 16:00:00,58.395,58.61,58.395,58.59,189435
392,259,2020-01-16 16:30:00,58.58,58.58,58.58,58.58,203089
393,258,2020-01-16 18:30:00,58.61,58.61,58.61,58.61,200
394,257,2020-01-17 07:30:00,59.1,59.1,59.1,59.1,100
395,256,2020-01-17 10:00:00,58.85,59.54,58.54,59.45,332820
396,255,2020-01-17 10:30:00,59.4,59.74,59.34,59.68,77288
397,254,2020-01-17 11:00:00,59.67,59.75,59.45,59.53,91444
398,253,2020-01-17 11:30:00,59.53,59.54,59.14,59.32,96914
399,252,2020-01-17 12:00:00,59.32,59.55,59.32,59.55,53903
400,251,2020-01-17 12:30:00,59.55,59.625,59.51,59.54,70524
401,250,2020-01-17 13:00:00,59.54,59.565,59.47,59.48,27841
402,249,2020-01-17 13:30:00,59.49,59.575,59.47,59.52,32248
403,248,2020-01-17 14:00:00,59.53,59.57,59.5,59.54,29255
404,247,2020-01-17 14:30:00,59.54,59.58,59.48,59.515,36014
405,246,2020-01-17 15:00:00,59.52,59.705,59.51,59.68,91919
406,245,2020-01-17 15:30:00,59.68,59.73,59.6,59.725,125670
407,244,2020-01-17 16:00:00,59.725,59.78,59.62,59.64,352113
408,243,2020-01-17 16:30:00,59.65,59.65,59.65,59.65,61432
409,242,2020-01-21 10:00:00,59.0,59.0,58.18,58.44,205077
410,241,2020-01-21 10:30:00,58.44,58.56,58.075,58.22,107834
411,240,2020-01-21 11:00:00,58.25,58.415,58.13,58.33,80254
412,239,2020-01-21 11:30:00,58.32,58.628,58.3,58.6,72763
413,238,2020-01-21 12:00:00,58.61,58.95,58.54,58.93,67641
414,237,2020-01-21 12:30:00,58.91,58.94,58.66,58.74,42579
415,236,2020-01-21 13:00:00,58.75,58.955,58.67,58.955,52925
416,235,2020-01-21 13:30:00,58.96,59.03,58.585,58.62,89947
417,234,2020-01-21 14:00:00,58.59,58.64,57.77,57.79,204531
418,233,2020-01-21 14:30:00,57.805,57.96,57.65,57.76,133569
419,232,2020-01-21 15:00:00,57.755,57.84,57.573,57.7,125588
420,231,2020-01-21 15:30:00,57.68,58.13,57.68,58.115,71333
421,230,2020-01-21 16:00:00,58.1,58.145,57.833,57.91,291767
422,229,2020-01-21 16:30:00,57.95,57.95,57.95,57.95,305376
423,228,2020-01-21 18:30:00,57.52,57.52,57.52,57.52,100
424,227,2020-01-21 19:00:00,57.5001,57.5001,57.5001,57.5001,1000
425,226,2020-01-22 07:30:00,58.02,58.02,58.02,58.02,500
426,225,2020-01-22 08:30:00,57.88,58.02,57.88,58.02,1300
427,224,2020-01-22 10:00:00,58.13,58.43,57.94,58.42,81077
428,223,2020-01-22 10:30:00,58.48,58.68,58.34,58.43,110307
429,222,2020-01-22 11:00:00,58.41,58.575,58.315,58.315,74981
430,221,2020-01-22 11:30:00,58.315,58.41,58.07,58.105,70694
431,220,2020-01-22 12:00:00,58.12,58.28,58.065,58.28,42506
432,219,2020-01-22 12:30:00,58.28,58.34,58.18,58.28,35633
433,218,2020-01-22 13:00:00,58.3,58.32,58.22,58.235,39091
434,217,2020-01-22 13:30:00,58.23,58.37,58.23,58.27,71231
435,216,2020-01-22 14:00:00,58.25,58.255,57.88,58.01,132689
436,215,2020-01-22 14:30:00,58.01,58.1,57.91,57.945,60716
437,214,2020-01-22 15:00:00,57.94,57.94,57.74,57.79,74267
438,213,2020-01-22 15:30:00,57.795,57.82,57.54,57.6,113797
439,212,2020-01-22 16:00:00,57.6,57.83,57.48,57.63,489330
440,211,2020-01-22 16:30:00,57.63,57.63,57.63,57.63,569957
441,210,2020-01-22 18:00:00,56.06,56.06,56.06,56.06,205
442,209,2020-01-22 19:00:00,56.53,56.53,56.53,56.53,100
443,208,2020-01-23 04:30:00,56.45,56.45,56.45,56.45,180
444,207,2020-01-23 09:30:00,56.25,56.77,56.25,56.54,300
445,206,2020-01-23 10:00:00,56.8,56.94,55.92,56.88,170207
446,205,2020-01-23 10:30:00,56.84,57.15,56.78,57.115,60572
447,204,2020-01-23 11:00:00,57.12,57.29,56.95,57.07,97971
448,203,2020-01-23 11:30:00,57.08,57.16,56.835,56.835,96553
449,202,2020-01-23 12:00:00,56.85,57.09,56.775,57.09,51189
450,201,2020-01-23 12:30:00,57.1,57.26,57.025,57.23,59354
451,200,2020-01-23 13:00:00,57.24,57.43,57.2,57.42,51843
452,199,2020-01-23 13:30:00,57.41,57.95,57.39,57.82,74143
453,198,2020-01-23 14:00:00,57.8,58.02,57.77,58.0,62432
454,197,2020-01-23 14:30:00,57.99,58.18,57.99,58.08,80442
455,196,2020-01-23 15:00:00,58.08,58.2,58.08,58.17,51705
456,195,2020-01-23 15:30:00,58.17,58.17,58.04,58.12,60536
457,194,2020-01-23 16:00:00,58.11,58.28,58.06,58.23,192486
458,193,2020-01-23 16:30:00,58.22,58.22,58.22,58.22,60540
459,192,2020-01-24 09:30:00,58.2,58.2,58.2,58.2,100
460,191,2020-01-24 10:00:00,58.12,58.12,57.18,57.33,105791
461,190,2020-01-24 10:30:00,57.32,57.32,56.39,56.42,146691
462,189,2020-01-24 11:00:00,56.42,56.525,56.17,56.25,138383
463,188,2020-01-24 11:30:00,56.22,56.265,55.8,55.88,194570
464,187,2020-01-24 12:00:00,55.88,55.88,55.51,55.53,124405
465,186,2020-01-24 12:30:00,55.51,55.735,55.44,55.66,88289
466,185,2020-01-24 13:00:00,55.65,55.85,55.57,55.64,95215
467,184,2020-01-24 13:30:00,55.64,55.67,55.47,55.53,55082
468,183,2020-01-24 14:00:00,55.52,55.74,55.475,55.72,86417
469,182,2020-01-24 14:30:00,55.72,55.76,55.225,55.25,158714
470,181,2020-01-24 15:00:00,55.26,55.53,55.25,55.505,127770
471,180,2020-01-24 15:30:00,55.505,56.04,55.505,55.78,168036
472,179,2020-01-24 16:00:00,55.78,55.97,55.52,55.81,544025
473,178,2020-01-24 16:30:00,55.78,55.84,55.78,55.84,47328
474,177,2020-01-24 18:30:00,55.84,55.86,55.84,55.86,300
475,176,2020-01-27 04:30:00,54.0,54.0,54.0,54.0,179
476,175,2020-01-27 07:30:00,53.6,53.6,53.3,53.3,425
477,174,2020-01-27 09:00:00,53.9998,53.9998,53.9998,53.9998,100
478,173,2020-01-27 09:30:00,53.57,53.67,53.3,53.3,3462
479,172,2020-01-27 10:00:00,53.12,53.85,53.1,53.75,571223
480,171,2020-01-27 10:30:00,53.72,53.86,53.5,53.805,163374
481,170,2020-01-27 11:00:00,53.82,53.82,53.47,53.67,301596
482,169,2020-01-27 11:30:00,53.68,54.05,53.68,53.94,90903
483,168,2020-01-27 12:00:00,53.9,54.11,53.8,54.07,96909
484,167,2020-01-27 12:30:00,54.07,54.29,53.995,54.21,91721
485,166,2020-01-27 13:00:00,54.21,54.31,54.13,54.155,70086
486,165,2020-01-27 13:30:00,54.15,54.28,54.15,54.28,58302
487,164,2020-01-27 14:00:00,54.26,54.32,54.17,54.27,80053
488,163,2020-01-27 14:30:00,54.28,54.59,54.195,54.5,77957
489,162,2020-01-27 15:00:00,54.48,54.48,54.15,54.28,64359
490,161,2020-01-27 15:30:00,54.28,54.39,54.09,54.2399,143477
491,160,2020-01-27 16:00:00,54.22,54.32,54.14,54.14,387859
492,159,2020-01-27 16:30:00,54.16,54.16,54.16,54.16,238781
493,158,2020-01-28 09:30:00,54.79,54.79,54.79,54.79,400
494,157,2020-01-28 10:00:00,54.82,55.12,54.42,54.66,133150
495,156,2020-01-28 10:30:00,54.6288,54.82,54.55,54.69,112663
496,155,2020-01-28 11:00:00,54.67,55.3,54.66,55.3,179328
497,154,2020-01-28 11:30:00,55.31,55.33,54.96,55.07,57416
498,153,2020-01-28 12:00:00,55.065,55.2,55.0376,55.16,29860
499,152,2020-01-28 12:30:00,55.16,55.39,55.1,55.37,64444
500,151,2020-01-28 13:00:00,55.365,55.48,55.31,55.44,37925
501,150,2020-01-28 13:30:00,55.42,55.43,55.03,55.1715,54903
502,149,2020-01-28 14:00:00,55.17,55.42,55.155,55.42,43303
503,148,2020-01-28 14:30:00,55.44,55.6,55.36,55.515,69565
504,147,2020-01-28 15:00:00,55.5,55.64,55.48,55.54,83685
505,146,2020-01-28 15:30:00,55.53,55.54,55.15,55.17,108509
506,145,2020-01-28 16:00:00,55.17,55.26,54.98,55.0,265450
507,144,2020-01-28 16:30:00,55.0,55.0,55.0,55.0,66891
508,143,2020-01-28 17:30:00,55.0,55.0,55.0,55.0,39442
509,142,2020-01-29 10:00:00,55.16,56.2199,55.13,56.04,171177
510,141,2020-01-29 10:30:00,56.07,56.09,55.54,55.64,126429
511,140,2020-01-29 11:00:00,55.62,55.85,55.45,55.8033,65233
512,139,2020-01-29 11:30:00,55.805,55.83,55.635,55.66,47404
513,138,2020-01-29 12:00:00,55.655,55.84,55.55,55.8,39896
514,137,2020-01-29 12:30:00,55.81,55.83,55.66,55.7,30642
515,136,2020-01-29 13:00:00,55.7,55.71,55.58,55.595,29062
516,135,2020-01-29 13:30:00,55.59,55.71,55.58,55.71,32418
517,134,2020-01-29 14:00:00,55.69,55.93,55.69,55.93,31874
518,133,2020-01-29 14:30:00,55.9,56.19,55.89,55.995,74522
519,132,2020-01-29 15:00:00,55.995,56.14,55.98,56.055,121413
520,131,2020-01-29 15:30:00,56.05,56.11,55.87,56.05,109207
521,130,2020-01-29 16:00:00,56.04,56.13,55.96,56.01,294225
522,129,2020-01-29 16:30:00,56.02,56.02,56.02,56.02,41277
523,128,2020-01-29 17:30:00,56.0002,56.0002,55.75,55.75,300
524,127,2020-01-29 20:00:00,55.5,55.5,55.5,55.5,300
525,126,2020-01-30 04:30:00,55.0,55.0,55.0,55.0,100
526,125,2020-01-30 07:30:00,53.2,53.4,53.2,53.4,200
527,124,2020-01-30 08:00:00,53.2,53.4,53.0,53.4,10182
528,123,2020-01-30 08:30:00,53.4,53.5,53.25,53.5,1482
529,122,2020-01-30 09:00:00,53.51,53.53,53.0,53.0,3867
530,121,2020-01-30 09:30:00,53.0,53.3,52.95,52.95,12181
531,120,2020-01-30 10:00:00,53.13,55.29,52.77,54.25,875568
532,119,2020-01-30 10:30:00,54.18,54.54,53.84,53.9539,116494
533,118,2020-01-30 11:00:00,53.945,53.99,53.11,53.14,211055
534,117,2020-01-30 11:30:00,53.16,53.5,53.07,53.46,176515
535,116,2020-01-30 12:00:00,53.4383,53.6772,53.235,53.57,77701
536,115,2020-01-30 12:30:00,53.52,53.54,53.4,53.42,48048
537,114,2020-01-30 13:00:00,53.41,53.46,53.09,53.26,221005
538,113,2020-01-30 13:30:00,53.25,53.33,53.1101,53.31,102697
539,112,2020-01-30 14:00:00,53.3,53.81,53.25,53.65,124283
540,111,2020-01-30 14:30:00,53.66,53.85,53.48,53.775,86828
541,110,2020-01-30 15:00:00,53.77,54.2,53.72,54.095,174381
542,109,2020-01-30 15:30:00,54.11,54.48,54.1,54.46,201148
543,108,2020-01-30 16:00:00,54.465,54.98,54.44,54.8,647208
544,107,2020-01-30 16:30:00,54.8,55.19,54.8,55.19,78988
545,106,2020-01-31 08:30:00,54.73,54.87,54.73,54.87,18600
546,105,2020-01-31 10:00:00,54.75,54.91,54.19,54.28,153366
547,104,2020-01-31 10:30:00,54.25,54.26,53.96,53.96,124383
548,103,2020-01-31 11:00:00,53.92,53.99,53.73,53.87,60487
549,102,2020-01-31 11:30:00,53.87,53.99,53.55,53.58,96654
550,101,2020-01-31 12:00:00,53.59,53.87,53.5,53.75,119003
551,100,2020-01-31 12:30:00,53.745,53.85,53.65,53.85,133830
552,99,2020-01-31 13:00:00,53.83,53.84,53.41,53.63,182252
553,98,2020-01-31 13:30:00,53.64,53.79,53.595,53.66,42583
554,97,2020-01-31 14:00:00,53.65,53.7,53.49,53.55,78802
555,96,2020-01-31 14:30:00,53.56,53.79,53.535,53.57,80339
556,95,2020-01-31 15:00:00,53.57,53.78,53.57,53.62,78336
557,94,2020-01-31 15:30:00,53.64,53.75,53.51,53.56,132309
558,93,2020-01-31 16:00:00,53.57,54.04,53.41,53.83,647774
559,92,2020-01-31 16:30:00,53.79,53.85,53.45,53.8,34642
560,91,2020-01-31 17:00:00,53.43,53.43,53.43,53.43,202
561,90,2020-01-31 17:30:00,53.85,53.85,53.85,53.85,3388
562,89,2020-01-31 20:00:00,53.2,53.2,53.2,53.2,877
563,88,2020-02-03 04:30:00,53.93,53.93,53.93,53.93,100
564,87,2020-02-03 07:30:00,53.2,53.92,53.2,53.92,1380
565,86,2020-02-03 08:30:00,53.78,53.91,53.78,53.91,1500
566,85,2020-02-03 09:30:00,54.18,54.18,54.18,54.18,100
567,84,2020-02-03 10:00:00,54.19,54.39,53.83,54.17,153475
568,83,2020-02-03 10:30:00,54.18,54.67,54.02,54.09,153614
569,82,2020-02-03 11:00:00,54.105,54.12,53.78,53.98,110989
570,81,2020-02-03 11:30:00,53.97,54.01,53.76,53.78,132791
571,80,2020-02-03 12:00:00,53.79,53.87,52.75,53.35,629355
572,79,2020-02-03 12:30:00,53.37,53.67,53.32,53.62,72117
573,78,2020-02-03 13:00:00,53.595,54.03,53.49,54.0181,67215
574,77,2020-02-03 13:30:00,54.03,54.045,53.82,53.925,83224
575,76,2020-02-03 14:00:00,53.925,54.24,53.925,54.16,72874
576,75,2020-02-03 14:30:00,54.17,54.2,53.99,54.07,68451
577,74,2020-02-03 15:00:00,54.07,54.36,54.01,54.28,92262
578,73,2020-02-03 15:30:00,54.28,54.57,54.27,54.57,169635
579,72,2020-02-03 16:00:00,54.56,54.58,54.18,54.18,315443
580,71,2020-02-03 16:30:00,54.19,54.19,54.19,54.19,105216
581,70,2020-02-04 08:00:00,54.49,54.59,54.49,54.59,3700
582,69,2020-02-04 08:30:00,54.12,55.5,54.12,55.5,4010
583,68,2020-02-04 09:30:00,55.9,55.9,55.9,55.9,500
584,67,2020-02-04 10:00:00,55.43,55.68,54.68,55.35,216294
585,66,2020-02-04 10:30:00,55.3,55.53,55.0365,55.45,94318
586,65,2020-02-04 11:00:00,55.4342,55.4342,55.08,55.245,77188
587,64,2020-02-04 11:30:00,55.25,55.27,55.03,55.16,120211
588,63,2020-02-04 12:00:00,55.15,55.22,54.89,54.9,103712
589,62,2020-02-04 12:30:00,54.92,55.12,54.91,55.055,72982
590,61,2020-02-04 13:00:00,55.05,55.22,55.01,55.2,70268
591,60,2020-02-04 13:30:00,55.21,55.21,54.94,55.06,82879
592,59,2020-02-04 14:00:00,55.07,55.08,54.91,54.955,78727
593,58,2020-02-04 14:30:00,54.96,55.03,54.67,54.73,73156
594,57,2020-02-04 15:00:00,54.71,54.88,54.65,54.85,95284
595,56,2020-02-04 15:30:00,54.84,54.93,54.76,54.76,99481
596,55,2020-02-04 16:00:00,54.775,54.845,54.67,54.74,364533
597,54,2020-02-04 16:30:00,54.75,54.75,54.75,54.75,229010
598,53,2020-02-04 18:30:00,54.0,54.29,54.0,54.0,1750
599,52,2020-02-05 04:30:00,54.75,54.75,54.75,54.75,1425
600,51,2020-02-05 06:30:00,55.41,55.41,55.3,55.3,300
601,50,2020-02-05 08:00:00,55.15,55.15,55.03,55.1,3000
602,49,2020-02-05 08:30:00,54.68,55.12,54.68,55.12,3200
603,48,2020-02-05 09:00:00,55.13,55.13,55.13,55.13,100
604,47,2020-02-05 09:30:00,55.1,55.1,55.1,55.1,250
605,46,2020-02-05 10:00:00,55.17,55.625,55.17,55.29,220671
606,45,2020-02-05 10:30:00,55.28,55.38,54.91,55.0,169686
607,44,2020-02-05 11:00:00,55.0,55.3,54.93,55.174,250422
608,43,2020-02-05 11:30:00,55.17,55.17,54.91,55.0,77046
609,42,2020-02-05 12:00:00,55.0,55.24,54.95,55.15,136620
610,41,2020-02-05 12:30:00,55.16,55.16,55.04,55.1,46082
611,40,2020-02-05 13:00:00,55.1,55.1,54.93,54.99,95437
612,39,2020-02-05 13:30:00,54.98,55.0,54.93,55.0,112257
613,38,2020-02-05 14:00:00,55.0,55.0,54.93,54.93,51390
614,37,2020-02-05 14:30:00,54.94,55.025,54.9,54.94,117936
615,36,2020-02-05 15:00:00,54.93,55.09,54.93,55.02,122623
616,35,2020-02-05 15:30:00,55.035,55.15,54.99,55.09,93740
617,34,2020-02-05 16:00:00,55.085,55.12,54.9,55.11,339305
618,33,2020-02-05 16:30:00,55.11,55.2,55.11,55.2,38167
619,32,2020-02-05 18:00:00,55.11,55.59,54.45,54.45,2845
620,31,2020-02-06 09:30:00,55.73,55.8,55.73,55.79,1412
621,30,2020-02-06 10:00:00,55.78,55.84,55.36,55.77,145590
622,29,2020-02-06 10:30:00,55.805,55.85,55.4748,55.57,79794
623,28,2020-02-06 11:00:00,55.56,55.655,55.41,55.425,53340
624,27,2020-02-06 11:30:00,55.405,55.41,55.19,55.22,76704
625,26,2020-02-06 12:00:00,55.23,55.36,55.18,55.28,58584
626,25,2020-02-06 12:30:00,55.28,55.54,55.28,55.53,52756
627,24,2020-02-06 13:00:00,55.52,55.58,55.41,55.52,70485
628,23,2020-02-06 13:30:00,55.535,55.66,55.5,55.58,50708
629,22,2020-02-06 14:00:00,55.575,55.58,55.3,55.47,47262
630,21,2020-02-06 14:30:00,55.49,55.5,55.35,55.46,68802
631,20,2020-02-06 15:00:00,55.47,55.555,55.35,55.44,83447
632,19,2020-02-06 15:30:00,55.435,55.44,55.28,55.32,83113
633,18,2020-02-06 16:00:00,55.32,55.44,55.08,55.1,408033
634,17,2020-02-06 16:30:00,55.1,55.1,55.1,55.1,79024
635,16,2020-02-06 17:00:00,55.1,55.1,55.1,55.1,3647
636,15,2020-02-07 08:30:00,54.95,54.95,54.07,54.07,5042
637,14,2020-02-07 09:30:00,53.4999,53.5,53.47,53.5,1191
638,13,2020-02-07 10:00:00,53.49,54.04,52.32,52.35,343444
639,12,2020-02-07 10:30:00,52.36,53.06,52.34,53.0252,91122
640,11,2020-02-07 11:00:00,53.01,53.06,52.37,52.53,180834
641,10,2020-02-07 11:30:00,52.49,53.04,52.31,52.98,118640
642,9,2020-02-07 12:00:00,52.97,52.98,52.835,52.91,94333
643,8,2020-02-07 12:30:00,52.91,53.06,52.86,53.005,161067
644,7,2020-02-07 13:00:00,53.01,53.05,52.74,53.0,114845
645,6,2020-02-07 13:30:00,53.02,53.22,52.98,53.065,67673
646,5,2020-02-07 14:00:00,53.05,53.095,52.93,53.0094,86110
647,4,2020-02-07 14:30:00,53.01,53.02,52.8,52.89,138807
648,3,2020-02-07 15:00:00,52.89,53.0,52.78,52.985,101057
649,2,2020-02-07 15:30:00,52.985,53.1,52.9,52.98,102353
650,1,2020-02-07 16:00:00,52.98,53.02,52.77,52.82,420467
651,0,2020-02-07 16:30:00,52.81,52.81,52.81,52.81,189362
652,446,2020-02-10 04:30:00,52.0,52.0,52.0,52.0,190
653,445,2020-02-10 07:00:00,52.2,52.2,52.2,52.2,100
654,444,2020-02-10 08:00:00,52.5,52.5,52.5,52.5,100
655,443,2020-02-10 08:30:00,52.2501,52.2501,52.2501,52.2501,100
656,442,2020-02-10 09:00:00,52.38,52.38,52.11,52.11,3809
657,441,2020-02-10 09:30:00,51.68,51.76,51.68,51.76,1003
658,440,2020-02-10 10:00:00,52.25,52.25,51.28,51.69,339337
659,439,2020-02-10 10:30:00,51.72,51.98,51.65,51.835,265028
660,438,2020-02-10 11:00:00,51.83,51.84,51.37,51.38,121796
661,437,2020-02-10 11:30:00,51.4,51.53,51.29,51.43,158405
662,436,2020-02-10 12:00:00,51.42,51.63,51.31,51.49,102746
663,435,2020-02-10 12:30:00,51.5,51.52,51.2,51.325,124775
664,434,2020-02-10 13:00:00,51.34,51.66,51.31,51.445,63942
665,433,2020-02-10 13:30:00,51.46,51.62,51.36,51.3775,77186
666,432,2020-02-10 14:00:00,51.37,51.44,51.33,51.35,94404
667,431,2020-02-10 14:30:00,51.34,51.58,51.3348,51.435,121061
668,430,2020-02-10 15:00:00,51.42,51.4812,51.15,51.16,112889
669,429,2020-02-10 15:30:00,51.17,51.25,51.07,51.185,164209
670,428,2020-02-10 16:00:00,51.185,51.37,50.97,51.01,582972
671,427,2020-02-10 16:30:00,51.0,51.4,51.0,51.4,32873
672,426,2020-02-10 17:00:00,51.3,51.3,51.3,51.3,144
673,425,2020-02-10 18:30:00,51.2,51.2,51.2,51.2,500
674,424,2020-02-10 19:30:00,51.2,51.2,51.2,51.2,134
675,423,2020-02-11 04:30:00,50.7,50.7,50.7,50.7,100
676,422,2020-02-11 09:00:00,51.82,52.51,51.74,52.51,27787
677,421,2020-02-11 09:30:00,52.02,52.06,51.87,51.95,2500
678,420,2020-02-11 10:00:00,51.6,52.34,51.31,52.27,347983
679,419,2020-02-11 10:30:00,52.27,52.585,52.27,52.565,147776
680,418,2020-02-11 11:00:00,52.58,52.91,52.55,52.645,138273
681,417,2020-02-11 11:30:00,52.66,52.91,52.64,52.79,190909
682,416,2020-02-11 12:00:00,52.81,52.82,52.65,52.69,69064
683,415,2020-02-11 12:30:00,52.68,52.8,52.65,52.75,41599
684,414,2020-02-11 13:00:00,52.7588,52.7588,52.63,52.655,41737
685,413,2020-02-11 13:30:00,52.65,52.77,52.64,52.74,39203
686,412,2020-02-11 14:00:00,52.74,52.76,52.585,52.62,55157
687,411,2020-02-11 14:30:00,52.63,52.66,52.51,52.5561,61883
688,410,2020-02-11 15:00:00,52.57,52.7,52.5502,52.63,124219
689,409,2020-02-11 15:30:00,52.63,52.64,52.46,52.53,129555
690,408,2020-02-11 16:00:00,52.53,52.58,52.46,52.49,393625
691,407,2020-02-11 16:30:00,52.49,52.71,52.49,52.71,74408
692,406,2020-02-12 09:00:00,53.2899,53.29,53.2899,53.29,2600
693,405,2020-02-12 09:30:00,53.29,53.29,52.39,52.39,880
694,404,2020-02-12 10:00:00,52.85,53.96,52.84,53.81,181027
695,403,2020-02-12 10:30:00,53.795,53.86,53.52,53.79,93647
696,402,2020-02-12 11:00:00,53.8,53.93,53.415,53.52,125244
697,401,2020-02-12 11:30:00,53.49,53.76,53.45,53.745,91942
698,400,2020-02-12 12:00:00,53.73,53.73,53.4922,53.515,81142
699,399,2020-02-12 12:30:00,53.51,53.81,53.5,53.75,66516
700,398,2020-02-12 13:00:00,53.75,53.94,53.72,53.82,91030
701,397,2020-02-12 13:30:00,53.82,53.94,53.78,53.89,96330
702,396,2020-02-12 14:00:00,53.88,54.14,53.87,54.025,219411
703,395,2020-02-12 14:30:00,54.02,54.11,53.9547,54.03,61736
704,394,2020-02-12 15:00:00,54.02,54.113,53.98,54.025,62256
705,393,2020-02-12 15:30:00,54.03,54.1,53.89,54.09,116980
706,392,2020-02-12 16:00:00,54.09,54.28,54.06,54.22,496345
707,391,2020-02-12 16:30:00,54.21,54.21,54.21,54.21,18545
708,390,2020-02-12 18:00:00,54.21,54.21,54.21,54.21,220
709,389,2020-02-13 07:30:00,52.55,52.55,52.55,52.55,200
710,388,2020-02-13 08:00:00,53.3,53.3,53.0,53.0,1053
711,387,2020-02-13 09:00:00,53.29,53.3,53.29,53.3,300
712,386,2020-02-13 09:30:00,53.3,53.3,53.25,53.25,494
713,385,2020-02-13 10:00:00,53.41,53.64,52.91,53.15,178908
714,384,2020-02-13 10:30:00,53.15,53.41,53.07,53.1,153848
715,383,2020-02-13 11:00:00,53.1,53.44,52.91,53.37,187862
716,382,2020-02-13 11:30:00,53.39,53.45,53.26,53.4,82753
717,381,2020-02-13 12:00:00,53.4,53.5,53.3301,53.38,77892
718,380,2020-02-13 12:30:00,53.4,53.57,53.37,53.44,70646
719,379,2020-02-13 13:00:00,53.445,53.55,53.4379,53.46,42815
720,378,2020-02-13 13:30:00,53.455,53.5699,53.42,53.53,63357
721,377,2020-02-13 14:00:00,53.5,53.519,53.33,53.37,146042
722,376,2020-02-13 14:30:00,53.365,53.42,53.19,53.24,95470
723,375,2020-02-13 15:00:00,53.25,53.36,53.19,53.33,71400
724,374,2020-02-13 15:30:00,53.35,53.37,53.19,53.31,136162
725,373,2020-02-13 16:00:00,53.33,53.51,53.23,53.43,512676
726,372,2020-02-13 16:30:00,53.43,53.43,53.43,53.43,42602
727,371,2020-02-13 17:30:00,52.5,52.5,52.25,52.3,8593
728,370,2020-02-13 18:00:00,52.5,52.5,52.5,52.5,100
729,369,2020-02-13 18:30:00,52.47,52.5,52.47,52.5,4604
730,368,2020-02-14 07:30:00,52.5,52.5,52.5,52.5,100
731,367,2020-02-14 08:00:00,53.1,53.1,53.1,53.1,100
732,366,2020-02-14 08:30:00,53.39,53.39,52.96,52.96,400
733,365,2020-02-14 09:00:00,53.0,53.0,53.0,53.0,1200
734,364,2020-02-14 09:30:00,52.52,52.52,52.47,52.47,1104
735,363,2020-02-14 10:00:00,52.44,53.0,52.44,52.58,201073
736,362,2020-02-14 10:30:00,52.59,52.8,52.45,52.67,77756
737,361,2020-02-14 11:00:00,52.66,52.71,52.47,52.61,86150
738,360,2020-02-14 11:30:00,52.61,52.71,52.49,52.7,93217
739,359,2020-02-14 12:00:00,52.7,52.81,52.65,52.75,71082
740,358,2020-02-14 12:30:00,52.75,52.75,52.53,52.65,48211
741,357,2020-02-14 13:00:00,52.655,52.76,52.63,52.76,62357
742,356,2020-02-14 13:30:00,52.75,52.76,52.61,52.7,126863
743,355,2020-02-14 14:00:00,52.69,52.81,52.635,52.8,107558
744,354,2020-02-14 14:30:00,52.79,52.89,52.75,52.82,67795
745,353,2020-02-14 15:00:00,52.82,52.96,52.765,52.78,72117
746,352,2020-02-14 15:30:00,52.775,52.8,52.6,52.645,123936
747,351,2020-02-14 16:00:00,52.64,52.64,52.45,52.46,551553
748,350,2020-02-14 16:30:00,52.46,52.46,52.46,52.46,77293
749,349,2020-02-14 18:00:00,52.71,52.8,52.71,52.8,1570
750,348,2020-02-14 18:30:00,52.84,52.84,52.7,52.84,1032
751,347,2020-02-14 19:00:00,52.84,52.84,52.84,52.84,100
752,346,2020-02-14 20:00:00,52.78,52.83,52.78,52.83,1100
753,345,2020-02-18 04:30:00,53.0,54.57,53.0,53.0,1130
754,344,2020-02-18 07:30:00,52.7,52.7,52.7,52.7,100
755,343,2020-02-18 09:30:00,52.5,52.5,52.09,52.09,2620
756,342,2020-02-18 10:00:00,52.09,52.35,51.91,52.1,218184
757,341,2020-02-18 10:30:00,52.05,52.1,51.765,51.85,153807
758,340,2020-02-18 11:00:00,51.85,52.25,51.85,52.17,134872
759,339,2020-02-18 11:30:00,52.19,52.19,51.93,51.94,101085
760,338,2020-02-18 12:00:00,51.93,52.0,51.67,51.68,156952
761,337,2020-02-18 12:30:00,51.68,51.72,51.5799,51.58,110173
762,336,2020-02-18 13:00:00,51.57,51.65,51.55,51.57,166819
763,335,2020-02-18 13:30:00,51.57,51.72,51.51,51.65,90418
764,334,2020-02-18 14:00:00,51.65,51.7275,51.52,51.5625,103049
765,333,2020-02-18 14:30:00,51.57,51.61,51.49,51.56,106177
766,332,2020-02-18 15:00:00,51.57,51.74,51.55,51.71,92275
767,331,2020-02-18 15:30:00,51.72,51.74,51.625,51.655,87156
768,330,2020-02-18 16:00:00,51.65,51.775,51.61,51.7,422900
769,329,2020-02-18 16:30:00,51.69,51.69,51.69,51.69,17970
770,328,2020-02-18 17:00:00,51.58,51.58,51.45,51.45,402
771,327,2020-02-18 17:30:00,51.45,51.45,51.45,51.45,200
772,326,2020-02-19 08:00:00,51.34,51.34,51.34,51.34,100
773,325,2020-02-19 09:30:00,51.69,51.69,51.69,51.69,6403
774,324,2020-02-19 10:00:00,51.7,52.35,51.7,52.28,238296
775,323,2020-02-19 10:30:00,52.3,52.34,51.89,51.97,179412
776,322,2020-02-19 11:00:00,51.99,52.1,51.92,52.08,90398
777,321,2020-02-19 11:30:00,52.09,52.14,52.0,52.07,111808
778,320,2020-02-19 12:00:00,52.06,52.09,51.96,52.03,112897
779,319,2020-02-19 12:30:00,52.04,52.09,51.98,51.99,110462
780,318,2020-02-19 13:00:00,52.0,52.04,51.94,51.99,88174
781,317,2020-02-19 13:30:00,51.99,52.015,51.89,51.895,72758
782,316,2020-02-19 14:00:00,51.9,51.93,51.77,51.82,111735
783,315,2020-02-19 14:30:00,51.84,52.04,51.83,52.02,100963
784,314,2020-02-19 15:00:00,52.02,52.08,52.0,52.05,173314
785,313,2020-02-19 15:30:00,52.055,52.09,51.98,52.07,190597
786,312,2020-02-19 16:00:00,52.06,52.17,51.89,52.02,534113
787,311,2020-02-19 16:30:00,52.02,52.02,52.02,52.02,27060
788,310,2020-02-19 17:30:00,52.3,52.6,52.3,52.6,2100
789,309,2020-02-19 19:30:00,52.4,52.4,52.4,52.4,869
790,308,2020-02-20 07:30:00,53.5,53.5,52.76,53.5,675
791,307,2020-02-20 08:00:00,52.4,52.4,52.3,52.3,280
792,306,2020-02-20 08:30:00,51.975,53.0,51.7601,52.0,2452
793,305,2020-02-20 09:00:00,52.0,52.12,51.7,51.7,6079
794,304,2020-02-20 09:30:00,51.5,51.5,51.5,51.5,835
795,303,2020-02-20 10:00:00,51.49,51.58,49.8,50.03,799247
796,302,2020-02-20 10:30:00,50.03,51.19,49.86,50.79,732216
797,301,2020-02-20 11:00:00,50.82,51.0,50.2,50.3,337303
798,300,2020-02-20 11:30:00,50.3,50.36,49.86,49.95,272811
799,299,2020-02-20 12:00:00,49.95,50.1,49.3193,50.07,473843
800,298,2020-02-20 12:30:00,50.02,50.21,49.71,49.94,259951
801,297,2020-02-20 13:00:00,49.95,50.1,49.5,49.56,138403
802,296,2020-02-20 13:30:00,49.56,49.72,49.45,49.5,188849
803,295,2020-02-20 14:00:00,49.48,49.5,49.1705,49.185,170035
804,294,2020-02-20 14:30:00,49.185,49.29,49.05,49.1,196016
805,293,2020-02-20 15:00:00,49.1,49.23,48.7,48.79,520558
806,292,2020-02-20 15:30:00,48.7842,48.91,48.65,48.655,297540
807,291,2020-02-20 16:00:00,48.65,48.86,48.41,48.5,978822
808,290,2020-02-20 16:30:00,48.51,48.55,48.51,48.55,24365
809,289,2020-02-20 17:00:00,48.52,48.52,48.5,48.5,1060
810,288,2020-02-20 18:00:00,48.59,48.59,48.59,48.59,105
811,287,2020-02-20 18:30:00,48.4,48.4,48.4,48.4,100
812,286,2020-02-20 19:00:00,48.58,48.59,48.58,48.59,300
813,285,2020-02-20 19:30:00,48.52,48.52,48.52,48.52,100
814,284,2020-02-21 08:30:00,48.0285,48.3,48.0285,48.3,664
815,283,2020-02-21 09:00:00,48.2,48.24,48.06,48.24,1335
816,282,2020-02-21 09:30:00,48.05,48.05,48.05,48.05,546
817,281,2020-02-21 10:00:00,48.12,48.1588,47.38,47.46,569998
818,280,2020-02-21 10:30:00,47.43,47.77,47.05,47.73,354281
819,279,2020-02-21 11:00:00,47.71,47.8,47.55,47.63,170433
820,278,2020-02-21 11:30:00,47.605,47.65,47.23,47.36,303776
821,277,2020-02-21 12:00:00,47.36,47.54,47.21,47.26,317134
822,276,2020-02-21 12:30:00,47.26,47.28,47.09,47.17,146048
823,275,2020-02-21 13:00:00,47.17,47.44,47.17,47.39,180981
824,274,2020-02-21 13:30:00,47.41,47.45,47.24,47.27,162321
825,273,2020-02-21 14:00:00,47.24,47.305,47.04,47.065,103496
826,272,2020-02-21 14:30:00,47.06,47.08,46.85,47.08,196384
827,271,2020-02-21 15:00:00,47.075,47.235,47.06,47.13,150937
828,270,2020-02-21 15:30:00,47.15,47.17,47.02,47.06,166269
829,269,2020-02-21 16:00:00,47.06,47.12,46.858000000000004,46.96,728912
830,268,2020-02-21 16:30:00,46.97,47.0,46.97,47.0,274171
831,267,2020-02-21 17:00:00,47.0,47.2,47.0,47.2,2000
832,266,2020-02-21 17:30:00,46.98,46.98,46.98,46.98,100
833,265,2020-02-24 07:00:00,44.02,44.02,44.02,44.02,175
834,264,2020-02-24 07:30:00,45.48,45.48,45.0,45.0,1238
835,263,2020-02-24 08:00:00,44.25,44.25,44.25,44.25,1856
836,262,2020-02-24 08:30:00,45.0003,45.56,43.82,44.0,12471
837,261,2020-02-24 09:00:00,43.85,44.0,43.71,43.71,4273
838,260,2020-02-24 09:30:00,43.75,43.86,43.6449,43.67,4017
839,259,2020-02-24 10:00:00,44.49,44.65,43.28,44.27,834737
840,258,2020-02-24 10:30:00,44.26,44.38,43.33,43.39,778870
841,257,2020-02-24 11:00:00,43.39,43.52,43.12,43.245,476890
842,256,2020-02-24 11:30:00,43.245,43.315,42.95,42.96,423706
843,255,2020-02-24 12:00:00,42.94,43.095,42.86,42.93,400219
844,254,2020-02-24 12:30:00,42.92,42.93,42.525,42.57,372736
845,253,2020-02-24 13:00:00,42.55,42.82,42.41,42.47,386492
846,252,2020-02-24 13:30:00,42.45,42.63,42.38,42.6,390898
847,251,2020-02-24 14:00:00,42.59,42.63,42.18,42.4,323203
848,250,2020-02-24 14:30:00,42.4,43.1,42.395,43.08,477790
849,249,2020-02-24 15:00:00,43.08,43.11,42.94,43.0298,263996
850,248,2020-02-24 15:30:00,43.025,43.07,42.815,42.915,296579
851,247,2020-02-24 16:00:00,42.915,42.92,42.53,42.59,881859
852,246,2020-02-24 16:30:00,42.7487,42.7498,42.58,42.7498,34672
853,245,2020-02-24 17:00:00,42.5898,42.5898,42.58,42.58,478
854,244,2020-02-24 18:00:00,42.58,42.58,42.5,42.5,440
855,243,2020-02-24 18:30:00,42.4,42.4,42.4,42.4,208
856,242,2020-02-24 19:00:00,42.4,42.5,42.4,42.44,1711
857,241,2020-02-24 19:30:00,42.55,42.75,42.55,42.75,650
858,240,2020-02-24 20:00:00,42.75,42.75,42.7101,42.7101,300
859,239,2020-02-25 04:30:00,42.75,42.75,42.75,42.75,200
860,238,2020-02-25 07:30:00,42.6,42.6,42.6,42.6,100
861,237,2020-02-25 08:30:00,42.665,43.0,42.665,43.0,1302
862,236,2020-02-25 09:00:00,42.65,42.98,42.65,42.98,390
863,235,2020-02-25 09:30:00,42.95,42.98,42.93,42.98,1141
864,234,2020-02-25 10:00:00,42.95,43.06,41.33,41.535,563196
865,233,2020-02-25 10:30:00,41.5332,41.715,41.0,41.03,726509
866,232,2020-02-25 11:00:00,41.02,41.2,40.8,41.15,490323
867,231,2020-02-25 11:30:00,41.15,41.245,40.81,40.94,270515
868,230,2020-02-25 12:00:00,40.955,41.1,40.54,40.64,226226
869,229,2020-02-25 12:30:00,40.66,40.77,40.465,40.5101,185279
870,228,2020-02-25 13:00:00,40.53,40.61,40.075,40.08,201131
871,227,2020-02-25 13:30:00,40.08,40.4291,39.905,39.905,316646
872,226,2020-02-25 14:00:00,39.905,40.08,39.795,39.925,269896
873,225,2020-02-25 14:30:00,39.91,40.01,39.55,39.64,333106
874,224,2020-02-25 15:00:00,39.65,39.77,39.48,39.595,443285
875,223,2020-02-25 15:30:00,39.6,40.04,39.4,39.41,431291
876,222,2020-02-25 16:00:00,39.41,39.5,39.18,39.29,1011789
877,221,2020-02-25 16:30:00,39.31,39.32,39.31,39.32,82274
878,220,2020-02-25 17:00:00,39.32,39.32,39.32,39.32,100
879,219,2020-02-25 17:30:00,39.31,39.31,39.31,39.31,100
880,218,2020-02-25 18:30:00,39.21,39.35,39.21,39.35,1000
881,217,2020-02-26 05:30:00,39.18,39.3,39.18,39.3,3264
882,216,2020-02-26 08:30:00,39.1987,39.4001,39.18,39.4001,1455
883,215,2020-02-26 09:00:00,39.8499,39.95,39.41,39.62,3190
884,214,2020-02-26 09:30:00,39.62,39.75,39.61,39.75,2941
885,213,2020-02-26 10:00:00,39.56,39.57,38.62,38.66,493227
886,212,2020-02-26 10:30:00,38.65,39.51,38.5901,39.21,435968
887,211,2020-02-26 11:00:00,39.21,39.23,38.35,38.39,523269
888,210,2020-02-26 11:30:00,38.4,38.42,38.12,38.12,508385
889,209,2020-02-26 12:00:00,38.11,38.28,37.8,37.85,378092
890,208,2020-02-26 12:30:00,37.85,37.89,37.38,37.555,655095
891,207,2020-02-26 13:00:00,37.55,37.86,37.41,37.57,326441
892,206,2020-02-26 13:30:00,37.58,37.6399,36.88,37.02,428934
893,205,2020-02-26 14:00:00,37.01,37.0499,36.48,36.5,643317
894,204,2020-02-26 14:30:00,36.5,36.8,36.45,36.705,454727
895,203,2020-02-26 15:00:00,36.7034,37.105,36.59,36.75,562012
896,202,2020-02-26 15:30:00,36.77,36.96,36.56,36.72,610032
897,201,2020-02-26 16:00:00,36.73,36.77,36.16,36.22,1451731
898,200,2020-02-26 16:30:00,36.31,38.225,36.21,36.49,122262
899,199,2020-02-26 17:00:00,36.61,36.61,36.61,36.61,225
900,198,2020-02-26 17:30:00,36.35,36.36,36.0,36.0,1207
901,197,2020-02-26 18:00:00,35.85,36.36,35.75,36.36,2201
902,196,2020-02-26 18:30:00,36.61,36.61,36.61,36.61,200
903,195,2020-02-26 19:00:00,36.35,36.35,36.35,36.35,100
904,194,2020-02-26 19:30:00,36.35,36.35,36.35,36.35,401
905,193,2020-02-27 04:30:00,35.6,35.6,35.6,35.6,500
906,192,2020-02-27 06:00:00,36.22,36.22,36.22,36.22,155
907,191,2020-02-27 07:30:00,35.72,36.03,35.54,35.54,1152
908,190,2020-02-27 08:00:00,35.53,35.53,35.53,35.53,100
909,189,2020-02-27 08:30:00,35.5348,36.21,35.24,35.5,12767
910,188,2020-02-27 09:00:00,35.5,35.87,35.5,35.85,1032
911,187,2020-02-27 09:30:00,35.5208,35.62,35.1,35.1,9150
912,186,2020-02-27 10:00:00,35.07,35.14,33.41,33.99,1471594
913,185,2020-02-27 10:30:00,34.02,34.165,33.175,33.34,1122325
914,184,2020-02-27 11:00:00,33.31,35.08,33.1957,35.0322,803964
915,183,2020-02-27 11:30:00,34.99,35.73,34.54,35.1,716772
916,182,2020-02-27 12:00:00,35.13,36.07,34.86,35.87,625046
917,181,2020-02-27 12:30:00,35.87,36.73,35.755,36.04,810111
918,180,2020-02-27 13:00:00,36.01,37.09,36.0,36.83,719481
919,179,2020-02-27 13:30:00,36.8,36.94,36.38,36.38,635069
920,178,2020-02-27 14:00:00,36.36,36.4066,35.54,35.7,379774
921,177,2020-02-27 14:30:00,35.67,35.84,35.35,35.73,291244
922,176,2020-02-27 15:00:00,35.695,35.7,35.235,35.25,321350
923,175,2020-02-27 15:30:00,35.25,35.44,34.97,35.02,878106
924,174,2020-02-27 16:00:00,35.03,35.25,34.72,34.75,1291162
925,173,2020-02-27 16:30:00,34.74,34.74,34.74,34.74,53298
926,172,2020-02-27 17:00:00,34.74,34.74,34.74,34.74,100
927,171,2020-02-27 17:30:00,34.29,34.29,34.0,34.2,1800
928,170,2020-02-27 18:00:00,34.0,34.0,34.0,34.0,1100
929,169,2020-02-27 18:30:00,34.1,34.4,34.1,34.4,2734
930,168,2020-02-27 19:00:00,34.74,34.74,34.25,34.7,585
931,167,2020-02-27 19:30:00,34.74,35.75,34.74,35.75,900
932,166,2020-02-27 20:00:00,35.7,35.7,34.74,35.0,2667
933,165,2020-02-28 07:30:00,34.5,34.58,34.41,34.43,1944
934,164,2020-02-28 08:00:00,34.43,34.43,34.4,34.42,1008
935,163,2020-02-28 08:30:00,34.32,34.74,34.16,34.42,5899
936,162,2020-02-28 09:00:00,34.1039,34.1039,33.61,33.66,1486
937,161,2020-02-28 09:30:00,33.66,33.8,33.2,33.2,7708
938,160,2020-02-28 10:00:00,33.28,35.44,33.21,35.14,1007077
939,159,2020-02-28 10:30:00,35.11,35.7595,34.63,35.535,941067
940,158,2020-02-28 11:00:00,35.52,36.32,35.48,36.0,696317
941,157,2020-02-28 11:30:00,36.0,36.49,35.555,36.49,779683
942,156,2020-02-28 12:00:00,36.5,37.16,36.03,36.36,514490
943,155,2020-02-28 12:30:00,36.34,36.4199,35.64,36.27,393772
944,154,2020-02-28 13:00:00,36.3,36.76,36.21,36.7,406925
945,153,2020-02-28 13:30:00,36.6855,36.88,36.44,36.58,439888
946,152,2020-02-28 14:00:00,36.58,36.58,35.83,36.4,382558
947,151,2020-02-28 14:30:00,36.37,36.56,36.07,36.31,455052
948,150,2020-02-28 15:00:00,36.32,36.92,36.29,36.43,384870
949,149,2020-02-28 15:30:00,36.47,36.96,36.35,36.35,504056
950,148,2020-02-28 16:00:00,36.3399,37.25,36.07,37.25,1420141
951,147,2020-02-28 16:30:00,37.26,37.26,37.26,37.26,65277
952,146,2020-02-28 17:00:00,37.5,37.5,37.32,37.32,67317
953,145,2020-02-28 17:30:00,37.32,37.82,37.3,37.82,1055
954,144,2020-02-28 18:00:00,37.5,38.0,37.5,38.0,776
955,143,2020-02-28 18:30:00,38.0,38.0,37.81,37.81,1100
956,142,2020-02-28 19:00:00,37.9,37.9,37.5,37.5,2629
957,141,2020-02-28 19:30:00,37.81,37.81,37.5,37.5,1347
958,140,2020-02-28 20:00:00,37.8,37.8,37.8,37.8,100
959,139,2020-03-02 05:00:00,37.1,37.1,37.1,37.1,100
960,138,2020-03-02 06:30:00,36.79,36.79,36.7,36.7,274
961,137,2020-03-02 07:00:00,36.01,36.01,36.01,36.01,300
962,136,2020-03-02 07:30:00,36.11,36.4,35.02,35.03,2872
963,135,2020-03-02 08:00:00,35.48,35.5,35.24,35.5,3067
964,134,2020-03-02 08:30:00,35.5,36.0,35.01,35.75,8567
965,133,2020-03-02 09:00:00,35.6,36.0,35.52,36.0,13517
966,132,2020-03-02 09:30:00,37.0,37.26,36.98,37.26,4193
967,131,2020-03-02 10:00:00,37.1,37.1,34.65,34.68,893416
968,130,2020-03-02 10:30:00,34.74,34.89,34.41,34.52,445477
969,129,2020-03-02 11:00:00,34.58,35.0703,34.35,34.92,441878
970,128,2020-03-02 11:30:00,34.91,35.09,34.6091,34.76,436415
971,127,2020-03-02 12:00:00,34.78,34.97,34.41,34.959,487267
972,126,2020-03-02 12:30:00,34.96,35.1,34.41,34.515,305994
973,125,2020-03-02 13:00:00,34.53,34.66,34.454,34.52,329992
974,124,2020-03-02 13:30:00,34.52,34.59,34.27,34.335,270291
975,123,2020-03-02 14:00:00,34.34,34.4,34.06,34.3922,346778
976,122,2020-03-02 14:30:00,34.3899,34.63,34.21,34.22,392073
977,121,2020-03-02 15:00:00,34.24,34.45,33.98,34.3,369615
978,120,2020-03-02 15:30:00,34.28,34.76,34.27,34.66,286767
979,119,2020-03-02 16:00:00,34.66,35.59,34.6288,35.59,1128801
980,118,2020-03-02 16:30:00,35.59,36.93,34.49,34.55,734052
981,117,2020-03-02 17:00:00,34.55,34.55,33.9,34.49,16031
982,116,2020-03-02 17:30:00,34.4,34.5,34.4,34.5,2500
983,115,2020-03-02 18:00:00,35.59,35.59,34.25,34.54,13129
984,114,2020-03-02 18:30:00,34.54,34.54,34.4,34.4,2555
985,113,2020-03-02 19:00:00,34.59,34.5901,34.59,34.59,2300
986,112,2020-03-02 19:30:00,34.59,34.59,34.59,34.59,3196
987,111,2020-03-02 20:00:00,34.55,34.56,34.41,34.5,1326
988,110,2020-03-03 04:30:00,35.21,35.21,35.21,35.21,300
989,109,2020-03-03 05:30:00,35.27,35.27,35.27,35.27,386
990,108,2020-03-03 07:30:00,34.63,34.95,34.52,34.95,14407
991,107,2020-03-03 08:00:00,34.72,34.72,34.6,34.6,1805
992,106,2020-03-03 08:30:00,34.6,35.0,34.6,35.0,2580
993,105,2020-03-03 09:00:00,35.13,35.2,35.05,35.15,1937
994,104,2020-03-03 09:30:00,35.45,35.95,35.15,35.8,27658
995,103,2020-03-03 10:00:00,35.39,35.58,34.29,34.63,567505
996,102,2020-03-03 10:30:00,34.67,35.9,34.52,34.75,408738
997,101,2020-03-03 11:00:00,34.74,34.85,34.4,34.51,256938
998,100,2020-03-03 11:30:00,34.49,34.55,33.99,34.0573,354468
999,99,2020-03-03 12:00:00,34.06,34.43,33.86,34.39,307522
1000,98,2020-03-03 12:30:00,34.37,34.48,33.88,33.92,279304
1001,97,2020-03-03 13:00:00,33.92,34.16,33.71,33.76,213696
1002,96,2020-03-03 13:30:00,33.7658,33.7658,33.42,33.63,267534
1003,95,2020-03-03 14:00:00,33.62,33.69,33.41,33.4592,183542
1004,94,2020-03-03 14:30:00,33.45,33.59,33.14,33.535,323428
1005,93,2020-03-03 15:00:00,33.52,33.55,33.08,33.5,277369
1006,92,2020-03-03 15:30:00,33.53,34.15,33.45,34.03,510436
1007,91,2020-03-03 16:00:00,34.0,34.105,33.5,33.61,1210677
1008,90,2020-03-03 16:30:00,33.62,33.9819,33.62,33.62,229797
1009,89,2020-03-03 17:00:00,33.62,33.62,33.35,33.62,349
1010,88,2020-03-03 17:30:00,33.35,33.35,33.35,33.35,247
1011,87,2020-03-03 18:00:00,33.6,33.6,33.6,33.6,201
1012,86,2020-03-03 18:30:00,33.35,33.65,33.35,33.5,985
1013,85,2020-03-03 19:00:00,33.4,33.65,33.4,33.65,3100
1014,84,2020-03-04 08:30:00,34.75,34.75,34.69,34.69,315
1015,83,2020-03-04 09:00:00,34.26,34.33,33.87,33.87,6200
1016,82,2020-03-04 09:30:00,34.5825,34.5999,34.5825,34.5999,304
1017,81,2020-03-04 10:00:00,34.25,34.25,32.39,32.47,686523
1018,80,2020-03-04 10:30:00,32.49,32.65,32.28,32.45,643169
1019,79,2020-03-04 11:00:00,32.46,32.5,31.915,32.03,806610
1020,78,2020-03-04 11:30:00,32.03,32.325,32.03,32.25,297253
1021,77,2020-03-04 12:00:00,32.27,32.3,31.94,32.02,527822
1022,76,2020-03-04 12:30:00,32.02,32.1,31.71,31.765,497313
1023,75,2020-03-04 13:00:00,31.77,31.91,31.47,31.9,706801
1024,74,2020-03-04 13:30:00,31.91,32.39,31.85,32.32,437206
1025,73,2020-03-04 14:00:00,32.35,32.5,32.13,32.27,317940
1026,72,2020-03-04 14:30:00,32.26,32.48,32.05,32.43,247237
1027,71,2020-03-04 15:00:00,32.44,32.5,32.3,32.455,233862
1028,70,2020-03-04 15:30:00,32.45,32.84,32.37,32.83,335305
1029,69,2020-03-04 16:00:00,32.83,33.0527,32.83,32.99,986673
1030,68,2020-03-04 16:30:00,33.0,33.01,32.7,32.98,161499
1031,67,2020-03-04 17:00:00,32.8,32.8,32.8,32.8,100
1032,66,2020-03-04 17:30:00,32.98,32.98,32.98,32.98,1508
1033,65,2020-03-04 18:00:00,32.75,32.97,32.75,32.97,315
1034,64,2020-03-04 18:30:00,32.84,32.84,32.84,32.84,100
1035,63,2020-03-04 19:00:00,32.7,32.7,32.31,32.31,816
1036,62,2020-03-04 19:30:00,32.55,32.55,32.55,32.55,240
1037,61,2020-03-04 20:00:00,32.55,32.55,32.55,32.55,125
1038,60,2020-03-05 05:00:00,32.7,32.7,32.7,32.7,100
1039,59,2020-03-05 05:30:00,32.51,32.51,32.45,32.45,1810
1040,58,2020-03-05 06:00:00,32.33,32.33,32.3,32.3,2000
1041,57,2020-03-05 07:00:00,32.22,32.22,32.22,32.22,300
1042,56,2020-03-05 07:30:00,32.1,32.1,31.54,31.9,3911
1043,55,2020-03-05 08:00:00,31.9,31.9,31.7,31.9,1372
1044,54,2020-03-05 08:30:00,31.82,32.1,31.51,31.72,3877
1045,53,2020-03-05 09:00:00,31.69,31.69,31.11,31.25,10827
1046,52,2020-03-05 09:30:00,31.2,31.64,31.1734,31.42,2337
1047,51,2020-03-05 10:00:00,31.31,31.38,29.48,29.635,1818421
1048,50,2020-03-05 10:30:00,29.67,30.23,29.51,30.023000000000003,1023654
1049,49,2020-03-05 11:00:00,30.01,31.18,29.51,29.54,496268
1050,48,2020-03-05 11:30:00,29.52,29.885,29.4,29.69,590947
1051,47,2020-03-05 12:00:00,29.71,29.81,28.885,28.9461,440385
1052,46,2020-03-05 12:30:00,28.96,28.965,28.5,28.625,549923
1053,45,2020-03-05 13:00:00,28.625,28.65,28.05,28.06,592603
1054,44,2020-03-05 13:30:00,28.06,28.7,28.0,28.61,547347
1055,43,2020-03-05 14:00:00,28.6,29.07,28.36,28.96,348696
1056,42,2020-03-05 14:30:00,28.9519,29.06,28.565,28.77,300099
1057,41,2020-03-05 15:00:00,28.7698,29.03,28.67,28.69,272447
1058,40,2020-03-05 15:30:00,28.7,28.71,28.36,28.43,350113
1059,39,2020-03-05 16:00:00,28.42,28.66,28.34,28.59,1058833
1060,38,2020-03-05 16:30:00,28.59,28.59,28.33,28.59,5405
1061,37,2020-03-05 17:00:00,28.59,28.59,28.53,28.59,7107
1062,36,2020-03-05 17:30:00,28.59,28.59,28.59,28.59,5228
1063,35,2020-03-05 18:00:00,28.59,28.59,28.53,28.53,2753
1064,34,2020-03-05 18:30:00,28.4901,28.59,28.49,28.59,2918
1065,33,2020-03-05 19:00:00,28.59,28.59,28.59,28.59,2731
1066,32,2020-03-05 19:30:00,28.57,28.59,28.57,28.59,1400
1067,31,2020-03-05 20:00:00,28.53,28.55,28.53,28.55,207
1068,30,2020-03-06 05:00:00,28.03,28.03,28.0,28.0,501
1069,29,2020-03-06 05:30:00,27.54,27.54,27.02,27.02,500
1070,28,2020-03-06 06:00:00,27.33,27.35,27.33,27.35,1395
1071,27,2020-03-06 06:30:00,27.41,27.42,27.22,27.22,1996
1072,26,2020-03-06 07:00:00,27.37,27.37,27.37,27.37,200
1073,25,2020-03-06 07:30:00,27.85,27.89,27.61,27.62,4700
1074,24,2020-03-06 08:00:00,27.6,27.6,27.28,27.28,1687
1075,23,2020-03-06 08:30:00,27.2901,27.89,27.1301,27.15,22801
1076,22,2020-03-06 09:00:00,27.2,27.38,27.2,27.3799,4623
1077,21,2020-03-06 09:30:00,27.37,27.37,27.0201,27.26,7026
1078,20,2020-03-06 10:00:00,27.4,29.27,26.78,28.96,1527815
1079,19,2020-03-06 10:30:00,28.985,30.25,28.92,30.15,1710891
1080,18,2020-03-06 11:00:00,30.138,30.2,29.76,29.97,561050
1081,17,2020-03-06 11:30:00,29.97,30.075,28.15,28.505,1477771
1082,16,2020-03-06 12:00:00,28.52,28.73,28.015,28.5,742445
1083,15,2020-03-06 12:30:00,28.54,28.58,28.015,28.19,507422
1084,14,2020-03-06 13:00:00,28.19,28.73,28.175,28.49,320295
1085,13,2020-03-06 13:30:00,28.48,28.51,28.11,28.14,213094
1086,12,2020-03-06 14:00:00,28.12,28.245,27.97,28.01,425315
1087,11,2020-03-06 14:30:00,28.01,28.01,27.5,27.505,475309
1088,10,2020-03-06 15:00:00,27.5,27.51,27.26,27.3364,528270
1089,9,2020-03-06 15:30:00,27.34,27.38,26.87,26.9,813241
1090,8,2020-03-06 16:00:00,26.9,27.36,26.55,27.08,2059461
1091,7,2020-03-06 16:30:00,26.52,27.2,26.52,27.1,7778
1092,6,2020-03-06 17:00:00,27.0999,27.1,27.0999,27.1,503939
1093,5,2020-03-06 17:30:00,27.1,27.1,27.01,27.1,621
1094,4,2020-03-06 18:00:00,27.08,27.1,27.05,27.05,1912
1095,3,2020-03-06 18:30:00,27.1,27.1,27.05,27.05,2212
1096,2,2020-03-06 19:00:00,27.0201,27.03,27.0,27.0,6700
1097,1,2020-03-06 19:30:00,27.0,27.0,26.71,26.71,350
1098,0,2020-03-06 20:00:00,26.75,27.0,26.75,27.0,1349
