,index,time,open,high,low,close,volume
0,429,2020-09-08 06:00:00,64.5233732827,64.6628617363,64.5233732827,64.5632271266,900
1,428,2020-09-08 07:00:00,63.865784858199994,64.383884829,63.865784858199994,64.383884829,206
2,427,2020-09-08 07:30:00,64.2842502192,64.2842502192,64.2842502192,64.2842502192,451
3,426,2020-09-08 08:00:00,64.0750175387,64.0750175387,63.7860771704,63.7860771704,2003
4,425,2020-09-08 08:30:00,64.4635925168,64.4635925168,63.7195212511,64.15472522649999,5983
5,424,2020-09-08 09:00:00,64.15472522649999,64.1646886875,63.791457439300004,63.791457439300004,2263
6,423,2020-09-08 09:30:00,64.0152367729,64.2543598363,63.825931014300004,64.1945790704,6591
7,422,2020-09-08 10:00:00,64.14476176560001,64.5433002046,63.19325124229999,63.7362598655,1127733
8,421,2020-09-08 10:30:00,63.746223326499994,64.9119482607,63.4871733411,64.8322405729,515611
9,420,2020-09-08 11:00:00,64.8322405729,65.13114440220001,64.4237386729,65.016564601,349889
10,419,2020-09-08 11:30:00,65.0414732534,65.3104866998,64.8422040339,65.230779012,344730
11,418,2020-09-08 12:00:00,65.220317378,65.4699020754,65.0514367144,65.4400116925,414350
12,417,2020-09-08 12:30:00,65.4300482315,65.6990616779,65.34047671729999,65.6741530254,197352
13,416,2020-09-08 13:00:00,65.6791347559,65.7787693657,65.5496097632,65.7488789828,271609
14,415,2020-09-08 13:30:00,65.7488789828,65.97803858520001,65.5695366852,65.7189885998,261998
15,414,2020-09-08 14:00:00,65.7189885998,66.5534284566,65.68909821689999,66.5359923999,304056
16,413,2020-09-08 14:30:00,66.5559193218,66.680462584,66.1075635779,66.3267597194,303123
17,412,2020-09-08 15:00:00,66.3167962584,66.3466866413,65.649244373,65.873422245,337276
18,411,2020-09-08 15:30:00,65.85847705350001,65.9082943584,65.4400116925,65.7588424437,356774
19,410,2020-09-08 16:00:00,65.7588424437,65.8485135925,65.4200847705,65.5197193803,704831
20,409,2020-09-08 16:30:00,65.5296828413,65.5296828413,65.26066939489999,65.5296828413,285985
21,408,2020-09-08 17:00:00,65.4699020754,65.4798655364,65.4699020754,65.4798655364,15565
22,407,2020-09-08 20:00:00,65.26066939489999,65.26066939489999,65.26066939489999,65.26066939489999,100
23,406,2020-09-09 08:30:00,65.0,65.48,65.0,65.48,374
24,405,2020-09-09 09:00:00,65.9,65.9,65.8,65.8,1500
25,404,2020-09-09 09:30:00,65.75,66.17,65.75,66.17,7764
26,403,2020-09-09 10:00:00,66.17,67.42,66.16,67.3701,878549
27,402,2020-09-09 10:30:00,67.42,67.89,67.22,67.79,708911
28,401,2020-09-09 11:00:00,67.79,68.33,67.56,67.6,564285
29,400,2020-09-09 11:30:00,67.62,67.77,67.13,67.665,428818
30,399,2020-09-09 12:00:00,67.65,67.825,67.34,67.37,173212
31,398,2020-09-09 12:30:00,67.38,67.81,67.36,67.758,144208
32,397,2020-09-09 13:00:00,67.75,68.005,67.75,67.86,192922
33,396,2020-09-09 13:30:00,67.89,68.01,67.78,67.98,204723
34,395,2020-09-09 14:00:00,67.99,68.02,67.77,67.8,183200
35,394,2020-09-09 14:30:00,67.79,67.91,67.56,67.9,169375
36,393,2020-09-09 15:00:00,67.89,68.3,67.89,68.22,200418
37,392,2020-09-09 15:30:00,68.2,68.41,68.19,68.4,216939
38,391,2020-09-09 16:00:00,68.385,68.42,68.05,68.16,766594
39,390,2020-09-09 16:30:00,68.17,68.17,68.17,68.17,123177
40,389,2020-09-09 17:00:00,68.22,68.3,68.22,68.3,4600
41,388,2020-09-09 18:00:00,68.3,68.3,68.3,68.3,868
42,387,2020-09-09 18:30:00,68.32,68.42,68.32,68.42,762
43,386,2020-09-10 06:00:00,68.38,68.38,68.38,68.38,190
44,385,2020-09-10 07:30:00,68.29,68.3,68.28,68.29,965
45,384,2020-09-10 08:00:00,68.4,68.4,68.4,68.4,152
46,383,2020-09-10 08:30:00,68.2,68.39,68.2,68.39,1557
47,382,2020-09-10 09:00:00,68.4445,68.79,68.4445,68.59,6173
48,381,2020-09-10 09:30:00,68.8,69.0,68.8,68.84,5422
49,380,2020-09-10 10:00:00,68.67,68.84899999999999,67.73,68.05,888504
50,379,2020-09-10 10:30:00,68.06,68.37,67.26,67.35,403893
51,378,2020-09-10 11:00:00,67.36,67.77,66.9,66.985,433709
52,377,2020-09-10 11:30:00,66.96,67.77,66.8464,67.75,288855
53,376,2020-09-10 12:00:00,67.78,67.92,67.6,67.63,223212
54,375,2020-09-10 12:30:00,67.6266,67.7808,67.42,67.71,217629
55,374,2020-09-10 13:00:00,67.7,67.79,67.38,67.72,191482
56,373,2020-09-10 13:30:00,67.73,67.89,67.65,67.6994,116472
57,372,2020-09-10 14:00:00,67.705,67.77,67.32,67.33,154429
58,371,2020-09-10 14:30:00,67.31,67.4,66.42,66.4844,240488
59,370,2020-09-10 15:00:00,66.43,67.1,66.4,67.06,246435
60,369,2020-09-10 15:30:00,67.08,67.08,66.37,66.565,323816
61,368,2020-09-10 16:00:00,66.55,66.91,66.43,66.49,611577
62,367,2020-09-10 16:30:00,66.49,66.87,66.49,66.49,81304
63,366,2020-09-10 17:00:00,66.45,66.49,66.45,66.49,2444
64,365,2020-09-10 17:30:00,66.6,66.6,66.6,66.6,500
65,364,2020-09-10 18:00:00,66.6,66.6,66.6,66.6,150
66,363,2020-09-10 18:30:00,66.6,66.6,66.6,66.6,200
67,362,2020-09-10 19:00:00,66.6,66.6,66.6,66.6,197
68,361,2020-09-11 06:30:00,66.47,66.47,66.47,66.47,160
69,360,2020-09-11 08:00:00,67.34,67.34,66.8,66.91,840
70,359,2020-09-11 08:30:00,66.78,66.84,66.78,66.84,401
71,358,2020-09-11 09:00:00,66.78,66.78,66.6,66.6,331
72,357,2020-09-11 09:30:00,66.64,66.88,66.55,66.85,1336
73,356,2020-09-11 10:00:00,67.12,67.63,66.83,66.84,446020
74,355,2020-09-11 10:30:00,66.8,67.0824,66.585,66.89,235048
75,354,2020-09-11 11:00:00,66.94,66.97,66.4599,66.71,251569
76,353,2020-09-11 11:30:00,66.73,66.87,66.44,66.5977,160952
77,352,2020-09-11 12:00:00,66.5856,66.99,66.46,66.8601,195340
78,351,2020-09-11 12:30:00,66.89,67.16,66.78,67.09,121280
79,350,2020-09-11 13:00:00,67.09,67.09,66.29,66.35,233499
80,349,2020-09-11 13:30:00,66.36,66.45,66.07,66.1,237073
81,348,2020-09-11 14:00:00,66.06,66.34,65.81,66.13,208251
82,347,2020-09-11 14:30:00,66.13,66.36,66.09,66.275,143375
83,346,2020-09-11 15:00:00,66.275,66.58,66.275,66.38,145739
84,345,2020-09-11 15:30:00,66.36,66.58,66.2301,66.54,133720
85,344,2020-09-11 16:00:00,66.5,66.6,66.21,66.22,643188
86,343,2020-09-11 16:30:00,66.24,66.24,66.22,66.22,216130
87,342,2020-09-14 08:30:00,66.4963,66.5,66.4963,66.5,1003
88,341,2020-09-14 09:00:00,66.93,66.93,66.93,66.93,518
89,340,2020-09-14 09:30:00,66.55,66.65,66.55,66.65,810
90,339,2020-09-14 10:00:00,66.65,67.1,66.54,66.75,851532
91,338,2020-09-14 10:30:00,66.77,67.37,66.77,67.29,507921
92,337,2020-09-14 11:00:00,67.285,67.32,66.925,66.975,276819
93,336,2020-09-14 11:30:00,66.97,67.44,66.95,67.3301,315221
94,335,2020-09-14 12:00:00,67.355,67.45,67.29,67.35,239502
95,334,2020-09-14 12:30:00,67.34,67.415,67.03,67.11,186650
96,333,2020-09-14 13:00:00,67.1,67.18,66.92,67.05,222012
97,332,2020-09-14 13:30:00,67.0599,67.13,66.85,67.13,206395
98,331,2020-09-14 14:00:00,67.13,67.44,67.115,67.4,244782
99,330,2020-09-14 14:30:00,67.405,67.405,67.195,67.22,195904
100,329,2020-09-14 15:00:00,67.225,67.36,67.14,67.3042,201672
101,328,2020-09-14 15:30:00,67.31,67.58,67.265,67.515,294672
102,327,2020-09-14 16:00:00,67.515,67.55,67.36,67.37,876256
103,326,2020-09-14 16:30:00,67.38,67.59,67.38,67.59,95723
104,325,2020-09-14 17:00:00,67.4,67.4,67.4,67.4,375
105,324,2020-09-14 17:30:00,67.3705,67.3705,67.3,67.3,500
106,323,2020-09-15 08:00:00,68.24,68.24,68.24,68.24,1133
107,322,2020-09-15 08:30:00,68.1,68.15,68.1,68.15,1836
108,321,2020-09-15 09:00:00,68.22,68.27,68.22,68.27,2274
109,320,2020-09-15 09:30:00,68.22,68.22,67.9,67.9,866
110,319,2020-09-15 10:00:00,68.0,68.57,67.23,67.848,929742
111,318,2020-09-15 10:30:00,67.88,67.98,67.05,67.3,503277
112,317,2020-09-15 11:00:00,67.29,67.75,67.08,67.37,254225
113,316,2020-09-15 11:30:00,67.37,67.74,67.2,67.729,203879
114,315,2020-09-15 12:00:00,67.709,67.84,67.49,67.57,189184
115,314,2020-09-15 12:30:00,67.58,68.0688,67.58,68.06,145825
116,313,2020-09-15 13:00:00,68.06,68.25,68.03,68.2232,147318
117,312,2020-09-15 13:30:00,68.225,68.3,67.79,67.86,185658
118,311,2020-09-15 14:00:00,67.84,67.92,67.75,67.78,98573
119,310,2020-09-15 14:30:00,67.79,67.82,67.6,67.79,148809
120,309,2020-09-15 15:00:00,67.7611,68.03,67.68,68.01,136079
121,308,2020-09-15 15:30:00,68.015,68.03,67.63,67.63,195075
122,307,2020-09-15 16:00:00,67.64,67.67,67.22,67.54,623257
123,306,2020-09-15 16:30:00,67.55,67.55,67.55,67.55,32963
124,305,2020-09-15 17:00:00,67.73,67.73,67.5,67.5,326
125,304,2020-09-15 19:00:00,67.74,67.74,67.74,67.74,121
126,303,2020-09-15 20:00:00,67.74,67.74,67.74,67.74,100
127,302,2020-09-16 06:30:00,67.55,67.55,67.55,67.55,150
128,301,2020-09-16 07:30:00,67.83,67.87,67.83,67.85,1864
129,300,2020-09-16 08:30:00,68.245,68.245,68.2,68.2,628
130,299,2020-09-16 09:00:00,68.11,68.41,68.11,68.16,4352
131,298,2020-09-16 09:30:00,68.3,68.5,67.72,67.8,25372
132,297,2020-09-16 10:00:00,67.84,68.38,67.4,67.83,700318
133,296,2020-09-16 10:30:00,67.83,68.18,67.56,67.855,282680
134,295,2020-09-16 11:00:00,67.85,68.36,67.78,68.28,243206
135,294,2020-09-16 11:30:00,68.26,68.44,68.15,68.365,176470
136,293,2020-09-16 12:00:00,68.37,68.44,67.94,68.0038,154924
137,292,2020-09-16 12:30:00,68.02,68.0267,67.76,67.98,189892
138,291,2020-09-16 13:00:00,67.97,68.16,67.875,68.1233,133356
139,290,2020-09-16 13:30:00,68.12,68.15,67.57,67.61,174999
140,289,2020-09-16 14:00:00,67.61,67.65,67.37,67.62,288792
141,288,2020-09-16 14:30:00,67.6,68.13,67.47,68.06,317216
142,287,2020-09-16 15:00:00,68.045,68.36,67.45,67.88,365534
143,286,2020-09-16 15:30:00,67.87100000000001,68.0451,67.59,67.63,230291
144,285,2020-09-16 16:00:00,67.63,67.63,67.225,67.29,1431058
145,284,2020-09-16 16:30:00,67.29,68.0897,67.29,67.29,266876
146,283,2020-09-16 17:00:00,67.32,67.32,67.32,67.32,100
147,282,2020-09-16 18:30:00,67.57,67.57,67.57,67.57,150
148,281,2020-09-16 20:00:00,67.43,67.43,67.43,67.43,450
149,280,2020-09-17 04:30:00,66.95,66.95,66.95,66.95,279
150,279,2020-09-17 05:30:00,66.4,66.4,66.4,66.4,550
151,278,2020-09-17 06:30:00,66.4,66.4,66.4,66.4,1000
152,277,2020-09-17 07:00:00,66.6,66.6,66.5,66.5,700
153,276,2020-09-17 07:30:00,67.12,67.12,67.03,67.03,371
154,275,2020-09-17 08:00:00,66.5,66.5,66.5,66.5,689
155,274,2020-09-17 08:30:00,66.5,66.52,66.156,66.156,1571
156,273,2020-09-17 09:00:00,66.4,66.65,66.1,66.3269,2518
157,272,2020-09-17 09:30:00,66.3325,66.41,65.85,66.06,9462
158,271,2020-09-17 10:00:00,66.15,66.25,65.38,65.952,825697
159,270,2020-09-17 10:30:00,65.98,66.2,65.63,66.06,395418
160,269,2020-09-17 11:00:00,66.065,66.47,65.87,66.25,339442
161,268,2020-09-17 11:30:00,66.25,66.59,66.2,66.36,649171
162,267,2020-09-17 12:00:00,66.37,66.44,65.94,65.94,254413
163,266,2020-09-17 12:30:00,65.94,66.02,65.49,65.74,326724
164,265,2020-09-17 13:00:00,65.73,66.13,65.69,66.13,164206
165,264,2020-09-17 13:30:00,66.13,66.295,66.12,66.23,147868
166,263,2020-09-17 14:00:00,66.24,66.35,66.16,66.22,305238
167,262,2020-09-17 14:30:00,66.245,66.527,66.21,66.21,309948
168,261,2020-09-17 15:00:00,66.21,66.36,66.18,66.28,185842
169,260,2020-09-17 15:30:00,66.28,66.455,66.02,66.44,562466
170,259,2020-09-17 16:00:00,66.43,66.59,66.13,66.32,1384646
171,258,2020-09-17 16:30:00,66.37,67.29,66.3,66.8,154758
172,257,2020-09-17 17:00:00,66.42,66.42,66.42,66.42,200
173,256,2020-09-17 18:00:00,66.38,66.38,66.38,66.38,100
174,255,2020-09-17 19:00:00,66.32,66.32,66.32,66.32,1132
175,254,2020-09-17 19:30:00,66.14,66.14,66.14,66.14,150
176,253,2020-09-17 20:00:00,66.21,66.21,66.21,66.21,206
177,252,2020-09-18 08:30:00,66.9837,66.9837,66.9837,66.9837,1113
178,251,2020-09-18 09:30:00,66.65,66.65,66.1,66.1,7390
179,250,2020-09-18 10:00:00,66.21,66.79,65.46,65.76,1881996
180,249,2020-09-18 10:30:00,65.775,66.11,65.51,65.63,347779
181,248,2020-09-18 11:00:00,65.63,65.81,65.2,65.3,382575
182,247,2020-09-18 11:30:00,65.36,65.77,65.31,65.77,175248
183,246,2020-09-18 12:00:00,65.7629,65.78,65.44,65.57,235862
184,245,2020-09-18 12:30:00,65.56,66.13,65.555,66.09,276958
185,244,2020-09-18 13:00:00,66.1,66.18,65.93,66.08,318111
186,243,2020-09-18 13:30:00,66.0899,66.115,65.78,65.78,202742
187,242,2020-09-18 14:00:00,65.78,65.78,65.23899999999999,65.49,351052
188,241,2020-09-18 14:30:00,65.49,65.49,65.1904,65.33,245285
189,240,2020-09-18 15:00:00,65.32,65.32,65.0164,65.1047,252370
190,239,2020-09-18 15:30:00,65.105,65.235,64.911,65.06,448546
191,238,2020-09-18 16:00:00,65.06,65.2,64.54,64.72,2156841
192,237,2020-09-18 16:30:00,64.78,64.78,64.67,64.7117,619091
193,236,2020-09-18 17:00:00,64.84,64.89,64.8,64.89,5722
194,235,2020-09-18 17:30:00,64.89,64.9,64.89,64.9,600
195,234,2020-09-18 18:00:00,64.71,64.8801,64.71,64.8801,334
196,233,2020-09-18 18:30:00,64.95,64.95,64.89,64.95,2100
197,232,2020-09-18 19:00:00,64.95,65.0,64.95,65.0,5474
198,231,2020-09-18 19:30:00,65.11,65.11,65.11,65.11,100
199,230,2020-09-18 20:00:00,65.0,65.0,65.0,65.0,500
200,229,2020-09-21 04:30:00,64.4,64.4,64.37,64.37,501
201,228,2020-09-21 05:00:00,64.42,64.42,63.82,63.82,1070
202,227,2020-09-21 06:00:00,63.87,63.87,63.62,63.62,1610
203,226,2020-09-21 07:30:00,64.13,64.13,63.86,63.86,2896
204,225,2020-09-21 08:00:00,63.85,64.15,63.81,63.82,1876
205,224,2020-09-21 08:30:00,64.0,64.17,63.42,63.55,14106
206,223,2020-09-21 09:00:00,63.62,63.63,63.02,63.52,15375
207,222,2020-09-21 09:30:00,63.44,63.47,63.06,63.39,6902
208,221,2020-09-21 10:00:00,63.4,64.29,62.94,64.16,1424045
209,220,2020-09-21 10:30:00,64.16,64.17,63.08,63.24,798116
210,219,2020-09-21 11:00:00,63.24,63.43,62.72,63.29,785677
211,218,2020-09-21 11:30:00,63.28,63.73,63.05,63.185,447623
212,217,2020-09-21 12:00:00,63.18,63.55,62.975,63.44,369865
213,216,2020-09-21 12:30:00,63.46,63.72,63.41,63.6,311972
214,215,2020-09-21 13:00:00,63.59,63.71,63.2669,63.28,247033
215,214,2020-09-21 13:30:00,63.29,63.48,63.12,63.37,219648
216,213,2020-09-21 14:00:00,63.37,63.49,63.215,63.4194,249491
217,212,2020-09-21 14:30:00,63.41,63.52,63.15,63.4,339572
218,211,2020-09-21 15:00:00,63.395,63.44,62.99,63.28,500542
219,210,2020-09-21 15:30:00,63.275,63.73,63.235,63.695,335177
220,209,2020-09-21 16:00:00,63.695,63.77,63.4615,63.67,1106380
221,208,2020-09-21 16:30:00,63.67,63.72,63.67,63.72,462171
222,207,2020-09-21 17:00:00,63.72,63.72,63.72,63.72,403
223,206,2020-09-21 17:30:00,63.78,63.78,63.78,63.78,100
224,205,2020-09-21 18:00:00,63.78,63.78,63.03,63.03,800
225,204,2020-09-21 20:00:00,63.89,63.89,63.89,63.89,100
226,203,2020-09-22 06:30:00,63.36,63.36,63.36,63.36,1093
227,202,2020-09-22 08:00:00,63.57,63.57,63.4,63.4,850
228,201,2020-09-22 08:30:00,63.61,63.61,63.61,63.61,109
229,200,2020-09-22 09:00:00,63.61,64.28,63.61,64.28,2434
230,199,2020-09-22 09:30:00,64.2,64.2,63.8,63.8,3758
231,198,2020-09-22 10:00:00,63.78,64.34,63.265,63.425,660767
232,197,2020-09-22 10:30:00,63.46,63.92,63.445,63.82,267465
233,196,2020-09-22 11:00:00,63.83,63.93,63.14,63.14,473558
234,195,2020-09-22 11:30:00,63.16,63.27,62.8,63.02,400919
235,194,2020-09-22 12:00:00,63.04,63.175,62.92,62.99,290670
236,193,2020-09-22 12:30:00,62.98,63.04,62.8,62.935,211129
237,192,2020-09-22 13:00:00,62.93,62.95,62.5173,62.645,464661
238,191,2020-09-22 13:30:00,62.64,63.18,62.57,63.13,345793
239,190,2020-09-22 14:00:00,63.13,63.47,63.09,63.285,302683
240,189,2020-09-22 14:30:00,63.3,63.4,63.04,63.25,447468
241,188,2020-09-22 15:00:00,63.27,63.486999999999995,63.24,63.28,479885
242,187,2020-09-22 15:30:00,63.29,63.56,63.26,63.44,305233
243,186,2020-09-22 16:00:00,63.43,63.55,63.295,63.46,847615
244,185,2020-09-22 16:30:00,63.45,63.45,63.4,63.43,79590
245,184,2020-09-23 04:30:00,62.43,62.43,61.5,61.5,705
246,183,2020-09-23 07:30:00,62.88,62.88,62.88,62.88,348
247,182,2020-09-23 08:00:00,62.8,62.8,62.54,62.6,3578
248,181,2020-09-23 08:30:00,62.7201,62.9799,62.4,62.4,3323
249,180,2020-09-23 09:00:00,62.4401,62.5,62.29,62.4602,8698
250,179,2020-09-23 09:30:00,63.4661,63.4661,62.6,62.8,4856
251,178,2020-09-23 10:00:00,62.99,63.09,62.185,62.36,920323
252,177,2020-09-23 10:30:00,62.345,62.345,61.57,61.76,696952
253,176,2020-09-23 11:00:00,61.77,61.93,61.33,61.47,886720
254,175,2020-09-23 11:30:00,61.45,61.785,61.34,61.35,594703
255,174,2020-09-23 12:00:00,61.35,61.38,60.89,60.995,404307
256,173,2020-09-23 12:30:00,60.99,61.55,60.94,61.4,428442
257,172,2020-09-23 13:00:00,61.43,61.78,61.31,61.54,315411
258,171,2020-09-23 13:30:00,61.54,61.55,61.325,61.36,227152
259,170,2020-09-23 14:00:00,61.365,61.39,60.99,60.99,282531
260,169,2020-09-23 14:30:00,61.0,61.0,60.27,60.55,625241
261,168,2020-09-23 15:00:00,60.54,60.725,60.24,60.35,370418
262,167,2020-09-23 15:30:00,60.34,60.47,59.85,59.86,878977
263,166,2020-09-23 16:00:00,59.85,60.23,59.8,60.22,1633494
264,165,2020-09-23 16:30:00,60.2,60.26,60.2,60.22,107902
265,164,2020-09-23 18:00:00,60.35,60.45,60.35,60.45,400
266,163,2020-09-23 18:30:00,60.8,60.83,60.4,60.42,1951
267,162,2020-09-23 19:00:00,60.25,60.25,60.24,60.24,550
268,161,2020-09-23 19:30:00,60.29,60.29,60.29,60.29,300
269,160,2020-09-23 20:00:00,60.0,60.0,60.0,60.0,203
270,159,2020-09-24 06:30:00,59.31,59.83,59.24,59.83,1869
271,158,2020-09-24 07:30:00,59.75,59.8,59.75,59.8,1209
272,157,2020-09-24 08:00:00,59.9,59.9,59.9,59.9,150
273,156,2020-09-24 08:30:00,59.85,60.0101,59.8001,59.96,18124
274,155,2020-09-24 09:00:00,60.17,60.17,59.8,59.88,2601
275,154,2020-09-24 09:30:00,59.83,59.94,59.75,59.94,7869
276,153,2020-09-24 10:00:00,59.72,60.95,59.28,60.9,1080378
277,152,2020-09-24 10:30:00,60.9,61.51,60.9,61.17,590997
278,151,2020-09-24 11:00:00,61.16,61.28,60.58,61.22,482226
279,150,2020-09-24 11:30:00,61.21,61.21,60.68,60.965,329641
280,149,2020-09-24 12:00:00,60.98,61.51,60.92,61.44,340025
281,148,2020-09-24 12:30:00,61.445,61.72,61.405,61.46,325861
282,147,2020-09-24 13:00:00,61.47,61.4935,61.14,61.385,206893
283,146,2020-09-24 13:30:00,61.385,61.9,61.285,61.87,265561
284,145,2020-09-24 14:00:00,61.89,62.18,61.62,61.65,319629
285,144,2020-09-24 14:30:00,61.66,61.86,61.39,61.41,275143
286,143,2020-09-24 15:00:00,61.42,61.62,60.9,60.92,432883
287,142,2020-09-24 15:30:00,60.93,61.25,60.88,61.045,371738
288,141,2020-09-24 16:00:00,61.045,61.515,60.935,61.45,944714
289,140,2020-09-24 16:30:00,61.43,61.65,61.43,61.65,45027
290,139,2020-09-25 06:00:00,61.44,61.44,61.29,61.29,954
291,138,2020-09-25 06:30:00,61.2,61.2,61.2,61.2,354
292,137,2020-09-25 07:00:00,60.84,60.84,60.77,60.77,500
293,136,2020-09-25 07:30:00,60.73,60.73,60.61,60.62,309
294,135,2020-09-25 08:00:00,60.99,60.99,60.99,60.99,500
295,134,2020-09-25 08:30:00,60.6301,60.9,60.6301,60.9,659
296,133,2020-09-25 09:00:00,60.63,60.63,60.63,60.63,200
297,132,2020-09-25 10:00:00,60.72,61.43,60.53,61.4,653097
298,131,2020-09-25 10:30:00,61.39,61.42,60.62,61.32,350001
299,130,2020-09-25 11:00:00,61.305,61.52,61.0,61.37,241473
300,129,2020-09-25 11:30:00,61.385,61.43,61.07,61.2,169341
301,128,2020-09-25 12:00:00,61.2,61.27,60.62,60.62,253919
302,127,2020-09-25 12:30:00,60.63,60.91,60.54,60.7495,200118
303,126,2020-09-25 13:00:00,60.75,60.93,60.5922,60.86,204598
304,125,2020-09-25 13:30:00,60.86,61.02,60.8,60.99,136096
305,124,2020-09-25 14:00:00,60.99,61.46,60.98,61.38,214390
306,123,2020-09-25 14:30:00,61.36,61.57,61.355,61.42,151389
307,122,2020-09-25 15:00:00,61.43,61.4689,61.25,61.34,158025
308,121,2020-09-25 15:30:00,61.35,61.66,61.34,61.455,225071
309,120,2020-09-25 16:00:00,61.45,61.48,61.28,61.41,529425
310,119,2020-09-25 16:30:00,61.42,61.42,61.05,61.35,57134
311,118,2020-09-28 05:30:00,61.03,61.03,61.03,61.03,1000
312,117,2020-09-28 06:00:00,61.07,61.07,61.07,61.07,190
313,116,2020-09-28 06:30:00,61.42,61.42,61.42,61.42,320
314,115,2020-09-28 07:30:00,61.4,61.41,61.4,61.41,715
315,114,2020-09-28 08:00:00,61.23,61.74,61.23,61.65,2188
316,113,2020-09-28 08:30:00,61.8699,61.87,61.8,61.83,4535
317,112,2020-09-28 09:00:00,62.0,62.1,61.8,61.8,1547
318,111,2020-09-28 09:30:00,62.05,62.25,61.97,61.97,6549
319,110,2020-09-28 10:00:00,62.0,62.089,61.305,61.41,750920
320,109,2020-09-28 10:30:00,61.415,62.22,61.38,61.93,419146
321,108,2020-09-28 11:00:00,61.92,61.96,61.34,61.46,209618
322,107,2020-09-28 11:30:00,61.458,61.74,61.44,61.645,175883
323,106,2020-09-28 12:00:00,61.645,61.808,61.49,61.745,241788
324,105,2020-09-28 12:30:00,61.75,62.08,61.72,62.08,247417
325,104,2020-09-28 13:00:00,62.095,62.53,62.044,62.51,220544
326,103,2020-09-28 13:30:00,62.52,62.83,62.36,62.37,414270
327,102,2020-09-28 14:00:00,62.38,62.47,62.2,62.33,183811
328,101,2020-09-28 14:30:00,62.34,62.49,62.28,62.45,225743
329,100,2020-09-28 15:00:00,62.455,62.53,62.38,62.45,207706
330,99,2020-09-28 15:30:00,62.45,62.46,62.21,62.24,290111
331,98,2020-09-28 16:00:00,62.24,62.24,61.97,62.15,643610
332,97,2020-09-28 16:30:00,62.13,62.13,62.13,62.13,82210
333,96,2020-09-28 17:00:00,62.16,62.16,62.09,62.1598,700
334,95,2020-09-28 18:00:00,62.15,62.15,62.15,62.15,110
335,94,2020-09-28 19:00:00,62.08,62.08,62.08,62.08,128
336,93,2020-09-28 19:30:00,62.12,62.16,62.07,62.16,957
337,92,2020-09-29 05:30:00,62.04,62.12,62.04,62.12,500
338,91,2020-09-29 07:30:00,62.33,62.33,62.2,62.2,449
339,90,2020-09-29 08:00:00,62.17,62.17,62.17,62.17,165
340,89,2020-09-29 08:30:00,62.3,62.42,62.2,62.35,2391
341,88,2020-09-29 09:00:00,62.35,62.3999,62.15,62.2,6623
342,87,2020-09-29 09:30:00,62.16,62.64,62.16,62.64,10106
343,86,2020-09-29 10:00:00,62.5,62.98,62.39,62.96,623218
344,85,2020-09-29 10:30:00,62.96,63.39,62.88,63.37,388594
345,84,2020-09-29 11:00:00,63.38,63.45,62.75,62.79,245803
346,83,2020-09-29 11:30:00,62.82,63.36,62.71,63.2074,289197
347,82,2020-09-29 12:00:00,63.2,63.31,62.775,62.82,206210
348,81,2020-09-29 12:30:00,62.825,62.9,62.66,62.81,188667
349,80,2020-09-29 13:00:00,62.82,63.14,62.76,63.0422,190627
350,79,2020-09-29 13:30:00,63.05,63.37,62.955,63.32,249677
351,78,2020-09-29 14:00:00,63.32,63.3927,63.205,63.215,190750
352,77,2020-09-29 14:30:00,63.22,63.23,62.94,63.06,147289
353,76,2020-09-29 15:00:00,63.07,63.11,62.9,62.97,211418
354,75,2020-09-29 15:30:00,62.97,63.0,62.76,62.842,189309
355,74,2020-09-29 16:00:00,62.84,63.075,62.73,62.77,691301
356,73,2020-09-29 16:30:00,62.77,62.77,62.62,62.62,100339
357,72,2020-09-29 17:00:00,62.99,62.99,62.99,62.99,175
358,71,2020-09-29 18:30:00,62.98,63.1,62.97,63.1,3771
359,70,2020-09-29 19:00:00,63.3,63.33,63.25,63.25,1401
360,69,2020-09-29 20:00:00,63.25,63.25,63.2,63.2,729
361,68,2020-09-30 04:30:00,62.5,62.5,62.5,62.5,300
362,67,2020-09-30 05:00:00,62.31,62.31,62.31,62.31,400
363,66,2020-09-30 06:00:00,62.31,62.31,62.31,62.31,1540
364,65,2020-09-30 07:30:00,62.32,62.35,62.31,62.31,1148
365,64,2020-09-30 08:00:00,62.41,62.41,62.26,62.26,1214
366,63,2020-09-30 08:30:00,62.34,62.49,62.26,62.37,2517
367,62,2020-09-30 09:00:00,62.38,62.72,62.38,62.72,7534
368,61,2020-09-30 09:30:00,62.7,62.7,62.55,62.55,1186
369,60,2020-09-30 10:00:00,62.49,62.71,61.85,62.2809,473000
370,59,2020-09-30 10:30:00,62.28,62.64,62.012,62.445,352300
371,58,2020-09-30 11:00:00,62.46,62.7,62.08,62.655,291511
372,57,2020-09-30 11:30:00,62.64,63.495,62.6,63.465,346519
373,56,2020-09-30 12:00:00,63.465,63.56,63.28,63.455,419125
374,55,2020-09-30 12:30:00,63.465,63.6819,63.44,63.4964,221313
375,54,2020-09-30 13:00:00,63.489,63.8,63.46,63.74,238652
376,53,2020-09-30 13:30:00,63.73,63.735,63.34,63.44,217774
377,52,2020-09-30 14:00:00,63.445,63.735,63.445,63.72,207809
378,51,2020-09-30 14:30:00,63.725,63.8601,63.41,63.63,341852
379,50,2020-09-30 15:00:00,63.6,63.68,63.41,63.54,195072
380,49,2020-09-30 15:30:00,63.54,63.59,63.25,63.45,478746
381,48,2020-09-30 16:00:00,63.43,63.9,63.3,63.46,1337612
382,47,2020-09-30 16:30:00,63.49,63.54,63.45,63.45,541557
383,46,2020-09-30 17:00:00,63.42,63.42,63.42,63.42,100
384,45,2020-10-01 08:30:00,64.14,64.29,64.0,64.2,3289
385,44,2020-10-01 09:00:00,64.25,64.3,64.2,64.2,799
386,43,2020-10-01 09:30:00,64.08,64.2396,63.91,63.91,5950
387,42,2020-10-01 10:00:00,64.0,64.1,63.465,63.4959,798276
388,41,2020-10-01 10:30:00,63.48,63.83,63.01,63.14,433708
389,40,2020-10-01 11:00:00,63.14,63.33,63.06,63.33,268057
390,39,2020-10-01 11:30:00,63.34,63.85,63.225,63.83,393283
391,38,2020-10-01 12:00:00,63.84,64.045,63.7,63.915,328435
392,37,2020-10-01 12:30:00,63.91,63.96,63.6,63.77,260427
393,36,2020-10-01 13:00:00,63.76,63.7718,63.45,63.495,189961
394,35,2020-10-01 13:30:00,63.5,63.79,63.45,63.7,256819
395,34,2020-10-01 14:00:00,63.7,63.79,63.27,63.36,275806
396,33,2020-10-01 14:30:00,63.38,63.47,62.79,63.22,448997
397,32,2020-10-01 15:00:00,63.2101,63.505,63.16,63.41,349081
398,31,2020-10-01 15:30:00,63.415,63.46,62.93,62.95,349409
399,30,2020-10-01 16:00:00,62.95,63.02,62.66,62.83,1207532
400,29,2020-10-01 16:30:00,62.84,62.84,62.83,62.83,330778
401,28,2020-10-01 17:00:00,62.94,62.94,62.94,62.94,319
402,27,2020-10-01 18:30:00,62.83,62.83,62.83,62.83,61282
403,26,2020-10-01 19:00:00,62.95,62.95,62.95,62.95,400
404,25,2020-10-01 20:00:00,62.86,62.86,62.86,62.86,380
405,24,2020-10-02 05:00:00,62.9,62.9,62.9,62.9,500
406,23,2020-10-02 07:30:00,63.28,63.28,63.0,63.0,1950
407,22,2020-10-02 08:00:00,62.87,62.87,62.87,62.87,310
408,21,2020-10-02 08:30:00,62.7001,63.22,62.51,62.51,3316
409,20,2020-10-02 09:00:00,62.85,62.85,62.85,62.85,186
410,19,2020-10-02 09:30:00,62.7,62.85,62.55,62.85,16087
411,18,2020-10-02 10:00:00,62.64,63.05,62.15,62.5399,690630
412,17,2020-10-02 10:30:00,62.56,63.001999999999995,62.4,62.87,220936
413,16,2020-10-02 11:00:00,62.88,63.28,62.72,63.18,190927
414,15,2020-10-02 11:30:00,63.165,63.4,63.02,63.2,189105
415,14,2020-10-02 12:00:00,63.17,63.18,62.6,62.65,184848
416,13,2020-10-02 12:30:00,62.66,62.92,62.45,62.64,235277
417,12,2020-10-02 13:00:00,62.67,62.81,62.56,62.7,185507
418,11,2020-10-02 13:30:00,62.705,62.74,62.3216,62.35,203013
419,10,2020-10-02 14:00:00,62.35,62.585,62.24,62.53,214608
420,9,2020-10-02 14:30:00,62.53,62.68,62.5,62.54,152611
421,8,2020-10-02 15:00:00,62.53,62.64,62.41,62.615,183085
422,7,2020-10-02 15:30:00,62.615,62.67,62.39,62.5,258376
423,6,2020-10-02 16:00:00,62.5,62.56,62.26,62.29,828381
424,5,2020-10-02 16:30:00,62.29,62.29,62.29,62.29,222232
425,4,2020-10-02 17:00:00,62.31,62.31,62.31,62.31,125
426,3,2020-10-02 18:30:00,62.29,62.29,62.29,62.29,575
427,2,2020-10-02 19:00:00,62.29,62.29,62.25,62.25,675
428,1,2020-10-02 19:30:00,62.24,62.24,62.24,62.24,100
429,0,2020-10-02 20:00:00,62.2699,62.29,62.2699,62.29,550
