,index,time,open,high,low,close,volume
0,238,2020-01-09 10:00:00,9.59,9.71,9.59,9.62,6708
1,237,2020-01-09 10:30:00,9.61,9.62,9.49,9.62,14786
2,236,2020-01-09 11:00:00,9.66,9.68,9.66,9.68,300
3,235,2020-01-09 12:30:00,9.68,9.68,9.62,9.63,8111
4,234,2020-01-09 13:00:00,9.68,9.7,9.63,9.66,2600
5,233,2020-01-09 13:30:00,9.68,9.68,9.61,9.68,2700
6,232,2020-01-09 14:00:00,9.68,9.68,9.63,9.63,900
7,231,2020-01-09 15:00:00,9.7,9.75,9.62,9.73,8030
8,230,2020-01-09 15:30:00,9.735,9.75,9.69,9.73,1862
9,229,2020-01-09 16:00:00,9.725,9.75,9.6,9.6,4290
10,228,2020-01-10 10:00:00,9.61,9.61,9.56,9.56,682
11,227,2020-01-10 11:00:00,9.615,9.62,9.615,9.62,600
12,226,2020-01-10 11:30:00,9.615,9.6673,9.61,9.61,3142
13,225,2020-01-10 12:00:00,9.605,9.605,9.56,9.56,1448
14,224,2020-01-10 12:30:00,9.58,9.58,9.58,9.58,100
15,223,2020-01-10 13:00:00,9.6071,9.62,9.56,9.62,2503
16,222,2020-01-10 13:30:00,9.62,9.62,9.62,9.62,100
17,221,2020-01-10 14:00:00,9.62,9.62,9.62,9.62,100
18,220,2020-01-10 15:00:00,9.62,9.62,9.62,9.62,120
19,219,2020-01-10 15:30:00,9.62,9.62,9.62,9.62,300
20,218,2020-01-10 16:00:00,9.55,9.55,9.55,9.55,933
21,217,2020-01-13 10:00:00,9.53,9.53,9.465,9.47,4314
22,216,2020-01-13 10:30:00,9.54,9.55,9.54,9.55,800
23,215,2020-01-13 11:00:00,9.55,9.55,9.52,9.55,960
24,214,2020-01-13 11:30:00,9.55,9.55,9.52,9.55,740
25,213,2020-01-13 12:00:00,9.55,9.55,9.52,9.52,1601
26,212,2020-01-13 12:30:00,9.55,9.55,9.52,9.52,640
27,211,2020-01-13 13:00:00,9.45,9.54,9.45,9.54,1020
28,210,2020-01-13 13:30:00,9.45,9.45,9.45,9.45,100
29,209,2020-01-13 14:00:00,9.52,9.54,9.45,9.45,1310
30,208,2020-01-13 14:30:00,9.5,9.52,9.45,9.5,1300
31,207,2020-01-13 15:00:00,9.53,9.53,9.46,9.515,1910
32,206,2020-01-13 15:30:00,9.52,9.52,9.45,9.52,1370
33,205,2020-01-13 16:00:00,9.53,9.53,9.46,9.5,3668
34,204,2020-01-14 10:00:00,9.5,9.51,9.41,9.51,2136
35,203,2020-01-14 13:00:00,9.5,9.53,9.44,9.45,19041
36,202,2020-01-14 13:30:00,9.5,9.51,9.46,9.5,5600
37,201,2020-01-14 14:00:00,9.5,9.5,9.5,9.5,600
38,200,2020-01-14 14:30:00,9.45,9.47,9.44,9.44,1516
39,199,2020-01-14 15:00:00,9.43,9.43,9.34,9.34,484
40,198,2020-01-14 15:30:00,9.39,9.42,9.39,9.42,665
41,197,2020-01-14 16:00:00,9.39,9.44,9.39,9.39,914
42,196,2020-01-15 10:00:00,9.38,9.575,9.33,9.57,5826
43,195,2020-01-15 10:30:00,9.565,9.625,9.45,9.59,6941
44,194,2020-01-15 11:00:00,9.59,9.665,9.585,9.585,1920
45,193,2020-01-15 12:00:00,9.65,9.66,9.59,9.66,680
46,192,2020-01-15 12:30:00,9.6,9.665,9.5,9.51,18960
47,191,2020-01-15 13:00:00,9.58,9.62,9.51,9.56,1920
48,190,2020-01-15 13:30:00,9.56,9.605,9.56,9.56,600
49,189,2020-01-15 14:00:00,9.56,9.61,9.56,9.56,520
50,188,2020-01-15 14:30:00,9.56,9.625,9.51,9.575,1710
51,187,2020-01-15 15:00:00,9.575,9.64,9.575,9.64,700
52,186,2020-01-15 15:30:00,9.575,9.64,9.575,9.575,700
53,185,2020-01-15 16:00:00,9.6,9.6,9.52,9.52,519
54,184,2020-01-16 10:00:00,9.52,9.52,9.46,9.46,440
55,183,2020-01-16 11:00:00,9.48,9.585,9.48,9.48,1200
56,182,2020-01-16 11:30:00,9.48,9.52,9.38,9.38,104695
57,181,2020-01-16 12:00:00,9.41,9.46,9.41,9.46,600
58,180,2020-01-16 12:30:00,9.45,9.48,9.39,9.47,2678
59,179,2020-01-16 13:00:00,9.5,9.5,9.5,9.5,500
60,178,2020-01-16 13:30:00,9.5,9.5673,9.43,9.49,800
61,177,2020-01-16 14:30:00,9.5,9.5,9.43,9.43,3000
62,176,2020-01-16 15:30:00,9.48,9.48,9.42,9.42,14368
63,175,2020-01-16 16:00:00,9.4832,9.51,9.43,9.485,23080
64,174,2020-01-17 10:00:00,9.47,10.0,9.47,9.62,98270
65,173,2020-01-17 10:30:00,9.635,9.635,9.36,9.43,108050
66,172,2020-01-17 11:00:00,9.44,9.535,9.4,9.535,18590
67,171,2020-01-17 11:30:00,9.53,9.58,9.5,9.505,55903
68,170,2020-01-17 12:00:00,9.59,9.59,9.585,9.585,250
69,169,2020-01-17 12:30:00,9.585,9.585,9.5,9.575,450
70,168,2020-01-17 13:00:00,9.515,9.65,9.515,9.565,1730
71,167,2020-01-17 13:30:00,9.6,9.6,9.54,9.55,2310
72,166,2020-01-17 14:00:00,9.545,9.545,9.5,9.5,410
73,165,2020-01-17 14:30:00,9.565,9.565,9.565,9.565,160
74,164,2020-01-17 15:00:00,9.565,9.565,9.505,9.56,794
75,163,2020-01-17 15:30:00,9.555,9.555,9.51,9.55,2240
76,162,2020-01-17 16:00:00,9.545,9.545,9.38,9.38,8319
77,161,2020-01-21 10:00:00,9.5,9.545,9.3,9.3,214892
78,160,2020-01-21 10:30:00,9.38,9.38,9.38,9.38,110
79,159,2020-01-21 11:00:00,9.38,9.38,9.38,9.38,200
80,158,2020-01-21 11:30:00,9.39,9.435,9.39,9.435,1540
81,157,2020-01-21 12:00:00,9.475,9.49,9.39,9.49,15410
82,156,2020-01-21 12:30:00,9.405,9.405,9.405,9.405,110
83,155,2020-01-21 13:00:00,9.48,9.5,9.39,9.39,26760
84,154,2020-01-21 13:30:00,9.5,9.5,9.455,9.5,1430
85,153,2020-01-21 14:00:00,9.415,9.415,9.415,9.415,110
86,152,2020-01-21 14:30:00,9.42,9.42,9.42,9.42,173
87,151,2020-01-21 15:00:00,9.41,9.42,9.41,9.42,310
88,150,2020-01-21 15:30:00,9.42,9.42,9.39,9.415,24542
89,149,2020-01-21 16:00:00,9.475,9.48,9.4,9.4,41707
90,148,2020-01-22 10:00:00,9.46,9.52,9.4,9.475,22944
91,147,2020-01-22 10:30:00,9.475,9.49,9.36,9.42,61286
92,146,2020-01-22 11:00:00,9.42,9.5,9.41,9.49,65968
93,145,2020-01-22 11:30:00,9.49,9.5,9.42,9.45,17334
94,144,2020-01-22 12:00:00,9.45,9.5,9.4,9.45,19684
95,143,2020-01-22 12:30:00,9.47,9.48,9.39,9.42,8920
96,142,2020-01-22 13:00:00,9.42,9.42,9.42,9.42,200
97,141,2020-01-22 14:00:00,9.46,9.46,9.42,9.42,276
98,140,2020-01-22 15:30:00,9.45,9.45,9.45,9.45,100
99,139,2020-01-22 16:00:00,9.46,9.47,9.41,9.42,826
100,138,2020-01-23 10:00:00,9.38,9.38,9.3,9.3,1711
101,137,2020-01-23 10:30:00,9.31,9.31,9.31,9.31,110
102,136,2020-01-23 11:00:00,9.38,9.38,9.32,9.32,4500
103,135,2020-01-23 11:30:00,9.32,9.32,9.32,9.32,1110
104,134,2020-01-23 12:30:00,9.33,9.33,9.33,9.33,200
105,133,2020-01-23 13:00:00,9.32,9.32,9.3,9.3,4720
106,132,2020-01-23 13:30:00,9.3,9.32,9.23,9.23,800
107,131,2020-01-23 15:00:00,9.33,9.33,9.2,9.32,7940
108,130,2020-01-23 15:30:00,9.31,9.35,9.21,9.235,24970
109,129,2020-01-23 16:00:00,9.2843,9.37,9.2517,9.35,14798
110,128,2020-01-24 10:00:00,9.31,9.31,9.31,9.31,288
111,127,2020-01-24 10:30:00,9.27,9.27,9.27,9.27,100
112,126,2020-01-24 11:00:00,9.38,9.5,9.28,9.4,83700
113,125,2020-01-24 11:30:00,9.335,9.46,9.3,9.46,4100
114,124,2020-01-24 12:00:00,9.35,9.45,9.35,9.45,200
115,123,2020-01-24 12:30:00,9.45,9.45,9.45,9.45,300
116,122,2020-01-24 13:00:00,9.5,9.51,9.34,9.4,50350
117,121,2020-01-24 13:30:00,9.49,9.56,9.4,9.45,17927
118,120,2020-01-24 14:00:00,9.45,9.45,9.39,9.39,700
119,119,2020-01-24 14:30:00,9.4,9.415,9.335,9.41,2400
120,118,2020-01-24 15:00:00,9.41,9.41,9.38,9.38,900
121,117,2020-01-24 15:30:00,9.38,9.38,9.38,9.38,100
122,116,2020-01-24 16:00:00,9.38,9.4,9.31,9.31,2535
123,115,2020-01-27 10:00:00,9.06,9.1,9.06,9.0627,7048
124,114,2020-01-27 11:00:00,9.06,9.24,9.01,9.21,17944
125,113,2020-01-27 11:30:00,9.31,9.33,9.265,9.325,2920
126,112,2020-01-27 12:00:00,9.27,9.35,9.27,9.35,450
127,111,2020-01-27 12:30:00,9.35,9.35,9.26,9.31,620
128,110,2020-01-27 13:00:00,9.31,9.35,9.28,9.28,5924
129,109,2020-01-27 13:30:00,9.3,9.31,9.3,9.3,850
130,108,2020-01-27 14:00:00,9.32,9.32,9.28,9.28,320
131,107,2020-01-27 15:00:00,9.28,9.28,9.28,9.28,460
132,106,2020-01-27 15:30:00,9.28,9.32,9.28,9.3,4260
133,105,2020-01-27 16:00:00,9.2,9.28,9.2,9.22,1650
134,104,2020-01-28 10:00:00,9.29,9.33,9.2,9.2,824
135,103,2020-01-28 11:00:00,9.18,9.35,9.18,9.26,6138
136,102,2020-01-28 11:30:00,9.36,9.37,9.25,9.31,10266
137,101,2020-01-28 12:00:00,9.37,9.38,9.31,9.38,1100
138,100,2020-01-28 13:00:00,9.26,9.315,9.2538,9.255,1503
139,99,2020-01-28 13:30:00,9.255,9.255,9.255,9.255,100
140,98,2020-01-28 14:00:00,9.35,9.35,9.25,9.35,580
141,97,2020-01-28 15:30:00,9.325,9.35,9.31,9.35,1702
142,96,2020-01-28 16:00:00,9.375,9.375,9.375,9.375,167
143,95,2020-01-29 10:00:00,9.37,9.37,9.25,9.35,1548
144,94,2020-01-29 10:30:00,9.35,9.4,9.27,9.28,3610
145,93,2020-01-29 11:00:00,9.42,9.44,9.3,9.31,109512
146,92,2020-01-29 11:30:00,9.35,9.4,9.32,9.35,2548
147,91,2020-01-29 12:00:00,9.375,9.8,9.35,9.45,27474
148,90,2020-01-29 12:30:00,9.545,9.545,9.45,9.45,500
149,89,2020-01-29 13:00:00,9.45,9.45,9.45,9.45,430
150,88,2020-01-29 13:30:00,9.475,9.475,9.45,9.465,2999
151,87,2020-01-29 14:00:00,9.465,9.48,9.45,9.45,2840
152,86,2020-01-29 14:30:00,9.45,9.465,9.45,9.45,4590
153,85,2020-01-29 15:00:00,9.45,9.54,9.44,9.54,25739
154,84,2020-01-29 15:30:00,9.56,9.56,9.41,9.41,4600
155,83,2020-01-29 16:00:00,9.465,9.53,9.31,9.35,20308
156,82,2020-01-30 10:00:00,9.72,9.72,9.54,9.54,3100
157,81,2020-01-30 11:00:00,9.49,9.49,9.47,9.47,200
158,80,2020-01-30 11:30:00,9.44,9.44,9.44,9.44,100
159,79,2020-01-30 12:00:00,9.5699,9.5699,9.33,9.33,2373
160,78,2020-01-30 12:30:00,9.33,9.33,9.29,9.31,380
161,77,2020-01-30 13:00:00,9.32,9.33,9.32,9.33,526
162,76,2020-01-30 13:30:00,9.33,9.34,9.3,9.3,1064
163,75,2020-01-30 14:30:00,9.39,9.415,9.31,9.35,17273
164,74,2020-01-30 15:00:00,9.31,9.31,9.29,9.29,568
165,73,2020-01-30 15:30:00,9.3,9.31,9.25,9.31,1782
166,72,2020-01-30 16:00:00,9.3198,9.33,9.28,9.33,3979
167,71,2020-01-31 10:00:00,9.23,9.38,9.08,9.11,7516
168,70,2020-01-31 10:30:00,9.1473,9.1473,9.1473,9.1473,200
169,69,2020-01-31 11:00:00,9.08,9.08,9.08,9.08,100
170,68,2020-01-31 11:30:00,9.08,9.1031,9.0569,9.0569,2047
171,67,2020-01-31 12:00:00,9.01,9.01,9.01,9.01,1380
172,66,2020-01-31 12:30:00,9.01,9.01,9.01,9.01,120
173,65,2020-01-31 13:00:00,9.0548,9.15,9.0548,9.15,5440
174,64,2020-01-31 13:30:00,9.04,9.28,9.04,9.28,993
175,63,2020-01-31 14:30:00,9.15,9.15,9.15,9.15,100
176,62,2020-01-31 15:00:00,9.15,9.15,9.13,9.15,300
177,61,2020-01-31 15:30:00,9.14,9.14,9.14,9.14,100
178,60,2020-01-31 16:00:00,9.22,9.29,9.1,9.1,7548
179,59,2020-02-03 10:00:00,9.1,9.12,8.85,9.03,34420
180,58,2020-02-03 10:30:00,9.05,9.2,8.95,9.05,54426
181,57,2020-02-03 11:00:00,9.05,9.09,8.95,9.0,32524
182,56,2020-02-03 11:30:00,8.95,9.03,8.95,8.98,17702
183,55,2020-02-03 12:00:00,9.0,9.05,8.95,9.01,14156
184,54,2020-02-03 12:30:00,8.97,8.97,8.97,8.97,600
185,53,2020-02-03 13:00:00,8.98,8.99,8.95,8.95,2181
186,52,2020-02-03 13:30:00,8.975,8.975,8.96,8.97,790
187,51,2020-02-03 14:00:00,8.97,9.05,8.95,9.015,14680
188,50,2020-02-03 14:30:00,9.0,9.035,8.95,8.99,7690
189,49,2020-02-03 15:00:00,8.99,9.015,8.95,8.99,65883
190,48,2020-02-03 15:30:00,8.995,9.01,8.98,8.995,25500
191,47,2020-02-03 16:00:00,8.95,9.0,8.95,8.95,11182
192,46,2020-02-04 10:00:00,8.95,9.1873,8.95,9.17,4418
193,45,2020-02-04 11:30:00,9.19,9.19,9.0,9.0,2400
194,44,2020-02-04 12:00:00,9.01,9.07,8.97,8.97,2554
195,43,2020-02-04 12:30:00,8.96,8.96,8.96,8.96,100
196,42,2020-02-04 13:00:00,8.96,8.97,8.96,8.96,410
197,41,2020-02-04 13:30:00,8.97,9.0,8.95,9.0,820
198,40,2020-02-04 14:00:00,9.0,9.0,8.97,9.0,4407
199,39,2020-02-04 14:30:00,8.98,9.0,8.98,9.0,220
200,38,2020-02-04 15:00:00,8.98,8.98,8.98,8.98,100
201,37,2020-02-04 16:00:00,8.9873,9.0,8.94,9.0,2213
202,36,2020-02-05 10:00:00,8.94,8.94,8.94,8.94,632
203,35,2020-02-05 10:30:00,8.94,8.94,8.94,8.94,100
204,34,2020-02-05 11:00:00,8.94,8.94,8.94,8.94,234
205,33,2020-02-05 12:00:00,8.96,8.96,8.9,8.9,2550
206,32,2020-02-05 12:30:00,8.9,8.95,8.76,8.9,21639
207,31,2020-02-05 13:00:00,8.925,8.95,8.91,8.91,600
208,30,2020-02-05 13:30:00,8.9,8.95,8.89,8.95,2300
209,29,2020-02-05 14:00:00,8.89,8.95,8.89,8.895,2300
210,28,2020-02-05 14:30:00,8.895,8.91,8.88,8.91,2000
211,27,2020-02-05 15:00:00,8.92,8.95,8.9,8.95,2100
212,26,2020-02-05 15:30:00,8.91,8.95,8.91,8.92,2300
213,25,2020-02-05 16:00:00,8.92,9.0,8.92,8.955,5229
214,24,2020-02-06 09:00:00,9.88,10.0,9.88,10.0,600
215,23,2020-02-06 09:30:00,10.0,10.0,10.0,10.0,200
216,22,2020-02-06 10:00:00,9.33,10.01,9.33,9.475,21476
217,21,2020-02-06 10:30:00,9.45,9.475,9.45,9.45,4904
218,20,2020-02-06 11:00:00,9.45,9.45,9.29,9.29,8166
219,19,2020-02-06 12:00:00,9.17,9.17,9.17,9.17,100
220,18,2020-02-06 12:30:00,9.17,9.18,8.6,8.82,27932
221,17,2020-02-06 13:00:00,8.82,8.95,8.8,8.81,12700
222,16,2020-02-06 13:30:00,8.89,8.91,8.8,8.91,14619
223,15,2020-02-06 14:00:00,8.905,9.0,8.85,8.98,24432
224,14,2020-02-06 14:30:00,8.99,9.0,8.95,9.0,17700
225,13,2020-02-06 15:00:00,9.0,9.035,8.96,9.0,59992
226,12,2020-02-06 15:30:00,9.0,9.0,8.99,9.0,2320
227,11,2020-02-06 16:00:00,9.0,9.1,8.96,8.99,14290
228,10,2020-02-07 10:00:00,8.99,8.99,8.99,8.99,644
229,9,2020-02-07 11:00:00,9.0,9.015,8.92,9.015,31125
230,8,2020-02-07 11:30:00,9.0,9.0,9.0,9.0,414
231,7,2020-02-07 12:00:00,9.0,9.0,8.9973,8.9973,400
232,6,2020-02-07 12:30:00,9.0,9.0,9.0,9.0,400
233,5,2020-02-07 13:00:00,8.95,9.0,8.9,9.0,300
234,4,2020-02-07 14:00:00,9.035,9.035,9.0,9.035,520
235,3,2020-02-07 14:30:00,9.0,9.0,9.0,9.0,210
236,2,2020-02-07 15:00:00,8.96,8.96,8.96,8.96,118
237,1,2020-02-07 15:30:00,9.0,9.0,8.98,9.0,2610
238,0,2020-02-07 16:00:00,8.96,9.04,8.96,9.04,3577
239,229,2020-02-10 10:00:00,8.95,9.095,8.8,8.94,49921
240,228,2020-02-10 10:30:00,8.95,9.0,8.82,8.95,33112
241,227,2020-02-10 11:00:00,8.95,8.95,8.815,8.815,286
242,226,2020-02-10 11:30:00,8.82,8.82,8.81,8.81,3200
243,225,2020-02-10 12:00:00,8.77,8.865,8.77,8.8,23320
244,224,2020-02-10 12:30:00,8.785,8.785,8.785,8.785,100
245,223,2020-02-10 13:00:00,8.785,8.81,8.785,8.81,290
246,222,2020-02-10 13:30:00,8.81,8.925,8.76,8.83,135210
247,221,2020-02-10 14:00:00,8.8,8.83,8.76,8.76,16010
248,220,2020-02-10 14:30:00,8.765,8.8,8.765,8.785,12100
249,219,2020-02-10 15:00:00,8.74,8.75,8.74,8.74,300
250,218,2020-02-10 15:30:00,8.745,8.8,8.745,8.79,1410
251,217,2020-02-10 16:00:00,8.75,8.8,8.74,8.8,202984
252,216,2020-02-11 10:00:00,8.88,8.97,8.88,8.97,508
253,215,2020-02-11 11:00:00,9.0,9.06,8.89,8.89,2027
254,214,2020-02-11 12:00:00,9.0,9.0,8.9,9.0,3539
255,213,2020-02-11 14:30:00,8.95,9.04,8.95,9.04,547
256,212,2020-02-11 16:00:00,9.0,9.06,8.97,9.0,2155
257,211,2020-02-12 10:00:00,8.99,9.155,8.82,9.0,30875
258,210,2020-02-12 10:30:00,9.0,9.03,8.87,8.99,10990
259,209,2020-02-12 11:00:00,8.99,9.14,8.91,8.98,73390
260,208,2020-02-12 11:30:00,9.0,9.15,8.98,9.0,22200
261,207,2020-02-12 12:00:00,9.0,9.15,8.98,9.0,43900
262,206,2020-02-12 12:30:00,9.0,9.0,8.98,9.0,3500
263,205,2020-02-12 13:00:00,9.0,9.01,8.98,9.01,28800
264,204,2020-02-12 13:30:00,9.01,9.01,8.98,9.0,5700
265,203,2020-02-12 14:00:00,9.0,9.0,8.995,9.0,3900
266,202,2020-02-12 14:30:00,9.0,9.0,8.99,8.99,3200
267,201,2020-02-12 15:00:00,9.0,9.03,8.98,9.0,154955
268,200,2020-02-12 15:30:00,9.0,9.0,8.98,9.0,9069
269,199,2020-02-12 16:00:00,9.0,9.0,8.99,9.0,4457
270,198,2020-02-13 10:00:00,8.92,9.0,8.87,8.95,3370
271,197,2020-02-13 10:30:00,9.0,9.06,8.87,9.0,60450
272,196,2020-02-13 11:00:00,9.0,9.04,8.93,9.005,60945
273,195,2020-02-13 11:30:00,9.0,9.01,8.95,9.0,7728
274,194,2020-02-13 12:00:00,9.0,9.015,8.97,8.97,33518
275,193,2020-02-13 12:30:00,9.0,9.025,8.96,8.99,114672
276,192,2020-02-13 13:00:00,9.0,9.19,8.98,9.17,14814
277,191,2020-02-13 13:30:00,9.17,9.34,9.1,9.34,9306
278,190,2020-02-13 14:00:00,9.26,9.34,9.18,9.235,18057
279,189,2020-02-13 14:30:00,9.235,9.34,9.15,9.18,31279
280,188,2020-02-13 15:00:00,9.16,9.25,8.985,9.0,98823
281,187,2020-02-13 15:30:00,9.0,9.16,9.0,9.045,32024
282,186,2020-02-13 16:00:00,9.05,9.14,9.0,9.08,54908
283,185,2020-02-14 10:00:00,9.27,9.29,9.06,9.25,4310
284,184,2020-02-14 11:00:00,9.315,9.315,9.315,9.315,100
285,183,2020-02-14 11:30:00,9.315,9.48,9.19,9.255,6671
286,182,2020-02-14 12:00:00,9.265,9.43,9.17,9.25,9407
287,181,2020-02-14 12:30:00,9.25,9.36,9.2,9.25,5844
288,180,2020-02-14 13:00:00,9.2,9.295,9.2,9.2,6110
289,179,2020-02-14 13:30:00,9.2,9.41,9.2,9.41,10381
290,178,2020-02-14 14:00:00,9.4,9.4,9.28,9.28,2545
291,177,2020-02-14 14:30:00,9.33,9.33,9.22,9.28,2070
292,176,2020-02-14 15:00:00,9.28,9.34,9.22,9.29,4150
293,175,2020-02-14 15:30:00,9.35,9.375,9.23,9.23,9063
294,174,2020-02-14 16:00:00,9.31,9.31,9.13,9.21,11675
295,173,2020-02-18 10:00:00,9.16,9.36,9.16,9.3,5656
296,172,2020-02-18 10:30:00,9.3,9.34,9.29,9.34,7683
297,171,2020-02-18 11:00:00,9.34,9.39,9.335,9.38,7283
298,170,2020-02-18 11:30:00,9.38,9.44,9.38,9.43,14091
299,169,2020-02-18 12:00:00,9.44,9.44,9.4,9.405,7948
300,168,2020-02-18 12:30:00,9.4,9.41,9.4,9.41,5324
301,167,2020-02-18 13:00:00,9.405,9.44,9.39,9.44,18180
302,166,2020-02-18 13:30:00,9.43,9.45,9.41,9.425,4520
303,165,2020-02-18 14:00:00,9.44,9.5,9.42,9.5,3669
304,164,2020-02-18 14:30:00,9.5,9.53,9.42,9.53,4931
305,163,2020-02-18 15:00:00,9.5,9.565,9.47,9.565,12578
306,162,2020-02-18 15:30:00,9.565,9.61,9.52,9.53,6375
307,161,2020-02-18 16:00:00,9.52,9.53,9.46,9.53,10706
308,160,2020-02-18 16:30:00,9.45,9.45,9.45,9.45,153600
309,159,2020-02-19 10:00:00,9.49,9.71,9.39,9.555,9640
310,158,2020-02-19 10:30:00,9.61,9.61,9.505,9.505,22798
311,157,2020-02-19 11:00:00,9.5,9.5,9.46,9.46,3981
312,156,2020-02-19 11:30:00,9.46,9.61,9.46,9.61,11689
313,155,2020-02-19 12:00:00,9.61,9.61,9.56,9.605,13668
314,154,2020-02-19 12:30:00,9.605,9.605,9.53,9.53,2181
315,153,2020-02-19 13:00:00,9.531,9.56,9.531,9.56,550
316,152,2020-02-19 13:30:00,9.53,9.56,9.515,9.52,2735
317,151,2020-02-19 14:00:00,9.53,9.56,9.515,9.515,12606
318,150,2020-02-19 14:30:00,9.52,9.56,9.52,9.56,7008
319,149,2020-02-19 15:00:00,9.56,9.62,9.555,9.61,4050
320,148,2020-02-19 15:30:00,9.61,9.65,9.575,9.65,26000
321,147,2020-02-19 16:00:00,9.65,9.72,9.6,9.62,7668
322,146,2020-02-20 10:00:00,9.55,9.71,9.41,9.655,13270
323,145,2020-02-20 10:30:00,9.655,9.69,9.62,9.645,9594
324,144,2020-02-20 11:00:00,9.645,9.66,9.58,9.6325,14000
325,143,2020-02-20 11:30:00,9.65,9.7,9.65,9.66,13024
326,142,2020-02-20 12:00:00,9.675,9.72,9.64,9.675,6015
327,141,2020-02-20 12:30:00,9.7,9.7,9.66,9.68,255221
328,140,2020-02-20 13:00:00,9.7,9.7,9.665,9.675,43336
329,139,2020-02-20 13:30:00,9.675,9.68,9.64,9.655,18084
330,138,2020-02-20 14:00:00,9.655,9.66,9.63,9.66,14170
331,137,2020-02-20 14:30:00,9.66,9.7,9.615,9.66,9720
332,136,2020-02-20 15:00:00,9.68,9.73,9.62,9.73,114265
333,135,2020-02-20 15:30:00,9.735,9.74,9.61,9.74,51616
334,134,2020-02-20 16:00:00,9.74,9.85,9.69,9.75,25372
335,133,2020-02-21 10:00:00,10.0,10.0,9.85,9.9,9540
336,132,2020-02-21 10:30:00,9.9,10.0,9.85,9.895,4712
337,131,2020-02-21 11:00:00,9.895,9.92,9.87,9.91,5322
338,130,2020-02-21 11:30:00,9.915,9.94,9.9,9.92,4835
339,129,2020-02-21 12:00:00,9.92,9.955,9.78,9.9,7574
340,128,2020-02-21 12:30:00,9.9,9.91,9.83,9.83,4217
341,127,2020-02-21 13:00:00,9.86,9.88,9.86,9.88,2445
342,126,2020-02-21 13:30:00,9.88,9.95,9.86,9.95,2600
343,125,2020-02-21 14:00:00,9.95,9.95,9.935,9.95,2500
344,124,2020-02-21 14:30:00,9.945,9.95,9.86,9.86,4347
345,123,2020-02-21 15:00:00,9.85,9.85,9.845,9.85,2600
346,122,2020-02-21 15:30:00,9.85,9.85,9.845,9.845,3271
347,121,2020-02-21 16:00:00,9.85,9.85,9.84,9.84,9529
348,120,2020-02-21 16:30:00,9.8996,9.8996,9.8996,9.8996,30000
349,119,2020-02-24 10:00:00,9.63,9.63,9.63,9.63,600
350,118,2020-02-24 10:30:00,9.8373,9.8397,9.82,9.83,700
351,117,2020-02-24 11:00:00,9.683,9.683,9.683,9.683,146
352,116,2020-02-24 12:30:00,9.76,9.77,9.68,9.71,8369
353,115,2020-02-24 13:30:00,9.68,9.71,9.68,9.68,328087
354,114,2020-02-24 14:00:00,9.715,9.715,9.715,9.715,112
355,113,2020-02-24 14:30:00,9.72,9.73,9.68,9.68,1524
356,112,2020-02-24 16:00:00,9.71,9.72,9.67,9.69,3052
357,111,2020-02-25 10:00:00,9.78,9.78,9.78,9.78,1516
358,110,2020-02-25 10:30:00,9.73,9.75,9.725,9.725,400
359,109,2020-02-25 11:00:00,9.75,9.75,9.75,9.75,300
360,108,2020-02-25 11:30:00,9.7,9.74,9.65,9.66,2475
361,107,2020-02-25 12:00:00,9.66,9.73,9.65,9.685,1740
362,106,2020-02-25 12:30:00,9.69,9.695,9.65,9.65,1770
363,105,2020-02-25 13:00:00,9.68,9.68,9.68,9.68,300
364,104,2020-02-25 13:30:00,9.7,9.7,9.54,9.65,7390
365,103,2020-02-25 14:00:00,9.63,9.63,9.44,9.52,10081
366,102,2020-02-25 14:30:00,9.52,9.67,9.4,9.67,23091
367,101,2020-02-25 15:00:00,9.66,9.67,9.56,9.67,2149
368,100,2020-02-25 15:30:00,9.61,9.64,9.55,9.64,553
369,99,2020-02-25 16:00:00,9.655,9.68,9.6,9.6,53473
370,98,2020-02-26 10:00:00,9.6,9.67,9.6,9.63,2627
371,97,2020-02-26 11:00:00,9.685,9.795,9.685,9.795,1012
372,96,2020-02-26 11:30:00,9.66,9.735,9.65,9.735,1648
373,95,2020-02-26 12:00:00,9.665,9.81,9.5,9.555,34414
374,94,2020-02-26 12:30:00,9.555,9.59,9.555,9.59,519
375,93,2020-02-26 13:00:00,9.59,9.59,9.58,9.58,1560
376,92,2020-02-26 13:30:00,9.58,9.58,9.57,9.57,508
377,91,2020-02-26 14:00:00,9.585,9.585,9.55,9.56,643
378,90,2020-02-26 14:30:00,9.55,9.59,9.55,9.58,1005
379,89,2020-02-26 15:00:00,9.59,9.6,9.58,9.58,981
380,88,2020-02-26 15:30:00,9.59,9.5999,9.58,9.59,3320
381,87,2020-02-26 16:00:00,9.58,9.6,9.55,9.55,5276
382,86,2020-02-26 19:30:00,9.75,9.75,9.75,9.75,500
383,85,2020-02-27 09:00:00,9.3901,9.3901,9.3901,9.3901,100
384,84,2020-02-27 10:00:00,9.55,9.55,9.5,9.5,8731
385,83,2020-02-27 10:30:00,9.54,9.54,9.5,9.5,32578
386,82,2020-02-27 11:00:00,9.5197,9.54,9.5,9.5,6479
387,81,2020-02-27 11:30:00,9.5,9.54,9.5,9.505,9061
388,80,2020-02-27 12:00:00,9.505,9.51,9.505,9.51,5927
389,79,2020-02-27 12:30:00,9.51,9.51,9.5,9.5,6327
390,78,2020-02-27 13:00:00,9.5,9.51,9.5,9.5,4477
391,77,2020-02-27 13:30:00,9.5,9.51,9.5,9.51,7533
392,76,2020-02-27 14:00:00,9.5,9.69,9.5,9.51,12164
393,75,2020-02-27 14:30:00,9.5,9.6,9.5,9.5,14166
394,74,2020-02-27 15:00:00,9.5,9.55,9.5,9.5,11343
395,73,2020-02-27 15:30:00,9.5,9.5,9.5,9.5,2906
396,72,2020-02-27 16:00:00,9.5,9.5,9.47,9.48,5682
397,71,2020-02-27 16:30:00,9.5,9.5,9.5,9.5,144
398,70,2020-02-28 10:00:00,9.43,9.43,9.43,9.43,612
399,69,2020-02-28 10:30:00,9.5,9.5,9.42,9.42,1410
400,68,2020-02-28 11:00:00,9.41,9.42,9.4,9.4,2833
401,67,2020-02-28 11:30:00,9.41,9.49,9.41,9.49,3160
402,66,2020-02-28 12:00:00,9.48,9.48,9.48,9.48,100
403,65,2020-02-28 12:30:00,9.42,9.49,9.42,9.49,350
404,64,2020-02-28 13:00:00,9.41,9.47,9.41,9.43,300
405,63,2020-02-28 13:30:00,9.48,9.49,9.43,9.48,800
406,62,2020-02-28 14:00:00,9.5,9.5,9.46,9.46,242
407,61,2020-02-28 15:00:00,9.5,9.5,9.5,9.5,600
408,60,2020-02-28 15:30:00,9.5,9.5,9.45,9.45,600
409,59,2020-02-28 16:00:00,9.49,9.5,9.42,9.5,1037
410,58,2020-03-02 08:30:00,9.5,9.5,9.5,9.5,200
411,57,2020-03-02 10:00:00,9.45,9.45,9.44,9.44,726
412,56,2020-03-02 10:30:00,9.45,9.45,9.445,9.445,600
413,55,2020-03-02 11:00:00,9.46,9.46,9.44,9.44,1261
414,54,2020-03-02 11:30:00,9.46,9.46,9.46,9.46,211
415,53,2020-03-02 12:00:00,9.46,9.46,9.46,9.46,101
416,52,2020-03-02 12:30:00,9.46,9.46,9.46,9.46,111
417,51,2020-03-02 13:00:00,9.465,9.465,9.465,9.465,103
418,50,2020-03-02 13:30:00,9.46,9.46,9.42,9.42,1969
419,49,2020-03-02 14:00:00,9.44,9.44,9.42,9.44,724
420,48,2020-03-02 14:30:00,9.45,9.45,9.43,9.43,617
421,47,2020-03-02 15:00:00,9.43,9.46,9.43,9.46,1381
422,46,2020-03-02 15:30:00,9.455,9.455,9.45,9.45,246
423,45,2020-03-02 16:00:00,9.455,9.5199,9.42,9.45,7310
424,44,2020-03-03 10:00:00,9.42,9.42,9.42,9.42,318
425,43,2020-03-03 12:00:00,9.475,9.475,9.475,9.475,305
426,42,2020-03-03 12:30:00,9.475,9.475,9.475,9.475,325
427,41,2020-03-03 13:00:00,9.5,9.5,9.43,9.44,6825
428,40,2020-03-03 13:30:00,9.41,9.41,9.41,9.41,101
429,39,2020-03-03 14:00:00,9.415,9.435,9.41,9.41,2046
430,38,2020-03-03 14:30:00,9.42,9.42,9.39,9.4,3912
431,37,2020-03-03 15:00:00,9.4,9.42,9.4,9.4,1500
432,36,2020-03-03 15:30:00,9.42,9.42,9.42,9.42,350
433,35,2020-03-03 16:00:00,9.41,9.43,9.37,9.4,29436
434,34,2020-03-04 10:00:00,9.54,9.6,9.5,9.56,49340
435,33,2020-03-04 10:30:00,9.56,9.59,9.56,9.59,210
436,32,2020-03-04 11:00:00,9.5,9.59,9.43,9.58,30830
437,31,2020-03-04 12:00:00,9.55,9.56,9.45,9.45,370
438,30,2020-03-04 12:30:00,9.45,9.59,9.45,9.59,847
439,29,2020-03-04 13:00:00,9.455,9.455,9.455,9.455,100
440,28,2020-03-04 13:30:00,9.55,9.6,9.545,9.545,5843
441,27,2020-03-04 14:30:00,9.58,9.58,9.53,9.53,210
442,26,2020-03-04 15:00:00,9.475,9.475,9.44,9.45,1160
443,25,2020-03-04 15:30:00,9.45,9.48,9.445,9.445,610
444,24,2020-03-04 16:00:00,9.45,9.48,9.4,9.4,3866
445,23,2020-03-04 16:30:00,9.4,9.4,9.4,9.4,181
446,22,2020-03-05 10:00:00,9.35,9.5,9.3,9.3,1010
447,21,2020-03-05 10:30:00,9.3,9.62,9.3,9.57,325
448,20,2020-03-05 11:30:00,9.4834,9.53,9.34,9.4382,1597
449,19,2020-03-05 12:00:00,9.55,9.55,9.35,9.43,15827
450,18,2020-03-05 12:30:00,9.45,9.45,9.36,9.36,4456
451,17,2020-03-05 13:00:00,9.35,9.35,9.35,9.35,100
452,16,2020-03-05 13:30:00,9.3501,9.41,9.35,9.36,1608
453,15,2020-03-05 14:00:00,9.35,9.41,9.35,9.41,1700
454,14,2020-03-05 14:30:00,9.4,9.41,9.36,9.39,10488
455,13,2020-03-05 15:00:00,9.35,9.39,9.35,9.37,3966
456,12,2020-03-05 15:30:00,9.37,9.39,9.35,9.36,2187
457,11,2020-03-05 16:00:00,9.39,9.4,9.35,9.4,13731
458,10,2020-03-05 16:30:00,9.4,9.4,9.4,9.4,105
459,9,2020-03-06 10:00:00,9.43,9.43,9.32,9.32,928
460,8,2020-03-06 11:00:00,9.378,9.378,9.378,9.378,150
461,7,2020-03-06 12:00:00,9.34,9.34,9.34,9.34,100
462,6,2020-03-06 12:30:00,9.44,9.44,9.44,9.44,402
463,5,2020-03-06 13:30:00,9.38,9.43,9.32,9.32,2628
464,4,2020-03-06 14:00:00,9.31,9.44,9.31,9.34,3780
465,3,2020-03-06 14:30:00,9.355,9.355,9.35,9.35,200
466,2,2020-03-06 15:00:00,9.355,9.39,9.3506,9.39,619
467,1,2020-03-06 15:30:00,9.35,9.395,9.35,9.39,410
468,0,2020-03-06 16:00:00,9.395,9.43,9.26,9.38,26963
469,266,2020-03-09 10:00:00,9.4,9.4,9.16,9.16,568
470,265,2020-03-09 11:00:00,9.18,9.41,9.18,9.22,1612
471,264,2020-03-09 11:30:00,9.4,9.61,9.25,9.46,11416
472,263,2020-03-09 12:00:00,9.5,9.6,9.46,9.6,8710
473,262,2020-03-09 12:30:00,9.6,9.74,9.57,9.64,5766
474,261,2020-03-09 13:00:00,9.64,9.64,9.63,9.63,798
475,260,2020-03-09 13:30:00,9.61,9.61,9.61,9.61,200
476,259,2020-03-09 14:00:00,9.62,9.62,9.55,9.55,642
477,258,2020-03-09 14:30:00,9.5712,9.615,9.5712,9.615,1800
478,257,2020-03-09 15:00:00,9.6678,9.6678,9.48,9.55,400
479,256,2020-03-09 15:30:00,9.4,9.51,9.4,9.43,1500
480,255,2020-03-09 16:00:00,9.4,9.45,9.4,9.45,2645
481,254,2020-03-10 10:00:00,9.4,9.4,9.325,9.4,39539
482,253,2020-03-10 10:30:00,9.4,9.4,9.35,9.4,1181
483,252,2020-03-10 11:00:00,9.4,9.4,9.37,9.4,17093
484,251,2020-03-10 11:30:00,9.39,9.4,9.38,9.38,2400
485,250,2020-03-10 12:00:00,9.39,9.39,9.38,9.39,2811
486,249,2020-03-10 12:30:00,9.4,9.4,9.385,9.4,1976
487,248,2020-03-10 13:00:00,9.4,9.4,9.385,9.385,2407
488,247,2020-03-10 13:30:00,9.4,9.4,9.385,9.39,2207
489,246,2020-03-10 14:00:00,9.4,9.4,9.385,9.4,2306
490,245,2020-03-10 14:30:00,9.4,9.4,9.33,9.33,4604
491,244,2020-03-10 15:00:00,9.33,9.36,9.325,9.35,2409
492,243,2020-03-10 15:30:00,9.35,9.4,9.33,9.4,3041
493,242,2020-03-10 16:00:00,9.4,9.4,9.35,9.4,6977
494,241,2020-03-10 16:30:00,9.39,9.39,9.39,9.39,164
495,240,2020-03-11 10:00:00,9.39,9.4,9.39,9.4,772
496,239,2020-03-11 10:30:00,9.4,9.4,9.35,9.35,302
497,238,2020-03-11 11:00:00,9.39,9.39,9.39,9.39,400
498,237,2020-03-11 11:30:00,9.39,9.39,9.39,9.39,200
499,236,2020-03-11 12:00:00,9.35,9.39,9.35,9.39,300
500,235,2020-03-11 12:30:00,9.4,9.4,9.36,9.36,501
501,234,2020-03-11 13:00:00,9.38,9.38,9.36,9.36,319
502,233,2020-03-11 13:30:00,9.36,9.38,9.28,9.37,1976
503,232,2020-03-11 14:30:00,9.38,9.38,9.36,9.36,521
504,231,2020-03-11 15:00:00,9.38,9.38,9.38,9.38,201
505,230,2020-03-11 15:30:00,9.38,9.38,9.35,9.38,300
506,229,2020-03-11 16:00:00,9.3,9.33,9.3,9.33,1109
507,228,2020-03-12 10:00:00,9.09,9.09,8.8027,8.9,4502
508,227,2020-03-12 10:30:00,8.8027,8.92,8.68,8.92,14321
509,226,2020-03-12 11:00:00,8.92,9.08,8.92,9.01,3041
510,225,2020-03-12 11:30:00,9.02,9.07,9.02,9.02,2760
511,224,2020-03-12 12:00:00,9.02,9.03,8.95,8.96,6205
512,223,2020-03-12 12:30:00,8.95,9.005,8.88,8.88,16980
513,222,2020-03-12 13:00:00,8.88,8.88,8.88,8.88,1500
514,221,2020-03-12 13:30:00,8.93,8.95,8.88,8.88,2602
515,220,2020-03-12 14:00:00,8.88,8.95,8.79,8.8,3331
516,219,2020-03-12 14:30:00,8.8,8.88,8.75,8.83,2411
517,218,2020-03-12 15:00:00,8.83,8.83,8.74,8.74,1665
518,217,2020-03-12 15:30:00,8.74,8.8,8.5,8.5,4406
519,216,2020-03-12 16:00:00,8.5,8.85,8.2,8.85,38451
520,215,2020-03-13 10:00:00,9.12,9.12,9.12,9.12,400
521,214,2020-03-13 11:00:00,9.03,9.32,9.03,9.32,1105
522,213,2020-03-13 15:30:00,9.135,9.22,8.84,9.09,16222
523,212,2020-03-13 16:00:00,9.0,9.14,9.0,9.05,2712
524,211,2020-03-16 10:00:00,8.69,9.0,8.69,9.0,1254
525,210,2020-03-16 10:30:00,9.0,9.0,8.94,8.95,2355
526,209,2020-03-16 11:00:00,8.98,9.0,8.9,9.0,7227
527,208,2020-03-16 11:30:00,9.0,9.0,8.76,8.77,9400
528,207,2020-03-16 12:00:00,8.71,8.915,8.71,8.82,9988
529,206,2020-03-16 12:30:00,8.885,8.92,8.75,8.85,6892
530,205,2020-03-16 13:00:00,8.925,8.955,8.87,8.9,8103
531,204,2020-03-16 13:30:00,8.935,8.95,8.935,8.94,6806
532,203,2020-03-16 14:00:00,8.95,8.95,8.93,8.945,7706
533,202,2020-03-16 14:30:00,8.945,8.945,8.87,8.93,3300
534,201,2020-03-16 15:00:00,8.87,8.905,8.87,8.905,700
535,200,2020-03-16 15:30:00,8.87,8.87,8.71,8.71,819
536,199,2020-03-16 16:00:00,8.73,8.795,8.65,8.66,2646
537,198,2020-03-16 16:30:00,8.66,8.66,8.66,8.66,281
538,197,2020-03-17 10:00:00,8.66,8.79,8.6,8.675,43141
539,196,2020-03-17 10:30:00,8.65,8.65,8.61,8.645,5126
540,195,2020-03-17 11:00:00,8.63,8.68,8.57,8.57,4067
541,194,2020-03-17 11:30:00,8.57,8.63,8.57,8.58,3106
542,193,2020-03-17 12:00:00,8.63,8.63,8.2,8.39,10378
543,192,2020-03-17 12:30:00,8.435,8.56,8.3,8.31,15370
544,191,2020-03-17 13:00:00,8.05,8.37,8.05,8.065,48663
545,190,2020-03-17 13:30:00,8.07,8.08,7.81,8.02,12391
546,189,2020-03-17 14:00:00,7.94,8.04,7.93,8.0,4037
547,188,2020-03-17 14:30:00,8.0,8.09,8.0,8.09,2468
548,187,2020-03-17 15:00:00,8.07,8.07,7.81,7.86,98255
549,186,2020-03-17 15:30:00,7.84,8.1,7.84,7.985,1668
550,185,2020-03-17 16:00:00,7.85,8.135,7.85,8.07,78623
551,184,2020-03-17 16:30:00,7.84,7.84,7.84,7.84,147
552,183,2020-03-18 09:30:00,7.84,7.84,7.82,7.82,400
553,182,2020-03-18 10:00:00,7.84,7.84,7.77,7.77,1935
554,181,2020-03-18 10:30:00,7.76,7.8,7.51,7.54,62342
555,180,2020-03-18 11:00:00,7.58,7.6,7.48,7.5,23680
556,179,2020-03-18 11:30:00,7.48,7.49,7.25,7.3,14485
557,178,2020-03-18 12:00:00,7.29,7.38,7.05,7.3,50969
558,177,2020-03-18 12:30:00,7.3,7.35,7.04,7.11,10620
559,176,2020-03-18 13:00:00,7.11,7.16,7.03,7.14,5863
560,175,2020-03-18 13:30:00,7.09,7.14,7.09,7.1,2520
561,174,2020-03-18 14:00:00,7.1,7.16,7.0,7.1,24767
562,173,2020-03-18 14:30:00,7.13,7.16,7.1,7.13,9291
563,172,2020-03-18 15:00:00,7.11,7.16,7.11,7.12,2757
564,171,2020-03-18 15:30:00,7.16,7.16,7.11,7.15,7430
565,170,2020-03-18 16:00:00,7.135,7.5,7.1,7.5,86310
566,169,2020-03-19 10:00:00,7.32,7.32,7.32,7.32,816
567,168,2020-03-19 11:00:00,7.28,7.32,7.06,7.17,82877
568,167,2020-03-19 11:30:00,7.21,7.35,7.16,7.2625,55717
569,166,2020-03-19 12:00:00,7.22,7.315,7.22,7.25,8500
570,165,2020-03-19 12:30:00,7.24,7.25,7.16,7.2,72669
571,164,2020-03-19 13:00:00,7.2,7.21,7.18,7.2,67293
572,163,2020-03-19 13:30:00,7.2,7.2,7.175,7.175,500
573,162,2020-03-19 14:00:00,7.2,7.25,7.2,7.25,400
574,161,2020-03-19 14:30:00,7.225,7.225,7.2,7.2,210
575,160,2020-03-19 15:00:00,7.225,7.275,7.2,7.2001,5509
576,159,2020-03-19 15:30:00,7.24,7.25,7.2,7.2,16154
577,158,2020-03-19 16:00:00,7.205,7.21,7.2,7.2,3018
578,157,2020-03-20 10:00:00,7.27,7.5,7.27,7.425,7221
579,156,2020-03-20 10:30:00,7.3627,7.43,7.26,7.26,5800
580,155,2020-03-20 11:00:00,7.26,7.35,7.22,7.26,7485
581,154,2020-03-20 11:30:00,7.405,7.44,7.22,7.26,8486
582,153,2020-03-20 12:00:00,7.275,7.335,7.1,7.26,41480
583,152,2020-03-20 12:30:00,7.3,7.3,7.1,7.17,7876
584,151,2020-03-20 13:00:00,7.19,7.19,7.13,7.15,2038
585,150,2020-03-20 13:30:00,7.15,7.2,7.15,7.165,1960
586,149,2020-03-20 14:00:00,7.13,7.2,7.13,7.2,2253
587,148,2020-03-20 14:30:00,7.16,7.2,7.1,7.145,19584
588,147,2020-03-20 15:00:00,7.145,7.19,7.1,7.17,12230
589,146,2020-03-20 15:30:00,7.16,7.17,7.11,7.155,10282
590,145,2020-03-20 16:00:00,7.155,7.2,7.1,7.2,12141
591,144,2020-03-23 10:00:00,7.1,7.1,7.1,7.1,644
592,143,2020-03-23 10:30:00,7.15,7.15,7.08,7.1,14150
593,142,2020-03-23 11:00:00,7.1,7.1,7.09,7.1,28492
594,141,2020-03-23 11:30:00,7.1,7.1,7.1,7.1,157
595,140,2020-03-23 12:00:00,7.09,7.1,7.09,7.1,6073
596,139,2020-03-23 12:30:00,7.1,7.15,7.1,7.11,8785
597,138,2020-03-23 13:00:00,7.12,7.3,7.11,7.3,50758
598,137,2020-03-23 13:30:00,7.16,7.41,7.12,7.4,17001
599,136,2020-03-23 14:00:00,7.4,7.75,7.22,7.51,29427
600,135,2020-03-23 14:30:00,7.51,7.63,7.5,7.51,6275
601,134,2020-03-23 15:00:00,7.5,7.54,7.45,7.5,5757
602,133,2020-03-23 15:30:00,7.5,7.5,7.5,7.5,3278
603,132,2020-03-23 16:00:00,7.5,7.515,7.47,7.5,10474
604,131,2020-03-24 10:00:00,7.86,8.5,7.86,8.36,13366
605,130,2020-03-24 10:30:00,8.38,8.6,8.38,8.5,15180
606,129,2020-03-24 11:00:00,8.55,8.6,8.55,8.55,7514
607,128,2020-03-24 11:30:00,8.55,8.56,8.525,8.56,1180
608,127,2020-03-24 12:00:00,8.56,8.57,8.37,8.37,9668
609,126,2020-03-24 14:00:00,8.2401,8.37,8.2401,8.37,653
610,125,2020-03-24 15:00:00,8.24,8.37,8.24,8.37,1310
611,124,2020-03-24 16:00:00,8.24,8.37,8.09,8.27,5168
612,123,2020-03-25 10:00:00,8.09,8.53,8.09,8.5,4920
613,122,2020-03-25 10:30:00,8.565,8.565,8.5,8.565,2710
614,121,2020-03-25 11:00:00,8.52,8.53,8.52,8.53,315
615,120,2020-03-25 11:30:00,8.53,8.56,8.5,8.5,7629
616,119,2020-03-25 12:00:00,8.525,8.55,8.5,8.5,900
617,118,2020-03-25 13:00:00,8.52,8.52,8.52,8.52,100
618,117,2020-03-25 13:30:00,8.535,8.535,8.535,8.535,100
619,116,2020-03-25 14:00:00,8.535,8.535,8.52,8.52,240
620,115,2020-03-25 14:30:00,8.525,8.525,8.5,8.5,419
621,114,2020-03-25 15:00:00,8.525,8.525,8.51,8.52,300
622,113,2020-03-25 15:30:00,8.53,8.53,8.5,8.5,4539
623,112,2020-03-25 16:00:00,8.52,8.52,8.04,8.04,10404
624,111,2020-03-26 10:00:00,8.35,8.5,8.35,8.4,12300
625,110,2020-03-26 10:30:00,8.4,8.4,8.2,8.2,17520
626,109,2020-03-26 11:00:00,8.23,8.35,8.0,8.2,4289
627,108,2020-03-26 11:30:00,8.24,8.295,8.2,8.295,4800
628,107,2020-03-26 12:00:00,8.295,8.295,8.2,8.285,3550
629,106,2020-03-26 12:30:00,8.21,8.255,8.2,8.255,3400
630,105,2020-03-26 13:00:00,8.21,8.255,8.2,8.255,3525
631,104,2020-03-26 13:30:00,8.2,8.255,8.06,8.175,4500
632,103,2020-03-26 14:00:00,8.1,8.175,8.02,8.11,3113
633,102,2020-03-26 14:30:00,8.11,8.115,7.91,7.975,9623
634,101,2020-03-26 15:00:00,7.955,8.08,7.955,8.07,4460
635,100,2020-03-26 15:30:00,8.12,8.12,7.995,7.995,5000
636,99,2020-03-26 16:00:00,7.95,8.05,7.95,8.02,4117
637,98,2020-03-27 10:00:00,7.69,8.16,7.69,8.15,5973
638,97,2020-03-27 10:30:00,7.84,7.84,7.84,7.84,100
639,96,2020-03-27 13:00:00,8.16,8.17,8.13,8.13,1033
640,95,2020-03-27 13:30:00,8.13,8.14,8.13,8.13,400
641,94,2020-03-27 14:00:00,8.13,8.13,8.13,8.13,300
642,93,2020-03-27 14:30:00,8.13,8.14,7.93,8.045,1618
643,92,2020-03-27 15:00:00,8.14,8.14,8.14,8.14,100
644,91,2020-03-27 15:30:00,8.03,8.15,8.0,8.0,3151
645,90,2020-03-27 16:00:00,8.0,8.09,7.92,7.92,11862
646,89,2020-03-30 10:00:00,7.83,8.02,7.54,8.02,27822
647,88,2020-03-30 11:00:00,8.04,8.21,8.04,8.21,6090
648,87,2020-03-30 11:30:00,8.46,8.46,8.22,8.25,5949
649,86,2020-03-30 12:00:00,8.22,8.22,8.15,8.15,2303
650,85,2020-03-30 12:30:00,8.15,8.15,8.0,8.0,7358
651,84,2020-03-30 13:00:00,8.035,8.035,8.035,8.035,525
652,83,2020-03-30 16:00:00,8.0,8.0,7.99,8.0,838
653,82,2020-03-30 16:30:00,7.87,7.87,7.87,7.87,15707
654,81,2020-03-31 10:00:00,7.78,8.55,7.75,8.4,23136
655,80,2020-03-31 10:30:00,8.5,8.5,8.26,8.4,2507
656,79,2020-03-31 11:00:00,8.25,8.39,8.25,8.325,4216
657,78,2020-03-31 11:30:00,8.25,8.325,8.25,8.27,700
658,77,2020-03-31 12:00:00,8.25,8.4,8.25,8.335,9922
659,76,2020-03-31 12:30:00,8.27,8.335,8.27,8.3,1778
660,75,2020-03-31 13:00:00,8.3,8.3,8.25,8.25,400
661,74,2020-03-31 13:30:00,8.25,8.5001,8.185,8.47,33547
662,73,2020-03-31 14:00:00,8.415,8.415,8.3,8.3,3100
663,72,2020-03-31 14:30:00,8.3,8.3,8.25,8.25,1499
664,71,2020-03-31 15:00:00,8.25,8.29,8.25,8.29,1769
665,70,2020-03-31 15:30:00,8.27,8.34,8.265,8.34,2231
666,69,2020-03-31 16:00:00,8.3025,8.44,8.255,8.31,6769
667,68,2020-03-31 16:30:00,8.25,8.25,8.25,8.25,992
668,67,2020-04-01 10:00:00,8.13,8.13,7.81,7.81,724
669,66,2020-04-01 10:30:00,7.88,8.06,7.84,7.9,2751
670,65,2020-04-01 11:00:00,7.9,8.0,7.83,8.0,1351
671,64,2020-04-01 11:30:00,8.0,8.04,7.89,7.97,2199
672,63,2020-04-01 12:00:00,7.92,7.95,7.92,7.92,2031
673,62,2020-04-01 12:30:00,7.96,8.13,7.88,7.91,14995
674,61,2020-04-01 13:00:00,8.0,8.05,8.0,8.05,1405
675,60,2020-04-01 13:30:00,8.0,8.035,8.0,8.0,308
676,59,2020-04-01 14:00:00,8.035,8.035,8.035,8.035,101
677,58,2020-04-01 14:30:00,8.04,8.07,8.0,8.035,611
678,57,2020-04-01 15:00:00,8.0,8.0,8.0,8.0,121
679,56,2020-04-01 15:30:00,8.08,8.08,8.08,8.08,766
680,55,2020-04-01 16:00:00,8.1,8.1,8.01,8.08,7570
681,54,2020-04-01 16:30:00,8.08,8.08,8.08,8.08,415
682,53,2020-04-02 10:00:00,8.07,8.07,8.07,8.07,400
683,52,2020-04-02 11:30:00,8.05,8.05,7.72,8.0,16690
684,51,2020-04-02 12:00:00,7.93,8.05,7.875,8.0,3155
685,50,2020-04-02 12:30:00,7.99,8.0,7.99,8.0,1500
686,49,2020-04-02 13:00:00,8.0,8.05,7.96,8.05,5374
687,48,2020-04-02 13:30:00,8.005,8.08,7.965,8.08,6691
688,47,2020-04-02 14:00:00,8.1,8.1,8.0,8.09,2891
689,46,2020-04-02 14:30:00,8.0,8.11,8.0,8.1,4507
690,45,2020-04-02 15:00:00,8.035,8.1,8.0,8.1,5696
691,44,2020-04-02 15:30:00,8.065,8.1,8.0,8.055,3706
692,43,2020-04-02 16:00:00,8.055,8.19,8.01,8.1,13119
693,42,2020-04-02 17:00:00,8.1,8.1,8.1,8.1,606
694,41,2020-04-03 10:00:00,8.12,8.19,8.12,8.19,1138
695,40,2020-04-03 10:30:00,8.1,8.2,8.1,8.17,5642
696,39,2020-04-03 11:00:00,8.1,8.1,8.1,8.1,1240
697,38,2020-04-03 11:30:00,8.16,8.19,8.0,8.0,4985
698,37,2020-04-03 12:00:00,7.97,8.0,7.945,7.98,2781
699,36,2020-04-03 12:30:00,7.99,8.15,7.97,8.15,1218
700,35,2020-04-03 13:00:00,8.14,8.2,8.14,8.2,400
701,34,2020-04-03 13:30:00,8.0,8.2,8.0,8.1,3900
702,33,2020-04-03 14:00:00,8.17,8.17,8.17,8.17,340
703,32,2020-04-03 14:30:00,8.1,8.2,8.1,8.1,759
704,31,2020-04-03 15:00:00,8.2,8.2,8.15,8.19,740
705,30,2020-04-03 15:30:00,8.2,8.2,8.15,8.2,28865
706,29,2020-04-03 16:00:00,8.2,8.54,8.135,8.4,10926
707,28,2020-04-03 16:30:00,8.32,8.32,8.32,8.32,200
708,27,2020-04-06 10:00:00,8.3,8.3,7.92,8.015,3478
709,26,2020-04-06 10:30:00,8.0,8.15,8.0,8.0,400
710,25,2020-04-06 11:00:00,8.0,8.29,8.0,8.12,33076
711,24,2020-04-06 11:30:00,8.165,8.18,8.14,8.17,1175
712,23,2020-04-06 12:00:00,8.1,8.17,8.085,8.15,500
713,22,2020-04-06 12:30:00,8.085,8.18,8.085,8.18,2863
714,21,2020-04-06 13:00:00,8.12,8.18,8.1,8.18,600
715,20,2020-04-06 13:30:00,8.1,8.18,8.0,8.15,866
716,19,2020-04-06 14:00:00,8.085,8.17,8.085,8.17,1883
717,18,2020-04-06 14:30:00,8.085,8.17,8.01,8.085,1966
718,17,2020-04-06 15:00:00,8.085,8.16,8.0,8.08,1500
719,16,2020-04-06 15:30:00,8.08,8.16,8.02,8.05,2517
720,15,2020-04-06 16:00:00,8.05,8.22,8.05,8.22,4737
721,14,2020-04-06 16:30:00,8.22,8.22,8.22,8.22,14594
722,13,2020-04-07 10:00:00,8.28,8.28,8.0,8.1,1236
723,12,2020-04-07 10:30:00,8.01,8.105,8.01,8.01,1063
724,11,2020-04-07 11:00:00,8.105,8.18,8.01,8.04,1033
725,10,2020-04-07 11:30:00,8.01,8.05,8.01,8.05,2412
726,9,2020-04-07 12:00:00,8.03,8.1,8.03,8.07,603
727,8,2020-04-07 12:30:00,8.03,8.07,8.01,8.05,2316
728,7,2020-04-07 13:00:00,8.01,8.05,8.01,8.05,902
729,6,2020-04-07 13:30:00,8.03,8.05,8.03,8.05,1401
730,5,2020-04-07 14:00:00,8.01,8.05,8.01,8.05,501
731,4,2020-04-07 14:30:00,8.03,8.05,8.03,8.05,502
732,3,2020-04-07 15:00:00,8.03,8.05,8.02,8.05,2203
733,2,2020-04-07 15:30:00,8.03,8.16,8.03,8.06,1615
734,1,2020-04-07 16:00:00,8.035,8.18,8.01,8.08,4529
735,0,2020-04-07 17:00:00,8.16,8.16,8.16,8.16,178
