,index,time,open,high,low,close,volume
0,134,2020-02-10 10:00:00,9.77010943819,9.77010943819,9.76812967944,9.76812967944,4900
1,133,2020-02-10 12:30:00,9.75951772887,9.75951772887,9.75951772887,9.75951772887,1564
2,132,2020-02-10 15:30:00,9.76030963237,9.76030963237,9.76030963237,9.76030963237,2700
3,131,2020-02-11 10:00:00,9.77010943819,9.77010943819,9.77010943819,9.77010943819,200
4,130,2020-02-11 11:30:00,9.777137581760002,9.777137581760002,9.777137581760002,9.777137581760002,1054
5,129,2020-02-11 12:00:00,9.772188184880001,9.772188184880001,9.772188184880001,9.772188184880001,3000
6,128,2020-02-11 13:00:00,9.77505883507,9.77505883507,9.77505883507,9.77505883507,1000
7,127,2020-02-11 14:00:00,9.77565276269,9.780008231950001,9.77565276269,9.780008231950001,200
8,126,2020-02-11 14:30:00,9.780008231950001,9.780008231950001,9.77990924401,9.77990924401,9827
9,125,2020-02-11 15:00:00,9.780008231950001,9.780008231950001,9.77585073857,9.780008231950001,5499
10,124,2020-02-11 15:30:00,9.77010943819,9.77010943819,9.750311850680001,9.75506327168,11471
11,123,2020-02-12 10:00:00,9.7899070257,9.7899070257,9.780008231950001,9.780008231950001,500
12,122,2020-02-12 10:30:00,9.780008231950001,9.780008231950001,9.780008231950001,9.780008231950001,400
13,121,2020-02-12 11:00:00,9.780008231950001,9.780008231950001,9.780008231950001,9.780008231950001,400
14,120,2020-02-12 11:30:00,9.780008231950001,9.780008231950001,9.780008231950001,9.780008231950001,300
15,119,2020-02-12 12:00:00,9.780008231950001,9.780008231950001,9.75922076506,9.780008231950001,14609
16,118,2020-02-12 12:30:00,9.780008231950001,9.780008231950001,9.75476630787,9.780008231950001,6488
17,117,2020-02-12 13:00:00,9.780008231950001,9.780008231950001,9.780008231950001,9.780008231950001,200
18,116,2020-02-12 13:30:00,9.780008231950001,9.780008231950001,9.780008231950001,9.780008231950001,300
19,115,2020-02-12 14:00:00,9.780008231950001,9.780008231950001,9.780008231950001,9.780008231950001,200
20,114,2020-02-12 14:30:00,9.780008231950001,9.780008231950001,9.780008231950001,9.780008231950001,300
21,113,2020-02-12 15:00:00,9.780008231950001,9.780008231950001,9.780008231950001,9.780008231950001,400
22,112,2020-02-12 15:30:00,9.780008231950001,9.780008231950001,9.780008231950001,9.780008231950001,300
23,111,2020-02-12 16:00:00,9.780008231950001,9.780008231950001,9.780008231950001,9.780008231950001,1100
24,110,2020-02-13 12:00:00,9.76922472722,9.76922472722,9.76922472722,9.76922472722,779
25,109,2020-02-13 12:30:00,9.76516004131,9.776957544310001,9.76516004131,9.76516004131,8360
26,108,2020-02-13 13:00:00,9.76516004131,9.76565573472,9.76516004131,9.76516004131,3924
27,107,2020-02-13 14:30:00,9.76149191013,9.76516004131,9.76020310728,9.76506090263,5958
28,106,2020-02-14 10:00:00,9.804815513560001,9.804815513560001,9.804815513560001,9.804815513560001,200
29,105,2020-02-14 12:00:00,9.77428079993,9.775073909369999,9.745332305189999,9.745332305189999,34200
30,104,2020-02-14 14:00:00,9.759013443110002,9.7949016455,9.759013443110002,9.7949016455,3897
31,103,2020-02-14 14:30:00,9.804815513560001,9.81472938162,9.804815513560001,9.81472938162,500
32,102,2020-02-14 15:00:00,9.81472938162,9.81472938162,9.81472938162,9.81472938162,500
33,101,2020-02-14 15:30:00,9.81472938162,9.81472938162,9.81472938162,9.81472938162,800
34,100,2020-02-14 16:00:00,9.81472938162,9.84447098581,9.81472938162,9.84447098581,2300
35,99,2020-02-18 10:00:00,9.804815513560001,9.804815513560001,9.745332305189999,9.745332305189999,1000
36,98,2020-02-18 10:30:00,9.745332305189999,9.745332305189999,9.745332305189999,9.745332305189999,801
37,97,2020-02-18 11:00:00,9.780030843410001,9.780030843410001,9.745332305189999,9.745332305189999,900
38,96,2020-02-18 11:30:00,9.745332305189999,9.745332305189999,9.745332305189999,9.745332305189999,700
39,95,2020-02-18 12:00:00,9.745332305189999,9.770116975339999,9.73541843713,9.73541843713,1700
40,94,2020-02-18 12:30:00,9.73541843713,9.745332305189999,9.73541843713,9.745332305189999,600
41,93,2020-02-18 13:00:00,9.745332305189999,9.750289239219999,9.73541843713,9.745332305189999,1266
42,92,2020-02-18 13:30:00,9.745332305189999,9.750289239219999,9.73541843713,9.73541843713,1500
43,91,2020-02-18 14:00:00,9.750289239219999,9.750289239219999,9.73541843713,9.73541843713,600
44,90,2020-02-18 14:30:00,9.73541843713,9.73541843713,9.73541843713,9.73541843713,600
45,89,2020-02-18 15:00:00,9.73541843713,9.75524617325,9.73541843713,9.745332305189999,699
46,88,2020-02-18 15:30:00,9.745332305189999,9.745332305189999,9.745332305189999,9.745332305189999,800
47,87,2020-02-18 16:00:00,9.745332305189999,9.76516004131,9.73541843713,9.73541843713,3435
48,86,2020-02-19 10:00:00,9.775073909369999,9.775073909369999,9.7473150788,9.77477649333,8605
49,85,2020-02-19 11:00:00,9.78102223021,9.78102223021,9.78102223021,9.78102223021,200
50,84,2020-02-19 14:30:00,9.78498777744,9.78498777744,9.78498777744,9.78498777744,2021
51,83,2020-02-19 15:00:00,9.78498777744,9.78498777744,9.78498777744,9.78498777744,100
52,82,2020-02-19 16:00:00,9.78498777744,9.78498777744,9.78498777744,9.78498777744,600
53,81,2020-02-19 16:30:00,9.418174659129999,9.418174659129999,9.418174659129999,9.418174659129999,500
54,80,2020-02-20 11:30:00,9.79480250682,9.79480250682,9.79480250682,9.79480250682,5436
55,79,2020-02-20 14:30:00,9.7949016455,9.7949016455,9.7949016455,9.7949016455,200
56,78,2020-02-21 10:00:00,9.745332305189999,9.745332305189999,9.745332305189999,9.745332305189999,200
57,77,2020-02-21 13:00:00,9.75524617325,9.775073909369999,9.73541843713,9.73541843713,4300
58,76,2020-02-21 15:00:00,9.78022912077,9.7949016455,9.775073909369999,9.794703368139999,7354
59,75,2020-02-21 15:30:00,9.81472938162,9.81472938162,9.81472938162,9.81472938162,2700
60,74,2020-02-21 16:00:00,9.81472938162,9.81472938162,9.79787580592,9.79787580592,5421
61,73,2020-02-24 10:30:00,9.810763834400001,9.81472938162,9.804815513560001,9.81472938162,5400
62,72,2020-02-24 11:00:00,9.816315600510002,9.816315600510002,9.816315600510002,9.816315600510002,2500
63,71,2020-02-24 13:00:00,9.814828520299999,9.814828520299999,9.7949016455,9.7949016455,2193
64,70,2020-02-25 11:30:00,9.80560862301,9.80560862301,9.80560862301,9.80560862301,600
65,69,2020-02-25 12:00:00,9.76516004131,9.76516004131,9.76516004131,9.76516004131,100
66,68,2020-02-25 13:00:00,9.76516004131,9.76516004131,9.76516004131,9.76516004131,600
67,67,2020-02-25 13:30:00,9.76516004131,9.78498777744,9.745332305189999,9.78488863876,4250
68,66,2020-02-25 14:00:00,9.78498777744,9.78498777744,9.775073909369999,9.775073909369999,1300
69,65,2020-02-25 14:30:00,9.76516004131,9.77497477069,9.76516004131,9.770116975339999,6900
70,64,2020-02-25 15:00:00,9.76516004131,9.775073909369999,9.76516004131,9.775073909369999,4201
71,63,2020-02-25 15:30:00,9.775073909369999,9.775073909369999,9.775073909369999,9.775073909369999,600
72,62,2020-02-25 16:00:00,9.76516004131,9.79014298883,9.76516004131,9.76516004131,3800
73,61,2020-02-26 10:30:00,9.75048751658,9.75048751658,9.75048751658,9.75048751658,2127
74,60,2020-02-26 11:30:00,9.75524617325,9.75524617325,9.75137976471,9.75435392512,2305
75,59,2020-02-26 12:30:00,9.75524617325,9.75524617325,9.74929785241,9.74929785241,2766
76,58,2020-02-26 15:00:00,9.753659954360002,9.753659954360002,9.753659954360002,9.753659954360002,4300
77,57,2020-02-26 16:00:00,9.75524617325,9.75524617325,9.75524617325,9.75524617325,705
78,56,2020-02-27 10:00:00,9.745332305189999,9.745332305189999,9.745332305189999,9.745332305189999,1978
79,55,2020-02-27 10:30:00,9.80739311926,9.80739311926,9.80739311926,9.80739311926,783
80,54,2020-02-27 11:00:00,9.804815513560001,9.804815513560001,9.804815513560001,9.804815513560001,1000
81,53,2020-02-27 11:30:00,9.7949016455,9.7949016455,9.7949016455,9.7949016455,200
82,52,2020-02-27 12:00:00,9.78498777744,9.78498777744,9.75524617325,9.76506090263,15000
83,51,2020-02-27 12:30:00,9.75891430443,9.75891430443,9.75891430443,9.75891430443,1250
84,50,2020-02-27 14:30:00,9.76020310728,9.76020310728,9.75524617325,9.75524617325,1000
85,49,2020-02-27 16:00:00,9.76516004131,9.771504916869999,9.76516004131,9.771504916869999,2465
86,48,2020-02-28 10:00:00,9.745332305189999,9.745332305189999,9.745332305189999,9.745332305189999,1000
87,47,2020-02-28 10:30:00,9.75881516575,9.76516004131,9.75881516575,9.76516004131,3000
88,46,2020-02-28 11:30:00,9.76516004131,9.76516004131,9.76516004131,9.76516004131,323
89,45,2020-02-28 12:00:00,9.759409997839999,9.759409997839999,9.759409997839999,9.759409997839999,251
90,44,2020-02-28 12:30:00,9.75534531193,9.75534531193,9.75524617325,9.75524617325,737
91,43,2020-02-28 13:00:00,9.75256942887,9.75524617325,9.75256942887,9.75524617325,800
92,42,2020-02-28 14:00:00,9.745332305189999,9.745332305189999,9.72550456906,9.72550456906,5728
93,41,2020-02-28 14:30:00,9.73531929844,9.73859087491,9.72550456906,9.72550456906,12600
94,40,2020-02-28 15:00:00,9.72054763503,9.72550456906,9.715590701,9.72540543038,7928
95,39,2020-02-28 15:30:00,9.72540543038,9.72540543038,9.72540543038,9.72540543038,1000
96,38,2020-02-28 16:00:00,9.72540543038,9.745332305189999,9.72540543038,9.745332305189999,2573
97,37,2020-03-02 10:00:00,9.78498777744,9.78498777744,9.76506090263,9.76516004131,14701
98,36,2020-03-02 10:30:00,9.745332305189999,9.745332305189999,9.745332305189999,9.745332305189999,2000
99,35,2020-03-02 14:00:00,9.746323691989998,9.75841861103,9.746323691989998,9.75841861103,1987
100,34,2020-03-02 15:30:00,9.76020310728,9.76516004131,9.75524617325,9.75524617325,2244
101,33,2020-03-02 16:00:00,9.75524617325,9.75524617325,9.75524617325,9.75524617325,300
102,32,2020-03-03 10:00:00,9.745332305189999,9.745332305189999,9.745332305189999,9.745332305189999,432
103,31,2020-03-03 10:30:00,9.75435392512,9.75435392512,9.75435392512,9.75435392512,162
104,30,2020-03-03 12:00:00,9.73541843713,9.73541843713,9.73541843713,9.73541843713,5000
105,29,2020-03-03 13:30:00,9.73640982393,9.73640982393,9.73640982393,9.73640982393,216
106,28,2020-03-03 14:30:00,9.745332305189999,9.745332305189999,9.745332305189999,9.745332305189999,1500
107,27,2020-03-03 15:00:00,9.759013443110002,9.759013443110002,9.759013443110002,9.759013443110002,1600
108,26,2020-03-03 15:30:00,9.746323691989998,9.75524617325,9.746323691989998,9.75524617325,4809
109,25,2020-03-04 10:00:00,9.804815513560001,9.804815513560001,9.775073909369999,9.775073909369999,821
110,24,2020-03-04 10:30:00,9.775073909369999,9.775073909369999,9.775073909369999,9.775073909369999,300
111,23,2020-03-04 11:00:00,9.775073909369999,9.775073909369999,9.775073909369999,9.775073909369999,150
112,22,2020-03-04 11:30:00,9.775073909369999,9.775073909369999,9.715590701,9.715590701,5945
113,21,2020-03-04 12:30:00,9.72550456906,9.740077955110001,9.72550456906,9.73888829095,3600
114,20,2020-03-04 15:00:00,9.76516004131,9.76516004131,9.76516004131,9.76516004131,1300
115,19,2020-03-04 16:00:00,9.76525917999,9.76525917999,9.76466434791,9.76516004131,5527
116,18,2020-03-05 10:00:00,9.72550456906,9.76516004131,9.72550456906,9.76516004131,2700
117,17,2020-03-05 10:30:00,9.76506090263,9.76506090263,9.76506090263,9.76506090263,3000
118,16,2020-03-05 11:00:00,9.72550456906,9.74196159005,9.72550456906,9.730461503089998,3388
119,15,2020-03-05 11:30:00,9.730461503089998,9.730461503089998,9.715590701,9.722431269960001,800
120,14,2020-03-05 13:00:00,9.72550456906,9.745332305189999,9.715590701,9.73541843713,8467
121,13,2020-03-05 14:00:00,9.73234513803,9.804815513560001,9.730461503089998,9.804815513560001,16700
122,12,2020-03-05 14:30:00,9.78498777744,9.7949016455,9.78498777744,9.789449018060001,1612
123,11,2020-03-05 16:00:00,9.78498777744,9.7949016455,9.78498777744,9.7949016455,700
124,10,2020-03-06 10:00:00,9.79430681342,9.79430681342,9.74553058255,9.74553058255,412
125,9,2020-03-06 10:30:00,9.76823334041,9.76823334041,9.76823334041,9.76823334041,1500
126,8,2020-03-06 11:30:00,9.76516004131,9.76516004131,9.76426779319,9.76426779319,3265
127,7,2020-03-06 12:00:00,9.753858231719999,9.753858231719999,9.753858231719999,9.753858231719999,750
128,6,2020-03-06 12:30:00,9.745332305189999,9.745332305189999,9.715590701,9.715590701,3700
129,5,2020-03-06 13:30:00,9.72550456906,9.73541843713,9.715590701,9.715590701,4600
130,4,2020-03-06 14:00:00,9.72560370774,9.73541843713,9.715590701,9.715590701,5495
131,3,2020-03-06 14:30:00,9.715590701,9.744241779700001,9.715590701,9.715590701,4000
132,2,2020-03-06 15:00:00,9.715590701,9.715590701,9.715590701,9.715590701,1500
133,1,2020-03-06 15:30:00,9.715590701,9.715590701,9.715590701,9.715590701,1600
134,0,2020-03-06 16:00:00,9.715590701,9.72550456906,9.705676832939998,9.705676832939998,4600
135,214,2020-03-09 10:00:00,9.705676832939998,9.73541843713,9.705676832939998,9.73531929844,2400
136,213,2020-03-09 10:30:00,9.73541843713,9.73541843713,9.67593522875,9.67593522875,9480
137,212,2020-03-09 11:00:00,9.685849096810001,9.685849096810001,9.685749958130002,9.685749958130002,800
138,211,2020-03-09 13:30:00,9.715590701,9.715590701,9.715590701,9.715590701,100
139,210,2020-03-09 16:00:00,9.72550456906,9.72550456906,9.72550456906,9.72550456906,5000
140,209,2020-03-10 10:00:00,9.705676832939998,9.72550456906,9.69576296488,9.72550456906,2144
141,208,2020-03-10 10:30:00,9.718168306699999,9.718168306699999,9.718168306699999,9.718168306699999,2000
142,207,2020-03-10 11:00:00,9.721737299199999,9.721737299199999,9.721737299199999,9.721737299199999,919
143,206,2020-03-10 11:30:00,9.715590701,9.72550456906,9.67593522875,9.67593522875,5255
144,205,2020-03-10 12:30:00,9.69725004509,9.69725004509,9.69725004509,9.69725004509,2553
145,204,2020-03-10 13:00:00,9.70557769426,9.70557769426,9.70557769426,9.70557769426,996
146,203,2020-03-10 14:00:00,9.69427588467,9.69427588467,9.69427588467,9.69427588467,500
147,202,2020-03-10 14:30:00,9.69576296488,9.69576296488,9.69080603085,9.69080603085,4520
148,201,2020-03-10 15:00:00,9.69179741765,9.69179741765,9.69179741765,9.69179741765,227
149,200,2020-03-10 16:00:00,9.685849096810001,9.69150000161,9.685849096810001,9.68991378272,1859
150,199,2020-03-11 10:00:00,9.67593522875,9.67593522875,9.67593522875,9.67593522875,200
151,198,2020-03-11 10:30:00,9.67890938917,9.67890938917,9.67593522875,9.67593522875,3500
152,197,2020-03-11 11:00:00,9.67990077598,9.67990077598,9.67593522875,9.67593522875,860
153,196,2020-03-11 11:30:00,9.66602136069,9.67097829472,9.66602136069,9.67097829472,2500
154,195,2020-03-11 13:00:00,9.66602136069,9.666120499369999,9.66602136069,9.666120499369999,1000
155,194,2020-03-11 14:30:00,9.66602136069,9.66602136069,9.66602136069,9.66602136069,599
156,193,2020-03-11 16:00:00,9.65610749263,9.65610749263,9.65610749263,9.65610749263,3614
157,192,2020-03-12 10:00:00,9.64938211367,9.64938211367,9.64938211367,9.64938211367,4770
158,191,2020-03-12 10:30:00,9.64620536235,9.64620536235,9.579890678689999,9.579890678689999,1906
159,190,2020-03-12 12:00:00,9.42105311303,9.495508221939998,9.42105311303,9.495508221939998,600
160,189,2020-03-12 12:30:00,9.440907808739999,9.480617200160001,9.440907808739999,9.480617200160001,4600
161,188,2020-03-12 13:00:00,9.557355599060001,9.56996333084,9.48558087408,9.56996333084,1000
162,187,2020-03-12 14:00:00,9.4138061491,9.480617200160001,9.4138061491,9.450735883119998,7800
163,186,2020-03-12 14:30:00,9.480617200160001,9.56003598298,9.43356157133,9.55010863513,10660
164,185,2020-03-12 15:00:00,9.56996333084,9.56996333084,9.56996333084,9.56996333084,400
165,184,2020-03-12 15:30:00,9.56996333084,9.579890678689999,9.56003598298,9.56529747735,4500
166,183,2020-03-12 16:00:00,9.579890678689999,9.599745374400001,9.49173582975,9.49173582975,4732
167,182,2020-03-13 10:00:00,9.53025393942,9.57591973955,9.53025393942,9.57591973955,5861
168,181,2020-03-13 10:30:00,9.53025393942,9.55884470124,9.480617200160001,9.480617200160001,8100
169,180,2020-03-13 12:30:00,9.52141859983,9.52141859983,9.52141859983,9.52141859983,2605
170,179,2020-03-13 13:00:00,9.5220142407,9.52826846985,9.51039924372,9.51039924372,1017
171,178,2020-03-13 13:30:00,9.520326591569999,9.53025393942,9.51039924372,9.51039924372,3000
172,177,2020-03-13 14:00:00,9.520326591569999,9.520326591569999,9.51039924372,9.51039924372,300
173,176,2020-03-13 15:00:00,9.51039924372,9.51039924372,9.51039924372,9.51039924372,200
174,175,2020-03-13 16:00:00,9.520326591569999,9.520326591569999,9.51536291764,9.51536291764,2459
175,174,2020-03-16 04:30:00,9.43098046089,9.43098046089,9.43098046089,9.43098046089,1000
176,173,2020-03-16 10:00:00,9.42105311303,9.42105311303,9.42105311303,9.42105311303,1208
177,172,2020-03-16 10:30:00,9.42105311303,9.42105311303,9.36148902591,9.36148902591,30696
178,171,2020-03-16 11:00:00,9.387498677289999,9.387498677289999,9.387498677289999,9.387498677289999,320
179,170,2020-03-16 11:30:00,9.42105311303,9.42105311303,9.282070243080002,9.282070243080002,5200
180,169,2020-03-16 12:00:00,9.3694309042,9.3694309042,9.30192493879,9.30192493879,2118
181,168,2020-03-16 12:30:00,9.39395145339,9.39395145339,9.39395145339,9.39395145339,400
182,167,2020-03-16 13:00:00,9.36148902591,9.36148902591,9.36148902591,9.36148902591,500
183,166,2020-03-16 13:30:00,9.36148902591,9.371217826810001,9.34659800413,9.371217826810001,2500
184,165,2020-03-16 14:00:00,9.30192493879,9.314830491,9.30192493879,9.30688861272,31997
185,164,2020-03-16 14:30:00,9.30688861272,9.30688861272,9.30192493879,9.30688861272,16200
186,163,2020-03-16 15:00:00,9.30688861272,9.30688861272,9.30192493879,9.30192493879,11100
187,162,2020-03-16 16:00:00,9.282070243080002,9.282070243080002,9.27194434827,9.27194434827,4400
188,161,2020-03-17 10:00:00,9.25228819952,9.28623972918,9.24236085167,9.24236085167,3300
189,160,2020-03-17 11:30:00,9.282070243080002,9.282070243080002,9.12819635135,9.13316002528,6750
190,159,2020-03-17 12:00:00,9.15797839491,9.23243350382,9.13415276007,9.23243350382,43434
191,158,2020-03-17 14:30:00,9.325750573639999,9.34669727761,9.325750573639999,9.34669727761,2635
192,157,2020-03-17 15:00:00,9.310263910989999,9.310263910989999,9.310263910989999,9.310263910989999,200
193,156,2020-03-17 15:30:00,9.252387472999999,9.2657893926,9.252387472999999,9.2657893926,8000
194,155,2020-03-18 10:00:00,9.311852286639999,9.3217796345,9.18279676455,9.18279676455,19711
195,154,2020-03-18 10:30:00,9.18547714847,9.18547714847,9.18279676455,9.18279676455,8310
196,153,2020-03-18 11:00:00,9.02405847237,9.02405847237,9.02405847237,9.02405847237,3500
197,152,2020-03-18 11:30:00,9.03388654674,9.09841430779,9.03388654674,9.09841430779,200
198,151,2020-03-18 12:00:00,9.05096158505,9.05096158505,8.94454041606,8.94454041606,7371
199,150,2020-03-18 12:30:00,8.94454041606,9.01393257756,8.94454041606,9.01393257756,11200
200,149,2020-03-18 13:30:00,8.98504399531,9.06366859031,8.98504399531,9.03190107717,3150
201,148,2020-03-18 14:00:00,9.01403185104,9.01403185104,8.94454041606,8.94454041606,7474
202,147,2020-03-18 14:30:00,8.945930244760001,8.95456703739,8.89450658288,8.89450658288,7950
203,146,2020-03-18 15:00:00,8.924586446880001,8.92468572036,8.89490367679,8.92468572036,1600
204,145,2020-03-18 15:30:00,8.935605802989999,8.94454041606,8.9267704634,8.94454041606,4036
205,144,2020-03-18 16:00:00,8.92478499383,9.05870491638,8.92478499383,9.05870491638,7009
206,143,2020-03-19 10:00:00,8.98424980748,8.98424980748,8.98424980748,8.98424980748,240
207,142,2020-03-19 10:30:00,8.986830917919999,8.986830917919999,8.986830917919999,8.986830917919999,391
208,141,2020-03-19 11:00:00,8.84526693753,8.84526693753,8.83533958967,8.83533958967,5200
209,140,2020-03-19 12:00:00,8.99417715533,8.99417715533,8.93679708474,8.96439511177,7900
210,139,2020-03-19 12:30:00,8.95645323349,9.083523286010001,8.94454041606,9.083523286010001,2000
211,138,2020-03-19 13:00:00,9.059896198119999,9.059896198119999,8.97263481049,8.97263481049,2759
212,137,2020-03-19 14:00:00,8.95456703739,8.97829339876,8.87504898109,8.87504898109,1064
213,136,2020-03-19 14:30:00,8.958537976539999,9.00410450318,8.9147583725,8.93252832516,4612
214,135,2020-03-19 15:00:00,9.09682593214,9.09682593214,9.09682593214,9.09682593214,2000
215,134,2020-03-19 15:30:00,9.01403185104,9.06098820639,9.01403185104,9.04113351068,6564
216,133,2020-03-19 16:00:00,9.01403185104,9.03388654674,8.98424980748,9.018796978010002,4441
217,132,2020-03-20 10:00:00,8.997751000560001,9.03666620414,8.99417715533,8.99417715533,5200
218,131,2020-03-20 10:30:00,9.09493973604,9.09493973604,9.09493973604,9.09493973604,1600
219,130,2020-03-20 11:00:00,9.02376065193,9.03388654674,8.99417715533,8.99417715533,13609
220,129,2020-03-20 11:30:00,9.12323267743,9.311852286639999,9.01403185104,9.23243350382,21845
221,128,2020-03-20 12:00:00,9.21257880811,9.23243350382,9.11330532957,9.23243350382,4100
222,127,2020-03-20 13:00:00,9.02395919889,9.03388654674,9.02395919889,9.03388654674,5000
223,126,2020-03-20 13:30:00,9.0438138946,9.04500517634,9.0438138946,9.0438138946,1225
224,125,2020-03-20 14:00:00,9.03388654674,9.079055979480001,9.028922872819999,9.03388654674,17100
225,124,2020-03-20 14:30:00,9.083523286010001,9.083523286010001,9.03388654674,9.083523286010001,1100
226,123,2020-03-20 15:00:00,9.035872016319999,9.035872016319999,8.97432245962,8.9744217331,5800
227,122,2020-03-20 15:30:00,8.97432245962,8.97432245962,8.97432245962,8.97432245962,1000
228,121,2020-03-20 16:00:00,8.95446776392,9.01075582625,8.934613068210002,8.934613068210002,13000
229,120,2020-03-23 04:30:00,8.78570285041,8.78570285041,8.78570285041,8.78570285041,1000
230,119,2020-03-23 10:00:00,8.934613068210002,8.94454041606,8.83533958967,8.89490367679,13370
231,118,2020-03-23 10:30:00,8.85519428538,8.934613068210002,8.85519428538,8.86512163323,8288
232,117,2020-03-23 11:00:00,8.85519428538,9.04371462112,8.85519428538,8.96638058134,13312
233,116,2020-03-23 11:30:00,8.98424980748,8.98424980748,8.85519428538,8.97313117788,9022
234,115,2020-03-23 12:00:00,8.85519428538,8.91952349947,8.85519428538,8.85519428538,5100
235,114,2020-03-23 12:30:00,8.97432245962,8.98424980748,8.884976328939999,8.96439511177,6708
236,113,2020-03-23 13:30:00,8.934613068210002,8.934613068210002,8.85519428538,8.85519428538,22900
237,112,2020-03-23 14:00:00,8.86512163323,8.97422318614,8.86512163323,8.884976328939999,759
238,111,2020-03-23 14:30:00,8.97432245962,8.97432245962,8.934613068210002,8.96439511177,4300
239,110,2020-03-23 15:00:00,8.96439511177,8.9693587857,8.96439511177,8.96439511177,1000
240,109,2020-03-23 15:30:00,8.96439511177,8.96439511177,8.949504089989999,8.949504089989999,700
241,108,2020-03-23 16:00:00,8.95446776392,8.97422318614,8.934613068210002,8.96439511177,23300
242,107,2020-03-24 10:00:00,8.96528857308,8.98424980748,8.96528857308,8.98424980748,10950
243,106,2020-03-24 10:30:00,8.97432245962,8.98424980748,8.80555754611,8.97432245962,8500
244,105,2020-03-24 11:00:00,9.01403185104,9.02395919889,8.96350165046,9.00390595623,3900
245,104,2020-03-24 11:30:00,9.00847253624,9.00847253624,9.00847253624,9.00847253624,150
246,103,2020-03-24 12:00:00,9.01264202234,9.05374124245,9.01264202234,9.05374124245,4100
247,102,2020-03-24 12:30:00,9.088486959939999,9.12253776308,9.0438138946,9.0438138946,7300
248,101,2020-03-24 13:00:00,9.10337798172,9.10337798172,9.07855961209,9.10327870824,6711
249,100,2020-03-24 13:30:00,9.093450633869999,9.093450633869999,9.093450633869999,9.093450633869999,200
250,99,2020-03-24 14:00:00,9.10337798172,9.10337798172,8.98424980748,8.98424980748,4900
251,98,2020-03-24 14:30:00,9.041431331110001,9.041431331110001,9.041431331110001,9.041431331110001,1500
252,97,2020-03-24 15:00:00,9.11131986,9.11131986,9.11131986,9.11131986,200
253,96,2020-03-24 15:30:00,9.11330532957,9.11330532957,9.11330532957,9.11330532957,550
254,95,2020-03-24 16:00:00,9.11330532957,9.16294206884,9.11330532957,9.11330532957,7282
255,94,2020-03-25 10:00:00,9.2236974377,9.2236974377,9.2236974377,9.2236974377,100
256,93,2020-03-25 10:30:00,9.233624785560002,9.233624785560002,9.17366360452,9.17366360452,755
257,92,2020-03-25 11:00:00,9.237297904260002,9.237297904260002,9.14318664661,9.16304134232,10946
258,91,2020-03-25 11:30:00,9.19877979459,9.2473245256,9.143087373130001,9.174457792350001,6034
259,90,2020-03-25 12:00:00,9.16294206884,9.1927241124,9.16294206884,9.1927241124,2410
260,89,2020-03-25 12:30:00,9.16294206884,9.18279676455,9.15797839491,9.18269749107,3900
261,88,2020-03-25 13:00:00,9.137130964419999,9.23243350382,9.0438138946,9.16294206884,17966
262,87,2020-03-25 13:30:00,9.29199759094,9.40119841733,9.29199759094,9.40119841733,19300
263,86,2020-03-25 14:00:00,9.32475783885,9.34659800413,9.29795399965,9.3217796345,7179
264,85,2020-03-25 14:30:00,9.29199759094,9.29199759094,9.23243350382,9.23243350382,2600
265,84,2020-03-25 15:30:00,9.30688861272,9.351561678060001,9.272142895230001,9.34163433021,3820
266,83,2020-03-26 10:00:00,9.331706982350001,9.331706982350001,9.331706982350001,9.331706982350001,200
267,82,2020-03-26 10:30:00,9.3217796345,9.331706982350001,9.3217796345,9.331706982350001,2500
268,81,2020-03-26 11:00:00,9.37042363898,9.391271069470001,9.37042363898,9.39057615512,3514
269,80,2020-03-26 11:30:00,9.391271069470001,9.391271069470001,9.391271069470001,9.391271069470001,800
270,79,2020-03-26 12:00:00,9.38630739555,9.50047189586,9.38630739555,9.470888399260001,3608
271,78,2020-03-26 12:30:00,9.43098046089,9.43098046089,9.43098046089,9.43098046089,100
272,77,2020-03-26 13:30:00,9.41112576518,9.43088118741,9.41112576518,9.41112576518,19800
273,76,2020-03-26 14:00:00,9.402985339939999,9.402985339939999,9.402985339939999,9.402985339939999,1500
274,75,2020-03-26 14:30:00,9.381343721619999,9.381343721619999,9.381343721619999,9.381343721619999,2500
275,74,2020-03-26 15:00:00,9.381343721619999,9.381343721619999,9.34163433021,9.34987402892,17177
276,73,2020-03-26 15:30:00,9.376380047689999,9.376380047689999,9.376380047689999,9.376380047689999,400
277,72,2020-03-26 16:00:00,9.34163433021,9.376380047689999,9.34163433021,9.34163433021,4688
278,71,2020-03-27 10:00:00,9.25228819952,9.331706982350001,9.25228819952,9.25228819952,7388
279,70,2020-03-27 10:30:00,9.29199759094,9.30192493879,9.274128364800001,9.27482327915,1820
280,69,2020-03-27 11:00:00,9.30192493879,9.35751808677,9.30192493879,9.3217796345,2100
281,68,2020-03-27 12:00:00,9.29199759094,9.29199759094,9.282070243080002,9.282070243080002,1901
282,67,2020-03-27 12:30:00,9.282070243080002,9.29199759094,9.282070243080002,9.29199759094,2010
283,66,2020-03-27 13:00:00,9.331806255830001,9.33389099888,9.33031715365,9.33389099888,4631
284,65,2020-03-27 14:00:00,9.36148902591,9.36148902591,9.36148902591,9.36148902591,940
285,64,2020-03-27 15:00:00,9.35017184936,9.35017184936,9.35017184936,9.35017184936,2000
286,63,2020-03-27 15:30:00,9.3393510402,9.3393510402,9.3393510402,9.3393510402,5000
287,62,2020-03-30 10:00:00,9.440907808739999,9.440907808739999,9.29199759094,9.31105809882,5790
288,61,2020-03-30 11:00:00,9.391271069470001,9.391271069470001,9.391271069470001,9.391271069470001,300
289,60,2020-03-30 11:30:00,9.391271069470001,9.39137034295,9.391271069470001,9.39137034295,5600
290,59,2020-03-30 12:30:00,9.40119841733,9.40119841733,9.391271069470001,9.40119841733,462
291,58,2020-03-30 13:00:00,9.41112576518,9.41112576518,9.41112576518,9.41112576518,220
292,57,2020-03-30 14:00:00,9.40119841733,9.40119841733,9.40119841733,9.40119841733,200
293,56,2020-03-30 14:30:00,9.420556745639999,9.420556745639999,9.420556745639999,9.420556745639999,100
294,55,2020-03-30 15:00:00,9.41340905519,9.41807490868,9.41340905519,9.41807490868,3990
295,54,2020-03-30 15:30:00,9.43098046089,9.43098046089,9.381343721619999,9.381343721619999,3420
296,53,2020-03-31 10:00:00,9.40119841733,9.40119841733,9.40119841733,9.40119841733,314
297,52,2020-03-31 10:30:00,9.32336801015,9.43098046089,9.3217796345,9.42105311303,21260
298,51,2020-03-31 11:00:00,9.381343721619999,9.381343721619999,9.34818637979,9.34818637979,3000
299,50,2020-03-31 11:30:00,9.3379612115,9.3379612115,9.3379612115,9.3379612115,300
300,49,2020-03-31 12:00:00,9.33667065628,9.33667065628,9.331706982350001,9.331706982350001,3700
301,48,2020-03-31 12:30:00,9.34163433021,9.34163433021,9.34163433021,9.34163433021,200
302,47,2020-03-31 13:00:00,9.34163433021,9.34163433021,9.282070243080002,9.29199759094,2467
303,46,2020-03-31 13:30:00,9.287033917010001,9.29199759094,9.287033917010001,9.287033917010001,3700
304,45,2020-03-31 14:00:00,9.29199759094,9.29199759094,9.29199759094,9.29199759094,200
305,44,2020-03-31 14:30:00,9.29199759094,9.34163433021,9.287033917010001,9.34163433021,2331
306,43,2020-03-31 15:00:00,9.34163433021,9.34163433021,9.34163433021,9.34163433021,300
307,42,2020-03-31 15:30:00,9.37141637377,9.37141637377,9.3217796345,9.331706982350001,1100
308,41,2020-03-31 16:00:00,9.36148902591,9.381343721619999,9.331706982350001,9.381343721619999,1938
309,40,2020-04-01 10:00:00,9.37141637377,9.37141637377,9.37141637377,9.37141637377,490
310,39,2020-04-01 10:30:00,9.376380047689999,9.376380047689999,9.376380047689999,9.376380047689999,400
311,38,2020-04-01 11:00:00,9.36148902591,9.36148902591,9.34659800413,9.351561678060001,6038
312,37,2020-04-01 11:30:00,9.34163433021,9.34163433021,9.331706982350001,9.331706982350001,9200
313,36,2020-04-01 12:00:00,9.351561678060001,9.351561678060001,9.351462404580001,9.351462404580001,4732
314,35,2020-04-01 13:00:00,9.40109914385,9.40109914385,9.40109914385,9.40109914385,5152
315,34,2020-04-01 14:00:00,9.37141637377,9.37141637377,9.37141637377,9.37141637377,100
316,33,2020-04-01 15:00:00,9.351561678060001,9.351561678060001,9.331706982350001,9.34163433021,1700
317,32,2020-04-01 15:30:00,9.34163433021,9.34659800413,9.34163433021,9.34659800413,600
318,31,2020-04-01 16:00:00,9.34163433021,9.351561678060001,9.34163433021,9.351561678060001,2790
319,30,2020-04-02 10:00:00,9.34163433021,9.34163433021,9.34163433021,9.34163433021,900
320,29,2020-04-02 10:30:00,9.351561678060001,9.351561678060001,9.351561678060001,9.351561678060001,298
321,28,2020-04-02 11:00:00,9.40119841733,9.41112576518,9.35354714763,9.35354714763,6600
322,27,2020-04-02 11:30:00,9.391271069470001,9.40119841733,9.391271069470001,9.40119841733,1800
323,26,2020-04-02 12:00:00,9.40119841733,9.40119841733,9.40119841733,9.40119841733,640
324,25,2020-04-02 13:00:00,9.43098046089,9.43098046089,9.41608943911,9.427505889139999,5258
325,24,2020-04-02 13:30:00,9.40119841733,9.40119841733,9.40119841733,9.40119841733,100
326,23,2020-04-02 15:00:00,9.43098046089,9.440907808739999,9.43088118741,9.440907808739999,1280
327,22,2020-04-02 15:30:00,9.43594413481,9.43792960438,9.43098046089,9.43792960438,2000
328,21,2020-04-02 16:00:00,9.43107973437,9.43107973437,9.43098046089,9.43098046089,2001
329,20,2020-04-03 10:00:00,9.43098046089,9.43098046089,9.43098046089,9.43098046089,3610
330,19,2020-04-03 11:00:00,9.41311123475,9.41311123475,9.40119841733,9.40119841733,2318
331,18,2020-04-03 12:00:00,9.40119841733,9.45083515659,9.40119841733,9.438922339169999,18457
332,17,2020-04-03 12:30:00,9.43107973437,9.43107973437,9.43107973437,9.43107973437,2500
333,16,2020-04-03 13:30:00,9.45083515659,9.45083515659,9.44815477267,9.45083515659,1131
334,15,2020-04-03 14:30:00,9.457585753130001,9.457585753130001,9.45093443007,9.45093443007,3900
335,14,2020-04-03 15:00:00,9.45083515659,9.45083515659,9.45083515659,9.45083515659,300
336,13,2020-04-03 16:00:00,9.45083515659,9.45083515659,9.391271069470001,9.391271069470001,1241
337,12,2020-04-06 14:30:00,9.43098046089,9.43098046089,9.41112576518,9.41112576518,2700
338,11,2020-04-06 15:00:00,9.41112576518,9.4299877261,9.40119841733,9.42006037825,3900
339,10,2020-04-06 16:00:00,9.43098046089,9.43098046089,9.43098046089,9.43098046089,200
340,9,2020-04-07 10:00:00,9.43098046089,9.43098046089,9.43098046089,9.43098046089,2000
341,8,2020-04-07 10:30:00,9.45063660964,9.45083515659,9.43098046089,9.440907808739999,11700
342,7,2020-04-07 11:30:00,9.4706898523,9.480617200160001,9.45579883052,9.4706898523,6100
343,6,2020-04-07 12:00:00,9.480617200160001,9.480617200160001,9.43098046089,9.440907808739999,10200
344,5,2020-04-07 13:30:00,9.4411063557,9.46870438273,9.440907808739999,9.440907808739999,2200
345,4,2020-04-07 14:00:00,9.440907808739999,9.440907808739999,9.40119841733,9.40119841733,3382
346,3,2020-04-07 14:30:00,9.391271069470001,9.391271069470001,9.311852286639999,9.331706982350001,7047
347,2,2020-04-07 15:00:00,9.331706982350001,9.331706982350001,9.282070243080002,9.282070243080002,7139
348,1,2020-04-07 15:30:00,9.282070243080002,9.331706982350001,9.2671792213,9.331706982350001,17040
349,0,2020-04-07 16:00:00,9.331706982350001,9.36148902591,9.30192493879,9.34659800413,3850
350,164,2020-04-08 10:00:00,9.30192493879,9.33786193802,9.29299032572,9.29299032572,400
351,163,2020-04-08 11:00:00,9.36148902591,9.36148902591,9.36148902591,9.36148902591,1200
352,162,2020-04-08 12:00:00,9.41112576518,9.45083515659,9.40616209125,9.45083515659,2100
353,161,2020-04-08 13:00:00,9.40616209125,9.40616209125,9.311852286639999,9.32674330842,12290
354,160,2020-04-08 13:30:00,9.32674330842,9.331706982350001,9.3217796345,9.3217796345,1600
355,159,2020-04-08 14:00:00,9.32892732495,9.32892732495,9.311852286639999,9.311852286639999,700
356,158,2020-04-08 14:30:00,9.3217796345,9.3217796345,9.29199759094,9.3217796345,7200
357,157,2020-04-08 15:00:00,9.331706982350001,9.331706982350001,9.311852286639999,9.311852286639999,800
358,156,2020-04-08 15:30:00,9.331706982350001,9.331706982350001,9.311852286639999,9.311852286639999,2100
359,155,2020-04-08 16:00:00,9.331706982350001,9.331706982350001,9.1927241124,9.25228819952,25960
360,154,2020-04-09 10:00:00,9.34163433021,9.440907808739999,9.34163433021,9.39921294776,6740
361,153,2020-04-09 10:30:00,9.40616209125,9.40616209125,9.381343721619999,9.39692965775,1130
362,152,2020-04-09 12:00:00,9.440907808739999,9.440907808739999,9.391271069470001,9.391271069470001,2864
363,151,2020-04-09 13:30:00,9.440907808739999,9.440907808739999,9.426016786960002,9.426016786960002,4885
364,150,2020-04-09 15:00:00,9.426016786960002,9.426016786960002,9.41112576518,9.41112576518,2039
365,149,2020-04-13 10:00:00,9.520326591569999,9.520326591569999,9.51039924372,9.51039924372,4568
366,148,2020-04-13 10:30:00,9.44974314833,9.44974314833,9.44974314833,9.44974314833,378
367,147,2020-04-13 11:00:00,9.431179007839999,9.431179007839999,9.43098046089,9.431179007839999,3830
368,146,2020-04-13 11:30:00,9.42105311303,9.43098046089,9.42105311303,9.43098046089,5533
369,145,2020-04-13 13:00:00,9.43098046089,9.43098046089,9.43098046089,9.43098046089,100
370,144,2020-04-13 14:00:00,9.42115238651,9.42115238651,9.42115238651,9.42115238651,4000
371,143,2020-04-13 14:30:00,9.425024052180001,9.425024052180001,9.41112576518,9.42105311303,6007
372,142,2020-04-13 15:00:00,9.45083515659,9.45083515659,9.4447794744,9.4447794744,2000
373,141,2020-04-13 15:30:00,9.43088118741,9.43088118741,9.43088118741,9.43088118741,229
374,140,2020-04-13 16:00:00,9.43098046089,9.43098046089,9.42105311303,9.43098046089,1000
375,139,2020-04-14 10:30:00,9.443665489330002,9.46225479497,9.433824092230001,9.46225479497,8347
376,138,2020-04-14 11:00:00,9.44376489738,9.47358731285,9.44376489738,9.44724417919,7100
377,137,2020-04-14 12:30:00,9.483528117999999,9.493468923160002,9.483528117999999,9.49336951511,3927
378,136,2020-04-14 13:00:00,9.47358731285,9.493468923160002,9.47358731285,9.49336951511,5536
379,135,2020-04-14 13:30:00,9.47358731285,9.493468923160002,9.47358731285,9.47358731285,2116
380,134,2020-04-14 14:00:00,9.45648912798,9.79169307781,9.453705702539999,9.61275858502,41156
381,133,2020-04-14 14:30:00,9.59287697471,9.63761059791,9.494463003669999,9.62329583848,9318
382,132,2020-04-14 15:00:00,9.67240341595,10.5372534644,9.6624626108,9.67240341595,37272
383,131,2020-04-14 15:30:00,9.642581000489999,9.642581000489999,9.642581000489999,9.642581000489999,200
384,130,2020-04-14 16:00:00,9.64248159243,9.64248159243,9.58293616955,9.63264019533,3578
385,129,2020-04-15 10:00:00,9.483528117999999,9.483528117999999,9.483528117999999,9.483528117999999,200
386,128,2020-04-15 11:00:00,9.491480762130001,9.491480762130001,9.491480762130001,9.491480762130001,400
387,127,2020-04-15 12:30:00,9.50857894699,9.53323214378,9.50857894699,9.53323214378,2845
388,126,2020-04-15 13:00:00,9.53323214378,9.5729953644,9.533132735730002,9.54317294893,6200
389,125,2020-04-15 14:00:00,9.54317294893,9.54317294893,9.54317294893,9.54317294893,655
390,124,2020-04-15 16:00:00,9.52329133862,9.52329133862,9.47358731285,9.47358731285,2450
391,123,2020-04-16 10:00:00,9.5729953644,9.58293616955,9.54317294893,9.54317294893,700
392,122,2020-04-16 10:30:00,9.54317294893,9.54317294893,9.54317294893,9.54317294893,700
393,121,2020-04-16 11:30:00,9.54317294893,9.54317294893,9.54317294893,9.54317294893,300
394,120,2020-04-16 12:00:00,9.54317294893,9.54317294893,9.54317294893,9.54317294893,100
395,119,2020-04-16 13:30:00,9.51335053347,9.51335053347,9.50340972831,9.50340972831,822
396,118,2020-04-16 16:00:00,9.48014824425,9.48014824425,9.453705702539999,9.46364650769,3058
397,117,2020-04-17 14:00:00,9.47358731285,9.47358731285,9.47358731285,9.47358731285,2000
398,116,2020-04-17 16:00:00,9.50340972831,9.50340972831,9.493468923160002,9.493468923160002,10712
399,115,2020-04-20 10:00:00,9.493468923160002,9.493468923160002,9.466032300930001,9.46682756534,4906
400,114,2020-04-20 10:30:00,9.4734879048,9.47358731285,9.42378387902,9.47358731285,22181
401,113,2020-04-20 11:30:00,9.4734879048,9.4734879048,9.47000862299,9.47000862299,875
402,112,2020-04-20 12:00:00,9.453705702539999,9.47358731285,9.44376489738,9.44376489738,9000
403,111,2020-04-20 13:00:00,9.45271162202,9.45271162202,9.45271162202,9.45271162202,107
404,110,2020-04-20 14:30:00,9.44565365036,9.44565365036,9.44565365036,9.44565365036,1000
405,109,2020-04-20 15:30:00,9.47358731285,9.51335053347,9.47358731285,9.51335053347,3449
406,108,2020-04-20 16:00:00,9.53323214378,9.53323214378,9.517724487739999,9.53323214378,2400
407,107,2020-04-21 10:00:00,9.53323214378,9.53323214378,9.493468923160002,9.493468923160002,1151
408,106,2020-04-21 10:30:00,9.483528117999999,9.493468923160002,9.44376489738,9.443864305429999,19325
409,105,2020-04-21 11:00:00,9.433824092230001,9.43978857532,9.433824092230001,9.43978857532,1200
410,104,2020-04-21 12:30:00,9.431438298989999,9.431438298989999,9.431438298989999,9.431438298989999,5600
411,103,2020-04-21 13:30:00,9.433824092230001,9.442770816869999,9.433824092230001,9.442770816869999,300
412,102,2020-04-21 15:00:00,9.42388328707,9.42388328707,9.42388328707,9.42388328707,1000
413,101,2020-04-21 16:00:00,9.44376489738,9.44376489738,9.3741792613,9.38412006645,15351
414,100,2020-04-22 10:00:00,9.493468923160002,9.493468923160002,9.493468923160002,9.493468923160002,982
415,99,2020-04-22 10:30:00,9.483528117999999,9.483528117999999,9.46215538692,9.4771660027,3200
416,98,2020-04-22 11:30:00,9.483528117999999,9.483528117999999,9.483528117999999,9.483528117999999,800
417,97,2020-04-22 14:00:00,9.453705702539999,9.453705702539999,9.44376489738,9.44376489738,808
418,96,2020-04-22 15:00:00,9.443665489330002,9.443665489330002,9.443665489330002,9.443665489330002,1500
419,95,2020-04-22 15:30:00,9.42388328707,9.44376489738,9.42388328707,9.44376489738,850
420,94,2020-04-22 16:00:00,9.44376489738,9.44376489738,9.42388328707,9.42388328707,600
421,93,2020-04-23 10:00:00,9.43024540237,9.44376489738,9.43024540237,9.432631195610002,2500
422,92,2020-04-23 10:30:00,9.41394248192,9.41394248192,9.41394248192,9.41394248192,100
423,91,2020-04-23 12:00:00,9.43392350028,9.43392350028,9.43392350028,9.43392350028,1531
424,90,2020-04-23 12:30:00,9.433824092230001,9.433824092230001,9.42388328707,9.42388328707,907
425,89,2020-04-23 13:30:00,9.44376489738,9.44376489738,9.443665489330002,9.443665489330002,2392
426,88,2020-04-23 14:30:00,9.47358731285,9.52329133862,9.47358731285,9.52329133862,8265
427,87,2020-04-23 15:30:00,9.46364650769,9.46961099079,9.46364650769,9.46961099079,3200
428,86,2020-04-23 16:00:00,9.51335053347,9.51335053347,9.51335053347,9.51335053347,300
429,85,2020-04-24 11:00:00,9.493468923160002,9.493468923160002,9.493468923160002,9.493468923160002,2000
430,84,2020-04-24 11:30:00,9.47358731285,9.47358731285,9.47358731285,9.47358731285,400
431,83,2020-04-24 12:00:00,9.47358731285,9.47358731285,9.47358731285,9.47358731285,500
432,82,2020-04-24 12:30:00,9.47358731285,9.47358731285,9.47358731285,9.47358731285,400
433,81,2020-04-24 13:00:00,9.47358731285,9.47358731285,9.47358731285,9.47358731285,400
434,80,2020-04-24 13:30:00,9.47358731285,9.47358731285,9.453705702539999,9.47358731285,4100
435,79,2020-04-24 15:00:00,9.47358731285,9.47358731285,9.461757754710002,9.46364650769,5900
436,78,2020-04-24 15:30:00,9.46364650769,9.46364650769,9.46364650769,9.46364650769,100
437,77,2020-04-24 16:00:00,9.466429933139999,9.466429933139999,9.46364650769,9.46364650769,300
438,76,2020-04-27 10:30:00,9.46961099079,9.47756363491,9.46961099079,9.47358731285,6500
439,75,2020-04-27 11:30:00,9.46364650769,9.52329133862,9.46364650769,9.51335053347,14750
440,74,2020-04-27 13:00:00,9.479551795939999,9.479551795939999,9.46364650769,9.463745915739999,9000
441,73,2020-04-27 14:30:00,9.48342870995,9.48342870995,9.48342870995,9.48342870995,1000
442,72,2020-04-27 16:00:00,9.48074469256,9.48074469256,9.48074469256,9.48074469256,2000
443,71,2020-04-28 10:00:00,9.483528117999999,9.5024156478,9.46364650769,9.46364650769,911
444,70,2020-04-28 10:30:00,9.50340972831,9.50340972831,9.50340972831,9.50340972831,200
445,69,2020-04-28 11:00:00,9.46364650769,9.46364650769,9.46364650769,9.46364650769,220
446,68,2020-04-28 11:30:00,9.50340972831,9.50340972831,9.50340972831,9.50340972831,300
447,67,2020-04-28 12:00:00,9.50340972831,9.50340972831,9.479154163739999,9.479154163739999,2400
448,66,2020-04-28 13:00:00,9.50340972831,9.50340972831,9.50340972831,9.50340972831,400
449,65,2020-04-28 13:30:00,9.50340972831,9.50340972831,9.50092452702,9.50092452702,820
450,64,2020-04-28 14:00:00,9.50340972831,9.50340972831,9.50340972831,9.50340972831,500
451,63,2020-04-28 14:30:00,9.50340972831,9.52329133862,9.50340972831,9.52329133862,555
452,62,2020-04-28 15:00:00,9.52329133862,9.52329133862,9.52329133862,9.52329133862,200
453,61,2020-04-28 16:00:00,9.52329133862,9.52329133862,9.52329133862,9.52329133862,211
454,60,2020-04-29 10:00:00,9.53323214378,9.53323214378,9.53323214378,9.53323214378,200
455,59,2020-04-29 11:00:00,9.493468923160002,9.49356833121,9.493468923160002,9.49356833121,2957
456,58,2020-04-29 11:30:00,9.493468923160002,9.493468923160002,9.493468923160002,9.493468923160002,500
457,57,2020-04-29 12:00:00,9.46364650769,9.483528117999999,9.44376489738,9.483528117999999,10787
458,56,2020-04-29 12:30:00,9.46364650769,9.46841809417,9.46364650769,9.46841809417,2100
459,55,2020-04-29 13:30:00,9.47358731285,9.47358731285,9.47358731285,9.47358731285,400
460,54,2020-04-29 14:00:00,9.468616910269999,9.468616910269999,9.468616910269999,9.468616910269999,245
461,53,2020-04-29 14:30:00,9.47577428998,9.48342870995,9.474084353110001,9.474084353110001,700
462,52,2020-04-29 15:00:00,9.47358731285,9.483528117999999,9.47358731285,9.483528117999999,1500
463,51,2020-04-29 15:30:00,9.483528117999999,9.483528117999999,9.483528117999999,9.483528117999999,552
464,50,2020-04-29 16:00:00,9.493468923160002,9.493468923160002,9.47855771543,9.47855771543,2174
465,49,2020-04-30 10:00:00,9.53323214378,9.53323214378,9.53323214378,9.53323214378,7400
466,48,2020-04-30 10:30:00,9.53323214378,9.54019070739,9.53323214378,9.54019070739,3182
467,47,2020-04-30 11:00:00,9.53323214378,9.53323214378,9.53323214378,9.53323214378,300
468,46,2020-04-30 12:00:00,9.54019070739,9.54019070739,9.54019070739,9.54019070739,700
469,45,2020-04-30 13:00:00,9.53323214378,9.53323214378,9.51335053347,9.51335053347,15000
470,44,2020-04-30 15:00:00,9.493468923160002,9.493468923160002,9.493468923160002,9.493468923160002,1018
471,43,2020-04-30 16:00:00,9.493468923160002,9.69228502626,9.493468923160002,9.60242014766,87050
472,42,2020-05-01 10:00:00,9.642581000489999,9.642581000489999,9.642581000489999,9.642581000489999,396
473,41,2020-05-01 10:30:00,9.60281777987,9.60281777987,9.60281777987,9.60281777987,1000
474,40,2020-05-01 11:30:00,9.58293616955,9.58293616955,9.58293616955,9.58293616955,277
475,39,2020-05-01 13:00:00,9.56305455924,9.56305455924,9.56305455924,9.56305455924,200
476,38,2020-05-01 13:30:00,9.56305455924,9.56305455924,9.56305455924,9.56305455924,2600
477,37,2020-05-01 14:00:00,9.5729953644,9.5729953644,9.5729953644,9.5729953644,500
478,36,2020-05-01 14:30:00,9.59287697471,9.59287697471,9.59287697471,9.59287697471,300
479,35,2020-05-01 15:00:00,9.54317294893,9.54317294893,9.54317294893,9.54317294893,125
480,34,2020-05-04 10:00:00,9.54317294893,9.56752792156,9.54317294893,9.56752792156,450
481,33,2020-05-04 10:30:00,9.59168407809,9.59168407809,9.59168407809,9.59168407809,107
482,32,2020-05-04 11:00:00,9.553113754089999,9.553113754089999,9.54317294893,9.54317294893,400
483,31,2020-05-04 11:30:00,9.54317294893,9.54317294893,9.54317294893,9.54317294893,400
484,30,2020-05-04 12:00:00,9.52329133862,9.52329133862,9.52329133862,9.52329133862,200
485,29,2020-05-04 12:30:00,9.52329133862,9.54317294893,9.52329133862,9.54317294893,500
486,28,2020-05-04 13:00:00,9.54317294893,9.54317294893,9.52329133862,9.52329133862,200
487,27,2020-05-04 13:30:00,9.52329133862,9.52329133862,9.51335053347,9.51335053347,300
488,26,2020-05-04 14:00:00,9.51335053347,9.58293616955,9.50340972831,9.56305455924,2610
489,25,2020-05-04 14:30:00,9.56305455924,9.59287697471,9.56305455924,9.58293616955,2210
490,24,2020-05-04 15:00:00,9.56305455924,9.58293616955,9.56305455924,9.5729953644,2910
491,23,2020-05-04 15:30:00,9.5729953644,9.58293616955,9.51335053347,9.52329133862,2905
492,22,2020-05-04 16:00:00,9.52329133862,9.56146403042,9.51335053347,9.53323214378,4303
493,21,2020-05-05 10:00:00,9.51335053347,9.51335053347,9.51335053347,9.51335053347,200
494,20,2020-05-05 11:00:00,9.58293616955,9.58293616955,9.57796576698,9.57796576698,4600
495,19,2020-05-05 11:30:00,9.58293616955,9.58293616955,9.58293616955,9.58293616955,300
496,18,2020-05-05 12:00:00,9.58293616955,9.58293616955,9.58293616955,9.58293616955,300
497,17,2020-05-05 12:30:00,9.553113754089999,9.553113754089999,9.553113754089999,9.553113754089999,110
498,16,2020-05-05 13:00:00,9.568024961819999,9.568024961819999,9.568024961819999,9.568024961819999,500
499,15,2020-05-05 13:30:00,9.58293616955,9.58293616955,9.553113754089999,9.553113754089999,400
500,14,2020-05-05 14:00:00,9.56822377793,9.59287697471,9.553113754089999,9.59287697471,5557
501,13,2020-05-05 14:30:00,9.59287697471,9.59287697471,9.59287697471,9.59287697471,209
502,12,2020-05-05 15:00:00,9.553113754089999,9.59287697471,9.553113754089999,9.59287697471,284
503,11,2020-05-05 16:00:00,9.553113754089999,9.56106639821,9.53333155183,9.53333155183,17009
504,10,2020-05-06 13:00:00,9.58293616955,9.59287697471,9.58293616955,9.59287697471,2520
505,9,2020-05-06 13:30:00,9.55321316214,9.59287697471,9.55321316214,9.59287697471,5910
506,8,2020-05-06 15:00:00,9.58651485941,9.58651485941,9.58651485941,9.58651485941,1500
507,7,2020-05-06 15:30:00,9.58651485941,9.59287697471,9.58651485941,9.59287697471,4165
508,6,2020-05-06 16:00:00,9.5731941805,9.59287697471,9.5631539673,9.59287697471,2150
509,5,2020-05-07 10:00:00,9.58293616955,9.642581000489999,9.568024961819999,9.642581000489999,4517
510,4,2020-05-07 11:00:00,9.62269939018,9.62269939018,9.62269939018,9.62269939018,2950
511,3,2020-05-07 12:30:00,9.60381186038,9.60381186038,9.60381186038,9.60381186038,300
512,2,2020-05-07 13:00:00,9.5729953644,9.5729953644,9.56305455924,9.56305455924,3000
513,1,2020-05-07 14:00:00,9.5729953644,9.5729953644,9.52339074668,9.52339074668,6511
514,0,2020-05-07 14:30:00,9.54347117309,9.54347117309,9.54347117309,9.54347117309,1000
