,index,time,open,high,low,close,volume
0,132,2018-11-15 10:00:00,11.444813583399998,11.6455997866,11.444813583399998,11.6455997866,3443
1,131,2018-11-15 10:30:00,11.6455997866,11.6456910531,11.6455997866,11.6456910531,1514
2,130,2018-11-15 11:00:00,11.5552459952,11.5552459952,11.554333330599999,11.554333330599999,200
3,129,2018-11-15 11:30:00,11.554333330599999,11.554333330599999,11.554333330599999,11.554333330599999,100
4,128,2018-11-15 12:00:00,11.545206685,11.545206685,11.5360800394,11.5360800394,312
5,127,2018-11-15 14:00:00,11.5360800394,11.5360800394,11.5360800394,11.5360800394,100
6,126,2018-11-15 15:30:00,11.5178267482,11.5178267482,11.5178267482,11.5178267482,100
7,125,2018-11-15 16:00:00,11.5087001026,11.5178267482,11.5087001026,11.5178267482,295
8,124,2018-11-16 10:00:00,11.444813583399998,11.444813583399998,11.444813583399998,11.444813583399998,138
9,123,2018-11-16 10:30:00,11.5360800394,11.5360800394,11.5360800394,11.5360800394,100
10,122,2018-11-16 11:00:00,11.597593630799999,11.6182198498,11.597593630799999,11.6173071853,1000
11,121,2018-11-16 11:30:00,11.6090932042,11.6452347208,11.5782451421,11.6297194233,5059
12,120,2018-11-16 12:00:00,11.644595855599999,11.644595855599999,11.644595855599999,11.644595855599999,300
13,119,2018-11-16 13:30:00,11.554333330599999,11.554333330599999,11.554333330599999,11.554333330599999,200
14,118,2018-11-16 15:00:00,11.545206685,11.545206685,11.545206685,11.545206685,100
15,117,2018-11-16 15:30:00,11.545206685,11.545206685,11.545206685,11.545206685,100
16,116,2018-11-16 16:00:00,11.554333330599999,11.554333330599999,11.554333330599999,11.554333330599999,395
17,115,2018-11-19 10:00:00,11.545206685,11.554333330599999,11.545206685,11.554333330599999,299
18,114,2018-11-19 10:30:00,11.4813201658,11.4813201658,11.4813201658,11.4813201658,100
19,113,2018-11-19 11:00:00,11.6506194417,11.6506194417,11.6506194417,11.6506194417,1699
20,112,2018-11-19 12:00:00,11.590839913,11.597593630799999,11.590839913,11.597593630799999,1756
21,111,2018-11-19 12:30:00,11.559900584400001,11.590839913,11.5360800394,11.547944678699999,2565
22,110,2018-11-19 13:00:00,11.554333330599999,11.590839913,11.554333330599999,11.590839913,1638
23,109,2018-11-19 13:30:00,11.6067202764,11.6067202764,11.6067202764,11.6067202764,100
24,108,2018-11-19 15:00:00,11.590839913,11.590839913,11.4630668746,11.499573457,1133
25,107,2018-11-19 15:30:00,11.5087001026,11.5087001026,11.5087001026,11.5087001026,100
26,106,2018-11-19 16:00:00,11.5087001026,11.5423774249,11.5087001026,11.5178267482,300
27,105,2018-11-20 10:00:00,11.7003596602,11.7003596602,11.599966558599998,11.599966558599998,533
28,104,2018-11-20 14:30:00,11.4356869378,11.444813583399998,11.3718004186,11.3718004186,1600
29,103,2018-11-20 16:00:00,11.526953393800001,11.526953393800001,11.526953393800001,11.526953393800001,100
30,102,2018-11-21 10:30:00,11.5178267482,11.5178267482,11.5178267482,11.5178267482,100
31,101,2018-11-21 11:00:00,11.5178267482,11.5178267482,11.5178267482,11.5178267482,400
32,100,2018-11-21 12:00:00,11.5178267482,11.526953393800001,11.5178267482,11.5178267482,2000
33,99,2018-11-21 13:00:00,11.5260407293,11.526953393800001,11.5178267482,11.526953393800001,1700
34,98,2018-11-21 13:30:00,11.5268621274,11.590748646600002,11.522390070999998,11.590748646600002,2100
35,97,2018-11-21 14:00:00,11.5810744022,11.5810744022,11.563459976199999,11.563459976199999,400
36,96,2018-11-21 14:30:00,11.563459976199999,11.563459976199999,11.563459976199999,11.563459976199999,400
37,95,2018-11-21 15:30:00,11.5178267482,11.5178267482,11.5178267482,11.5178267482,100
38,94,2018-11-21 16:00:00,11.4721935202,11.4721935202,11.4630668746,11.4630668746,330
39,93,2018-11-23 10:00:00,11.6849637283,11.8717731002,11.6849637283,11.8717731002,1502
40,92,2018-11-23 10:30:00,11.7131914496,11.7131914496,11.7131914496,11.7131914496,1127
41,91,2018-11-23 11:00:00,11.7224756504,11.7224756504,11.4786481568,11.4880261373,3500
42,90,2018-11-23 11:30:00,11.5817121627,11.5817121627,11.5817121627,11.5817121627,600
43,89,2018-11-23 13:00:00,11.572427962,11.572427962,11.544294020499999,11.544294020499999,1047
44,88,2018-11-26 10:00:00,11.5349160399,11.544294020499999,11.5255380594,11.5255380594,800
45,87,2018-11-26 10:30:00,11.5362289572,11.583306419400001,11.5362289572,11.583306419400001,5900
46,86,2018-11-26 11:00:00,11.5818059425,11.806877475,11.5818059425,11.8067836952,5300
47,85,2018-11-26 11:30:00,11.5911839231,11.6136910763,11.5911839231,11.6049695544,700
48,84,2018-11-26 12:30:00,11.694341708800001,11.694341708800001,11.694341708800001,11.694341708800001,100
49,83,2018-11-26 13:30:00,11.5818059425,11.5818997224,11.5818059425,11.5818997224,524
50,82,2018-11-26 14:00:00,11.5818059425,11.5818059425,11.5818059425,11.5818059425,200
51,81,2018-11-26 15:00:00,11.5818059425,11.5818059425,11.5818059425,11.5818059425,300
52,80,2018-11-26 15:30:00,11.5886518683,11.5886518683,11.5818059425,11.5818059425,600
53,79,2018-11-26 16:00:00,11.5255380594,11.5255380594,11.5255380594,11.5255380594,300
54,78,2018-11-27 10:00:00,11.4786481568,11.4786481568,11.4786481568,11.4786481568,258
55,77,2018-11-27 11:30:00,11.5255380594,11.5255380594,11.5255380594,11.5255380594,100
56,76,2018-11-27 12:00:00,11.553672000999999,11.553672000999999,11.544294020499999,11.544294020499999,200
57,75,2018-11-27 13:00:00,11.553672000999999,11.553672000999999,11.553672000999999,11.553672000999999,1100
58,74,2018-11-27 13:30:00,11.572427962,11.572427962,11.572427962,11.572427962,100
59,73,2018-11-27 14:00:00,11.5630499815,11.5630499815,11.5630499815,11.5630499815,200
60,72,2018-11-27 15:00:00,11.553672000999999,11.553672000999999,11.553672000999999,11.553672000999999,100
61,71,2018-11-27 15:30:00,11.572427962,11.572427962,11.572427962,11.572427962,100
62,70,2018-11-27 16:00:00,11.5630499815,11.5630499815,11.4974041179,11.553672000999999,442
63,69,2018-11-28 10:00:00,11.544294020499999,11.544294020499999,11.544294020499999,11.544294020499999,100
64,68,2018-11-28 11:30:00,11.553672000999999,11.609939884100001,11.553672000999999,11.5771169523,1600
65,67,2018-11-28 12:00:00,11.572427962,11.572427962,11.572427962,11.572427962,100
66,66,2018-11-28 12:30:00,11.572427962,11.572427962,11.572427962,11.572427962,100
67,65,2018-11-28 13:30:00,11.572427962,11.609939884100001,11.572427962,11.5818059425,4547
68,64,2018-11-28 14:30:00,11.5997178853,11.5997178853,11.5997178853,11.5997178853,460
69,63,2018-11-28 15:30:00,11.608533187,11.608533187,11.553672000999999,11.553672000999999,1100
70,62,2018-11-28 16:00:00,11.4974041179,11.553672000999999,11.4974041179,11.553672000999999,200
71,61,2018-11-29 10:00:00,11.4974041179,11.6286958451,11.4974041179,11.6286958451,271
72,60,2018-11-29 11:30:00,11.609939884100001,11.609939884100001,11.609939884100001,11.609939884100001,200
73,59,2018-11-29 12:00:00,11.6286958451,11.6286958451,11.5911839231,11.5911839231,1100
74,58,2018-11-29 12:30:00,11.619317864600001,11.6286958451,11.619317864600001,11.619317864600001,601
75,57,2018-11-29 13:00:00,11.6286958451,11.7224756504,11.6234441761,11.7224756504,1624
76,56,2018-11-29 13:30:00,11.619317864600001,11.619317864600001,11.619317864600001,11.619317864600001,100
77,55,2018-11-29 14:00:00,11.680274738,11.680274738,11.680274738,11.680274738,100
78,54,2018-11-29 15:00:00,11.5818059425,11.5818059425,11.5818059425,11.5818059425,100
79,53,2018-11-29 15:30:00,11.741231611400002,11.741231611400002,11.5941848768,11.722100531099999,2780
80,52,2018-11-29 16:00:00,11.6755857478,11.7318536309,11.6755857478,11.6755857478,1200
81,51,2018-11-30 10:00:00,11.7974994945,11.7974994945,11.778555973900001,11.778555973900001,311
82,50,2018-11-30 10:30:00,11.7694593328,11.7694593328,11.769365553,11.769365553,12713
83,49,2018-11-30 11:30:00,11.7506095919,11.7974994945,11.7506095919,11.7974994945,1700
84,48,2018-11-30 12:00:00,11.7598937926,11.7599875724,11.7598937926,11.7599875724,1400
85,47,2018-11-30 13:00:00,11.7042823681,11.7687090943,11.7042823681,11.7687090943,1175
86,46,2018-11-30 13:30:00,11.769365553,11.788121514,11.769365553,11.788121514,648
87,45,2018-11-30 14:00:00,11.7694593328,11.7694593328,11.7694593328,11.7694593328,670
88,44,2018-11-30 16:00:00,11.7974994945,11.816255455599999,11.7974994945,11.816255455599999,1828
89,43,2018-12-03 10:00:00,11.9475471828,11.9475471828,11.837824810799999,11.837824810799999,2103
90,42,2018-12-03 10:30:00,11.832666921500001,11.8350114166,11.5960604729,11.7974994945,4286
91,41,2018-12-03 12:30:00,11.844576956700001,11.863051578399999,11.7974994945,11.7974994945,3100
92,40,2018-12-03 13:00:00,11.825633436099999,11.863051578399999,11.7974994945,11.7974994945,1100
93,39,2018-12-03 14:30:00,11.7974994945,11.7974994945,11.7974994945,11.7974994945,100
94,38,2018-12-03 15:00:00,11.816255455599999,11.8333233801,11.816255455599999,11.816255455599999,1264
95,37,2018-12-04 10:00:00,11.816255455599999,11.816255455599999,11.563143761300001,11.563143761300001,1745
96,36,2018-12-04 10:30:00,11.8171932536,11.8171932536,11.8171932536,11.8171932536,419
97,35,2018-12-04 12:30:00,11.816255455599999,11.816255455599999,11.816255455599999,11.816255455599999,100
98,34,2018-12-04 13:30:00,11.816255455599999,11.816255455599999,11.769365553,11.769365553,3120
99,33,2018-12-04 15:00:00,11.806877475,11.806877475,11.5630499815,11.5630499815,3396
100,32,2018-12-04 16:00:00,11.6006556834,11.6006556834,11.6006556834,11.6006556834,3200
101,31,2018-12-06 10:00:00,11.7318536309,11.7318536309,11.7318536309,11.7318536309,159
102,30,2018-12-06 12:00:00,11.8983127851,11.8983127851,11.8983127851,11.8983127851,100
103,29,2018-12-06 12:30:00,11.7506095919,11.8983127851,11.7506095919,11.8983127851,1892
104,28,2018-12-06 13:00:00,11.788121514,11.788121514,11.788121514,11.788121514,150
105,27,2018-12-07 13:00:00,11.736823960499999,11.736823960499999,11.736823960499999,11.736823960499999,1140
106,26,2018-12-07 14:00:00,11.8653960735,11.8653960735,11.849359726800001,11.849359726800001,2000
107,25,2018-12-07 15:00:00,11.741325391199998,11.806877475,11.741325391199998,11.806877475,1740
108,24,2018-12-07 15:30:00,11.8349176368,11.8349176368,11.825633436099999,11.825633436099999,1100
109,23,2018-12-07 16:00:00,11.7928105043,11.8350114166,11.7506095919,11.8350114166,1571
110,22,2018-12-10 10:00:00,11.8350114166,11.8350114166,11.8350114166,11.8350114166,1653
111,21,2018-12-10 11:30:00,11.7599875724,11.7599875724,11.7599875724,11.7599875724,100
112,20,2018-12-10 12:00:00,11.7931856235,11.7931856235,11.788121514,11.788121514,400
113,19,2018-12-10 12:30:00,11.78521434,11.788121514,11.78521434,11.788121514,2219
114,18,2018-12-10 13:30:00,11.769365553,11.788121514,11.7318536309,11.769365553,3975
115,17,2018-12-10 14:00:00,11.7070957623,11.7070957623,11.7070957623,11.7070957623,1500
116,16,2018-12-10 14:30:00,11.6662077672,11.6662077672,11.6662077672,11.6662077672,319
117,15,2018-12-10 15:30:00,11.8333233801,11.8333233801,11.7506095919,11.7506095919,250
118,14,2018-12-11 10:00:00,11.6662077672,11.6662077672,11.6662077672,11.6662077672,510
119,13,2018-12-11 13:00:00,11.790653568699998,11.790653568699998,11.790653568699998,11.790653568699998,2000
120,12,2018-12-11 14:30:00,11.766364599200001,11.766364599200001,11.766364599200001,11.766364599200001,500
121,11,2018-12-11 15:00:00,11.748733995799999,11.748733995799999,11.748733995799999,11.748733995799999,2615
122,10,2018-12-12 10:00:00,11.788121514,11.788121514,11.788121514,11.788121514,119
123,9,2018-12-12 14:00:00,11.741231611400002,11.741231611400002,11.6849637283,11.6849637283,319
124,8,2018-12-12 15:00:00,11.6849637283,11.6849637283,11.6849637283,11.6849637283,606
125,7,2018-12-12 15:30:00,11.6849637283,11.6849637283,11.682713012899999,11.682713012899999,348
126,6,2018-12-12 16:00:00,11.7974994945,11.7974994945,11.7974994945,11.7974994945,114
127,5,2018-12-13 10:00:00,11.8302553876,11.8302553876,11.8302553876,11.8302553876,392
128,4,2018-12-13 11:00:00,11.7094117287,11.7094117287,11.7094117287,11.7094117287,1190
129,3,2018-12-13 12:30:00,11.7079058887,11.7079058887,11.6702598891,11.6702598891,2200
130,2,2018-12-13 14:00:00,11.7151527436,11.7151527436,11.7147762837,11.7147762837,3600
131,1,2018-12-13 15:30:00,11.8473843174,11.8473843174,11.8473843174,11.8473843174,400
132,0,2018-12-14 10:00:00,11.7079058887,11.7079058887,11.7079058887,11.7079058887,100
