,index,time,open,high,low,close,volume
0,464,2020-09-08 07:30:00,13.8,13.8,13.8,13.8,200
1,463,2020-09-08 08:30:00,13.68,13.78,13.5521,13.5521,2431
2,462,2020-09-08 09:00:00,13.5168,13.78,13.5,13.7599,19500
3,461,2020-09-08 09:30:00,13.73,13.73,13.21,13.21,2390
4,460,2020-09-08 10:00:00,13.23,13.6,13.11,13.46,189874
5,459,2020-09-08 10:30:00,13.468,13.64,13.355,13.55,141076
6,458,2020-09-08 11:00:00,13.53,13.555,13.3,13.54,232367
7,457,2020-09-08 11:30:00,13.53,13.85,13.53,13.78,208959
8,456,2020-09-08 12:00:00,13.8,14.0,13.63,13.85,113220
9,455,2020-09-08 12:30:00,13.845,14.62,13.83,14.21,250341
10,454,2020-09-08 13:00:00,14.21,14.25,14.13,14.18,81871
11,453,2020-09-08 13:30:00,14.16,14.335999999999999,14.1,14.21,132282
12,452,2020-09-08 14:00:00,14.21,14.48,14.19,14.27,176390
13,451,2020-09-08 14:30:00,14.28,14.29,13.94,13.94,127289
14,450,2020-09-08 15:00:00,13.94,13.94,13.74,13.79,59930
15,449,2020-09-08 15:30:00,13.78,13.78,13.57,13.68,100388
16,448,2020-09-08 16:00:00,13.68,13.75,13.6,13.7,198895
17,447,2020-09-08 16:30:00,13.71,13.71,13.71,13.71,9496
18,446,2020-09-08 19:30:00,13.56,13.56,13.56,13.56,300
19,445,2020-09-09 05:30:00,13.71,13.71,13.55,13.55,1250
20,444,2020-09-09 06:00:00,13.95,13.95,13.95,13.95,300
21,443,2020-09-09 07:30:00,13.93,13.93,13.93,13.93,200
22,442,2020-09-09 08:00:00,13.94,14.3,13.94,14.3,5827
23,441,2020-09-09 08:30:00,14.0,14.6,14.0,14.6,45772
24,440,2020-09-09 09:00:00,14.59,15.49,14.59,14.85,1095523
25,439,2020-09-09 09:30:00,14.82,15.18,14.77,15.1,364381
26,438,2020-09-09 10:00:00,15.14,15.39,14.24,14.41,2523860
27,437,2020-09-09 10:30:00,14.39,14.4521,13.95,14.34,914161
28,436,2020-09-09 11:00:00,14.3584,14.65,14.01,14.07,710936
29,435,2020-09-09 11:30:00,14.07,14.2588,14.02,14.2045,347954
30,434,2020-09-09 12:00:00,14.21,14.62,14.204,14.54,310922
31,433,2020-09-09 12:30:00,14.56,14.7,14.44,14.5,236232
32,432,2020-09-09 13:00:00,14.49,14.69,14.44,14.63,135008
33,431,2020-09-09 13:30:00,14.65,14.68,14.46,14.59,188149
34,430,2020-09-09 14:00:00,14.6,14.6111,14.37,14.6,165664
35,429,2020-09-09 14:30:00,14.6,14.68,14.45,14.65,144821
36,428,2020-09-09 15:00:00,14.6487,14.75,14.53,14.7301,333391
37,427,2020-09-09 15:30:00,14.73,14.97,14.6999,14.92,493078
38,426,2020-09-09 16:00:00,14.91,14.97,14.77,14.87,533296
39,425,2020-09-09 16:30:00,14.86,14.9,14.7,14.8701,14825
40,424,2020-09-09 17:00:00,14.93,14.93,14.9,14.91,890
41,423,2020-09-09 17:30:00,14.91,14.91,14.75,14.89,2130
42,422,2020-09-09 18:00:00,14.9,15.0,14.9,14.99,1861
43,421,2020-09-09 18:30:00,14.9,15.0,14.9,15.0,729
44,420,2020-09-09 19:00:00,15.0,15.03,15.0,15.02,1548
45,419,2020-09-09 19:30:00,15.02,15.02,14.96,14.96,700
46,418,2020-09-09 20:00:00,15.0,15.03,15.0,15.0,3487
47,417,2020-09-10 04:30:00,15.1,15.1,15.1,15.1,200
48,416,2020-09-10 06:00:00,15.09,15.1,15.09,15.1,529
49,415,2020-09-10 06:30:00,15.1,15.1,15.1,15.1,501
50,414,2020-09-10 07:00:00,15.1,15.1,15.1,15.1,394
51,413,2020-09-10 07:30:00,15.1,15.1,15.1,15.1,1050
52,412,2020-09-10 08:00:00,15.02,15.15,15.02,15.12,2248
53,411,2020-09-10 08:30:00,15.185,15.2,15.01,15.1,14134
54,410,2020-09-10 09:00:00,15.1,15.19,15.09,15.16,12188
55,409,2020-09-10 09:30:00,15.16,15.19,15.0,15.0,14579
56,408,2020-09-10 10:00:00,14.93,16.48,14.9264,16.1946,2314932
57,407,2020-09-10 10:30:00,16.19,16.75,16.05,16.6943,1269079
58,406,2020-09-10 11:00:00,16.67,16.86,15.77,15.93,975433
59,405,2020-09-10 11:30:00,15.87,16.28,15.54,16.2418,730469
60,404,2020-09-10 12:00:00,16.26,16.4,16.05,16.28,396397
61,403,2020-09-10 12:30:00,16.25,16.3693,15.98,16.11,315248
62,402,2020-09-10 13:00:00,16.125,16.16,15.67,16.09,250576
63,401,2020-09-10 13:30:00,16.1,16.46,16.08,16.375,239944
64,400,2020-09-10 14:00:00,16.39,16.565,16.3581,16.3866,379610
65,399,2020-09-10 14:30:00,16.3974,16.44,15.82,15.95,342188
66,398,2020-09-10 15:00:00,15.95,16.34,15.95,16.3,201052
67,397,2020-09-10 15:30:00,16.266,16.266,15.95,16.0498,209859
68,396,2020-09-10 16:00:00,16.04,16.04,15.2299,15.53,713502
69,395,2020-09-10 16:30:00,15.54,16.07,15.05,15.85,95257
70,394,2020-09-10 17:00:00,15.85,15.9,15.75,15.81,38898
71,393,2020-09-10 17:30:00,15.89,16.23,15.89,16.04,18737
72,392,2020-09-10 18:00:00,16.1,16.2,16.0,16.0,8212
73,391,2020-09-10 18:30:00,16.22,16.39,16.22,16.25,5974
74,390,2020-09-10 19:00:00,16.25,16.54,16.25,16.54,7322
75,389,2020-09-10 19:30:00,16.5,16.55,16.3,16.3,4064
76,388,2020-09-10 20:00:00,16.47,16.5,16.4,16.5,3309
77,387,2020-09-11 05:30:00,16.23,16.23,16.23,16.23,200
78,386,2020-09-11 06:00:00,16.18,16.18,16.18,16.18,342
79,385,2020-09-11 06:30:00,16.33,16.33,16.33,16.33,100
80,384,2020-09-11 07:00:00,16.26,16.26,16.02,16.25,1033
81,383,2020-09-11 07:30:00,16.28,16.65,16.28,16.52,15440
82,382,2020-09-11 08:00:00,16.63,16.7,16.6,16.69,12783
83,381,2020-09-11 08:30:00,16.6325,16.72,16.28,16.51,48223
84,380,2020-09-11 09:00:00,16.58,16.6499,16.51,16.55,17790
85,379,2020-09-11 09:30:00,16.55,16.56,16.3,16.3,125498
86,378,2020-09-11 10:00:00,16.2,16.23,14.8,15.055,1751549
87,377,2020-09-11 10:30:00,15.09,15.44,14.97,15.26,362817
88,376,2020-09-11 11:00:00,15.27,15.37,14.82,14.885,348831
89,375,2020-09-11 11:30:00,14.91,15.325,14.73,15.32,269050
90,374,2020-09-11 12:00:00,15.33,15.36,14.56,14.6787,314480
91,373,2020-09-11 12:30:00,14.67,14.9,14.65,14.85,185693
92,372,2020-09-11 13:00:00,14.85,14.85,14.4,14.435,193191
93,371,2020-09-11 13:30:00,14.44,14.5,14.27,14.33,187998
94,370,2020-09-11 14:00:00,14.34,14.61,14.33,14.47,204395
95,369,2020-09-11 14:30:00,14.475,14.85,14.435,14.755,159046
96,368,2020-09-11 15:00:00,14.74,14.93,14.68,14.7,115360
97,367,2020-09-11 15:30:00,14.68,14.88,14.6202,14.83,130765
98,366,2020-09-11 16:00:00,14.83,15.09,14.77,14.91,344260
99,365,2020-09-11 16:30:00,14.9,15.0,14.9,15.0,13286
100,364,2020-09-11 17:00:00,15.1,15.1,15.1,15.1,1999
101,363,2020-09-11 17:30:00,15.0,15.14,15.0,15.14,3250
102,362,2020-09-11 18:00:00,15.1,15.1,15.1,15.1,200
103,361,2020-09-11 18:30:00,15.14,15.14,15.05,15.05,350
104,360,2020-09-11 19:00:00,15.06,15.06,15.06,15.06,100
105,359,2020-09-11 19:30:00,15.1,15.1,15.07,15.07,970
106,358,2020-09-11 20:00:00,15.1,15.1,15.1,15.1,1000
107,357,2020-09-14 07:30:00,15.06,15.06,15.06,15.06,125
108,356,2020-09-14 08:00:00,14.99,14.99,14.9,14.9,299
109,355,2020-09-14 08:30:00,14.99,15.1,14.71,14.85,6444
110,354,2020-09-14 09:00:00,14.9,14.95,14.82,14.85,5600
111,353,2020-09-14 09:30:00,14.85,14.85,14.7,14.7,7558
112,352,2020-09-14 10:00:00,14.75,15.63,14.7,15.4509,550141
113,351,2020-09-14 10:30:00,15.4409,15.455,14.94,15.035,220592
114,350,2020-09-14 11:00:00,15.035,15.18,14.82,15.16,208449
115,349,2020-09-14 11:30:00,15.158,15.35,15.06,15.17,120951
116,348,2020-09-14 12:00:00,15.2,15.3,15.14,15.1474,97835
117,347,2020-09-14 12:30:00,15.1288,15.2,15.03,15.1443,67021
118,346,2020-09-14 13:00:00,15.13,15.13,14.94,15.085,69871
119,345,2020-09-14 13:30:00,15.085,15.17,15.045,15.075,112558
120,344,2020-09-14 14:00:00,15.0701,15.125,15.04,15.08,67245
121,343,2020-09-14 14:30:00,15.08,15.1666,14.89,14.94,136231
122,342,2020-09-14 15:00:00,14.94,15.04,14.93,15.04,80886
123,341,2020-09-14 15:30:00,15.06,15.11,15.02,15.06,69729
124,340,2020-09-14 16:00:00,15.06,15.2,15.06,15.1,210560
125,339,2020-09-14 16:30:00,15.11,15.28,15.11,15.28,4012
126,338,2020-09-14 17:00:00,15.11,15.29,15.11,15.12,3007
127,337,2020-09-14 18:30:00,15.12,15.12,15.12,15.12,150
128,336,2020-09-15 08:30:00,15.1,15.1,15.0,15.0,3406
129,335,2020-09-15 09:00:00,15.0,15.0,14.95,14.99,1233
130,334,2020-09-15 09:30:00,15.0,15.26,14.99,15.25,4532
131,333,2020-09-15 10:00:00,15.21,15.97,15.21,15.94,366012
132,332,2020-09-15 10:30:00,15.93,16.39,15.84,16.16,490842
133,331,2020-09-15 11:00:00,16.14,16.67,16.085,16.65,403382
134,330,2020-09-15 11:30:00,16.67,16.84,16.22,16.52,533706
135,329,2020-09-15 12:00:00,16.54,16.96,16.5236,16.72,303075
136,328,2020-09-15 12:30:00,16.71,17.05,16.67,16.980999999999998,234679
137,327,2020-09-15 13:00:00,17.01,17.24,16.95,17.1301,247123
138,326,2020-09-15 13:30:00,17.18,17.24,16.82,16.93,177768
139,325,2020-09-15 14:00:00,16.91,17.13,16.49,17.0199,700347
140,324,2020-09-15 14:30:00,17.02,17.13,16.8401,16.89,179258
141,323,2020-09-15 15:00:00,16.8941,16.99,16.77,16.975,119124
142,322,2020-09-15 15:30:00,16.9899,17.03,16.61,16.747,286236
143,321,2020-09-15 16:00:00,16.745,16.745,16.369,16.52,382454
144,320,2020-09-15 16:30:00,16.51,17.0,16.51,16.75,100066
145,319,2020-09-15 17:00:00,16.72,16.72,16.65,16.65,2325
146,318,2020-09-15 17:30:00,16.56,16.69,16.55,16.69,1609
147,317,2020-09-15 18:00:00,16.5599,16.56,16.5,16.5,3831
148,316,2020-09-15 18:30:00,16.51,16.68,16.51,16.65,550
149,315,2020-09-15 19:00:00,16.7,16.7,16.7,16.7,417
150,314,2020-09-15 19:30:00,16.68,16.68,16.68,16.68,1300
151,313,2020-09-15 20:00:00,16.68,16.68,16.67,16.67,2450
152,312,2020-09-16 04:30:00,16.67,16.67,16.51,16.51,605
153,311,2020-09-16 06:30:00,17.15,17.15,17.15,17.15,100
154,310,2020-09-16 07:00:00,17.14,17.14,17.14,17.14,100
155,309,2020-09-16 07:30:00,16.73,17.0,16.68,16.68,1782
156,308,2020-09-16 08:00:00,16.7,16.7,16.7,16.7,123
157,307,2020-09-16 08:30:00,16.97,16.99,16.72,16.977999999999998,1110
158,306,2020-09-16 09:00:00,16.9,16.96,16.9,16.9596,355
159,305,2020-09-16 09:30:00,16.9,16.93,16.73,16.93,9084
160,304,2020-09-16 10:00:00,16.64,16.67,15.8,16.1624,522705
161,303,2020-09-16 10:30:00,16.1712,16.314,15.8305,16.08,170126
162,302,2020-09-16 11:00:00,16.06,16.08,15.75,15.9,241780
163,301,2020-09-16 11:30:00,15.91,16.24,15.75,16.1731,185314
164,300,2020-09-16 12:00:00,16.18,16.35,16.1158,16.28,84518
165,299,2020-09-16 12:30:00,16.29,16.69,16.2854,16.6797,168616
166,298,2020-09-16 13:00:00,16.68,16.79,16.57,16.6,114723
167,297,2020-09-16 13:30:00,16.6,16.61,16.27,16.2801,75772
168,296,2020-09-16 14:00:00,16.31,16.41,16.22,16.375,69012
169,295,2020-09-16 14:30:00,16.3908,16.77,16.37,16.6942,102214
170,294,2020-09-16 15:00:00,16.7,16.78,16.42,16.52,128878
171,293,2020-09-16 15:30:00,16.53,16.58,16.32,16.32,125064
172,292,2020-09-16 16:00:00,16.34,16.35,16.1,16.19,298311
173,291,2020-09-16 16:30:00,16.18,16.2,16.1,16.1,14377
174,290,2020-09-16 17:00:00,16.15,16.15,16.06,16.06,5890
175,289,2020-09-16 17:30:00,16.15,16.15,16.15,16.15,8809
176,288,2020-09-16 18:00:00,16.21,16.21,16.1,16.1,1222
177,287,2020-09-16 19:30:00,16.4,16.4,16.4,16.4,350
178,286,2020-09-16 20:00:00,16.36,16.36,16.15,16.15,800
179,285,2020-09-17 04:30:00,16.05,16.05,16.05,16.05,200
180,284,2020-09-17 05:30:00,16.05,16.05,16.0,16.0,700
181,283,2020-09-17 07:30:00,16.1,16.12,16.1,16.12,1100
182,282,2020-09-17 08:30:00,16.3,16.3,15.92,15.92,3929
183,281,2020-09-17 09:00:00,15.9498,15.9498,15.85,15.86,4820
184,280,2020-09-17 09:30:00,15.9,15.9,15.72,15.82,10583
185,279,2020-09-17 10:00:00,15.75,16.1399,15.61,15.94,205348
186,278,2020-09-17 10:30:00,15.98,16.17,15.87,15.92,124588
187,277,2020-09-17 11:00:00,15.9,15.91,15.56,15.64,214801
188,276,2020-09-17 11:30:00,15.645,16.0689,15.5141,15.56,431920
189,275,2020-09-17 12:00:00,15.56,15.5941,15.13,15.21,485270
190,274,2020-09-17 12:30:00,15.21,15.41,15.13,15.37,156787
191,273,2020-09-17 13:00:00,15.37,15.44,15.22,15.38,69681
192,272,2020-09-17 13:30:00,15.39,15.395,15.2,15.2807,60893
193,271,2020-09-17 14:00:00,15.26,15.36,15.2,15.25,118896
194,270,2020-09-17 14:30:00,15.23,15.57,15.22,15.39,81284
195,269,2020-09-17 15:00:00,15.39,15.55,15.36,15.445,84127
196,268,2020-09-17 15:30:00,15.45,15.52,15.38,15.45,67225
197,267,2020-09-17 16:00:00,15.45,15.73,15.43,15.62,173324
198,266,2020-09-17 16:30:00,15.58,15.63,15.52,15.52,7997
199,265,2020-09-17 17:00:00,15.52,15.52,15.52,15.52,100
200,264,2020-09-17 17:30:00,15.63,15.63,15.62,15.63,1003
201,263,2020-09-17 19:30:00,15.79,15.79,15.79,15.79,100
202,262,2020-09-17 20:00:00,15.75,15.75,15.75,15.75,260
203,261,2020-09-18 08:30:00,15.35,15.54,15.35,15.54,300
204,260,2020-09-18 09:30:00,15.5501,15.8,15.5501,15.8,1450
205,259,2020-09-18 10:00:00,15.81,15.9667,15.53,15.755,258370
206,258,2020-09-18 10:30:00,15.77,16.06,15.77,15.9,147830
207,257,2020-09-18 11:00:00,15.88,15.88,15.735,15.8014,60507
208,256,2020-09-18 11:30:00,15.81,16.06,15.79,15.88,95833
209,255,2020-09-18 12:00:00,15.885,15.885,15.75,15.86,52474
210,254,2020-09-18 12:30:00,15.85,15.9447,15.64,15.72,63795
211,253,2020-09-18 13:00:00,15.71,15.7101,15.4407,15.515,65613
212,252,2020-09-18 13:30:00,15.5,15.52,15.2201,15.255,120745
213,251,2020-09-18 14:00:00,15.23,15.54,15.14,15.5,88384
214,250,2020-09-18 14:30:00,15.48,15.6895,15.431,15.66,40587
215,249,2020-09-18 15:00:00,15.67,15.935,15.67,15.935,87862
216,248,2020-09-18 15:30:00,15.935,16.05,15.9,16.04,111153
217,247,2020-09-18 16:00:00,16.03,16.0666,15.95,15.98,201963
218,246,2020-09-18 16:30:00,15.98,15.9817,15.95,15.9817,19046
219,245,2020-09-18 17:30:00,15.95,15.96,15.79,15.82,5988
220,244,2020-09-18 18:00:00,15.72,15.78,15.72,15.78,1445
221,243,2020-09-18 18:30:00,15.78,15.78,15.78,15.78,150
222,242,2020-09-18 19:00:00,15.77,15.77,15.77,15.77,100
223,241,2020-09-18 20:00:00,15.9,15.9,15.9,15.9,144
224,240,2020-09-21 04:30:00,16.05,16.06,16.05,16.06,7340
225,239,2020-09-21 05:00:00,16.09,16.09,16.09,16.09,160
226,238,2020-09-21 05:30:00,15.91,16.05,15.91,16.05,556
227,237,2020-09-21 07:30:00,15.85,15.95,15.65,15.65,11904
228,236,2020-09-21 08:00:00,15.62,15.72,15.62,15.72,1109
229,235,2020-09-21 08:30:00,15.7001,15.85,15.6,15.75,12732
230,234,2020-09-21 09:00:00,15.937999999999999,15.95,15.7,15.95,2763
231,233,2020-09-21 09:30:00,15.8,15.9299,15.75,15.75,4005
232,232,2020-09-21 10:00:00,15.74,16.64,15.65,16.185,505673
233,231,2020-09-21 10:30:00,16.205,16.33,15.96,15.985,153677
234,230,2020-09-21 11:00:00,15.94,16.14,15.36,16.08,423284
235,229,2020-09-21 11:30:00,16.0818,16.57,16.08,16.54,387153
236,228,2020-09-21 12:00:00,16.55,17.0,16.25,16.825,707329
237,227,2020-09-21 12:30:00,16.8325,17.13,16.63,16.76,428500
238,226,2020-09-21 13:00:00,16.76,16.82,16.480999999999998,16.69,148634
239,225,2020-09-21 13:30:00,16.69,16.8745,16.41,16.79,235501
240,224,2020-09-21 14:00:00,16.77,16.8053,16.34,16.4,132393
241,223,2020-09-21 14:30:00,16.3992,16.4589,16.24,16.33,209950
242,222,2020-09-21 15:00:00,16.33,16.365,16.13,16.3,65541
243,221,2020-09-21 15:30:00,16.27,16.49,16.25,16.39,113578
244,220,2020-09-21 16:00:00,16.3959,16.72,16.355,16.67,191617
245,219,2020-09-21 16:30:00,16.68,16.68,16.5,16.5,10800
246,218,2020-09-21 17:00:00,16.55,16.8,16.55,16.8,4078
247,217,2020-09-21 17:30:00,16.79,16.8,16.75,16.75,2110
248,216,2020-09-21 18:00:00,16.87,16.88,16.87,16.88,1165
249,215,2020-09-21 19:00:00,16.88,16.88,16.8,16.85,1100
250,214,2020-09-21 19:30:00,16.8,16.85,16.75,16.85,971
251,213,2020-09-21 20:00:00,16.84,16.88,16.68,16.84,3782
252,212,2020-09-22 08:00:00,16.87,16.87,16.86,16.86,212
253,211,2020-09-22 08:30:00,16.55,16.86,16.5,16.5,4749
254,210,2020-09-22 09:00:00,16.4501,16.5,16.2,16.2,13350
255,209,2020-09-22 09:30:00,16.17,16.57,16.17,16.42,4113
256,208,2020-09-22 10:00:00,16.4,16.47,15.5,15.7111,1173023
257,207,2020-09-22 10:30:00,15.67,15.81,15.36,15.62,592049
258,206,2020-09-22 11:00:00,15.64,15.78,15.01,15.04,541055
259,205,2020-09-22 11:30:00,15.04,15.47,15.04,15.44,451455
260,204,2020-09-22 12:00:00,15.4499,15.75,15.43,15.66,259554
261,203,2020-09-22 12:30:00,15.67,16.0056,15.625,15.83,236218
262,202,2020-09-22 13:00:00,15.83,16.12,15.83,16.105,198447
263,201,2020-09-22 13:30:00,16.105,16.3499,16.105,16.23,185305
264,200,2020-09-22 14:00:00,16.24,16.43,16.2,16.387,164549
265,199,2020-09-22 14:30:00,16.385,16.5,16.31,16.43,149975
266,198,2020-09-22 15:00:00,16.4469,16.75,16.34,16.4999,358595
267,197,2020-09-22 15:30:00,16.4994,16.66,16.4501,16.5632,157894
268,196,2020-09-22 16:00:00,16.56,16.72,16.46,16.62,301047
269,195,2020-09-22 16:30:00,16.6,16.6,16.56,16.56,594
270,194,2020-09-22 17:00:00,16.55,16.55,16.55,16.55,300
271,193,2020-09-22 17:30:00,16.5,16.5,16.4998,16.4998,300
272,192,2020-09-22 18:00:00,16.25,16.45,16.25,16.45,1492
273,191,2020-09-22 19:30:00,16.45,16.45,16.45,16.45,440
274,190,2020-09-22 20:00:00,16.46,16.46,16.46,16.46,270
275,189,2020-09-23 08:30:00,16.75,16.9,16.58,16.9,15463
276,188,2020-09-23 09:00:00,16.9,16.9,16.75,16.75,11154
277,187,2020-09-23 09:30:00,16.92,17.0,16.8501,17.0,15421
278,186,2020-09-23 10:00:00,16.87,17.99,16.87,17.7778,1045590
279,185,2020-09-23 10:30:00,17.78,18.1,17.5,17.52,553189
280,184,2020-09-23 11:00:00,17.52,17.72,17.25,17.56,307824
281,183,2020-09-23 11:30:00,17.5599,17.63,17.415,17.42,137717
282,182,2020-09-23 12:00:00,17.425,17.43,16.89,16.96,273389
283,181,2020-09-23 12:30:00,16.97,17.14,16.95,17.09,130225
284,180,2020-09-23 13:00:00,17.1032,17.27,17.06,17.175,104536
285,179,2020-09-23 13:30:00,17.17,17.17,17.0,17.01,64051
286,178,2020-09-23 14:00:00,17.01,17.0978,17.0,17.01,86723
287,177,2020-09-23 14:30:00,17.011,17.011,16.4,16.45,249319
288,176,2020-09-23 15:00:00,16.44,16.53,16.4,16.51,99360
289,175,2020-09-23 15:30:00,16.52,16.554000000000002,16.2301,16.5,137113
290,174,2020-09-23 16:00:00,16.49,16.505,16.37,16.375,187264
291,173,2020-09-23 17:00:00,16.5,16.5,16.5,16.5,547
292,172,2020-09-23 18:00:00,16.3,16.5,16.3,16.37,1443
293,171,2020-09-23 18:30:00,16.37,16.37,16.37,16.37,300
294,170,2020-09-23 19:00:00,16.3,16.3,16.3,16.3,100
295,169,2020-09-23 20:00:00,16.3,16.3,16.3,16.3,831
296,168,2020-09-24 04:30:00,16.88,16.9,16.88,16.9,4220
297,167,2020-09-24 05:30:00,16.78,17.0,16.78,17.0,4493
298,166,2020-09-24 06:00:00,17.3,17.3,17.3,17.3,100
299,165,2020-09-24 07:00:00,17.2,17.47,17.2,17.47,1794
300,164,2020-09-24 07:30:00,17.19,17.2,17.02,17.02,2214
301,163,2020-09-24 08:00:00,17.14,17.14,16.69,16.69,8889
302,162,2020-09-24 08:30:00,17.1999,17.4012,16.51,16.52,6392
303,161,2020-09-24 09:00:00,16.65,16.82,16.53,16.82,6040
304,160,2020-09-24 09:30:00,16.52,16.52,16.3,16.3,8346
305,159,2020-09-24 10:00:00,16.27,16.5882,15.63,15.93,449457
306,158,2020-09-24 10:30:00,15.945,16.38,15.88,15.9,199078
307,157,2020-09-24 11:00:00,15.89,16.0242,15.61,15.9999,231670
308,156,2020-09-24 11:30:00,15.965,16.06,15.83,16.06,84451
309,155,2020-09-24 12:00:00,16.065,16.33,16.0403,16.21,102116
310,154,2020-09-24 12:30:00,16.22,16.53,16.1956,16.4,137868
311,153,2020-09-24 13:00:00,16.36,16.3914,16.23,16.29,53854
312,152,2020-09-24 13:30:00,16.29,16.3,16.03,16.12,100890
313,151,2020-09-24 14:00:00,16.12,16.24,16.075,16.1,51574
314,150,2020-09-24 14:30:00,16.11,16.21,16.0595,16.13,52136
315,149,2020-09-24 15:00:00,16.12,16.23,15.95,15.9613,70937
316,148,2020-09-24 15:30:00,15.965,16.1,15.82,15.85,155920
317,147,2020-09-24 16:00:00,15.83,15.97,15.78,15.83,231380
318,146,2020-09-24 16:30:00,15.84,16.16,15.84,16.16,5289
319,145,2020-09-24 17:00:00,16.2,16.2,16.2,16.2,300
320,144,2020-09-24 17:30:00,16.18,16.18,16.18,16.18,450
321,143,2020-09-24 18:00:00,16.18,16.18,16.18,16.18,149
322,142,2020-09-24 18:30:00,15.92,15.92,15.92,15.92,200
323,141,2020-09-24 20:00:00,16.1,16.1,16.1,16.1,100
324,140,2020-09-25 07:30:00,16.05,16.05,16.05,16.05,400
325,139,2020-09-25 08:00:00,16.02,16.02,16.02,16.02,150
326,138,2020-09-25 08:30:00,16.0,16.192,15.9999,16.1,2355
327,137,2020-09-25 09:00:00,16.0999,16.1,16.0999,16.1,600
328,136,2020-09-25 09:30:00,16.09,16.09,16.01,16.01,907
329,135,2020-09-25 10:00:00,16.01,16.4446,15.82,16.4073,246882
330,134,2020-09-25 10:30:00,16.41,16.8,16.36,16.68,713834
331,133,2020-09-25 11:00:00,16.72,16.75,16.45,16.543,268526
332,132,2020-09-25 11:30:00,16.56,16.73,16.5178,16.6945,101086
333,131,2020-09-25 12:00:00,16.69,16.75,16.52,16.62,112952
334,130,2020-09-25 12:30:00,16.6,16.6,16.4,16.55,131613
335,129,2020-09-25 13:00:00,16.55,16.6697,16.455,16.652,88343
336,128,2020-09-25 13:30:00,16.65,16.73,16.61,16.73,62701
337,127,2020-09-25 14:00:00,16.72,16.74,16.59,16.72,69908
338,126,2020-09-25 14:30:00,16.72,16.9493,16.69,16.8919,118514
339,125,2020-09-25 15:00:00,16.89,17.11,16.86,17.09,166915
340,124,2020-09-25 15:30:00,17.0898,17.27,17.07,17.24,190939
341,123,2020-09-25 16:00:00,17.23,17.249000000000002,17.065,17.1,208945
342,122,2020-09-25 16:30:00,17.1,17.14,17.0,17.0,5763
343,121,2020-09-25 17:00:00,17.12,17.12,17.12,17.12,100
344,120,2020-09-25 17:30:00,17.1,17.1398,17.09,17.09,1200
345,119,2020-09-25 18:30:00,17.05,17.05,17.05,17.05,235
346,118,2020-09-25 19:00:00,17.15,17.15,17.15,17.15,100
347,117,2020-09-25 20:00:00,17.15,17.15,17.15,17.15,108
348,116,2020-09-28 07:30:00,17.3,17.3,17.3,17.3,313
349,115,2020-09-28 08:00:00,17.45,17.49,17.45,17.45,1457
350,114,2020-09-28 08:30:00,17.4898,17.5,17.45,17.5,4316
351,113,2020-09-28 09:00:00,17.68,17.68,17.52,17.55,2153
352,112,2020-09-28 09:30:00,17.55,17.64,17.45,17.64,10313
353,111,2020-09-28 10:00:00,17.52,17.6,16.81,16.91,342135
354,110,2020-09-28 10:30:00,16.93,17.42,16.8901,17.32,198882
355,109,2020-09-28 11:00:00,17.3326,17.435,17.25,17.29,113775
356,108,2020-09-28 11:30:00,17.284000000000002,17.42,17.25,17.41,169262
357,107,2020-09-28 12:00:00,17.41,17.6,17.24,17.28,355930
358,106,2020-09-28 12:30:00,17.27,17.27,16.95,17.09,131368
359,105,2020-09-28 13:00:00,17.1,17.27,17.06,17.2378,106091
360,104,2020-09-28 13:30:00,17.22,17.31,17.14,17.31,35246
361,103,2020-09-28 14:00:00,17.31,17.5203,17.3,17.44,110269
362,102,2020-09-28 14:30:00,17.45,17.545,17.42,17.46,65743
363,101,2020-09-28 15:00:00,17.4407,17.49,17.38,17.47,67529
364,100,2020-09-28 15:30:00,17.48,17.49,17.41,17.48,67180
365,99,2020-09-28 16:00:00,17.49,17.54,17.41,17.52,169160
366,98,2020-09-28 16:30:00,17.51,17.51,17.51,17.51,10506
367,97,2020-09-28 17:30:00,17.75,17.75,17.75,17.75,5092
368,96,2020-09-28 18:00:00,17.67,17.7999,17.67,17.7999,609
369,95,2020-09-28 18:30:00,17.7,17.7,17.7,17.7,289
370,94,2020-09-28 19:00:00,17.64,17.64,17.64,17.64,160
371,93,2020-09-28 19:30:00,17.64,17.75,17.64,17.7,5240
372,92,2020-09-28 20:00:00,17.7,17.7,17.6,17.62,2250
373,91,2020-09-29 04:30:00,17.21,17.21,17.21,17.21,180
374,90,2020-09-29 05:00:00,17.1,17.1,17.1,17.1,1087
375,89,2020-09-29 09:30:00,17.6,17.6,17.49,17.49,1806
376,88,2020-09-29 10:00:00,17.5,17.88,17.4755,17.74,159409
377,87,2020-09-29 10:30:00,17.74,17.84,17.63,17.6601,145680
378,86,2020-09-29 11:00:00,17.68,17.73,17.46,17.56,154565
379,85,2020-09-29 11:30:00,17.54,17.79,17.46,17.79,141661
380,84,2020-09-29 12:00:00,17.8,17.8,17.7039,17.76,126897
381,83,2020-09-29 12:30:00,17.78,17.81,17.57,17.7385,119113
382,82,2020-09-29 13:00:00,17.74,17.94,17.74,17.855,141567
383,81,2020-09-29 13:30:00,17.855,18.18,17.855,18.1799,224328
384,80,2020-09-29 14:00:00,18.175,18.25,18.125,18.22,122703
385,79,2020-09-29 14:30:00,18.2133,18.24,18.08,18.1989,101011
386,78,2020-09-29 15:00:00,18.2,18.2025,18.11,18.1801,89119
387,77,2020-09-29 15:30:00,18.2,18.205,18.0,18.0501,166401
388,76,2020-09-29 16:00:00,18.05,18.2,18.039,18.15,297272
389,75,2020-09-29 16:30:00,18.15,18.15,18.04,18.04,12167
390,74,2020-09-29 17:30:00,18.14,18.14,18.1365,18.1365,470
391,73,2020-09-29 18:00:00,18.2,18.2,18.2,18.2,120
392,72,2020-09-29 18:30:00,18.05,18.05,18.05,18.05,200
393,71,2020-09-29 19:00:00,18.19,18.19,18.19,18.19,500
394,70,2020-09-29 19:30:00,18.07,18.07,18.07,18.07,500
395,69,2020-09-29 20:00:00,18.2,18.2,18.2,18.2,197
396,68,2020-09-30 04:30:00,18.2,18.2,18.2,18.2,1299
397,67,2020-09-30 07:30:00,18.0,18.0,18.0,18.0,9000
398,66,2020-09-30 08:00:00,18.0,18.0,18.0,18.0,667
399,65,2020-09-30 08:30:00,17.93,18.14,17.93,18.14,4938
400,64,2020-09-30 09:00:00,18.02,18.0201,18.02,18.02,1562
401,63,2020-09-30 09:30:00,18.17,18.17,18.15,18.15,7313
402,62,2020-09-30 10:00:00,17.98,18.17,17.57,17.83,260358
403,61,2020-09-30 10:30:00,17.83,18.23,17.73,18.21,131013
404,60,2020-09-30 11:00:00,18.19,18.26,18.01,18.03,113784
405,59,2020-09-30 11:30:00,18.04,18.13,17.97,18.05,53407
406,58,2020-09-30 12:00:00,18.0599,18.13,17.94,18.0906,95391
407,57,2020-09-30 12:30:00,18.08,18.1,17.92,18.01,100268
408,56,2020-09-30 13:00:00,17.99,17.99,17.73,17.78,78417
409,55,2020-09-30 13:30:00,17.7694,17.7778,17.61,17.705,77636
410,54,2020-09-30 14:00:00,17.715,17.72,17.58,17.65,92478
411,53,2020-09-30 14:30:00,17.64,17.83,17.52,17.625,133091
412,52,2020-09-30 15:00:00,17.6,17.6,17.3562,17.4978,146862
413,51,2020-09-30 15:30:00,17.495,17.612000000000002,17.12,17.25,262266
414,50,2020-09-30 16:00:00,17.24,17.24,17.05,17.165,497963
415,49,2020-09-30 16:30:00,17.16,17.17,17.1,17.17,3993
416,48,2020-09-30 17:00:00,17.16,17.16,17.16,17.16,272
417,47,2020-09-30 17:30:00,17.1,17.17,17.1,17.17,300
418,46,2020-09-30 19:00:00,17.21,17.21,17.21,17.21,114
419,45,2020-09-30 19:30:00,17.57,17.57,17.57,17.57,250
420,44,2020-09-30 20:00:00,17.55,17.55,17.4,17.5,895
421,43,2020-10-01 05:00:00,17.6,17.6,17.6,17.6,100
422,42,2020-10-01 08:00:00,17.27,17.27,17.27,17.27,200
423,41,2020-10-01 08:30:00,17.52,17.55,17.52,17.55,2852
424,40,2020-10-01 09:00:00,17.5299,17.5299,17.41,17.49,1125
425,39,2020-10-01 09:30:00,17.46,17.46,17.4,17.4,2595
426,38,2020-10-01 10:00:00,17.46,17.6,17.09,17.185,274619
427,37,2020-10-01 10:30:00,17.17,17.26,17.01,17.26,184694
428,36,2020-10-01 11:00:00,17.24,17.6,17.2,17.45,132665
429,35,2020-10-01 11:30:00,17.49,17.49,17.15,17.22,114207
430,34,2020-10-01 12:00:00,17.26,17.36,17.18,17.24,48197
431,33,2020-10-01 12:30:00,17.2518,17.45,17.17,17.29,69345
432,32,2020-10-01 13:00:00,17.31,17.4601,17.3,17.46,43108
433,31,2020-10-01 13:30:00,17.47,17.55,17.38,17.405,73779
434,30,2020-10-01 14:00:00,17.405,17.56,17.38,17.49,42608
435,29,2020-10-01 14:30:00,17.4799,17.53,17.23,17.53,60614
436,28,2020-10-01 15:00:00,17.57,17.6,17.47,17.49,60946
437,27,2020-10-01 15:30:00,17.5,17.56,17.49,17.56,51802
438,26,2020-10-01 16:00:00,17.56,17.67,17.54,17.6,145601
439,25,2020-10-01 16:30:00,17.61,17.61,17.6,17.6,40868
440,24,2020-10-01 17:00:00,17.6,17.6,17.6,17.6,166
441,23,2020-10-01 19:00:00,17.61,17.61,17.61,17.61,100
442,22,2020-10-02 07:30:00,17.28,17.28,16.9,17.16,5734
443,21,2020-10-02 08:00:00,17.16,17.28,17.16,17.28,200
444,20,2020-10-02 08:30:00,17.0801,17.16,17.0,17.16,5103
445,19,2020-10-02 09:00:00,17.3,17.3,17.3,17.3,2300
446,18,2020-10-02 09:30:00,17.2,17.2,17.06,17.06,5274
447,17,2020-10-02 10:00:00,16.99,17.56,16.73,17.32,180482
448,16,2020-10-02 10:30:00,17.3554,17.79,17.3554,17.66,100945
449,15,2020-10-02 11:00:00,17.6729,17.75,17.42,17.6387,67004
450,14,2020-10-02 11:30:00,17.61,17.7849,17.5766,17.76,53432
451,13,2020-10-02 12:00:00,17.71,17.73,17.406,17.4287,41566
452,12,2020-10-02 12:30:00,17.41,17.6899,17.31,17.549,49728
453,11,2020-10-02 13:00:00,17.55,17.655,17.48,17.48,32280
454,10,2020-10-02 13:30:00,17.49,17.49,17.2501,17.29,70163
455,9,2020-10-02 14:00:00,17.275,17.35,17.12,17.174,45459
456,8,2020-10-02 14:30:00,17.18,17.34,17.18,17.2173,28393
457,7,2020-10-02 15:00:00,17.23,17.28,17.14,17.2,63317
458,6,2020-10-02 15:30:00,17.23,17.43,17.1501,17.39,115665
459,5,2020-10-02 16:00:00,17.38,17.5097,17.33,17.43,154725
460,4,2020-10-02 16:30:00,17.44,17.55,17.44,17.55,15527
461,3,2020-10-02 17:00:00,17.43,17.45,17.43,17.45,1619
462,2,2020-10-02 18:00:00,17.36,17.36,17.11,17.11,560
463,1,2020-10-02 18:30:00,17.1001,17.36,17.1001,17.36,535
464,0,2020-10-02 20:00:00,17.39,17.39,17.39,17.39,145
