,index,time,open,high,low,close,volume
0,573,2019-08-12 04:30:00,5.36,5.36,5.36,5.36,500
1,572,2019-08-12 06:30:00,5.35,5.35,5.33,5.33,310
2,571,2019-08-12 07:00:00,5.34,5.34,5.32,5.33,6600
3,570,2019-08-12 07:30:00,5.34,5.34,5.32,5.32,39295
4,569,2019-08-12 08:30:00,5.33,5.35,5.33,5.35,64540
5,568,2019-08-12 09:00:00,5.35,5.37,5.34,5.36,49343
6,567,2019-08-12 09:30:00,5.37,5.38,5.36,5.37,5984
7,566,2019-08-12 10:00:00,5.38,5.38,5.34,5.355,2327767
8,565,2019-08-12 10:30:00,5.35,5.38,5.34,5.375,1255118
9,564,2019-08-12 11:00:00,5.375,5.38,5.35,5.36,1321648
10,563,2019-08-12 11:30:00,5.365,5.365,5.34,5.35,886771
11,562,2019-08-12 12:00:00,5.35,5.37,5.34,5.365,1239017
12,561,2019-08-12 12:30:00,5.3619,5.3663,5.35,5.36,611088
13,560,2019-08-12 13:00:00,5.3577,5.36,5.33,5.3499,783471
14,559,2019-08-12 13:30:00,5.35,5.35,5.33,5.34,623227
15,558,2019-08-12 14:00:00,5.335,5.34,5.32,5.325,563364
16,557,2019-08-12 14:30:00,5.32,5.33,5.31,5.31,428857
17,556,2019-08-12 15:00:00,5.315,5.32,5.3,5.3,523458
18,555,2019-08-12 15:30:00,5.3,5.31,5.3,5.305,204444
19,554,2019-08-12 16:00:00,5.305,5.31,5.29,5.31,1171779
20,553,2019-08-12 16:30:00,5.31,5.32,5.31,5.32,2311
21,552,2019-08-12 20:30:00,5.29,5.29,5.29,5.29,385
22,551,2019-08-13 04:30:00,5.28,5.28,5.28,5.28,500
23,550,2019-08-13 05:00:00,5.27,5.27,5.27,5.27,391
24,549,2019-08-13 06:00:00,5.23,5.24,5.23,5.23,35000
25,548,2019-08-13 06:30:00,5.23,5.24,5.23,5.24,1420
26,547,2019-08-13 07:30:00,5.28,5.28,5.25,5.25,46545
27,546,2019-08-13 08:00:00,5.25,5.25,5.25,5.25,5000
28,545,2019-08-13 08:30:00,5.27,5.28,5.24,5.26,21446
29,544,2019-08-13 09:00:00,5.25,5.2599,5.24,5.25,2704
30,543,2019-08-13 09:30:00,5.25,5.27,5.25,5.26,48522
31,542,2019-08-13 10:00:00,5.26,5.36,5.25,5.35,4185128
32,541,2019-08-13 10:30:00,5.35,5.385,5.34,5.36,2742059
33,540,2019-08-13 11:00:00,5.3663,5.38,5.35,5.365,1603308
34,539,2019-08-13 11:30:00,5.365,5.38,5.35,5.36,1328618
35,538,2019-08-13 12:00:00,5.36,5.37,5.34,5.341,701987
36,537,2019-08-13 12:30:00,5.34,5.38,5.34,5.355,986283
37,536,2019-08-13 13:00:00,5.3549,5.37,5.335,5.35,1604872
38,535,2019-08-13 13:30:00,5.345,5.35,5.32,5.33,658475
39,534,2019-08-13 14:00:00,5.33,5.34,5.33,5.335,341928
40,533,2019-08-13 14:30:00,5.33,5.36,5.33,5.355,1054796
41,532,2019-08-13 15:00:00,5.355,5.36,5.34,5.345,722680
42,531,2019-08-13 15:30:00,5.345,5.35,5.33,5.35,967740
43,530,2019-08-13 16:00:00,5.35,5.35,5.32,5.33,2932746
44,529,2019-08-13 16:30:00,5.33,5.34,5.33,5.33,48634
45,528,2019-08-13 17:00:00,5.34,5.35,5.34,5.35,2733
46,527,2019-08-13 17:30:00,5.35,5.35,5.35,5.35,216
47,526,2019-08-13 18:30:00,5.37,5.37,5.37,5.37,200
48,525,2019-08-13 19:00:00,5.39,5.39,5.39,5.39,100
49,524,2019-08-13 20:00:00,5.33,5.33,5.33,5.33,618
50,523,2019-08-14 06:30:00,5.27,5.27,5.265,5.265,2710
51,522,2019-08-14 07:00:00,5.26,5.26,5.24,5.24,4500
52,521,2019-08-14 07:30:00,5.26,5.26,5.24,5.24,39149
53,520,2019-08-14 08:00:00,5.24,5.24,5.23,5.23,16800
54,519,2019-08-14 08:30:00,5.23,5.25,5.22,5.23,52624
55,518,2019-08-14 09:00:00,5.23,5.24,5.22,5.24,17023
56,517,2019-08-14 09:30:00,5.24,5.24,5.2,5.21,61995
57,516,2019-08-14 10:00:00,5.22,5.22,5.2,5.21,2613406
58,515,2019-08-14 10:30:00,5.21,5.22,5.17,5.19,2540478
59,514,2019-08-14 11:00:00,5.185,5.19,5.14,5.145,3242816
60,513,2019-08-14 11:30:00,5.145,5.16,5.13,5.1576,3402512
61,512,2019-08-14 12:00:00,5.16,5.185,5.15,5.15,2349415
62,511,2019-08-14 12:30:00,5.15,5.155,5.12,5.125,1534085
63,510,2019-08-14 13:00:00,5.125,5.14,5.11,5.115,1190815
64,509,2019-08-14 13:30:00,5.115,5.15,5.11,5.14,1159369
65,508,2019-08-14 14:00:00,5.145,5.15,5.13,5.14,1234478
66,507,2019-08-14 14:30:00,5.14,5.15,5.12,5.14,1380290
67,506,2019-08-14 15:00:00,5.145,5.15,5.12,5.14,870238
68,505,2019-08-14 15:30:00,5.13,5.15,5.12,5.14,1640261
69,504,2019-08-14 16:00:00,5.135,5.14,5.12,5.125,2067421
70,503,2019-08-14 16:30:00,5.12,5.12,5.12,5.12,145629
71,502,2019-08-14 17:00:00,5.12,5.12,5.12,5.12,24999
72,501,2019-08-14 17:30:00,5.15,5.16,5.14,5.14,1247
73,500,2019-08-14 18:00:00,5.14,5.14,5.12,5.12,5215
74,499,2019-08-14 18:30:00,5.14,5.15,5.12,5.15,3672
75,498,2019-08-14 19:00:00,5.15,5.15,5.15,5.15,103
76,497,2019-08-14 19:30:00,5.14,5.16,5.14,5.16,1203
77,496,2019-08-14 20:00:00,5.16,5.16,5.16,5.16,500
78,495,2019-08-15 04:30:00,5.12,5.12,5.11,5.11,41465
79,494,2019-08-15 05:00:00,5.12,5.12,5.12,5.12,1500
80,493,2019-08-15 05:30:00,5.1,5.1,5.05,5.05,119065
81,492,2019-08-15 06:00:00,5.05,5.05,5.02,5.03,8614
82,491,2019-08-15 06:30:00,5.03,5.03,5.03,5.03,600
83,490,2019-08-15 07:00:00,5.02,5.02,4.98,4.99,8804
84,489,2019-08-15 07:30:00,5.02,5.05,5.02,5.05,28657
85,488,2019-08-15 08:00:00,5.08,5.09,5.08,5.09,15183
86,487,2019-08-15 08:30:00,5.06,5.13,5.0199,5.07,29768
87,486,2019-08-15 09:00:00,5.09,5.11,5.08,5.11,8142
88,485,2019-08-15 09:30:00,5.11,5.11,5.06,5.07,31983
89,484,2019-08-15 10:00:00,5.07,5.1,5.05,5.093,4410689
90,483,2019-08-15 10:30:00,5.09,5.1,5.04,5.045,3170738
91,482,2019-08-15 11:00:00,5.045,5.08,5.04,5.07,1855604
92,481,2019-08-15 11:30:00,5.07,5.08,5.06,5.08,1191093
93,480,2019-08-15 12:00:00,5.08,5.09,5.075,5.0855,596691
94,479,2019-08-15 12:30:00,5.085,5.1,5.08,5.085,791471
95,478,2019-08-15 13:00:00,5.09,5.09,5.07,5.075,429693
96,477,2019-08-15 13:30:00,5.075,5.09,5.07,5.07,466158
97,476,2019-08-15 14:00:00,5.07,5.0799,5.035,5.045,1286551
98,475,2019-08-15 14:30:00,5.045,5.07,5.03,5.065,1034052
99,474,2019-08-15 15:00:00,5.065,5.07,5.045,5.07,739293
100,473,2019-08-15 15:30:00,5.065,5.08,5.06,5.0607,1059743
101,472,2019-08-15 16:00:00,5.07,5.09,5.05,5.07,1553234
102,471,2019-08-15 16:30:00,5.06,5.1,5.06,5.1,38646
103,470,2019-08-15 17:30:00,5.1,5.1,5.1,5.1,622
104,469,2019-08-15 18:00:00,5.1,5.1,5.08,5.09,2565
105,468,2019-08-15 18:30:00,5.0899,5.0899,5.0899,5.0899,500
106,467,2019-08-15 19:00:00,5.09,5.09,5.09,5.09,1000
107,466,2019-08-15 20:00:00,5.09,5.09,5.09,5.09,200
108,465,2019-08-16 04:30:00,5.14,5.14,5.14,5.14,11000
109,464,2019-08-16 05:30:00,5.14,5.15,5.14,5.15,7500
110,463,2019-08-16 06:30:00,5.17,5.17,5.17,5.17,210
111,462,2019-08-16 07:00:00,5.17,5.17,5.17,5.17,506
112,461,2019-08-16 07:30:00,5.16,5.16,5.16,5.16,100
113,460,2019-08-16 08:00:00,5.15,5.15,5.15,5.15,1000
114,459,2019-08-16 08:30:00,5.17,5.17,5.13,5.14,34004
115,458,2019-08-16 09:00:00,5.13,5.14,5.13,5.14,11375
116,457,2019-08-16 09:30:00,5.1301,5.14,5.12,5.13,105154
117,456,2019-08-16 10:00:00,5.13,5.14,5.11,5.1235,1734984
118,455,2019-08-16 10:30:00,5.13,5.16,5.1,5.1374,3228456
119,454,2019-08-16 11:00:00,5.13,5.17,5.13,5.1658,1022126
120,453,2019-08-16 11:30:00,5.17,5.17,5.14,5.14,1171395
121,452,2019-08-16 12:00:00,5.14,5.165,5.13,5.155,1413575
122,451,2019-08-16 12:30:00,5.15,5.16,5.15,5.16,279739
123,450,2019-08-16 13:00:00,5.16,5.16,5.15,5.155,152670
124,449,2019-08-16 13:30:00,5.1564,5.17,5.15,5.17,496924
125,448,2019-08-16 14:00:00,5.17,5.17,5.16,5.17,221977
126,447,2019-08-16 14:30:00,5.1668,5.17,5.16,5.16,225707
127,446,2019-08-16 15:00:00,5.17,5.17,5.16,5.17,308347
128,445,2019-08-16 15:30:00,5.165,5.17,5.16,5.165,448786
129,444,2019-08-16 16:00:00,5.16,5.17,5.16,5.16,526050
130,443,2019-08-16 16:30:00,5.17,5.17,5.17,5.17,45282
131,442,2019-08-16 17:00:00,5.17,5.17,5.1501,5.1501,1200
132,441,2019-08-16 17:30:00,5.1697,5.17,5.15,5.15,2568
133,440,2019-08-16 18:00:00,5.14,5.15,5.13,5.13,33746
134,439,2019-08-16 19:00:00,5.17,5.17,5.17,5.17,1000
135,438,2019-08-19 04:30:00,5.21,5.22,5.21,5.21,13661
136,437,2019-08-19 05:00:00,5.21,5.21,5.2,5.2,12000
137,436,2019-08-19 07:00:00,5.23,5.24,5.23,5.24,3280
138,435,2019-08-19 07:30:00,5.23,5.23,5.23,5.23,10100
139,434,2019-08-19 08:00:00,5.24,5.24,5.24,5.24,989
140,433,2019-08-19 08:30:00,5.24,5.24,5.2199,5.23,50305
141,432,2019-08-19 09:00:00,5.23,5.24,5.23,5.24,5720
142,431,2019-08-19 09:30:00,5.23,5.24,5.2299,5.24,84760
143,430,2019-08-19 10:00:00,5.25,5.25,5.22,5.2268,2518864
144,429,2019-08-19 10:30:00,5.23,5.24,5.21,5.235,1408128
145,428,2019-08-19 11:00:00,5.235,5.24,5.225,5.2337,1056440
146,427,2019-08-19 11:30:00,5.24,5.25,5.23,5.24,806387
147,426,2019-08-19 12:00:00,5.24,5.25,5.24,5.245,248389
148,425,2019-08-19 12:30:00,5.245,5.25,5.23,5.232,269140
149,424,2019-08-19 13:00:00,5.23,5.24,5.23,5.2339,104301
150,423,2019-08-19 13:30:00,5.235,5.24,5.23,5.23,144657
151,422,2019-08-19 14:00:00,5.24,5.24,5.23,5.235,138867
152,421,2019-08-19 14:30:00,5.235,5.24,5.23,5.235,170601
153,420,2019-08-19 15:00:00,5.23,5.24,5.23,5.23,137313
154,419,2019-08-19 15:30:00,5.235,5.24,5.22,5.22,332241
155,418,2019-08-19 16:00:00,5.23,5.24,5.22,5.23,1276706
156,417,2019-08-19 16:30:00,5.23,5.24,5.22,5.24,31215
157,416,2019-08-19 17:00:00,5.25,5.25,5.23,5.24,4181
158,415,2019-08-19 17:30:00,5.24,5.24,5.24,5.24,106
159,414,2019-08-20 04:30:00,5.24,5.24,5.24,5.24,133
160,413,2019-08-20 05:00:00,5.22,5.22,5.21,5.21,36200
161,412,2019-08-20 06:00:00,5.22,5.22,5.22,5.22,5000
162,411,2019-08-20 06:30:00,5.23,5.23,5.22,5.22,570
163,410,2019-08-20 07:00:00,5.21,5.21,5.21,5.21,5000
164,409,2019-08-20 07:30:00,5.21,5.21,5.2,5.2,807
165,408,2019-08-20 08:00:00,5.2,5.2,5.2,5.2,15350
166,407,2019-08-20 08:30:00,5.2,5.21,5.2,5.21,2344
167,406,2019-08-20 09:00:00,5.2,5.21,5.18,5.18,30356
168,405,2019-08-20 09:30:00,5.19,5.19,5.17,5.17,15771
169,404,2019-08-20 10:00:00,5.17,5.19,5.14,5.159,2881261
170,403,2019-08-20 10:30:00,5.15,5.17,5.145,5.165,1032391
171,402,2019-08-20 11:00:00,5.165,5.18,5.15,5.1737,1466433
172,401,2019-08-20 11:30:00,5.1757,5.19,5.16,5.17,955287
173,400,2019-08-20 12:00:00,5.1699,5.17,5.16,5.17,744578
174,399,2019-08-20 12:30:00,5.165,5.17,5.16,5.17,339890
175,398,2019-08-20 13:00:00,5.17,5.17,5.16,5.17,214927
176,397,2019-08-20 13:30:00,5.17,5.18,5.16,5.18,534791
177,396,2019-08-20 14:00:00,5.175,5.18,5.17,5.18,132604
178,395,2019-08-20 14:30:00,5.1743,5.18,5.16,5.17,471330
179,394,2019-08-20 15:00:00,5.165,5.17,5.16,5.1637,145511
180,393,2019-08-20 15:30:00,5.165,5.17,5.16,5.1635,165911
181,392,2019-08-20 16:00:00,5.165,5.17,5.14,5.155,1214517
182,391,2019-08-20 16:30:00,5.14,5.16,5.14,5.15,77682
183,390,2019-08-20 17:00:00,5.14,5.16,5.14,5.16,821
184,389,2019-08-20 17:30:00,5.15,5.15,5.15,5.15,6139
185,388,2019-08-20 18:00:00,5.14,5.14,5.13,5.14,1023
186,387,2019-08-20 19:00:00,5.15,5.15,5.15,5.15,225
187,386,2019-08-20 19:30:00,5.15,5.15,5.15,5.15,120
188,385,2019-08-20 20:00:00,5.15,5.15,5.15,5.15,550
189,384,2019-08-21 05:00:00,5.22,5.23,5.22,5.23,1630
190,383,2019-08-21 06:00:00,5.23,5.23,5.23,5.23,120
191,382,2019-08-21 07:00:00,5.2,5.21,5.2,5.2,800
192,381,2019-08-21 07:30:00,5.2,5.205,5.195,5.195,129090
193,380,2019-08-21 08:00:00,5.19,5.19,5.19,5.19,10000
194,379,2019-08-21 08:30:00,5.19,5.2,5.19,5.19,10715
195,378,2019-08-21 09:00:00,5.19,5.19,5.185,5.19,24090
196,377,2019-08-21 09:30:00,5.19,5.19,5.18,5.19,15342
197,376,2019-08-21 10:00:00,5.2,5.21,5.18,5.1801,1634661
198,375,2019-08-21 10:30:00,5.18,5.19,5.1712,5.1823,652301
199,374,2019-08-21 11:00:00,5.185,5.19,5.165,5.175,866085
200,373,2019-08-21 11:30:00,5.17,5.18,5.16,5.175,722696
201,372,2019-08-21 12:00:00,5.18,5.19,5.17,5.19,370877
202,371,2019-08-21 12:30:00,5.19,5.19,5.18,5.1844,127230
203,370,2019-08-21 13:00:00,5.185,5.19,5.18,5.1848,262531
204,369,2019-08-21 13:30:00,5.185,5.19,5.18,5.19,181273
205,368,2019-08-21 14:00:00,5.185,5.19,5.18,5.19,208914
206,367,2019-08-21 14:30:00,5.19,5.19,5.17,5.19,461033
207,366,2019-08-21 15:00:00,5.19,5.19,5.165,5.17,734693
208,365,2019-08-21 15:30:00,5.17,5.19,5.165,5.18,613896
209,364,2019-08-21 16:00:00,5.175,5.18,5.16,5.17,958976
210,363,2019-08-21 16:30:00,5.19,5.19,5.17,5.17,32335
211,362,2019-08-21 17:00:00,5.19,5.19,5.17,5.17,5210
212,361,2019-08-21 17:30:00,5.19,5.19,5.17,5.17,400
213,360,2019-08-21 18:00:00,5.17,5.19,5.17,5.17,550
214,359,2019-08-22 04:30:00,5.15,5.15,5.15,5.15,1600
215,358,2019-08-22 05:00:00,5.13,5.13,5.13,5.13,100
216,357,2019-08-22 06:00:00,5.12,5.12,5.11,5.11,28731
217,356,2019-08-22 06:30:00,5.11,5.11,5.11,5.11,450
218,355,2019-08-22 07:00:00,5.125,5.125,5.12,5.12,510
219,354,2019-08-22 07:30:00,5.12,5.12,5.12,5.12,14530
220,353,2019-08-22 08:00:00,5.14,5.14,5.14,5.14,5110
221,352,2019-08-22 08:30:00,5.1399,5.14,5.12,5.14,14274
222,351,2019-08-22 09:00:00,5.14,5.15,5.13,5.15,3044
223,350,2019-08-22 09:30:00,5.15,5.15,5.14,5.14,53814
224,349,2019-08-22 10:00:00,5.15,5.18,5.14,5.16,2452483
225,348,2019-08-22 10:30:00,5.16,5.17,5.12,5.125,1496950
226,347,2019-08-22 11:00:00,5.12,5.125,5.09,5.095,2730034
227,346,2019-08-22 11:30:00,5.1,5.1,5.08,5.08,5421941
228,345,2019-08-22 12:00:00,5.085,5.09,5.08,5.08,1954491
229,344,2019-08-22 12:30:00,5.085,5.09,5.06,5.065,1346368
230,343,2019-08-22 13:00:00,5.065,5.08,5.06,5.075,980267
231,342,2019-08-22 13:30:00,5.07,5.09,5.07,5.08,1315777
232,341,2019-08-22 14:00:00,5.07,5.08,5.06,5.065,1074996
233,340,2019-08-22 14:30:00,5.065,5.07,5.06,5.07,817277
234,339,2019-08-22 15:00:00,5.07,5.07,5.05,5.07,1927425
235,338,2019-08-22 15:30:00,5.07,5.07,5.05,5.06,1538629
236,337,2019-08-22 16:00:00,5.06,5.07,5.05,5.065,2681611
237,336,2019-08-22 16:30:00,5.07,5.08,5.07,5.08,52334
238,335,2019-08-22 17:00:00,5.06,5.06,5.06,5.06,9365
239,334,2019-08-22 17:30:00,5.07,5.08,5.06,5.06,3311
240,333,2019-08-22 18:00:00,5.07,5.07,5.06,5.07,2633
241,332,2019-08-22 18:30:00,5.05,5.08,5.05,5.07,3460
242,331,2019-08-22 19:00:00,5.07,5.07,5.07,5.07,100
243,330,2019-08-22 19:30:00,5.07,5.07,5.0699,5.0699,600
244,329,2019-08-22 20:00:00,5.0699,5.0699,5.05,5.05,26300
245,328,2019-08-23 05:00:00,5.12,5.12,5.12,5.12,800
246,327,2019-08-23 06:00:00,5.1,5.11,5.1,5.1,310
247,326,2019-08-23 06:30:00,5.11,5.115,5.11,5.115,520
248,325,2019-08-23 07:00:00,5.1,5.105,5.09,5.09,300
249,324,2019-08-23 07:30:00,5.1,5.1,5.09,5.09,188784
250,323,2019-08-23 08:00:00,5.08,5.08,5.08,5.08,20776
251,322,2019-08-23 08:30:00,5.08,5.1036,5.03,5.0401,6777257
252,321,2019-08-23 09:00:00,5.04,5.08,5.04,5.05,620639
253,320,2019-08-23 09:30:00,5.05,5.05,5.03,5.0499,72087
254,319,2019-08-23 10:00:00,5.05,5.07,5.03,5.0605,1965269
255,318,2019-08-23 10:30:00,5.06,5.07,5.04,5.0561,1270318
256,317,2019-08-23 11:00:00,5.06,5.1,5.05,5.08,1929501
257,316,2019-08-23 11:30:00,5.0867,5.0867,5.02,5.041,3295671
258,315,2019-08-23 12:00:00,5.045,5.05,5.01,5.015,780512
259,314,2019-08-23 12:30:00,5.01,5.04,5.01,5.0332,872013
260,313,2019-08-23 13:00:00,5.035,5.04,5.03,5.04,193955
261,312,2019-08-23 13:30:00,5.0358,5.04,5.015,5.015,1472324
262,311,2019-08-23 14:00:00,5.01,5.04,5.01,5.04,942947
263,310,2019-08-23 14:30:00,5.035,5.04,5.02,5.03,330676
264,309,2019-08-23 15:00:00,5.03,5.04,5.01,5.02,945409
265,308,2019-08-23 15:30:00,5.0201,5.03,5.01,5.015,653629
266,307,2019-08-23 16:00:00,5.01,5.02,5.0,5.015,2142697
267,306,2019-08-23 16:30:00,5.01,5.03,5.01,5.03,24719
268,305,2019-08-23 17:00:00,5.02,5.02,5.02,5.02,1238
269,304,2019-08-23 17:30:00,5.01,5.01,5.01,5.01,1239
270,303,2019-08-23 18:00:00,5.02,5.02,5.01,5.01,21147
271,302,2019-08-26 05:00:00,5.03,5.03,5.03,5.03,6235
272,301,2019-08-26 06:00:00,5.02,5.02,5.01,5.01,6330
273,300,2019-08-26 06:30:00,5.04,5.04,5.04,5.04,160
274,299,2019-08-26 07:00:00,5.02,5.025,5.02,5.02,1700
275,298,2019-08-26 07:30:00,5.02,5.02,5.02,5.02,25613
276,297,2019-08-26 08:00:00,5.03,5.03,5.03,5.03,48733
277,296,2019-08-26 08:30:00,5.0101,5.0299,5.01,5.02,254715
278,295,2019-08-26 09:00:00,5.02,5.02,5.01,5.02,8212
279,294,2019-08-26 09:30:00,5.03,5.03,5.01,5.02,61900
280,293,2019-08-26 10:00:00,5.02,5.03,5.01,5.015,1145898
281,292,2019-08-26 10:30:00,5.01,5.02,4.99,4.992,1202876
282,291,2019-08-26 11:00:00,5.0,5.0,4.98,4.9932,1010874
283,290,2019-08-26 11:30:00,4.99,5.02,4.99,5.005,968423
284,289,2019-08-26 12:00:00,5.0,5.02,5.0,5.01,563514
285,288,2019-08-26 12:30:00,5.01,5.03,5.01,5.025,860441
286,287,2019-08-26 13:00:00,5.03,5.03,5.02,5.0235,188156
287,286,2019-08-26 13:30:00,5.03,5.03,5.01,5.015,442347
288,285,2019-08-26 14:00:00,5.0143,5.02,5.01,5.02,326587
289,284,2019-08-26 14:30:00,5.015,5.02,5.0,5.005,725086
290,283,2019-08-26 15:00:00,5.0,5.01,5.0,5.005,352981
291,282,2019-08-26 15:30:00,5.005,5.02,5.0,5.0,597135
292,281,2019-08-26 16:00:00,5.005,5.02,5.0,5.01,1407567
293,280,2019-08-26 16:30:00,5.0,5.03,4.98,5.01,27015
294,279,2019-08-26 17:00:00,5.01,5.01,5.01,5.01,2808
295,278,2019-08-26 17:30:00,5.0,5.01,5.0,5.01,955
296,277,2019-08-26 20:00:00,5.0,5.0,5.0,5.0,1100
297,276,2019-08-27 04:30:00,4.98,4.98,4.96,4.96,24300
298,275,2019-08-27 05:30:00,4.99,4.99,4.99,4.99,400
299,274,2019-08-27 06:00:00,4.99,4.99,4.99,4.99,6000
300,273,2019-08-27 06:30:00,5.0,5.0,5.0,5.0,180
301,272,2019-08-27 07:00:00,5.0,5.0,5.0,5.0,400
302,271,2019-08-27 07:30:00,5.0,5.0,5.0,5.0,1000
303,270,2019-08-27 08:00:00,5.0,5.0,5.0,5.0,2000
304,269,2019-08-27 08:30:00,4.9999,5.0,4.99,5.0,7683
305,268,2019-08-27 09:00:00,5.0,5.01,4.99,5.0,3187
306,267,2019-08-27 09:30:00,5.0,5.01,5.0,5.0,7348
307,266,2019-08-27 10:00:00,5.01,5.02,4.98,4.99,1804120
308,265,2019-08-27 10:30:00,4.99,5.0,4.96,4.965,2017172
309,264,2019-08-27 11:00:00,4.96,4.98,4.96,4.965,846439
310,263,2019-08-27 11:30:00,4.9635,4.97,4.94,4.965,2806668
311,262,2019-08-27 12:00:00,4.965,4.97,4.95,4.955,836261
312,261,2019-08-27 12:30:00,4.955,4.96,4.93,4.94,1803076
313,260,2019-08-27 13:00:00,4.94,4.95,4.91,4.91,1630311
314,259,2019-08-27 13:30:00,4.9169,4.93,4.91,4.92,1495996
315,258,2019-08-27 14:00:00,4.915,4.93,4.91,4.925,1034088
316,257,2019-08-27 14:30:00,4.925,4.94,4.92,4.9368,1121315
317,256,2019-08-27 15:00:00,4.935,4.94,4.93,4.935,426472
318,255,2019-08-27 15:30:00,4.935,4.95,4.92,4.925,1512923
319,254,2019-08-27 16:00:00,4.92,4.95,4.92,4.94,2013569
320,253,2019-08-27 16:30:00,4.94,4.96,4.94,4.96,28272
321,252,2019-08-27 17:00:00,4.9501,4.97,4.9501,4.97,275
322,251,2019-08-27 17:30:00,4.97,4.97,4.97,4.97,107
323,250,2019-08-27 18:00:00,4.95,4.95,4.94,4.94,1302
324,249,2019-08-27 19:00:00,4.95,4.95,4.95,4.95,1100
325,248,2019-08-27 20:00:00,4.96,4.96,4.96,4.96,614
326,247,2019-08-28 05:00:00,4.93,4.93,4.91,4.91,24302
327,246,2019-08-28 05:30:00,4.9,4.9,4.89,4.89,11336
328,245,2019-08-28 06:00:00,4.88,4.88,4.88,4.88,992
329,244,2019-08-28 06:30:00,4.88,4.88,4.88,4.88,150
330,243,2019-08-28 07:00:00,4.88,4.89,4.88,4.885,520
331,242,2019-08-28 07:30:00,4.89,4.89,4.87,4.88,237130
332,241,2019-08-28 08:00:00,4.87,4.87,4.87,4.87,23750
333,240,2019-08-28 08:30:00,4.89,4.89,4.85,4.85,90230
334,239,2019-08-28 09:00:00,4.86,4.87,4.85,4.87,11811
335,238,2019-08-28 09:30:00,4.87,4.88,4.86,4.88,209888
336,237,2019-08-28 10:00:00,4.87,4.91,4.86,4.9,3255475
337,236,2019-08-28 10:30:00,4.905,4.9164,4.88,4.885,1650749
338,235,2019-08-28 11:00:00,4.88,4.9,4.88,4.8847,1636194
339,234,2019-08-28 11:30:00,4.8865,4.91,4.88,4.9,1139682
340,233,2019-08-28 12:00:00,4.9,4.92,4.9,4.905,1624739
341,232,2019-08-28 12:30:00,4.91,4.92,4.9,4.91,707313
342,231,2019-08-28 13:00:00,4.915,4.93,4.91,4.93,442076
343,230,2019-08-28 13:30:00,4.93,4.93,4.91,4.92,618679
344,229,2019-08-28 14:00:00,4.92,4.93,4.91,4.91,866923
345,228,2019-08-28 14:30:00,4.915,4.92,4.91,4.92,388792
346,227,2019-08-28 15:00:00,4.915,4.93,4.91,4.93,835231
347,226,2019-08-28 15:30:00,4.93,4.93,4.91,4.92,860329
348,225,2019-08-28 16:00:00,4.915,4.92,4.9,4.9,1569050
349,224,2019-08-28 16:30:00,4.89,4.93,4.89,4.93,12601
350,223,2019-08-28 17:00:00,4.93,4.93,4.93,4.93,600
351,222,2019-08-28 17:30:00,4.91,4.91,4.91,4.91,4000
352,221,2019-08-28 18:00:00,4.93,4.93,4.93,4.93,1000
353,220,2019-08-28 19:30:00,4.9,4.9,4.9,4.9,1000
354,219,2019-08-28 20:00:00,4.9199,4.9199,4.9199,4.9199,250
355,218,2019-08-29 04:30:00,4.9,4.91,4.9,4.9,9208
356,217,2019-08-29 05:00:00,4.9,4.9,4.88,4.88,1100
357,216,2019-08-29 06:00:00,4.87,4.87,4.87,4.87,225
358,215,2019-08-29 06:30:00,4.9,4.9,4.89,4.89,330
359,214,2019-08-29 07:00:00,4.895,4.9,4.895,4.895,987
360,213,2019-08-29 07:30:00,4.91,4.91,4.9,4.9,5350
361,212,2019-08-29 08:00:00,4.91,4.91,4.91,4.91,5200
362,211,2019-08-29 08:30:00,4.9,4.92,4.9,4.92,129850
363,210,2019-08-29 09:00:00,4.92,4.92,4.9,4.9,23676
364,209,2019-08-29 09:30:00,4.91,4.9195,4.9,4.91,23376
365,208,2019-08-29 10:00:00,4.9,4.94,4.9,4.925,3179428
366,207,2019-08-29 10:30:00,4.925,4.95,4.92,4.95,1357507
367,206,2019-08-29 11:00:00,4.95,4.95,4.92,4.9344,1573084
368,205,2019-08-29 11:30:00,4.93,4.94,4.92,4.92,1131161
369,204,2019-08-29 12:00:00,4.92,4.93,4.92,4.9283,418197
370,203,2019-08-29 12:30:00,4.9275,4.93,4.92,4.925,636287
371,202,2019-08-29 13:00:00,4.925,4.93,4.92,4.92,297050
372,201,2019-08-29 13:30:00,4.92,4.93,4.92,4.92,134316
373,200,2019-08-29 14:00:00,4.9299,4.93,4.92,4.925,173129
374,199,2019-08-29 14:30:00,4.925,4.93,4.92,4.925,290476
375,198,2019-08-29 15:00:00,4.92,4.93,4.92,4.92,352819
376,197,2019-08-29 15:30:00,4.925,4.93,4.92,4.92,317521
377,196,2019-08-29 16:00:00,4.92,4.93,4.92,4.925,1033537
378,195,2019-08-29 16:30:00,4.92,4.95,4.91,4.93,14887
379,194,2019-08-29 17:00:00,4.93,4.93,4.92,4.93,1809
380,193,2019-08-29 17:30:00,4.9499,4.95,4.9499,4.95,400
381,192,2019-08-29 19:00:00,4.92,4.92,4.92,4.92,100
382,191,2019-08-29 20:00:00,4.9499,4.9499,4.9499,4.9499,500
383,190,2019-08-30 04:30:00,4.96,4.96,4.96,4.96,1600
384,189,2019-08-30 05:00:00,4.97,4.98,4.97,4.98,15400
385,188,2019-08-30 05:30:00,4.98,4.98,4.98,4.98,32000
386,187,2019-08-30 06:00:00,4.98,4.98,4.98,4.98,100
387,186,2019-08-30 06:30:00,4.98,4.98,4.97,4.97,230
388,185,2019-08-30 07:00:00,4.98,4.98,4.97,4.97,350
389,184,2019-08-30 07:30:00,4.98,4.98,4.98,4.98,5163
390,183,2019-08-30 08:00:00,4.96,4.97,4.96,4.97,5800
391,182,2019-08-30 08:30:00,4.98,4.98,4.96,4.97,219699
392,181,2019-08-30 09:00:00,4.97,4.98,4.96,4.97,20960
393,180,2019-08-30 09:30:00,4.96,4.9795,4.96,4.9795,25347
394,179,2019-08-30 10:00:00,4.97,4.98,4.95,4.97,1697144
395,178,2019-08-30 10:30:00,4.97,4.98,4.96,4.97,927736
396,177,2019-08-30 11:00:00,4.97,4.98,4.9505,4.9536,1201259
397,176,2019-08-30 11:30:00,4.955,4.96,4.94,4.95,728949
398,175,2019-08-30 12:00:00,4.945,4.9769,4.94,4.965,1576015
399,174,2019-08-30 12:30:00,4.965,4.97,4.95,4.95,487390
400,173,2019-08-30 13:00:00,4.955,4.97,4.95,4.9691,392686
401,172,2019-08-30 13:30:00,4.965,4.97,4.96,4.97,197860
402,171,2019-08-30 14:00:00,4.97,4.97,4.95,4.955,504685
403,170,2019-08-30 14:30:00,4.9529,4.96,4.95,4.96,263480
404,169,2019-08-30 15:00:00,4.9597,4.96,4.95,4.955,260176
405,168,2019-08-30 15:30:00,4.955,4.96,4.95,4.96,276234
406,167,2019-08-30 16:00:00,4.955,4.96,4.95,4.95,997138
407,166,2019-08-30 16:30:00,4.96,5.01,4.96,4.96,68054
408,165,2019-08-30 17:00:00,4.98,5.04,4.96,5.0,1053
409,164,2019-08-30 17:30:00,4.96,4.96,4.96,4.96,200
410,163,2019-08-30 18:00:00,5.0,5.0,5.0,5.0,100
411,162,2019-08-30 20:00:00,5.0,5.0,5.0,5.0,2500
412,161,2019-09-03 06:00:00,4.91,4.91,4.89,4.89,700
413,160,2019-09-03 06:30:00,4.9,4.9,4.9,4.9,5101
414,159,2019-09-03 07:00:00,4.895,4.895,4.89,4.89,4978
415,158,2019-09-03 07:30:00,4.89,4.89,4.88,4.88,5975
416,157,2019-09-03 08:00:00,4.88,4.88,4.88,4.88,10200
417,156,2019-09-03 08:30:00,4.89,4.89,4.86,4.8699,27519
418,155,2019-09-03 09:00:00,4.87,4.89,4.87,4.8799,52218
419,154,2019-09-03 09:30:00,4.88,4.89,4.87,4.88,196273
420,153,2019-09-03 10:00:00,4.89,4.9163,4.88,4.895,4373073
421,152,2019-09-03 10:30:00,4.9,4.9,4.85,4.8652,2819537
422,151,2019-09-03 11:00:00,4.86,4.88,4.84,4.8766,2337080
423,150,2019-09-03 11:30:00,4.8715,4.88,4.86,4.8743,1318448
424,149,2019-09-03 12:00:00,4.87,4.88,4.87,4.8797,427358
425,148,2019-09-03 12:30:00,4.88,4.88,4.86,4.865,521454
426,147,2019-09-03 13:00:00,4.865,4.87,4.85,4.8597,1129609
427,146,2019-09-03 13:30:00,4.86,4.86,4.85,4.855,411103
428,145,2019-09-03 14:00:00,4.8535,4.86,4.85,4.855,556510
429,144,2019-09-03 14:30:00,4.855,4.86,4.84,4.845,608787
430,143,2019-09-03 15:00:00,4.845,4.85,4.835,4.845,1226229
431,142,2019-09-03 15:30:00,4.845,4.86,4.84,4.86,1021177
432,141,2019-09-03 16:00:00,4.8592,4.87,4.85,4.87,1476038
433,140,2019-09-03 16:30:00,4.87,4.87,4.86,4.87,8556
434,139,2019-09-03 17:00:00,4.86,4.87,4.85,4.85,546
435,138,2019-09-03 17:30:00,4.87,4.87,4.87,4.87,1033
436,137,2019-09-03 18:00:00,4.87,4.87,4.87,4.87,790
437,136,2019-09-03 19:00:00,4.88,4.88,4.88,4.88,500
438,135,2019-09-03 19:30:00,4.86,4.86,4.86,4.86,100
439,134,2019-09-03 20:00:00,4.88,4.88,4.88,4.88,2000
440,133,2019-09-04 04:30:00,4.9,4.9,4.9,4.9,4800
441,132,2019-09-04 05:00:00,4.9,4.91,4.9,4.91,10400
442,131,2019-09-04 05:30:00,4.92,4.92,4.92,4.92,8200
443,130,2019-09-04 06:30:00,4.9,4.9,4.9,4.9,1000
444,129,2019-09-04 07:00:00,4.89,4.89,4.89,4.89,8410
445,128,2019-09-04 07:30:00,4.89,4.9,4.89,4.9,85700
446,127,2019-09-04 08:00:00,4.9,4.9,4.9,4.9,36406
447,126,2019-09-04 08:30:00,4.89,4.91,4.89,4.91,14460
448,125,2019-09-04 09:00:00,4.91,4.92,4.9,4.92,106525
449,124,2019-09-04 09:30:00,4.92,4.92,4.9,4.91,44938
450,123,2019-09-04 10:00:00,4.91,4.93,4.9,4.925,1979581
451,122,2019-09-04 10:30:00,4.92,4.93,4.9,4.918,1259161
452,121,2019-09-04 11:00:00,4.91,4.92,4.9,4.9042,508323
453,120,2019-09-04 11:30:00,4.91,4.91,4.9,4.905,420392
454,119,2019-09-04 12:00:00,4.905,4.93,4.9,4.925,926227
455,118,2019-09-04 12:30:00,4.9299,4.93,4.91,4.91,537807
456,117,2019-09-04 13:00:00,4.91,4.92,4.91,4.914,306201
457,116,2019-09-04 13:30:00,4.91,4.92,4.91,4.915,401073
458,115,2019-09-04 14:00:00,4.91,4.92,4.9,4.9,584710
459,114,2019-09-04 14:30:00,4.9,4.91,4.9,4.9,677658
460,113,2019-09-04 15:00:00,4.905,4.91,4.9,4.91,424181
461,112,2019-09-04 15:30:00,4.905,4.91,4.9,4.9,376871
462,111,2019-09-04 16:00:00,4.9,4.91,4.9,4.9,1155347
463,110,2019-09-04 16:30:00,4.91,4.98,4.91,4.91,51785
464,109,2019-09-04 17:00:00,4.94,4.94,4.93,4.93,2060
465,108,2019-09-04 17:30:00,4.94,4.94,4.94,4.94,261
466,107,2019-09-04 18:00:00,4.94,4.94,4.94,4.94,2000
467,106,2019-09-04 18:30:00,4.94,4.94,4.94,4.94,100
468,105,2019-09-04 19:00:00,4.94,4.94,4.94,4.94,5000
469,104,2019-09-05 04:30:00,5.0,5.0,4.99,4.99,15200
470,103,2019-09-05 05:00:00,4.99,4.99,4.99,4.99,1600
471,102,2019-09-05 05:30:00,4.99,4.99,4.98,4.98,4800
472,101,2019-09-05 06:00:00,4.99,5.01,4.99,5.01,8560
473,100,2019-09-05 06:30:00,5.01,5.025,5.01,5.025,10850
474,99,2019-09-05 07:00:00,5.01,5.02,5.01,5.01,688
475,98,2019-09-05 07:30:00,5.005,5.005,5.0,5.0,1360
476,97,2019-09-05 08:30:00,4.99,5.01,4.97,4.97,54670
477,96,2019-09-05 09:00:00,4.98,4.98,4.97,4.98,12999
478,95,2019-09-05 09:30:00,4.99,4.99,4.98,4.98,4529
479,94,2019-09-05 10:00:00,4.98,5.0,4.98,4.98,1915231
480,93,2019-09-05 10:30:00,4.985,5.0,4.97,4.99,2109678
481,92,2019-09-05 11:00:00,4.985,4.99,4.96,4.97,1618223
482,91,2019-09-05 11:30:00,4.97,4.98,4.96,4.965,1546023
483,90,2019-09-05 12:00:00,4.965,4.98,4.96,4.978,825755
484,89,2019-09-05 12:30:00,4.98,4.98,4.96,4.96,798434
485,88,2019-09-05 13:00:00,4.96,4.98,4.96,4.975,500507
486,87,2019-09-05 13:30:00,4.97,4.98,4.95,4.97,1393226
487,86,2019-09-05 14:00:00,4.97,4.97,4.96,4.97,333408
488,85,2019-09-05 14:30:00,4.965,4.97,4.96,4.9668,316094
489,84,2019-09-05 15:00:00,4.965,4.97,4.96,4.965,312423
490,83,2019-09-05 15:30:00,4.96,4.98,4.96,4.965,931305
491,82,2019-09-05 16:00:00,4.965,4.98,4.96,4.968999999999999,1804819
492,81,2019-09-05 16:30:00,4.96,4.98,4.96,4.97,5815
493,80,2019-09-05 17:00:00,4.96,4.97,4.96,4.97,1069
494,79,2019-09-05 17:30:00,4.98,4.98,4.98,4.98,166
495,78,2019-09-05 18:00:00,4.97,4.97,4.97,4.97,200
496,77,2019-09-05 20:00:00,4.99,4.99,4.99,4.99,1000
497,76,2019-09-06 06:30:00,4.99,4.99,4.98,4.99,1430
498,75,2019-09-06 07:00:00,4.985,4.99,4.985,4.99,300
499,74,2019-09-06 07:30:00,4.99,4.99,4.98,4.98,1240
500,73,2019-09-06 08:00:00,4.99,5.0,4.99,5.0,21600
501,72,2019-09-06 08:30:00,4.9999,5.01,4.99,5.01,369300
502,71,2019-09-06 09:00:00,5.0,5.02,5.0,5.0,35655
503,70,2019-09-06 09:30:00,5.01,5.0197,5.0,5.0101,18810
504,69,2019-09-06 10:00:00,5.01,5.02,4.98,4.9972,2535751
505,68,2019-09-06 10:30:00,5.0,5.01,4.99,5.005,1132462
506,67,2019-09-06 11:00:00,5.01,5.02,5.0,5.02,901871
507,66,2019-09-06 11:30:00,5.02,5.02,5.01,5.018,472847
508,65,2019-09-06 12:00:00,5.01,5.02,5.01,5.02,211255
509,64,2019-09-06 12:30:00,5.02,5.04,5.01,5.04,2284854
510,63,2019-09-06 13:00:00,5.04,5.05,5.02,5.03,1134627
511,62,2019-09-06 13:30:00,5.0265,5.03,5.02,5.03,172860
512,61,2019-09-06 14:00:00,5.03,5.03,5.02,5.0232,166538
513,60,2019-09-06 14:30:00,5.0241,5.03,5.02,5.025,275651
514,59,2019-09-06 15:00:00,5.025,5.03,5.02,5.02,120002
515,58,2019-09-06 15:30:00,5.0251,5.03,5.01,5.03,1058607
516,57,2019-09-06 16:00:00,5.03,5.03,5.01,5.015,1004909
517,56,2019-09-06 16:30:00,5.01,5.01,5.0,5.01,23209
518,55,2019-09-06 17:00:00,5.03,5.03,5.02,5.02,1925
519,54,2019-09-06 17:30:00,5.02,5.02,5.02,5.02,200
520,53,2019-09-06 18:00:00,5.02,5.02,5.01,5.01,487
521,52,2019-09-06 20:00:00,5.02,5.02,5.02,5.02,750
522,51,2019-09-09 04:30:00,5.04,5.04,5.04,5.04,800
523,50,2019-09-09 06:00:00,5.03,5.04,5.03,5.04,810
524,49,2019-09-09 06:30:00,5.03,5.03,5.03,5.03,23950
525,48,2019-09-09 07:00:00,5.035,5.035,5.03,5.03,200
526,47,2019-09-09 07:30:00,5.03,5.04,5.03,5.03,157500
527,46,2019-09-09 08:30:00,5.04,5.0499,5.02,5.03,5890
528,45,2019-09-09 09:00:00,5.03,5.0399,5.01,5.02,10639
529,44,2019-09-09 09:30:00,5.02,5.03,5.02,5.03,3843
530,43,2019-09-09 10:00:00,5.03,5.03,5.0,5.0,1996491
531,42,2019-09-09 10:30:00,5.0,5.02,4.99,5.0,1860071
532,41,2019-09-09 11:00:00,5.005,5.01,4.99,5.005,1637447
533,40,2019-09-09 11:30:00,5.01,5.02,5.0,5.0147,599909
534,39,2019-09-09 12:00:00,5.015,5.02,5.01,5.015,269342
535,38,2019-09-09 12:30:00,5.0101,5.02,5.0,5.005,608493
536,37,2019-09-09 13:00:00,5.01,5.01,4.99,4.995,920126
537,36,2019-09-09 13:30:00,4.995,5.01,4.99,5.005,497814
538,35,2019-09-09 14:00:00,5.01,5.02,5.0,5.015,369104
539,34,2019-09-09 14:30:00,5.02,5.03,5.01,5.01,1012238
540,33,2019-09-09 15:00:00,5.01,5.02,5.01,5.0139,244934
541,32,2019-09-09 15:30:00,5.015,5.03,5.01,5.025,784479
542,31,2019-09-09 16:00:00,5.025,5.03,5.02,5.03,863320
543,30,2019-09-09 16:30:00,5.03,5.04,5.02,5.04,26148
544,29,2019-09-09 17:00:00,5.03,5.03,5.03,5.03,107
545,28,2019-09-09 17:30:00,5.04,5.04,5.03,5.03,304
546,27,2019-09-09 19:00:00,5.04,5.04,5.04,5.04,296
547,26,2019-09-09 19:30:00,5.04,5.04,5.04,5.04,200
548,25,2019-09-10 05:30:00,5.0,5.0,5.0,5.0,100
549,24,2019-09-10 06:30:00,5.0,5.0,4.98,4.98,1476
550,23,2019-09-10 07:00:00,4.99,4.99,4.98,4.98,380
551,22,2019-09-10 07:30:00,4.98,5.0,4.98,5.0,5609
552,21,2019-09-10 08:00:00,5.01,5.01,5.01,5.01,100
553,20,2019-09-10 08:30:00,4.98,5.01,4.98,5.01,34469
554,19,2019-09-10 09:00:00,5.01,5.02,5.01,5.01,858
555,18,2019-09-10 09:30:00,5.01,5.03,5.01,5.03,5592
556,17,2019-09-10 10:00:00,5.03,5.04,5.0,5.01,1863290
557,16,2019-09-10 10:30:00,5.015,5.03,5.01,5.03,1899510
558,15,2019-09-10 11:00:00,5.0284,5.03,5.01,5.015,903690
559,14,2019-09-10 11:30:00,5.015,5.05,5.01,5.04,2139547
560,13,2019-09-10 12:00:00,5.04,5.09,5.04,5.08,1486840
561,12,2019-09-10 12:30:00,5.0852,5.1,5.07,5.1,1205862
562,11,2019-09-10 13:00:00,5.1,5.1,5.09,5.095,1039178
563,10,2019-09-10 13:30:00,5.1,5.11,5.09,5.095,714211
564,9,2019-09-10 14:00:00,5.095,5.12,5.09,5.1038,2157414
565,8,2019-09-10 14:30:00,5.1065,5.11,5.1,5.1,551859
566,7,2019-09-10 15:00:00,5.105,5.11,5.1,5.105,984451
567,6,2019-09-10 15:30:00,5.11,5.12,5.1,5.1,1181959
568,5,2019-09-10 16:00:00,5.105,5.12,5.1,5.1,2400710
569,4,2019-09-10 16:30:00,5.1,5.11,5.1,5.11,9627
570,3,2019-09-10 17:00:00,5.1,5.11,5.1,5.11,1404
571,2,2019-09-10 18:30:00,5.11,5.11,5.11,5.11,1100
572,1,2019-09-10 19:00:00,5.1,5.1,5.1,5.1,750
573,0,2019-09-10 19:30:00,5.11,5.11,5.11,5.11,2500
574,611,2019-09-11 04:30:00,5.12,5.12,5.09,5.09,18100
575,610,2019-09-11 05:00:00,5.08,5.08,5.08,5.08,8000
576,609,2019-09-11 05:30:00,5.08,5.08,5.07,5.07,4800
577,608,2019-09-11 06:00:00,5.1,5.1,5.1,5.1,150
578,607,2019-09-11 06:30:00,5.095,5.1,5.09,5.1,1020
579,606,2019-09-11 07:00:00,5.11,5.12,5.11,5.12,1920
580,605,2019-09-11 07:30:00,5.13,5.13,5.12,5.12,2425
581,604,2019-09-11 08:00:00,5.11,5.11,5.11,5.11,6000
582,603,2019-09-11 08:30:00,5.1199,5.12,5.08,5.09,261256
583,602,2019-09-11 09:00:00,5.08,5.09,5.0698,5.0799,139504
584,601,2019-09-11 09:30:00,5.08,5.08,5.06,5.07,121045
585,600,2019-09-11 10:00:00,5.07,5.09,5.05,5.07,2416154
586,599,2019-09-11 10:30:00,5.065,5.08,5.06,5.075,613728
587,598,2019-09-11 11:00:00,5.075,5.09,5.07,5.09,1729015
588,597,2019-09-11 11:30:00,5.09,5.09,5.07,5.08,2945826
589,596,2019-09-11 12:00:00,5.08,5.09,5.07,5.09,1295423
590,595,2019-09-11 12:30:00,5.09,5.09,5.08,5.085,959101
591,594,2019-09-11 13:00:00,5.085,5.09,5.08,5.0866,552364
592,593,2019-09-11 13:30:00,5.085,5.09,5.08,5.08,423420
593,592,2019-09-11 14:00:00,5.09,5.1,5.08,5.0937,399442
594,591,2019-09-11 14:30:00,5.095,5.11,5.09,5.1,856490
595,590,2019-09-11 15:00:00,5.105,5.11,5.1,5.105,368821
596,589,2019-09-11 15:30:00,5.11,5.12,5.1,5.115,466631
597,588,2019-09-11 16:00:00,5.11,5.12,5.1,5.1,1393852
598,587,2019-09-11 16:30:00,5.11,5.11,5.1,5.11,22423
599,586,2019-09-11 17:00:00,5.1,5.14,5.1,5.14,1952
600,585,2019-09-11 18:00:00,5.15,5.15,5.1,5.1,2545
601,584,2019-09-11 18:30:00,5.1,5.1,5.1,5.1,300
602,583,2019-09-11 19:00:00,5.1,5.1,5.1,5.1,2000
603,582,2019-09-11 19:30:00,5.09,5.09,5.09,5.09,3000
604,581,2019-09-11 20:00:00,5.13,5.13,5.13,5.13,400
605,580,2019-09-12 05:00:00,5.13,5.13,5.13,5.13,4000
606,579,2019-09-12 06:00:00,5.12,5.12,5.11,5.11,460
607,578,2019-09-12 06:30:00,5.14,5.14,5.12,5.13,1254
608,577,2019-09-12 07:00:00,5.12,5.14,5.12,5.14,500
609,576,2019-09-12 07:30:00,5.14,5.145,5.14,5.145,1200
610,575,2019-09-12 08:00:00,5.15,5.15,5.15,5.15,1555
611,574,2019-09-12 08:30:00,5.14,5.15,5.13,5.14,6738
612,573,2019-09-12 09:00:00,5.14,5.15,5.13,5.15,8348
613,572,2019-09-12 09:30:00,5.14,5.15,5.13,5.14,55230
614,571,2019-09-12 10:00:00,5.14,5.15,5.13,5.145,3682944
615,570,2019-09-12 10:30:00,5.1435,5.18,5.14,5.175,2069130
616,569,2019-09-12 11:00:00,5.17,5.18,5.15,5.165,1643945
617,568,2019-09-12 11:30:00,5.165,5.19,5.16,5.175,1561882
618,567,2019-09-12 12:00:00,5.17,5.18,5.16,5.175,1457781
619,566,2019-09-12 12:30:00,5.175,5.21,5.17,5.21,1971000
620,565,2019-09-12 13:00:00,5.21,5.2498,5.2,5.24,1383474
621,564,2019-09-12 13:30:00,5.24,5.245,5.22,5.22,911870
622,563,2019-09-12 14:00:00,5.225,5.23,5.21,5.215,420109
623,562,2019-09-12 14:30:00,5.215,5.22,5.21,5.215,282041
624,561,2019-09-12 15:00:00,5.215,5.22,5.21,5.21,226004
625,560,2019-09-12 15:30:00,5.21,5.22,5.21,5.21,514308
626,559,2019-09-12 16:00:00,5.215,5.24,5.21,5.24,2396214
627,558,2019-09-12 16:30:00,5.24,5.25,5.21,5.24,207669
628,557,2019-09-12 17:00:00,5.25,5.25,5.25,5.25,450
629,556,2019-09-12 17:30:00,5.22,5.22,5.21,5.21,700
630,555,2019-09-12 18:00:00,5.21,5.22,5.21,5.21,7798
631,554,2019-09-12 18:30:00,5.21,5.21,5.21,5.21,3000
632,553,2019-09-12 19:00:00,5.22,5.22,5.22,5.22,200
633,552,2019-09-12 19:30:00,5.23,5.23,5.23,5.23,500
634,551,2019-09-13 04:30:00,5.21,5.21,5.2,5.2,47200
635,550,2019-09-13 05:00:00,5.2,5.2,5.2,5.2,12000
636,549,2019-09-13 05:30:00,5.22,5.22,5.22,5.22,178
637,548,2019-09-13 06:00:00,5.24,5.24,5.24,5.24,140
638,547,2019-09-13 06:30:00,5.24,5.24,5.24,5.24,2100
639,546,2019-09-13 07:00:00,5.21,5.22,5.21,5.22,6350
640,545,2019-09-13 08:00:00,5.23,5.23,5.23,5.23,4500
641,544,2019-09-13 08:30:00,5.2399,5.24,5.22,5.23,15761
642,543,2019-09-13 09:00:00,5.23,5.24,5.23,5.24,7587
643,542,2019-09-13 09:30:00,5.23,5.23,5.22,5.23,11564
644,541,2019-09-13 10:00:00,5.23,5.23,5.21,5.22,1370427
645,540,2019-09-13 10:30:00,5.22,5.22,5.2,5.21,673027
646,539,2019-09-13 11:00:00,5.21,5.22,5.2,5.215,802012
647,538,2019-09-13 11:30:00,5.215,5.22,5.2,5.2,655969
648,537,2019-09-13 12:00:00,5.2,5.2,5.18,5.18,539531
649,536,2019-09-13 12:30:00,5.19,5.19,5.18,5.185,217346
650,535,2019-09-13 13:00:00,5.18,5.19,5.18,5.185,369042
651,534,2019-09-13 13:30:00,5.19,5.19,5.17,5.175,537340
652,533,2019-09-13 14:00:00,5.18,5.18,5.16,5.17,2002895
653,532,2019-09-13 14:30:00,5.17,5.18,5.17,5.175,197492
654,531,2019-09-13 15:00:00,5.17,5.18,5.17,5.1739999999999995,155425
655,530,2019-09-13 15:30:00,5.175,5.18,5.17,5.175,302432
656,529,2019-09-13 16:00:00,5.17,5.18,5.17,5.175,933628
657,528,2019-09-13 16:30:00,5.18,5.18,5.1701,5.18,91183
658,527,2019-09-13 17:00:00,5.18,5.18,5.16,5.18,11101
659,526,2019-09-13 17:30:00,5.17,5.17,5.17,5.17,150
660,525,2019-09-13 19:30:00,5.17,5.17,5.17,5.17,305
661,524,2019-09-16 04:30:00,5.16,5.16,5.15,5.15,30709
662,523,2019-09-16 05:00:00,5.12,5.12,5.12,5.12,1000
663,522,2019-09-16 05:30:00,5.1,5.1,5.1,5.1,42000
664,521,2019-09-16 06:30:00,5.11,5.12,5.11,5.115,720
665,520,2019-09-16 07:00:00,5.115,5.12,5.11,5.11,1130
666,519,2019-09-16 07:30:00,5.1,5.1,5.1,5.1,14599
667,518,2019-09-16 08:30:00,5.11,5.11,5.09,5.09,41552
668,517,2019-09-16 09:00:00,5.1,5.1,5.09,5.1,5339
669,516,2019-09-16 09:30:00,5.0998,5.1,5.09,5.1,18351
670,515,2019-09-16 10:00:00,5.1,5.11,5.08,5.1035,1698312
671,514,2019-09-16 10:30:00,5.102,5.12,5.1,5.11,1664217
672,513,2019-09-16 11:00:00,5.12,5.13,5.1041,5.1131,1867905
673,512,2019-09-16 11:30:00,5.12,5.13,5.11,5.12,2103214
674,511,2019-09-16 12:00:00,5.125,5.13,5.12,5.121,217559
675,510,2019-09-16 12:30:00,5.12,5.14,5.12,5.135,670234
676,509,2019-09-16 13:00:00,5.13,5.14,5.13,5.135,422483
677,508,2019-09-16 13:30:00,5.135,5.14,5.13,5.13,142077
678,507,2019-09-16 14:00:00,5.135,5.14,5.13,5.13,209701
679,506,2019-09-16 14:30:00,5.13,5.14,5.13,5.13,226208
680,505,2019-09-16 15:00:00,5.13,5.14,5.11,5.12,1415075
681,504,2019-09-16 15:30:00,5.12,5.13,5.11,5.12,807618
682,503,2019-09-16 16:00:00,5.12,5.13,5.11,5.13,1393116
683,502,2019-09-16 16:30:00,5.1101,5.1205,5.1101,5.12,43989
684,501,2019-09-16 17:00:00,5.12,5.16,5.12,5.16,5100
685,500,2019-09-16 17:30:00,5.11,5.11,5.1,5.11,2102
686,499,2019-09-16 18:00:00,5.1099,5.11,5.1099,5.11,7108
687,498,2019-09-16 20:00:00,5.12,5.12,5.12,5.12,400
688,497,2019-09-17 04:30:00,5.11,5.12,5.11,5.12,6800
689,496,2019-09-17 05:00:00,5.12,5.12,5.11,5.11,4800
690,495,2019-09-17 05:30:00,5.08,5.08,5.08,5.08,4200
691,494,2019-09-17 06:00:00,5.09,5.09,5.09,5.09,110
692,493,2019-09-17 06:30:00,5.07,5.07,5.06,5.06,880
693,492,2019-09-17 07:00:00,5.06,5.065,5.06,5.065,200
694,491,2019-09-17 07:30:00,5.07,5.07,5.06,5.06,32330
695,490,2019-09-17 08:00:00,5.06,5.06,5.06,5.06,10101
696,489,2019-09-17 08:30:00,5.05,5.06,5.05,5.05,24282
697,488,2019-09-17 09:00:00,5.05,5.06,5.04,5.04,34896
698,487,2019-09-17 09:30:00,5.0498,5.06,5.02,5.06,63508
699,486,2019-09-17 10:00:00,5.06,5.0978,5.05,5.09,3408484
700,485,2019-09-17 10:30:00,5.09,5.1,5.08,5.09,1001378
701,484,2019-09-17 11:00:00,5.09,5.1,5.08,5.0967,787880
702,483,2019-09-17 11:30:00,5.1,5.12,5.09,5.1196,2841204
703,482,2019-09-17 12:00:00,5.115,5.13,5.11,5.13,434368
704,481,2019-09-17 12:30:00,5.13,5.16,5.12,5.145,4252668
705,480,2019-09-17 13:00:00,5.145,5.15,5.14,5.15,379218
706,479,2019-09-17 13:30:00,5.145,5.15,5.14,5.14,241293
707,478,2019-09-17 14:00:00,5.145,5.15,5.13,5.135,780650
708,477,2019-09-17 14:30:00,5.14,5.165,5.13,5.15,1175591
709,476,2019-09-17 15:00:00,5.155,5.16,5.14,5.145,882984
710,475,2019-09-17 15:30:00,5.145,5.15,5.14,5.15,432902
711,474,2019-09-17 16:00:00,5.145,5.16,5.14,5.15,1414648
712,473,2019-09-17 16:30:00,5.15,5.18,5.15,5.18,14175
713,472,2019-09-17 17:00:00,5.15,5.18,5.15,5.18,162143
714,471,2019-09-17 17:30:00,5.16,5.16,5.16,5.16,1525
715,470,2019-09-17 18:00:00,5.1599,5.16,5.15,5.15,1385
716,469,2019-09-17 18:30:00,5.15,5.16,5.15,5.16,3000
717,468,2019-09-17 19:00:00,5.15,5.15,5.15,5.15,2000
718,467,2019-09-18 04:30:00,5.14,5.14,5.14,5.14,2880
719,466,2019-09-18 06:00:00,5.16,5.17,5.16,5.16,370
720,465,2019-09-18 06:30:00,5.15,5.17,5.15,5.16,2610
721,464,2019-09-18 08:30:00,5.16,5.16,5.14,5.15,2092
722,463,2019-09-18 09:00:00,5.16,5.16,5.13,5.14,29291
723,462,2019-09-18 09:30:00,5.14,5.14,5.13,5.13,21595
724,461,2019-09-18 10:00:00,5.13,5.16,5.12,5.1548,1487555
725,460,2019-09-18 10:30:00,5.16,5.17,5.15,5.17,414117
726,459,2019-09-18 11:00:00,5.17,5.17,5.15,5.155,706068
727,458,2019-09-18 11:30:00,5.155,5.16,5.13,5.13,1484971
728,457,2019-09-18 12:00:00,5.135,5.14,5.13,5.13,346480
729,456,2019-09-18 12:30:00,5.135,5.14,5.13,5.135,243784
730,455,2019-09-18 13:00:00,5.14,5.14,5.13,5.135,340312
731,454,2019-09-18 13:30:00,5.14,5.14,5.12,5.125,556250
732,453,2019-09-18 14:00:00,5.13,5.14,5.12,5.14,894728
733,452,2019-09-18 14:30:00,5.14,5.16,5.122999999999999,5.13,1405581
734,451,2019-09-18 15:00:00,5.135,5.14,5.12,5.1323,688144
735,450,2019-09-18 15:30:00,5.14,5.15,5.13,5.135,646575
736,449,2019-09-18 16:00:00,5.135,5.1566,5.13,5.14,2055843
737,448,2019-09-18 16:30:00,5.14,5.15,5.14,5.15,10386
738,447,2019-09-18 17:00:00,5.14,5.17,5.14,5.15,601
739,446,2019-09-18 17:30:00,5.14,5.14,5.14,5.14,600
740,445,2019-09-18 18:30:00,5.12,5.12,5.12,5.12,200
741,444,2019-09-19 04:30:00,5.19,5.2,5.18,5.18,76646
742,443,2019-09-19 05:00:00,5.16,5.17,5.16,5.17,9600
743,442,2019-09-19 05:30:00,5.17,5.18,5.17,5.18,6000
744,441,2019-09-19 06:00:00,5.19,5.19,5.19,5.19,240
745,440,2019-09-19 06:30:00,5.19,5.19,5.18,5.18,140450
746,439,2019-09-19 07:00:00,5.185,5.185,5.18,5.18,5400
747,438,2019-09-19 07:30:00,5.18,5.2,5.18,5.2,6500
748,437,2019-09-19 08:00:00,5.2,5.2,5.19,5.2,17902
749,436,2019-09-19 08:30:00,5.1801,5.2,5.1801,5.2,54783
750,435,2019-09-19 09:00:00,5.19,5.21,5.19,5.21,7549
751,434,2019-09-19 09:30:00,5.21,5.23,5.2002,5.22,14167
752,433,2019-09-19 10:00:00,5.22,5.25,5.21,5.23,2183686
753,432,2019-09-19 10:30:00,5.24,5.24,5.21,5.21,1969620
754,431,2019-09-19 11:00:00,5.21,5.22,5.21,5.21,568811
755,430,2019-09-19 11:30:00,5.21,5.22,5.18,5.1889,1201233
756,429,2019-09-19 12:00:00,5.185,5.2,5.18,5.185,833297
757,428,2019-09-19 12:30:00,5.18,5.19,5.17,5.1717,915178
758,427,2019-09-19 13:00:00,5.17,5.18,5.17,5.18,472800
759,426,2019-09-19 13:30:00,5.175,5.19,5.17,5.19,700434
760,425,2019-09-19 14:00:00,5.19,5.19,5.18,5.19,217134
761,424,2019-09-19 14:30:00,5.185,5.19,5.17,5.175,536781
762,423,2019-09-19 15:00:00,5.175,5.18,5.17,5.17,597005
763,422,2019-09-19 15:30:00,5.17,5.18,5.17,5.175,286177
764,421,2019-09-19 16:00:00,5.17,5.18,5.15,5.16,3340394
765,420,2019-09-19 16:30:00,5.15,5.16,5.15,5.15,22426
766,419,2019-09-19 17:00:00,5.16,5.16,5.16,5.16,2500
767,418,2019-09-19 17:30:00,5.15,5.16,5.15,5.16,300
768,417,2019-09-19 19:30:00,5.15,5.15,5.15,5.15,1200
769,416,2019-09-20 04:30:00,5.22,5.22,5.22,5.22,480
770,415,2019-09-20 05:00:00,5.23,5.23,5.23,5.23,1000
771,414,2019-09-20 06:00:00,5.22,5.23,5.22,5.23,1330
772,413,2019-09-20 06:30:00,5.25,5.26,5.25,5.26,777
773,412,2019-09-20 07:00:00,5.27,5.275,5.27,5.275,5350
774,411,2019-09-20 07:30:00,5.27,5.28,5.27,5.28,6469
775,410,2019-09-20 08:00:00,5.28,5.28,5.27,5.28,15700
776,409,2019-09-20 08:30:00,5.2799,5.3,5.27,5.29,128741
777,408,2019-09-20 09:00:00,5.29,5.29,5.27,5.27,45569
778,407,2019-09-20 09:30:00,5.28,5.28,5.25,5.25,349056
779,406,2019-09-20 10:00:00,5.25,5.28,5.25,5.27,3095681
780,405,2019-09-20 10:30:00,5.275,5.3,5.27,5.2999,2153941
781,404,2019-09-20 11:00:00,5.29,5.31,5.28,5.295,2382553
782,403,2019-09-20 11:30:00,5.295,5.3,5.28,5.285,792807
783,402,2019-09-20 12:00:00,5.285,5.3,5.28,5.3,681036
784,401,2019-09-20 12:30:00,5.295,5.32,5.29,5.315,2705726
785,400,2019-09-20 13:00:00,5.315,5.325,5.31,5.315,686138
786,399,2019-09-20 13:30:00,5.315,5.32,5.28,5.2975,2313482
787,398,2019-09-20 14:00:00,5.3,5.3,5.29,5.29,1213463
788,397,2019-09-20 14:30:00,5.295,5.31,5.285,5.3,2172834
789,396,2019-09-20 15:00:00,5.3099,5.32,5.3,5.315,557250
790,395,2019-09-20 15:30:00,5.315,5.32,5.3,5.305,948176
791,394,2019-09-20 16:00:00,5.305,5.31,5.29,5.295,3203514
792,393,2019-09-20 16:30:00,5.29,5.3,5.29,5.29,26542
793,392,2019-09-20 17:00:00,5.29,5.29,5.29,5.29,1100
794,391,2019-09-20 17:30:00,5.29,5.29,5.29,5.29,100
795,390,2019-09-20 18:00:00,5.28,5.28,5.28,5.28,2693
796,389,2019-09-20 18:30:00,5.29,5.29,5.29,5.29,175
797,388,2019-09-23 04:30:00,5.22,5.22,5.22,5.22,31120
798,387,2019-09-23 05:00:00,5.2,5.2,5.2,5.2,6000
799,386,2019-09-23 06:00:00,5.2,5.2,5.2,5.2,110
800,385,2019-09-23 06:30:00,5.19,5.19,5.185,5.19,121600
801,384,2019-09-23 07:00:00,5.19,5.19,5.18,5.18,15930
802,383,2019-09-23 07:30:00,5.19,5.19,5.17,5.175,12789
803,382,2019-09-23 08:00:00,5.18,5.18,5.17,5.17,119592
804,381,2019-09-23 08:30:00,5.18,5.18,5.15,5.16,540549
805,380,2019-09-23 09:00:00,5.17,5.18,5.16,5.18,156469
806,379,2019-09-23 09:30:00,5.18,5.19,5.16,5.16,579770
807,378,2019-09-23 10:00:00,5.16,5.17,5.14,5.15,3505426
808,377,2019-09-23 10:30:00,5.14,5.17,5.14,5.155,3206329
809,376,2019-09-23 11:00:00,5.15,5.16,5.15,5.16,1348995
810,375,2019-09-23 11:30:00,5.16,5.17,5.15,5.17,1475242
811,374,2019-09-23 12:00:00,5.17,5.17,5.16,5.17,408887
812,373,2019-09-23 12:30:00,5.17,5.17,5.16,5.165,289996
813,372,2019-09-23 13:00:00,5.165,5.17,5.16,5.16,415747
814,371,2019-09-23 13:30:00,5.17,5.17,5.16,5.165,197475
815,370,2019-09-23 14:00:00,5.17,5.18,5.16,5.18,680419
816,369,2019-09-23 14:30:00,5.17,5.18,5.16,5.17,736203
817,368,2019-09-23 15:00:00,5.17,5.17,5.16,5.165,254382
818,367,2019-09-23 15:30:00,5.165,5.18,5.16,5.1799,947484
819,366,2019-09-23 16:00:00,5.175,5.18,5.17,5.175,1770521
820,365,2019-09-23 16:30:00,5.18,5.18,5.18,5.18,95167
821,364,2019-09-23 17:00:00,5.18,5.18,5.18,5.18,1310
822,363,2019-09-23 17:30:00,5.18,5.18,5.17,5.17,472
823,362,2019-09-23 18:00:00,5.18,5.18,5.18,5.18,1681
824,361,2019-09-23 18:30:00,5.18,5.18,5.18,5.18,135
825,360,2019-09-23 19:00:00,5.18,5.18,5.18,5.18,519
826,359,2019-09-23 19:30:00,5.19,5.19,5.19,5.19,2000
827,358,2019-09-23 20:00:00,5.19,5.19,5.19,5.19,1000
828,357,2019-09-24 06:00:00,5.16,5.16,5.16,5.16,200
829,356,2019-09-24 07:00:00,5.145,5.15,5.13,5.14,52640
830,355,2019-09-24 07:30:00,5.14,5.15,5.14,5.15,94108
831,354,2019-09-24 08:00:00,5.15,5.16,5.15,5.15,26874
832,353,2019-09-24 08:30:00,5.14,5.15,5.13,5.14,104891
833,352,2019-09-24 09:00:00,5.14,5.15,5.13,5.15,1389
834,351,2019-09-24 09:30:00,5.15,5.15,5.14,5.14,26986
835,350,2019-09-24 10:00:00,5.15,5.16,5.14,5.16,2621484
836,349,2019-09-24 10:30:00,5.16,5.16,5.14,5.15,2541899
837,348,2019-09-24 11:00:00,5.15,5.16,5.14,5.145,1411067
838,347,2019-09-24 11:30:00,5.145,5.1555,5.13,5.145,3463009
839,346,2019-09-24 12:00:00,5.145,5.15,5.13,5.135,617476
840,345,2019-09-24 12:30:00,5.14,5.1469,5.1,5.105,3391017
841,344,2019-09-24 13:00:00,5.1052,5.12,5.1,5.1,1250994
842,343,2019-09-24 13:30:00,5.105,5.12,5.1,5.1027,1408566
843,342,2019-09-24 14:00:00,5.11,5.12,5.1,5.1,722035
844,341,2019-09-24 14:30:00,5.1,5.14,5.1,5.135,1599411
845,340,2019-09-24 15:00:00,5.135,5.14,5.11,5.12,1270630
846,339,2019-09-24 15:30:00,5.12,5.12,5.1,5.11,1491074
847,338,2019-09-24 16:00:00,5.105,5.12,5.09,5.1,3859564
848,337,2019-09-24 16:30:00,5.11,5.11,5.1,5.11,32849
849,336,2019-09-24 17:00:00,5.1,5.11,5.1,5.11,4836
850,335,2019-09-24 18:00:00,5.1,5.11,5.1,5.11,6120
851,334,2019-09-24 19:00:00,5.1,5.1,5.1,5.1,250
852,333,2019-09-24 19:30:00,5.1,5.1,5.1,5.1,740
853,332,2019-09-25 04:30:00,5.02,5.02,4.98,5.01,3866
854,331,2019-09-25 05:00:00,5.0,5.0,5.0,5.0,1000
855,330,2019-09-25 06:00:00,5.01,5.01,5.01,5.01,260
856,329,2019-09-25 06:30:00,5.0,5.0,5.0,5.0,2956
857,328,2019-09-25 07:00:00,5.0,5.01,5.0,5.01,8180
858,327,2019-09-25 07:30:00,5.01,5.01,5.0,5.01,18201
859,326,2019-09-25 08:00:00,5.02,5.03,5.02,5.03,7900
860,325,2019-09-25 08:30:00,5.0101,5.07,5.01,5.05,286428
861,324,2019-09-25 09:00:00,5.06,5.07,5.05,5.06,30228
862,323,2019-09-25 09:30:00,5.05,5.07,5.05,5.05,14395
863,322,2019-09-25 10:00:00,5.05,5.07,5.03,5.03,3361368
864,321,2019-09-25 10:30:00,5.035,5.04,5.01,5.02,2564310
865,320,2019-09-25 11:00:00,5.02,5.04,5.01,5.035,1919927
866,319,2019-09-25 11:30:00,5.035,5.045,5.03,5.045,1472895
867,318,2019-09-25 12:00:00,5.045,5.06,5.04,5.045,785840
868,317,2019-09-25 12:30:00,5.0437,5.06,5.04,5.06,966415
869,316,2019-09-25 13:00:00,5.06,5.06,5.05,5.055,325869
870,315,2019-09-25 13:30:00,5.055,5.06,5.05,5.055,292141
871,314,2019-09-25 14:00:00,5.055,5.06,5.05,5.05,369878
872,313,2019-09-25 14:30:00,5.05,5.06,5.05,5.06,310538
873,312,2019-09-25 15:00:00,5.0553,5.08,5.05,5.065,1170472
874,311,2019-09-25 15:30:00,5.065,5.07,5.06,5.065,450360
875,310,2019-09-25 16:00:00,5.065,5.08,5.06,5.06,1478175
876,309,2019-09-25 16:30:00,5.07,5.07,5.06,5.07,25695
877,308,2019-09-25 17:30:00,5.07,5.07,5.07,5.07,301
878,307,2019-09-25 18:00:00,5.06,5.06,5.06,5.06,213
879,306,2019-09-25 18:30:00,5.12,5.12,5.12,5.12,287
880,305,2019-09-26 04:30:00,5.07,5.07,5.07,5.07,500
881,304,2019-09-26 06:00:00,5.04,5.04,5.04,5.04,330
882,303,2019-09-26 07:00:00,5.04,5.04,5.025,5.04,780
883,302,2019-09-26 07:30:00,5.03,5.04,5.02,5.02,118365
884,301,2019-09-26 08:00:00,5.03,5.03,5.03,5.03,400
885,300,2019-09-26 08:30:00,5.03,5.05,5.03,5.04,36573
886,299,2019-09-26 09:00:00,5.05,5.06,5.04,5.05,3318
887,298,2019-09-26 09:30:00,5.04,5.05,5.03,5.04,59995
888,297,2019-09-26 10:00:00,5.05,5.05,5.01,5.02,2201395
889,296,2019-09-26 10:30:00,5.02,5.03,5.0,5.02,1879027
890,295,2019-09-26 11:00:00,5.015,5.02,5.0,5.0,802873
891,294,2019-09-26 11:30:00,5.0,5.01,4.97,4.97,2056175
892,293,2019-09-26 12:00:00,4.97,5.0,4.97,4.985,1232559
893,292,2019-09-26 12:30:00,4.9830000000000005,5.01,4.98,4.9941,692312
894,291,2019-09-26 13:00:00,4.99,5.0,4.99,4.99,185011
895,290,2019-09-26 13:30:00,4.995,5.0,4.99,4.995,240337
896,289,2019-09-26 14:00:00,4.99,5.02,4.99,5.015,2490288
897,288,2019-09-26 14:30:00,5.01,5.025,5.0,5.005,660611
898,287,2019-09-26 15:00:00,5.01,5.02,4.99,5.0,930149
899,286,2019-09-26 15:30:00,5.0,5.015,4.99,5.015,917530
900,285,2019-09-26 16:00:00,5.015,5.02,4.99,4.995,1523646
901,284,2019-09-26 16:30:00,4.99,5.01,4.99,5.01,38044
902,283,2019-09-26 17:00:00,4.99,4.99,4.99,4.99,328
903,282,2019-09-26 17:30:00,4.99,4.99,4.99,4.99,153
904,281,2019-09-26 18:00:00,5.0,5.0,5.0,5.0,1200
905,280,2019-09-26 19:30:00,5.01,5.01,5.01,5.01,100
906,279,2019-09-26 20:00:00,5.02,5.02,5.0,5.0,2283
907,278,2019-09-27 07:00:00,5.05,5.05,5.04,5.04,400
908,277,2019-09-27 07:30:00,5.05,5.05,5.04,5.04,107800
909,276,2019-09-27 08:00:00,5.04,5.04,5.03,5.03,92600
910,275,2019-09-27 08:30:00,5.05,5.05,5.0402,5.05,11310
911,274,2019-09-27 09:00:00,5.05,5.05,5.04,5.05,311270
912,273,2019-09-27 09:30:00,5.04,5.06,5.04,5.06,22092
913,272,2019-09-27 10:00:00,5.05,5.09,5.05,5.09,2627231
914,271,2019-09-27 10:30:00,5.0826,5.09,5.07,5.08,954985
915,270,2019-09-27 11:00:00,5.08,5.08,5.07,5.0765,395023
916,269,2019-09-27 11:30:00,5.075,5.08,5.05,5.05,1341978
917,268,2019-09-27 12:00:00,5.05,5.065,5.01,5.05,4087649
918,267,2019-09-27 12:30:00,5.055,5.06,5.01,5.025,2087161
919,266,2019-09-27 13:00:00,5.02,5.03,5.01,5.015,733690
920,265,2019-09-27 13:30:00,5.015,5.02,5.01,5.01,577501
921,264,2019-09-27 14:00:00,5.0143,5.025,5.0,5.01,1418261
922,263,2019-09-27 14:30:00,5.01,5.02,5.005,5.015,615447
923,262,2019-09-27 15:00:00,5.01,5.02,4.99,4.995,1231745
924,261,2019-09-27 15:30:00,4.995,5.03,4.99,5.02,1512078
925,260,2019-09-27 16:00:00,5.02,5.045,5.02,5.03,2041751
926,259,2019-09-27 16:30:00,5.04,5.04,5.03,5.03,28118
927,258,2019-09-27 17:00:00,5.03,5.03,5.03,5.03,102
928,257,2019-09-30 04:30:00,5.07,5.07,5.06,5.07,23200
929,256,2019-09-30 05:00:00,5.09,5.09,5.09,5.09,400
930,255,2019-09-30 05:30:00,5.08,5.08,5.08,5.08,5000
931,254,2019-09-30 06:00:00,5.11,5.11,5.11,5.11,130
932,253,2019-09-30 06:30:00,5.1,5.1,5.1,5.1,500
933,252,2019-09-30 07:00:00,5.09,5.09,5.09,5.09,5000
934,251,2019-09-30 07:30:00,5.095,5.095,5.07,5.07,3900
935,250,2019-09-30 08:00:00,5.07,5.07,5.07,5.07,1000
936,249,2019-09-30 08:30:00,5.07,5.09,5.07,5.07,427997
937,248,2019-09-30 09:00:00,5.07,5.07,5.06,5.07,3867
938,247,2019-09-30 09:30:00,5.07,5.08,5.06,5.07,167687
939,246,2019-09-30 10:00:00,5.06,5.08,5.05,5.0799,2359457
940,245,2019-09-30 10:30:00,5.075,5.1057,5.07,5.0955,1436116
941,244,2019-09-30 11:00:00,5.095,5.1,5.09,5.095,794922
942,243,2019-09-30 11:30:00,5.09,5.1,5.08,5.09,661929
943,242,2019-09-30 12:00:00,5.0865,5.09,5.08,5.09,232952
944,241,2019-09-30 12:30:00,5.09,5.09,5.08,5.09,223840
945,240,2019-09-30 13:00:00,5.0847,5.1,5.08,5.085,856421
946,239,2019-09-30 13:30:00,5.085,5.09,5.08,5.085,390055
947,238,2019-09-30 14:00:00,5.08,5.09,5.08,5.085,493089
948,237,2019-09-30 14:30:00,5.085,5.09,5.04,5.045,2687510
949,236,2019-09-30 15:00:00,5.045,5.05,5.03,5.04,1474373
950,235,2019-09-30 15:30:00,5.04,5.05,5.03,5.04,1115982
951,234,2019-09-30 16:00:00,5.04,5.06,5.03,5.06,2185853
952,233,2019-09-30 16:30:00,5.07,5.07,5.05,5.05,29042
953,232,2019-09-30 17:00:00,5.06,5.06,5.06,5.06,900
954,231,2019-10-01 04:30:00,5.05,5.05,5.04,5.04,18600
955,230,2019-10-01 06:00:00,5.05,5.05,5.05,5.05,120
956,229,2019-10-01 07:00:00,5.04,5.04,5.035,5.04,600
957,228,2019-10-01 08:00:00,5.04,5.04,5.04,5.04,10000
958,227,2019-10-01 08:30:00,5.04,5.05,5.04,5.05,14802
959,226,2019-10-01 09:00:00,5.04,5.05,5.04,5.05,20843
960,225,2019-10-01 09:30:00,5.05,5.06,5.04,5.06,31792
961,224,2019-10-01 10:00:00,5.06,5.06,4.98,4.98,5929704
962,223,2019-10-01 10:30:00,4.98,4.99,4.91,4.935,12778075
963,222,2019-10-01 11:00:00,4.9331,4.94,4.88,4.895,6457602
964,221,2019-10-01 11:30:00,4.89,4.93,4.89,4.91,9544394
965,220,2019-10-01 12:00:00,4.91,4.92,4.88,4.9,2906392
966,219,2019-10-01 12:30:00,4.8955,4.905,4.88,4.895,1774017
967,218,2019-10-01 13:00:00,4.895,4.9,4.88,4.88,1709198
968,217,2019-10-01 13:30:00,4.88,4.89,4.87,4.88,1927937
969,216,2019-10-01 14:00:00,4.87,4.89,4.87,4.89,1267259
970,215,2019-10-01 14:30:00,4.89,4.9,4.88,4.895,1188425
971,214,2019-10-01 15:00:00,4.895,4.91,4.88,4.91,2087379
972,213,2019-10-01 15:30:00,4.91,4.92,4.89,4.91,2631532
973,212,2019-10-01 16:00:00,4.91,4.91,4.89,4.9,3476108
974,211,2019-10-01 16:30:00,4.91,4.91,4.89,4.91,15213
975,210,2019-10-01 17:00:00,4.91,4.91,4.9,4.91,4239
976,209,2019-10-01 17:30:00,4.9,4.9,4.9,4.9,709
977,208,2019-10-01 18:00:00,4.9,4.9,4.89,4.9,2011
978,207,2019-10-01 18:30:00,4.9,4.9,4.9,4.9,746
979,206,2019-10-01 19:00:00,4.9,4.91,4.9,4.91,693
980,205,2019-10-01 19:30:00,4.9,4.92,4.9,4.92,695
981,204,2019-10-01 20:00:00,4.92,4.92,4.9199,4.92,2200
982,203,2019-10-02 04:30:00,4.84,4.85,4.84,4.85,7065
983,202,2019-10-02 05:00:00,4.84,4.84,4.83,4.83,2450
984,201,2019-10-02 05:30:00,4.83,4.83,4.83,4.83,4346
985,200,2019-10-02 06:00:00,4.83,4.83,4.83,4.83,236
986,199,2019-10-02 06:30:00,4.84,4.84,4.84,4.84,513
987,198,2019-10-02 07:00:00,4.84,4.84,4.83,4.84,890
988,197,2019-10-02 07:30:00,4.83,4.84,4.83,4.84,18520
989,196,2019-10-02 08:00:00,4.85,4.85,4.85,4.85,500
990,195,2019-10-02 08:30:00,4.84,4.87,4.84,4.87,15436
991,194,2019-10-02 09:00:00,4.87,4.89,4.86,4.86,9383
992,193,2019-10-02 09:30:00,4.8601,4.87,4.85,4.87,24959
993,192,2019-10-02 10:00:00,4.87,4.87,4.83,4.84,3539161
994,191,2019-10-02 10:30:00,4.835,4.85,4.82,4.835,2134752
995,190,2019-10-02 11:00:00,4.83,4.84,4.8,4.81,2640602
996,189,2019-10-02 11:30:00,4.815,4.8375,4.81,4.83,2364903
997,188,2019-10-02 12:00:00,4.82,4.83,4.81,4.819,1044005
998,187,2019-10-02 12:30:00,4.815,4.82,4.81,4.8107,860608
999,186,2019-10-02 13:00:00,4.81,4.82,4.8,4.805,1731436
1000,185,2019-10-02 13:30:00,4.8069999999999995,4.84,4.8,4.83,3099657
1001,184,2019-10-02 14:00:00,4.825,4.83,4.82,4.825,978733
1002,183,2019-10-02 14:30:00,4.825,4.85,4.82,4.849,3482037
1003,182,2019-10-02 15:00:00,4.845,4.86,4.84,4.84,3636662
1004,181,2019-10-02 15:30:00,4.845,4.85,4.82,4.82,2619877
1005,180,2019-10-02 16:00:00,4.82,4.83,4.81,4.82,2842345
1006,179,2019-10-02 16:30:00,4.81,4.85,4.8,4.83,148151
1007,178,2019-10-02 17:00:00,4.84,4.84,4.84,4.84,1825
1008,177,2019-10-02 17:30:00,4.84,4.84,4.84,4.84,1000
1009,176,2019-10-02 18:00:00,4.8599,4.8599,4.8599,4.8599,1000
1010,175,2019-10-02 18:30:00,4.86,4.86,4.86,4.86,1000
1011,174,2019-10-02 19:00:00,4.84,4.84,4.84,4.84,2000
1012,173,2019-10-02 19:30:00,4.84,4.84,4.84,4.84,1400
1013,172,2019-10-02 20:00:00,4.85,4.86,4.85,4.86,5600
1014,171,2019-10-03 04:30:00,4.83,4.83,4.83,4.83,6400
1015,170,2019-10-03 05:00:00,4.84,4.84,4.83,4.83,3209
1016,169,2019-10-03 05:30:00,4.83,4.83,4.83,4.83,11400
1017,168,2019-10-03 06:00:00,4.83,4.83,4.83,4.83,110
1018,167,2019-10-03 06:30:00,4.82,4.84,4.82,4.82,163460
1019,166,2019-10-03 07:00:00,4.82,4.82,4.82,4.82,4710
1020,165,2019-10-03 07:30:00,4.82,4.82,4.82,4.82,16325
1021,164,2019-10-03 08:00:00,4.82,4.82,4.81,4.81,11640
1022,163,2019-10-03 08:30:00,4.81,4.83,4.8,4.8099,64623
1023,162,2019-10-03 09:00:00,4.81,4.81,4.79,4.8,42480
1024,161,2019-10-03 09:30:00,4.8,4.81,4.79,4.81,15251
1025,160,2019-10-03 10:00:00,4.81,4.82,4.8,4.81,2404237
1026,159,2019-10-03 10:30:00,4.81,4.82,4.75,4.82,5435816
1027,158,2019-10-03 11:00:00,4.81,4.83,4.8,4.82,3209396
1028,157,2019-10-03 11:30:00,4.82,4.86,4.81,4.835,2961938
1029,156,2019-10-03 12:00:00,4.83,4.84,4.825,4.835,854349
1030,155,2019-10-03 12:30:00,4.83,4.85,4.83,4.845,592417
1031,154,2019-10-03 13:00:00,4.84,4.87,4.84,4.86,1570969
1032,153,2019-10-03 13:30:00,4.86,4.86,4.85,4.8558,309154
1033,152,2019-10-03 14:00:00,4.855,4.86,4.85,4.855,326009
1034,151,2019-10-03 14:30:00,4.855,4.87,4.85,4.865,808611
1035,150,2019-10-03 15:00:00,4.865,4.87,4.85,4.86,616706
1036,149,2019-10-03 15:30:00,4.855,4.86,4.84,4.84,740642
1037,148,2019-10-03 16:00:00,4.845,4.85,4.83,4.845,2013931
1038,147,2019-10-03 16:30:00,4.84,4.85,4.84,4.85,374634
1039,146,2019-10-03 17:30:00,4.88,4.95,4.88,4.91,31958
1040,145,2019-10-03 18:00:00,4.91,4.92,4.91,4.91,5404
1041,144,2019-10-03 18:30:00,4.9,4.9,4.9,4.9,200
1042,143,2019-10-03 19:30:00,4.9,4.9,4.8999,4.8999,2000
1043,142,2019-10-04 04:30:00,4.84,4.84,4.83,4.83,600
1044,141,2019-10-04 05:30:00,4.82,4.82,4.82,4.82,1050
1045,140,2019-10-04 07:00:00,4.85,4.86,4.84,4.86,810
1046,139,2019-10-04 07:30:00,4.85,4.85,4.85,4.85,75419
1047,138,2019-10-04 08:00:00,4.84,4.84,4.84,4.84,15301
1048,137,2019-10-04 08:30:00,4.8501,4.86,4.83,4.84,77799
1049,136,2019-10-04 09:00:00,4.86,4.87,4.84,4.87,156885
1050,135,2019-10-04 09:30:00,4.88,4.88,4.86,4.87,3997
1051,134,2019-10-04 10:00:00,4.87,4.888999999999999,4.85,4.855,2671670
1052,133,2019-10-04 10:30:00,4.855,4.88,4.85,4.865,2832614
1053,132,2019-10-04 11:00:00,4.865,4.87,4.84,4.8599,1145183
1054,131,2019-10-04 11:30:00,4.86,4.87,4.85,4.86,2311234
1055,130,2019-10-04 12:00:00,4.87,4.87,4.86,4.86,149657
1056,129,2019-10-04 12:30:00,4.865,4.87,4.86,4.8666,429818
1057,128,2019-10-04 13:00:00,4.865,4.88,4.86,4.87,368742
1058,127,2019-10-04 13:30:00,4.88,4.88,4.87,4.875,243070
1059,126,2019-10-04 14:00:00,4.875,4.89,4.87,4.88,739446
1060,125,2019-10-04 14:30:00,4.88,4.89,4.88,4.887,364944
1061,124,2019-10-04 15:00:00,4.885,4.89,4.88,4.8851,342311
1062,123,2019-10-04 15:30:00,4.89,4.89,4.88,4.8836,384671
1063,122,2019-10-04 16:00:00,4.885,4.89,4.87,4.88,1280554
1064,121,2019-10-04 16:30:00,4.89,4.89,4.88,4.88,13016
1065,120,2019-10-04 17:00:00,4.9,4.9,4.89,4.8999,2081
1066,119,2019-10-04 17:30:00,4.89,4.89,4.88,4.89,3030
1067,118,2019-10-04 18:00:00,4.89,4.89,4.89,4.89,100
1068,117,2019-10-04 20:00:00,4.89,4.89,4.89,4.89,898
1069,116,2019-10-07 04:30:00,4.85,4.85,4.81,4.83,682
1070,115,2019-10-07 06:00:00,4.86,4.86,4.86,4.86,140
1071,114,2019-10-07 06:30:00,4.86,4.86,4.86,4.86,200
1072,113,2019-10-07 07:00:00,4.87,4.88,4.87,4.88,158200
1073,112,2019-10-07 07:30:00,4.88,4.88,4.88,4.88,665
1074,111,2019-10-07 08:00:00,4.87,4.87,4.87,4.87,100
1075,110,2019-10-07 08:30:00,4.8899,4.89,4.87,4.88,38860
1076,109,2019-10-07 09:00:00,4.89,4.89,4.88,4.89,5426
1077,108,2019-10-07 09:30:00,4.89,4.9,4.88,4.9,356151
1078,107,2019-10-07 10:00:00,4.9,4.92,4.89,4.92,1791444
1079,106,2019-10-07 10:30:00,4.92,4.93,4.9,4.915,1518674
1080,105,2019-10-07 11:00:00,4.92,4.95,4.91,4.9473,2400401
1081,104,2019-10-07 11:30:00,4.945,4.96,4.93,4.93,1255513
1082,103,2019-10-07 12:00:00,4.935,4.94,4.93,4.94,283567
1083,102,2019-10-07 12:30:00,4.94,4.94,4.93,4.94,195836
1084,101,2019-10-07 13:00:00,4.93,4.94,4.92,4.9215,474083
1085,100,2019-10-07 13:30:00,4.92,4.93,4.91,4.92,659278
1086,99,2019-10-07 14:00:00,4.92,4.94,4.91,4.935,1095009
1087,98,2019-10-07 14:30:00,4.9366,4.94,4.92,4.92,519561
1088,97,2019-10-07 15:00:00,4.92,4.93,4.9,4.925,1026807
1089,96,2019-10-07 15:30:00,4.92,4.9225,4.9,4.91,978747
1090,95,2019-10-07 16:00:00,4.91,4.92,4.9,4.91,1168777
1091,94,2019-10-07 16:30:00,4.92,4.92,4.9,4.91,9403
1092,93,2019-10-07 17:00:00,4.92,4.92,4.92,4.92,100
1093,92,2019-10-07 17:30:00,4.9,4.92,4.9,4.92,1846
1094,91,2019-10-07 18:00:00,4.92,4.93,4.91,4.91,698
1095,90,2019-10-07 18:30:00,4.93,4.93,4.93,4.93,2250
1096,89,2019-10-07 19:00:00,4.93,4.93,4.93,4.93,400
1097,88,2019-10-07 19:30:00,4.93,4.94,4.93,4.94,1017
1098,87,2019-10-07 20:00:00,4.95,4.95,4.9499,4.95,4083
1099,86,2019-10-08 04:30:00,5.01,5.01,4.99,5.01,56050
1100,85,2019-10-08 05:00:00,4.975,4.975,4.97,4.97,5423
1101,84,2019-10-08 05:30:00,4.98,4.99,4.98,4.99,10500
1102,83,2019-10-08 06:00:00,4.96,4.96,4.96,4.96,300
1103,82,2019-10-08 06:30:00,4.96,4.96,4.96,4.96,10000
1104,81,2019-10-08 07:00:00,4.945,4.95,4.92,4.93,1810
1105,80,2019-10-08 07:30:00,4.92,4.945,4.92,4.94,23460
1106,79,2019-10-08 08:00:00,4.95,4.96,4.95,4.96,13000
1107,78,2019-10-08 08:30:00,4.93,4.96,4.9199,4.95,222590
1108,77,2019-10-08 09:00:00,4.96,4.99,4.95,4.99,20740
1109,76,2019-10-08 09:30:00,4.98,5.0,4.96,4.96,72134
1110,75,2019-10-08 10:00:00,4.95,4.96,4.91,4.92,2500252
1111,74,2019-10-08 10:30:00,4.9201,4.93,4.91,4.925,897886
1112,73,2019-10-08 11:00:00,4.92,4.93,4.9,4.915,1563227
1113,72,2019-10-08 11:30:00,4.91,4.93,4.91,4.91,1008387
1114,71,2019-10-08 12:00:00,4.915,4.92,4.91,4.92,312297
1115,70,2019-10-08 12:30:00,4.915,4.946000000000001,4.91,4.94,1037199
1116,69,2019-10-08 13:00:00,4.94,4.96,4.93,4.94,953559
1117,68,2019-10-08 13:30:00,4.935,4.94,4.93,4.94,218947
1118,67,2019-10-08 14:00:00,4.94,4.94,4.93,4.9368,405078
1119,66,2019-10-08 14:30:00,4.937,4.94,4.93,4.94,305047
1120,65,2019-10-08 15:00:00,4.94,4.95,4.93,4.94,1370007
1121,64,2019-10-08 15:30:00,4.94,4.94,4.9,4.9058,1295278
1122,63,2019-10-08 16:00:00,4.9,4.91,4.88,4.9,2464746
1123,62,2019-10-08 16:30:00,4.89,4.9,4.89,4.9,38855
1124,61,2019-10-08 17:00:00,4.92,4.92,4.9,4.9,613
1125,60,2019-10-08 17:30:00,4.9,4.9,4.89,4.89,5004
1126,59,2019-10-08 19:30:00,4.9199,4.9199,4.9199,4.9199,1000
1127,58,2019-10-09 04:30:00,4.92,4.92,4.91,4.91,17900
1128,57,2019-10-09 06:00:00,4.94,4.94,4.94,4.94,260
1129,56,2019-10-09 06:30:00,4.93,4.95,4.93,4.95,730
1130,55,2019-10-09 07:00:00,4.94,4.94,4.93,4.93,100000
1131,54,2019-10-09 07:30:00,4.94,4.94,4.94,4.94,5201
1132,53,2019-10-09 08:00:00,4.94,4.95,4.94,4.95,42610
1133,52,2019-10-09 08:30:00,4.94,4.96,4.93,4.93,27551
1134,51,2019-10-09 09:00:00,4.93,4.95,4.93,4.95,14680
1135,50,2019-10-09 09:30:00,4.95,4.95,4.93,4.94,4886
1136,49,2019-10-09 10:00:00,4.94,4.94,4.91,4.93,2099220
1137,48,2019-10-09 10:30:00,4.93,4.94,4.92,4.935,1036440
1138,47,2019-10-09 11:00:00,4.935,4.94,4.92,4.93,936967
1139,46,2019-10-09 11:30:00,4.93,4.94,4.91,4.93,2074174
1140,45,2019-10-09 12:00:00,4.9299,4.94,4.92,4.93,909940
1141,44,2019-10-09 12:30:00,4.94,4.94,4.93,4.935,232250
1142,43,2019-10-09 13:00:00,4.935,4.94,4.93,4.935,352972
1143,42,2019-10-09 13:30:00,4.94,4.94,4.93,4.94,311379
1144,41,2019-10-09 14:00:00,4.93,4.94,4.915,4.925,728659
1145,40,2019-10-09 14:30:00,4.93,4.93,4.91,4.91,478527
1146,39,2019-10-09 15:00:00,4.91,4.93,4.9,4.915,3162327
1147,38,2019-10-09 15:30:00,4.915,4.93,4.9,4.92,2333342
1148,37,2019-10-09 16:00:00,4.915,4.93,4.89,4.9,3974325
1149,36,2019-10-09 16:30:00,4.91,4.91,4.91,4.91,9368
1150,35,2019-10-09 17:00:00,4.91,4.91,4.91,4.91,147
1151,34,2019-10-09 17:30:00,4.91,4.91,4.9,4.9,1800
1152,33,2019-10-09 18:00:00,4.9,4.91,4.9,4.91,3360
1153,32,2019-10-09 18:30:00,4.9,4.9,4.9,4.9,1500
1154,31,2019-10-09 19:00:00,4.91,4.91,4.9,4.9,4200
1155,30,2019-10-09 19:30:00,4.9,4.9,4.9,4.9,11700
1156,29,2019-10-09 20:00:00,4.91,4.91,4.91,4.91,250
1157,28,2019-10-10 04:30:00,4.94,4.95,4.94,4.95,10600
1158,27,2019-10-10 05:00:00,4.96,4.96,4.96,4.96,100
1159,26,2019-10-10 06:00:00,4.97,4.97,4.97,4.97,330
1160,25,2019-10-10 06:30:00,4.96,4.96,4.96,4.96,20000
1161,24,2019-10-10 07:00:00,4.96,4.97,4.96,4.97,51066
1162,23,2019-10-10 08:00:00,4.95,4.95,4.95,4.95,21805
1163,22,2019-10-10 08:30:00,4.95,4.96,4.95,4.95,44551
1164,21,2019-10-10 09:00:00,4.96,4.97,4.96,4.96,155177
1165,20,2019-10-10 09:30:00,4.96,4.97,4.95,4.96,446016
1166,19,2019-10-10 10:00:00,4.96,4.97,4.94,4.96,4847615
1167,18,2019-10-10 10:30:00,4.965,4.97,4.94,4.97,2631411
1168,17,2019-10-10 11:00:00,4.965,4.98,4.93,4.9430000000000005,7057419
1169,16,2019-10-10 11:30:00,4.95,4.97,4.94,4.945,2093974
1170,15,2019-10-10 12:00:00,4.945,4.95,4.93,4.935,1372723
1171,14,2019-10-10 12:30:00,4.94,4.95,4.925,4.925,688169
1172,13,2019-10-10 13:00:00,4.925,4.94,4.92,4.93,1255531
1173,12,2019-10-10 13:30:00,4.935,4.935,4.92,4.93,421785
1174,11,2019-10-10 14:00:00,4.925,4.93,4.91,4.925,788992
1175,10,2019-10-10 14:30:00,4.9262,4.93,4.9,4.92,1255354
1176,9,2019-10-10 15:00:00,4.9299,4.93,4.92,4.925,370299
1177,8,2019-10-10 15:30:00,4.92,4.94,4.92,4.9399,1453116
1178,7,2019-10-10 16:00:00,4.935,4.94,4.93,4.935,1145881
1179,6,2019-10-10 16:30:00,4.94,4.95,4.91,4.91,39207
1180,5,2019-10-10 17:00:00,4.94,4.95,4.94,4.95,10608
1181,4,2019-10-10 17:30:00,4.93,4.95,4.93,4.94,832
1182,3,2019-10-10 18:00:00,4.94,4.94,4.94,4.94,3000
1183,2,2019-10-10 19:00:00,4.94,4.94,4.94,4.94,500
1184,1,2019-10-10 19:30:00,4.94,4.94,4.94,4.94,400
1185,0,2019-10-10 20:00:00,4.95,4.95,4.94,4.94,1525
