,index,time,open,high,low,close,volume
0,136,2019-11-11 12:00:00,13.894153024300001,13.962970459300001,13.753808044300001,13.7961051176,2301
1,135,2019-11-11 16:00:00,13.5699077256,13.631853096099999,13.5699077256,13.631853096099999,200
2,134,2019-11-12 10:00:00,13.598944617999999,13.598944617999999,13.598944617999999,13.598944617999999,200
3,133,2019-11-12 16:00:00,13.589265653900002,13.6299173033,13.5505497973,13.591201446700001,1775
4,132,2019-11-13 10:00:00,13.7247711518,13.7247711518,13.7247711518,13.7247711518,220
5,131,2019-11-13 13:30:00,13.5943955049,13.5943955049,13.5943955049,13.5943955049,1100
6,130,2019-11-13 14:30:00,13.6473394387,13.6473394387,13.308575693800002,13.308575693800002,3600
7,129,2019-11-14 10:00:00,13.4341126319,13.4341126319,13.4341126319,13.4341126319,656
8,128,2019-11-14 11:30:00,13.4341126319,13.4341126319,13.4341126319,13.4341126319,1081
9,127,2019-11-14 14:00:00,13.5223467965,13.5223467965,13.5223467965,13.5223467965,1000
10,126,2019-11-14 14:30:00,13.3564588016,13.3564588016,13.3564588016,13.3564588016,200
11,125,2019-11-14 15:30:00,13.363447646400001,13.458379453800001,13.363447646400001,13.3661655304,1700
12,124,2019-11-15 10:00:00,13.3564588016,13.3564588016,13.3564588016,13.3564588016,1082
13,123,2019-11-15 10:30:00,13.3661655304,13.3661655304,13.3661655304,13.3661655304,1100
14,122,2019-11-15 11:00:00,13.375872259200001,13.375872259200001,13.317631886500001,13.317631886500001,2090
15,121,2019-11-15 11:30:00,13.3710188948,13.4146991743,13.3273386153,13.414602107,2500
16,120,2019-11-15 12:30:00,13.400139081099999,13.400139081099999,13.400139081099999,13.400139081099999,100
17,119,2019-11-15 13:30:00,13.400139081099999,13.400139081099999,13.400139081099999,13.400139081099999,100
18,118,2019-11-15 14:00:00,13.400139081099999,14.0650500026,13.400139081099999,13.5991270211,2700
19,117,2019-11-15 14:30:00,13.579713563599999,13.579713563599999,13.4923530046,13.4923530046,532
20,116,2019-11-15 15:30:00,13.337045344100002,13.337045344100002,13.337045344100002,13.337045344100002,100
21,115,2019-11-15 16:00:00,13.4348891702,13.4348891702,13.337045344100002,13.337045344100002,1359
22,114,2019-11-18 10:00:00,13.317631886500001,13.5672889507,13.317631886500001,13.5672889507,926
23,113,2019-11-18 10:30:00,13.3273386153,13.3273386153,13.3273386153,13.3273386153,100
24,112,2019-11-18 11:00:00,13.3467520729,13.3467520729,13.3467520729,13.3467520729,100
25,111,2019-11-18 11:30:00,13.3467520729,13.3467520729,13.3467520729,13.3467520729,100
26,110,2019-11-18 12:00:00,13.385578987999999,13.385578987999999,13.385578987999999,13.385578987999999,100
27,109,2019-11-18 12:30:00,13.571559911400001,13.571559911400001,13.571559911400001,13.571559911400001,200
28,108,2019-11-18 14:30:00,13.6864875802,13.715607766500002,13.48070493,13.48070493,1933
29,107,2019-11-19 10:00:00,13.375872259200001,13.375872259200001,13.375872259200001,13.375872259200001,1492
30,106,2019-11-19 14:00:00,13.5388482354,13.5388482354,13.5020597333,13.5020597333,2278
31,105,2019-11-19 14:30:00,13.4632328182,13.4632328182,13.375872259200001,13.375872259200001,2300
32,104,2019-11-19 15:00:00,13.3079251577,13.364709521099998,13.3079251577,13.3564588016,2300
33,103,2019-11-19 15:30:00,13.337045344100002,13.337045344100002,13.278804971400001,13.298218429,1663
34,102,2019-11-19 16:00:00,13.298218429,13.298218429,13.2302713275,13.239978056300002,2779
35,101,2019-11-19 16:30:00,13.3952857168,13.3952857168,13.3952857168,13.3952857168,100
36,100,2019-11-20 10:00:00,13.298218429,13.309769436199998,13.298218429,13.309769436199998,500
37,99,2019-11-20 12:30:00,13.288511700199999,13.288511700199999,13.288511700199999,13.288511700199999,849
38,98,2019-11-20 13:00:00,13.288511700199999,13.3366570749,13.288511700199999,13.3366570749,241
39,97,2019-11-20 13:30:00,13.288511700199999,13.288511700199999,13.288511700199999,13.288511700199999,100
40,96,2019-11-20 14:00:00,13.288511700199999,13.288511700199999,13.288511700199999,13.288511700199999,100
41,95,2019-11-20 14:30:00,13.288511700199999,13.288511700199999,13.288511700199999,13.288511700199999,100
42,94,2019-11-20 15:00:00,13.288511700199999,13.288511700199999,13.288511700199999,13.288511700199999,100
43,93,2019-11-20 15:30:00,13.288511700199999,13.288511700199999,13.288511700199999,13.288511700199999,100
44,92,2019-11-20 16:00:00,13.288511700199999,13.288511700199999,13.288511700199999,13.288511700199999,200
45,91,2019-11-21 11:00:00,13.298218429,13.298218429,13.298218429,13.298218429,300
46,90,2019-11-21 11:30:00,13.298218429,13.3079251577,13.298218429,13.3079251577,200
47,89,2019-11-21 12:30:00,13.3079251577,13.3079251577,13.3079251577,13.3079251577,200
48,88,2019-11-21 13:00:00,13.305983812000001,13.305983812000001,13.305983812000001,13.305983812000001,100
49,87,2019-11-21 13:30:00,13.3079251577,13.3079251577,13.3079251577,13.3079251577,100
50,86,2019-11-21 14:00:00,13.298218429,13.298218429,13.298218429,13.298218429,100
51,85,2019-11-21 14:30:00,13.298218429,13.298218429,13.298218429,13.298218429,100
52,84,2019-11-21 15:00:00,13.298218429,13.298218429,13.2593915138,13.2593915138,921
53,83,2019-11-21 15:30:00,13.2302713275,13.2302713275,13.2302713275,13.2302713275,100
54,82,2019-11-21 16:00:00,13.2302713275,13.2496847851,13.2302713275,13.2302713275,2173
55,81,2019-11-22 10:00:00,13.2496847851,13.2496847851,13.2482287757,13.2482287757,1340
56,80,2019-11-22 10:30:00,13.239978056300002,13.239978056300002,13.239978056300002,13.239978056300002,100
57,79,2019-11-22 11:00:00,13.336948276800001,13.336948276800001,13.2302713275,13.260847523099999,3900
58,78,2019-11-22 11:30:00,13.2302713275,13.2302713275,13.2302713275,13.2302713275,100
59,77,2019-11-22 12:00:00,13.2974418906,13.2974418906,13.2302713275,13.2302713275,525
60,76,2019-11-22 13:00:00,13.2302713275,13.2302713275,13.2302713275,13.2302713275,100
61,75,2019-11-22 13:30:00,13.239978056300002,13.239978056300002,13.239978056300002,13.239978056300002,100
62,74,2019-11-22 14:30:00,13.2302713275,13.2302713275,13.2302713275,13.2302713275,100
63,73,2019-11-22 15:00:00,13.2302713275,13.2302713275,13.2302713275,13.2302713275,100
64,72,2019-11-22 15:30:00,13.2302713275,13.2302713275,13.2302713275,13.2302713275,100
65,71,2019-11-22 16:00:00,13.2302713275,13.239978056300002,13.2302713275,13.2302713275,865
66,70,2019-11-25 10:00:00,13.239978056300002,13.2814257882,13.2302713275,13.2814257882,4224
67,69,2019-11-25 10:30:00,13.3044307354,13.3044307354,13.3044307354,13.3044307354,1467
68,68,2019-11-25 11:00:00,13.278804971400001,13.278804971400001,13.278804971400001,13.278804971400001,256
69,67,2019-11-25 11:30:00,13.278804971400001,13.278804971400001,13.278804971400001,13.278804971400001,100
70,66,2019-11-25 12:00:00,13.278804971400001,13.278804971400001,13.2205645987,13.2496847851,4009
71,65,2019-11-25 13:30:00,13.244831420699999,13.244831420699999,13.244831420699999,13.244831420699999,227
72,64,2019-11-25 14:30:00,13.2617211287,13.2617211287,13.2617211287,13.2617211287,200
73,63,2019-11-25 15:00:00,13.2496847851,13.2496847851,13.2496847851,13.2496847851,100
74,62,2019-11-25 15:30:00,13.2496847851,13.2496847851,13.2496847851,13.2496847851,100
75,61,2019-11-25 16:00:00,13.2496847851,13.2496847851,13.2205645987,13.2205645987,471
76,60,2019-11-26 10:00:00,13.2205645987,13.2205645987,13.2205645987,13.2205645987,488
77,59,2019-11-26 11:00:00,13.2302713275,13.2302713275,13.2302713275,13.2302713275,100
78,58,2019-11-26 11:30:00,13.2302713275,13.2302713275,13.2302713275,13.2302713275,100
79,57,2019-11-26 12:30:00,13.2302713275,13.2302713275,13.2302713275,13.2302713275,100
80,56,2019-11-26 13:00:00,13.2302713275,13.2302713275,13.2302713275,13.2302713275,200
81,55,2019-11-26 14:00:00,13.2302713275,13.2302713275,13.2302713275,13.2302713275,100
82,54,2019-11-26 14:30:00,13.2302713275,13.2302713275,13.2302713275,13.2302713275,100
83,53,2019-11-26 15:30:00,13.2496847851,13.3273386153,13.2496847851,13.3273386153,2700
84,52,2019-11-26 16:00:00,13.2846290087,13.3273386153,13.2205645987,13.2205645987,829
85,51,2019-11-27 10:00:00,13.375872259200001,13.375872259200001,13.375872259200001,13.375872259200001,1002
86,50,2019-11-27 11:30:00,13.319864434100001,13.319864434100001,13.319864434100001,13.319864434100001,148
87,49,2019-11-27 12:00:00,13.3273386153,13.3273386153,13.317631886500001,13.3224852509,2057
88,48,2019-11-27 12:30:00,13.317631886500001,13.317631886500001,13.298218429,13.298218429,325
89,47,2019-11-27 14:00:00,13.3079251577,13.3273386153,13.3079251577,13.3273386153,542
90,46,2019-11-27 15:00:00,13.2690982426,13.2690982426,13.2690982426,13.2690982426,300
91,45,2019-11-27 16:00:00,13.2496847851,13.2496847851,13.2302713275,13.2302713275,615
92,44,2019-11-29 10:00:00,13.3273386153,13.3273386153,13.3273386153,13.3273386153,684
93,43,2019-11-29 11:00:00,13.2496847851,13.2496847851,13.2496847851,13.2496847851,300
94,42,2019-11-29 12:30:00,13.2865703544,13.2865703544,13.283658335799998,13.283658335799998,350
95,41,2019-11-29 13:00:00,13.2302713275,13.239978056300002,13.2302713275,13.239978056300002,403
96,40,2019-11-29 13:30:00,13.2302713275,13.2302713275,13.2302713275,13.2302713275,100
97,39,2019-11-29 16:00:00,13.2302713275,13.2302713275,13.2302713275,13.2302713275,0
98,38,2019-12-02 10:00:00,13.317631886500001,13.317631886500001,13.317631886500001,13.317631886500001,1858
99,37,2019-12-02 10:30:00,13.281522855499999,13.281522855499999,13.281522855499999,13.281522855499999,130
100,36,2019-12-02 12:00:00,13.2851143451,13.2851143451,13.278804971400001,13.278804971400001,900
101,35,2019-12-02 14:30:00,13.2690982426,13.2690982426,13.2109549372,13.2370660376,1628
102,34,2019-12-02 15:00:00,13.2487141122,13.2487141122,13.2487141122,13.2487141122,105
103,33,2019-12-02 16:00:00,13.2974418906,13.2974418906,13.2974418906,13.2974418906,750
104,32,2019-12-03 10:00:00,13.4049924455,13.4049924455,13.4049924455,13.4049924455,200
105,31,2019-12-03 14:30:00,13.2690982426,13.2690982426,13.2690982426,13.2690982426,100
106,30,2019-12-03 16:00:00,13.337045344100002,13.341898708499999,13.288511700199999,13.298218429,1393
107,29,2019-12-04 10:00:00,13.4146991743,13.4146991743,13.4146991743,13.4146991743,806
108,28,2019-12-04 12:00:00,13.4146991743,13.4146991743,13.4146991743,13.4146991743,100
109,27,2019-12-04 13:00:00,13.4146991743,13.4146991743,13.4146991743,13.4146991743,205
110,26,2019-12-04 14:30:00,13.4146991743,13.4146991743,13.4146991743,13.4146991743,100
111,25,2019-12-04 15:00:00,13.4146991743,13.4146991743,13.4146991743,13.4146991743,101
112,24,2019-12-04 15:30:00,13.4146991743,13.4146991743,13.3952857168,13.3952857168,1900
113,23,2019-12-04 16:00:00,13.3952857168,13.400527350299999,13.317631886500001,13.3273386153,843
114,22,2019-12-05 10:00:00,13.4244059031,13.4244059031,13.4244059031,13.4244059031,222
115,21,2019-12-05 10:30:00,13.3533526484,13.3533526484,13.3533526484,13.3533526484,700
116,20,2019-12-05 12:00:00,13.3564588016,13.3564588016,13.3564588016,13.3564588016,100
117,19,2019-12-05 12:30:00,13.317631886500001,13.317631886500001,13.317631886500001,13.317631886500001,200
118,18,2019-12-05 14:00:00,13.3079251577,13.3079251577,13.3079251577,13.3079251577,100
119,17,2019-12-05 15:00:00,13.3079251577,13.3079251577,13.3079251577,13.3079251577,100
120,16,2019-12-05 15:30:00,13.3318037105,13.3473344766,13.298218429,13.298218429,1646
121,15,2019-12-05 16:00:00,13.298218429,13.298218429,13.298218429,13.298218429,300
122,14,2019-12-06 10:00:00,13.4049924455,13.4049924455,13.4049924455,13.4049924455,1956
123,13,2019-12-06 11:00:00,13.352187841,13.352187841,13.352187841,13.352187841,150
124,12,2019-12-06 11:30:00,13.3467520729,13.4049924455,13.3467520729,13.4049924455,234
125,11,2019-12-06 13:00:00,13.3467520729,13.3467520729,13.3467520729,13.3467520729,100
126,10,2019-12-06 14:00:00,13.3467520729,13.3467520729,13.3467520729,13.3467520729,100
127,9,2019-12-06 15:00:00,13.3467520729,13.3467520729,13.3467520729,13.3467520729,100
128,8,2019-12-06 15:30:00,13.3467520729,13.3467520729,13.3467520729,13.3467520729,100
129,7,2019-12-06 16:00:00,13.3774253358,13.3774253358,13.3467520729,13.3467520729,700
130,6,2019-12-09 10:00:00,13.337045344100002,13.337045344100002,13.337045344100002,13.337045344100002,200
131,5,2019-12-09 11:30:00,13.361215098699999,13.361215098699999,13.361215098699999,13.361215098699999,500
132,4,2019-12-09 12:00:00,13.288511700199999,13.288511700199999,13.288511700199999,13.288511700199999,200
133,3,2019-12-09 13:00:00,13.317631886500001,13.317631886500001,13.317631886500001,13.317631886500001,101
134,2,2019-12-09 14:00:00,13.3079251577,13.3079251577,13.3079251577,13.3079251577,103
135,1,2019-12-09 15:00:00,13.298218429,13.298218429,13.298218429,13.298218429,102
136,0,2019-12-09 16:00:00,13.298218429,13.298218429,13.298218429,13.298218429,408
