,index,time,open,high,low,close,volume
0,319,2020-09-08 09:00:00,9.16,9.16,9.16,9.16,400
1,318,2020-09-08 09:30:00,9.15,9.15,8.95,8.96,21752
2,317,2020-09-08 10:00:00,8.97,9.15,8.82,8.88,990422
3,316,2020-09-08 10:30:00,8.875,8.875,8.765,8.84,732139
4,315,2020-09-08 11:00:00,8.84,8.9,8.69,8.695,650056
5,314,2020-09-08 11:30:00,8.695,8.785,8.68,8.76,579224
6,313,2020-09-08 12:00:00,8.76,8.77,8.72,8.73,331649
7,312,2020-09-08 12:30:00,8.734,8.825,8.705,8.8142,527119
8,311,2020-09-08 13:00:00,8.815,8.82,8.78,8.79,217090
9,310,2020-09-08 13:30:00,8.785,8.84,8.78,8.825,404899
10,309,2020-09-08 14:00:00,8.82,8.82,8.785,8.79,278799
11,308,2020-09-08 14:30:00,8.79,8.81,8.755,8.755,432726
12,307,2020-09-08 15:00:00,8.755,8.775,8.72,8.765,363195
13,306,2020-09-08 15:30:00,8.765,8.815,8.75,8.805,303618
14,305,2020-09-08 16:00:00,8.8,8.845,8.79,8.8,844625
15,304,2020-09-08 16:30:00,8.8,8.8,8.8,8.8,42807
16,303,2020-09-08 17:30:00,8.8,8.8002,8.8,8.8,1100
17,302,2020-09-08 18:00:00,8.8,8.8,8.8,8.8,400
18,301,2020-09-08 19:30:00,8.85,8.85,8.85,8.85,1000
19,300,2020-09-09 08:30:00,8.9,8.9,8.9,8.9,650
20,299,2020-09-09 09:00:00,8.9,8.9,8.85,8.85,1470
21,298,2020-09-09 09:30:00,8.89,8.9,8.85,8.85,9420
22,297,2020-09-09 10:00:00,8.81,8.85,8.735,8.755,640628
23,296,2020-09-09 10:30:00,8.77,8.815,8.67,8.67,266241
24,295,2020-09-09 11:00:00,8.675,8.705,8.66,8.685,441705
25,294,2020-09-09 11:30:00,8.69,8.76,8.685,8.755,213703
26,293,2020-09-09 12:00:00,8.755,8.777000000000001,8.72,8.76,258511
27,292,2020-09-09 12:30:00,8.76,8.76,8.725,8.735,99914
28,291,2020-09-09 13:00:00,8.735,8.775,8.73,8.755,246275
29,290,2020-09-09 13:30:00,8.755,8.875,8.75,8.875,310837
30,289,2020-09-09 14:00:00,8.87,8.91,8.86,8.875,247033
31,288,2020-09-09 14:30:00,8.88,8.9,8.87,8.885,292336
32,287,2020-09-09 15:00:00,8.89,8.905,8.88,8.9,330537
33,286,2020-09-09 15:30:00,8.895,8.935,8.89,8.92,421799
34,285,2020-09-09 16:00:00,8.915,8.93,8.89,8.9,1078362
35,284,2020-09-09 16:30:00,8.91,8.91,8.91,8.91,14694
36,283,2020-09-10 10:00:00,8.95,8.98,8.88,8.94,348709
37,282,2020-09-10 10:30:00,8.94,8.955,8.88,8.885,249674
38,281,2020-09-10 11:00:00,8.89,8.91,8.815,8.82,409608
39,280,2020-09-10 11:30:00,8.815,8.86,8.81,8.835,213135
40,279,2020-09-10 12:00:00,8.835,8.845,8.785,8.79,137114
41,278,2020-09-10 12:30:00,8.8,8.81,8.78,8.805,165319
42,277,2020-09-10 13:00:00,8.805,8.83,8.77,8.775,139493
43,276,2020-09-10 13:30:00,8.77,8.83,8.765,8.815,242981
44,275,2020-09-10 14:00:00,8.815,8.84,8.815,8.825,148187
45,274,2020-09-10 14:30:00,8.825,8.85,8.79,8.795,387262
46,273,2020-09-10 15:00:00,8.795,8.81,8.77,8.805,136416
47,272,2020-09-10 15:30:00,8.81,8.82,8.75,8.765,192788
48,271,2020-09-10 16:00:00,8.76,8.77,8.71,8.72,881912
49,270,2020-09-10 16:30:00,8.72,8.72,8.72,8.72,73538
50,269,2020-09-11 09:30:00,8.72,8.72,8.72,8.72,245
51,268,2020-09-11 10:00:00,8.7,8.71,8.5647,8.61,443427
52,267,2020-09-11 10:30:00,8.605,8.67,8.6025,8.615,263363
53,266,2020-09-11 11:00:00,8.62,8.635,8.6,8.605,157015
54,265,2020-09-11 11:30:00,8.61,8.66,8.6,8.655,99391
55,264,2020-09-11 12:00:00,8.66,8.705,8.65,8.69,128055
56,263,2020-09-11 12:30:00,8.695,8.75,8.685,8.74,116043
57,262,2020-09-11 13:00:00,8.74,8.74,8.705,8.71,110037
58,261,2020-09-11 13:30:00,8.71,8.72,8.65,8.665,197979
59,260,2020-09-11 14:00:00,8.665,8.695,8.65,8.655,145158
60,259,2020-09-11 14:30:00,8.658999999999999,8.69,8.64,8.675,144264
61,258,2020-09-11 15:00:00,8.675,8.695,8.66,8.685,140453
62,257,2020-09-11 15:30:00,8.685,8.725,8.67,8.71,118372
63,256,2020-09-11 16:00:00,8.72,8.745,8.71,8.74,448886
64,255,2020-09-11 16:30:00,8.74,8.74,8.74,8.74,17309
65,254,2020-09-14 10:00:00,8.79,8.885,8.76,8.87,297354
66,253,2020-09-14 10:30:00,8.88,8.91,8.84,8.91,143523
67,252,2020-09-14 11:00:00,8.91,8.95,8.905,8.92,161814
68,251,2020-09-14 11:30:00,8.925,8.96,8.92,8.955,98238
69,250,2020-09-14 12:00:00,8.955,8.96,8.895,8.905,131356
70,249,2020-09-14 12:30:00,8.905,8.955,8.9,8.955,116978
71,248,2020-09-14 13:00:00,8.955,9.0,8.955,8.995,133981
72,247,2020-09-14 13:30:00,8.9978,9.02,8.965,9.0,210825
73,246,2020-09-14 14:00:00,9.01,9.01,8.94,8.94,100861
74,245,2020-09-14 14:30:00,8.945,8.96,8.935,8.9581,64431
75,244,2020-09-14 15:00:00,8.95,8.965,8.92,8.95,116464
76,243,2020-09-14 15:30:00,8.945,8.95,8.9,8.915,134563
77,242,2020-09-14 16:00:00,8.91,8.96,8.9,8.93,379753
78,241,2020-09-14 16:30:00,8.94,8.9898,8.94,8.9898,34421
79,240,2020-09-15 08:30:00,9.05,9.05,9.05,9.05,400
80,239,2020-09-15 09:30:00,9.0,9.0,8.99,8.99,631
81,238,2020-09-15 10:00:00,8.97,8.985,8.815,8.815,214998
82,237,2020-09-15 10:30:00,8.82,8.92,8.815,8.88,158438
83,236,2020-09-15 11:00:00,8.88,8.97,8.88,8.955,115747
84,235,2020-09-15 11:30:00,8.955,8.97,8.9,8.9,191738
85,234,2020-09-15 12:00:00,8.9,8.92,8.885,8.905,114929
86,233,2020-09-15 12:30:00,8.905,8.91,8.885,8.895,261042
87,232,2020-09-15 13:00:00,8.895,8.92,8.88,8.92,116517
88,231,2020-09-15 13:30:00,8.92,8.95,8.91,8.915,124138
89,230,2020-09-15 14:00:00,8.915,8.93,8.9,8.915,84166
90,229,2020-09-15 14:30:00,8.92,8.94,8.91,8.94,54813
91,228,2020-09-15 15:00:00,8.93,8.935,8.85,8.85,191052
92,227,2020-09-15 15:30:00,8.855,8.87,8.82,8.86,277708
93,226,2020-09-15 16:00:00,8.855,8.86,8.8,8.81,721943
94,225,2020-09-15 16:30:00,8.81,8.81,8.81,8.81,10352
95,224,2020-09-16 09:30:00,8.8,8.8,8.79,8.79,1193
96,223,2020-09-16 10:00:00,8.8,8.82,8.73,8.765,247973
97,222,2020-09-16 10:30:00,8.76,8.875,8.76,8.845,150162
98,221,2020-09-16 11:00:00,8.845,8.865,8.825,8.855,120073
99,220,2020-09-16 11:30:00,8.855,8.95,8.85,8.925,219948
100,219,2020-09-16 12:00:00,8.92,8.935,8.9033,8.92,104770
101,218,2020-09-16 12:30:00,8.915,8.95,8.91,8.95,99932
102,217,2020-09-16 13:00:00,8.95,8.95,8.91,8.915,107728
103,216,2020-09-16 13:30:00,8.915,8.94,8.91,8.93,87115
104,215,2020-09-16 14:00:00,8.935,8.95,8.92,8.92,92018
105,214,2020-09-16 14:30:00,8.92,8.97,8.92,8.955,127960
106,213,2020-09-16 15:00:00,8.955,9.01,8.955,8.985,237629
107,212,2020-09-16 15:30:00,8.985,9.0,8.92,8.97,291114
108,211,2020-09-16 16:00:00,8.97,8.975,8.91,8.92,745884
109,210,2020-09-16 16:30:00,8.92,8.92,8.8429,8.8429,48356
110,209,2020-09-17 08:00:00,8.94,8.94,8.94,8.94,1500
111,208,2020-09-17 09:00:00,8.82,8.82,8.82,8.82,100
112,207,2020-09-17 10:00:00,8.76,8.845,8.73,8.82,252169
113,206,2020-09-17 10:30:00,8.825,8.92,8.815,8.91,220326
114,205,2020-09-17 11:00:00,8.9122,8.94,8.89,8.94,115865
115,204,2020-09-17 11:30:00,8.935,8.97,8.92,8.96,126116
116,203,2020-09-17 12:00:00,8.955,8.97,8.94,8.96,77573
117,202,2020-09-17 12:30:00,8.955,8.98,8.93,8.98,165488
118,201,2020-09-17 13:00:00,8.98,9.035,8.975,9.025,161513
119,200,2020-09-17 13:30:00,9.02,9.04,9.0,9.035,61038
120,199,2020-09-17 14:00:00,9.03,9.04,9.02,9.03,119888
121,198,2020-09-17 14:30:00,9.03,9.06,9.025,9.03,132064
122,197,2020-09-17 15:00:00,9.035,9.04,9.02,9.0223,118334
123,196,2020-09-17 15:30:00,9.025,9.03,9.0,9.015,254539
124,195,2020-09-17 16:00:00,9.01,9.04,9.01,9.03,561162
125,194,2020-09-17 16:30:00,9.03,9.03,9.03,9.03,22638
126,193,2020-09-17 17:00:00,9.04,9.04,9.04,9.04,300
127,192,2020-09-17 19:00:00,9.03,9.03,9.03,9.03,300
128,191,2020-09-18 09:00:00,8.93,9.05,8.93,9.01,5490
129,190,2020-09-18 09:30:00,9.01,9.02,8.95,8.95,2018
130,189,2020-09-18 10:00:00,9.04,9.0734,8.955,8.98,822700
131,188,2020-09-18 10:30:00,8.98,9.08,8.94,9.065,125047
132,187,2020-09-18 11:00:00,9.065,9.09,9.0539,9.065,122453
133,186,2020-09-18 11:30:00,9.06,9.07,9.005,9.02,108617
134,185,2020-09-18 12:00:00,9.02,9.045,9.01,9.025,94947
135,184,2020-09-18 12:30:00,9.025,9.025,9.0,9.0051,119200
136,183,2020-09-18 13:00:00,9.005,9.005,8.96,8.965,143578
137,182,2020-09-18 13:30:00,8.96,9.01,8.95,8.98,123027
138,181,2020-09-18 14:00:00,8.975,9.0,8.965,8.995,142199
139,180,2020-09-18 14:30:00,8.995,9.035,8.99,9.03,146503
140,179,2020-09-18 15:00:00,9.03,9.04,9.015,9.04,162365
141,178,2020-09-18 15:30:00,9.04,9.05,9.01,9.02,195859
142,177,2020-09-18 16:00:00,9.02,9.04,8.96,8.97,1042518
143,176,2020-09-18 16:30:00,8.97,9.0397,8.91,8.91,259552
144,175,2020-09-18 17:00:00,8.9717,8.9717,8.9717,8.9717,696
145,174,2020-09-18 19:30:00,9.01,9.01,9.01,9.01,2100
146,173,2020-09-21 05:00:00,8.78,8.78,8.78,8.78,100
147,172,2020-09-21 07:30:00,8.76,8.76,8.75,8.75,4553
148,171,2020-09-21 08:00:00,8.73,8.73,8.73,8.73,100
149,170,2020-09-21 08:30:00,8.81,8.81,8.81,8.81,100
150,169,2020-09-21 09:00:00,8.85,8.85,8.85,8.85,100
151,168,2020-09-21 10:00:00,8.8,8.865,8.74,8.855,464309
152,167,2020-09-21 10:30:00,8.8504,8.9,8.7876,8.82,212953
153,166,2020-09-21 11:00:00,8.82,8.82,8.755,8.77,160220
154,165,2020-09-21 11:30:00,8.77,8.78,8.7,8.705,165314
155,164,2020-09-21 12:00:00,8.7,8.725,8.665,8.705,160322
156,163,2020-09-21 12:30:00,8.7,8.71,8.6624,8.675,147456
157,162,2020-09-21 13:00:00,8.675,8.7,8.65,8.67,209812
158,161,2020-09-21 13:30:00,8.665,8.7,8.64,8.7,99998
159,160,2020-09-21 14:00:00,8.695,8.71,8.68,8.69,167814
160,159,2020-09-21 14:30:00,8.685,8.69,8.65,8.665,160341
161,158,2020-09-21 15:00:00,8.665,8.72,8.64,8.72,278187
162,157,2020-09-21 15:30:00,8.72,8.77,8.705,8.76,456609
163,156,2020-09-21 16:00:00,8.765,8.795,8.71,8.73,766418
164,155,2020-09-21 16:30:00,8.73,8.73,8.73,8.73,27405
165,154,2020-09-21 17:00:00,8.73,8.73,8.73,8.73,200
166,153,2020-09-22 08:00:00,8.73,8.73,8.73,8.73,110
167,152,2020-09-22 10:00:00,8.73,8.83,8.705,8.735,304225
168,151,2020-09-22 10:30:00,8.73,8.73,8.65,8.665,274746
169,150,2020-09-22 11:00:00,8.67,8.7,8.57,8.57,130407
170,149,2020-09-22 11:30:00,8.58,8.58,8.535,8.545,141322
171,148,2020-09-22 12:00:00,8.545,8.545,8.48,8.49,197460
172,147,2020-09-22 12:30:00,8.49,8.49,8.41,8.412,307725
173,146,2020-09-22 13:00:00,8.4131,8.495,8.4,8.475,294679
174,145,2020-09-22 13:30:00,8.475,8.53,8.45,8.515,223161
175,144,2020-09-22 14:00:00,8.515,8.64,8.51,8.605,478228
176,143,2020-09-22 14:30:00,8.605,8.63,8.59,8.625,233604
177,142,2020-09-22 15:00:00,8.63,8.63,8.585,8.595,157944
178,141,2020-09-22 15:30:00,8.595,8.62,8.56,8.6,217620
179,140,2020-09-22 16:00:00,8.605,8.64,8.6,8.62,688712
180,139,2020-09-22 16:30:00,8.62,8.62,8.62,8.62,303112
181,138,2020-09-22 18:30:00,8.62,8.62,8.62,8.62,100
182,137,2020-09-23 07:30:00,8.62,8.62,8.62,8.62,1850
183,136,2020-09-23 09:30:00,8.6178,8.65,8.61,8.61,4690
184,135,2020-09-23 10:00:00,8.6,8.78,8.6,8.75,220308
185,134,2020-09-23 10:30:00,8.75,8.75,8.655,8.7,91119
186,133,2020-09-23 11:00:00,8.697000000000001,8.7,8.64,8.69,72815
187,132,2020-09-23 11:30:00,8.69,8.705,8.64,8.64,72566
188,131,2020-09-23 12:00:00,8.645,8.67,8.63,8.63,73546
189,130,2020-09-23 12:30:00,8.63,8.66,8.615,8.6274,78660
190,129,2020-09-23 13:00:00,8.63,8.65,8.61,8.615,70810
191,128,2020-09-23 13:30:00,8.62,8.62,8.59,8.595,115677
192,127,2020-09-23 14:00:00,8.59,8.6,8.56,8.57,76727
193,126,2020-09-23 14:30:00,8.57,8.58,8.53,8.54,236072
194,125,2020-09-23 15:00:00,8.54,8.55,8.49,8.5,172953
195,124,2020-09-23 15:30:00,8.505,8.51,8.46,8.48,190298
196,123,2020-09-23 16:00:00,8.475,8.4997,8.41,8.42,589294
197,122,2020-09-23 16:30:00,8.42,8.42,8.42,8.42,24884
198,121,2020-09-23 18:00:00,8.4301,8.4301,8.43,8.43,200
199,120,2020-09-23 20:00:00,8.43,8.43,8.43,8.43,400
200,119,2020-09-24 08:30:00,8.45,8.45,8.41,8.41,777
201,118,2020-09-24 09:00:00,8.41,8.41,8.35,8.35,2888
202,117,2020-09-24 09:30:00,8.4,8.49,8.4,8.49,6518
203,116,2020-09-24 10:00:00,8.45,8.49,8.29,8.32,434993
204,115,2020-09-24 10:30:00,8.32,8.47,8.32,8.44,253312
205,114,2020-09-24 11:00:00,8.435,8.44,8.285,8.305,462480
206,113,2020-09-24 11:30:00,8.31,8.32,8.225,8.23,249967
207,112,2020-09-24 12:00:00,8.23,8.28,8.21,8.265,312873
208,111,2020-09-24 12:30:00,8.27,8.34,8.255,8.31,251543
209,110,2020-09-24 13:00:00,8.31,8.32,8.28,8.315,191557
210,109,2020-09-24 13:30:00,8.31,8.385,8.305,8.375,257020
211,108,2020-09-24 14:00:00,8.375,8.3752,8.33,8.335,225443
212,107,2020-09-24 14:30:00,8.34,8.34,8.26,8.27,240782
213,106,2020-09-24 15:00:00,8.275,8.28,8.18,8.18,295870
214,105,2020-09-24 15:30:00,8.185,8.245,8.18,8.205,474850
215,104,2020-09-24 16:00:00,8.205,8.2277,8.17,8.2,814345
216,103,2020-09-24 16:30:00,8.2,8.2,8.2,8.2,26116
217,102,2020-09-24 17:00:00,8.2001,8.22,8.2,8.22,656
218,101,2020-09-24 17:30:00,8.2001,8.2001,8.2,8.2,400
219,100,2020-09-25 07:30:00,8.18,8.21,8.18,8.21,925
220,99,2020-09-25 09:30:00,8.26,8.26,8.26,8.26,201
221,98,2020-09-25 10:00:00,8.15,8.2273,8.07,8.145,583532
222,97,2020-09-25 10:30:00,8.14,8.195,8.13,8.145,285318
223,96,2020-09-25 11:00:00,8.145,8.17,8.125,8.17,153403
224,95,2020-09-25 11:30:00,8.165,8.21,8.13,8.185,368953
225,94,2020-09-25 12:00:00,8.185,8.24,8.18,8.205,359589
226,93,2020-09-25 12:30:00,8.2,8.24,8.2,8.2,110458
227,92,2020-09-25 13:00:00,8.205,8.25,8.205,8.25,79159
228,91,2020-09-25 13:30:00,8.245,8.25,8.165,8.17,146395
229,90,2020-09-25 14:00:00,8.175,8.185,8.155,8.165,117769
230,89,2020-09-25 14:30:00,8.165,8.19,8.165,8.175,171625
231,88,2020-09-25 15:00:00,8.17,8.19,8.17,8.18,104312
232,87,2020-09-25 15:30:00,8.185,8.23,8.18,8.215,185950
233,86,2020-09-25 16:00:00,8.215,8.24,8.18,8.22,445165
234,85,2020-09-25 16:30:00,8.22,8.22,8.22,8.22,461547
235,84,2020-09-25 17:00:00,8.22,8.22,8.22,8.22,100
236,83,2020-09-25 18:30:00,8.22,8.22,8.22,8.22,130
237,82,2020-09-28 08:00:00,8.3,8.3,8.24,8.28,4200
238,81,2020-09-28 10:00:00,8.37,8.495,8.3399,8.415,261869
239,80,2020-09-28 10:30:00,8.42,8.48,8.37,8.465,168377
240,79,2020-09-28 11:00:00,8.465,8.53,8.465,8.525,128797
241,78,2020-09-28 11:30:00,8.53,8.535,8.49,8.53,85133
242,77,2020-09-28 12:00:00,8.525,8.55,8.495,8.55,94708
243,76,2020-09-28 12:30:00,8.54,8.585,8.54,8.5677,84010
244,75,2020-09-28 13:00:00,8.57,8.58,8.54,8.56,75207
245,74,2020-09-28 13:30:00,8.56,8.57,8.505,8.515,61682
246,73,2020-09-28 14:00:00,8.5139,8.535,8.51,8.515,88165
247,72,2020-09-28 14:30:00,8.515,8.57,8.51,8.57,104145
248,71,2020-09-28 15:00:00,8.565,8.605,8.555,8.6,118239
249,70,2020-09-28 15:30:00,8.59,8.595,8.555,8.575,142699
250,69,2020-09-28 16:00:00,8.58,8.58,8.52,8.54,454430
251,68,2020-09-28 16:30:00,8.53,8.53,8.53,8.53,230123
252,67,2020-09-28 18:30:00,8.52,8.52,8.52,8.52,200
253,66,2020-09-29 08:00:00,8.43,8.55,8.32,8.32,9500
254,65,2020-09-29 10:00:00,8.46,8.54,8.44,8.465,253045
255,64,2020-09-29 10:30:00,8.4637,8.53,8.46,8.505,141693
256,63,2020-09-29 11:00:00,8.505,8.51,8.42,8.43,192007
257,62,2020-09-29 11:30:00,8.425,8.425,8.315,8.315,385479
258,61,2020-09-29 12:00:00,8.3177,8.34,8.27,8.305,135510
259,60,2020-09-29 12:30:00,8.31,8.35,8.285,8.35,103320
260,59,2020-09-29 13:00:00,8.345,8.36,8.325,8.355,63646
261,58,2020-09-29 13:30:00,8.355,8.375,8.3223,8.375,63081
262,57,2020-09-29 14:00:00,8.375,8.4,8.365,8.3814,73454
263,56,2020-09-29 14:30:00,8.385,8.415,8.36,8.41,113090
264,55,2020-09-29 15:00:00,8.405,8.42,8.38,8.38,93519
265,54,2020-09-29 15:30:00,8.385,8.4,8.37,8.395,121664
266,53,2020-09-29 16:00:00,8.395,8.425,8.36,8.37,466577
267,52,2020-09-29 16:30:00,8.36,8.36,8.36,8.36,22634
268,51,2020-09-29 20:00:00,8.36,8.36,8.36,8.36,100
269,50,2020-09-30 07:30:00,8.36,8.36,8.36,8.36,900
270,49,2020-09-30 10:00:00,8.37,8.5,8.37,8.41,181850
271,48,2020-09-30 10:30:00,8.41,8.5,8.36,8.395,478689
272,47,2020-09-30 11:00:00,8.4,8.47,8.39,8.4,316523
273,46,2020-09-30 11:30:00,8.4,8.41,8.32,8.325,215209
274,45,2020-09-30 12:00:00,8.325,8.345,8.27,8.2899,202743
275,44,2020-09-30 12:30:00,8.28,8.3769,8.28,8.375,244570
276,43,2020-09-30 13:00:00,8.375,8.395,8.36,8.375,180171
277,42,2020-09-30 13:30:00,8.375,8.3766,8.32,8.345,241403
278,41,2020-09-30 14:00:00,8.345,8.355,8.31,8.315,188361
279,40,2020-09-30 14:30:00,8.32,8.35,8.235,8.24,379494
280,39,2020-09-30 15:00:00,8.23,8.29,8.2226,8.29,314732
281,38,2020-09-30 15:30:00,8.28,8.29,8.19,8.24,535882
282,37,2020-09-30 16:00:00,8.24,8.29,8.22,8.26,753140
283,36,2020-09-30 16:30:00,8.27,8.27,8.27,8.27,377880
284,35,2020-09-30 17:00:00,8.27,8.27,8.27,8.27,1300
285,34,2020-09-30 20:00:00,8.32,8.32,8.32,8.32,800
286,33,2020-10-01 09:00:00,8.3,8.35,8.26,8.26,10800
287,32,2020-10-01 09:30:00,8.26,8.26,8.21,8.21,2837
288,31,2020-10-01 10:00:00,8.18,8.32,8.16,8.21,438259
289,30,2020-10-01 10:30:00,8.21,8.22,8.14,8.19,267045
290,29,2020-10-01 11:00:00,8.185,8.27,8.18,8.215,141581
291,28,2020-10-01 11:30:00,8.215,8.22,8.15,8.205,304035
292,27,2020-10-01 12:00:00,8.205,8.22,8.15,8.19,240758
293,26,2020-10-01 12:30:00,8.19,8.23,8.17,8.22,247924
294,25,2020-10-01 13:00:00,8.22,8.245,8.21,8.21,181311
295,24,2020-10-01 13:30:00,8.21,8.245,8.205,8.21,178232
296,23,2020-10-01 14:00:00,8.2139,8.23,8.19,8.205,202819
297,22,2020-10-01 14:30:00,8.205,8.215,8.13,8.21,309612
298,21,2020-10-01 15:00:00,8.22,8.22,8.19,8.19,222188
299,20,2020-10-01 15:30:00,8.195,8.22,8.16,8.18,298632
300,19,2020-10-01 16:00:00,8.175,8.22,8.17,8.21,850967
301,18,2020-10-01 16:30:00,8.22,8.22,8.22,8.22,26364
302,17,2020-10-01 18:00:00,8.22,8.22,8.22,8.22,198
303,16,2020-10-02 08:00:00,8.13,8.13,8.13,8.13,100
304,15,2020-10-02 09:00:00,8.08,8.08,8.08,8.08,20000
305,14,2020-10-02 10:00:00,8.08,8.16,7.985,8.075,926231
306,13,2020-10-02 10:30:00,8.075,8.195,8.06,8.195,338787
307,12,2020-10-02 11:00:00,8.195,8.25,8.18,8.25,327034
308,11,2020-10-02 11:30:00,8.245,8.335,8.24,8.33,199100
309,10,2020-10-02 12:00:00,8.33,8.33,8.28,8.28,550661
310,9,2020-10-02 12:30:00,8.28,8.4236,8.275,8.395,187428
311,8,2020-10-02 13:00:00,8.4,8.47,8.4,8.455,145554
312,7,2020-10-02 13:30:00,8.455,8.51,8.455,8.47,292205
313,6,2020-10-02 14:00:00,8.465,8.48,8.405,8.43,149314
314,5,2020-10-02 14:30:00,8.43,8.5,8.43,8.48,154982
315,4,2020-10-02 15:00:00,8.49,8.5,8.455,8.47,305225
316,3,2020-10-02 15:30:00,8.47,8.55,8.46,8.55,400217
317,2,2020-10-02 16:00:00,8.54,8.545,8.48,8.48,845267
318,1,2020-10-02 16:30:00,8.48,8.48,8.48,8.48,126970
319,0,2020-10-02 18:00:00,8.49,8.49,8.49,8.49,100
