,index,time,open,high,low,close,volume
0,411,2020-09-08 07:30:00,26.6,26.6,26.5,26.5,1475
1,410,2020-09-08 08:00:00,26.41,26.5,26.41,26.5,1731
2,409,2020-09-08 08:30:00,26.2783,26.59,26.15,26.47,8601
3,408,2020-09-08 09:00:00,26.5,26.5,26.5,26.5,1108
4,407,2020-09-08 09:30:00,26.2139,26.67,26.2139,26.5,2934
5,406,2020-09-08 10:00:00,26.34,26.49,25.59,25.8,677447
6,405,2020-09-08 10:30:00,25.82,25.845,25.53,25.75,316195
7,404,2020-09-08 11:00:00,25.75,25.85,25.6,25.74,262076
8,403,2020-09-08 11:30:00,25.737,26.095,25.6601,26.055,188149
9,402,2020-09-08 12:00:00,26.05,26.135,25.855,25.94,175854
10,401,2020-09-08 12:30:00,25.95,26.27,25.95,26.195,164794
11,400,2020-09-08 13:00:00,26.2,26.35,26.14,26.3317,121060
12,399,2020-09-08 13:30:00,26.34,26.39,26.26,26.35,136181
13,398,2020-09-08 14:00:00,26.35,26.425,26.2401,26.315,148184
14,397,2020-09-08 14:30:00,26.325,26.39,26.19,26.21,164523
15,396,2020-09-08 15:00:00,26.205,26.205,26.04,26.1635,212628
16,395,2020-09-08 15:30:00,26.16,26.35,25.97,26.33,422806
17,394,2020-09-08 16:00:00,26.33,26.375,26.13,26.15,975098
18,393,2020-09-08 16:30:00,26.15,26.15,25.97,25.97,47243
19,392,2020-09-08 17:00:00,26.01,26.01,26.01,26.01,100
20,391,2020-09-08 18:00:00,26.01,26.2,26.01,26.2,387
21,390,2020-09-08 18:30:00,26.01,26.01,26.0,26.0,2036
22,389,2020-09-08 19:00:00,25.97,25.97,25.97,25.97,400
23,388,2020-09-09 07:30:00,26.3,26.3,26.3,26.3,419
24,387,2020-09-09 08:30:00,26.57,26.57,26.57,26.57,1080
25,386,2020-09-09 09:00:00,26.55,26.57,26.36,26.36,360
26,385,2020-09-09 09:30:00,26.5399,26.58,26.5399,26.58,1666
27,384,2020-09-09 10:00:00,26.43,26.59,26.13,26.57,301382
28,383,2020-09-09 10:30:00,26.58,26.66,26.46,26.46,244393
29,382,2020-09-09 11:00:00,26.46,26.48,26.24,26.33,169628
30,381,2020-09-09 11:30:00,26.33,26.66,26.32,26.66,159462
31,380,2020-09-09 12:00:00,26.655,26.72,26.57,26.58,149111
32,379,2020-09-09 12:30:00,26.58,26.66,26.515,26.55,111516
33,378,2020-09-09 13:00:00,26.56,26.68,26.39,26.42,166911
34,377,2020-09-09 13:30:00,26.4306,26.59,26.4,26.5301,99682
35,376,2020-09-09 14:00:00,26.55,26.64,26.51,26.57,149337
36,375,2020-09-09 14:30:00,26.58,26.71,26.54,26.565,113906
37,374,2020-09-09 15:00:00,26.57,26.695,26.56,26.58,160210
38,373,2020-09-09 15:30:00,26.575,26.6998,26.575,26.645,192525
39,372,2020-09-09 16:00:00,26.645,26.66,26.46,26.49,431216
40,371,2020-09-09 16:30:00,26.48,26.63,26.48,26.63,81574
41,370,2020-09-09 17:30:00,26.5,26.5,26.5,26.5,261
42,369,2020-09-09 19:00:00,26.52,26.52,26.52,26.52,564
43,368,2020-09-09 20:00:00,26.6,26.6,26.6,26.6,250
44,367,2020-09-10 07:30:00,26.25,26.25,26.25,26.25,238
45,366,2020-09-10 08:30:00,26.54,26.54,26.25,26.54,1084
46,365,2020-09-10 09:00:00,26.35,26.35,26.35,26.35,287
47,364,2020-09-10 09:30:00,26.4,26.55,26.4,26.55,1471
48,363,2020-09-10 10:00:00,26.64,26.84,26.42,26.42,250056
49,362,2020-09-10 10:30:00,26.45,26.84,26.4347,26.56,221639
50,361,2020-09-10 11:00:00,26.56,26.62,26.3285,26.35,200527
51,360,2020-09-10 11:30:00,26.36,26.56,26.31,26.46,203013
52,359,2020-09-10 12:00:00,26.45,26.49,26.34,26.42,281219
53,358,2020-09-10 12:30:00,26.41,26.51,26.37,26.44,146962
54,357,2020-09-10 13:00:00,26.44,26.5,26.38,26.48,358641
55,356,2020-09-10 13:30:00,26.5,26.695,26.47,26.6,111060
56,355,2020-09-10 14:00:00,26.59,26.65,26.43,26.48,91459
57,354,2020-09-10 14:30:00,26.49,26.57,26.35,26.36,166340
58,353,2020-09-10 15:00:00,26.37,26.4454,26.25,26.37,192294
59,352,2020-09-10 15:30:00,26.37,26.38,26.085,26.17,242825
60,351,2020-09-10 16:00:00,26.16,26.205,26.01,26.03,473172
61,350,2020-09-10 16:30:00,26.03,26.19,26.03,26.03,40592
62,349,2020-09-10 17:00:00,26.03,26.03,26.03,26.03,8175
63,348,2020-09-10 19:00:00,26.16,26.16,26.16,26.16,400
64,347,2020-09-11 07:00:00,26.38,26.38,26.38,26.38,285
65,346,2020-09-11 10:00:00,26.14,26.37,25.868000000000002,26.24,420964
66,345,2020-09-11 10:30:00,26.245,26.55,26.24,26.43,224961
67,344,2020-09-11 11:00:00,26.43,26.49,26.33,26.38,201529
68,343,2020-09-11 11:30:00,26.39,26.5,26.36,26.4252,143163
69,342,2020-09-11 12:00:00,26.42,26.44,26.32,26.38,109131
70,341,2020-09-11 12:30:00,26.38,26.52,26.34,26.455,117906
71,340,2020-09-11 13:00:00,26.45,26.46,26.3225,26.35,152371
72,339,2020-09-11 13:30:00,26.36,26.39,26.15,26.18,333237
73,338,2020-09-11 14:00:00,26.17,26.22,26.09,26.115,186159
74,337,2020-09-11 14:30:00,26.11,26.205,26.07,26.15,106626
75,336,2020-09-11 15:00:00,26.14,26.305,26.13,26.28,134557
76,335,2020-09-11 15:30:00,26.29,26.41,26.17,26.3999,251319
77,334,2020-09-11 16:00:00,26.4,26.445,26.305,26.34,484608
78,333,2020-09-11 16:30:00,26.34,26.34,26.31,26.31,53709
79,332,2020-09-11 17:00:00,26.37,26.37,26.37,26.37,356
80,331,2020-09-11 17:30:00,26.39,26.39,26.39,26.39,100
81,330,2020-09-11 19:00:00,26.31,26.31,26.31,26.31,100
82,329,2020-09-11 19:30:00,26.39,26.39,26.39,26.39,200
83,328,2020-09-14 07:30:00,26.46,26.46,26.46,26.46,5525
84,327,2020-09-14 08:00:00,26.44,26.44,26.44,26.44,200
85,326,2020-09-14 08:30:00,26.5,26.5,26.39,26.39,1083
86,325,2020-09-14 09:00:00,26.44,26.44,26.44,26.44,716
87,324,2020-09-14 09:30:00,26.62,26.69,26.62,26.65,4901
88,323,2020-09-14 10:00:00,26.58,26.79,26.34,26.75,345008
89,322,2020-09-14 10:30:00,26.76,26.83,26.63,26.67,290327
90,321,2020-09-14 11:00:00,26.675,26.94,26.675,26.85,354045
91,320,2020-09-14 11:30:00,26.86,27.15,26.83,27.14,319962
92,319,2020-09-14 12:00:00,27.145,27.32,27.14,27.1709,276468
93,318,2020-09-14 12:30:00,27.175,27.4,27.17,27.285,215823
94,317,2020-09-14 13:00:00,27.28,27.49,27.26,27.4,222947
95,316,2020-09-14 13:30:00,27.39,27.49,27.37,27.49,218895
96,315,2020-09-14 14:00:00,27.49,27.53,27.425,27.47,195028
97,314,2020-09-14 14:30:00,27.4699,27.585,27.4699,27.51,174557
98,313,2020-09-14 15:00:00,27.515,27.615,27.38,27.43,277833
99,312,2020-09-14 15:30:00,27.435,27.45,27.215999999999998,27.24,303883
100,311,2020-09-14 16:00:00,27.24,27.41,27.16,27.3,549429
101,310,2020-09-14 16:30:00,27.29,27.3,27.29,27.3,56320
102,309,2020-09-14 17:30:00,27.2986,27.2986,27.2986,27.2986,100
103,308,2020-09-14 18:30:00,27.39,27.4,27.19,27.19,773
104,307,2020-09-15 07:30:00,27.5,27.5,27.5,27.5,295
105,306,2020-09-15 08:30:00,27.55,27.59,27.3,27.59,706
106,305,2020-09-15 09:00:00,27.4,27.4,27.4,27.4,300
107,304,2020-09-15 09:30:00,27.58,27.58,27.4,27.4,610
108,303,2020-09-15 10:00:00,27.35,27.64,27.05,27.06,342353
109,302,2020-09-15 10:30:00,27.055,27.32,27.02,27.21,163968
110,301,2020-09-15 11:00:00,27.2,27.4168,27.18,27.3,114181
111,300,2020-09-15 11:30:00,27.305,27.41,27.23,27.28,199805
112,299,2020-09-15 12:00:00,27.275,27.455,27.255,27.33,223369
113,298,2020-09-15 12:30:00,27.33,27.35,27.27,27.35,109106
114,297,2020-09-15 13:00:00,27.34,27.355,27.16,27.22,130743
115,296,2020-09-15 13:30:00,27.21,27.325,27.1822,27.21,139967
116,295,2020-09-15 14:00:00,27.205,27.2575,27.0,27.03,155062
117,294,2020-09-15 14:30:00,27.025,27.03,26.715,26.72,312963
118,293,2020-09-15 15:00:00,26.715,26.715,26.455,26.475,332283
119,292,2020-09-15 15:30:00,26.48,26.485,26.21,26.229,350270
120,291,2020-09-15 16:00:00,26.225,26.33,26.06,26.27,1004672
121,290,2020-09-15 16:30:00,26.29,26.6,26.29,26.59,599661
122,289,2020-09-15 17:00:00,26.43,26.58,26.43,26.58,309
123,288,2020-09-15 17:30:00,26.43,26.43,26.43,26.43,505
124,287,2020-09-15 18:00:00,26.46,26.46,26.43,26.43,1000
125,286,2020-09-15 18:30:00,26.55,26.55,26.55,26.55,200
126,285,2020-09-15 19:00:00,26.43,26.43,26.43,26.43,297
127,284,2020-09-15 20:00:00,26.44,26.44,26.44,26.44,378
128,283,2020-09-16 08:30:00,26.5,26.5,26.5,26.5,1742
129,282,2020-09-16 09:00:00,26.5,26.5,26.5,26.5,153
130,281,2020-09-16 10:00:00,26.52,27.07,26.46,27.04,391248
131,280,2020-09-16 10:30:00,27.0241,27.415,27.02,27.22,213698
132,279,2020-09-16 11:00:00,27.21,27.3,27.08,27.26,205747
133,278,2020-09-16 11:30:00,27.25,27.75,27.2399,27.7,262909
134,277,2020-09-16 12:00:00,27.69,27.8084,27.59,27.72,245908
135,276,2020-09-16 12:30:00,27.72,27.87,27.595,27.87,316274
136,275,2020-09-16 13:00:00,27.86,28.14,27.85,28.02,214853
137,274,2020-09-16 13:30:00,28.01,28.15,27.9,27.97,171670
138,273,2020-09-16 14:00:00,27.96,28.0601,27.89,27.9958,162890
139,272,2020-09-16 14:30:00,28.01,28.33,28.0,28.285,241458
140,271,2020-09-16 15:00:00,28.28,28.46,28.24,28.39,261625
141,270,2020-09-16 15:30:00,28.4,28.41,27.84,27.925,364313
142,269,2020-09-16 16:00:00,27.925,28.12,27.875,28.07,742679
143,268,2020-09-16 16:30:00,28.07,28.07,27.3815,28.0,92128
144,267,2020-09-16 17:00:00,28.44,28.44,28.44,28.44,200
145,266,2020-09-16 17:30:00,28.0802,28.0802,28.0802,28.0802,185
146,265,2020-09-16 18:00:00,28.36,28.36,28.34,28.34,812
147,264,2020-09-16 19:00:00,28.25,28.45,28.25,28.45,1572
148,263,2020-09-16 19:30:00,28.2,28.2,28.2,28.2,2000
149,262,2020-09-16 20:00:00,28.25,28.45,28.2,28.45,1967
150,261,2020-09-17 07:00:00,27.7,27.7,27.7,27.7,329
151,260,2020-09-17 07:30:00,27.5,27.55,27.5,27.55,1246
152,259,2020-09-17 08:00:00,27.7,27.7,27.7,27.7,100
153,258,2020-09-17 08:30:00,28.0,28.0,27.72,27.73,1598
154,257,2020-09-17 09:00:00,27.7,27.8,27.55,27.7,4049
155,256,2020-09-17 09:30:00,27.56,27.57,27.4,27.4,3613
156,255,2020-09-17 10:00:00,27.4,27.67,27.01,27.67,527827
157,254,2020-09-17 10:30:00,27.68,28.2316,27.62,28.11,306632
158,253,2020-09-17 11:00:00,28.12,28.13,27.961,28.06,202434
159,252,2020-09-17 11:30:00,28.06,28.32,28.06,28.2,338777
160,251,2020-09-17 12:00:00,28.195,28.235,27.9982,28.03,180940
161,250,2020-09-17 12:30:00,28.02,28.065,27.645,27.765,209426
162,249,2020-09-17 13:00:00,27.76,27.87,27.72,27.87,212035
163,248,2020-09-17 13:30:00,27.87,27.915,27.7401,27.77,126674
164,247,2020-09-17 14:00:00,27.775,27.842,27.695,27.73,177386
165,246,2020-09-17 14:30:00,27.72,27.84,27.69,27.72,135874
166,245,2020-09-17 15:00:00,27.715,27.82,27.7,27.785,199929
167,244,2020-09-17 15:30:00,27.785,27.81,27.615,27.69,259543
168,243,2020-09-17 16:00:00,27.69,28.03,27.68,28.03,782139
169,242,2020-09-17 16:30:00,28.03,28.07,28.02,28.07,142972
170,241,2020-09-18 07:30:00,27.96,27.96,27.96,27.96,100
171,240,2020-09-18 09:30:00,28.0,28.15,27.86,27.86,3318
172,239,2020-09-18 10:00:00,27.77,27.87,27.17,27.33,1277883
173,238,2020-09-18 10:30:00,27.34,27.46,27.22,27.4215,391477
174,237,2020-09-18 11:00:00,27.42,27.54,27.25,27.37,606090
175,236,2020-09-18 11:30:00,27.37,27.67,27.37,27.62,247188
176,235,2020-09-18 12:00:00,27.63,27.7353,27.57,27.63,121822
177,234,2020-09-18 12:30:00,27.62,27.69,27.6,27.64,114617
178,233,2020-09-18 13:00:00,27.63,27.635,27.54,27.5426,144648
179,232,2020-09-18 13:30:00,27.56,27.67,27.415,27.415,255374
180,231,2020-09-18 14:00:00,27.4,27.5,27.27,27.42,399869
181,230,2020-09-18 14:30:00,27.415,27.5,27.29,27.45,179595
182,229,2020-09-18 15:00:00,27.445,27.46,27.29,27.35,188369
183,228,2020-09-18 15:30:00,27.34,27.43,27.325,27.425,208082
184,227,2020-09-18 16:00:00,27.42,27.58,27.38,27.54,890719
185,226,2020-09-18 16:30:00,27.54,27.54,27.5383,27.5383,709069
186,225,2020-09-18 17:30:00,27.54,27.54,27.54,27.54,496
187,224,2020-09-18 19:00:00,27.58,27.58,27.58,27.58,1600
188,223,2020-09-21 06:00:00,26.76,26.8,26.74,26.8,893
189,222,2020-09-21 07:30:00,27.0,27.15,26.9,26.9,2392
190,221,2020-09-21 08:00:00,26.77,26.77,26.76,26.76,1046
191,220,2020-09-21 08:30:00,26.85,26.85,26.79,26.79,1901
192,219,2020-09-21 09:00:00,26.79,26.82,26.7,26.82,1765
193,218,2020-09-21 09:30:00,26.73,26.85,26.49,26.5,16467
194,217,2020-09-21 10:00:00,26.42,26.94,25.81,26.08,1052527
195,216,2020-09-21 10:30:00,26.06,26.17,25.79,26.03,489832
196,215,2020-09-21 11:00:00,26.0309,26.19,25.81,26.1,563345
197,214,2020-09-21 11:30:00,26.09,26.36,25.98,26.03,308740
198,213,2020-09-21 12:00:00,26.03,26.27,25.9853,26.22,264946
199,212,2020-09-21 12:30:00,26.2,26.55,26.19,26.47,275579
200,211,2020-09-21 13:00:00,26.485,26.57,26.43,26.5,160647
201,210,2020-09-21 13:30:00,26.5,26.57,26.415,26.52,138144
202,209,2020-09-21 14:00:00,26.526999999999997,26.55,26.27,26.27,192048
203,208,2020-09-21 14:30:00,26.265,26.28,26.19,26.205,197827
204,207,2020-09-21 15:00:00,26.205,26.22,26.07,26.145,275733
205,206,2020-09-21 15:30:00,26.14,26.435,26.12,26.39,266581
206,205,2020-09-21 16:00:00,26.4,26.46,26.25,26.44,618986
207,204,2020-09-21 16:30:00,26.44,26.45,26.44,26.45,76880
208,203,2020-09-21 17:30:00,26.78,26.78,26.78,26.78,100
209,202,2020-09-21 18:00:00,26.6,26.6,26.6,26.6,1500
210,201,2020-09-22 08:30:00,26.59,26.59,26.59,26.59,119
211,200,2020-09-22 09:00:00,26.37,26.43,26.37,26.43,1101
212,199,2020-09-22 09:30:00,26.6399,26.77,26.6399,26.77,2755
213,198,2020-09-22 10:00:00,26.79,27.37,26.56,26.835,355379
214,197,2020-09-22 10:30:00,26.835,26.84,26.58,26.725,158949
215,196,2020-09-22 11:00:00,26.72,26.8,26.29,26.29,177479
216,195,2020-09-22 11:30:00,26.28,26.39,26.23,26.305,229652
217,194,2020-09-22 12:00:00,26.31,26.325,26.19,26.225,245731
218,193,2020-09-22 12:30:00,26.22,26.25,25.95,25.955,371330
219,192,2020-09-22 13:00:00,25.955,25.955,25.59,25.735,460012
220,191,2020-09-22 13:30:00,25.7354,25.76,25.64,25.705,245776
221,190,2020-09-22 14:00:00,25.7,25.87,25.58,25.8325,301179
222,189,2020-09-22 14:30:00,25.84,25.975,25.8,25.85,263500
223,188,2020-09-22 15:00:00,25.84,25.949,25.8,25.825,240797
224,187,2020-09-22 15:30:00,25.825,25.8579,25.72,25.77,273422
225,186,2020-09-22 16:00:00,25.765,25.775,25.62,25.65,721290
226,185,2020-09-22 16:30:00,25.67,25.67,25.67,25.67,90531
227,184,2020-09-22 18:00:00,25.67,25.67,25.67,25.67,740
228,183,2020-09-22 19:00:00,25.7,25.7,25.68,25.68,600
229,182,2020-09-22 20:00:00,25.71,25.71,25.71,25.71,500
230,181,2020-09-23 07:30:00,26.33,26.33,26.33,26.33,100
231,180,2020-09-23 08:00:00,26.0,26.0,26.0,26.0,146
232,179,2020-09-23 08:30:00,26.2125,26.2125,26.2125,26.2125,200
233,178,2020-09-23 09:00:00,25.9,25.91,25.9,25.91,1205
234,177,2020-09-23 09:30:00,25.6765,26.07,25.6765,25.85,7070
235,176,2020-09-23 10:00:00,25.75,26.16,25.51,25.93,371101
236,175,2020-09-23 10:30:00,25.93,25.93,25.65,25.79,167030
237,174,2020-09-23 11:00:00,25.79,25.84,25.55,25.7436,176368
238,173,2020-09-23 11:30:00,25.765,25.91,25.6825,25.73,183202
239,172,2020-09-23 12:00:00,25.73,25.7566,25.52,25.56,135238
240,171,2020-09-23 12:30:00,25.55,25.72,25.54,25.69,156165
241,170,2020-09-23 13:00:00,25.685,25.75,25.49,25.58,230922
242,169,2020-09-23 13:30:00,25.58,25.585,25.44,25.445,175167
243,168,2020-09-23 14:00:00,25.44,25.4936,25.32,25.355,169822
244,167,2020-09-23 14:30:00,25.35,25.35,24.96,25.135,501840
245,166,2020-09-23 15:00:00,25.14,25.145,24.83,24.905,375000
246,165,2020-09-23 15:30:00,24.91,24.97,24.75,24.845,487638
247,164,2020-09-23 16:00:00,24.83,24.9,24.52,24.54,929865
248,163,2020-09-23 16:30:00,24.54,24.54,24.54,24.54,47397
249,162,2020-09-23 17:00:00,24.67,24.67,24.67,24.67,200
250,161,2020-09-23 17:30:00,24.8,24.8,24.8,24.8,100
251,160,2020-09-23 18:00:00,24.67,24.7,24.67,24.67,872
252,159,2020-09-23 18:30:00,24.89,24.89,24.89,24.89,100
253,158,2020-09-23 19:00:00,24.88,24.89,24.8,24.84,1100
254,157,2020-09-23 19:30:00,24.65,24.68,24.6,24.68,500
255,156,2020-09-23 20:00:00,24.75,24.75,24.75,24.75,350
256,155,2020-09-24 04:30:00,24.95,24.95,24.94,24.95,1200
257,154,2020-09-24 07:30:00,24.75,24.75,24.75,24.75,130
258,153,2020-09-24 08:00:00,24.77,24.77,24.67,24.67,1470
259,152,2020-09-24 08:30:00,24.75,24.85,24.6,24.77,2340
260,151,2020-09-24 09:00:00,24.57,24.5999,24.43,24.43,2886
261,150,2020-09-24 09:30:00,24.55,24.64,24.45,24.61,4433
262,149,2020-09-24 10:00:00,24.65,24.65,23.56,23.77,732516
263,148,2020-09-24 10:30:00,23.75,24.12,23.62,23.635,371200
264,147,2020-09-24 11:00:00,23.64,23.65,23.345,23.445,712367
265,146,2020-09-24 11:30:00,23.443,23.63,23.28,23.351999999999997,550974
266,145,2020-09-24 12:00:00,23.36,24.0316,23.36,24.0,289057
267,144,2020-09-24 12:30:00,24.0,24.335,23.97,24.16,247222
268,143,2020-09-24 13:00:00,24.16,24.35,24.06,24.29,168686
269,142,2020-09-24 13:30:00,24.29,24.73,24.29,24.63,189517
270,141,2020-09-24 14:00:00,24.635,24.99,24.63,24.82,267536
271,140,2020-09-24 14:30:00,24.82,24.88,24.57,24.57,287702
272,139,2020-09-24 15:00:00,24.59,24.735,24.365,24.37,182441
273,138,2020-09-24 15:30:00,24.38,24.63,24.38,24.46,249287
274,137,2020-09-24 16:00:00,24.46,24.62,24.39,24.48,709652
275,136,2020-09-24 16:30:00,24.48,24.48,24.48,24.48,46222
276,135,2020-09-24 17:00:00,24.45,24.45,24.45,24.45,108
277,134,2020-09-24 20:00:00,24.67,24.67,24.67,24.67,400
278,133,2020-09-25 07:30:00,24.4,24.4,24.4,24.4,100
279,132,2020-09-25 08:30:00,24.4,24.4,24.3,24.3,320
280,131,2020-09-25 09:00:00,24.21,24.3,24.12,24.3,1100
281,130,2020-09-25 09:30:00,24.3,24.3,24.12,24.12,1167
282,129,2020-09-25 10:00:00,24.14,24.86,24.105,24.7557,381108
283,128,2020-09-25 10:30:00,24.77,24.9,24.48,24.6,192549
284,127,2020-09-25 11:00:00,24.59,24.7,24.44,24.53,184291
285,126,2020-09-25 11:30:00,24.54,24.5935,24.395,24.55,169434
286,125,2020-09-25 12:00:00,24.56,24.6,24.425,24.43,185421
287,124,2020-09-25 12:30:00,24.43,24.495,24.395,24.455,134578
288,123,2020-09-25 13:00:00,24.4511,24.65,24.35,24.35,238174
289,122,2020-09-25 13:30:00,24.365,24.58,24.31,24.56,337172
290,121,2020-09-25 14:00:00,24.57,24.62,24.53,24.62,133292
291,120,2020-09-25 14:30:00,24.62,24.8,24.605,24.77,212392
292,119,2020-09-25 15:00:00,24.77,24.87,24.72,24.865,159834
293,118,2020-09-25 15:30:00,24.87,25.075,24.87,25.055,300558
294,117,2020-09-25 16:00:00,25.05,25.08,24.93,25.01,518680
295,116,2020-09-25 16:30:00,25.01,25.0202,24.64,24.99,99890
296,115,2020-09-25 17:30:00,25.01,25.01,25.01,25.01,250
297,114,2020-09-25 19:00:00,25.02,25.02,25.02,25.02,530
298,113,2020-09-25 20:00:00,25.09,25.09,25.08,25.09,3963
299,112,2020-09-28 07:30:00,25.26,25.26,25.12,25.14,11185
300,111,2020-09-28 08:00:00,25.49,25.5,25.49,25.5,200
301,110,2020-09-28 08:30:00,25.3302,25.59,25.3302,25.59,2875
302,109,2020-09-28 09:00:00,25.47,25.47,25.47,25.47,201
303,108,2020-09-28 09:30:00,25.4,25.41,25.28,25.28,5560
304,107,2020-09-28 10:00:00,25.48,25.77,25.27,25.565,398346
305,106,2020-09-28 10:30:00,25.56,25.56,25.32,25.375,177602
306,105,2020-09-28 11:00:00,25.37,25.6,25.33,25.59,246954
307,104,2020-09-28 11:30:00,25.6,25.665,25.41,25.48,130319
308,103,2020-09-28 12:00:00,25.475,25.6,25.4501,25.595,108388
309,102,2020-09-28 12:30:00,25.5848,25.8022,25.5848,25.785,150856
310,101,2020-09-28 13:00:00,25.8,25.92,25.705,25.88,150369
311,100,2020-09-28 13:30:00,25.8851,25.97,25.81,25.9,192421
312,99,2020-09-28 14:00:00,25.9,25.965,25.84,25.9268,286186
313,98,2020-09-28 14:30:00,25.925,25.94,25.8,25.835,241133
314,97,2020-09-28 15:00:00,25.84,26.23,25.8252,26.21,263982
315,96,2020-09-28 15:30:00,26.21,26.2568,26.055,26.1801,557109
316,95,2020-09-28 16:00:00,26.185,26.185,25.94,26.02,672713
317,94,2020-09-28 16:30:00,26.01,26.01,26.01,26.01,70013
318,93,2020-09-28 17:00:00,26.0,26.0,26.0,26.0,712
319,92,2020-09-28 19:00:00,26.0,26.0,26.0,26.0,100
320,91,2020-09-29 06:00:00,26.03,26.03,26.03,26.03,800
321,90,2020-09-29 07:00:00,26.47,26.47,26.47,26.47,500
322,89,2020-09-29 07:30:00,26.4,26.6,26.4,26.53,2916
323,88,2020-09-29 08:00:00,26.53,26.8,26.53,26.8,910
324,87,2020-09-29 08:30:00,26.5,26.65,26.5,26.53,7999
325,86,2020-09-29 09:00:00,26.57,26.58,26.5,26.5002,2348
326,85,2020-09-29 09:30:00,26.4,26.58,26.33,26.58,16627
327,84,2020-09-29 10:00:00,26.62,26.9,26.22,26.67,1187276
328,83,2020-09-29 10:30:00,26.67,26.88,26.63,26.65,428639
329,82,2020-09-29 11:00:00,26.65,26.66,26.27,26.35,397608
330,81,2020-09-29 11:30:00,26.35,26.75,26.29,26.56,574083
331,80,2020-09-29 12:00:00,26.565,26.61,26.27,26.37,283536
332,79,2020-09-29 12:30:00,26.38,26.515,26.28,26.51,199159
333,78,2020-09-29 13:00:00,26.5052,26.6,26.45,26.575,236273
334,77,2020-09-29 13:30:00,26.57,26.6,26.42,26.465,233998
335,76,2020-09-29 14:00:00,26.4622,26.655,26.39,26.585,278319
336,75,2020-09-29 14:30:00,26.585,26.805,26.585,26.765,231523
337,74,2020-09-29 15:00:00,26.765,26.83,26.73,26.795,339515
338,73,2020-09-29 15:30:00,26.8,26.82,26.66,26.69,232603
339,72,2020-09-29 16:00:00,26.685,26.8,26.63,26.66,683098
340,71,2020-09-29 16:30:00,26.67,26.74,26.67,26.74,105027
341,70,2020-09-29 17:00:00,26.85,26.89,26.85,26.89,848
342,69,2020-09-29 17:30:00,26.89,26.89,26.86,26.86,225
343,68,2020-09-29 18:00:00,26.7,26.7,26.7,26.7,447
344,67,2020-09-29 18:30:00,26.65,26.65,26.65,26.65,900
345,66,2020-09-29 19:00:00,26.65,26.65,26.65,26.65,1000
346,65,2020-09-29 20:00:00,26.7,26.7,26.7,26.7,100
347,64,2020-09-30 06:30:00,26.3,26.3,26.3,26.3,100
348,63,2020-09-30 07:30:00,26.6,26.6,26.25,26.55,1440
349,62,2020-09-30 08:30:00,26.25,26.55,26.25,26.55,1269
350,61,2020-09-30 09:00:00,26.45,26.67,26.45,26.67,5638
351,60,2020-09-30 09:30:00,26.56,26.75,26.55,26.62,1431
352,59,2020-09-30 10:00:00,26.61,26.91,26.47,26.7,470161
353,58,2020-09-30 10:30:00,26.67,27.23,26.66,27.03,432863
354,57,2020-09-30 11:00:00,27.04,27.27,26.99,27.05,501509
355,56,2020-09-30 11:30:00,27.04,27.11,26.883000000000003,27.07,355195
356,55,2020-09-30 12:00:00,27.06,27.1,26.85,26.87,542428
357,54,2020-09-30 12:30:00,26.875,26.95,26.78,26.81,394506
358,53,2020-09-30 13:00:00,26.81,26.955,26.67,26.93,172124
359,52,2020-09-30 13:30:00,26.94,26.94,26.71,26.71,174081
360,51,2020-09-30 14:00:00,26.705,26.78,26.6,26.605,144850
361,50,2020-09-30 14:30:00,26.6,26.61,26.21,26.31,345404
362,49,2020-09-30 15:00:00,26.3,26.3095,25.98,26.245,279040
363,48,2020-09-30 15:30:00,26.245,26.31,25.98,26.085,369087
364,47,2020-09-30 16:00:00,26.08,26.08,25.89,25.97,858966
365,46,2020-09-30 16:30:00,25.98,25.99,25.9799,25.98,53105
366,45,2020-09-30 17:00:00,25.97,25.97,25.9102,25.97,550
367,44,2020-09-30 18:00:00,26.0,26.0,25.98,25.98,359
368,43,2020-10-01 08:00:00,26.37,26.37,26.37,26.37,300
369,42,2020-10-01 08:30:00,26.2,26.2,26.2,26.2,200
370,41,2020-10-01 09:00:00,26.05,26.06,26.01,26.01,522
371,40,2020-10-01 09:30:00,26.01,26.03,25.8,25.8,5316
372,39,2020-10-01 10:00:00,25.75,26.18,25.61,25.845,449465
373,38,2020-10-01 10:30:00,25.83,25.85,25.445,25.46,319854
374,37,2020-10-01 11:00:00,25.46,25.59,25.33,25.43,219333
375,36,2020-10-01 11:30:00,25.44,25.61,25.35,25.55,304229
376,35,2020-10-01 12:00:00,25.55,25.68,25.48,25.68,114809
377,34,2020-10-01 12:30:00,25.67,25.747,25.53,25.6,186561
378,33,2020-10-01 13:00:00,25.6,25.61,25.365,25.58,139935
379,32,2020-10-01 13:30:00,25.570999999999998,25.695,25.570999999999998,25.615,127952
380,31,2020-10-01 14:00:00,25.62,25.77,25.35,25.35,267768
381,30,2020-10-01 14:30:00,25.35,25.405,25.14,25.39,275160
382,29,2020-10-01 15:00:00,25.3971,25.4299,25.21,25.23,148883
383,28,2020-10-01 15:30:00,25.23,25.32,25.14,25.16,246301
384,27,2020-10-01 16:00:00,25.16,25.3,25.16,25.27,469505
385,26,2020-10-01 16:30:00,25.27,25.27,25.27,25.27,87037
386,25,2020-10-01 17:30:00,25.49,25.49,25.49,25.49,218
387,24,2020-10-01 18:00:00,25.4,25.4,25.4,25.4,2300
388,23,2020-10-02 04:30:00,24.87,24.87,24.05,24.67,321
389,22,2020-10-02 05:30:00,24.5,24.5,24.5,24.5,278
390,21,2020-10-02 06:30:00,24.11,24.3,24.11,24.3,1001
391,20,2020-10-02 07:30:00,24.34,24.52,24.31,24.4,3216
392,19,2020-10-02 08:00:00,24.41,24.46,24.41,24.46,426
393,18,2020-10-02 08:30:00,24.25,24.89,24.25,24.46,11016
394,17,2020-10-02 09:00:00,24.5,24.8,24.46,24.8,3623
395,16,2020-10-02 09:30:00,24.52,24.71,24.3727,24.71,20619
396,15,2020-10-02 10:00:00,24.63,25.3,24.56,25.195,568447
397,14,2020-10-02 10:30:00,25.1907,25.57,25.1601,25.47,295583
398,13,2020-10-02 11:00:00,25.45,25.55,25.2979,25.4621,221176
399,12,2020-10-02 11:30:00,25.45,26.0499,25.421,25.97,276324
400,11,2020-10-02 12:00:00,25.9658,26.18,25.93,26.03,248090
401,10,2020-10-02 12:30:00,26.0236,26.46,26.0,26.39,311660
402,9,2020-10-02 13:00:00,26.4,26.67,26.36,26.659000000000002,285970
403,8,2020-10-02 13:30:00,26.68,26.74,26.59,26.67,234674
404,7,2020-10-02 14:00:00,26.68,26.6981,26.38,26.5305,215545
405,6,2020-10-02 14:30:00,26.54,26.66,26.52,26.56,201707
406,5,2020-10-02 15:00:00,26.56,26.655,26.54,26.64,146302
407,4,2020-10-02 15:30:00,26.64,26.65,26.5,26.635,240688
408,3,2020-10-02 16:00:00,26.625,26.72,26.51,26.54,726712
409,2,2020-10-02 16:30:00,26.53,26.53,26.53,26.53,52421
410,1,2020-10-02 18:00:00,26.08,26.5,26.08,26.5,1755
411,0,2020-10-02 18:30:00,26.65,26.65,26.65,26.65,820
