,index,time,open,high,low,close,volume
0,266,2019-06-13 09:30:00,9.57,9.57,9.57,9.57,650
1,265,2019-06-13 10:00:00,9.54,9.65,9.52,9.65,4464
2,264,2019-06-13 10:30:00,9.65,9.65,9.52,9.65,1300
3,263,2019-06-13 11:00:00,9.64,9.65,9.63,9.65,3100
4,262,2019-06-13 11:30:00,9.65,9.65,9.64,9.65,3500
5,261,2019-06-13 12:00:00,9.645,9.66,9.64,9.65,6138
6,260,2019-06-13 12:30:00,9.65,9.7,9.64,9.68,8586
7,259,2019-06-13 13:00:00,9.68,9.7,9.68,9.7,2702
8,258,2019-06-13 13:30:00,9.68,9.7,9.68,9.7,2000
9,257,2019-06-13 14:00:00,9.7,9.76,9.695,9.76,4485
10,256,2019-06-13 14:30:00,9.8,9.8,9.76,9.8,3525
11,255,2019-06-13 15:00:00,9.82,9.88,9.8,9.88,4890
12,254,2019-06-13 15:30:00,9.88,9.94,9.875,9.94,5398
13,253,2019-06-13 16:00:00,9.94,9.97,9.79,9.84,55264
14,252,2019-06-13 16:30:00,9.7953,9.7953,9.7953,9.7953,16800
15,251,2019-06-14 10:00:00,9.77,9.78,9.72,9.78,3728
16,250,2019-06-14 10:30:00,9.78,9.97,9.73,9.94,1300
17,249,2019-06-14 11:00:00,9.96,9.96,9.845,9.94,1400
18,248,2019-06-14 11:30:00,9.97,9.97,9.865,9.865,900
19,247,2019-06-14 12:00:00,9.94,9.97,9.865,9.865,2900
20,246,2019-06-14 12:30:00,9.93,9.95,9.78,9.87,800
21,245,2019-06-14 13:00:00,9.95,9.95,9.87,9.93,2500
22,244,2019-06-14 13:30:00,9.94,9.95,9.78,9.86,1400
23,243,2019-06-14 14:00:00,9.86,9.95,9.86,9.92,3100
24,242,2019-06-14 14:30:00,9.95,9.96,9.92,9.94,5398
25,241,2019-06-14 15:00:00,9.92,9.94,9.88,9.915,10795
26,240,2019-06-14 15:30:00,9.915,9.94,9.915,9.94,4125
27,239,2019-06-14 16:00:00,9.92,9.98,9.855,9.89,28190
28,238,2019-06-17 10:30:00,9.9,9.9,9.82,9.82,4226
29,237,2019-06-17 11:00:00,9.8,9.8,9.56,9.58,4700
30,236,2019-06-17 11:30:00,9.59,9.79,9.56,9.68,1700
31,235,2019-06-17 12:00:00,9.74,9.79,9.645,9.745,2550
32,234,2019-06-17 12:30:00,9.695,9.79,9.695,9.695,1000
33,233,2019-06-17 13:00:00,9.78,9.78,9.66,9.7,2103
34,232,2019-06-17 13:30:00,9.71,9.75,9.655,9.71,1400
35,231,2019-06-17 14:00:00,9.75,9.775,9.705,9.74,3100
36,230,2019-06-17 14:30:00,9.73,9.75,9.6225,9.695,20575
37,229,2019-06-17 15:00:00,9.695,9.7,9.63,9.68,2303
38,228,2019-06-17 15:30:00,9.7,9.755,9.61,9.645,15817
39,227,2019-06-17 16:00:00,9.66,9.775,9.6,9.63,27261
40,226,2019-06-18 10:00:00,9.62,9.88,9.62,9.7,1815
41,225,2019-06-18 10:30:00,9.695,9.75,9.64,9.69,8826
42,224,2019-06-18 11:00:00,9.72,9.75,9.69,9.7,3700
43,223,2019-06-18 11:30:00,9.7,9.75,9.7,9.715,5600
44,222,2019-06-18 12:00:00,9.75,9.7725,9.7,9.71,16494
45,221,2019-06-18 12:30:00,9.71,9.71,9.6,9.7,9427
46,220,2019-06-18 13:00:00,9.7,9.75,9.685,9.7,28801
47,219,2019-06-18 13:30:00,9.7,9.72,9.7,9.71,38182
48,218,2019-06-18 14:00:00,9.71,9.74,9.7,9.7,4900
49,217,2019-06-18 14:30:00,9.74,9.75,9.735,9.75,2860
50,216,2019-06-18 15:00:00,9.74,9.75,9.7,9.71,18300
51,215,2019-06-18 15:30:00,9.7,9.71,9.69,9.69,10662
52,214,2019-06-18 16:00:00,9.7,9.7,9.66,9.7,38156
53,213,2019-06-19 10:00:00,9.66,9.75,9.66,9.75,800
54,212,2019-06-19 10:30:00,9.75,9.86,9.73,9.79,31005
55,211,2019-06-19 11:00:00,9.84,9.85,9.66,9.76,19501
56,210,2019-06-19 11:30:00,9.77,9.81,9.69,9.78,3300
57,209,2019-06-19 12:00:00,9.73,9.75,9.68,9.74,8615
58,208,2019-06-19 12:30:00,9.7,9.7,9.63,9.67,1600
59,207,2019-06-19 13:00:00,9.69,9.6998,9.65,9.65,1800
60,206,2019-06-19 13:30:00,9.675,9.69,9.675,9.68,1300
61,205,2019-06-19 14:00:00,9.665,9.665,9.66,9.66,1234
62,204,2019-06-19 14:30:00,9.67,9.67,9.66,9.66,1900
63,203,2019-06-19 15:00:00,9.58,9.66,9.58,9.62,400
64,202,2019-06-19 15:30:00,9.66,9.74,9.65,9.74,26351
65,201,2019-06-19 16:00:00,9.725,9.73,9.39,9.46,38159
66,200,2019-06-19 16:30:00,9.38,9.38,9.3,9.38,3750
67,199,2019-06-20 10:00:00,9.37,9.64,9.35,9.61,14895
68,198,2019-06-20 10:30:00,9.6,9.73,9.6,9.62,7425
69,197,2019-06-20 11:00:00,9.62,9.68,9.505,9.68,2400
70,196,2019-06-20 11:30:00,9.7,9.7,9.585,9.67,10118
71,195,2019-06-20 12:00:00,9.56,9.62,9.55,9.6,600
72,194,2019-06-20 12:30:00,9.68,9.7,9.64,9.67,6620
73,193,2019-06-20 13:00:00,9.7,9.71,9.615,9.69,7848
74,192,2019-06-20 13:30:00,9.68,9.69,9.56,9.645,5569
75,191,2019-06-20 14:00:00,9.69,9.71,9.655,9.71,4925
76,190,2019-06-20 14:30:00,9.765,9.79,9.68,9.76,3185
77,189,2019-06-20 15:00:00,9.76,9.78,9.685,9.745,30970
78,188,2019-06-20 15:30:00,9.745,9.87,9.62,9.79,10488
79,187,2019-06-20 16:00:00,9.79,9.8,9.55,9.56,106893
80,186,2019-06-20 16:30:00,9.6,9.6,9.49,9.49,22960
81,185,2019-06-21 10:00:00,9.49,9.6,9.49,9.6,2544
82,184,2019-06-21 10:30:00,9.7,9.76,9.66,9.69,3700
83,183,2019-06-21 11:00:00,9.76,9.77,9.5,9.57,14891
84,182,2019-06-21 11:30:00,9.55,9.7,9.55,9.7,3001
85,181,2019-06-21 12:00:00,9.74,9.76,9.68,9.69,3301
86,180,2019-06-21 12:30:00,9.68,9.7,9.68,9.69,1340
87,179,2019-06-21 13:00:00,9.69,9.725,9.69,9.7,390
88,178,2019-06-21 13:30:00,9.7,9.725,9.64,9.7,12102
89,177,2019-06-21 14:00:00,9.63,9.7,9.61,9.61,2501
90,176,2019-06-21 14:30:00,9.6,9.6,9.48,9.585,5320
91,175,2019-06-21 15:00:00,9.585,9.585,9.4,9.415,5548
92,174,2019-06-21 15:30:00,9.4,9.58,9.375,9.58,12360
93,173,2019-06-21 16:00:00,9.5605,9.6,9.25,9.36,37766
94,172,2019-06-21 16:30:00,9.35,9.35,9.35,9.35,2460
95,171,2019-06-24 10:00:00,9.38,9.5,9.18,9.28,18858
96,170,2019-06-24 10:30:00,9.275,9.41,9.25,9.38,12187
97,169,2019-06-24 11:00:00,9.355,9.37,9.27,9.36,12186
98,168,2019-06-24 11:30:00,9.31,9.36,9.23,9.35,14424
99,167,2019-06-24 12:00:00,9.35,9.37,9.34,9.37,3100
100,166,2019-06-24 12:30:00,9.37,9.37,9.35,9.35,1300
101,165,2019-06-24 13:00:00,9.35,9.37,9.35,9.37,3182
102,164,2019-06-24 13:30:00,9.35,9.35,9.2,9.29,7540
103,163,2019-06-24 14:00:00,9.31,9.5125,9.16,9.28,15402
104,162,2019-06-24 14:30:00,9.21,9.28,8.94,9.15,15441
105,161,2019-06-24 15:00:00,9.24,9.25,9.1,9.24,6757
106,160,2019-06-24 15:30:00,9.26,9.26,9.05,9.14,19466
107,159,2019-06-24 16:00:00,9.13,9.165,8.99,9.0,65939
108,158,2019-06-24 16:30:00,8.98,8.98,8.98,8.98,2460
109,157,2019-06-25 10:00:00,9.0,9.02,8.82,8.96,18507
110,156,2019-06-25 10:30:00,8.91,9.02,8.67,8.8901,24499
111,155,2019-06-25 11:00:00,8.9,8.96,8.83,8.94,5627
112,154,2019-06-25 11:30:00,8.96,8.96,8.78,8.8,12839
113,153,2019-06-25 12:00:00,8.81,8.96,8.8,8.95,30667
114,152,2019-06-25 12:30:00,8.925,8.97,8.86,8.925,4200
115,151,2019-06-25 13:00:00,8.96,8.99,8.91,8.94,6652
116,150,2019-06-25 13:30:00,8.88,9.01,8.85,9.01,5884
117,149,2019-06-25 14:00:00,9.01,9.03,8.89,8.99,6367
118,148,2019-06-25 14:30:00,8.98,9.09,8.865,9.05,14492
119,147,2019-06-25 15:00:00,9.03,9.04,8.9,9.0,2290
120,146,2019-06-25 15:30:00,9.0,9.075,8.92,9.05,2746
121,145,2019-06-25 16:00:00,9.05,9.05,8.75,8.75,48382
122,144,2019-06-25 16:30:00,8.73,8.73,8.73,8.73,2460
123,143,2019-06-26 10:00:00,8.76,8.76,8.76,8.76,100
124,142,2019-06-26 10:30:00,8.75,8.75,8.75,8.75,1000
125,141,2019-06-26 11:00:00,8.75,8.76,8.6,8.6,17430
126,140,2019-06-26 11:30:00,8.6,8.6,8.57,8.6,3550
127,139,2019-06-26 12:00:00,8.65,8.65,8.57,8.61,4002
128,138,2019-06-26 12:30:00,8.705,8.715,8.68,8.7,6115
129,137,2019-06-26 13:00:00,8.7,8.7,8.7,8.7,100
130,136,2019-06-26 13:30:00,8.72,8.72,8.7,8.71,3150
131,135,2019-06-26 14:00:00,8.73,8.74,8.72,8.74,2300
132,134,2019-06-26 14:30:00,8.71,8.725,8.71,8.71,1300
133,133,2019-06-26 15:00:00,8.7,8.71,8.67,8.71,27547
134,132,2019-06-26 15:30:00,8.63,8.65,8.63,8.63,1336
135,131,2019-06-26 16:00:00,8.63,8.65,8.51,8.55,28811
136,130,2019-06-27 10:00:00,8.67,8.67,8.57,8.6,9602
137,129,2019-06-27 10:30:00,8.65,8.65,8.65,8.65,100
138,128,2019-06-27 11:00:00,8.78,8.78,8.78,8.78,100
139,127,2019-06-27 11:30:00,8.78,8.88,8.68,8.8667,800
140,126,2019-06-27 12:00:00,8.68,8.88,8.68,8.75,1100
141,125,2019-06-27 12:30:00,8.73,8.83,8.66,8.8,6100
142,124,2019-06-27 13:00:00,8.8,8.86,8.8,8.84,300
143,123,2019-06-27 13:30:00,8.84,8.84,8.82,8.82,200
144,122,2019-06-27 14:00:00,8.85,8.85,8.85,8.85,1500
145,121,2019-06-27 14:30:00,8.85,8.925,8.85,8.87,8200
146,120,2019-06-27 15:00:00,8.87,8.94,8.87,8.88,1021
147,119,2019-06-27 15:30:00,8.87,8.9,8.87,8.87,2551
148,118,2019-06-27 16:00:00,8.9,8.91,8.78,8.78,24210
149,117,2019-06-28 10:00:00,8.66,8.76,8.66,8.76,2422
150,116,2019-06-28 10:30:00,8.85,8.85,8.85,8.85,100
151,115,2019-06-28 11:00:00,8.7,8.7,8.7,8.7,180
152,114,2019-06-28 11:30:00,8.89,8.89,8.89,8.89,100
153,113,2019-06-28 12:00:00,8.9,8.935,8.9,8.935,5399
154,112,2019-06-28 13:00:00,8.9,8.9078,8.86,8.9,5001
155,111,2019-06-28 13:30:00,8.9,8.94,8.9,8.94,500
156,110,2019-06-28 14:00:00,8.97,8.97,8.9,8.92,5223
157,109,2019-06-28 14:30:00,8.96,8.97,8.96,8.97,300
158,108,2019-06-28 15:00:00,8.9321,8.97,8.9321,8.97,777
159,107,2019-06-28 15:30:00,8.955,8.96,8.88,8.94,1226
160,106,2019-06-28 16:00:00,8.94,8.94,8.86,8.88,1358
161,105,2019-07-01 10:00:00,8.85,8.86,8.85,8.86,203
162,104,2019-07-01 11:00:00,8.87,8.91,8.87,8.91,2420
163,103,2019-07-01 11:30:00,8.92,8.96,8.915,8.95,2900
164,102,2019-07-01 12:00:00,8.905,8.95,8.905,8.94,1090
165,101,2019-07-01 12:30:00,8.94,9.0,8.94,9.0,1193
166,100,2019-07-01 13:00:00,9.03,9.22,9.03,9.22,504
167,99,2019-07-01 13:30:00,9.205,9.285,9.16,9.24,10570
168,98,2019-07-01 14:00:00,9.14,9.16,9.09,9.12,3920
169,97,2019-07-01 14:30:00,9.12,9.12,9.12,9.12,400
170,96,2019-07-01 15:00:00,9.13,9.16,9.13,9.16,201
171,95,2019-07-01 15:30:00,9.26,9.31,9.19,9.3,5609
172,94,2019-07-01 16:00:00,9.31,9.4,9.3,9.38,6954
173,93,2019-07-02 10:00:00,9.28,9.36,9.26,9.36,1924
174,92,2019-07-02 10:30:00,9.26,9.285,9.05,9.05,12509
175,91,2019-07-02 11:00:00,9.05,9.07,8.945,9.07,6233
176,90,2019-07-02 11:30:00,9.02,9.1,8.955,8.955,1010
177,89,2019-07-02 12:30:00,8.95,9.09,8.95,8.96,300
178,88,2019-07-02 13:00:00,8.98,9.1,8.98,9.1,400
179,87,2019-07-02 13:30:00,9.03,9.03,9.0,9.03,1398
180,86,2019-07-02 14:30:00,9.02,9.09,9.02,9.09,200
181,85,2019-07-02 15:00:00,9.03,9.04,9.0,9.0,4804
182,84,2019-07-02 15:30:00,9.0,9.005,8.99,9.0,6534
183,83,2019-07-02 16:00:00,9.0,9.01,8.98,9.0,6103
184,82,2019-07-03 10:00:00,9.11,9.11,8.92,8.995,2484
185,81,2019-07-03 10:30:00,8.92,9.02,8.8,8.83,16671
186,80,2019-07-03 11:00:00,8.8,8.85,8.77,8.85,6483
187,79,2019-07-03 11:30:00,8.9,8.92,8.82,8.915,2322
188,78,2019-07-03 12:00:00,8.905,8.905,8.84,8.86,639
189,77,2019-07-03 12:30:00,8.83,8.83,8.82,8.82,300
190,76,2019-07-03 13:00:00,9.02,9.02,8.83,8.84,2536
191,75,2019-07-03 13:30:00,8.82,8.82,8.82,8.82,1362
192,74,2019-07-05 10:00:00,8.91,9.05,8.815,8.83,6370
193,73,2019-07-05 10:30:00,8.805,9.025,8.805,9.02,3978
194,72,2019-07-05 11:00:00,9.04,9.07,8.84,9.02,5066
195,71,2019-07-05 11:30:00,8.85,9.05,8.85,8.97,5522
196,70,2019-07-05 12:00:00,8.85,9.19,8.845,8.955,7852
197,69,2019-07-05 12:30:00,8.95,9.095,8.88,9.0,6064
198,68,2019-07-05 13:00:00,8.99,9.0,8.9,8.9699,1580
199,67,2019-07-05 13:30:00,9.07,9.07,8.9,8.99,1311
200,66,2019-07-05 14:00:00,8.925,9.0,8.845,9.0,9296
201,65,2019-07-05 14:30:00,8.94,8.95,8.91,8.91,599
202,64,2019-07-05 15:00:00,8.945,9.03,8.895,8.93,6407
203,63,2019-07-05 15:30:00,8.92,9.22,8.92,9.12,4422
204,62,2019-07-05 16:00:00,9.12,9.19,9.0,9.05,8793
205,61,2019-07-08 10:00:00,9.03,9.05,8.86,9.025,1875
206,60,2019-07-08 10:30:00,9.0,9.02,9.0,9.01,2650
207,59,2019-07-08 11:00:00,9.01,9.01,9.0,9.01,1663
208,58,2019-07-08 11:30:00,9.01,9.01,8.99,8.99,5090
209,57,2019-07-08 12:00:00,8.99,9.0,8.88,8.99,16413
210,56,2019-07-08 12:30:00,8.9,8.98,8.9,8.94,3508
211,55,2019-07-08 13:00:00,8.96,8.98,8.95,8.97,7602
212,54,2019-07-08 13:30:00,8.95,8.97,8.95,8.97,3230
213,53,2019-07-08 14:00:00,9.02,9.04,8.93,8.98,2850
214,52,2019-07-08 14:30:00,8.92,9.02,8.92,8.94,678
215,51,2019-07-08 15:00:00,8.99,9.02,8.945,8.96,1408
216,50,2019-07-08 15:30:00,8.97,9.01,8.97,8.99,1905
217,49,2019-07-08 16:00:00,8.97,9.0,8.94,8.96,2799
218,48,2019-07-08 16:30:00,8.96,8.96,8.96,8.96,102
219,47,2019-07-09 10:00:00,8.94,8.94,8.88,8.93,907
220,46,2019-07-09 10:30:00,8.8,8.89,8.8,8.85,2097
221,45,2019-07-09 11:00:00,8.835,8.97,8.815,8.91,8587
222,44,2019-07-09 11:30:00,8.995,9.075,8.83,9.01,13638
223,43,2019-07-09 12:00:00,8.98,9.09,8.92,9.0,11169
224,42,2019-07-09 12:30:00,9.0,9.01,8.81,8.84,12500
225,41,2019-07-09 13:00:00,8.85,9.06,8.84,9.04,2034
226,40,2019-07-09 13:30:00,8.87,8.99,8.81,8.89,20651
227,39,2019-07-09 14:00:00,8.89,8.89,8.8,8.85,17720
228,38,2019-07-09 14:30:00,8.82,8.93,8.82,8.85,27403
229,37,2019-07-09 15:00:00,8.85,8.94,8.835,8.84,32509
230,36,2019-07-09 15:30:00,8.835,8.975,8.82,8.87,9220
231,35,2019-07-09 16:00:00,8.865,8.96,8.8,8.8,22687
232,34,2019-07-09 16:30:00,8.85,8.85,8.85,8.85,102
233,33,2019-07-10 10:30:00,9.09,9.28,8.96,9.05,8282
234,32,2019-07-10 11:00:00,9.05,9.1,8.97,9.1,9993
235,31,2019-07-10 11:30:00,9.03,9.03,9.03,9.03,100
236,30,2019-07-10 12:00:00,9.02,9.05,8.96,9.0,9015
237,29,2019-07-10 12:30:00,8.97,8.97,8.97,8.97,100
238,28,2019-07-10 13:00:00,9.07,9.07,9.07,9.07,219
239,27,2019-07-10 14:00:00,8.99,8.99,8.99,8.99,129
240,26,2019-07-10 14:30:00,9.03,9.05,9.025,9.03,508
241,25,2019-07-10 15:00:00,9.05,9.1,9.05,9.1,2823
242,24,2019-07-10 15:30:00,9.05,9.05,9.05,9.05,335
243,23,2019-07-10 16:00:00,9.06,9.06,8.95,8.97,9942
244,22,2019-07-11 10:00:00,9.02,9.02,9.02,9.02,100
245,21,2019-07-11 11:00:00,8.84,9.24,8.84,8.9,401
246,20,2019-07-11 11:30:00,8.94,8.94,8.76,8.79,19519
247,19,2019-07-11 12:00:00,8.8,8.9025,8.785,8.82,8789
248,18,2019-07-11 12:30:00,8.82,8.9,8.81,8.81,552
249,17,2019-07-11 13:00:00,8.84,8.84,8.82,8.82,400
250,16,2019-07-11 13:30:00,8.83,8.85,8.82,8.82,850
251,15,2019-07-11 14:00:00,8.8,8.81,8.785,8.8,6725
252,14,2019-07-11 14:30:00,8.8,8.81,8.79,8.8,1600
253,13,2019-07-11 15:00:00,8.8,8.81,8.8,8.8,1001
254,12,2019-07-11 15:30:00,8.8,8.81,8.79,8.81,1800
255,11,2019-07-11 16:00:00,8.81,8.85,8.77,8.79,9883
256,10,2019-07-12 10:00:00,9.02,9.02,9.02,9.02,100
257,9,2019-07-12 11:00:00,8.8,8.92,8.79,8.8,1290
258,8,2019-07-12 11:30:00,8.85,8.9,8.8,8.85,1564
259,7,2019-07-12 12:00:00,8.85,8.86,8.85,8.86,304
260,6,2019-07-12 13:00:00,8.82,8.82,8.82,8.82,100
261,5,2019-07-12 13:30:00,8.8,8.885,8.8,8.83,2702
262,4,2019-07-12 14:00:00,8.815,8.83,8.8,8.8,2596
263,3,2019-07-12 14:30:00,8.83,8.83,8.8,8.81,712
264,2,2019-07-12 15:00:00,8.8,8.83,8.785,8.785,2817
265,1,2019-07-12 15:30:00,8.8,8.8,8.8,8.8,600
266,0,2019-07-12 16:00:00,8.8,8.84,8.79,8.8,4487
267,225,2019-07-15 10:00:00,9.01,9.01,8.77,8.77,1002
268,224,2019-07-15 10:30:00,8.8,8.82,8.78,8.8,3915
269,223,2019-07-15 11:00:00,8.83,8.83,8.83,8.83,203
270,222,2019-07-15 11:30:00,8.8,8.8,8.8,8.8,545
271,221,2019-07-15 12:00:00,8.76,8.8,8.76,8.76,11755
272,220,2019-07-15 12:30:00,8.8,8.82,8.76,8.76,14235
273,219,2019-07-15 13:00:00,8.76,8.77,8.76,8.76,3376
274,218,2019-07-15 13:30:00,8.76,8.76,8.51,8.6,20469
275,217,2019-07-15 14:00:00,8.6,8.765,8.5,8.71,57488
276,216,2019-07-15 14:30:00,8.71,8.72,8.685,8.7,4939
277,215,2019-07-15 15:00:00,8.7,8.72,8.69,8.7,1000
278,214,2019-07-15 15:30:00,8.7,8.71,8.7,8.7,1194
279,213,2019-07-15 16:00:00,8.725,8.73,8.54,8.69,16246
280,212,2019-07-15 16:30:00,8.71,8.71,8.71,8.71,111
281,211,2019-07-16 10:00:00,8.7,8.71,8.67,8.67,16060
282,210,2019-07-16 10:30:00,8.68,8.69,8.2,8.23,25229
283,209,2019-07-16 11:00:00,8.29,8.315,8.23,8.25,16982
284,208,2019-07-16 11:30:00,8.2973,8.43,8.2,8.27,20428
285,207,2019-07-16 12:00:00,8.2,8.205,7.86,7.925,19705
286,206,2019-07-16 12:30:00,7.94,8.09,7.89,8.0,11198
287,205,2019-07-16 13:00:00,8.09,8.17,8.0,8.11,2828
288,204,2019-07-16 14:00:00,8.05,8.17,8.02,8.1,1930
289,203,2019-07-16 14:30:00,8.08,8.1,8.08,8.1,670
290,202,2019-07-16 15:00:00,8.17,8.17,8.08,8.08,4630
291,201,2019-07-16 15:30:00,8.08,8.19,8.08,8.15,3400
292,200,2019-07-16 16:00:00,8.14,8.21,8.125,8.2,9761
293,199,2019-07-16 16:30:00,8.21,8.21,8.21,8.21,111
294,198,2019-07-17 10:00:00,8.34,8.34,8.335,8.335,600
295,197,2019-07-17 10:30:00,8.2405,8.36,8.09,8.19,68103
296,196,2019-07-17 11:00:00,8.19,8.1975,8.13,8.13,900
297,195,2019-07-17 11:30:00,8.175,8.195,8.15,8.175,3000
298,194,2019-07-17 12:00:00,8.19,8.21,8.15,8.175,4000
299,193,2019-07-17 12:30:00,8.175,8.2,8.14,8.145,3555
300,192,2019-07-17 13:00:00,8.175,8.18,8.125,8.15,2800
301,191,2019-07-17 13:30:00,8.155,8.18,8.1,8.18,4399
302,190,2019-07-17 14:00:00,8.15,8.15,8.15,8.15,1400
303,189,2019-07-17 14:30:00,8.16,8.17,8.13,8.17,2815
304,188,2019-07-17 15:00:00,8.16,8.23,8.14,8.175,3895
305,187,2019-07-17 15:30:00,8.175,8.175,8.11,8.11,1014
306,186,2019-07-17 16:00:00,8.14,8.27,8.11,8.26,13544
307,185,2019-07-18 10:00:00,8.34,8.34,8.34,8.34,103
308,184,2019-07-18 10:30:00,8.1461,8.1461,8.1461,8.1461,150
309,183,2019-07-18 11:00:00,8.31,8.32,8.31,8.32,400
310,182,2019-07-18 12:00:00,8.31,8.35,8.15,8.22,11695
311,181,2019-07-18 12:30:00,8.12,8.25,8.12,8.25,5782
312,180,2019-07-18 13:00:00,8.24,8.325,8.175,8.175,14201
313,179,2019-07-18 13:30:00,8.155,8.24,8.14,8.23,2729
314,178,2019-07-18 14:00:00,8.23,8.25,8.2,8.22,3781
315,177,2019-07-18 14:30:00,8.24,8.25,8.19,8.21,9687
316,176,2019-07-18 15:00:00,8.2,8.25,8.155,8.215,7978
317,175,2019-07-18 15:30:00,8.22,8.26,8.2,8.24,6190
318,174,2019-07-18 16:00:00,8.22,8.24,8.11,8.13,15098
319,173,2019-07-18 16:30:00,8.11,8.11,8.11,8.11,114
320,172,2019-07-19 10:30:00,8.12,8.12,8.12,8.12,100
321,171,2019-07-19 11:30:00,8.14,8.21,8.11,8.12,16637
322,170,2019-07-19 12:00:00,8.12,8.13,8.12,8.13,884
323,169,2019-07-19 12:30:00,8.13,8.155,8.13,8.155,767
324,168,2019-07-19 13:00:00,8.12,8.165,8.12,8.14,1431
325,167,2019-07-19 13:30:00,8.14,8.15,8.11,8.15,1959
326,166,2019-07-19 14:00:00,8.13,8.155,8.11,8.13,42605
327,165,2019-07-19 14:30:00,8.19,8.19,8.12,8.12,2549
328,164,2019-07-19 15:00:00,8.135,8.15,8.12,8.13,800
329,163,2019-07-19 15:30:00,8.13,8.13,7.95,8.13,2209
330,162,2019-07-19 16:00:00,8.01,8.15,7.76,7.96,16699
331,161,2019-07-19 16:30:00,7.97,7.97,7.97,7.97,111
332,160,2019-07-22 11:00:00,7.78,7.88,7.7501,7.88,2554
333,159,2019-07-22 11:30:00,7.84,7.84,7.84,7.84,600
334,158,2019-07-22 12:00:00,7.87,7.88,7.87,7.88,600
335,157,2019-07-22 12:30:00,7.75,7.75,7.75,7.75,500
336,156,2019-07-22 13:00:00,7.76,7.76,7.76,7.76,500
337,155,2019-07-22 13:30:00,7.76,7.77,7.75,7.77,900
338,154,2019-07-22 14:00:00,7.85,7.86,7.78,7.85,856
339,153,2019-07-22 14:30:00,7.8,7.8,7.8,7.8,115
340,152,2019-07-22 15:00:00,7.8,7.85,7.78,7.78,1300
341,151,2019-07-22 15:30:00,7.78,7.78,7.78,7.78,300
342,150,2019-07-22 16:00:00,7.785,8.05,7.77,7.77,34394
343,149,2019-07-23 10:00:00,7.79,7.79,7.79,7.79,100
344,148,2019-07-23 11:30:00,7.855,7.855,7.8,7.8,27903
345,147,2019-07-23 12:00:00,7.76,7.855,7.76,7.8,2910
346,146,2019-07-23 12:30:00,7.8,7.91,7.75,7.8,10587
347,145,2019-07-23 13:00:00,7.76,7.8,7.73,7.8,4385
348,144,2019-07-23 13:30:00,7.75,7.75,7.75,7.75,522
349,143,2019-07-23 14:00:00,7.76,7.77,7.6,7.685,949
350,142,2019-07-23 14:30:00,7.69,7.69,7.6,7.64,4090
351,141,2019-07-23 15:00:00,7.705,7.705,7.705,7.705,100
352,140,2019-07-23 15:30:00,7.77,7.78,7.75,7.75,644
353,139,2019-07-23 16:00:00,7.73,7.81,7.65,7.75,1819
354,138,2019-07-23 16:30:00,7.69,7.69,7.69,7.69,102
355,137,2019-07-24 10:00:00,7.69,7.76,7.69,7.69,900
356,136,2019-07-24 10:30:00,7.6,7.69,7.6,7.69,568
357,135,2019-07-24 11:30:00,7.43,7.615,7.43,7.45,601
358,134,2019-07-24 12:00:00,7.45,7.55,7.45,7.5,8454
359,133,2019-07-24 12:30:00,7.5,7.52,7.49,7.51,3440
360,132,2019-07-24 13:00:00,7.48,7.5,7.45,7.48,1600
361,131,2019-07-24 13:30:00,7.45,7.45,7.25,7.305,1530
362,130,2019-07-24 14:00:00,7.35,7.4,7.3,7.33,12632
363,129,2019-07-24 14:30:00,7.3,7.3001,7.18,7.23,10865
364,128,2019-07-24 15:00:00,7.23,7.29,7.16,7.18,5740
365,127,2019-07-24 15:30:00,7.26,7.26,7.25,7.25,1110
366,126,2019-07-24 16:00:00,7.345,7.345,7.19,7.22,8312
367,125,2019-07-25 10:00:00,7.18,7.18,7.18,7.18,100
368,124,2019-07-25 12:00:00,7.1,7.11,7.0,7.0,1100
369,123,2019-07-25 12:30:00,7.11,7.11,7.1,7.1,1755
370,122,2019-07-25 13:00:00,7.11,7.11,6.96,6.96,3525
371,121,2019-07-25 13:30:00,7.025,7.05,7.01,7.05,1907
372,120,2019-07-25 14:00:00,7.0,7.03,6.98,6.99,6828
373,119,2019-07-25 14:30:00,6.98,7.0,6.96,6.96,1472
374,118,2019-07-25 15:00:00,6.95,6.95,6.9,6.9,1808
375,117,2019-07-25 16:00:00,6.8260000000000005,6.88,6.8260000000000005,6.86,14413
376,116,2019-07-26 10:00:00,7.03,7.08,7.03,7.08,200
377,115,2019-07-26 11:00:00,7.0464,7.0464,7.0464,7.0464,100
378,114,2019-07-26 11:30:00,7.0,7.14,6.99,7.05,27832
379,113,2019-07-26 12:00:00,7.045,7.11,6.96,6.98,15615
380,112,2019-07-26 12:30:00,6.99,6.99,6.98,6.98,302
381,111,2019-07-26 13:00:00,6.945,7.0,6.945,7.0,1300
382,110,2019-07-26 13:30:00,7.0,7.07,6.98,7.0,10711
383,109,2019-07-26 14:00:00,7.0,7.03,6.98,7.01,3600
384,108,2019-07-26 14:30:00,7.0,7.03,6.98,7.02,9907
385,107,2019-07-26 15:00:00,6.98,6.99,6.98,6.98,700
386,106,2019-07-26 15:30:00,7.0,7.06,6.99,7.0,28173
387,105,2019-07-26 16:00:00,7.0,7.29,7.0,7.17,12708
388,104,2019-07-29 10:00:00,7.37,7.37,7.25,7.25,432
389,103,2019-07-29 11:30:00,7.41,7.41,7.41,7.41,200
390,102,2019-07-29 12:00:00,7.31,7.34,7.3,7.34,1845
391,101,2019-07-29 12:30:00,7.23,7.2499,6.91,6.98,12746
392,100,2019-07-29 13:00:00,6.99,7.13,6.89,7.13,2773
393,99,2019-07-29 13:30:00,7.17,7.17,7.17,7.17,100
394,98,2019-07-29 14:30:00,7.0,7.19,6.95,7.0,14043
395,97,2019-07-29 15:00:00,7.0,7.01,6.97,7.0,3982
396,96,2019-07-29 15:30:00,7.0,7.0,6.95,6.95,400
397,95,2019-07-29 16:00:00,6.95,6.97,6.93,6.94,3023
398,94,2019-07-30 10:00:00,6.75,6.75,6.61,6.622999999999999,1870
399,93,2019-07-30 10:30:00,6.695,6.7,6.55,6.6,6478
400,92,2019-07-30 11:00:00,6.6,6.71,6.53,6.6,16852
401,91,2019-07-30 11:30:00,6.6,6.75,6.57,6.6,17512
402,90,2019-07-30 12:00:00,6.6,6.645,6.55,6.57,13586
403,89,2019-07-30 12:30:00,6.6,6.6,6.6,6.6,700
404,88,2019-07-30 13:00:00,6.6,6.62,6.6,6.6,3023
405,87,2019-07-30 13:30:00,6.61,6.61,6.6,6.6,800
406,86,2019-07-30 14:00:00,6.6,6.61,6.59,6.59,2574
407,85,2019-07-30 14:30:00,6.59,6.59,6.52,6.565,1108
408,84,2019-07-30 15:00:00,6.57,6.6,6.57,6.6,1300
409,83,2019-07-30 15:30:00,6.6,6.605,6.6,6.6,2300
410,82,2019-07-30 16:00:00,6.6,6.6,6.575,6.6,3081
411,81,2019-07-31 10:00:00,6.59,6.63,6.59,6.63,200
412,80,2019-07-31 11:30:00,6.545,6.67,6.47,6.67,33646
413,79,2019-07-31 12:00:00,6.73,6.79,6.5705,6.59,5584
414,78,2019-07-31 12:30:00,6.82,6.82,6.78,6.82,1658
415,77,2019-07-31 13:00:00,6.79,6.79,6.79,6.79,100
416,76,2019-07-31 13:30:00,6.82,6.82,6.75,6.75,400
417,75,2019-07-31 14:00:00,6.59,6.815,6.59,6.78,3400
418,74,2019-07-31 14:30:00,6.6,6.715,6.58,6.6,27450
419,73,2019-07-31 15:00:00,6.62,6.62,6.48,6.48,1030
420,72,2019-07-31 15:30:00,6.615,6.615,6.48,6.48,400
421,71,2019-07-31 16:00:00,6.6,6.6,6.48,6.6,2059
422,70,2019-08-01 10:00:00,6.61,6.665,6.53,6.53,2701
423,69,2019-08-01 10:30:00,6.6,6.655,6.57,6.596,3634
424,68,2019-08-01 11:00:00,6.6,6.61,6.5,6.61,300
425,67,2019-08-01 11:30:00,6.6,6.66,6.6,6.66,1314
426,66,2019-08-01 12:00:00,6.66,6.66,6.66,6.66,150
427,65,2019-08-01 12:30:00,6.69,6.69,6.69,6.69,190
428,64,2019-08-01 13:00:00,6.71,6.71,6.71,6.71,300
429,63,2019-08-01 14:00:00,6.67,6.67,6.55,6.55,1069
430,62,2019-08-01 14:30:00,6.59,6.59,6.5786,6.59,1200
431,61,2019-08-01 15:00:00,6.6,6.6,6.51,6.6,1500
432,60,2019-08-01 15:30:00,6.51,6.6,6.51,6.6,600
433,59,2019-08-01 16:00:00,6.54,6.72,6.53,6.71,4571
434,58,2019-08-02 10:00:00,6.68,6.68,6.68,6.68,100
435,57,2019-08-02 10:30:00,6.71,6.71,6.71,6.71,200
436,56,2019-08-02 11:00:00,6.71,6.71,6.5901,6.5901,700
437,55,2019-08-02 11:30:00,6.65,6.65,6.64,6.64,300
438,54,2019-08-02 12:00:00,6.64,6.64,6.61,6.61,600
439,53,2019-08-02 12:30:00,6.6,6.6,6.52,6.59,867
440,52,2019-08-02 13:00:00,6.6,6.67,6.49,6.66,723
441,51,2019-08-02 13:30:00,6.64,6.66,6.46,6.55,1427
442,50,2019-08-02 14:00:00,6.56,6.69,6.56,6.69,600
443,49,2019-08-02 14:30:00,6.67,6.67,6.56,6.605,2351
444,48,2019-08-02 15:00:00,6.61,6.635,6.55,6.6,3659
445,47,2019-08-02 15:30:00,6.6,6.6,6.6,6.6,824
446,46,2019-08-02 16:00:00,6.6,6.74,6.49,6.64,2782
447,45,2019-08-05 10:00:00,6.46,6.46,6.46,6.46,100
448,44,2019-08-05 10:30:00,6.49,6.49,6.37,6.37,2305
449,43,2019-08-05 16:00:00,6.54,6.54,6.54,6.54,100
450,42,2019-08-06 10:00:00,6.46,6.46,6.46,6.46,124
451,41,2019-08-06 10:30:00,6.5,6.5,6.41,6.41,595
452,40,2019-08-06 11:00:00,6.58,6.58,6.58,6.58,100
453,39,2019-08-06 11:30:00,6.43,6.43,6.35,6.35,1802
454,38,2019-08-06 12:00:00,6.46,6.47,6.46,6.47,300
455,37,2019-08-06 16:00:00,6.45,6.45,6.345,6.345,200
456,36,2019-08-07 10:00:00,6.28,6.28,6.28,6.28,200
457,35,2019-08-07 11:00:00,6.15,6.15,6.0501,6.0501,1640
458,34,2019-08-07 11:30:00,6.1,6.1,5.69,5.75,3725
459,33,2019-08-07 12:00:00,5.75,5.8,5.57,5.71,3978
460,32,2019-08-07 12:30:00,5.71,5.8,5.55,5.55,7404
461,31,2019-08-07 13:00:00,5.56,5.7,5.56,5.7,10321
462,30,2019-08-07 13:30:00,5.69,5.7,5.69,5.7,3601
463,29,2019-08-07 14:00:00,5.7,5.7,5.57,5.64,4292
464,28,2019-08-07 14:30:00,5.58,5.66,5.58,5.65,12337
465,27,2019-08-07 15:00:00,5.58,5.64,5.43,5.43,7911
466,26,2019-08-07 15:30:00,5.46,5.46,5.065,5.12,15562
467,25,2019-08-07 16:00:00,5.12,5.29,5.05,5.11,39301
468,24,2019-08-08 10:00:00,5.01,5.23,5.01,5.23,601
469,23,2019-08-08 10:30:00,5.2265,5.23,5.17,5.17,2300
470,22,2019-08-08 11:00:00,5.19,5.25,5.19,5.19,1000
471,21,2019-08-08 11:30:00,5.2368,5.3199,5.2301,5.3199,5500
472,20,2019-08-08 12:00:00,5.29,5.29,5.29,5.29,100
473,19,2019-08-08 12:30:00,5.32,5.37,5.32,5.37,301
474,18,2019-08-08 13:00:00,5.325,5.325,5.28,5.32,7086
475,17,2019-08-08 13:30:00,5.335,5.37,5.31,5.34,1118
476,16,2019-08-08 14:00:00,5.32,5.33,5.31,5.33,901
477,15,2019-08-08 14:30:00,5.3101,5.3101,5.3101,5.3101,200
478,14,2019-08-08 15:00:00,5.34,5.35,5.33,5.33,500
479,13,2019-08-08 15:30:00,5.31,5.33,5.31,5.33,400
480,12,2019-08-08 16:00:00,5.34,5.34,5.2,5.21,6616
481,11,2019-08-09 10:00:00,5.1356,5.1356,5.1356,5.1356,200
482,10,2019-08-09 11:00:00,5.11,5.24,5.05,5.23,1702
483,9,2019-08-09 11:30:00,5.08,5.23,5.05,5.23,5409
484,8,2019-08-09 12:00:00,5.24,5.24,5.07,5.07,300
485,7,2019-08-09 12:30:00,5.19,5.19,5.19,5.19,100
486,6,2019-08-09 13:00:00,5.1,5.19,4.69,4.69,35271
487,5,2019-08-09 13:30:00,4.91,4.91,4.5,4.86,28283
488,4,2019-08-09 14:00:00,4.87,5.08,4.78,4.95,15001
489,3,2019-08-09 14:30:00,4.91,4.95,4.89,4.93,5790
490,2,2019-08-09 15:00:00,4.95,5.11,4.91,5.11,5018
491,1,2019-08-09 15:30:00,5.11,5.11,4.97,5.07,6300
492,0,2019-08-09 16:00:00,5.04,5.13,4.92,5.04,5983
493,234,2019-08-12 10:00:00,5.0,5.115,5.0,5.115,1214
494,233,2019-08-12 11:00:00,5.0,5.0,5.0,5.0,100
495,232,2019-08-12 11:30:00,5.01,5.14,5.0,5.0,3585
496,231,2019-08-12 12:00:00,5.0,5.14,5.0,5.14,528
497,230,2019-08-12 12:30:00,5.005,5.14,5.0,5.14,700
498,229,2019-08-12 13:00:00,5.01,5.09,5.0,5.09,500
499,228,2019-08-12 13:30:00,5.08,5.09,5.01,5.01,1200
500,227,2019-08-12 14:00:00,5.01,5.01,4.89,4.9,3395
501,226,2019-08-12 14:30:00,4.89,5.08,4.89,5.08,304
502,225,2019-08-12 15:00:00,4.89,5.08,4.89,5.06,1100
503,224,2019-08-12 15:30:00,4.92,5.04,4.92,4.965,938
504,223,2019-08-12 16:00:00,4.91,5.005,4.91,5.005,203
505,222,2019-08-13 10:00:00,5.25,5.25,5.0,5.1575,4940
506,221,2019-08-13 10:30:00,5.06,5.12,4.97,5.04,16785
507,220,2019-08-13 11:00:00,5.01,5.165,5.0,5.1,2410
508,219,2019-08-13 11:30:00,5.03,5.1,5.02,5.05,700
509,218,2019-08-13 12:00:00,5.09,5.09,5.09,5.09,300
510,217,2019-08-13 12:30:00,5.05,5.05,5.05,5.05,100
511,216,2019-08-13 13:30:00,5.05,5.06,4.95,4.95,3499
512,215,2019-08-13 14:00:00,4.86,4.98,4.86,4.86,400
513,214,2019-08-13 15:00:00,4.86,4.86,4.86,4.86,100
514,213,2019-08-13 15:30:00,4.87,4.93,4.87,4.93,500
515,212,2019-08-13 16:00:00,4.9371,4.95,4.86,4.86,4523
516,211,2019-08-14 10:00:00,4.79,4.79,4.55,4.68,10390
517,210,2019-08-14 10:30:00,4.68,4.69,4.36,4.65,33610
518,209,2019-08-14 11:00:00,4.6,4.65,4.6,4.6,1790
519,208,2019-08-14 11:30:00,4.65,4.71,4.64,4.68,3250
520,207,2019-08-14 12:00:00,4.69,4.75,4.675,4.675,1750
521,206,2019-08-14 12:30:00,4.62,4.625,4.6,4.605,10574
522,205,2019-08-14 13:00:00,4.605,4.605,4.52,4.555,1700
523,204,2019-08-14 13:30:00,4.555,4.6,4.555,4.59,3800
524,203,2019-08-14 14:00:00,4.6,4.6,4.58,4.6,2707
525,202,2019-08-14 14:30:00,4.6,4.6,4.6,4.6,600
526,201,2019-08-14 15:00:00,4.58,4.6,4.52,4.6,12420
527,200,2019-08-14 15:30:00,4.6,4.6,4.51,4.56,6004
528,199,2019-08-14 16:00:00,4.56,4.6,4.55,4.6,16190
529,198,2019-08-15 10:00:00,4.59,4.59,4.5,4.5,900
530,197,2019-08-15 11:00:00,4.5,4.5,4.315,4.38,7803
531,196,2019-08-15 11:30:00,4.43,4.43,4.39,4.4,45590
532,195,2019-08-15 12:00:00,4.4,4.58,4.4,4.56,99830
533,194,2019-08-15 12:30:00,4.57,4.75,4.55,4.75,2200
534,193,2019-08-15 13:00:00,4.76,4.76,4.56,4.63,2200
535,192,2019-08-15 13:30:00,4.68,4.8,4.555,4.8,1400
536,191,2019-08-15 14:00:00,4.725,4.725,4.725,4.725,100
537,190,2019-08-15 14:30:00,4.61,4.8,4.61,4.71,3200
538,189,2019-08-15 15:00:00,4.71,4.715,4.64,4.6625,2500
539,188,2019-08-15 15:30:00,4.71,4.78,4.64,4.77,3200
540,187,2019-08-15 16:00:00,4.705,4.84,4.705,4.825,4530
541,186,2019-08-16 10:00:00,4.83,5.1,4.5,4.88,14217
542,185,2019-08-16 10:30:00,4.89,5.08,4.89,5.08,1715
543,184,2019-08-16 11:00:00,5.0554,5.0554,4.9,4.94,1020
544,183,2019-08-16 12:00:00,4.87,4.99,4.87,4.99,290
545,182,2019-08-16 13:00:00,4.87,4.87,4.87,4.87,100
546,181,2019-08-16 13:30:00,4.9,4.9,4.9,4.9,111
547,180,2019-08-16 14:00:00,4.87,4.87,4.87,4.87,112
548,179,2019-08-16 14:30:00,4.8858,4.99,4.85,4.87,4231
549,178,2019-08-16 15:30:00,4.87,5.03,4.87,5.03,236
550,177,2019-08-16 16:00:00,4.87,5.08,4.85,4.97,3709
551,176,2019-08-19 10:00:00,5.13,5.13,5.13,5.13,200
552,175,2019-08-19 12:30:00,5.03,5.22,5.02,5.1,12210
553,174,2019-08-19 13:00:00,5.1,5.15,5.095,5.1,17109
554,173,2019-08-19 13:30:00,5.1,5.14,5.1,5.14,1954
555,172,2019-08-19 14:00:00,5.14,5.15,5.1018,5.12,6966
556,171,2019-08-19 14:30:00,5.13,5.19,5.12,5.19,1112
557,170,2019-08-19 15:00:00,5.19,5.21,5.15,5.21,1600
558,169,2019-08-19 15:30:00,5.15,5.15,5.15,5.15,100
559,168,2019-08-19 16:00:00,5.24,5.24,5.1,5.1,17966
560,167,2019-08-20 10:00:00,5.17,5.255,5.17,5.18,3200
561,166,2019-08-20 10:30:00,5.18,5.26,5.15,5.26,2257
562,165,2019-08-20 11:00:00,5.15,5.16,5.01,5.04,4699
563,164,2019-08-20 11:30:00,5.21,5.21,5.04,5.04,300
564,163,2019-08-20 12:00:00,5.19,5.19,5.19,5.19,125
565,162,2019-08-20 12:30:00,5.15,5.15,5.05,5.05,1901
566,161,2019-08-20 13:00:00,5.05,5.11,5.05,5.11,1604
567,160,2019-08-20 13:30:00,5.07,5.14,5.06,5.11,1800
568,159,2019-08-20 14:00:00,5.12,5.12,5.09,5.1,742
569,158,2019-08-20 14:30:00,5.1,5.11,5.08,5.11,805
570,157,2019-08-20 15:00:00,5.11,5.11,5.11,5.11,210
571,156,2019-08-20 15:30:00,5.11,5.12,5.11,5.12,202
572,155,2019-08-20 16:00:00,5.11,5.12,5.08,5.12,12912
573,154,2019-08-21 10:00:00,5.21,5.21,5.21,5.21,200
574,153,2019-08-21 15:30:00,5.32,5.32,5.32,5.32,100
575,152,2019-08-21 16:00:00,5.3,5.3,5.01,5.01,3659
576,151,2019-08-22 10:00:00,5.16,5.16,5.16,5.16,404
577,150,2019-08-22 10:30:00,5.15,5.255,5.15,5.24,1699
578,149,2019-08-22 11:00:00,5.16,5.185,5.15,5.15,3545
579,148,2019-08-22 11:30:00,5.175,5.23,5.15,5.22,1176
580,147,2019-08-22 12:00:00,5.14,5.22,5.12,5.2,700
581,146,2019-08-22 12:30:00,5.12,5.22,5.12,5.18,900
582,145,2019-08-22 13:00:00,5.15,5.18,5.15,5.18,400
583,144,2019-08-22 13:30:00,5.18,5.18,5.18,5.18,100
584,143,2019-08-22 14:00:00,5.18,5.21,5.18,5.21,300
585,142,2019-08-22 14:30:00,5.18,5.21,5.18,5.21,500
586,141,2019-08-22 15:00:00,5.18,5.23,5.18,5.23,2100
587,140,2019-08-22 15:30:00,5.185,5.32,5.185,5.32,1600
588,139,2019-08-22 16:00:00,5.3599,5.36,5.25,5.25,6491
589,138,2019-08-23 10:00:00,5.27,5.27,5.25,5.25,522
590,137,2019-08-23 10:30:00,5.27,5.27,5.25,5.27,1047
591,136,2019-08-23 11:00:00,5.27,5.44,5.265,5.44,2883
592,135,2019-08-23 11:30:00,5.3966,5.45,5.28,5.295,4285
593,134,2019-08-23 12:00:00,5.275,5.35,5.275,5.35,2701
594,133,2019-08-23 12:30:00,5.345,5.345,5.27,5.34,433
595,132,2019-08-23 13:00:00,5.26,5.27,5.26,5.27,300
596,131,2019-08-23 13:30:00,5.27,5.31,5.26,5.27,1781
597,130,2019-08-23 14:00:00,5.28,5.35,5.28,5.3,712
598,129,2019-08-23 14:30:00,5.3,5.3,5.28,5.3,678
599,128,2019-08-23 15:00:00,5.28,5.31,5.26,5.31,1277
600,127,2019-08-23 15:30:00,5.3,5.3,5.28,5.28,600
601,126,2019-08-23 16:00:00,5.29,5.29,5.25,5.26,2702
602,125,2019-08-26 09:30:00,5.49,5.5,5.48,5.5,700
603,124,2019-08-26 10:00:00,5.43,5.59,5.43,5.45,14080
604,123,2019-08-26 10:30:00,5.445,5.5,5.39,5.39,400
605,122,2019-08-26 11:00:00,5.41,5.43,5.375,5.4,1740
606,121,2019-08-26 11:30:00,5.41,5.45,5.39,5.43,1322
607,120,2019-08-26 12:00:00,5.43,5.43,5.35,5.42,5498
608,119,2019-08-26 12:30:00,5.4,5.435,5.34,5.39,540
609,118,2019-08-26 13:00:00,5.41,5.41,5.35,5.35,507
610,117,2019-08-26 13:30:00,5.355,5.355,5.335,5.335,403
611,116,2019-08-26 14:00:00,5.33,5.34,5.32,5.33,1200
612,115,2019-08-26 14:30:00,5.33,5.33,5.33,5.33,100
613,114,2019-08-26 15:00:00,5.33,5.42,5.32,5.34,7960
614,113,2019-08-26 15:30:00,5.31,5.32,5.25,5.29,11711
615,112,2019-08-26 16:00:00,5.29,5.29,5.25,5.29,3562
616,111,2019-08-27 10:00:00,5.42,5.485,5.42,5.485,300
617,110,2019-08-27 10:30:00,5.35,5.48,5.35,5.4,6972
618,109,2019-08-27 11:00:00,5.4,5.4,5.38,5.38,203
619,108,2019-08-27 11:30:00,5.32,5.375,5.32,5.37,380
620,107,2019-08-27 12:00:00,5.36,5.4,5.3,5.3,2640
621,106,2019-08-27 12:30:00,5.335,5.47,5.335,5.364,4045
622,105,2019-08-27 13:00:00,5.41,5.5,5.37,5.44,4101
623,104,2019-08-27 13:30:00,5.5,5.55,5.49,5.55,2312
624,103,2019-08-27 14:00:00,5.53,5.55,5.4,5.42,6415
625,102,2019-08-27 14:30:00,5.42,5.505,5.36,5.41,4012
626,101,2019-08-27 15:00:00,5.495,5.495,5.43,5.46,3300
627,100,2019-08-27 15:30:00,5.5,5.51,5.39,5.51,6110
628,99,2019-08-27 16:00:00,5.49,5.6,5.41,5.6,7781
629,98,2019-08-28 10:00:00,5.6,5.61,5.475,5.53,6634
630,97,2019-08-28 10:30:00,5.4897,5.57,5.45,5.5,1181
631,96,2019-08-28 11:00:00,5.5,5.5,5.4,5.47,4430
632,95,2019-08-28 11:30:00,5.51,5.52,5.43,5.52,1500
633,94,2019-08-28 12:00:00,5.51,5.53,5.48,5.49,3371
634,93,2019-08-28 12:30:00,5.48,5.49,5.42,5.42,1548
635,92,2019-08-28 13:00:00,5.44,5.49,5.44,5.47,1700
636,91,2019-08-28 13:30:00,5.47,5.47,5.43,5.46,721
637,90,2019-08-28 14:00:00,5.5,5.52,5.5,5.515,500
638,89,2019-08-28 14:30:00,5.51,5.51,5.44,5.48,4700
639,88,2019-08-28 15:00:00,5.495,5.5,5.495,5.5,322
640,87,2019-08-28 15:30:00,5.5,5.61,5.48,5.59,5365
641,86,2019-08-28 16:00:00,5.61,5.62,5.45,5.53,4598
642,85,2019-08-29 10:00:00,5.61,5.64,5.59,5.64,838
643,84,2019-08-29 11:00:00,5.63,5.63,5.53,5.56,2318
644,83,2019-08-29 11:30:00,5.56,5.64,5.555,5.63,2321
645,82,2019-08-29 12:00:00,5.64,5.7,5.63,5.63,711
646,81,2019-08-29 12:30:00,5.7,5.735,5.6,5.6,2945
647,80,2019-08-29 13:00:00,5.64,5.65,5.45,5.65,4670
648,79,2019-08-29 13:30:00,5.6,5.65,5.585,5.63,1448
649,78,2019-08-29 14:00:00,5.625,5.63,5.52,5.6,1491
650,77,2019-08-29 14:30:00,5.535,5.625,5.535,5.625,822
651,76,2019-08-29 15:00:00,5.6,5.6,5.58,5.58,200
652,75,2019-08-29 15:30:00,5.61,5.61,5.58,5.58,800
653,74,2019-08-29 16:00:00,5.56,5.63,5.56,5.56,2165
654,73,2019-08-30 10:00:00,5.73,5.73,5.6,5.6,300
655,72,2019-08-30 10:30:00,5.59,5.59,5.59,5.59,203
656,71,2019-08-30 11:00:00,5.69,5.69,5.69,5.69,218
657,70,2019-08-30 11:30:00,5.55,5.56,5.37,5.43,4280
658,69,2019-08-30 12:00:00,5.51,5.51,5.51,5.51,100
659,68,2019-08-30 12:30:00,5.44,5.595,5.44,5.57,1144
660,67,2019-08-30 13:00:00,5.57,5.6,5.43,5.55,17151
661,66,2019-08-30 13:30:00,5.52,5.6,5.52,5.53,5273
662,65,2019-08-30 14:00:00,5.535,5.58,5.48,5.5,2563
663,64,2019-08-30 14:30:00,5.52,5.6653,5.5,5.56,6059
664,63,2019-08-30 15:00:00,5.6443,5.6443,5.5,5.515,6141
665,62,2019-08-30 15:30:00,5.56,5.73,5.56,5.7,350
666,61,2019-08-30 16:00:00,5.62,5.79,5.53,5.58,3082
667,60,2019-09-03 10:00:00,5.74,5.74,5.52,5.52,400
668,59,2019-09-03 10:30:00,5.58,5.58,5.52,5.52,751
669,58,2019-09-03 11:00:00,5.47,5.47,5.47,5.47,100
670,57,2019-09-03 12:00:00,5.63,5.66,5.49,5.49,2684
671,56,2019-09-03 12:30:00,5.48,5.48,5.48,5.48,101
672,55,2019-09-03 13:00:00,5.47,5.48,5.47,5.48,200
673,54,2019-09-03 14:00:00,5.47,5.47,5.45,5.45,200
674,53,2019-09-03 14:30:00,5.465,5.465,5.465,5.465,100
675,52,2019-09-03 15:30:00,5.45,5.61,5.45,5.46,7800
676,51,2019-09-03 16:00:00,5.455,5.68,5.455,5.68,8221
677,50,2019-09-04 10:00:00,5.65,5.65,5.65,5.65,230
678,49,2019-09-04 11:00:00,5.6728,5.6728,5.6728,5.6728,180
679,48,2019-09-04 11:30:00,5.65,5.65,5.65,5.65,200
680,47,2019-09-04 13:00:00,5.69,5.69,5.61,5.61,200
681,46,2019-09-04 14:30:00,5.69,5.69,5.69,5.69,100
682,45,2019-09-04 15:30:00,5.61,5.61,5.61,5.61,100
683,44,2019-09-04 16:00:00,5.71,5.74,5.64,5.73,1500
684,43,2019-09-05 10:00:00,5.85,5.85,5.85,5.85,220
685,42,2019-09-05 11:00:00,5.64,5.64,5.64,5.64,200
686,41,2019-09-05 11:30:00,5.65,5.65,5.62,5.62,200
687,40,2019-09-05 13:00:00,5.64,5.64,5.64,5.64,100
688,39,2019-09-05 15:30:00,5.64,5.69,5.6038,5.69,600
689,38,2019-09-05 16:00:00,5.76,5.85,5.62,5.85,4482
690,37,2019-09-06 10:00:00,5.82,5.82,5.82,5.82,200
691,36,2019-09-06 10:30:00,5.85,5.85,5.85,5.85,100
692,35,2019-09-06 11:00:00,5.86,5.86,5.86,5.86,200
693,34,2019-09-06 11:30:00,5.87,5.87,5.78,5.78,300
694,33,2019-09-06 12:30:00,5.95,5.95,5.95,5.95,100
695,32,2019-09-06 13:00:00,5.87,5.87,5.87,5.87,100
696,31,2019-09-06 13:30:00,5.98,6.095,5.82,6.095,6298
697,30,2019-09-06 14:00:00,6.08,6.33,6.08,6.13,5923
698,29,2019-09-06 14:30:00,6.31,6.31,6.13,6.19,1570
699,28,2019-09-06 15:00:00,6.1346,6.1346,6.12,6.12,200
700,27,2019-09-06 15:30:00,6.21,6.21,6.21,6.21,306
701,26,2019-09-06 16:00:00,6.17,6.23,6.12,6.19,9462
702,25,2019-09-09 10:00:00,6.15,6.18,5.99,5.99,3376
703,24,2019-09-09 10:30:00,6.16,6.17,6.01,6.17,806
704,23,2019-09-09 11:00:00,6.2,6.35,6.19,6.35,1502
705,22,2019-09-09 11:30:00,6.35,6.35,6.1,6.1,846
706,21,2019-09-09 12:00:00,6.25,6.34,6.25,6.34,700
707,20,2019-09-09 12:30:00,6.1,6.32,6.1,6.32,1000
708,19,2019-09-09 13:00:00,6.1,6.32,6.1,6.29,501
709,18,2019-09-09 13:30:00,6.29,6.3,6.12,6.28,2100
710,17,2019-09-09 14:00:00,6.28,6.28,6.12,6.2,1503
711,16,2019-09-09 14:30:00,6.23,6.25,6.18,6.25,2501
712,15,2019-09-09 15:00:00,6.25,6.33,6.18,6.33,1181
713,14,2019-09-09 15:30:00,6.25,6.32,6.18,6.32,402
714,13,2019-09-09 16:00:00,6.3,6.37,6.18,6.27,5225
715,12,2019-09-10 10:00:00,6.44,6.44,6.3,6.3,300
716,11,2019-09-10 10:30:00,6.6,6.68,6.5,6.5,621
717,10,2019-09-10 11:00:00,6.54,6.76,6.54,6.76,8173
718,9,2019-09-10 11:30:00,6.76,6.98,6.695,6.91,4704
719,8,2019-09-10 12:00:00,6.91,6.91,6.695,6.695,7512
720,7,2019-09-10 12:30:00,6.73,6.77,6.69,6.77,1991
721,6,2019-09-10 13:00:00,6.77,6.77,6.725,6.74,3676
722,5,2019-09-10 13:30:00,6.74,6.79,6.74,6.76,2462
723,4,2019-09-10 14:00:00,6.78,6.79,6.685,6.7,2451
724,3,2019-09-10 14:30:00,6.71,6.78,6.665,6.74,2483
725,2,2019-09-10 15:00:00,6.74,6.775,6.53,6.65,14499
726,1,2019-09-10 15:30:00,6.55,6.74,6.55,6.64,1738
727,0,2019-09-10 16:00:00,6.59,6.75,6.45,6.585,6526
728,283,2019-09-11 10:00:00,6.7,6.73,6.5,6.55,7453
729,282,2019-09-11 10:30:00,6.7,6.72,6.58,6.7,1332
730,281,2019-09-11 11:00:00,6.7,6.7,6.56,6.7,1450
731,280,2019-09-11 11:30:00,6.7,6.7,6.58,6.7,1402
732,279,2019-09-11 12:00:00,6.7,6.85,6.585,6.61,1400
733,278,2019-09-11 12:30:00,6.72,6.83,6.66,6.79,1320
734,277,2019-09-11 13:00:00,6.6,6.8,6.59,6.7,1800
735,276,2019-09-11 13:30:00,6.68,6.75,6.65,6.7,1554
736,275,2019-09-11 14:00:00,6.7,6.78,6.65,6.725,1700
737,274,2019-09-11 14:30:00,6.725,6.725,6.655,6.66,1605
738,273,2019-09-11 15:00:00,6.725,6.725,6.67,6.68,1300
739,272,2019-09-11 15:30:00,6.65,6.72,6.65,6.7,2300
740,271,2019-09-11 16:00:00,6.7,6.77,6.65,6.68,5194
741,270,2019-09-12 10:00:00,6.63,6.66,6.44,6.56,2883
742,269,2019-09-12 10:30:00,6.64,6.68,6.52,6.585,2000
743,268,2019-09-12 11:00:00,6.65,6.75,6.575,6.67,3211
744,267,2019-09-12 11:30:00,6.67,6.685,6.57,6.625,2501
745,266,2019-09-12 12:00:00,6.625,6.67,6.43,6.53,4300
746,265,2019-09-12 12:30:00,6.62,6.65,6.43,6.61,1200
747,264,2019-09-12 13:00:00,6.61,6.65,6.425,6.45,910
748,263,2019-09-12 13:30:00,6.64,6.65,6.56,6.63,1334
749,262,2019-09-12 14:00:00,6.65,6.69,6.64,6.65,1200
750,261,2019-09-12 14:30:00,6.65,6.65,6.415,6.65,7806
751,260,2019-09-12 15:00:00,6.45,6.65,6.425,6.425,1200
752,259,2019-09-12 15:30:00,6.57,6.57,6.485,6.57,1434
753,258,2019-09-12 16:00:00,6.61,6.7,6.56,6.65,4996
754,257,2019-09-13 10:00:00,6.66,6.75,6.66,6.67,3427
755,256,2019-09-13 10:30:00,6.7,6.715,6.5,6.51,173970
756,255,2019-09-13 11:00:00,6.51,6.52,6.5,6.51,1920
757,254,2019-09-13 11:30:00,6.51,6.7,6.51,6.55,8312
758,253,2019-09-13 12:00:00,6.58,6.59,6.55,6.59,6011
759,252,2019-09-13 12:30:00,6.59,6.59,6.53,6.53,3490
760,251,2019-09-13 13:00:00,6.56,6.7,6.525,6.69,1243
761,250,2019-09-13 13:30:00,6.615,6.7,6.55,6.61,934
762,249,2019-09-13 14:00:00,6.55,6.68,6.525,6.55,10309
763,248,2019-09-13 14:30:00,6.595,6.66,6.52,6.55,1236
764,247,2019-09-13 15:00:00,6.65,6.67,6.515,6.58,3297
765,246,2019-09-13 15:30:00,6.55,6.59,6.45,6.45,3873
766,245,2019-09-13 16:00:00,6.45,6.54,6.415,6.53,4985
767,244,2019-09-16 10:00:00,6.62,6.62,6.5,6.57,1271
768,243,2019-09-16 10:30:00,6.57,6.57,6.41,6.54,1301
769,242,2019-09-16 11:00:00,6.53,6.56,6.41,6.52,1697
770,241,2019-09-16 11:30:00,6.52,6.52,6.485,6.485,318
771,240,2019-09-16 12:00:00,6.52,6.53,6.445,6.51,5031
772,239,2019-09-16 12:30:00,6.51,6.55,6.46,6.46,4446
773,238,2019-09-16 13:00:00,6.55,6.55,6.4875,6.4875,912
774,237,2019-09-16 13:30:00,6.5,6.64,6.5,6.53,1734
775,236,2019-09-16 14:00:00,6.605,6.605,6.605,6.605,400
776,235,2019-09-16 14:30:00,6.65,6.66,6.52,6.555,5461
777,234,2019-09-16 15:00:00,6.53,6.6,6.53,6.53,1000
778,233,2019-09-16 15:30:00,6.535,6.62,6.535,6.6,1786
779,232,2019-09-16 16:00:00,6.6,6.7,6.5575,6.66,7808
780,231,2019-09-17 10:00:00,6.65,6.67,6.5,6.6,737
781,230,2019-09-17 10:30:00,6.5,6.84,6.5,6.76,2094
782,229,2019-09-17 11:00:00,6.84,6.91,6.84,6.84,2452
783,228,2019-09-17 11:30:00,6.94,7.0,6.75,7.0,105348
784,227,2019-09-17 12:00:00,7.0,7.0,6.96,6.96,2810
785,226,2019-09-17 12:30:00,6.96,6.97,6.66,6.66,4871
786,225,2019-09-17 13:00:00,6.77,6.79,6.7,6.79,1027
787,224,2019-09-17 13:30:00,6.735,6.76,6.64,6.64,1731
788,223,2019-09-17 14:00:00,6.68,6.73,6.64,6.685,513
789,222,2019-09-17 14:30:00,6.7,6.72,6.64,6.67,4872
790,221,2019-09-17 15:00:00,6.69,6.73,6.64,6.66,1445
791,220,2019-09-17 15:30:00,6.65,6.69,6.64,6.67,3453
792,219,2019-09-17 16:00:00,6.64,6.96,6.64,6.96,9814
793,218,2019-09-18 10:00:00,6.72,6.95,6.58,6.66,1148
794,217,2019-09-18 10:30:00,6.69,6.69,6.69,6.69,604
795,216,2019-09-18 11:00:00,6.72,6.72,6.5,6.61,2312
796,215,2019-09-18 11:30:00,6.6,6.75,6.6,6.665,2105
797,214,2019-09-18 12:00:00,6.72,6.8,6.61,6.8,900
798,213,2019-09-18 12:30:00,6.78,6.8,6.63,6.79,2036
799,212,2019-09-18 13:00:00,6.79,6.79,6.615,6.64,3837
800,211,2019-09-18 13:30:00,6.71,6.8,6.59,6.68,5831
801,210,2019-09-18 14:00:00,6.69,6.71,6.55,6.64,9088
802,209,2019-09-18 14:30:00,6.665,6.73,6.56,6.73,2453
803,208,2019-09-18 15:00:00,6.6,6.73,6.6,6.71,1300
804,207,2019-09-18 15:30:00,6.71,6.74,6.61,6.7,4463
805,206,2019-09-18 16:00:00,6.67,6.79,6.55,6.7,37300
806,205,2019-09-18 16:30:00,6.7,6.71,6.7,6.71,26636
807,204,2019-09-19 10:00:00,6.74,6.74,6.645,6.74,410
808,203,2019-09-19 10:30:00,6.64,6.74,6.58,6.675,3101
809,202,2019-09-19 11:00:00,6.72,6.72,6.625,6.66,3514
810,201,2019-09-19 11:30:00,6.65,6.845,6.62,6.845,5405
811,200,2019-09-19 12:00:00,6.845,6.87,6.6,6.6,6109
812,199,2019-09-19 12:30:00,6.68,6.68,6.63,6.66,1982
813,198,2019-09-19 13:00:00,6.62,6.69,6.62,6.69,5349
814,197,2019-09-19 13:30:00,6.65,6.705,6.6,6.7,6776
815,196,2019-09-19 14:00:00,6.7,6.75,6.7,6.72,2825
816,195,2019-09-19 14:30:00,6.71,6.74,6.65,6.74,3263
817,194,2019-09-19 15:00:00,6.74,6.75,6.58,6.58,2222
818,193,2019-09-19 15:30:00,6.74,6.75,6.65,6.71,4407
819,192,2019-09-19 16:00:00,6.71,6.785,6.65,6.69,26358
820,191,2019-09-19 16:30:00,6.75,6.75,6.75,6.75,3913
821,190,2019-09-20 10:00:00,6.73,7.05,6.73,6.855,9445
822,189,2019-09-20 10:30:00,6.82,6.86,6.605,6.69,3848
823,188,2019-09-20 11:00:00,6.67,6.8,6.67,6.72,3399
824,187,2019-09-20 11:30:00,6.77,6.89,6.72,6.82,8634
825,186,2019-09-20 12:00:00,6.81,6.81,6.64,6.75,3821
826,185,2019-09-20 12:30:00,6.76,6.8,6.73,6.75,1909
827,184,2019-09-20 13:00:00,6.74,6.75,6.65,6.7,1979
828,183,2019-09-20 13:30:00,6.7,6.75,6.7,6.7,2427
829,182,2019-09-20 14:00:00,6.67,6.75,6.67,6.735,2928
830,181,2019-09-20 14:30:00,6.75,6.89,6.72,6.785,5512
831,180,2019-09-20 15:00:00,6.785,6.785,6.64,6.76,5284
832,179,2019-09-20 15:30:00,6.77,6.8,6.71,6.77,3516
833,178,2019-09-20 16:00:00,6.695,6.745,6.4,6.41,41431
834,177,2019-09-20 16:30:00,6.42,6.42,6.42,6.42,9034
835,176,2019-09-23 10:00:00,6.49,6.49,6.49,6.49,1220
836,175,2019-09-23 10:30:00,6.64,6.66,6.51,6.56,4694
837,174,2019-09-23 11:00:00,6.55,6.63,6.52,6.53,4537
838,173,2019-09-23 11:30:00,6.52,6.55,6.49,6.4905,5518
839,172,2019-09-23 12:00:00,6.49,6.52,6.42,6.465,4664
840,171,2019-09-23 12:30:00,6.49,6.51,6.42,6.46,1498
841,170,2019-09-23 13:00:00,6.38,6.48,6.21,6.27,3046
842,169,2019-09-23 13:30:00,6.22,6.22,6.08,6.16,1718
843,168,2019-09-23 14:00:00,6.16,6.4,6.16,6.345,7311
844,167,2019-09-23 14:30:00,6.335,6.52,6.235,6.3483,11969
845,166,2019-09-23 15:00:00,6.17,6.47,6.17,6.37,2838
846,165,2019-09-23 15:30:00,6.47,6.47,6.27,6.27,878
847,164,2019-09-23 16:00:00,6.28,6.5,6.27,6.48,6045
848,163,2019-09-24 10:00:00,6.5,6.69,6.5,6.61,1600
849,162,2019-09-24 10:30:00,6.52,6.67,6.5,6.56,1801
850,161,2019-09-24 11:00:00,6.56,6.6,6.5,6.5,3267
851,160,2019-09-24 11:30:00,6.5,6.52,6.45,6.45,2526
852,159,2019-09-24 12:00:00,6.5,6.5,6.45,6.5,3913
853,158,2019-09-24 12:30:00,6.47,6.49,6.45,6.45,2085
854,157,2019-09-24 13:00:00,6.45,6.47,6.45,6.45,1638
855,156,2019-09-24 13:30:00,6.45,6.465,6.26,6.35,3572
856,155,2019-09-24 14:00:00,6.25,6.44,6.25,6.27,1301
857,154,2019-09-24 14:30:00,6.25,6.42,6.25,6.33,1700
858,153,2019-09-24 15:00:00,6.32,6.38,6.09,6.11,5583
859,152,2019-09-24 15:30:00,6.121,6.17,6.1,6.15,1514
860,151,2019-09-24 16:00:00,6.05,6.34,6.05,6.32,10484
861,150,2019-09-25 10:00:00,6.33,6.33,6.33,6.33,444
862,149,2019-09-25 11:00:00,6.37,6.375,6.37,6.37,580
863,148,2019-09-25 11:30:00,6.45,6.45,6.36,6.36,5319
864,147,2019-09-25 12:00:00,6.24,6.24,6.24,6.24,100
865,146,2019-09-25 12:30:00,6.35,6.36,6.12,6.3,1700
866,145,2019-09-25 13:00:00,6.16,6.35,6.16,6.35,200
867,144,2019-09-25 13:30:00,6.14,6.33,6.105,6.24,1709
868,143,2019-09-25 14:00:00,6.24,6.24,6.0,6.2,9959
869,142,2019-09-25 14:30:00,6.02,6.16,6.02,6.04,700
870,141,2019-09-25 15:00:00,6.0783,6.17,6.07,6.115,1375
871,140,2019-09-25 15:30:00,6.08,6.12,6.04,6.04,3893
872,139,2019-09-25 16:00:00,6.01,6.08,5.965,6.01,4081
873,138,2019-09-26 10:00:00,5.92,5.92,5.79,5.79,582
874,137,2019-09-26 10:30:00,5.67,5.97,5.67,5.97,700
875,136,2019-09-26 11:30:00,5.72,5.72,5.72,5.72,100
876,135,2019-09-26 12:00:00,5.9,6.02,5.73,6.02,4147
877,134,2019-09-26 12:30:00,5.99,5.99,5.9,5.99,800
878,133,2019-09-26 13:00:00,5.91,5.97,5.91,5.93,2487
879,132,2019-09-26 13:30:00,5.955,5.99,5.92,5.96,1500
880,131,2019-09-26 14:00:00,5.97,5.97,5.97,5.97,100
881,130,2019-09-26 14:30:00,5.91,6.2,5.91,6.06,3850
882,129,2019-09-26 15:00:00,6.06,6.06,5.96,6.02,800
883,128,2019-09-26 15:30:00,5.96,6.04,5.96,5.97,900
884,127,2019-09-26 16:00:00,5.97,6.08,5.97,6.01,2659
885,126,2019-09-27 10:00:00,6.04,6.04,5.94,6.0,400
886,125,2019-09-27 10:30:00,5.96,6.02,5.96,6.02,503
887,124,2019-09-27 11:00:00,6.06,6.13,6.06,6.13,1010
888,123,2019-09-27 11:30:00,6.075,6.13,6.05,6.0801,1402
889,122,2019-09-27 12:00:00,6.1,6.13,6.1,6.12,402
890,121,2019-09-27 12:30:00,6.24,6.24,6.05,6.09,2502
891,120,2019-09-27 13:00:00,6.08,6.13,6.055,6.11,1955
892,119,2019-09-27 13:30:00,6.09,6.13,6.09,6.12,817
893,118,2019-09-27 14:00:00,6.18,6.18,6.1,6.1,1163
894,117,2019-09-27 14:30:00,6.07,6.09,5.95,6.09,1513
895,116,2019-09-27 15:00:00,6.05,6.05,6.01,6.01,200
896,115,2019-09-27 15:30:00,6.04,6.09,6.03,6.07,688
897,114,2019-09-27 16:00:00,6.09,6.11,6.0,6.1,2060
898,113,2019-09-30 09:30:00,6.2,6.2,6.2,6.2,300
899,112,2019-09-30 10:00:00,6.22,6.22,6.0833,6.0833,4133
900,111,2019-09-30 10:30:00,6.08,6.15,6.08,6.15,400
901,110,2019-09-30 11:00:00,6.15,6.175,6.15,6.15,300
902,109,2019-09-30 11:30:00,5.94,6.09,5.94,6.08,2065
903,108,2019-09-30 12:00:00,5.985,5.985,5.985,5.985,101
904,107,2019-09-30 12:30:00,6.02,6.07,6.02,6.07,503
905,106,2019-09-30 13:00:00,6.13,6.17,6.07,6.135,3878
906,105,2019-09-30 13:30:00,6.135,6.16,6.135,6.15,456
907,104,2019-09-30 14:30:00,6.11,6.11,6.11,6.11,200
908,103,2019-09-30 15:00:00,6.12,6.17,5.935,6.0394,3501
909,102,2019-09-30 15:30:00,6.04,6.17,6.04,6.11,620
910,101,2019-09-30 16:00:00,6.09,6.1575,6.06,6.06,2716
911,100,2019-10-01 10:00:00,6.11,6.2,6.02,6.02,1447
912,99,2019-10-01 10:30:00,6.06,6.16,6.05,6.16,1110
913,98,2019-10-01 11:00:00,6.11,6.11,6.11,6.11,202
914,97,2019-10-01 11:30:00,6.07,6.07,6.07,6.07,203
915,96,2019-10-01 13:00:00,6.07,6.07,6.07,6.07,203
916,95,2019-10-01 13:30:00,6.07,6.07,6.005,6.06,441
917,94,2019-10-01 14:00:00,6.06,6.06,6.06,6.06,102
918,93,2019-10-01 14:30:00,6.04,6.04,5.97,5.98,3895
919,92,2019-10-01 15:00:00,5.94,6.02,5.93,6.02,1203
920,91,2019-10-01 15:30:00,5.99,5.99,5.955,5.955,749
921,90,2019-10-01 16:00:00,5.975,6.05,5.975,6.02,638
922,89,2019-10-02 11:00:00,6.0,6.0,5.9101,5.9101,639
923,88,2019-10-02 11:30:00,6.05,6.05,5.92,5.985,4452
924,87,2019-10-02 12:00:00,5.99,6.03,5.94,5.96,1309
925,86,2019-10-02 12:30:00,5.94,5.98,5.94,5.97,500
926,85,2019-10-02 13:00:00,5.96,5.96,5.96,5.96,100
927,84,2019-10-02 13:30:00,6.0,6.01,6.0,6.01,302
928,83,2019-10-02 14:00:00,6.01,6.01,6.01,6.01,200
929,82,2019-10-02 14:30:00,6.03,6.03,5.94,6.02,1413
930,81,2019-10-02 15:00:00,5.98,5.99,5.945,5.955,2477
931,80,2019-10-02 15:30:00,5.955,5.98,5.95,5.98,3017
932,79,2019-10-02 16:00:00,5.96,5.98,5.86,5.96,13290
933,78,2019-10-03 10:00:00,5.87,5.94,5.855,5.92,8691
934,77,2019-10-03 10:30:00,5.88,5.92,5.66,5.71,6328
935,76,2019-10-03 11:00:00,5.675,5.755,5.675,5.72,4661
936,75,2019-10-03 11:30:00,5.71,5.73,5.705,5.73,3566
937,74,2019-10-03 12:00:00,5.7,5.7254,5.69,5.7,2504
938,73,2019-10-03 12:30:00,5.69,5.72,5.69,5.71,7402
939,72,2019-10-03 13:00:00,5.705,5.72,5.7,5.7,2181
940,71,2019-10-03 13:30:00,5.69,5.695,5.4,5.57,7282
941,70,2019-10-03 14:00:00,5.6,5.68,5.57,5.66,3796
942,69,2019-10-03 14:30:00,5.66,5.66,5.505,5.56,2672
943,68,2019-10-03 15:00:00,5.505,5.66,5.505,5.63,6625
944,67,2019-10-03 15:30:00,5.6,5.61,5.55,5.61,8606
945,66,2019-10-03 16:00:00,5.6,5.65,5.58,5.63,19655
946,65,2019-10-03 16:30:00,5.65,5.65,5.65,5.65,286
947,64,2019-10-04 10:00:00,5.6,5.88,5.6,5.8,2182
948,63,2019-10-04 10:30:00,5.91,5.91,5.81,5.81,301
949,62,2019-10-04 11:00:00,5.85,5.9,5.85,5.9,200
950,61,2019-10-04 11:30:00,5.8542,5.89,5.7585,5.7585,672
951,60,2019-10-04 12:00:00,5.74,6.0,5.7,6.0,3393
952,59,2019-10-04 12:30:00,5.8382,5.8382,5.83,5.83,205
953,58,2019-10-04 13:00:00,5.885,5.885,5.885,5.885,210
954,57,2019-10-04 13:30:00,5.8744,6.0,5.81,5.96,16325
955,56,2019-10-04 14:00:00,6.03,6.19,5.9,6.19,5016
956,55,2019-10-04 14:30:00,6.21,6.26,6.055,6.2505,11543
957,54,2019-10-04 15:00:00,6.17,6.2,5.95,6.04,8178
958,53,2019-10-04 15:30:00,6.11,6.11,6.1,6.11,456
959,52,2019-10-04 16:00:00,6.11,6.13,5.8,5.8,9504
960,51,2019-10-07 10:00:00,5.67,5.805,5.67,5.805,3446
961,50,2019-10-07 10:30:00,5.79,6.275,5.6827,6.275,20804
962,49,2019-10-07 11:00:00,6.2,6.475,6.03,6.35,17224
963,48,2019-10-07 11:30:00,6.37,6.5,5.955,5.955,8126
964,47,2019-10-07 12:00:00,5.955,6.11,5.92,6.0,2320
965,46,2019-10-07 12:30:00,5.98,5.98,5.96,5.96,502
966,45,2019-10-07 13:00:00,5.96,5.965,5.95,5.965,651
967,44,2019-10-07 13:30:00,5.97,6.24,5.97,6.24,5125
968,43,2019-10-07 14:00:00,6.06,6.4,6.06,6.3295,14500
969,42,2019-10-07 14:30:00,6.275,6.3127,6.14,6.14,3017
970,41,2019-10-07 15:00:00,6.035,6.18,6.03,6.06,2028
971,40,2019-10-07 15:30:00,6.0,6.05,5.985,6.05,7603
972,39,2019-10-07 16:00:00,5.99,5.99,5.75,5.75,2815
973,38,2019-10-08 10:00:00,5.71,6.03,5.71,6.01,4800
974,37,2019-10-08 10:30:00,6.01,6.02,5.9506,6.02,4922
975,36,2019-10-08 11:00:00,5.985,6.0,5.9,5.925,414
976,35,2019-10-08 11:30:00,5.92,5.92,5.92,5.92,100
977,34,2019-10-08 12:00:00,5.9342,5.99,5.91,5.99,846
978,33,2019-10-08 12:30:00,6.05,6.09,6.01,6.09,300
979,32,2019-10-08 13:00:00,6.13,6.13,6.13,6.13,101
980,31,2019-10-08 13:30:00,6.04,6.04,6.04,6.04,200
981,30,2019-10-08 14:00:00,6.26,6.26,6.26,6.26,111
982,29,2019-10-08 14:30:00,6.31,6.31,6.15,6.15,203
983,28,2019-10-08 15:00:00,6.0,6.06,6.0,6.06,562
984,27,2019-10-08 15:30:00,6.11,6.11,5.96,6.05,1229
985,26,2019-10-08 16:00:00,6.01,6.06,6.01,6.03,684
986,25,2019-10-09 10:00:00,6.255,6.4998,6.15,6.3,4802
987,24,2019-10-09 10:30:00,6.33,6.34,6.23,6.27,2938
988,23,2019-10-09 11:00:00,6.28,6.38,6.245,6.28,14247
989,22,2019-10-09 11:30:00,6.25,6.34,6.25,6.31,18171
990,21,2019-10-09 12:00:00,6.26,6.28,6.14,6.15,1437
991,20,2019-10-09 12:30:00,6.135,6.195,6.04,6.05,3473
992,19,2019-10-09 13:00:00,6.0829,6.11,6.04,6.11,1412
993,18,2019-10-09 13:30:00,6.12,6.2,6.03,6.2,2915
994,17,2019-10-09 14:00:00,6.14,6.14,6.06,6.1301,1207
995,16,2019-10-09 14:30:00,6.06,6.09,6.01,6.02,1860
996,15,2019-10-09 15:00:00,6.03,6.2,6.03,6.15,1705
997,14,2019-10-09 15:30:00,6.14,6.17,6.0,6.14,2070
998,13,2019-10-09 16:00:00,6.08,6.34,6.055,6.34,12263
999,12,2019-10-10 10:00:00,6.34,6.34,6.06,6.13,800
1000,11,2019-10-10 10:30:00,6.095,6.19,6.095,6.19,500
1001,10,2019-10-10 11:00:00,6.25,6.36,6.25,6.36,350
1002,9,2019-10-10 11:30:00,6.15,6.33,6.11,6.22,2300
1003,8,2019-10-10 12:00:00,6.25,6.34,6.24,6.24,1397
1004,7,2019-10-10 12:30:00,6.32,6.32,6.32,6.32,300
1005,6,2019-10-10 13:00:00,6.32,6.33,6.26,6.28,500
1006,5,2019-10-10 13:30:00,6.37,6.37,6.06,6.22,1481
1007,4,2019-10-10 14:00:00,6.07,6.39,6.07,6.2,1952
1008,3,2019-10-10 14:30:00,6.3,6.35,6.27,6.33,1050
1009,2,2019-10-10 15:00:00,6.29,6.375,6.105,6.24,1680
1010,1,2019-10-10 15:30:00,6.35,6.35,6.11,6.31,2465
1011,0,2019-10-10 16:00:00,6.32,6.465,6.3,6.33,4337
