,index,time,open,high,low,close,volume
0,307,2020-09-08 07:30:00,30.04,30.04,30.04,30.04,222
1,306,2020-09-08 08:30:00,30.0,30.0,30.0,30.0,181
2,305,2020-09-08 10:00:00,29.73,31.08,29.51,31.06,112758
3,304,2020-09-08 10:30:00,31.02,31.54,30.76,31.33,41864
4,303,2020-09-08 11:00:00,31.31,31.36,31.03,31.33,43388
5,302,2020-09-08 11:30:00,31.31,31.7,31.23,31.47,103785
6,301,2020-09-08 12:00:00,31.52,31.53,30.53,30.955,72639
7,300,2020-09-08 12:30:00,30.98,31.08,30.88,30.98,84124
8,299,2020-09-08 13:00:00,30.99,31.51,30.95,31.3301,36524
9,298,2020-09-08 13:30:00,31.39,31.45,31.12,31.39,22146
10,297,2020-09-08 14:00:00,31.38,31.55,31.32,31.53,24943
11,296,2020-09-08 14:30:00,31.515,31.62,31.12,31.15,30527
12,295,2020-09-08 15:00:00,31.12,31.24,30.86,31.22,45972
13,294,2020-09-08 15:30:00,31.225,31.225,30.96,31.18,66137
14,293,2020-09-08 16:00:00,31.215,31.215,30.81,30.89,189176
15,292,2020-09-08 17:30:00,30.57,30.57,30.57,30.57,600
16,291,2020-09-08 18:00:00,30.89,30.89,30.89,30.89,6440
17,290,2020-09-08 19:30:00,30.2,30.2,30.2,30.2,250
18,289,2020-09-09 07:30:00,30.89,30.89,30.89,30.89,991
19,288,2020-09-09 08:30:00,30.91,30.91,30.91,30.91,271
20,287,2020-09-09 10:00:00,31.4,31.97,31.4,31.97,86703
21,286,2020-09-09 10:30:00,31.9725,32.59,31.9725,32.21,62705
22,285,2020-09-09 11:00:00,32.23,32.55,32.18,32.26,95462
23,284,2020-09-09 11:30:00,32.29,32.61,32.16,32.28,44320
24,283,2020-09-09 12:00:00,32.3,32.34,32.09,32.33,31742
25,282,2020-09-09 12:30:00,32.33,32.36,32.102,32.25,76183
26,281,2020-09-09 13:00:00,32.27,32.31,32.19,32.25,69850
27,280,2020-09-09 13:30:00,32.29,32.79,32.29,32.65,29704
28,279,2020-09-09 14:00:00,32.62,32.64,32.35,32.39,21879
29,278,2020-09-09 14:30:00,32.38,32.46,32.21,32.29,39883
30,277,2020-09-09 15:00:00,32.29,32.345,32.16,32.25,54180
31,276,2020-09-09 15:30:00,32.235,32.3,32.01,32.2,86426
32,275,2020-09-09 16:00:00,32.205,32.39,32.17,32.28,199544
33,274,2020-09-09 16:30:00,32.28,32.4,32.28,32.4,18037
34,273,2020-09-09 18:00:00,33.5,33.5,33.5,33.5,1500
35,272,2020-09-10 08:30:00,33.09,33.09,33.09,33.09,100
36,271,2020-09-10 09:00:00,33.42,33.42,33.42,33.42,298
37,270,2020-09-10 09:30:00,33.15,33.15,33.05,33.1,400
38,269,2020-09-10 10:00:00,32.59,33.22,31.4,31.705,83481
39,268,2020-09-10 10:30:00,31.61,31.9732,31.53,31.53,58950
40,267,2020-09-10 11:00:00,31.5613,32.205,31.26,31.421999999999997,93647
41,266,2020-09-10 11:30:00,31.31,31.76,31.26,31.76,35724
42,265,2020-09-10 12:00:00,31.7,31.85,31.49,31.52,38726
43,264,2020-09-10 12:30:00,31.48,31.61,31.23,31.25,34717
44,263,2020-09-10 13:00:00,31.25,31.27,30.73,31.175,73968
45,262,2020-09-10 13:30:00,31.2,31.416,31.15,31.17,26961
46,261,2020-09-10 14:00:00,31.195,31.3,30.7901,30.81,32008
47,260,2020-09-10 14:30:00,30.84,30.86,30.4,30.4,53935
48,259,2020-09-10 15:00:00,30.41,30.62,30.27,30.58,61667
49,258,2020-09-10 15:30:00,30.56,30.57,30.31,30.56,85827
50,257,2020-09-10 16:00:00,30.54,30.61,30.3,30.3,129650
51,256,2020-09-10 16:30:00,30.29,30.29,30.29,30.29,300
52,255,2020-09-10 17:30:00,30.42,30.42,30.42,30.42,200
53,254,2020-09-10 18:30:00,30.51,30.51,30.51,30.51,300
54,253,2020-09-11 10:00:00,30.64,30.86,29.95,29.99,44544
55,252,2020-09-11 10:30:00,30.03,30.62,29.89,30.6,55874
56,251,2020-09-11 11:00:00,30.65,30.84,30.43,30.54,41993
57,250,2020-09-11 11:30:00,30.61,30.85,30.42,30.52,18739
58,249,2020-09-11 12:00:00,30.52,30.6608,30.34,30.34,28808
59,248,2020-09-11 12:30:00,30.26,30.36,30.19,30.22,56347
60,247,2020-09-11 13:00:00,30.2,30.22,30.04,30.04,23941
61,246,2020-09-11 13:30:00,30.02,30.02,29.43,29.43,43436
62,245,2020-09-11 14:00:00,29.41,29.615,29.26,29.38,52134
63,244,2020-09-11 14:30:00,29.31,29.61,29.26,29.39,48099
64,243,2020-09-11 15:00:00,29.39,29.71,29.39,29.53,42111
65,242,2020-09-11 15:30:00,29.52,29.85,29.38,29.81,45108
66,241,2020-09-11 16:00:00,29.82,29.88,29.7,29.7,104645
67,240,2020-09-11 16:30:00,29.72,29.75,29.72,29.75,5171
68,239,2020-09-14 10:00:00,30.2,30.66,29.95,30.54,68838
69,238,2020-09-14 10:30:00,30.55,30.79,30.33,30.79,34431
70,237,2020-09-14 11:00:00,30.75,30.75,30.43,30.66,25399
71,236,2020-09-14 11:30:00,30.6827,30.72,30.5,30.64,18499
72,235,2020-09-14 12:00:00,30.67,30.72,30.44,30.52,19440
73,234,2020-09-14 12:30:00,30.52,30.665,30.46,30.51,13941
74,233,2020-09-14 13:00:00,30.53,30.6,30.45,30.565,12401
75,232,2020-09-14 13:30:00,30.56,30.576,30.2,30.35,37760
76,231,2020-09-14 14:00:00,30.34,30.5,30.17,30.5,12683
77,230,2020-09-14 14:30:00,30.47,30.56,30.37,30.42,30240
78,229,2020-09-14 15:00:00,30.4199,30.67,30.4199,30.6,25653
79,228,2020-09-14 15:30:00,30.62,30.69,30.57,30.67,24572
80,227,2020-09-14 16:00:00,30.67,30.91,30.67,30.72,94820
81,226,2020-09-14 16:30:00,30.75,30.75,30.75,30.75,6499
82,225,2020-09-15 08:30:00,30.4001,30.4001,30.4001,30.4001,123
83,224,2020-09-15 10:00:00,30.9,31.4275,30.9,31.226,51215
84,223,2020-09-15 10:30:00,31.19,31.19,30.4301,30.59,28115
85,222,2020-09-15 11:00:00,30.59,30.72,30.45,30.69,20876
86,221,2020-09-15 11:30:00,30.75,30.855,30.49,30.62,24695
87,220,2020-09-15 12:00:00,30.665,30.81,30.655,30.74,17516
88,219,2020-09-15 12:30:00,30.75,30.84,30.69,30.82,20381
89,218,2020-09-15 13:00:00,30.82,30.92,30.66,30.825,28360
90,217,2020-09-15 13:30:00,30.86,30.93,30.77,30.8559,16502
91,216,2020-09-15 14:00:00,30.87,30.95,30.81,30.85,21900
92,215,2020-09-15 14:30:00,30.88,31.06,30.758000000000003,30.94,32441
93,214,2020-09-15 15:00:00,30.9945,31.12,30.94,31.08,30451
94,213,2020-09-15 15:30:00,31.1,31.11,30.84,30.92,30444
95,212,2020-09-15 16:00:00,30.91,31.07,30.74,31.04,103441
96,211,2020-09-15 16:30:00,31.04,31.04,31.04,31.04,4389
97,210,2020-09-15 17:00:00,31.04,31.04,31.04,31.04,139
98,209,2020-09-16 10:00:00,31.07,31.45,30.93,31.33,21259
99,208,2020-09-16 10:30:00,31.42,31.43,31.06,31.15,20215
100,207,2020-09-16 11:00:00,31.19,31.2,30.73,30.91,16337
101,206,2020-09-16 11:30:00,30.94,31.19,30.87,31.05,27103
102,205,2020-09-16 12:00:00,31.085,31.14,31.0,31.09,15667
103,204,2020-09-16 12:30:00,31.105,31.32,31.05,31.19,38629
104,203,2020-09-16 13:00:00,31.15,31.15,31.035,31.15,18871
105,202,2020-09-16 13:30:00,31.12,31.25,31.05,31.08,25989
106,201,2020-09-16 14:00:00,31.11,31.11,30.84,31.01,20608
107,200,2020-09-16 14:30:00,31.02,31.16,30.88,31.13,34596
108,199,2020-09-16 15:00:00,31.17,31.24,30.8,30.9,33325
109,198,2020-09-16 15:30:00,30.88,30.94,30.56,30.58,26038
110,197,2020-09-16 16:00:00,30.62,30.71,30.41,30.54,130025
111,196,2020-09-16 16:30:00,30.52,30.52,30.52,30.52,6696
112,195,2020-09-17 08:00:00,30.0,30.0,30.0,30.0,1505
113,194,2020-09-17 09:30:00,29.71,29.8,29.71,29.8,1225
114,193,2020-09-17 10:00:00,30.43,30.56,30.03,30.45,145792
115,192,2020-09-17 10:30:00,30.41,30.61,29.9,29.9,38243
116,191,2020-09-17 11:00:00,29.85,29.96,29.605,29.62,103939
117,190,2020-09-17 11:30:00,29.635,29.8,29.52,29.545,126476
118,189,2020-09-17 12:00:00,29.553,29.61,29.27,29.44,71605
119,188,2020-09-17 12:30:00,29.4,29.45,29.02,29.15,124791
120,187,2020-09-17 13:00:00,29.14,29.29,28.82,29.1,121171
121,186,2020-09-17 13:30:00,29.1,29.24,28.97,29.08,74658
122,185,2020-09-17 14:00:00,29.1,29.11,28.83,28.83,79886
123,184,2020-09-17 14:30:00,28.84,29.05,28.575,28.575,212025
124,183,2020-09-17 15:00:00,28.55,28.99,28.3,28.96,114397
125,182,2020-09-17 15:30:00,28.96,29.08,28.86,28.87,112948
126,181,2020-09-17 16:00:00,28.87,29.5,28.86,29.48,226015
127,180,2020-09-17 16:30:00,29.48,29.48,29.48,29.48,4378
128,179,2020-09-18 10:00:00,29.72,30.2599,29.27,30.15,124696
129,178,2020-09-18 10:30:00,30.23,30.34,29.865,29.965,38089
130,177,2020-09-18 11:00:00,29.92,30.03,29.5468,29.59,30427
131,176,2020-09-18 11:30:00,29.61,29.81,29.45,29.635,56652
132,175,2020-09-18 12:00:00,29.63,29.785,29.46,29.75,31703
133,174,2020-09-18 12:30:00,29.79,30.11,29.79,29.94,41020
134,173,2020-09-18 13:00:00,29.94,29.97,29.73,29.89,37564
135,172,2020-09-18 13:30:00,29.91,30.01,29.72,29.72,33263
136,171,2020-09-18 14:00:00,29.6988,30.07,29.64,30.0525,44353
137,170,2020-09-18 14:30:00,30.03,30.13,29.91,30.09,38006
138,169,2020-09-18 15:00:00,30.08,30.23,29.97,30.2,45610
139,168,2020-09-18 15:30:00,30.18,30.22,29.97,30.1,43475
140,167,2020-09-18 16:00:00,30.1,30.185,29.55,29.91,221442
141,166,2020-09-18 16:30:00,29.89,29.89,29.8883,29.8883,327461
142,165,2020-09-18 17:00:00,29.89,29.89,29.89,29.89,720
143,164,2020-09-21 09:00:00,28.91,28.91,28.26,28.35,741
144,163,2020-09-21 09:30:00,28.4,28.4,28.4,28.4,500
145,162,2020-09-21 10:00:00,29.19,30.05,29.1548,29.91,50638
146,161,2020-09-21 10:30:00,29.93,29.93,29.47,29.51,32580
147,160,2020-09-21 11:00:00,29.52,29.575,29.19,29.54,23017
148,159,2020-09-21 11:30:00,29.58,29.86,29.44,29.63,20008
149,158,2020-09-21 12:00:00,29.64,29.94,29.53,29.9151,21057
150,157,2020-09-21 12:30:00,29.96,30.07,29.82,30.04,35839
151,156,2020-09-21 13:00:00,29.99,30.21,29.96,30.17,37263
152,155,2020-09-21 13:30:00,30.23,30.37,30.12,30.3,24597
153,154,2020-09-21 14:00:00,30.29,30.37,29.92,30.03,27113
154,153,2020-09-21 14:30:00,30.05,30.32,30.05,30.263,32535
155,152,2020-09-21 15:00:00,30.26,30.38,30.09,30.29,24725
156,151,2020-09-21 15:30:00,30.27,30.46,30.25,30.43,23276
157,150,2020-09-21 16:00:00,30.43,30.61,30.35,30.47,69218
158,149,2020-09-21 16:30:00,30.48,30.48,30.48,30.48,5871
159,148,2020-09-21 19:00:00,30.03,30.03,30.03,30.03,100
160,147,2020-09-22 10:00:00,30.64,30.74,29.6,30.11,44598
161,146,2020-09-22 10:30:00,30.024,30.28,29.98,30.21,28421
162,145,2020-09-22 11:00:00,30.21,30.41,30.12,30.19,26274
163,144,2020-09-22 11:30:00,30.17,30.27,29.9,30.2212,40499
164,143,2020-09-22 12:00:00,30.24,30.33,30.14,30.27,37196
165,142,2020-09-22 12:30:00,30.26,30.38,30.21,30.3,19014
166,141,2020-09-22 13:00:00,30.29,30.35,30.08,30.15,32326
167,140,2020-09-22 13:30:00,30.13,30.6,30.09,30.5212,38373
168,139,2020-09-22 14:00:00,30.52,30.65,30.42,30.575,22792
169,138,2020-09-22 14:30:00,30.59,30.66,30.47,30.51,15047
170,137,2020-09-22 15:00:00,30.55,30.74,30.51,30.69,23086
171,136,2020-09-22 15:30:00,30.705,30.765,30.57,30.73,17248
172,135,2020-09-22 16:00:00,30.72,30.9,30.69,30.89,76801
173,134,2020-09-22 16:30:00,30.88,30.89,30.88,30.89,9673
174,133,2020-09-22 17:30:00,30.7,30.7,30.7,30.7,300
175,132,2020-09-22 18:30:00,31.0,31.0,31.0,31.0,200
176,131,2020-09-23 10:00:00,30.77,30.88,30.2701,30.56,26135
177,130,2020-09-23 10:30:00,30.52,30.77,30.485,30.68,22087
178,129,2020-09-23 11:00:00,30.69,30.92,30.53,30.66,34057
179,128,2020-09-23 11:30:00,30.71,30.83,30.64,30.7,13644
180,127,2020-09-23 12:00:00,30.73,30.75,30.4,30.4,20665
181,126,2020-09-23 12:30:00,30.34,30.61,30.29,30.53,16475
182,125,2020-09-23 13:00:00,30.55,30.67,30.53,30.67,13397
183,124,2020-09-23 13:30:00,30.67,30.75,30.6,30.63,15687
184,123,2020-09-23 14:00:00,30.58,30.66,30.435,30.48,19523
185,122,2020-09-23 14:30:00,30.445,30.445,29.91,29.96,38479
186,121,2020-09-23 15:00:00,29.95,30.03,29.66,29.701,25179
187,120,2020-09-23 15:30:00,29.68,29.84,29.5,29.795,45337
188,119,2020-09-23 16:00:00,29.795,30.13,29.695,29.95,198222
189,118,2020-09-23 16:30:00,29.92,29.92,29.92,29.92,5277
190,117,2020-09-23 17:00:00,29.92,29.92,29.92,29.92,100
191,116,2020-09-23 18:30:00,29.91,29.91,29.91,29.91,100
192,115,2020-09-23 20:00:00,29.41,29.41,29.41,29.41,170
193,114,2020-09-24 08:00:00,29.85,29.85,29.85,29.85,100
194,113,2020-09-24 09:00:00,29.3001,29.3001,29.3,29.3,260
195,112,2020-09-24 10:00:00,29.4,29.83,29.105,29.6167,31633
196,111,2020-09-24 10:30:00,29.76,30.13,29.35,29.4908,18429
197,110,2020-09-24 11:00:00,29.41,29.655,29.1361,29.54,22298
198,109,2020-09-24 11:30:00,29.53,29.75,29.23,29.75,26783
199,108,2020-09-24 12:00:00,29.77,29.82,29.47,29.81,56566
200,107,2020-09-24 12:30:00,29.85,29.88,29.6,29.66,14829
201,106,2020-09-24 13:00:00,29.6,29.68,29.46,29.61,20026
202,105,2020-09-24 13:30:00,29.65,29.78,29.5201,29.78,16787
203,104,2020-09-24 14:00:00,29.79,29.84,29.58,29.73,18779
204,103,2020-09-24 14:30:00,29.76,29.78,29.42,29.43,28594
205,102,2020-09-24 15:00:00,29.43,29.58,29.23,29.23,44131
206,101,2020-09-24 15:30:00,29.22,29.44,29.045,29.32,87165
207,100,2020-09-24 16:00:00,29.3,29.66,29.15,29.57,94203
208,99,2020-09-24 16:30:00,29.58,29.58,29.01,29.01,3243
209,98,2020-09-24 18:30:00,29.52,29.52,29.52,29.52,820
210,97,2020-09-25 10:00:00,29.52,29.86,29.5,29.68,19460
211,96,2020-09-25 10:30:00,29.91,29.96,29.605,29.92,15343
212,95,2020-09-25 11:00:00,29.89,30.028000000000002,29.74,29.8178,15599
213,94,2020-09-25 11:30:00,29.8497,29.99,29.78,29.96,14393
214,93,2020-09-25 12:00:00,29.955,30.07,29.88,29.88,14167
215,92,2020-09-25 12:30:00,29.94,30.04,29.8,29.885,15322
216,91,2020-09-25 13:00:00,29.9,30.17,29.76,30.17,21363
217,90,2020-09-25 13:30:00,30.12,30.215,30.03,30.07,11787
218,89,2020-09-25 14:00:00,30.12,30.21,30.015,30.015,18786
219,88,2020-09-25 14:30:00,30.02,30.12,29.99,30.035,26736
220,87,2020-09-25 15:00:00,30.035,30.31,29.98,30.31,16214
221,86,2020-09-25 15:30:00,30.31,30.41,30.23,30.35,27710
222,85,2020-09-25 16:00:00,30.34,30.35,30.12,30.25,49585
223,84,2020-09-25 16:30:00,30.24,30.24,30.24,30.24,992
224,83,2020-09-25 18:00:00,30.24,30.24,29.99,29.99,514
225,82,2020-09-25 19:00:00,31.9,31.9,30.55,31.0,1402
226,81,2020-09-28 07:30:00,31.99,31.99,31.99,31.99,100
227,80,2020-09-28 08:30:00,31.0,31.0,31.0,31.0,100
228,79,2020-09-28 09:00:00,32.0,32.0,32.0,32.0,300
229,78,2020-09-28 10:00:00,31.16,31.77,30.82,31.75,99703
230,77,2020-09-28 10:30:00,31.77,31.77,31.515,31.6,47909
231,76,2020-09-28 11:00:00,31.55,31.65,31.3775,31.41,28393
232,75,2020-09-28 11:30:00,31.45,31.905,31.41,31.545,59685
233,74,2020-09-28 12:00:00,31.5504,31.58,31.21,31.41,25424
234,73,2020-09-28 12:30:00,31.4,31.56,31.34,31.34,27346
235,72,2020-09-28 13:00:00,31.37,31.6,31.355,31.54,17988
236,71,2020-09-28 13:30:00,31.5145,31.52,31.35,31.45,27761
237,70,2020-09-28 14:00:00,31.475,31.56,31.27,31.27,28731
238,69,2020-09-28 14:30:00,31.29,31.495,31.26,31.47,24712
239,68,2020-09-28 15:00:00,31.45,31.67,31.35,31.65,35066
240,67,2020-09-28 15:30:00,31.67,31.73,31.56,31.69,39140
241,66,2020-09-28 16:00:00,31.69,31.82,31.43,31.65,158891
242,65,2020-09-28 16:30:00,31.66,31.66,31.66,31.66,4863
243,64,2020-09-28 17:00:00,31.25,31.25,31.25,31.25,300
244,63,2020-09-28 20:00:00,31.24,31.24,31.24,31.24,1200
245,62,2020-09-29 07:30:00,33.0,33.0,33.0,33.0,300
246,61,2020-09-29 08:30:00,31.76,31.76,31.76,31.76,520
247,60,2020-09-29 09:00:00,31.75,31.75,31.75,31.75,200
248,59,2020-09-29 10:00:00,31.78,32.22,31.7,32.14,53225
249,58,2020-09-29 10:30:00,32.1853,32.44,31.98,32.0,64718
250,57,2020-09-29 11:00:00,32.0,32.01,31.34,31.34,67188
251,56,2020-09-29 11:30:00,31.29,31.62,31.26,31.4,38899
252,55,2020-09-29 12:00:00,31.43,31.48,31.1,31.27,29048
253,54,2020-09-29 12:30:00,31.27,31.49,31.22,31.27,33773
254,53,2020-09-29 13:00:00,31.29,31.44,31.27,31.31,27439
255,52,2020-09-29 13:30:00,31.3,31.3,31.013,31.09,39487
256,51,2020-09-29 14:00:00,31.09,31.1871,30.95,31.09,57719
257,50,2020-09-29 14:30:00,31.06,31.11,31.03,31.1,29222
258,49,2020-09-29 15:00:00,31.105,31.35,31.09,31.2,31510
259,48,2020-09-29 15:30:00,31.2,31.21,30.87,30.97,52862
260,47,2020-09-29 16:00:00,30.96,31.14,30.94,31.1,128937
261,46,2020-09-29 16:30:00,31.1,31.1,31.1,31.1,67067
262,45,2020-09-30 09:30:00,30.8155,30.8155,30.8155,30.8155,168
263,44,2020-09-30 10:00:00,31.01,31.59,30.845,31.59,42972
264,43,2020-09-30 10:30:00,31.6,31.62,31.35,31.52,18397
265,42,2020-09-30 11:00:00,31.55,31.81,31.255,31.37,35430
266,41,2020-09-30 11:30:00,31.39,31.73,31.3,31.69,23416
267,40,2020-09-30 12:00:00,31.65,31.91,31.53,31.67,31289
268,39,2020-09-30 12:30:00,31.67,31.81,31.63,31.69,19557
269,38,2020-09-30 13:00:00,31.69,31.72,31.5,31.535,20759
270,37,2020-09-30 13:30:00,31.52,31.52,31.3,31.42,25962
271,36,2020-09-30 14:00:00,31.43,31.57,31.41,31.52,17927
272,35,2020-09-30 14:30:00,31.54,31.66,31.29,31.415,25907
273,34,2020-09-30 15:00:00,31.39,31.45,31.03,31.26,30640
274,33,2020-09-30 15:30:00,31.27,31.37,30.93,30.98,47409
275,32,2020-09-30 16:00:00,30.98,31.22,30.72,31.21,192566
276,31,2020-09-30 16:30:00,31.21,31.21,31.21,31.21,14639
277,30,2020-10-01 10:00:00,31.52,31.69,31.3,31.39,32609
278,29,2020-10-01 10:30:00,31.34,31.3476,30.83,31.0,31396
279,28,2020-10-01 11:00:00,31.04,31.22,31.0,31.21,24040
280,27,2020-10-01 11:30:00,31.22,31.4,31.15,31.35,25300
281,26,2020-10-01 12:00:00,31.36,31.43,31.2501,31.35,24264
282,25,2020-10-01 12:30:00,31.33,31.47,31.22,31.45,26196
283,24,2020-10-01 13:00:00,31.475,31.53,31.32,31.43,24166
284,23,2020-10-01 13:30:00,31.45,31.51,31.37,31.5,30564
285,22,2020-10-01 14:00:00,31.52,31.61,31.4,31.42,36032
286,21,2020-10-01 14:30:00,31.44,31.485,31.18,31.485,31632
287,20,2020-10-01 15:00:00,31.5209,31.54,31.4,31.48,30036
288,19,2020-10-01 15:30:00,31.48,31.6,31.32,31.36,36112
289,18,2020-10-01 16:00:00,31.36,31.42,31.09,31.28,131102
290,17,2020-10-01 16:30:00,31.3,31.3,31.3,31.3,15754
291,16,2020-10-01 18:30:00,31.5,31.5,31.5,31.5,500
292,15,2020-10-02 09:30:00,30.7,30.7,30.7,30.7,105
293,14,2020-10-02 10:00:00,30.21,31.5,30.21,31.14,81061
294,13,2020-10-02 10:30:00,31.25,31.6,31.25,31.57,32507
295,12,2020-10-02 11:00:00,31.55,31.55,31.35,31.505,23831
296,11,2020-10-02 11:30:00,31.47,31.59,31.39,31.48,33749
297,10,2020-10-02 12:00:00,31.45,31.45,31.1,31.19,20130
298,9,2020-10-02 12:30:00,31.17,31.45,30.96,31.31,47643
299,8,2020-10-02 13:00:00,31.34,31.45,31.21,31.22,18966
300,7,2020-10-02 13:30:00,31.21,31.31,31.04,31.13,11016
301,6,2020-10-02 14:00:00,31.13,31.25,31.018,31.145,43693
302,5,2020-10-02 14:30:00,31.19,31.435,31.18,31.255,30446
303,4,2020-10-02 15:00:00,31.26,31.3,31.1,31.19,26810
304,3,2020-10-02 15:30:00,31.24,31.27,30.92,31.1424,23177
305,2,2020-10-02 16:00:00,31.13,31.35,31.1,31.1799,57234
306,1,2020-10-02 16:30:00,31.18,31.18,31.18,31.18,5670
307,0,2020-10-02 19:00:00,30.0,30.0,30.0,30.0,120
