,index,time,open,high,low,close,volume
0,288,2020-09-08 10:00:00,121.7,121.765,119.52,120.335,116040
1,287,2020-09-08 10:30:00,120.43,120.55,119.391,120.4,72921
2,286,2020-09-08 11:00:00,120.37,121.3,120.31,120.61,51583
3,285,2020-09-08 11:30:00,120.65,121.47,120.4859,120.92,59807
4,284,2020-09-08 12:00:00,120.84,120.875,120.21,120.51,44061
5,283,2020-09-08 12:30:00,120.44,121.25,120.33,121.21,50976
6,282,2020-09-08 13:00:00,121.215,121.32,120.99,121.23,38220
7,281,2020-09-08 13:30:00,121.24,121.7425,121.115,121.68,44207
8,280,2020-09-08 14:00:00,121.65,121.975,121.46,121.97,37050
9,279,2020-09-08 14:30:00,121.935,121.97,121.42,121.42,41476
10,278,2020-09-08 15:00:00,121.39,121.5,120.69,121.5,84918
11,277,2020-09-08 15:30:00,121.45,121.52,120.9,121.52,77241
12,276,2020-09-08 16:00:00,121.47,121.75,120.92,120.99,285843
13,275,2020-09-08 16:30:00,120.99,120.99,120.99,120.99,116672
14,274,2020-09-08 18:00:00,120.0,120.0,120.0,120.0,300
15,273,2020-09-08 19:30:00,120.0,120.0,120.0,120.0,100
16,272,2020-09-09 10:00:00,122.64,124.0,122.53,123.81,82799
17,271,2020-09-09 10:30:00,123.81,124.625,123.65,123.83,54332
18,270,2020-09-09 11:00:00,123.87,124.11,123.52,123.52,84717
19,269,2020-09-09 11:30:00,123.55,124.83,123.54,124.56,109283
20,268,2020-09-09 12:00:00,124.575,124.86,124.53,124.765,65627
21,267,2020-09-09 12:30:00,124.82,125.04,124.63,124.84,70476
22,266,2020-09-09 13:00:00,124.79,124.92,124.58,124.81,39715
23,265,2020-09-09 13:30:00,124.84,125.26,124.765,124.93,69736
24,264,2020-09-09 14:00:00,124.95,125.56,124.94,125.375,70154
25,263,2020-09-09 14:30:00,125.43,125.48,124.875,125.07,85901
26,262,2020-09-09 15:00:00,125.1,125.75,125.1,125.55,65448
27,261,2020-09-09 15:30:00,125.58,125.83,125.33,125.45,102619
28,260,2020-09-09 16:00:00,125.44,126.07,124.76,125.35,484932
29,259,2020-09-09 16:30:00,125.34,125.34,125.34,125.34,87376
30,258,2020-09-10 08:00:00,125.15,125.15,125.15,125.15,500
31,257,2020-09-10 09:30:00,125.75,125.75,125.75,125.75,210
32,256,2020-09-10 10:00:00,125.75,127.2,125.71,126.79,136535
33,255,2020-09-10 10:30:00,126.74,126.85,126.37,126.45,75294
34,254,2020-09-10 11:00:00,126.56,127.41,126.56,126.67,160407
35,253,2020-09-10 11:30:00,126.53,126.6,125.97,126.45,73769
36,252,2020-09-10 12:00:00,126.455,126.71,126.27,126.32,57726
37,251,2020-09-10 12:30:00,126.285,126.75,126.26,126.52,78279
38,250,2020-09-10 13:00:00,126.54,126.6,125.65,126.395,56489
39,249,2020-09-10 13:30:00,126.41,126.93,126.24,126.455,43284
40,248,2020-09-10 14:00:00,126.44,126.73,126.3217,126.665,82792
41,247,2020-09-10 14:30:00,126.53,126.79,125.63,125.63,220252
42,246,2020-09-10 15:00:00,125.46,126.51,125.37,126.37,101463
43,245,2020-09-10 15:30:00,126.36,126.47,125.58,125.805,97241
44,244,2020-09-10 16:00:00,125.81,126.41,125.57,125.76,386592
45,243,2020-09-10 16:30:00,125.74,125.74,125.74,125.74,11960
46,242,2020-09-11 10:00:00,125.94,126.31,125.2,125.9243,68026
47,241,2020-09-11 10:30:00,125.94,126.58,125.84,126.29,37700
48,240,2020-09-11 11:00:00,126.41,126.63,126.04,126.47,54336
49,239,2020-09-11 11:30:00,126.46,126.99,126.4,126.98,50212
50,238,2020-09-11 12:00:00,126.98,126.99,126.26,126.48,47848
51,237,2020-09-11 12:30:00,126.41,126.73,126.165,126.48,44982
52,236,2020-09-11 13:00:00,126.49,126.49,125.72,125.74,49575
53,235,2020-09-11 13:30:00,125.79,125.93,125.32,125.405,45606
54,234,2020-09-11 14:00:00,125.37,125.59,125.09,125.295,55782
55,233,2020-09-11 14:30:00,125.3,125.95,125.16,125.75,52138
56,232,2020-09-11 15:00:00,125.77,126.84,125.77,126.81,66675
57,231,2020-09-11 15:30:00,126.72,127.51,126.52,127.39,125363
58,230,2020-09-11 16:00:00,127.44,127.6,127.04,127.12,349435
59,229,2020-09-11 16:30:00,127.1,127.1,127.1,127.1,14346
60,228,2020-09-14 09:30:00,128.99,128.99,128.99,128.99,100
61,227,2020-09-14 10:00:00,128.0,129.17,127.64,129.13,81300
62,226,2020-09-14 10:30:00,129.24,129.86,129.0383,129.085,113278
63,225,2020-09-14 11:00:00,128.96,129.08,128.44,128.44,60433
64,224,2020-09-14 11:30:00,128.43,128.98,128.09,128.83,83181
65,223,2020-09-14 12:00:00,128.88,129.36,128.815,129.05,78125
66,222,2020-09-14 12:30:00,129.02,129.54,128.99,129.53,47155
67,221,2020-09-14 13:00:00,129.52,129.57,129.25,129.335,48959
68,220,2020-09-14 13:30:00,129.34,129.75,129.32,129.75,34685
69,219,2020-09-14 14:00:00,129.79,129.82,129.47,129.58,62297
70,218,2020-09-14 14:30:00,129.57,130.34,129.57,130.23,142241
71,217,2020-09-14 15:00:00,130.23,130.5,129.85,130.07,162091
72,216,2020-09-14 15:30:00,130.035,130.47,129.89,130.06,143101
73,215,2020-09-14 16:00:00,130.1,131.05,129.94,130.19,431029
74,214,2020-09-14 16:30:00,130.21,130.21,130.21,130.21,29904
75,213,2020-09-14 17:00:00,129.99,129.99,129.99,129.99,200
76,212,2020-09-15 10:00:00,130.61,131.09,129.49,129.59,88839
77,211,2020-09-15 10:30:00,129.6,130.54,129.54,130.205,50683
78,210,2020-09-15 11:00:00,130.18,130.24,129.62,129.78,57377
79,209,2020-09-15 11:30:00,129.83,129.92,129.11,129.295,68944
80,208,2020-09-15 12:00:00,129.27,129.45,129.02,129.17,68236
81,207,2020-09-15 12:30:00,129.19,129.275,128.88,129.17,55257
82,206,2020-09-15 13:00:00,129.19,129.455,129.17,129.4,39015
83,205,2020-09-15 13:30:00,129.41,129.535,129.06,129.115,46053
84,204,2020-09-15 14:00:00,129.1,129.4193,129.07,129.28,53288
85,203,2020-09-15 14:30:00,129.29,129.75,129.17,129.67,59450
86,202,2020-09-15 15:00:00,129.65,129.83,129.52,129.825,58785
87,201,2020-09-15 15:30:00,129.83,129.92,129.41,129.57,87177
88,200,2020-09-15 16:00:00,129.57,130.01,129.32,129.91,334600
89,199,2020-09-15 16:30:00,129.92,129.92,129.92,129.92,100878
90,198,2020-09-16 10:00:00,130.06,130.17,129.26,129.89,79623
91,197,2020-09-16 10:30:00,129.88,130.59,129.83,130.06,88220
92,196,2020-09-16 11:00:00,130.03,130.94,129.88,130.69,126823
93,195,2020-09-16 11:30:00,130.72,131.0,130.63,130.73,59755
94,194,2020-09-16 12:00:00,130.72,130.72,130.235,130.32,45387
95,193,2020-09-16 12:30:00,130.28,130.47,130.19,130.27,42114
96,192,2020-09-16 13:00:00,130.24,130.39,130.02,130.1,32662
97,191,2020-09-16 13:30:00,130.1,130.29,130.06,130.09,34089
98,190,2020-09-16 14:00:00,130.12,130.18,129.83,129.86,31507
99,189,2020-09-16 14:30:00,129.895,130.5,129.895,130.5,37685
100,188,2020-09-16 15:00:00,130.54,130.87,130.31,130.53,39106
101,187,2020-09-16 15:30:00,130.58,130.71,129.62,129.73,59215
102,186,2020-09-16 16:00:00,129.66,129.97,129.0,129.04,236484
103,185,2020-09-16 16:30:00,129.04,129.04,129.04,129.04,63717
104,184,2020-09-17 10:00:00,127.98,128.35,127.11,127.74,87638
105,183,2020-09-17 10:30:00,127.91,128.81,127.74,128.62,51854
106,182,2020-09-17 11:00:00,128.645,129.14,128.57,128.755,49492
107,181,2020-09-17 11:30:00,128.77,129.13,128.76,128.815,39078
108,180,2020-09-17 12:00:00,128.78,129.025,128.67,128.925,32042
109,179,2020-09-17 12:30:00,128.83,129.24,128.78,129.09,70001
110,178,2020-09-17 13:00:00,129.09,129.36,129.02,129.3,47898
111,177,2020-09-17 13:30:00,129.295,129.35,128.91,129.03,36024
112,176,2020-09-17 14:00:00,129.01,129.24,128.965,128.995,46203
113,175,2020-09-17 14:30:00,129.06,129.45,128.97,129.1,34264
114,174,2020-09-17 15:00:00,129.06,129.17,128.88,128.96,47005
115,173,2020-09-17 15:30:00,128.965,129.8,128.745,129.8,144333
116,172,2020-09-17 16:00:00,129.76,130.0,129.07,129.27,203180
117,171,2020-09-17 16:30:00,129.25,129.25,129.04,129.04,46975
118,170,2020-09-17 17:30:00,128.6,128.6,128.6,128.6,500
119,169,2020-09-18 08:30:00,129.26,129.26,129.26,129.26,100
120,168,2020-09-18 09:30:00,130.38,130.39,128.9,128.9,1598
121,167,2020-09-18 10:00:00,128.62,129.27,127.81,127.83,411376
122,166,2020-09-18 10:30:00,127.92,128.83,127.84,128.68,48020
123,165,2020-09-18 11:00:00,128.68,128.78,128.18,128.42,50732
124,164,2020-09-18 11:30:00,128.45,128.92,128.14,128.21,64220
125,163,2020-09-18 12:00:00,128.25,128.45,127.99,128.23,37192
126,162,2020-09-18 12:30:00,128.18,128.25,127.37,127.425,43077
127,161,2020-09-18 13:00:00,127.42,127.42,126.73,126.86,69825
128,160,2020-09-18 13:30:00,126.93,126.975,126.11,126.11,64350
129,159,2020-09-18 14:00:00,126.07,126.12,125.62,126.12,55334
130,158,2020-09-18 14:30:00,126.115,126.18,125.77,126.01,73729
131,157,2020-09-18 15:00:00,126.02,126.23,125.77,125.95,56855
132,156,2020-09-18 15:30:00,125.95,126.365,125.89,126.32,128026
133,155,2020-09-18 16:00:00,126.31,126.43,125.37,125.77,341556
134,154,2020-09-18 16:30:00,125.77,125.7717,125.77,125.7717,122938
135,153,2020-09-21 07:30:00,124.5,124.5,124.5,124.5,125
136,152,2020-09-21 08:00:00,123.8,123.8,123.8,123.8,100
137,151,2020-09-21 08:30:00,123.29,123.29,123.09,123.09,648
138,150,2020-09-21 10:00:00,123.57,123.89,121.51,121.9,89689
139,149,2020-09-21 10:30:00,121.84,121.85,120.3,120.63,93266
140,148,2020-09-21 11:00:00,120.63,120.77,119.82,120.44,53459
141,147,2020-09-21 11:30:00,120.43,120.975,119.94,120.04,64740
142,146,2020-09-21 12:00:00,120.06,120.4696,119.815,120.24,54414
143,145,2020-09-21 12:30:00,120.3,120.69,120.14,120.25,34403
144,144,2020-09-21 13:00:00,120.26,120.34,119.51,119.7,45617
145,143,2020-09-21 13:30:00,119.75,119.81,119.54,119.695,36943
146,142,2020-09-21 14:00:00,119.69,119.91,119.06,119.26,66436
147,141,2020-09-21 14:30:00,119.175,119.5,118.85,119.27,77047
148,140,2020-09-21 15:00:00,119.2,119.29,118.8,119.13,74997
149,139,2020-09-21 15:30:00,119.12,119.61,119.1,119.37,83600
150,138,2020-09-21 16:00:00,119.38,120.08,119.3,120.05,297112
151,137,2020-09-21 16:30:00,120.08,120.38,120.08,120.38,133000
152,136,2020-09-22 07:30:00,120.0,120.0,120.0,120.0,150
153,135,2020-09-22 09:30:00,120.0,120.0,120.0,120.0,135
154,134,2020-09-22 10:00:00,119.78,120.9,119.415,119.51,156551
155,133,2020-09-22 10:30:00,119.49,120.27,119.335,120.2,85793
156,132,2020-09-22 11:00:00,120.2,120.45,119.55,119.55,68094
157,131,2020-09-22 11:30:00,119.57,120.04,119.48,119.75,53437
158,130,2020-09-22 12:00:00,119.79,119.97,119.6,119.91,44368
159,129,2020-09-22 12:30:00,119.87,120.0,119.79,119.82,49241
160,128,2020-09-22 13:00:00,119.87,119.99,119.71600000000001,119.79,61999
161,127,2020-09-22 13:30:00,119.8,120.01,119.735,119.89,52784
162,126,2020-09-22 14:00:00,119.87,120.19,119.81,120.14,80844
163,125,2020-09-22 14:30:00,120.135,120.31,119.95,120.13,94777
164,124,2020-09-22 15:00:00,120.19,120.51,120.08,120.385,77118
165,123,2020-09-22 15:30:00,120.385,120.95,120.36,120.95,86777
166,122,2020-09-22 16:00:00,120.93,121.19,120.65,120.81,274538
167,121,2020-09-22 16:30:00,120.82,120.82,120.82,120.82,21740
168,120,2020-09-23 09:30:00,120.7894,120.7894,120.7894,120.7894,258
169,119,2020-09-23 10:00:00,120.36,121.15,120.16,120.58,69136
170,118,2020-09-23 10:30:00,120.59,120.99,120.45,120.88,44800
171,117,2020-09-23 11:00:00,120.795,120.99,120.42,120.57,47494
172,116,2020-09-23 11:30:00,120.52,120.96,120.43,120.49,54770
173,115,2020-09-23 12:00:00,120.47,120.49,119.71,119.81,46934
174,114,2020-09-23 12:30:00,119.74,120.11,119.7,120.11,42474
175,113,2020-09-23 13:00:00,120.07,120.32,119.95,120.31,44447
176,112,2020-09-23 13:30:00,120.27,120.9,120.19,120.68,76141
177,111,2020-09-23 14:00:00,120.65,120.7,120.26,120.44,63873
178,110,2020-09-23 14:30:00,120.35,120.35,119.21,119.26,72909
179,109,2020-09-23 15:00:00,119.32,119.38,118.38,118.38,80003
180,108,2020-09-23 15:30:00,118.39,118.6,117.755,117.97,128251
181,107,2020-09-23 16:00:00,118.04,118.51,117.94,118.29,294394
182,106,2020-09-23 16:30:00,118.32,118.32,118.32,118.32,136069
183,105,2020-09-24 10:00:00,118.65,118.65,116.95,117.325,62877
184,104,2020-09-24 10:30:00,117.34,118.35,117.29,117.615,47721
185,103,2020-09-24 11:00:00,117.59,118.04,117.2,117.92,47300
186,102,2020-09-24 11:30:00,117.89,118.18,117.53,117.93,36344
187,101,2020-09-24 12:00:00,117.935,118.58,117.84,118.58,32273
188,100,2020-09-24 12:30:00,118.64,118.88,118.57,118.785,35782
189,99,2020-09-24 13:00:00,118.78,119.2,118.5,119.11,43262
190,98,2020-09-24 13:30:00,119.09,119.69,119.06,119.535,45970
191,97,2020-09-24 14:00:00,119.535,120.09,119.27,119.89,66325
192,96,2020-09-24 14:30:00,119.96,120.09,119.525,119.6576,79700
193,95,2020-09-24 15:00:00,119.61,119.9,119.25,119.25,75813
194,94,2020-09-24 15:30:00,119.21,119.54,118.69,118.93,194313
195,93,2020-09-24 16:00:00,118.85,119.21,118.67,118.95,194887
196,92,2020-09-24 16:30:00,118.95,118.95,118.95,118.95,15332
197,91,2020-09-24 17:00:00,118.95,118.95,118.95,118.95,1932
198,90,2020-09-24 17:30:00,118.95,118.95,118.95,118.95,1113
199,89,2020-09-25 09:30:00,117.9,117.9,117.9,117.9,1129
200,88,2020-09-25 10:00:00,118.25,119.18,118.03,119.01,80052
201,87,2020-09-25 10:30:00,118.87,119.43799999999999,118.45,119.36,55490
202,86,2020-09-25 11:00:00,119.325,119.38,118.86,119.26,66075
203,85,2020-09-25 11:30:00,119.29,119.75,119.115,119.67,43885
204,84,2020-09-25 12:00:00,119.69,119.845,119.12,119.15,34295
205,83,2020-09-25 12:30:00,119.13,119.7,119.13,119.33,23570
206,82,2020-09-25 13:00:00,119.44,119.84,119.37,119.7,20835
207,81,2020-09-25 13:30:00,119.7,120.17,119.65,119.99,31321
208,80,2020-09-25 14:00:00,120.05,120.33,120.04,120.25,25524
209,79,2020-09-25 14:30:00,120.245,120.36,120.07,120.2549,38210
210,78,2020-09-25 15:00:00,120.24,120.34,119.96,120.34,44121
211,77,2020-09-25 15:30:00,120.33,120.72,120.28,120.63,57164
212,76,2020-09-25 16:00:00,120.58,120.62,120.14,120.26,161473
213,75,2020-09-25 16:30:00,120.25,120.25,120.25,120.25,11479
214,74,2020-09-25 18:00:00,119.1,119.1,119.1,119.1,200
215,73,2020-09-28 09:30:00,121.84,122.3,121.84,122.3,430
216,72,2020-09-28 10:00:00,122.38,123.27,121.96,122.67,96618
217,71,2020-09-28 10:30:00,122.65,123.32,122.24,122.915,50518
218,70,2020-09-28 11:00:00,122.875,123.08,122.52,122.86,43502
219,69,2020-09-28 11:30:00,122.98,123.03,122.56,122.71,51245
220,68,2020-09-28 12:00:00,122.72,123.36,122.65,123.25,55352
221,67,2020-09-28 12:30:00,123.25,123.63,123.1,123.27,74175
222,66,2020-09-28 13:00:00,123.3,123.46,123.16,123.4,52558
223,65,2020-09-28 13:30:00,123.35,123.355,122.45700000000001,122.5,42237
224,64,2020-09-28 14:00:00,122.5,122.615,122.03,122.08,59317
225,63,2020-09-28 14:30:00,122.09,122.38,122.015,122.33,65683
226,62,2020-09-28 15:00:00,122.35,122.83,122.335,122.45,62835
227,61,2020-09-28 15:30:00,122.44,122.46,122.07,122.125,61767
228,60,2020-09-28 16:00:00,122.12,122.12,121.63,121.81,243143
229,59,2020-09-28 16:30:00,121.74,121.74,121.74,121.74,14116
230,58,2020-09-29 10:00:00,122.2,122.77,121.65,121.65,57225
231,57,2020-09-29 10:30:00,121.63,121.97,121.445,121.56,37299
232,56,2020-09-29 11:00:00,121.51,121.53,120.71,120.88,34441
233,55,2020-09-29 11:30:00,120.89,120.99,120.49,120.93,30108
234,54,2020-09-29 12:00:00,120.9,121.31,120.68,120.685,51081
235,53,2020-09-29 12:30:00,120.71,120.72,120.34,120.57,26361
236,52,2020-09-29 13:00:00,120.55,120.81,120.44,120.71,19800
237,51,2020-09-29 13:30:00,120.73,121.145,120.62,121.09,25444
238,50,2020-09-29 14:00:00,121.11,121.415,120.835,121.4004,23136
239,49,2020-09-29 14:30:00,121.39,121.525,121.24,121.505,32570
240,48,2020-09-29 15:00:00,121.45,121.565,121.12,121.23,29229
241,47,2020-09-29 15:30:00,121.27,121.38,121.1,121.14,76975
242,46,2020-09-29 16:00:00,121.13,121.2,120.29,120.32,151493
243,45,2020-09-29 16:30:00,120.33,121.0,120.33,121.0,5773
244,44,2020-09-29 19:00:00,121.0,121.0,121.0,121.0,760
245,43,2020-09-30 10:00:00,121.12,122.47,120.19,122.065,105196
246,42,2020-09-30 10:30:00,122.02,122.845,122.005,122.72,53613
247,41,2020-09-30 11:00:00,122.85,123.6,122.72,122.9,137499
248,40,2020-09-30 11:30:00,122.865,122.93,122.13,122.15,75312
249,39,2020-09-30 12:00:00,122.09,122.11,121.59,121.73,42186
250,38,2020-09-30 12:30:00,121.79,123.12,121.76,123.0,72213
251,37,2020-09-30 13:00:00,123.025,123.22,122.85,123.14,38509
252,36,2020-09-30 13:30:00,123.13,123.13,122.6,122.615,37731
253,35,2020-09-30 14:00:00,122.65,123.22,122.65,122.98,36482
254,34,2020-09-30 14:30:00,122.98,123.39,122.22,122.52,81638
255,33,2020-09-30 15:00:00,122.47,122.48,121.39,122.42,65011
256,32,2020-09-30 15:30:00,122.355,122.49,121.375,121.84,113096
257,31,2020-09-30 16:00:00,121.82,122.61,121.48,122.05,342597
258,30,2020-09-30 16:30:00,122.08,122.08,122.08,122.08,35002
259,29,2020-10-01 10:00:00,122.41,124.01,122.0,122.96,110889
260,28,2020-10-01 10:30:00,122.87,123.34,122.45,123.08,88147
261,27,2020-10-01 11:00:00,123.09,123.54,122.62,122.9,70457
262,26,2020-10-01 11:30:00,123.04,123.485,122.67,123.305,62482
263,25,2020-10-01 12:00:00,123.255,123.5,122.75,123.36,55291
264,24,2020-10-01 12:30:00,123.33,123.39,122.9,123.39,62379
265,23,2020-10-01 13:00:00,123.355,123.61,123.115,123.22,44076
266,22,2020-10-01 13:30:00,123.26,123.26,122.6,122.64,41246
267,21,2020-10-01 14:00:00,122.655,122.83,122.01,122.23,55566
268,20,2020-10-01 14:30:00,122.27,122.4,121.61,122.26,50188
269,19,2020-10-01 15:00:00,122.21,122.46,122.19,122.41,65927
270,18,2020-10-01 15:30:00,122.35,122.42,121.42,121.42,91892
271,17,2020-10-01 16:00:00,121.425,121.97,121.195,121.76,318492
272,16,2020-10-01 16:30:00,121.78,121.78,121.78,121.78,87883
273,15,2020-10-02 09:30:00,119.0,119.19,119.0,119.19,200
274,14,2020-10-02 10:00:00,120.19,122.14,120.0,122.095,70590
275,13,2020-10-02 10:30:00,122.06,122.98,122.06,122.5,65424
276,12,2020-10-02 11:00:00,122.38,122.49,122.01,122.275,27856
277,11,2020-10-02 11:30:00,122.275,122.97,122.08,122.86,41240
278,10,2020-10-02 12:00:00,122.82,122.87,122.26,122.28,40391
279,9,2020-10-02 12:30:00,122.265,123.87,122.23,123.54,61975
280,8,2020-10-02 13:00:00,123.545,123.86,123.31,123.47,43613
281,7,2020-10-02 13:30:00,123.52,123.645,123.14,123.42,50424
282,6,2020-10-02 14:00:00,123.33,123.45,122.73,122.97,51471
283,5,2020-10-02 14:30:00,123.0,123.55,123.0,123.415,44986
284,4,2020-10-02 15:00:00,123.45,123.73,123.34,123.63,44221
285,3,2020-10-02 15:30:00,123.61,123.69,123.15,123.51,81556
286,2,2020-10-02 16:00:00,123.55,123.88,123.17,123.27,398156
287,1,2020-10-02 16:30:00,123.27,123.27,123.27,123.27,64459
288,0,2020-10-02 17:00:00,123.2,123.2,123.2,123.2,200
