,index,time,open,high,low,close,volume
0,341,2020-09-08 08:00:00,27.902716137,27.902716137,27.902716137,27.902716137,100
1,340,2020-09-08 08:30:00,27.9815373691,27.9913900231,27.840545890300003,27.9913900231,2279
2,339,2020-09-08 09:00:00,27.892863483000003,27.892863483000003,27.873158175,27.873158175,1317
3,338,2020-09-08 09:30:00,28.0110953311,28.0110953311,28.0012426771,28.0012426771,487
4,337,2020-09-08 10:00:00,27.9125687911,28.0012426771,27.439641398899997,27.5874312089,623298
5,336,2020-09-08 10:30:00,27.5874312089,27.690884076,27.5086099769,27.5726522279,565465
6,335,2020-09-08 11:00:00,27.5677259009,27.75,27.5184626309,27.607136516999997,254660
7,334,2020-09-08 11:30:00,27.60221019,27.814042251,27.577578554899997,27.774631635,270696
8,333,2020-09-08 12:00:00,27.774631635,27.853452866999998,27.70073673,27.725368365,200132
9,332,2020-09-08 12:30:00,27.735221019,27.9519794071,27.705663057,27.891582638000003,214923
10,331,2020-09-08 13:00:00,27.892863483000003,27.9618320611,27.843600213000002,27.9618320611,155337
11,330,2020-09-08 13:30:00,27.9519794071,28.1441061601,27.9322740991,28.1441061601,227403
12,329,2020-09-08 14:00:00,28.1441061601,28.1874578377,28.060358601100003,28.1391798331,299312
13,328,2020-09-08 14:30:00,28.1441061601,28.1685407421,27.9421267531,27.9667583881,249528
14,327,2020-09-08 15:00:00,27.9667583881,27.9667583881,27.804189596999997,27.9322740991,491012
15,326,2020-09-08 15:30:00,27.9298109356,27.9470530801,27.804189596999997,27.930205041700003,292057
16,325,2020-09-08 16:00:00,27.9273477721,28.0110953311,27.784484289,27.814042251,1123314
17,324,2020-09-08 16:30:00,27.814042251,27.9322740991,27.814042251,27.814042251,83054
18,323,2020-09-08 17:00:00,27.833747559000003,27.8339446121,27.833747559000003,27.8339446121,350
19,322,2020-09-08 18:00:00,27.833747559000003,27.833747559000003,27.814042251,27.814042251,1634
20,321,2020-09-08 19:30:00,27.804189596999997,27.823894905,27.804189596999997,27.823894905,539
21,320,2020-09-08 20:00:00,27.814042251,27.814042251,27.814042251,27.814042251,700
22,319,2020-09-09 04:30:00,27.82,27.82,27.82,27.82,2399
23,318,2020-09-09 07:30:00,27.9,28.0,27.9,28.0,1056
24,317,2020-09-09 08:00:00,27.9,27.9,27.87,27.87,720
25,316,2020-09-09 08:30:00,27.87,27.99,27.87,27.9,3724
26,315,2020-09-09 09:00:00,27.96,27.96,27.96,27.96,1336
27,314,2020-09-09 09:30:00,28.1,28.1,28.05,28.05,1845
28,313,2020-09-09 10:00:00,28.0,28.25,27.81,28.17,609235
29,312,2020-09-09 10:30:00,28.18,28.26,27.92,27.92,408898
30,311,2020-09-09 11:00:00,27.92,27.98,27.772,27.845,275626
31,310,2020-09-09 11:30:00,27.86,28.035,27.8,28.02,185239
32,309,2020-09-09 12:00:00,28.01,28.645,28.005,28.15,1867921
33,308,2020-09-09 12:30:00,28.155,28.2,28.09,28.095,217898
34,307,2020-09-09 13:00:00,28.095,28.215,28.070999999999998,28.12,172268
35,306,2020-09-09 13:30:00,28.13,28.28,28.13,28.2566,174721
36,305,2020-09-09 14:00:00,28.26,28.3087,28.12,28.1213,223879
37,304,2020-09-09 14:30:00,28.125,28.14,27.98,28.01,244006
38,303,2020-09-09 15:00:00,28.01,28.09,27.975,27.99,380354
39,302,2020-09-09 15:30:00,27.995,28.04,27.935,27.935,353028
40,301,2020-09-09 16:00:00,27.935,27.96,27.67,27.74,1102537
41,300,2020-09-09 16:30:00,27.75,27.75,27.53,27.75,364018
42,299,2020-09-09 18:30:00,27.8,27.82,27.8,27.8,529
43,298,2020-09-09 19:00:00,27.95,27.95,27.95,27.95,100
44,297,2020-09-10 08:00:00,27.76,27.76,27.75,27.75,600
45,296,2020-09-10 08:30:00,27.9,27.9,27.9,27.9,100
46,295,2020-09-10 09:00:00,27.75,27.75,27.71,27.72,1800
47,294,2020-09-10 09:30:00,27.65,27.65,27.56,27.56,2500
48,293,2020-09-10 10:00:00,27.61,27.69,27.269000000000002,27.35,627209
49,292,2020-09-10 10:30:00,27.355,27.37,27.17,27.32,336082
50,291,2020-09-10 11:00:00,27.32,27.475,27.255,27.295,374085
51,290,2020-09-10 11:30:00,27.29,27.51,27.24,27.48,254075
52,289,2020-09-10 12:00:00,27.48,27.52,27.37,27.435,257050
53,288,2020-09-10 12:30:00,27.435,27.53,27.38,27.42,222139
54,287,2020-09-10 13:00:00,27.42,27.455,27.26,27.38,212919
55,286,2020-09-10 13:30:00,27.39,27.5,27.39,27.44,149429
56,285,2020-09-10 14:00:00,27.44,27.525,27.43,27.51,125063
57,284,2020-09-10 14:30:00,27.51,27.61,27.3377,27.355,202295
58,283,2020-09-10 15:00:00,27.35,27.5615,27.315,27.5211,353165
59,282,2020-09-10 15:30:00,27.525,27.575,27.31,27.4,400423
60,281,2020-09-10 16:00:00,27.395,27.46,27.27,27.28,687233
61,280,2020-09-10 16:30:00,27.28,27.28,27.28,27.28,42794
62,279,2020-09-10 17:00:00,27.28,27.28,27.28,27.28,845
63,278,2020-09-10 17:30:00,27.3,27.3,27.3,27.3,450
64,277,2020-09-11 10:00:00,27.47,27.5,27.29,27.39,357182
65,276,2020-09-11 10:30:00,27.39,27.53,27.34,27.415,334863
66,275,2020-09-11 11:00:00,27.42,27.545,27.405,27.4595,261779
67,274,2020-09-11 11:30:00,27.45,27.555,27.415,27.54,156655
68,273,2020-09-11 12:00:00,27.53,27.64,27.47,27.605,181709
69,272,2020-09-11 12:30:00,27.6,27.695,27.555,27.635,167556
70,271,2020-09-11 13:00:00,27.635,27.695,27.58,27.6,212426
71,270,2020-09-11 13:30:00,27.609,27.645,27.42,27.485,267569
72,269,2020-09-11 14:00:00,27.485,27.52,27.405,27.425,228329
73,268,2020-09-11 14:30:00,27.425,27.56,27.38,27.5,166563
74,267,2020-09-11 15:00:00,27.5,27.64,27.48,27.585,227764
75,266,2020-09-11 15:30:00,27.585,27.61,27.5,27.595,248515
76,265,2020-09-11 16:00:00,27.59,27.64,27.51,27.53,652847
77,264,2020-09-11 16:30:00,27.53,27.53,27.53,27.53,46858
78,263,2020-09-14 08:30:00,27.59,27.59,27.59,27.59,705
79,262,2020-09-14 10:00:00,27.69,28.01,27.66,28.01,319179
80,261,2020-09-14 10:30:00,28.01,28.108,27.955,28.005,250668
81,260,2020-09-14 11:00:00,28.005,28.055,27.903000000000002,27.905,152543
82,259,2020-09-14 11:30:00,27.91,27.925,27.775,27.8739,242529
83,258,2020-09-14 12:00:00,27.875,27.9701,27.875,27.94,152493
84,257,2020-09-14 12:30:00,27.94,28.05,27.93,28.03,154866
85,256,2020-09-14 13:00:00,28.03,28.05,27.96,27.969,239545
86,255,2020-09-14 13:30:00,27.97,28.005,27.935,27.945,156534
87,254,2020-09-14 14:00:00,27.95,28.017,27.93,28.015,157124
88,253,2020-09-14 14:30:00,28.02,28.0259,27.94,27.995,154429
89,252,2020-09-14 15:00:00,28.0,28.02,27.9,27.96,178583
90,251,2020-09-14 15:30:00,27.95,27.995,27.845,27.91,178479
91,250,2020-09-14 16:00:00,27.91,27.99,27.86,27.91,603565
92,249,2020-09-14 16:30:00,27.92,27.92,27.92,27.92,348270
93,248,2020-09-15 07:30:00,27.99,28.09,27.99,28.09,3796
94,247,2020-09-15 09:00:00,28.0,28.0,28.0,28.0,300
95,246,2020-09-15 10:00:00,28.08,28.21,28.01,28.0486,400712
96,245,2020-09-15 10:30:00,28.045,28.23,28.045,28.145,214810
97,244,2020-09-15 11:00:00,28.145,28.3,28.095,28.2675,230438
98,243,2020-09-15 11:30:00,28.26,28.285,28.06,28.075,149158
99,242,2020-09-15 12:00:00,28.07,28.07,27.95,28.0,230615
100,241,2020-09-15 12:30:00,28.0,28.0,27.86,27.89,153419
101,240,2020-09-15 13:00:00,27.89,27.925,27.86,27.905,129294
102,239,2020-09-15 13:30:00,27.9,27.965,27.875,27.95,144817
103,238,2020-09-15 14:00:00,27.94,27.945,27.81,27.82,162503
104,237,2020-09-15 14:30:00,27.815,27.84,27.74,27.775,156591
105,236,2020-09-15 15:00:00,27.775,27.78,27.6604,27.68,165732
106,235,2020-09-15 15:30:00,27.69,27.71,27.585,27.605,249216
107,234,2020-09-15 16:00:00,27.61,27.785,27.58,27.71,781175
108,233,2020-09-15 16:30:00,27.72,27.72,27.72,27.72,306093
109,232,2020-09-16 08:30:00,27.601,27.601,27.601,27.601,199
110,231,2020-09-16 09:30:00,27.84,27.84,27.83,27.83,1634
111,230,2020-09-16 10:00:00,27.7,27.945,27.64,27.895,256489
112,229,2020-09-16 10:30:00,27.895,28.105,27.89,28.035,168490
113,228,2020-09-16 11:00:00,28.035,28.16,28.03,28.14,242410
114,227,2020-09-16 11:30:00,28.13,28.14,28.03,28.12,202073
115,226,2020-09-16 12:00:00,28.12,28.12,28.025,28.085,122460
116,225,2020-09-16 12:30:00,28.085,28.125,28.06,28.08,128512
117,224,2020-09-16 13:00:00,28.08,28.105,28.05,28.0884,101494
118,223,2020-09-16 13:30:00,28.08,28.09,28.05,28.075,106016
119,222,2020-09-16 14:00:00,28.08,28.13,28.07,28.1,129278
120,221,2020-09-16 14:30:00,28.11,28.195,28.06,28.195,208375
121,220,2020-09-16 15:00:00,28.195,28.265,28.055,28.07,232067
122,219,2020-09-16 15:30:00,28.075,28.11,27.9,27.975,294818
123,218,2020-09-16 16:00:00,27.97,28.12,27.91,28.02,965250
124,217,2020-09-16 16:30:00,28.01,28.0516,28.01,28.0516,112386
125,216,2020-09-17 09:30:00,27.9999,27.9999,27.9999,27.9999,500
126,215,2020-09-17 10:00:00,27.79,27.84,27.55,27.69,357493
127,214,2020-09-17 10:30:00,27.685,27.94,27.675,27.9164,172010
128,213,2020-09-17 11:00:00,27.91,28.0,27.845,27.875,145554
129,212,2020-09-17 11:30:00,27.88,27.95,27.77,27.775,198300
130,211,2020-09-17 12:00:00,27.775,27.79,27.615,27.65,316198
131,210,2020-09-17 12:30:00,27.64,27.677,27.5,27.575,169183
132,209,2020-09-17 13:00:00,27.57,27.655,27.55,27.625,130191
133,208,2020-09-17 13:30:00,27.62,27.63,27.53,27.535,125213
134,207,2020-09-17 14:00:00,27.53,27.6,27.52,27.555,146916
135,206,2020-09-17 14:30:00,27.55,27.65,27.52,27.52,182398
136,205,2020-09-17 15:00:00,27.52,27.5275,27.46,27.48,296447
137,204,2020-09-17 15:30:00,27.48,27.5,27.36,27.39,452971
138,203,2020-09-17 16:00:00,27.38,27.52,27.36,27.48,1323845
139,202,2020-09-17 16:30:00,27.5,28.01,27.49,28.01,87392
140,201,2020-09-17 18:30:00,27.5,27.5,27.5,27.5,225
141,200,2020-09-17 19:00:00,27.5,27.5,27.5,27.5,177
142,199,2020-09-18 08:30:00,27.75,27.75,27.6,27.6,564
143,198,2020-09-18 09:30:00,27.7099,27.7099,27.29,27.31,14370
144,197,2020-09-18 10:00:00,27.31,27.46,27.16,27.26,1964815
145,196,2020-09-18 10:30:00,27.26,27.27,27.14,27.195,384959
146,195,2020-09-18 11:00:00,27.19,27.195,26.975,27.005,651403
147,194,2020-09-18 11:30:00,27.0,27.0,26.815,26.99,392698
148,193,2020-09-18 12:00:00,26.99,27.18,26.98,27.1267,223727
149,192,2020-09-18 12:30:00,27.125,27.26,27.1173,27.135,233681
150,191,2020-09-18 13:00:00,27.13,27.13,26.855,26.875,302471
151,190,2020-09-18 13:30:00,26.875,26.93,26.75,26.75,497727
152,189,2020-09-18 14:00:00,26.75,26.79,26.645,26.725,312099
153,188,2020-09-18 14:30:00,26.73,26.78,26.66,26.75,232667
154,187,2020-09-18 15:00:00,26.75,26.8,26.71,26.78,264455
155,186,2020-09-18 15:30:00,26.7784,26.865,26.74,26.825,389956
156,185,2020-09-18 16:00:00,26.825,26.945,26.7,26.8,1518037
157,184,2020-09-18 16:30:00,26.8,26.9,26.8,26.8017,177858
158,183,2020-09-18 17:30:00,26.85,26.85,26.8,26.8,480
159,182,2020-09-18 18:00:00,26.81,26.81,26.8,26.8,893
160,181,2020-09-18 18:30:00,26.8,26.8,26.8,26.8,420
161,180,2020-09-18 19:00:00,26.78,26.78,26.78,26.78,100
162,179,2020-09-18 19:30:00,26.75,26.75,26.75,26.75,300
163,178,2020-09-21 07:30:00,26.66,26.66,26.65,26.65,800
164,177,2020-09-21 08:30:00,26.6001,26.6001,26.6001,26.6001,2080
165,176,2020-09-21 09:30:00,26.6,26.6,26.4,26.4,8865
166,175,2020-09-21 10:00:00,26.46,26.61,26.16,26.38,726360
167,174,2020-09-21 10:30:00,26.38,26.44,26.19,26.35,367379
168,173,2020-09-21 11:00:00,26.34,26.48,26.26,26.39,226323
169,172,2020-09-21 11:30:00,26.39,26.56,26.32,26.375,212183
170,171,2020-09-21 12:00:00,26.37,26.43,26.27,26.285,230526
171,170,2020-09-21 12:30:00,26.285,26.37,26.26,26.31,174073
172,169,2020-09-21 13:00:00,26.31,26.31,26.135,26.18,195721
173,168,2020-09-21 13:30:00,26.18,26.22,26.145,26.2,166157
174,167,2020-09-21 14:00:00,26.19,26.23,26.155,26.175,159468
175,166,2020-09-21 14:30:00,26.17,26.18,26.05,26.055,192919
176,165,2020-09-21 15:00:00,26.05,26.07,25.97,26.0,360595
177,164,2020-09-21 15:30:00,25.995,26.145,25.98,26.135,427925
178,163,2020-09-21 16:00:00,26.135,26.25,26.1,26.24,1041486
179,162,2020-09-21 16:30:00,26.23,26.23,26.23,26.23,68704
180,161,2020-09-21 19:30:00,26.25,26.25,26.25,26.25,400
181,160,2020-09-21 20:00:00,26.25,26.25,26.25,26.25,456
182,159,2020-09-22 08:30:00,26.23,26.42,26.23,26.42,2500
183,158,2020-09-22 09:30:00,26.3,26.4,26.15,26.15,4969
184,157,2020-09-22 10:00:00,26.16,26.44,26.07,26.07,457094
185,156,2020-09-22 10:30:00,26.065,26.42,26.06,26.42,232401
186,155,2020-09-22 11:00:00,26.42,26.42,26.21,26.21,179167
187,154,2020-09-22 11:30:00,26.22,26.22,26.135,26.195,163525
188,153,2020-09-22 12:00:00,26.2,26.2,26.07,26.16,203569
189,152,2020-09-22 12:30:00,26.165,26.18,26.105,26.155,125500
190,151,2020-09-22 13:00:00,26.155,26.22,26.1,26.125,110475
191,150,2020-09-22 13:30:00,26.125,26.22,26.115,26.205,115481
192,149,2020-09-22 14:00:00,26.205,26.315,26.2026,26.2801,322735
193,148,2020-09-22 14:30:00,26.29,26.3301,26.21,26.24,158126
194,147,2020-09-22 15:00:00,26.245,26.29,26.16,26.17,323685
195,146,2020-09-22 15:30:00,26.165,26.24,26.15,26.215,317091
196,145,2020-09-22 16:00:00,26.215,26.28,26.145,26.26,1150268
197,144,2020-09-22 16:30:00,26.26,26.26,26.09,26.09,176561
198,143,2020-09-23 08:30:00,26.3199,26.3199,26.3199,26.3199,100
199,142,2020-09-23 09:00:00,26.27,26.27,26.27,26.27,505
200,141,2020-09-23 09:30:00,26.3199,26.3199,26.2666,26.2666,3883
201,140,2020-09-23 10:00:00,26.22,26.42,26.205,26.21,281717
202,139,2020-09-23 10:30:00,26.21,26.26,26.16,26.2036,229743
203,138,2020-09-23 11:00:00,26.205,26.3,26.145,26.263,148083
204,137,2020-09-23 11:30:00,26.27,26.41,26.255,26.295,153113
205,136,2020-09-23 12:00:00,26.3,26.41,26.22,26.235,153998
206,135,2020-09-23 12:30:00,26.22,26.285,26.22,26.27,137770
207,134,2020-09-23 13:00:00,26.28,26.395,26.275,26.3,145782
208,133,2020-09-23 13:30:00,26.3,26.32,26.265,26.27,121555
209,132,2020-09-23 14:00:00,26.27,26.29,26.175,26.215,130245
210,131,2020-09-23 14:30:00,26.21,26.225,26.025,26.04,226565
211,130,2020-09-23 15:00:00,26.04,26.09,25.995,26.02,261437
212,129,2020-09-23 15:30:00,26.02,26.05,25.92,26.02,228383
213,128,2020-09-23 16:00:00,26.02,26.029,25.9,25.9,577387
214,127,2020-09-23 16:30:00,25.91,25.91,25.91,25.91,63872
215,126,2020-09-23 17:00:00,25.92,25.92,25.91,25.91,797
216,125,2020-09-23 19:00:00,26.03,26.03,26.03,26.03,150
217,124,2020-09-23 19:30:00,25.91,25.91,25.91,25.91,200
218,123,2020-09-23 20:00:00,25.9,25.9,25.9,25.9,1000
219,122,2020-09-24 09:00:00,25.95,25.95,25.95,25.95,1510
220,121,2020-09-24 09:30:00,25.88,25.88,25.83,25.83,1355
221,120,2020-09-24 10:00:00,25.87,25.93,25.47,25.5955,448604
222,119,2020-09-24 10:30:00,25.595,25.81,25.59,25.665,216931
223,118,2020-09-24 11:00:00,25.68,25.68,25.54,25.64,238088
224,117,2020-09-24 11:30:00,25.64,25.7,25.565,25.57,163739
225,116,2020-09-24 12:00:00,25.575,25.85,25.56,25.84,104509
226,115,2020-09-24 12:30:00,25.84,26.04,25.84,26.01,132975
227,114,2020-09-24 13:00:00,26.0,26.03,25.89,26.015,96658
228,113,2020-09-24 13:30:00,26.02,26.18,26.02,26.125,111437
229,112,2020-09-24 14:00:00,26.13,26.195,26.1,26.13,138410
230,111,2020-09-24 14:30:00,26.15,26.17,26.03,26.055,109278
231,110,2020-09-24 15:00:00,26.055,26.11,25.94,25.94,170992
232,109,2020-09-24 15:30:00,25.95,26.01,25.87,25.89,252759
233,108,2020-09-24 16:00:00,25.895,26.1077,25.88,26.08,635981
234,107,2020-09-24 16:30:00,26.07,26.07,26.07,26.07,32536
235,106,2020-09-24 18:30:00,26.3,26.3,26.3,26.3,500
236,105,2020-09-25 09:30:00,26.06,26.07,26.06,26.07,3838
237,104,2020-09-25 10:00:00,25.89,26.25,25.85,26.13,259283
238,103,2020-09-25 10:30:00,26.12,26.225,26.0,26.165,151501
239,102,2020-09-25 11:00:00,26.165,26.305,26.075,26.28,238306
240,101,2020-09-25 11:30:00,26.28,26.315,26.16,26.21,143887
241,100,2020-09-25 12:00:00,26.21,26.24,26.105,26.14,119833
242,99,2020-09-25 12:30:00,26.145,26.23,26.14,26.225,114400
243,98,2020-09-25 13:00:00,26.23,26.365,26.23,26.335,152369
244,97,2020-09-25 13:30:00,26.33,26.42,26.305,26.3555,100400
245,96,2020-09-25 14:00:00,26.355,26.4,26.35,26.38,107923
246,95,2020-09-25 14:30:00,26.3816,26.48,26.38,26.465,177546
247,94,2020-09-25 15:00:00,26.465,26.505,26.41,26.485,155102
248,93,2020-09-25 15:30:00,26.485,26.59,26.47,26.55,187106
249,92,2020-09-25 16:00:00,26.55,26.55,26.405,26.48,780703
250,91,2020-09-25 16:30:00,26.47,26.47,26.47,26.47,602987
251,90,2020-09-25 17:30:00,26.59,26.59,26.59,26.59,136
252,89,2020-09-28 04:30:00,26.59,26.59,26.59,26.59,207
253,88,2020-09-28 07:30:00,26.61,26.61,26.6,26.6,650
254,87,2020-09-28 08:30:00,26.8948,26.8948,26.5,26.7,1649
255,86,2020-09-28 09:30:00,26.7,26.98,26.65,26.7,2190
256,85,2020-09-28 10:00:00,26.71,26.845,26.58,26.68,426402
257,84,2020-09-28 10:30:00,26.685,26.92,26.595,26.85,214085
258,83,2020-09-28 11:00:00,26.855,26.93,26.83,26.9,138716
259,82,2020-09-28 11:30:00,26.9,26.93,26.82,26.85,117579
260,81,2020-09-28 12:00:00,26.845,26.97,26.845,26.934,122654
261,80,2020-09-28 12:30:00,26.94,26.94,26.85,26.88,97254
262,79,2020-09-28 13:00:00,26.875,26.92,26.84,26.89,80736
263,78,2020-09-28 13:30:00,26.895,26.92,26.855,26.8625,78416
264,77,2020-09-28 14:00:00,26.87,26.945,26.8612,26.87,92870
265,76,2020-09-28 14:30:00,26.87,26.895,26.825,26.845,98169
266,75,2020-09-28 15:00:00,26.845,26.885,26.775,26.8,97498
267,74,2020-09-28 15:30:00,26.8,26.8,26.69,26.715,144774
268,73,2020-09-28 16:00:00,26.72,26.725,26.57,26.68,651378
269,72,2020-09-28 16:30:00,26.68,26.68,26.68,26.68,356909
270,71,2020-09-28 17:30:00,26.61,26.61,26.61,26.61,250
271,70,2020-09-29 07:30:00,26.79,26.79,26.79,26.79,200
272,69,2020-09-29 08:00:00,26.8,26.8,26.8,26.8,1246
273,68,2020-09-29 08:30:00,26.75,26.75,26.75,26.75,200
274,67,2020-09-29 09:00:00,26.8,26.8,26.8,26.8,900
275,66,2020-09-29 09:30:00,26.81,26.81,26.8,26.8,2763
276,65,2020-09-29 10:00:00,26.85,27.21,26.75,27.13,992163
277,64,2020-09-29 10:30:00,27.125,27.386,27.1,27.31,483179
278,63,2020-09-29 11:00:00,27.31,27.34,27.035,27.05,236385
279,62,2020-09-29 11:30:00,27.045,27.045,26.86,26.87,266447
280,61,2020-09-29 12:00:00,26.875,26.935,26.795,26.845,245165
281,60,2020-09-29 12:30:00,26.845,26.85,26.76,26.785,252947
282,59,2020-09-29 13:00:00,26.785,26.82,26.74,26.795,243775
283,58,2020-09-29 13:30:00,26.795,26.885,26.775,26.88,283759
284,57,2020-09-29 14:00:00,26.87,26.98,26.86,26.92,219651
285,56,2020-09-29 14:30:00,26.92,27.01,26.8942,26.96,289622
286,55,2020-09-29 15:00:00,26.965,27.07,26.95,27.055,186308
287,54,2020-09-29 15:30:00,27.06,27.07,26.98,27.0,222144
288,53,2020-09-29 16:00:00,27.0,27.03,26.855,26.87,891669
289,52,2020-09-29 16:30:00,26.88,26.88,26.88,26.88,227323
290,51,2020-09-29 17:00:00,27.17,27.17,27.17,27.17,250
291,50,2020-09-30 07:30:00,26.9,26.9,26.9,26.9,504
292,49,2020-09-30 10:00:00,27.1,27.27,27.05,27.0933,326983
293,48,2020-09-30 10:30:00,27.09,27.2391,27.05,27.175,313036
294,47,2020-09-30 11:00:00,27.18,27.34,27.17,27.22,348461
295,46,2020-09-30 11:30:00,27.205,27.31,27.14,27.23,146039
296,45,2020-09-30 12:00:00,27.23,27.235,27.06,27.08,151284
297,44,2020-09-30 12:30:00,27.085,27.19,27.01,27.165,211438
298,43,2020-09-30 13:00:00,27.165,27.25,27.145,27.195,102257
299,42,2020-09-30 13:30:00,27.195,27.28,27.16,27.28,128449
300,41,2020-09-30 14:00:00,27.28,27.37,27.275,27.3516,212196
301,40,2020-09-30 14:30:00,27.3599,27.45,27.2216,27.2657,311496
302,39,2020-09-30 15:00:00,27.26,27.305,27.105,27.285,311996
303,38,2020-09-30 15:30:00,27.28,27.355,27.08,27.175,566758
304,37,2020-09-30 16:00:00,27.17,27.315,27.09,27.2,906112
305,36,2020-09-30 16:30:00,27.21,27.21,27.21,27.21,294034
306,35,2020-10-01 08:30:00,26.87,26.87,26.87,26.87,100
307,34,2020-10-01 09:30:00,27.37,27.63,27.37,27.63,8567
308,33,2020-10-01 10:00:00,27.43,27.51,27.24,27.375,712717
309,32,2020-10-01 10:30:00,27.38,27.4299,27.3,27.4,262845
310,31,2020-10-01 11:00:00,27.4,27.615,27.38,27.6,179902
311,30,2020-10-01 11:30:00,27.61,27.61,27.458000000000002,27.535,226715
312,29,2020-10-01 12:00:00,27.54,27.64,27.519000000000002,27.62,136309
313,28,2020-10-01 12:30:00,27.62,27.635,27.57,27.6,152969
314,27,2020-10-01 13:00:00,27.59,27.66,27.51,27.53,126228
315,26,2020-10-01 13:30:00,27.525,27.58,27.5016,27.51,103406
316,25,2020-10-01 14:00:00,27.52,27.53,27.43,27.47,320020
317,24,2020-10-01 14:30:00,27.47,27.51,27.35,27.45,331422
318,23,2020-10-01 15:00:00,27.4559,27.4999,27.45,27.475,122070
319,22,2020-10-01 15:30:00,27.475,27.5101,27.385,27.435,150611
320,21,2020-10-01 16:00:00,27.43,27.57,27.42,27.555,624653
321,20,2020-10-01 16:30:00,27.55,27.55,27.55,27.55,191793
322,19,2020-10-01 17:00:00,27.55,27.55,27.55,27.55,2605
323,18,2020-10-01 17:30:00,27.33,27.33,27.33,27.33,250
324,17,2020-10-02 07:30:00,27.4,27.4,27.1,27.1,1238
325,16,2020-10-02 08:00:00,27.28,27.35,27.15,27.15,2885
326,15,2020-10-02 08:30:00,27.2701,27.2701,27.1,27.1,2031
327,14,2020-10-02 09:30:00,27.01,27.01,27.01,27.01,100
328,13,2020-10-02 10:00:00,27.2,27.54,27.12,27.53,501822
329,12,2020-10-02 10:30:00,27.54,27.63,27.49,27.6,271337
330,11,2020-10-02 11:00:00,27.59,27.86,27.58,27.82,317439
331,10,2020-10-02 11:30:00,27.82,28.03,27.75,28.025,460462
332,9,2020-10-02 12:00:00,28.03,28.145,27.99,28.005,387370
333,8,2020-10-02 12:30:00,28.015,28.31,28.015,28.135,366752
334,7,2020-10-02 13:00:00,28.14,28.24,28.13,28.235,277545
335,6,2020-10-02 13:30:00,28.23,28.38,28.23,28.3456,289038
336,5,2020-10-02 14:00:00,28.345,28.36,28.2112,28.325,262933
337,4,2020-10-02 14:30:00,28.32,28.42,28.32,28.41,220288
338,3,2020-10-02 15:00:00,28.41,28.42,28.29,28.29,316943
339,2,2020-10-02 15:30:00,28.295,28.35,28.25,28.34,276390
340,1,2020-10-02 16:00:00,28.34,28.385,28.19,28.21,720669
341,0,2020-10-02 16:30:00,28.21,28.21,28.21,28.21,162408
