,index,time,open,high,low,close,volume
0,342,2020-09-08 04:30:00,70.0,70.0,69.89,69.89,2227
1,341,2020-09-08 05:30:00,70.5,70.5,70.5,70.5,100
2,340,2020-09-08 07:30:00,70.4,70.4,69.71,69.71,686
3,339,2020-09-08 08:30:00,69.21,69.21,69.2,69.2,366
4,338,2020-09-08 09:00:00,68.81,68.81,68.81,68.81,320
5,337,2020-09-08 09:30:00,69.56,69.56,69.39,69.39,1570
6,336,2020-09-08 10:00:00,69.14,69.39,67.69,68.255,368749
7,335,2020-09-08 10:30:00,68.29,68.36,67.67,68.0,198531
8,334,2020-09-08 11:00:00,68.02,68.49,67.46,67.46,250363
9,333,2020-09-08 11:30:00,67.49,67.97,67.17,67.86,209886
10,332,2020-09-08 12:00:00,67.85,67.96,67.41,67.57,160276
11,331,2020-09-08 12:30:00,67.58,68.35,67.57,68.22,118047
12,330,2020-09-08 13:00:00,68.215,68.5,68.17,68.4283,71308
13,329,2020-09-08 13:30:00,68.4201,68.76,68.4,68.725,72294
14,328,2020-09-08 14:00:00,68.7,68.75,68.55,68.58,92414
15,327,2020-09-08 14:30:00,68.58,68.64,68.19,68.25,199864
16,326,2020-09-08 15:00:00,68.22,68.24,67.67,68.16,174591
17,325,2020-09-08 15:30:00,68.13,68.2,67.6,68.18,156565
18,324,2020-09-08 16:00:00,68.2,68.37,67.78,67.82,449605
19,323,2020-09-08 16:30:00,67.82,67.82,67.82,67.82,61843
20,322,2020-09-08 18:00:00,67.5,67.5,67.46,67.46,734
21,321,2020-09-09 08:30:00,68.9799,68.98,68.61,68.61,504
22,320,2020-09-09 10:00:00,68.85,68.85,67.83,68.66,174643
23,319,2020-09-09 10:30:00,68.68,68.77,68.11,68.11,140874
24,318,2020-09-09 11:00:00,68.1,68.16,67.67,67.9,91137
25,317,2020-09-09 11:30:00,67.9,68.3747,67.89,68.29,75692
26,316,2020-09-09 12:00:00,68.29,68.47,68.134,68.25,68392
27,315,2020-09-09 12:30:00,68.23,68.35,68.12,68.12,49617
28,314,2020-09-09 13:00:00,68.14,68.4,68.05,68.0893,58561
29,313,2020-09-09 13:30:00,68.08,68.76,68.055,68.66,72818
30,312,2020-09-09 14:00:00,68.64,68.985,68.63,68.89,67368
31,311,2020-09-09 14:30:00,68.91,69.0,68.61,68.65,70432
32,310,2020-09-09 15:00:00,68.68,68.8499,68.68,68.77,70112
33,309,2020-09-09 15:30:00,68.75,68.91,68.73,68.79,90713
34,308,2020-09-09 16:00:00,68.81,68.84,68.23,68.26,295259
35,307,2020-09-09 16:30:00,68.28,68.28,68.28,68.28,84608
36,306,2020-09-10 09:00:00,68.28,68.28,68.28,68.28,651
37,305,2020-09-10 09:30:00,68.42,68.42,68.42,68.42,100
38,304,2020-09-10 10:00:00,68.64,69.58,68.59,69.11,215103
39,303,2020-09-10 10:30:00,69.12,69.18,68.71,68.77,174840
40,302,2020-09-10 11:00:00,68.825,68.87,68.27,68.27,162352
41,301,2020-09-10 11:30:00,68.32,68.6,68.19,68.5,160636
42,300,2020-09-10 12:00:00,68.48,68.51,67.86,67.9,83441
43,299,2020-09-10 12:30:00,67.9,68.1,67.75,67.935,76165
44,298,2020-09-10 13:00:00,67.91,67.98,67.42,67.66,96300
45,297,2020-09-10 13:30:00,67.65,68.09,67.63,67.8924,73571
46,296,2020-09-10 14:00:00,67.9,67.98,67.65,67.83,86338
47,295,2020-09-10 14:30:00,67.82,68.1,67.51,67.53,112660
48,294,2020-09-10 15:00:00,67.59,67.89,67.5,67.78,151534
49,293,2020-09-10 15:30:00,67.79,67.79,67.2617,67.49,240588
50,292,2020-09-10 16:00:00,67.49,67.77,67.19,67.27,453722
51,291,2020-09-10 16:30:00,67.26,67.26,67.07,67.07,40841
52,290,2020-09-10 17:00:00,67.26,67.26,67.26,67.26,365
53,289,2020-09-10 18:00:00,67.79,67.79,67.78,67.78,1000
54,288,2020-09-11 09:00:00,67.7,67.7,67.7,67.7,2000
55,287,2020-09-11 09:30:00,67.48,67.48,67.42,67.48,825
56,286,2020-09-11 10:00:00,67.42,67.5,66.935,67.11,153361
57,285,2020-09-11 10:30:00,67.05,67.79,67.05,67.61,115004
58,284,2020-09-11 11:00:00,67.61,67.85,67.43,67.6,77138
59,283,2020-09-11 11:30:00,67.5999,67.93,67.52,67.865,99361
60,282,2020-09-11 12:00:00,67.85,68.11,67.725,68.03,89004
61,281,2020-09-11 12:30:00,67.99,68.5029,67.91,68.43,97166
62,280,2020-09-11 13:00:00,68.38,68.44,68.135,68.135,75307
63,279,2020-09-11 13:30:00,68.16,68.17,67.76,67.8204,150961
64,278,2020-09-11 14:00:00,67.82,67.885,67.65,67.71,61273
65,277,2020-09-11 14:30:00,67.73,68.0,67.59,67.8119,69566
66,276,2020-09-11 15:00:00,67.81,68.24,67.8,68.19,95833
67,275,2020-09-11 15:30:00,68.2,68.34,67.79,68.23,87422
68,274,2020-09-11 16:00:00,68.23,68.41,68.08,68.12,328751
69,273,2020-09-11 16:30:00,68.12,68.12,68.12,68.12,47099
70,272,2020-09-11 19:30:00,68.53,68.53,68.53,68.53,413
71,271,2020-09-14 08:30:00,68.5,68.5,68.5,68.5,100
72,270,2020-09-14 10:00:00,68.93,69.29,68.41,69.2,174788
73,269,2020-09-14 10:30:00,69.27,69.46,69.05,69.307,112740
74,268,2020-09-14 11:00:00,69.35,69.76,69.26,69.39,86023
75,267,2020-09-14 11:30:00,69.36,69.585,69.3,69.42,84882
76,266,2020-09-14 12:00:00,69.4,69.556,69.2839,69.35,63398
77,265,2020-09-14 12:30:00,69.3064,69.68,69.3,69.68,66834
78,264,2020-09-14 13:00:00,69.67,70.05,69.67,70.0384,82983
79,263,2020-09-14 13:30:00,70.02,70.1837,69.89,70.04,67181
80,262,2020-09-14 14:00:00,70.06,70.09,69.64,69.8134,70688
81,261,2020-09-14 14:30:00,69.83,70.05,69.79,69.9,87388
82,260,2020-09-14 15:00:00,69.91,70.02,69.67,69.86,108794
83,259,2020-09-14 15:30:00,69.85,69.87,69.52,69.74,121763
84,258,2020-09-14 16:00:00,69.75,70.3,69.585,69.76,426543
85,257,2020-09-14 16:30:00,69.76,69.76,69.76,69.76,158629
86,256,2020-09-14 18:30:00,69.47,69.47,69.47,69.47,100
87,255,2020-09-15 08:30:00,70.1,70.1,70.1,70.1,125
88,254,2020-09-15 10:00:00,70.0,70.0,68.96,68.98,200905
89,253,2020-09-15 10:30:00,68.9,69.5,68.87,69.21,102410
90,252,2020-09-15 11:00:00,69.22,69.57,69.105,69.46,129698
91,251,2020-09-15 11:30:00,69.46,69.5746,69.13,69.23,73529
92,250,2020-09-15 12:00:00,69.22,69.22,68.83,68.83,91101
93,249,2020-09-15 12:30:00,68.79,68.935,68.73,68.8516,71305
94,248,2020-09-15 13:00:00,68.8469,69.035,68.81,68.98,91113
95,247,2020-09-15 13:30:00,68.985,69.18,68.77,68.8,87475
96,246,2020-09-15 14:00:00,68.785,68.82,68.61,68.64,57693
97,245,2020-09-15 14:30:00,68.63,68.66,68.44,68.44,77014
98,244,2020-09-15 15:00:00,68.42,68.61,68.41,68.5,115993
99,243,2020-09-15 15:30:00,68.5,68.63,68.39,68.435,118142
100,242,2020-09-15 16:00:00,68.44,68.59,68.33,68.35,416135
101,241,2020-09-15 16:30:00,68.36,68.36,68.36,68.36,69466
102,240,2020-09-16 09:30:00,68.49,68.5,68.49,68.5,1200
103,239,2020-09-16 10:00:00,68.6,69.13,68.34,69.05,153217
104,238,2020-09-16 10:30:00,69.03,69.98,69.02,69.54,127623
105,237,2020-09-16 11:00:00,69.555,69.9,69.47,69.9,126554
106,236,2020-09-16 11:30:00,69.9,70.34,69.89,70.1,155828
107,235,2020-09-16 12:00:00,70.15,70.15,69.8,69.95,198973
108,234,2020-09-16 12:30:00,69.94,70.055,69.6,69.85,147493
109,233,2020-09-16 13:00:00,69.85,70.04,69.72,70.0,91487
110,232,2020-09-16 13:30:00,70.01,70.14,69.89,70.05,68692
111,231,2020-09-16 14:00:00,70.06,70.36,70.0,70.0,120622
112,230,2020-09-16 14:30:00,69.93,70.41,69.9,70.33,112843
113,229,2020-09-16 15:00:00,70.35,70.64,70.05,70.11,309141
114,228,2020-09-16 15:30:00,70.1,70.185,69.4,69.63,187294
115,227,2020-09-16 16:00:00,69.63,69.84,69.19,69.33,387591
116,226,2020-09-16 16:30:00,69.32,69.73100000000001,69.32,69.32,37240
117,225,2020-09-17 07:30:00,69.1,69.1,68.26,68.68,1037
118,224,2020-09-17 08:00:00,68.9,68.9,68.9,68.9,100
119,223,2020-09-17 10:00:00,69.09,69.09,67.42,68.53,320546
120,222,2020-09-17 10:30:00,68.55,69.31,68.335,69.21,244452
121,221,2020-09-17 11:00:00,69.235,69.53,69.09,69.275,124587
122,220,2020-09-17 11:30:00,69.27,69.66,69.23,69.33,94623
123,219,2020-09-17 12:00:00,69.32,69.36,69.04,69.13,101364
124,218,2020-09-17 12:30:00,69.105,69.11,68.5,68.63,103609
125,217,2020-09-17 13:00:00,68.61,68.8382,68.54,68.8,179355
126,216,2020-09-17 13:30:00,68.79,68.8,68.525,68.54,132347
127,215,2020-09-17 14:00:00,68.55,68.82,68.525,68.795,76988
128,214,2020-09-17 14:30:00,68.85,69.11,68.79,68.815,95009
129,213,2020-09-17 15:00:00,68.81,68.85,68.61,68.62,136376
130,212,2020-09-17 15:30:00,68.62,68.72,68.31,68.35,207298
131,211,2020-09-17 16:00:00,68.34,68.81,68.32,68.59,449789
132,210,2020-09-17 16:30:00,68.59,69.32,68.58,68.59,42113
133,209,2020-09-17 17:30:00,68.75,68.75,68.75,68.75,100
134,208,2020-09-18 09:30:00,68.58,68.58,68.02,68.02,3968
135,207,2020-09-18 10:00:00,68.03,68.89,68.02,68.18,742402
136,206,2020-09-18 10:30:00,68.22,69.1,68.11,69.06,153317
137,205,2020-09-18 11:00:00,69.07,69.09,68.65,68.744,93586
138,204,2020-09-18 11:30:00,68.75,68.915,68.53,68.65,120746
139,203,2020-09-18 12:00:00,68.67,68.9,68.57,68.68,174423
140,202,2020-09-18 12:30:00,68.68,68.76,68.55,68.61,94365
141,201,2020-09-18 13:00:00,68.6,68.66,68.455,68.56,96099
142,200,2020-09-18 13:30:00,68.58,68.82,68.45,68.45,98386
143,199,2020-09-18 14:00:00,68.42,68.54,68.26,68.54,97654
144,198,2020-09-18 14:30:00,68.55,68.55,68.29,68.44,103963
145,197,2020-09-18 15:00:00,68.42,68.46,68.255,68.34,85139
146,196,2020-09-18 15:30:00,68.35,68.54,68.27,68.53,112593
147,195,2020-09-18 16:00:00,68.54,68.59,68.12,68.18,347108
148,194,2020-09-18 16:30:00,68.15,68.1517,68.15,68.1517,111234
149,193,2020-09-18 17:00:00,68.155111,68.155111,68.155111,68.155111,692
150,192,2020-09-18 17:30:00,68.15,68.15,68.15,68.15,141
151,191,2020-09-21 06:00:00,66.43,66.43,66.43,66.43,300
152,190,2020-09-21 07:30:00,67.96,67.96,65.9,65.9,7210
153,189,2020-09-21 08:00:00,66.1,66.1,65.88,65.89,2202
154,188,2020-09-21 08:30:00,66.0,66.0,65.7869,65.95,4043
155,187,2020-09-21 09:00:00,66.0,66.01,66.0,66.0,800
156,186,2020-09-21 09:30:00,65.9526,66.8,65.9526,66.8,460
157,185,2020-09-21 10:00:00,66.45,67.14,65.8,66.57,405363
158,184,2020-09-21 10:30:00,66.52,66.9,65.86,65.96,211111
159,183,2020-09-21 11:00:00,65.96,65.96,65.3,65.41,202557
160,182,2020-09-21 11:30:00,65.41,65.62,64.91,64.95,208247
161,181,2020-09-21 12:00:00,64.925,64.97,64.61,64.69,133974
162,180,2020-09-21 12:30:00,64.6784,64.9,64.5007,64.64,115668
163,179,2020-09-21 13:00:00,64.64,64.65,64.08,64.17,136248
164,178,2020-09-21 13:30:00,64.21,64.35,64.03,64.32,141457
165,177,2020-09-21 14:00:00,64.32,64.38,64.05,64.17,191749
166,176,2020-09-21 14:30:00,64.15,64.41,64.03,64.27,188754
167,175,2020-09-21 15:00:00,64.26,64.32,63.95,64.27,176860
168,174,2020-09-21 15:30:00,64.25,64.85,64.24,64.71,209274
169,173,2020-09-21 16:00:00,64.71,64.8057,64.51,64.73,602809
170,172,2020-09-21 16:30:00,64.73,65.19,64.73,65.17,95302
171,171,2020-09-21 17:00:00,65.0,65.0,64.99,64.99,400
172,170,2020-09-21 17:30:00,64.85,64.9,64.85,64.85,778
173,169,2020-09-21 18:00:00,64.9,64.9,64.85,64.85,370
174,168,2020-09-22 07:30:00,64.76,64.76,64.76,64.76,200
175,167,2020-09-22 08:00:00,64.98,64.98,64.77,64.77,791
176,166,2020-09-22 08:30:00,64.8,64.8,64.8,64.8,350
177,165,2020-09-22 09:00:00,64.7299,64.78,64.7299,64.75,1263
178,164,2020-09-22 09:30:00,64.73,64.85,64.7,64.85,2244
179,163,2020-09-22 10:00:00,64.55,65.54,64.36,64.465,382385
180,162,2020-09-22 10:30:00,64.46,64.6,64.17,64.38,168349
181,161,2020-09-22 11:00:00,64.4025,64.4025,63.27,63.3,341913
182,160,2020-09-22 11:30:00,63.31,63.43,62.97,62.995,316476
183,159,2020-09-22 12:00:00,63.0,63.12,62.68,63.08,300032
184,158,2020-09-22 12:30:00,63.08,63.31,62.98,63.07,180031
185,157,2020-09-22 13:00:00,63.07,63.23,62.86,62.9,199665
186,156,2020-09-22 13:30:00,62.925,63.13,62.84,63.12,110235
187,155,2020-09-22 14:00:00,63.12,63.43,63.12,63.33,89242
188,154,2020-09-22 14:30:00,63.34,63.53,63.28,63.43,106447
189,153,2020-09-22 15:00:00,63.44,63.61,63.27,63.28,150813
190,152,2020-09-22 15:30:00,63.27,63.61,63.21,63.591,119117
191,151,2020-09-22 16:00:00,63.59,63.74,63.3959,63.69,396785
192,150,2020-09-22 16:30:00,63.71,63.71,63.5,63.5,23093
193,149,2020-09-22 17:00:00,63.77,63.77,63.65,63.75,1124
194,148,2020-09-22 17:30:00,63.77,63.77,63.77,63.77,1006
195,147,2020-09-22 18:00:00,63.72,63.72,63.72,63.72,476
196,146,2020-09-23 08:00:00,64.15,64.15,64.15,64.15,100
197,145,2020-09-23 08:30:00,64.0,64.0,64.0,64.0,259
198,144,2020-09-23 09:00:00,64.11,64.11,64.11,64.11,601
199,143,2020-09-23 09:30:00,63.6939,64.28,63.6939,64.28,1800
200,142,2020-09-23 10:00:00,64.1,65.01,64.05,64.64,224453
201,141,2020-09-23 10:30:00,64.66,64.85,64.36,64.72,80212
202,140,2020-09-23 11:00:00,64.74,64.82,64.35,64.445,146051
203,139,2020-09-23 11:30:00,64.48,64.52,63.96,64.03,269681
204,138,2020-09-23 12:00:00,64.03,64.34,63.95,63.995,75840
205,137,2020-09-23 12:30:00,63.955,64.055,63.68,63.77,187803
206,136,2020-09-23 13:00:00,63.77,64.07,63.71,63.93,121672
207,135,2020-09-23 13:30:00,63.95,63.96,63.55,63.57,94834
208,134,2020-09-23 14:00:00,63.57,63.65,63.24,63.31,112969
209,133,2020-09-23 14:30:00,63.29,63.33,62.84,62.91,141282
210,132,2020-09-23 15:00:00,62.9,62.96,62.56,62.64,149304
211,131,2020-09-23 15:30:00,62.68,62.73,62.0,62.32,239880
212,130,2020-09-23 16:00:00,62.29,62.355,61.94,61.96,474081
213,129,2020-09-23 16:30:00,61.96,62.15,61.96,62.15,29740
214,128,2020-09-23 17:30:00,62.25,62.25,62.25,62.25,278
215,127,2020-09-23 18:00:00,62.25,62.25,62.25,62.25,203
216,126,2020-09-23 20:00:00,61.91,61.91,61.9,61.9,377
217,125,2020-09-24 09:30:00,61.91,62.01,61.91,62.01,1372
218,124,2020-09-24 10:00:00,62.01,62.05,60.16,60.4,680029
219,123,2020-09-24 10:30:00,60.39,61.37,60.38,61.0,439607
220,122,2020-09-24 11:00:00,61.04,61.14,60.64,60.87,358211
221,121,2020-09-24 11:30:00,60.88,61.0,60.56,60.91,148737
222,120,2020-09-24 12:00:00,60.88,61.82,60.77,61.76,177756
223,119,2020-09-24 12:30:00,61.77,62.1,61.68,61.89,131851
224,118,2020-09-24 13:00:00,61.905,62.04,61.59,62.01,101664
225,117,2020-09-24 13:30:00,62.01,62.5961,62.0,62.48,138580
226,116,2020-09-24 14:00:00,62.49,62.6586,62.1,62.11,162756
227,115,2020-09-24 14:30:00,62.11,62.19,61.55,61.695,169728
228,114,2020-09-24 15:00:00,61.69,61.86,61.2,61.25,167437
229,113,2020-09-24 15:30:00,61.27,61.62,61.08,61.26,242634
230,112,2020-09-24 16:00:00,61.26,61.54,60.9907,61.46,421020
231,111,2020-09-24 16:30:00,61.45,61.45,61.45,61.45,15947
232,110,2020-09-25 09:30:00,61.32,61.38,61.32,61.36,860
233,109,2020-09-25 10:00:00,60.87,61.88,60.6,61.77,258198
234,108,2020-09-25 10:30:00,61.7639,61.85,61.06,61.4,128791
235,107,2020-09-25 11:00:00,61.39,61.74,61.16,61.54,145241
236,106,2020-09-25 11:30:00,61.56,61.56,61.18,61.36,98749
237,105,2020-09-25 12:00:00,61.37,61.63,61.15,61.26,111165
238,104,2020-09-25 12:30:00,61.245,61.53,61.245,61.47,156393
239,103,2020-09-25 13:00:00,61.48,61.86,61.46,61.68,247612
240,102,2020-09-25 13:30:00,61.685,61.77,61.61,61.675,246023
241,101,2020-09-25 14:00:00,61.68,61.74,61.48,61.65,252337
242,100,2020-09-25 14:30:00,61.65,61.74,61.52,61.57,186707
243,99,2020-09-25 15:00:00,61.57,61.74,61.52,61.73,180677
244,98,2020-09-25 15:30:00,61.73,62.26,61.65,62.16,325406
245,97,2020-09-25 16:00:00,62.15,62.16,61.79,62.08,429641
246,96,2020-09-25 16:30:00,62.08,62.08,61.41,61.65,23285
247,95,2020-09-25 18:00:00,62.4899,62.4899,62.4899,62.4899,150
248,94,2020-09-28 07:30:00,62.5,62.5,62.5,62.5,200
249,93,2020-09-28 08:30:00,63.19,63.2,63.19,63.2,200
250,92,2020-09-28 09:00:00,63.48,63.48,63.22,63.22,1200
251,91,2020-09-28 09:30:00,63.24,63.25,63.24,63.24,1600
252,90,2020-09-28 10:00:00,63.5,64.16,63.29,63.86,319544
253,89,2020-09-28 10:30:00,63.91,64.51,63.79,64.28,176837
254,88,2020-09-28 11:00:00,64.295,64.53,64.2,64.425,122075
255,87,2020-09-28 11:30:00,64.43,64.46,64.15,64.29,104317
256,86,2020-09-28 12:00:00,64.28,64.66,64.23,64.61,105046
257,85,2020-09-28 12:30:00,64.61,64.85,64.57,64.8,92531
258,84,2020-09-28 13:00:00,64.83,64.87,64.47,64.47,165563
259,83,2020-09-28 13:30:00,64.49,64.64,64.38,64.4,103550
260,82,2020-09-28 14:00:00,64.39,64.5,64.25,64.29,95378
261,81,2020-09-28 14:30:00,64.3,64.53,64.24,64.47,78525
262,80,2020-09-28 15:00:00,64.46,64.6524,64.46,64.62,92274
263,79,2020-09-28 15:30:00,64.62,64.62,64.23,64.335,125373
264,78,2020-09-28 16:00:00,64.33,64.33,63.9075,64.03,455868
265,77,2020-09-28 16:30:00,64.03,64.03,64.03,64.03,26091
266,76,2020-09-28 19:00:00,65.05,65.05,65.05,65.05,200
267,75,2020-09-29 08:00:00,64.03,64.03,64.03,64.03,100
268,74,2020-09-29 09:00:00,63.69,63.69,63.69,63.69,100
269,73,2020-09-29 10:00:00,63.76,64.25,63.28,63.48,253416
270,72,2020-09-29 10:30:00,63.51,63.96,63.44,63.6857,124027
271,71,2020-09-29 11:00:00,63.68,63.7,63.09,63.13,130818
272,70,2020-09-29 11:30:00,63.12,63.18,62.8,62.88,123780
273,69,2020-09-29 12:00:00,62.87,62.94,62.52,62.52,91427
274,68,2020-09-29 12:30:00,62.54,62.71,62.375,62.54,144144
275,67,2020-09-29 13:00:00,62.525,62.745,62.47,62.74,92373
276,66,2020-09-29 13:30:00,62.74,62.91,62.49,62.91,115914
277,65,2020-09-29 14:00:00,62.915,63.16,62.85,63.07,190230
278,64,2020-09-29 14:30:00,63.09,63.32,63.0,63.3,68874
279,63,2020-09-29 15:00:00,63.28,63.38,63.1,63.16,96264
280,62,2020-09-29 15:30:00,63.19,63.38,63.12,63.29,111405
281,61,2020-09-29 16:00:00,63.29,63.36,63.07,63.09,388424
282,60,2020-09-29 16:30:00,63.09,63.09,63.09,63.09,28946
283,59,2020-09-29 17:00:00,63.37,63.37,63.37,63.37,100
284,58,2020-09-29 17:30:00,63.12,63.12,63.12,63.12,126
285,57,2020-09-29 18:30:00,63.35,63.35,63.35,63.35,100
286,56,2020-09-29 20:00:00,63.15,63.15,63.15,63.15,200
287,55,2020-09-30 09:00:00,63.15,63.15,63.15,63.15,300
288,54,2020-09-30 10:00:00,63.2,63.89,62.95,63.52,184572
289,53,2020-09-30 10:30:00,63.5,64.0901,63.31,63.41,102843
290,52,2020-09-30 11:00:00,63.47,63.65,63.3,63.4,124770
291,51,2020-09-30 11:30:00,63.39,63.42,63.155,63.1699,121147
292,50,2020-09-30 12:00:00,63.17,63.3,63.0282,63.11,419637
293,49,2020-09-30 12:30:00,63.115,63.84,63.11,63.81,99394
294,48,2020-09-30 13:00:00,63.82,64.07,63.805,64.0,132611
295,47,2020-09-30 13:30:00,63.99,64.04,63.7901,64.01,110881
296,46,2020-09-30 14:00:00,64.0,64.1399,63.61,63.71,119131
297,45,2020-09-30 14:30:00,63.68,64.09,63.3,63.375,161670
298,44,2020-09-30 15:00:00,63.3899,63.48,62.98,63.46,163716
299,43,2020-09-30 15:30:00,63.44,63.52,62.76,63.22,165690
300,42,2020-09-30 16:00:00,63.22,63.66,63.04,63.52,537406
301,41,2020-09-30 16:30:00,63.52,63.52,63.52,63.52,60971
302,40,2020-09-30 17:30:00,63.3898,63.3898,63.3898,63.3898,500
303,39,2020-09-30 18:30:00,63.39,63.52,63.39,63.52,1913
304,38,2020-09-30 19:00:00,63.52,63.52,63.52,63.52,990
305,37,2020-10-01 09:30:00,63.62,64.09,63.62,64.09,263
306,36,2020-10-01 10:00:00,63.91,64.755,63.55,63.6175,293365
307,35,2020-10-01 10:30:00,63.58,63.62,63.1,63.29,145573
308,34,2020-10-01 11:00:00,63.28,63.76,63.19,63.375,105282
309,33,2020-10-01 11:30:00,63.43,63.95,63.23,63.79,161887
310,32,2020-10-01 12:00:00,63.8,63.9,63.5,63.71,107768
311,31,2020-10-01 12:30:00,63.69,63.744,63.5,63.74,98450
312,30,2020-10-01 13:00:00,63.73,63.79,63.57,63.61,61834
313,29,2020-10-01 13:30:00,63.57,63.805,63.505,63.51,79466
314,28,2020-10-01 14:00:00,63.53,63.68,63.25,63.35,100762
315,27,2020-10-01 14:30:00,63.36,63.47,62.81,63.27,143996
316,26,2020-10-01 15:00:00,63.27,63.3599,63.16,63.1882,99387
317,25,2020-10-01 15:30:00,63.19,63.27,62.9,62.98,170867
318,24,2020-10-01 16:00:00,62.97,63.56,62.87,63.51,511824
319,23,2020-10-01 16:30:00,63.51,63.51,63.51,63.51,48936
320,22,2020-10-01 17:00:00,63.38,63.39,63.38,63.38,2626
321,21,2020-10-01 18:30:00,63.53,63.53,63.53,63.53,1000
322,20,2020-10-02 07:30:00,62.5,62.5,62.5,62.5,445
323,19,2020-10-02 08:00:00,62.5,62.5,62.5,62.5,262
324,18,2020-10-02 08:30:00,62.1683,62.1683,62.1525,62.1531,635
325,17,2020-10-02 09:00:00,62.18,62.18,62.16,62.16,400
326,16,2020-10-02 09:30:00,62.14,62.15,62.0,62.15,3014
327,15,2020-10-02 10:00:00,62.36,63.04,62.14,62.6,234031
328,14,2020-10-02 10:30:00,62.66,63.025,62.34,62.67,127665
329,13,2020-10-02 11:00:00,62.61,62.86,62.47,62.66,100666
330,12,2020-10-02 11:30:00,62.6,63.226000000000006,62.56,63.2,221471
331,11,2020-10-02 12:00:00,63.18,63.25,62.8177,62.8177,153384
332,10,2020-10-02 12:30:00,62.84,64.14,62.825,63.71,218382
333,9,2020-10-02 13:00:00,63.73,64.175,63.69,64.1384,105201
334,8,2020-10-02 13:30:00,64.185,64.29,64.03,64.16,71216
335,7,2020-10-02 14:00:00,64.18,64.18,63.58,63.72,85079
336,6,2020-10-02 14:30:00,63.73,64.13,63.71,63.9797,85283
337,5,2020-10-02 15:00:00,64.0,64.26,63.93,64.05,103066
338,4,2020-10-02 15:30:00,64.05,64.175,63.83,64.16,122136
339,3,2020-10-02 16:00:00,64.14,64.3,63.85,63.9,324573
340,2,2020-10-02 16:30:00,63.88,63.88,63.88,63.88,76849
341,1,2020-10-02 18:00:00,63.0201,63.0201,63.0201,63.0201,1000
342,0,2020-10-02 18:30:00,63.4,63.5,63.4,63.5,801
