,index,time,open,high,low,close,volume
0,154,2019-06-13 10:00:00,9.14548891489,9.16438455314,9.140765005319999,9.16438455314,3400
1,153,2019-06-13 10:30:00,9.16438455314,9.16438455314,9.15966064358,9.15966064358,283
2,152,2019-06-13 11:00:00,9.16438455314,9.16438455314,9.136041095760001,9.136041095760001,1300
3,151,2019-06-13 11:30:00,9.16438455314,9.18271332225,9.16438455314,9.18271332225,2114
4,150,2019-06-13 14:00:00,9.18894888287,9.18894888287,9.18894888287,9.18894888287,682
5,149,2019-06-13 16:00:00,9.21275738707,9.23788858595,9.21275738707,9.23788858595,1300
6,148,2019-06-14 10:00:00,9.1171454575,9.1171454575,9.1171454575,9.1171454575,100
7,147,2019-06-14 15:00:00,9.23051928703,9.23051928703,9.22579537746,9.22579537746,700
8,146,2019-06-14 15:30:00,9.2210714679,9.2210714679,9.2210714679,9.2210714679,255
9,145,2019-06-14 16:00:00,9.244407581139999,9.244407581139999,9.244407581139999,9.244407581139999,1540
10,144,2019-06-17 10:00:00,9.14548891489,9.14548891489,9.14548891489,9.14548891489,1256
11,143,2019-06-17 10:30:00,9.2210714679,9.23127511256,9.19348383605,9.23127511256,2202
12,142,2019-06-17 11:30:00,9.21502486366,9.21502486366,9.21502486366,9.21502486366,1200
13,141,2019-06-17 12:30:00,9.20217582965,9.203120611560001,9.20217582965,9.203120611560001,300
14,140,2019-06-17 14:00:00,9.2178592094,9.2178592094,9.2178592094,9.2178592094,475
15,139,2019-06-18 10:00:00,9.16438455314,9.23996710616,9.16438455314,9.23996710616,2249
16,138,2019-06-18 13:30:00,9.29476445709,9.35334093568,9.2730344731,9.35334093568,4909
17,137,2019-06-18 15:30:00,9.20217582965,9.20217582965,9.17383237227,9.17383237227,4200
18,136,2019-06-19 10:00:00,9.16438455314,9.22343342268,9.16438455314,9.21322977803,1171
19,135,2019-06-19 10:30:00,9.211623648769999,9.211623648769999,9.211623648769999,9.211623648769999,1500
20,134,2019-06-19 11:00:00,9.23996710616,9.23996710616,9.23996710616,9.23996710616,262
21,133,2019-06-19 13:00:00,9.24941492528,9.24941492528,9.23996710616,9.23996710616,500
22,132,2019-06-19 15:00:00,9.23051928703,9.23051928703,9.23051928703,9.23051928703,1000
23,131,2019-06-19 16:00:00,9.26831056354,9.26831056354,9.22579537746,9.24941492528,591
24,130,2019-06-20 10:00:00,9.23240885085,9.23240885085,9.23240885085,9.23240885085,1702
25,129,2019-06-20 10:30:00,9.3249974783,9.3249974783,9.3249974783,9.3249974783,100
26,128,2019-06-20 11:00:00,9.24251801732,9.24251801732,9.23051928703,9.23051928703,2097
27,127,2019-06-20 11:30:00,9.20293165518,9.20293165518,9.20293165518,9.20293165518,108
28,126,2019-06-20 12:30:00,9.19272801052,9.20217582965,9.19272801052,9.20217582965,313
29,125,2019-06-20 13:30:00,9.19272801052,9.19272801052,9.19272801052,9.19272801052,351
30,124,2019-06-20 14:30:00,9.2210714679,9.2210714679,9.2210714679,9.2210714679,200
31,123,2019-06-21 10:00:00,9.258862744410001,9.258862744410001,9.258862744410001,9.258862744410001,100
32,122,2019-06-21 12:00:00,9.21653651472,9.21653651472,9.21653651472,9.21653651472,1000
33,121,2019-06-21 14:00:00,9.211623648769999,9.258862744410001,9.211623648769999,9.258862744410001,1660
34,120,2019-06-24 10:00:00,9.30610184004,9.30610184004,9.30610184004,9.30610184004,221
35,119,2019-06-24 11:30:00,9.24941492528,9.24941492528,9.24941492528,9.24941492528,1500
36,118,2019-06-24 13:00:00,9.29665402092,9.29665402092,9.29665402092,9.29665402092,462
37,117,2019-06-25 10:00:00,9.24941492528,9.24941492528,9.24941492528,9.24941492528,100
38,116,2019-06-25 11:30:00,9.2210714679,9.23996710616,9.2210714679,9.23996710616,300
39,115,2019-06-25 12:00:00,9.23996710616,9.23996710616,9.23996710616,9.23996710616,300
40,114,2019-06-25 13:00:00,9.23996710616,9.26131917738,9.23996710616,9.23996710616,1820
41,113,2019-06-25 13:30:00,9.23996710616,9.26831056354,9.23996710616,9.26831056354,318
42,112,2019-06-25 14:00:00,9.23996710616,9.23996710616,9.23996710616,9.23996710616,200
43,111,2019-06-25 14:30:00,9.23996710616,9.23996710616,9.23996710616,9.23996710616,300
44,110,2019-06-25 15:00:00,9.23996710616,9.25621735505,9.23996710616,9.24941492528,1397
45,109,2019-06-25 15:30:00,9.24941492528,9.26831056354,9.24941492528,9.26831056354,200
46,108,2019-06-25 16:00:00,9.258862744410001,9.29665402092,9.258862744410001,9.29665402092,5371
47,107,2019-06-26 10:00:00,9.24941492528,9.258862744410001,9.16438455314,9.20217582965,1313
48,106,2019-06-26 10:30:00,9.183280191389999,9.19272801052,9.183280191389999,9.19272801052,1360
49,105,2019-06-26 11:00:00,9.19272801052,9.19272801052,9.19272801052,9.19272801052,200
50,104,2019-06-26 11:30:00,9.19272801052,9.19272801052,9.19272801052,9.19272801052,300
51,103,2019-06-26 12:00:00,9.20217582965,9.235810065739999,9.20217582965,9.235810065739999,1100
52,102,2019-06-26 12:30:00,9.20217582965,9.20217582965,9.20217582965,9.20217582965,200
53,101,2019-06-26 13:00:00,9.20217582965,9.20217582965,9.20217582965,9.20217582965,200
54,100,2019-06-26 13:30:00,9.23051928703,9.23051928703,9.20217582965,9.20217582965,300
55,99,2019-06-26 14:00:00,9.20217582965,9.20217582965,9.20217582965,9.20217582965,200
56,98,2019-06-26 14:30:00,9.20217582965,9.30610184004,9.20217582965,9.30600736185,4711
57,97,2019-06-26 15:00:00,9.2210714679,9.30610184004,9.2210714679,9.30610184004,2706
58,96,2019-06-26 15:30:00,9.30610184004,9.30610184004,9.30610184004,9.30610184004,600
59,95,2019-06-26 16:00:00,9.29665402092,9.29665402092,9.211623648769999,9.211623648769999,937
60,94,2019-06-27 10:00:00,9.24941492528,9.24941492528,9.24941492528,9.24941492528,139
61,93,2019-06-27 11:00:00,9.2210714679,9.2210714679,9.2210714679,9.2210714679,100
62,92,2019-06-27 11:30:00,9.24941492528,9.24941492528,9.24941492528,9.24941492528,200
63,91,2019-06-27 12:00:00,9.2210714679,9.24761983965,9.2210714679,9.23996710616,1200
64,90,2019-06-27 12:30:00,9.2210714679,9.2210714679,9.2210714679,9.2210714679,200
65,89,2019-06-27 14:00:00,9.2210714679,9.2210714679,9.2210714679,9.2210714679,300
66,88,2019-06-27 14:30:00,9.19272801052,9.19272801052,9.19272801052,9.19272801052,100
67,87,2019-06-27 15:00:00,9.19272801052,9.19272801052,9.19272801052,9.19272801052,200
68,86,2019-06-27 15:30:00,9.19272801052,9.19272801052,9.19272801052,9.19272801052,400
69,85,2019-06-27 16:00:00,9.19272801052,9.3530575011,9.19272801052,9.24941492528,3437
70,84,2019-06-28 10:00:00,9.17383237227,9.23051928703,9.17383237227,9.23051928703,528
71,83,2019-06-28 10:30:00,9.23051928703,9.23051928703,9.211623648769999,9.211623648769999,200
72,82,2019-06-28 11:00:00,9.211623648769999,9.27256208214,9.211623648769999,9.211623648769999,2850
73,81,2019-06-28 11:30:00,9.211623648769999,9.211623648769999,9.211623648769999,9.211623648769999,300
74,80,2019-06-28 12:00:00,9.211623648769999,9.211623648769999,9.211623648769999,9.211623648769999,500
75,79,2019-06-28 12:30:00,9.211623648769999,9.211623648769999,9.211623648769999,9.211623648769999,385
76,78,2019-06-28 13:00:00,9.211623648769999,9.211623648769999,9.211623648769999,9.211623648769999,100
77,77,2019-06-28 13:30:00,9.211623648769999,9.211623648769999,9.211623648769999,9.211623648769999,200
78,76,2019-06-28 14:00:00,9.211623648769999,9.211623648769999,9.211623648769999,9.211623648769999,100
79,75,2019-06-28 14:30:00,9.211623648769999,9.211623648769999,9.211623648769999,9.211623648769999,200
80,74,2019-06-28 15:00:00,9.19272801052,9.19272801052,9.19272801052,9.19272801052,100
81,73,2019-06-28 15:30:00,9.19272801052,9.19272801052,9.19272801052,9.19272801052,200
82,72,2019-06-28 16:00:00,9.19272801052,9.19272801052,9.19272801052,9.19272801052,1357
83,71,2019-07-01 10:00:00,9.16438455314,9.16438455314,9.16438455314,9.16438455314,1897
84,70,2019-07-01 10:30:00,9.23439289287,9.23439289287,9.22579537746,9.22579537746,786
85,69,2019-07-01 11:30:00,9.22702359395,9.22702359395,9.19272801052,9.19272801052,1043
86,68,2019-07-01 12:30:00,9.19272801052,9.19272801052,9.19272801052,9.19272801052,918
87,67,2019-07-01 13:00:00,9.16438455314,9.16438455314,9.16438455314,9.16438455314,300
88,66,2019-07-01 14:00:00,9.16438455314,9.16438455314,9.16438455314,9.16438455314,300
89,65,2019-07-01 15:00:00,9.16438455314,9.16438455314,9.16438455314,9.16438455314,300
90,64,2019-07-01 15:30:00,9.16438455314,9.16438455314,9.16438455314,9.16438455314,300
91,63,2019-07-01 16:00:00,9.19745192008,9.19745192008,9.16438455314,9.16438455314,600
92,62,2019-07-02 10:00:00,9.16438455314,9.268782954489998,9.16438455314,9.17383237227,615
93,61,2019-07-02 10:30:00,9.228440766819999,9.228440766819999,9.17383237227,9.183280191389999,605
94,60,2019-07-02 11:00:00,9.2210714679,9.2210714679,9.17383237227,9.17383237227,1100
95,59,2019-07-02 11:30:00,9.17383237227,9.17383237227,9.17383237227,9.17383237227,200
96,58,2019-07-02 12:00:00,9.211623648769999,9.23051928703,9.211623648769999,9.23051928703,600
97,57,2019-07-02 12:30:00,9.183280191389999,9.22995241788,9.183280191389999,9.183280191389999,1275
98,56,2019-07-02 13:30:00,9.16438455314,9.16438455314,9.16438455314,9.16438455314,200
99,55,2019-07-02 14:00:00,9.16438455314,9.16438455314,9.16438455314,9.16438455314,100
100,54,2019-07-02 14:30:00,9.16438455314,9.16438455314,9.16438455314,9.16438455314,100
101,53,2019-07-02 15:00:00,9.16438455314,9.17383237227,9.16438455314,9.17383237227,200
102,52,2019-07-02 15:30:00,9.17383237227,9.17383237227,9.16438455314,9.16438455314,300
103,51,2019-07-02 16:00:00,9.17430476322,9.23051928703,9.16438455314,9.214363516319999,13889
104,50,2019-07-03 10:00:00,9.15493673401,9.15493673401,9.15493673401,9.15493673401,762
105,49,2019-07-03 10:30:00,9.18271332225,9.18271332225,9.18271332225,9.18271332225,911
106,48,2019-07-03 11:00:00,9.20217582965,9.20217582965,9.17383237227,9.17383237227,200
107,47,2019-07-03 12:00:00,9.17383237227,9.1897047084,9.17383237227,9.17383237227,800
108,46,2019-07-03 12:30:00,9.17383237227,9.19272801052,9.17383237227,9.19272801052,600
109,45,2019-07-03 13:00:00,9.19272801052,9.19272801052,9.17383237227,9.17383237227,1218
110,44,2019-07-05 10:00:00,9.183280191389999,9.183280191389999,9.136041095760001,9.14756743509,800
111,43,2019-07-05 10:30:00,9.14548891489,9.14548891489,9.14548891489,9.14548891489,600
112,42,2019-07-05 11:00:00,9.136041095760001,9.136041095760001,9.136041095760001,9.136041095760001,338
113,41,2019-07-05 11:30:00,9.136041095760001,9.136041095760001,9.136041095760001,9.136041095760001,100
114,40,2019-07-05 12:00:00,9.136041095760001,9.136041095760001,9.12659327663,9.1280104495,1110
115,39,2019-07-05 12:30:00,9.1171454575,9.118562630369999,9.1171454575,9.1171454575,865
116,38,2019-07-05 13:00:00,9.12186936707,9.12659327663,9.1171454575,9.12186936707,4100
117,37,2019-07-05 13:30:00,9.1171454575,9.1171454575,9.1171454575,9.1171454575,100
118,36,2019-07-05 14:00:00,9.1171454575,9.1171454575,9.1171454575,9.1171454575,339
119,35,2019-07-05 14:30:00,9.1171454575,9.1171454575,9.1171454575,9.1171454575,200
120,34,2019-07-05 15:30:00,9.107697638380001,9.107697638380001,9.107697638380001,9.107697638380001,300
121,33,2019-07-05 16:00:00,9.107697638380001,9.107697638380001,9.09824981925,9.09824981925,3610
122,32,2019-07-08 10:00:00,9.08880200012,9.118562630369999,9.079354181,9.079354181,3521
123,31,2019-07-08 10:30:00,9.079354181,9.15493673401,9.079354181,9.1171454575,1962
124,30,2019-07-08 11:00:00,9.15493673401,9.15493673401,9.02266726624,9.09824981925,10525
125,29,2019-07-08 11:30:00,9.09824981925,9.136041095760001,9.09824981925,9.09824981925,1200
126,28,2019-07-08 12:00:00,9.09824981925,9.1171454575,9.09824981925,9.107697638380001,600
127,27,2019-07-08 12:30:00,9.107697638380001,9.117428892080001,9.107697638380001,9.117428892080001,700
128,26,2019-07-08 13:00:00,9.107697638380001,9.107697638380001,9.107697638380001,9.107697638380001,100
129,25,2019-07-08 13:30:00,9.107697638380001,9.1171454575,9.107697638380001,9.1171454575,200
130,24,2019-07-08 14:00:00,9.136041095760001,9.14548891489,9.112421547939999,9.14548891489,1868
131,23,2019-07-08 14:30:00,9.12659327663,9.12659327663,9.12659327663,9.12659327663,100
132,22,2019-07-08 15:00:00,9.107697638380001,9.107697638380001,9.107697638380001,9.107697638380001,200
133,21,2019-07-08 15:30:00,9.09824981925,9.1171454575,9.079354181,9.079354181,650
134,20,2019-07-08 16:00:00,9.079354181,9.107697638380001,9.079354181,9.107697638380001,1038
135,19,2019-07-09 10:00:00,9.079354181,9.079354181,9.079354181,9.079354181,608
136,18,2019-07-09 10:30:00,9.14548891489,9.14548891489,9.107697638380001,9.107697638380001,400
137,17,2019-07-09 11:00:00,9.079354181,9.107697638380001,9.079354181,9.09824981925,700
138,16,2019-07-09 11:30:00,9.08880200012,9.08880200012,9.079354181,9.079354181,200
139,15,2019-07-09 12:00:00,9.107697638380001,9.107697638380001,9.107697638380001,9.107697638380001,100
140,14,2019-07-09 12:30:00,9.12659327663,9.12659327663,9.12659327663,9.12659327663,200
141,13,2019-07-09 13:00:00,9.107697638380001,9.107697638380001,9.107697638380001,9.107697638380001,100
142,12,2019-07-09 13:30:00,9.09824981925,9.09824981925,9.09824981925,9.09824981925,100
143,11,2019-07-09 14:00:00,9.09824981925,9.14615026222,9.09824981925,9.14615026222,2300
144,10,2019-07-09 14:30:00,9.1171454575,9.1171454575,9.1171454575,9.1171454575,200
145,9,2019-07-09 15:00:00,9.107697638380001,9.107697638380001,9.107697638380001,9.107697638380001,200
146,8,2019-07-09 15:30:00,9.136041095760001,9.136041095760001,9.107697638380001,9.107697638380001,800
147,7,2019-07-09 16:00:00,9.107697638380001,9.12659327663,9.107697638380001,9.12659327663,2175
148,6,2019-07-10 10:00:00,9.15493673401,9.15493673401,9.15493673401,9.15493673401,200
149,5,2019-07-10 14:30:00,9.059702717210001,9.059702717210001,9.059702717210001,9.059702717210001,125
150,4,2019-07-10 16:00:00,9.14133187447,9.14133187447,9.14133187447,9.14133187447,200
151,3,2019-07-11 10:00:00,9.150331866970001,9.150331866970001,9.150331866970001,9.150331866970001,345
152,2,2019-07-11 11:30:00,9.19774291291,9.19774291291,9.19774291291,9.19774291291,100
153,1,2019-07-11 13:30:00,9.06499198427,9.06499198427,9.046027565900001,9.06499198427,415
154,0,2019-07-11 16:00:00,9.24420573794,9.24420573794,9.14084965778,9.24420573794,2084
155,156,2019-07-15 14:30:00,9.13705677411,9.175364899229999,9.13705677411,9.175364899229999,3000
156,155,2019-07-15 15:30:00,9.16455518075,9.16455518075,9.16455518075,9.16455518075,100
157,154,2019-07-16 10:00:00,9.23567174967,9.23567174967,9.23567174967,9.23567174967,500
158,153,2019-07-16 11:30:00,9.18067493637,9.18067493637,9.18067493637,9.18067493637,100
159,152,2019-07-16 16:00:00,9.18826070372,9.18826070372,9.18826070372,9.18826070372,600
160,151,2019-07-17 10:00:00,9.14084965778,9.14084965778,9.14084965778,9.14084965778,171
161,150,2019-07-17 10:30:00,9.23567174967,9.273600586419999,9.23567174967,9.273600586419999,5401
162,149,2019-07-17 11:30:00,9.26411837723,9.26411837723,9.25226561575,9.26042031565,1694
163,148,2019-07-17 14:00:00,9.273600586419999,9.273600586419999,9.21670733129,9.21670733129,1150
164,147,2019-07-17 15:00:00,9.21670733129,9.21670733129,9.21670733129,9.21670733129,200
165,146,2019-07-17 16:00:00,9.2072251221,9.21670733129,9.2072251221,9.21670733129,2695
166,145,2019-07-18 10:00:00,9.19774291291,9.19774291291,9.19774291291,9.19774291291,100
167,144,2019-07-18 10:30:00,9.20125133031,9.20125133031,9.20125133031,9.20125133031,1000
168,143,2019-07-18 11:00:00,9.209406030210001,9.25577403315,9.209406030210001,9.25577403315,3000
169,142,2019-07-18 11:30:00,9.264687309780001,9.264687309780001,9.255489566869999,9.255489566869999,2000
170,141,2019-07-18 12:00:00,9.21670733129,9.21670733129,9.21670733129,9.21670733129,234
171,140,2019-07-18 16:00:00,9.21670733129,9.24515395886,9.21670733129,9.24515395886,8175
172,139,2019-07-19 10:00:00,9.19774291291,9.19774291291,9.19774291291,9.19774291291,100
173,138,2019-07-19 10:30:00,9.283082795610001,9.311529423180001,9.2072251221,9.311529423180001,5620
174,137,2019-07-19 12:00:00,9.24515395886,9.24515395886,9.24515395886,9.24515395886,100
175,136,2019-07-19 13:30:00,9.24515395886,9.24515395886,9.24515395886,9.24515395886,2726
176,135,2019-07-22 10:00:00,9.24515395886,9.24515395886,9.11240303022,9.11240303022,7387
177,134,2019-07-22 11:30:00,9.18731248281,9.18731248281,9.18731248281,9.18731248281,425
178,133,2019-07-22 12:00:00,9.21348338017,9.21348338017,9.21348338017,9.21348338017,900
179,132,2019-07-22 12:30:00,9.2142419569,9.2142419569,9.2142419569,9.2142419569,1501
180,131,2019-07-22 13:00:00,9.22618954048,9.22618954048,9.22618954048,9.22618954048,100
181,130,2019-07-22 15:30:00,9.23500799502,9.23500799502,9.23500799502,9.23500799502,400
182,129,2019-07-23 10:00:00,9.19774291291,9.19774291291,9.19774291291,9.19774291291,100
183,128,2019-07-23 11:00:00,9.17877849454,9.17877849454,9.17877849454,9.17877849454,100
184,127,2019-07-23 11:30:00,9.21670733129,9.21670733129,9.21670733129,9.21670733129,200
185,126,2019-07-23 12:00:00,9.21670733129,9.22618954048,9.18826070372,9.18826070372,3500
186,125,2019-07-23 15:00:00,9.21670733129,9.21670733129,9.21670733129,9.21670733129,500
187,124,2019-07-24 10:00:00,9.273600586419999,9.273600586419999,9.273600586419999,9.273600586419999,246
188,123,2019-07-24 13:00:00,9.24515395886,9.24515395886,9.23785265778,9.23785265778,5100
189,122,2019-07-24 16:00:00,9.24515395886,9.24515395886,9.24515395886,9.24515395886,2721
190,121,2019-07-25 11:00:00,9.199165244289999,9.199165244289999,9.199165244289999,9.199165244289999,300
191,120,2019-07-25 11:30:00,9.19774291291,9.2072251221,9.19774291291,9.2072251221,600
192,119,2019-07-25 12:00:00,9.21670733129,9.21670733129,9.21670733129,9.21670733129,1600
193,118,2019-07-25 13:00:00,9.21680215338,9.21680215338,9.21680215338,9.21680215338,200
194,117,2019-07-25 15:00:00,9.24515395886,9.24515395886,9.23093064507,9.23093064507,1220
195,116,2019-07-26 10:00:00,9.23567174967,9.24515395886,9.23567174967,9.24515395886,223
196,115,2019-07-26 10:30:00,9.26772161672,9.283082795610001,9.26411837723,9.283082795610001,1152
197,114,2019-07-26 11:00:00,9.27018699111,9.27018699111,9.27018699111,9.27018699111,2002
198,113,2019-07-26 11:30:00,9.26411837723,9.26411837723,9.26411837723,9.26411837723,274
199,112,2019-07-26 12:30:00,9.26411837723,9.26554070861,9.26411837723,9.26554070861,2594
200,111,2019-07-26 14:00:00,9.246481468139999,9.246481468139999,9.246481468139999,9.246481468139999,250
201,110,2019-07-26 15:00:00,9.23187886599,9.23187886599,9.23187886599,9.23187886599,193
202,109,2019-07-26 16:00:00,9.26411837723,9.26411837723,9.24989506345,9.24989506345,3759
203,108,2019-07-29 11:00:00,9.2072251221,9.283082795610001,9.2072251221,9.2119662267,2800
204,107,2019-07-29 11:30:00,9.22618954048,9.283082795610001,9.21670733129,9.25937727264,1400
205,106,2019-07-29 12:00:00,9.22618954048,9.22618954048,9.2119662267,9.21670733129,400
206,105,2019-07-29 13:00:00,9.2072251221,9.2072251221,9.2072251221,9.2072251221,200
207,104,2019-07-29 13:30:00,9.2119662267,9.33049384155,9.2119662267,9.33049384155,5104
208,103,2019-07-29 14:00:00,9.33049384155,9.35894046912,9.33049384155,9.35894046912,5395
209,102,2019-07-29 15:00:00,9.24041285426,9.24041285426,9.23567174967,9.23567174967,200
210,101,2019-07-29 16:00:00,9.23567174967,9.283082795610001,9.23567174967,9.283082795610001,1153
211,100,2019-07-30 10:00:00,9.23567174967,9.23567174967,9.23567174967,9.23567174967,200
212,99,2019-07-30 10:30:00,9.37724113285,9.37724113285,9.23567174967,9.23567174967,2125
213,98,2019-07-30 11:00:00,9.283082795610001,9.283082795610001,9.23567174967,9.23567174967,975
214,97,2019-07-30 11:30:00,9.23567174967,9.23567174967,9.23567174967,9.23567174967,100
215,96,2019-07-30 12:30:00,9.24515395886,9.24515395886,9.24515395886,9.24515395886,100
216,95,2019-07-30 15:30:00,9.23567174967,9.23567174967,9.23567174967,9.23567174967,500
217,94,2019-07-30 16:00:00,9.23567174967,9.23567174967,9.23567174967,9.23567174967,1090
218,93,2019-07-31 10:00:00,9.24515395886,9.24515395886,9.24515395886,9.24515395886,498
219,92,2019-07-31 10:30:00,9.25463616804,9.283082795610001,9.25463616804,9.283082795610001,2426
220,91,2019-07-31 11:00:00,9.283082795610001,9.283082795610001,9.283082795610001,9.283082795610001,200
221,90,2019-07-31 11:30:00,9.283082795610001,9.283082795610001,9.283082795610001,9.283082795610001,607
222,89,2019-07-31 12:00:00,9.283082795610001,9.283082795610001,9.283082795610001,9.283082795610001,200
223,88,2019-07-31 12:30:00,9.283082795610001,9.283082795610001,9.283082795610001,9.283082795610001,100
224,87,2019-07-31 13:00:00,9.32575273696,9.32575273696,9.32575273696,9.32575273696,100
225,86,2019-07-31 13:30:00,9.32575273696,9.32575273696,9.32575273696,9.32575273696,100
226,85,2019-07-31 14:30:00,9.31627052777,9.31627052777,9.26516142024,9.31627052777,1400
227,84,2019-07-31 15:00:00,9.26411837723,9.26411837723,9.11240303022,9.11240303022,200
228,83,2019-07-31 15:30:00,9.11240303022,9.121885239400001,9.11240303022,9.11240303022,300
229,82,2019-07-31 16:00:00,9.13136744859,9.13136744859,9.121885239400001,9.121885239400001,572
230,81,2019-08-01 10:00:00,9.41583372425,9.41583372425,9.251886327380001,9.251886327380001,1672
231,80,2019-08-01 10:30:00,9.20921638603,9.24515395886,9.14634933911,9.199544532660001,5842
232,79,2019-08-01 11:30:00,9.16958075162,9.19300180832,9.16958075162,9.19300180832,3034
233,78,2019-08-01 12:30:00,9.169296285349999,9.169296285349999,9.169296285349999,9.169296285349999,6001
234,77,2019-08-01 13:00:00,9.169296285349999,9.169296285349999,9.169296285349999,9.169296285349999,3000
235,76,2019-08-01 13:30:00,9.169296285349999,9.169296285349999,9.169296285349999,9.169296285349999,3000
236,75,2019-08-01 14:00:00,9.204095993069998,9.23567174967,9.204095993069998,9.23567174967,2400
237,74,2019-08-01 14:30:00,9.21244033716,9.21244033716,9.197268802450001,9.197268802450001,5000
238,73,2019-08-01 15:30:00,9.23093064507,9.23567174967,9.2119662267,9.2119662267,500
239,72,2019-08-01 16:00:00,9.2119662267,9.2119662267,9.18826070372,9.18826070372,1272
240,71,2019-08-02 10:00:00,9.19774291291,9.24515395886,9.19774291291,9.24515395886,1276
241,70,2019-08-02 10:30:00,9.21983646032,9.21983646032,9.17877849454,9.2119662267,623
242,69,2019-08-02 11:00:00,9.2119662267,9.221448435880001,9.1896830351,9.221448435880001,1300
243,68,2019-08-02 11:30:00,9.221448435880001,9.221448435880001,9.221448435880001,9.221448435880001,200
244,67,2019-08-02 12:00:00,9.221448435880001,9.221448435880001,9.221448435880001,9.221448435880001,100
245,66,2019-08-02 12:30:00,9.221448435880001,9.221448435880001,9.221448435880001,9.221448435880001,200
246,65,2019-08-02 13:30:00,9.17877849454,9.17877849454,9.17877849454,9.17877849454,100
247,64,2019-08-02 14:00:00,9.17877849454,9.17877849454,9.17877849454,9.17877849454,100
248,63,2019-08-02 14:30:00,9.17877849454,9.2072251221,9.17877849454,9.2072251221,200
249,62,2019-08-02 15:00:00,9.2072251221,9.2072251221,9.2072251221,9.2072251221,100
250,61,2019-08-02 15:30:00,9.2072251221,9.26411837723,9.18826070372,9.22448274282,3455
251,60,2019-08-02 16:00:00,9.19774291291,9.2072251221,9.19774291291,9.19774291291,1444
252,59,2019-08-05 10:00:00,9.2072251221,9.2072251221,9.2072251221,9.2072251221,100
253,58,2019-08-05 10:30:00,9.2925650048,9.2925650048,9.2925650048,9.2925650048,1461
254,57,2019-08-05 11:00:00,9.283082795610001,9.293039115260001,9.283082795610001,9.293039115260001,7289
255,56,2019-08-05 11:30:00,9.23567174967,9.26411837723,9.23567174967,9.26411837723,600
256,55,2019-08-05 12:00:00,9.26411837723,9.26411837723,9.26411837723,9.26411837723,200
257,54,2019-08-05 12:30:00,9.26411837723,9.2925650048,9.26411837723,9.2925650048,2500
258,53,2019-08-05 13:00:00,9.26411837723,9.26411837723,9.26411837723,9.26411837723,200
259,52,2019-08-05 13:30:00,9.26411837723,9.26411837723,9.26411837723,9.26411837723,200
260,51,2019-08-05 14:00:00,9.26411837723,9.264876953969999,9.26411837723,9.26411837723,700
261,50,2019-08-05 14:30:00,9.26411837723,9.26411837723,9.26411837723,9.26411837723,100
262,49,2019-08-05 15:00:00,9.23567174967,9.23567174967,9.23567174967,9.23567174967,100
263,48,2019-08-05 16:00:00,9.23567174967,9.23567174967,9.23567174967,9.23567174967,1124
264,47,2019-08-06 10:00:00,9.23567174967,9.23567174967,9.23567174967,9.23567174967,100
265,46,2019-08-06 11:00:00,9.23567174967,9.23567174967,9.23567174967,9.23567174967,200
266,45,2019-08-06 11:30:00,9.23567174967,9.23567174967,9.23567174967,9.23567174967,200
267,44,2019-08-06 12:30:00,9.23567174967,9.23567174967,9.23567174967,9.23567174967,200
268,43,2019-08-06 13:00:00,9.23567174967,9.23567174967,9.23567174967,9.23567174967,210
269,42,2019-08-06 14:00:00,9.2072251221,9.2072251221,9.2072251221,9.2072251221,200
270,41,2019-08-06 14:30:00,9.21670733129,9.23567174967,9.21670733129,9.23567174967,715
271,40,2019-08-06 15:00:00,9.23567174967,9.23567174967,9.21670733129,9.232827086910001,3985
272,39,2019-08-06 15:30:00,9.23093064507,9.23093064507,9.23093064507,9.23093064507,200
273,38,2019-08-06 16:00:00,9.23093064507,9.273600586419999,9.22618954048,9.22618954048,2547
274,37,2019-08-07 10:00:00,9.2072251221,9.2072251221,9.20713030001,9.2072251221,1318
275,36,2019-08-07 10:30:00,9.2072251221,9.24515395886,9.2072251221,9.24515395886,200
276,35,2019-08-07 11:00:00,9.25937727264,9.26411837723,9.25937727264,9.26411837723,550
277,34,2019-08-07 11:30:00,9.283082795610001,9.283082795610001,9.283082795610001,9.283082795610001,100
278,33,2019-08-07 12:00:00,9.273600586419999,9.273600586419999,9.273600586419999,9.273600586419999,200
279,32,2019-08-07 12:30:00,9.273600586419999,9.273600586419999,9.273600586419999,9.273600586419999,200
280,31,2019-08-07 13:00:00,9.283082795610001,9.283082795610001,9.283082795610001,9.283082795610001,100
281,30,2019-08-07 13:30:00,9.273600586419999,9.283082795610001,9.273600586419999,9.283082795610001,200
282,29,2019-08-07 14:00:00,9.283082795610001,9.283082795610001,9.283082795610001,9.283082795610001,200
283,28,2019-08-07 14:30:00,9.283082795610001,9.283082795610001,9.283082795610001,9.283082795610001,100
284,27,2019-08-07 15:00:00,9.273600586419999,9.273600586419999,9.273600586419999,9.273600586419999,200
285,26,2019-08-07 15:30:00,9.273600586419999,9.273600586419999,9.26411837723,9.26411837723,200
286,25,2019-08-07 16:00:00,9.273600586419999,9.273600586419999,9.25463616804,9.25463616804,1154
287,24,2019-08-08 10:00:00,9.26411837723,9.26411837723,9.26411837723,9.26411837723,100
288,23,2019-08-08 10:30:00,9.33514012406,9.33514012406,9.25463616804,9.25463616804,850
289,22,2019-08-08 11:00:00,9.25463616804,9.25463616804,9.25463616804,9.25463616804,200
290,21,2019-08-08 11:30:00,9.25463616804,9.25463616804,9.25463616804,9.25463616804,100
291,20,2019-08-08 12:00:00,9.25463616804,9.25463616804,9.25463616804,9.25463616804,200
292,19,2019-08-08 12:30:00,9.273600586419999,9.273600586419999,9.273600586419999,9.273600586419999,100
293,18,2019-08-08 13:00:00,9.273600586419999,9.273600586419999,9.26411837723,9.273600586419999,600
294,17,2019-08-08 13:30:00,9.273600586419999,9.273600586419999,9.273600586419999,9.273600586419999,100
295,16,2019-08-08 14:00:00,9.273600586419999,9.32840775553,9.273600586419999,9.32840775553,600
296,15,2019-08-08 14:30:00,9.273600586419999,9.283082795610001,9.273600586419999,9.283082795610001,300
297,14,2019-08-08 15:00:00,9.283082795610001,9.283082795610001,9.283082795610001,9.283082795610001,100
298,13,2019-08-08 15:30:00,9.283082795610001,9.2925650048,9.283082795610001,9.2925650048,300
299,12,2019-08-08 16:00:00,9.2925650048,9.2925650048,9.2925650048,9.2925650048,744
300,11,2019-08-09 10:00:00,9.45976541464,9.45976541464,9.45976541464,9.45976541464,100
301,10,2019-08-09 11:00:00,9.37420878378,9.412181081569999,9.22184374928,9.2313606159,12338
302,9,2019-08-09 11:30:00,9.26942808235,9.307495548810001,9.26942808235,9.26942808235,300
303,8,2019-08-09 12:00:00,9.26942808235,9.26942808235,9.26942808235,9.26942808235,200
304,7,2019-08-09 12:30:00,9.26942808235,9.27894494897,9.26942808235,9.27894494897,1412
305,6,2019-08-09 13:00:00,9.26942808235,9.26942808235,9.26942808235,9.26942808235,200
306,5,2019-08-09 13:30:00,9.26942808235,9.26942808235,9.26942808235,9.26942808235,100
307,4,2019-08-09 14:00:00,9.26942808235,9.26942808235,9.25039434913,9.25039434913,200
308,3,2019-08-09 14:30:00,9.240877482510001,9.288461815580002,9.240877482510001,9.288461815580002,200
309,2,2019-08-09 15:00:00,9.28370338228,9.28370338228,9.28370338228,9.28370338228,200
310,1,2019-08-09 15:30:00,9.25039434913,9.26942808235,9.25039434913,9.25039434913,813
311,0,2019-08-09 16:00:00,9.25039434913,9.26942808235,9.240877482510001,9.240877482510001,2727
312,213,2019-08-12 10:30:00,9.26942808235,9.26942808235,9.26942808235,9.26942808235,200
313,212,2019-08-12 11:30:00,9.362217531839999,9.362217531839999,9.362217531839999,9.362217531839999,3415
314,211,2019-08-12 12:30:00,9.27418651566,9.27418651566,9.27418651566,9.27418651566,200
315,210,2019-08-12 13:00:00,9.26942808235,9.26942808235,9.26942808235,9.26942808235,300
316,209,2019-08-12 13:30:00,9.26942808235,9.26942808235,9.26942808235,9.26942808235,100
317,208,2019-08-12 14:00:00,9.26942808235,9.26942808235,9.26942808235,9.26942808235,200
318,207,2019-08-12 14:30:00,9.26942808235,9.26942808235,9.26942808235,9.26942808235,300
319,206,2019-08-12 15:00:00,9.26942808235,9.31225398212,9.26942808235,9.31225398212,300
320,205,2019-08-12 15:30:00,9.31225398212,9.31225398212,9.31225398212,9.31225398212,100
321,204,2019-08-12 16:00:00,9.3454678466,9.345563015269999,9.3454678466,9.3454678466,1273
322,203,2019-08-12 16:30:00,9.33642682332,9.33642682332,9.33642682332,9.33642682332,1511
323,202,2019-08-13 10:00:00,9.27894494897,9.336046148660001,9.27894494897,9.336046148660001,4080
324,201,2019-08-13 11:00:00,9.259911215739999,9.259911215739999,9.259911215739999,9.259911215739999,100
325,200,2019-08-13 11:30:00,9.33614131732,9.3645967485,9.32177084873,9.32177084873,808
326,199,2019-08-13 12:00:00,9.32177084873,9.32177084873,9.32177084873,9.32177084873,200
327,198,2019-08-13 13:00:00,9.35983831519,9.35983831519,9.35983831519,9.35983831519,100
328,197,2019-08-13 14:00:00,9.3645967485,9.3645967485,9.3645967485,9.3645967485,200
329,196,2019-08-13 15:30:00,9.345563015269999,9.3637402305,9.345563015269999,9.3637402305,2500
330,195,2019-08-13 16:00:00,9.32652928204,9.32652928204,9.32652928204,9.32652928204,298
331,194,2019-08-14 10:00:00,9.2979786822,9.422554466180001,9.2979786822,9.422554466180001,3220
332,193,2019-08-14 11:30:00,9.367927651810001,9.367927651810001,9.367927651810001,9.367927651810001,500
333,192,2019-08-14 12:00:00,9.40266421496,9.40266421496,9.38363048173,9.38363048173,2274
334,191,2019-08-14 12:30:00,9.39314734834,9.39314734834,9.35507988188,9.35507988188,300
335,190,2019-08-14 13:30:00,9.336046148660001,9.336046148660001,9.31701241543,9.31701241543,2150
336,189,2019-08-14 14:00:00,9.3100651028,9.3100651028,9.308542404139999,9.3100651028,1028
337,188,2019-08-14 16:00:00,9.2979786822,9.307495548810001,9.27894494897,9.27894494897,1179
338,187,2019-08-15 10:00:00,9.32652928204,9.32652928204,9.32652928204,9.32652928204,1000
339,186,2019-08-15 10:30:00,9.288461815580002,9.288461815580002,9.288461815580002,9.288461815580002,100
340,185,2019-08-15 11:00:00,9.288461815580002,9.288461815580002,9.288461815580002,9.288461815580002,200
341,184,2019-08-15 11:30:00,9.288461815580002,9.288461815580002,9.288461815580002,9.288461815580002,300
342,183,2019-08-15 12:00:00,9.32177084873,9.35507988188,9.32177084873,9.35507988188,1050
343,182,2019-08-15 12:30:00,9.288461815580002,9.2979786822,9.288461815580002,9.2979786822,500
344,181,2019-08-15 13:00:00,9.288461815580002,9.288461815580002,9.288461815580002,9.288461815580002,200
345,180,2019-08-15 13:30:00,9.288461815580002,9.29502845355,9.27894494897,9.27894494897,3100
346,179,2019-08-15 14:00:00,9.27894494897,9.288461815580002,9.27894494897,9.288461815580002,400
347,178,2019-08-15 14:30:00,9.288461815580002,9.288461815580002,9.288461815580002,9.288461815580002,200
348,177,2019-08-15 15:00:00,9.27894494897,9.27894494897,9.27894494897,9.27894494897,100
349,176,2019-08-15 15:30:00,9.307495548810001,9.335094461989998,9.27894494897,9.27894494897,3200
350,175,2019-08-15 16:00:00,9.27894494897,9.27894494897,9.26942808235,9.26942808235,1191
351,174,2019-08-16 10:00:00,9.37411361511,9.37411361511,9.2313606159,9.26942808235,12706
352,173,2019-08-16 10:30:00,9.26942808235,9.36307404984,9.26942808235,9.35507988188,1326
353,172,2019-08-16 11:00:00,9.34917942458,9.34917942458,9.26942808235,9.26942808235,1100
354,171,2019-08-16 11:30:00,9.26942808235,9.26942808235,9.26942808235,9.26942808235,200
355,170,2019-08-16 12:00:00,9.26942808235,9.26952325102,9.26942808235,9.26942808235,800
356,169,2019-08-16 12:30:00,9.26942808235,9.26942808235,9.26942808235,9.26942808235,200
357,168,2019-08-16 13:00:00,9.26942808235,9.2968366582,9.26942808235,9.27894494897,1300
358,167,2019-08-16 13:30:00,9.26942808235,9.27894494897,9.26942808235,9.27894494897,200
359,166,2019-08-16 14:00:00,9.27894494897,9.27894494897,9.27894494897,9.27894494897,300
360,165,2019-08-16 14:30:00,9.27894494897,9.27894494897,9.27894494897,9.27894494897,200
361,164,2019-08-16 15:00:00,9.27894494897,9.27894494897,9.27894494897,9.27894494897,300
362,163,2019-08-16 15:30:00,9.27894494897,9.27894494897,9.26942808235,9.26942808235,200
363,162,2019-08-16 16:00:00,9.27894494897,9.27894494897,9.26942808235,9.27894494897,3201
364,161,2019-08-19 10:00:00,9.27894494897,9.27894494897,9.259911215739999,9.259911215739999,614
365,160,2019-08-19 10:30:00,9.259911215739999,9.259911215739999,9.240877482510001,9.240877482510001,400
366,159,2019-08-19 11:00:00,9.2313606159,9.2313606159,9.2313606159,9.2313606159,300
367,158,2019-08-19 11:30:00,9.2313606159,9.240877482510001,9.2313606159,9.240877482510001,300
368,157,2019-08-19 12:00:00,9.240877482510001,9.240877482510001,9.240877482510001,9.240877482510001,200
369,156,2019-08-19 12:30:00,9.240877482510001,9.33661716065,9.240877482510001,9.240877482510001,800
370,155,2019-08-19 13:00:00,9.240877482510001,9.240877482510001,9.240877482510001,9.240877482510001,200
371,154,2019-08-19 13:30:00,9.240877482510001,9.284559900269999,9.240877482510001,9.284559900269999,600
372,153,2019-08-19 14:00:00,9.240877482510001,9.240877482510001,9.240877482510001,9.240877482510001,100
373,152,2019-08-19 14:30:00,9.240877482510001,9.26466964905,9.240877482510001,9.240877482510001,1200
374,151,2019-08-19 15:00:00,9.240877482510001,9.25039434913,9.240877482510001,9.25039434913,400
375,150,2019-08-19 15:30:00,9.25039434913,9.270855612350001,9.240877482510001,9.240877482510001,700
376,149,2019-08-19 16:00:00,9.240877482510001,9.240877482510001,9.240877482510001,9.240877482510001,1821
377,148,2019-08-20 10:00:00,9.27818359964,9.30521150082,9.25039434913,9.260006384410001,7878
378,147,2019-08-20 10:30:00,9.259911215739999,9.259911215739999,9.25039434913,9.25039434913,4050
379,146,2019-08-20 11:00:00,9.25039434913,9.25039434913,9.25039434913,9.25039434913,1000
380,145,2019-08-20 11:30:00,9.25039434913,9.25039434913,9.25039434913,9.25039434913,400
381,144,2019-08-20 12:00:00,9.25039434913,9.259911215739999,9.25039434913,9.259911215739999,1791
382,143,2019-08-20 12:30:00,9.259911215739999,9.259911215739999,9.259911215739999,9.259911215739999,100
383,142,2019-08-20 13:00:00,9.259911215739999,9.26942808235,9.259911215739999,9.259911215739999,600
384,141,2019-08-20 13:30:00,9.259911215739999,9.259911215739999,9.259911215739999,9.259911215739999,200
385,140,2019-08-20 14:00:00,9.259911215739999,9.259911215739999,9.259911215739999,9.259911215739999,200
386,139,2019-08-20 14:30:00,9.259911215739999,9.259911215739999,9.259911215739999,9.259911215739999,300
387,138,2019-08-20 15:00:00,9.259911215739999,9.288461815580002,9.259911215739999,9.259911215739999,1500
388,137,2019-08-20 15:30:00,9.259911215739999,9.259911215739999,9.259911215739999,9.259911215739999,300
389,136,2019-08-20 16:00:00,9.259911215739999,9.259911215739999,9.240877482510001,9.240877482510001,1489
390,135,2019-08-21 10:00:00,9.25039434913,9.25039434913,9.25039434913,9.25039434913,424
391,134,2019-08-21 11:30:00,9.26942808235,9.26942808235,9.25039434913,9.25039434913,300
392,133,2019-08-21 12:00:00,9.25039434913,9.27894494897,9.25039434913,9.27894494897,700
393,132,2019-08-21 12:30:00,9.27894494897,9.27894494897,9.25039434913,9.27418651566,5100
394,131,2019-08-21 13:00:00,9.25039434913,9.25039434913,9.25039434913,9.25039434913,900
395,130,2019-08-21 13:30:00,9.25039434913,9.25515278243,9.23602388054,9.23602388054,5415
396,129,2019-08-21 14:00:00,9.25039434913,9.25039434913,9.25039434913,9.25039434913,500
397,128,2019-08-21 14:30:00,9.25039434913,9.25039434913,9.25039434913,9.25039434913,400
398,127,2019-08-21 15:00:00,9.25039434913,9.25039434913,9.25039434913,9.25039434913,500
399,126,2019-08-21 15:30:00,9.25039434913,9.25039434913,9.2313606159,9.2313606159,1591
400,125,2019-08-21 16:00:00,9.2313606159,9.2313606159,9.2313606159,9.2313606159,700
401,124,2019-08-22 10:00:00,9.2313606159,9.2313606159,9.2313606159,9.2313606159,822
402,123,2019-08-22 10:30:00,9.240877482510001,9.240877482510001,9.240877482510001,9.240877482510001,300
403,122,2019-08-22 11:00:00,9.240877482510001,9.34337413595,9.240877482510001,9.240877482510001,5786
404,121,2019-08-22 11:30:00,9.240877482510001,9.240877482510001,9.240877482510001,9.240877482510001,400
405,120,2019-08-22 12:00:00,9.240877482510001,9.240877482510001,9.21232688267,9.21232688267,400
406,119,2019-08-22 12:30:00,9.2313606159,9.2313606159,9.2313606159,9.2313606159,300
407,118,2019-08-22 13:00:00,9.2313606159,9.2313606159,9.21232688267,9.21232688267,325
408,117,2019-08-22 13:30:00,9.21232688267,9.21232688267,9.21232688267,9.21232688267,100
409,116,2019-08-22 14:00:00,9.21232688267,9.21232688267,9.21232688267,9.21232688267,300
410,115,2019-08-22 14:30:00,9.21232688267,9.21232688267,9.21232688267,9.21232688267,400
411,114,2019-08-22 15:00:00,9.21232688267,9.21232688267,9.21232688267,9.21232688267,400
412,113,2019-08-22 15:30:00,9.21232688267,9.21232688267,9.21232688267,9.21232688267,500
413,112,2019-08-22 16:00:00,9.21232688267,9.21232688267,9.21232688267,9.21232688267,2038
414,111,2019-08-23 10:00:00,9.21232688267,9.21232688267,9.20281001605,9.20281001605,840
415,110,2019-08-23 10:30:00,9.20281001605,9.20281001605,9.193293149439999,9.193293149439999,600
416,109,2019-08-23 11:00:00,9.193293149439999,9.193293149439999,9.193293149439999,9.193293149439999,1200
417,108,2019-08-23 11:30:00,9.20281001605,9.20281001605,9.193293149439999,9.193293149439999,1100
418,107,2019-08-23 12:00:00,9.193293149439999,9.193293149439999,9.17425941621,9.17425941621,500
419,106,2019-08-23 12:30:00,9.17425941621,9.18377628283,9.17425941621,9.18377628283,500
420,105,2019-08-23 13:00:00,9.196528884089998,9.196528884089998,9.18377628283,9.18377628283,1321
421,104,2019-08-23 13:30:00,9.18377628283,9.18377628283,9.18377628283,9.18377628283,200
422,103,2019-08-23 14:00:00,9.198051582749999,9.21232688267,9.198051582749999,9.21232688267,1133
423,102,2019-08-23 14:30:00,9.198051582749999,9.21232688267,9.18377628283,9.21232688267,1940
424,101,2019-08-23 15:30:00,9.193293149439999,9.2313606159,9.193293149439999,9.2313606159,1100
425,100,2019-08-23 16:00:00,9.21232688267,9.21232688267,9.21232688267,9.21232688267,1587
426,99,2019-08-26 10:00:00,9.307495548810001,9.307495548810001,9.307495548810001,9.307495548810001,500
427,98,2019-08-26 10:30:00,9.27894494897,9.288461815580002,9.25039434913,9.25039434913,5063
428,97,2019-08-26 11:00:00,9.25039434913,9.27894494897,9.179017849520001,9.179017849520001,1300
429,96,2019-08-26 11:30:00,9.18377628283,9.26466964905,9.179017849520001,9.214706099319999,1560
430,95,2019-08-26 12:00:00,9.26942808235,9.26942808235,9.17425941621,9.26466964905,800
431,94,2019-08-26 16:00:00,9.259911215739999,9.26942808235,9.25039434913,9.25039434913,440
432,93,2019-08-27 12:00:00,9.28446473161,9.28446473161,9.28446473161,9.28446473161,1500
433,92,2019-08-27 13:30:00,9.31701241543,9.31701241543,9.31701241543,9.31701241543,500
434,91,2019-08-27 15:30:00,9.307495548810001,9.32205635473,9.3027371155,9.307495548810001,8053
435,90,2019-08-28 10:00:00,9.32652928204,9.32652928204,9.32652928204,9.32652928204,880
436,89,2019-08-28 11:00:00,9.268666733029999,9.268666733029999,9.268666733029999,9.268666733029999,1700
437,88,2019-08-28 12:30:00,9.31710758409,9.31710758409,9.31710758409,9.31710758409,2600
438,87,2019-08-28 15:30:00,9.32652928204,9.336046148660001,9.32652928204,9.336046148660001,1789
439,86,2019-08-28 16:00:00,9.35507988188,9.35507988188,9.31225398212,9.31225398212,6207
440,85,2019-08-29 10:00:00,9.259911215739999,9.27894494897,9.240877482510001,9.26942808235,3093
441,84,2019-08-29 10:30:00,9.26942808235,9.36935518181,9.25039434913,9.25039434913,5000
442,83,2019-08-29 11:00:00,9.259911215739999,9.259911215739999,9.2313606159,9.240877482510001,2950
443,82,2019-08-29 11:30:00,9.2313606159,9.2313606159,9.2313606159,9.2313606159,200
444,81,2019-08-29 12:00:00,9.2313606159,9.2979786822,9.2313606159,9.240877482510001,500
445,80,2019-08-29 12:30:00,9.27418651566,9.27418651566,9.240877482510001,9.240877482510001,300
446,79,2019-08-29 13:00:00,9.240877482510001,9.240877482510001,9.22184374928,9.22184374928,800
447,78,2019-08-29 13:30:00,9.22184374928,9.22184374928,9.22184374928,9.22184374928,200
448,77,2019-08-29 14:00:00,9.22184374928,9.22184374928,9.22184374928,9.22184374928,400
449,76,2019-08-29 14:30:00,9.22184374928,9.22184374928,9.22184374928,9.22184374928,200
450,75,2019-08-29 15:00:00,9.21232688267,9.21232688267,9.21232688267,9.21232688267,200
451,74,2019-08-29 15:30:00,9.21232688267,9.21232688267,9.21232688267,9.21232688267,300
452,73,2019-08-29 16:00:00,9.21232688267,9.26524066104,9.21232688267,9.21232688267,1653
453,72,2019-08-30 10:00:00,9.21232688267,9.21232688267,9.14570881637,9.17425941621,5776
454,71,2019-08-30 10:30:00,9.17425941621,9.22184374928,9.12191664983,9.13619194975,2449
455,70,2019-08-30 11:00:00,9.13619194975,9.13619194975,9.126675083139999,9.126675083139999,2029
456,69,2019-08-30 11:30:00,9.13619194975,9.13619194975,9.13619194975,9.13619194975,190
457,68,2019-08-30 12:00:00,9.15522568298,9.15522568298,9.15522568298,9.15522568298,200
458,67,2019-08-30 12:30:00,9.15522568298,9.15522568298,9.15522568298,9.15522568298,200
459,66,2019-08-30 13:00:00,9.15522568298,9.1647425496,9.15522568298,9.1647425496,300
460,65,2019-08-30 13:30:00,9.15522568298,9.15522568298,9.15522568298,9.15522568298,400
461,64,2019-08-30 14:00:00,9.14570881637,9.14570881637,9.14570881637,9.14570881637,211
462,63,2019-08-30 14:30:00,9.126675083139999,9.126675083139999,9.126675083139999,9.126675083139999,200
463,62,2019-08-30 15:00:00,9.13619194975,9.13619194975,9.126675083139999,9.126675083139999,500
464,61,2019-08-30 15:30:00,9.193293149439999,9.193293149439999,9.13619194975,9.13619194975,800
465,60,2019-08-30 16:00:00,9.14570881637,9.15522568298,9.126675083139999,9.126675083139999,5639
466,59,2019-09-03 10:00:00,9.15522568298,9.15522568298,9.08860761668,9.08860761668,11457
467,58,2019-09-03 10:30:00,9.12191664983,9.15522568298,9.08051828006,9.08765593002,8489
468,57,2019-09-03 11:00:00,9.08860761668,9.11715821653,9.06957388345,9.11715821653,2746
469,56,2019-09-03 11:30:00,9.11715821653,9.11715821653,9.06957388345,9.06957388345,596
470,55,2019-09-03 12:00:00,9.07909075007,9.07909075007,9.07909075007,9.07909075007,929
471,54,2019-09-03 12:30:00,9.06957388345,9.08860761668,9.06957388345,9.06957388345,19077
472,53,2019-09-03 13:00:00,9.06957388345,9.06957388345,9.06957388345,9.06957388345,400
473,52,2019-09-03 13:30:00,9.08851244802,9.15522568298,9.08851244802,9.10764134991,7700
474,51,2019-09-03 14:00:00,9.07909075007,9.07909075007,9.07909075007,9.07909075007,110
475,50,2019-09-03 14:30:00,9.06957388345,9.06957388345,9.06957388345,9.06957388345,300
476,49,2019-09-03 15:00:00,9.06957388345,9.06957388345,9.06957388345,9.06957388345,400
477,48,2019-09-03 15:30:00,9.06957388345,9.06957388345,9.06957388345,9.06957388345,200
478,47,2019-09-03 16:00:00,9.098124483300001,9.10764134991,9.08860761668,9.10764134991,1803
479,46,2019-09-04 10:00:00,9.10764134991,9.11715821653,9.060057016839998,9.11706304786,12711
480,45,2019-09-04 10:30:00,9.10297808527,9.10764134991,9.10297808527,9.10764134991,904
481,44,2019-09-04 11:00:00,9.098124483300001,9.11715821653,9.098124483300001,9.11715821653,2300
482,43,2019-09-04 11:30:00,9.11715821653,9.11715821653,9.11715821653,9.11715821653,100
483,42,2019-09-04 12:30:00,9.11706304786,9.11706304786,9.098124483300001,9.098124483300001,200
484,41,2019-09-04 13:00:00,9.11325630121,9.11715821653,9.08860761668,9.11420798788,9200
485,40,2019-09-04 14:00:00,9.1028829166,9.11715821653,9.1028829166,9.11477899987,1600
486,39,2019-09-04 14:30:00,9.10764134991,9.14570881637,9.10764134991,9.14570881637,5966
487,38,2019-09-04 15:00:00,9.1647425496,9.179017849520001,9.1647425496,9.1647425496,4304
488,37,2019-09-04 16:00:00,9.1647425496,9.1647425496,9.15532085165,9.15532085165,1500
489,36,2019-09-05 10:00:00,9.1647425496,9.20281001605,9.05054015023,9.1647425496,11118
490,35,2019-09-05 10:30:00,9.14580398503,9.17425941621,9.14580398503,9.17425941621,771
491,34,2019-09-05 12:30:00,9.02198955038,9.13619194975,8.99343895054,9.13619194975,450
492,33,2019-09-05 13:30:00,9.002955817150001,9.04102328361,9.002955817150001,9.04102328361,800
493,32,2019-09-05 14:00:00,9.04102328361,9.08860761668,9.04102328361,9.08860761668,1750
494,31,2019-09-05 14:30:00,9.04102328361,9.04102328361,9.04102328361,9.04102328361,100
495,30,2019-09-05 15:30:00,9.05054015023,9.05054015023,9.05054015023,9.05054015023,100
496,29,2019-09-05 16:00:00,9.09736313397,9.11515967454,9.08137479806,9.11515967454,1400
497,28,2019-09-06 10:00:00,9.098124483300001,9.098124483300001,8.99343895054,9.08860761668,13906
498,27,2019-09-06 10:30:00,9.06957388345,9.06957388345,9.06957388345,9.06957388345,300
499,26,2019-09-06 12:00:00,9.13619194975,9.13619194975,9.13619194975,9.13619194975,200
500,25,2019-09-06 12:30:00,9.10583314525,9.10583314525,9.10583314525,9.10583314525,750
501,24,2019-09-06 13:30:00,9.11801473452,9.14570881637,9.10764134991,9.13619194975,14700
502,23,2019-09-06 14:00:00,9.07909075007,9.07909075007,9.07909075007,9.07909075007,100
503,22,2019-09-06 14:30:00,9.07909075007,9.07909075007,9.07909075007,9.07909075007,100
504,21,2019-09-06 15:30:00,9.07909075007,9.07909075007,9.07909075007,9.07909075007,100
505,20,2019-09-06 16:00:00,9.07909075007,9.126675083139999,9.07909075007,9.07909075007,433
506,19,2019-09-09 10:00:00,9.06957388345,9.06957388345,9.06957388345,9.06957388345,17788
507,18,2019-09-09 11:00:00,9.10764134991,9.10764134991,9.10335875993,9.10764134991,2900
508,17,2019-09-09 12:00:00,9.101645723939999,9.10764134991,9.10155055528,9.10764134991,1300
509,16,2019-09-09 13:00:00,9.08860761668,9.08860761668,9.08860761668,9.08860761668,500
510,15,2019-09-09 13:30:00,9.08860761668,9.09013031534,9.08860761668,9.08965447201,500
511,14,2019-09-09 14:00:00,9.08860761668,9.08860761668,9.08860761668,9.08860761668,100
512,13,2019-09-09 14:30:00,9.08860761668,9.08860761668,9.08860761668,9.08860761668,1340
513,12,2019-09-09 15:00:00,9.09336604999,9.09336604999,9.09336604999,9.09336604999,100
514,11,2019-09-09 16:00:00,9.08860761668,9.09336604999,9.07909075007,9.07909075007,1180
515,10,2019-09-10 10:00:00,9.002955817150001,9.06957388345,8.9648883507,9.01580358708,11864
516,9,2019-09-10 10:30:00,8.99343895054,9.00866593712,8.98392208392,9.00866593712,827
517,8,2019-09-10 11:00:00,8.97440521731,8.97440521731,8.95537148408,8.95537148408,420
518,7,2019-09-10 11:30:00,8.97440521731,8.97440521731,8.97440521731,8.97440521731,160
519,6,2019-09-10 12:00:00,9.02198955038,9.04102328361,9.02198955038,9.02198955038,800
520,5,2019-09-10 12:30:00,9.05044498156,9.060057016839998,9.031506417000001,9.05054015023,2199
521,4,2019-09-10 14:00:00,8.99343895054,8.99343895054,8.99343895054,8.99343895054,100
522,3,2019-09-10 14:30:00,8.98487377059,8.98487377059,8.92682088424,8.92682088424,9483
523,2,2019-09-10 15:00:00,8.94585461747,8.94585461747,8.941096184160001,8.941096184160001,5740
524,1,2019-09-10 15:30:00,8.93633775085,8.93633775085,8.92682088424,8.92682088424,200
525,0,2019-09-10 16:00:00,8.93262617287,8.93262617287,8.88875341778,8.8982702844,13535
526,181,2019-09-11 10:00:00,8.86020281794,8.93633775085,8.79358475164,8.92682088424,18957
527,180,2019-09-11 11:00:00,8.92682088424,8.92682088424,8.8906567911,8.8906567911,400
528,179,2019-09-11 11:30:00,8.92682088424,8.92682088424,8.92682088424,8.92682088424,100
529,178,2019-09-11 12:30:00,8.94585461747,8.94585461747,8.94585461747,8.94585461747,100
530,177,2019-09-11 14:30:00,8.8982702844,8.8982702844,8.8982702844,8.8982702844,100
531,176,2019-09-11 15:00:00,8.8982702844,8.8982702844,8.8982702844,8.8982702844,100
532,175,2019-09-11 15:30:00,8.90502725969,8.90502725969,8.8982702844,8.8982702844,200
533,174,2019-09-11 16:00:00,8.8982702844,8.8982702844,8.8982702844,8.8982702844,100
534,173,2019-09-12 10:00:00,8.86575834837,8.86575834837,8.846651110549999,8.846651110549999,7408
535,172,2019-09-12 10:30:00,8.79410620655,8.913526442919999,8.64602511344,8.913526442919999,4813
536,171,2019-09-12 11:00:00,8.87540750347,8.90855856109,8.87540750347,8.90855856109,2496
537,170,2019-09-12 11:30:00,8.846651110549999,8.846651110549999,8.846651110549999,8.846651110549999,100
538,169,2019-09-12 12:00:00,8.82754387273,8.82754387273,8.82754387273,8.82754387273,200
539,168,2019-09-12 12:30:00,8.83709749164,8.83709749164,8.83709749164,8.83709749164,100
540,167,2019-09-12 13:00:00,8.82754387273,8.88486558619,8.82754387273,8.88486558619,6300
541,166,2019-09-12 13:30:00,8.88486558619,8.88486558619,8.83709749164,8.83709749164,3900
542,165,2019-09-12 14:00:00,8.82754387273,8.82754387273,8.80843663491,8.80843663491,300
543,164,2019-09-12 14:30:00,8.80843663491,8.83709749164,8.80843663491,8.83709749164,4800
544,163,2019-09-12 15:00:00,8.81799025382,8.81799025382,8.81799025382,8.81799025382,800
545,162,2019-09-12 15:30:00,8.81799025382,8.81799025382,8.81799025382,8.81799025382,300
546,161,2019-09-12 16:00:00,8.81799025382,8.82104741187,8.779775778180001,8.779775778180001,8020
547,160,2019-09-13 10:00:00,8.80843663491,8.80843663491,8.75111492145,8.75111492145,1500
548,159,2019-09-13 10:30:00,8.75111492145,8.75111492145,8.75111492145,8.75111492145,200
549,158,2019-09-13 11:00:00,8.75111492145,8.78617670285,8.730479104610001,8.75111492145,7353
550,157,2019-09-13 11:30:00,8.75111492145,8.75111492145,8.75111492145,8.75111492145,100
551,156,2019-09-13 12:00:00,8.74156130254,8.74165683873,8.74156130254,8.74165683873,2100
552,155,2019-09-13 12:30:00,8.74156130254,8.74156130254,8.74156130254,8.74156130254,200
553,154,2019-09-13 13:00:00,8.74156130254,8.75111492145,8.72245406472,8.75111492145,1100
554,153,2019-09-13 13:30:00,8.712900445810002,8.72245406472,8.712900445810002,8.72245406472,675
555,152,2019-09-13 14:00:00,8.712900445810002,8.712900445810002,8.712900445810002,8.712900445810002,100
556,151,2019-09-13 14:30:00,8.712900445810002,8.71366473532,8.712900445810002,8.712900445810002,2100
557,150,2019-09-13 15:00:00,8.712900445810002,8.712900445810002,8.69379320799,8.69379320799,4484
558,149,2019-09-13 15:30:00,8.69379320799,8.69379320799,8.67468597017,8.67468597017,1000
559,148,2019-09-13 16:00:00,8.68423958908,8.69876108983,8.65557873235,8.66513235126,2165
560,147,2019-09-16 10:00:00,8.712900445810002,8.712900445810002,8.712900445810002,8.712900445810002,678
561,146,2019-09-16 10:30:00,8.71404688008,8.71404688008,8.71404688008,8.71404688008,2000
562,145,2019-09-16 11:00:00,8.712900445810002,8.74156130254,8.712900445810002,8.74156130254,1938
563,144,2019-09-16 11:30:00,8.74490506916,8.74490506916,8.74490506916,8.74490506916,2500
564,143,2019-09-16 12:30:00,8.69379320799,8.69379320799,8.69379320799,8.69379320799,100
565,142,2019-09-16 13:00:00,8.747675618639999,8.747675618639999,8.712900445810002,8.712900445810002,1300
566,141,2019-09-16 13:30:00,8.712900445810002,8.76066854036,8.712900445810002,8.76066854036,7372
567,140,2019-09-16 14:00:00,8.76066854036,8.76066854036,8.76066854036,8.76066854036,100
568,139,2019-09-16 14:30:00,8.770222159269998,8.779775778180001,8.76066854036,8.76066854036,2200
569,138,2019-09-16 15:00:00,8.76066854036,8.76066854036,8.76066854036,8.76066854036,400
570,137,2019-09-16 15:30:00,8.76066854036,8.770222159269998,8.76066854036,8.76066854036,600
571,136,2019-09-16 16:00:00,8.76066854036,8.779775778180001,8.76066854036,8.770222159269998,1941
572,135,2019-09-17 10:00:00,8.770222159269998,8.84397609726,8.770222159269998,8.82276706328,1476
573,134,2019-09-17 11:30:00,8.833371580269999,8.833371580269999,8.82754387273,8.82754387273,2350
574,133,2019-09-17 12:00:00,8.82754387273,8.82754387273,8.82754387273,8.82754387273,200
575,132,2019-09-17 12:30:00,8.82754387273,8.82754387273,8.78932939709,8.78932939709,300
576,131,2019-09-17 13:00:00,8.78932939709,8.78932939709,8.78932939709,8.78932939709,200
577,130,2019-09-17 13:30:00,8.78932939709,8.83709749164,8.78932939709,8.83709749164,500
578,129,2019-09-17 14:00:00,8.798883016,8.798883016,8.798883016,8.798883016,200
579,128,2019-09-17 14:30:00,8.798883016,8.798883016,8.798883016,8.798883016,400
580,127,2019-09-17 15:00:00,8.798883016,8.798883016,8.798883016,8.798883016,200
581,126,2019-09-17 15:30:00,8.798883016,8.846651110549999,8.798883016,8.84130108396,4222
582,125,2019-09-17 16:00:00,8.798883016,8.798883016,8.798883016,8.798883016,1413
583,124,2019-09-18 10:00:00,8.846651110549999,8.846651110549999,8.798883016,8.798883016,836
584,123,2019-09-18 10:30:00,8.798883016,8.798883016,8.798883016,8.798883016,200
585,122,2019-09-18 11:00:00,8.798883016,8.86566281218,8.798883016,8.85305203522,2400
586,121,2019-09-18 11:30:00,8.78932939709,8.88486558619,8.78932939709,8.88486558619,800
587,120,2019-09-18 12:00:00,8.86575834837,8.94218729965,8.86575834837,8.94218729965,382
588,119,2019-09-18 12:30:00,8.78932939709,8.8944192051,8.78932939709,8.846651110549999,1020
589,118,2019-09-18 13:00:00,8.856204729460002,8.856204729460002,8.798883016,8.798883016,1304
590,117,2019-09-18 13:30:00,8.846651110549999,8.8944192051,8.846651110549999,8.846651110549999,600
591,116,2019-09-18 14:00:00,8.8944192051,8.8944192051,8.83709749164,8.846651110549999,1200
592,115,2019-09-18 14:30:00,8.82754387273,8.90397282401,8.82754387273,8.90397282401,1100
593,114,2019-09-18 15:00:00,8.82754387273,8.90397282401,8.82754387273,8.8944192051,3799
594,113,2019-09-18 15:30:00,8.90397282401,8.90397282401,8.90397282401,8.90397282401,700
595,112,2019-09-18 16:00:00,8.90397282401,8.932633680739999,8.90397282401,8.932633680739999,4187
596,111,2019-09-19 10:00:00,8.96129453747,8.96129453747,8.92651936464,8.92651936464,3614
597,110,2019-09-19 10:30:00,8.944098023430001,8.944098023430001,8.944098023430001,8.944098023430001,400
598,109,2019-09-19 12:00:00,8.97084815638,8.97084815638,8.94505338532,8.94505338532,2420
599,108,2019-09-19 12:30:00,8.95814184323,8.98040177529,8.95814184323,8.98040177529,2100
600,107,2019-09-19 13:30:00,8.989955394199999,8.989955394199999,8.989955394199999,8.989955394199999,120
601,106,2019-09-19 14:30:00,8.999509013110002,8.999509013110002,8.95479807661,8.95479807661,1500
602,105,2019-09-19 15:30:00,8.999509013110002,9.047277107660001,8.999509013110002,9.02816986984,4220
603,104,2019-09-19 16:00:00,9.02816986984,9.03772348875,9.02816986984,9.03772348875,5182
604,103,2019-09-20 10:00:00,9.03772348875,9.03772348875,9.03772348875,9.03772348875,400
605,102,2019-09-20 10:30:00,9.03772348875,9.047277107660001,9.03772348875,9.047277107660001,912
606,101,2019-09-20 11:00:00,9.05683072657,9.05683072657,9.05683072657,9.05683072657,100
607,100,2019-09-20 11:30:00,9.05683072657,9.05683072657,9.05683072657,9.05683072657,100
608,99,2019-09-20 12:00:00,9.05683072657,9.05683072657,9.05683072657,9.05683072657,206
609,98,2019-09-20 12:30:00,9.05683072657,9.05683072657,9.05683072657,9.05683072657,100
610,97,2019-09-20 13:00:00,9.05683072657,9.05683072657,9.05683072657,9.05683072657,100
611,96,2019-09-20 13:30:00,9.05683072657,9.05683072657,9.0443154858,9.047277107660001,2900
612,95,2019-09-20 14:00:00,9.05683072657,9.15236691567,9.052053917110001,9.14806778716,6110
613,94,2019-09-20 14:30:00,9.10459882112,9.11415244003,9.10459882112,9.11415244003,200
614,93,2019-09-20 15:00:00,9.10459882112,9.11415244003,9.10459882112,9.11415244003,1400
615,92,2019-09-20 15:30:00,9.11415244003,9.142813296760002,9.11415244003,9.142813296760002,320
616,91,2019-09-20 16:00:00,9.142813296760002,9.15236691567,9.142813296760002,9.142813296760002,1170
617,90,2019-09-23 10:00:00,9.16192053458,9.16192053458,9.16192053458,9.16192053458,200
618,89,2019-09-23 10:30:00,9.19134568082,9.19134568082,9.19134568082,9.19134568082,1434
619,88,2019-09-23 11:00:00,9.23834948586,9.23834948586,9.20013501022,9.20013501022,1953
620,87,2019-09-23 11:30:00,9.219242248039999,9.22956015646,9.20089929973,9.22956015646,3512
621,86,2019-09-23 12:00:00,9.23834948586,9.23834948586,9.23834948586,9.23834948586,1087
622,85,2019-09-24 10:00:00,9.24790310477,9.24790310477,9.24790310477,9.24790310477,200
623,84,2019-09-24 10:30:00,9.295671199310002,9.295671199310002,9.295671199310002,9.295671199310002,300
624,83,2019-09-24 11:00:00,9.27656396149,9.27656396149,9.27656396149,9.27656396149,100
625,82,2019-09-24 11:30:00,9.27656396149,9.27656396149,9.25745672368,9.25745672368,200
626,81,2019-09-24 12:00:00,9.25745672368,9.25745672368,9.25745672368,9.25745672368,100
627,80,2019-09-24 12:30:00,9.25745672368,9.25745672368,9.25745672368,9.25745672368,157
628,79,2019-09-24 15:30:00,9.15131601759,9.15131601759,9.15131601759,9.15131601759,500
629,78,2019-09-24 16:00:00,9.23834948586,9.25554599989,9.19306533222,9.24790310477,2180
630,77,2019-09-25 10:00:00,9.24790310477,9.26701034259,9.24790310477,9.24790310477,2066
631,76,2019-09-25 10:30:00,9.24790310477,9.25745672368,9.24790310477,9.25745672368,400
632,75,2019-09-25 11:00:00,9.22927354789,9.25745672368,9.1906769275,9.24790310477,4600
633,74,2019-09-25 12:00:00,9.23834948586,9.23834948586,9.23834948586,9.23834948586,300
634,73,2019-09-25 12:30:00,9.23834948586,9.23834948586,9.23834948586,9.23834948586,200
635,72,2019-09-25 13:00:00,9.23834948586,9.23834948586,9.23834948586,9.23834948586,540
636,71,2019-09-25 13:30:00,9.23834948586,9.23834948586,9.219242248039999,9.22029314612,1478
637,70,2019-09-26 11:00:00,9.2423620058,9.25745672368,9.2423620058,9.25745672368,500
638,69,2019-09-26 11:30:00,9.241024499149999,9.24799864095,9.23147088024,9.23147088024,5325
639,68,2019-09-26 12:00:00,9.25745672368,9.25745672368,9.25745672368,9.25745672368,162
640,67,2019-09-26 13:00:00,9.24790310477,9.25745672368,9.20968862913,9.22354137655,4863
641,66,2019-09-26 14:30:00,9.24790310477,9.31477843713,9.23596108113,9.31477843713,6146
642,65,2019-09-26 15:00:00,9.22879586695,9.22879586695,9.20013501022,9.20013501022,2918
643,64,2019-09-26 16:00:00,9.27656396149,9.27656396149,9.27656396149,9.27656396149,380
644,63,2019-09-27 10:00:00,9.295671199310002,9.295671199310002,9.28602204422,9.28602204422,1520
645,62,2019-09-27 10:30:00,9.2694942835,9.2694942835,9.2694942835,9.2694942835,348
646,61,2019-09-27 14:30:00,9.22029314612,9.22029314612,9.22029314612,9.22029314612,150
647,60,2019-09-27 15:00:00,9.2335726764,9.2335726764,9.20013501022,9.20013501022,6060
648,59,2019-09-27 15:30:00,9.23414589354,9.23414589354,9.23414589354,9.23414589354,1000
649,58,2019-09-27 16:00:00,9.22698067935,9.22698067935,9.22698067935,9.22698067935,800
650,57,2019-09-30 10:30:00,9.23834948586,9.25449510181,9.20968862913,9.25449510181,9900
651,56,2019-09-30 12:00:00,9.25745672368,9.26701034259,9.25745672368,9.26701034259,553
652,55,2019-09-30 13:00:00,9.246852206689999,9.246852206689999,9.246852206689999,9.246852206689999,1745
653,54,2019-09-30 16:00:00,9.24790310477,9.24790310477,9.24790310477,9.24790310477,253
654,53,2019-10-01 10:00:00,9.295671199310002,9.295671199310002,9.295671199310002,9.295671199310002,1020
655,52,2019-10-01 10:30:00,9.25946298365,9.305224818220001,9.25946298365,9.26557729975,1418
656,51,2019-10-01 12:30:00,9.303505166819999,9.305224818220001,9.26701034259,9.305224818220001,9485
657,50,2019-10-01 15:00:00,9.305224818220001,9.305224818220001,9.305224818220001,9.305224818220001,100
658,49,2019-10-01 16:00:00,9.31477843713,9.31477843713,9.31477843713,9.31477843713,300
659,48,2019-10-02 10:00:00,9.33388567495,9.352992912769999,9.318599884700001,9.318599884700001,668
660,47,2019-10-02 10:30:00,9.352992912769999,9.43897548296,9.33006422739,9.43897548296,1709
661,46,2019-10-02 11:00:00,9.43897548296,9.43897548296,9.42942186405,9.42942186405,200
662,45,2019-10-02 11:30:00,9.43897548296,9.43897548296,9.43897548296,9.43897548296,100
663,44,2019-10-02 12:00:00,9.41031462623,9.41031462623,9.40076100732,9.40076100732,691
664,43,2019-10-02 13:00:00,9.40076100732,9.40076100732,9.40076100732,9.40076100732,200
665,42,2019-10-02 13:30:00,9.41031462623,9.41031462623,9.41031462623,9.41031462623,200
666,41,2019-10-02 14:30:00,9.41031462623,9.41031462623,9.41031462623,9.41031462623,200
667,40,2019-10-02 15:00:00,9.41031462623,9.41031462623,9.31153020671,9.31153020671,2650
668,39,2019-10-02 15:30:00,9.338662484410001,9.41031462623,9.338662484410001,9.40076100732,3798
669,38,2019-10-02 16:00:00,9.41031462623,9.41986824514,9.41031462623,9.41986824514,1708
670,37,2019-10-03 10:00:00,9.45808272078,9.46763633969,9.36646351544,9.44852910187,3420
671,36,2019-10-03 11:00:00,9.387290404660002,9.387290404660002,9.387290404660002,9.387290404660002,500
672,35,2019-10-03 11:30:00,9.44852910187,9.44852910187,9.44852910187,9.44852910187,240
673,34,2019-10-03 12:30:00,9.45808272078,9.45808272078,9.45808272078,9.45808272078,200
674,33,2019-10-03 13:00:00,9.454834490349999,9.45808272078,9.44852910187,9.45808272078,4518
675,32,2019-10-03 14:00:00,9.44852910187,9.44852910187,9.44852910187,9.44852910187,1301
676,31,2019-10-03 14:30:00,9.45149072373,9.45798718459,9.45149072373,9.45798718459,713
677,30,2019-10-03 15:30:00,9.44852910187,9.44852910187,9.44852910187,9.44852910187,1026
678,29,2019-10-03 16:00:00,9.44852910187,9.45808272078,9.43419867351,9.45808272078,2299
679,28,2019-10-04 10:00:00,9.49629719642,9.49629719642,9.43419867351,9.45378359227,3208
680,27,2019-10-04 10:30:00,9.486743577510001,9.49629719642,9.45636306938,9.45636306938,700
681,26,2019-10-04 12:30:00,9.49629719642,9.50585081533,9.48521499849,9.50585081533,512
682,25,2019-10-04 13:00:00,9.50585081533,9.52495805315,9.493908791689998,9.52495805315,3866
683,24,2019-10-04 14:00:00,9.52495805315,9.52495805315,9.511296378110002,9.511296378110002,4911
684,23,2019-10-04 15:30:00,9.49964096304,9.49964096304,9.46763633969,9.46763633969,700
685,22,2019-10-04 16:00:00,9.52495805315,9.52495805315,9.52495805315,9.52495805315,100
686,21,2019-10-07 09:30:00,9.54406529097,9.54406529097,9.54406529097,9.54406529097,100
687,20,2019-10-07 10:00:00,9.52495805315,10.2128186147,9.515404434239999,9.515404434239999,2664
688,19,2019-10-07 12:00:00,9.52495805315,9.52495805315,9.52495805315,9.52495805315,200
689,18,2019-10-07 13:30:00,9.515404434239999,9.515404434239999,9.515404434239999,9.515404434239999,200
690,17,2019-10-08 10:00:00,9.48454624516,9.48454624516,9.48454624516,9.48454624516,650
691,16,2019-10-08 11:00:00,9.50585081533,9.50585081533,9.50585081533,9.50585081533,200
692,15,2019-10-08 11:30:00,9.50585081533,9.52753753026,9.50585081533,9.50585081533,6700
693,14,2019-10-08 12:00:00,9.50585081533,9.50585081533,9.50585081533,9.50585081533,200
694,13,2019-10-08 14:00:00,9.505755279139999,9.54406529097,9.50479991725,9.54396975478,7767
695,12,2019-10-08 16:00:00,9.52495805315,9.53451167206,9.50585081533,9.53451167206,1882
696,11,2019-10-09 12:00:00,9.59183338552,9.60138700443,9.59183338552,9.60138700443,838
697,10,2019-10-09 12:30:00,9.5727261477,9.58457263515,9.56317252879,9.56317252879,6279
698,9,2019-10-09 13:30:00,9.60138700443,9.60138700443,9.5727261477,9.5727261477,2000
699,8,2019-10-09 14:00:00,9.60138700443,9.60138700443,9.56317252879,9.566038614460002,7912
700,7,2019-10-09 14:30:00,9.55361890988,9.55361890988,9.53451167206,9.54406529097,1959
701,6,2019-10-09 15:00:00,9.52495805315,9.52495805315,9.50585081533,9.50585081533,300
702,5,2019-10-09 15:30:00,9.486743577510001,9.486743577510001,9.4771899586,9.4771899586,1738
703,4,2019-10-10 10:00:00,9.45346735308,9.463055048169998,9.45346735308,9.463055048169998,351
704,3,2019-10-10 12:00:00,9.571108371769999,9.571108371769999,9.571108371769999,9.571108371769999,150
705,2,2019-10-10 12:30:00,9.56919083275,9.616362292569999,9.56919083275,9.616362292569999,2000
706,1,2019-10-10 14:30:00,9.47264274325,9.47264274325,9.463055048169998,9.463055048169998,1455
707,0,2019-10-10 15:30:00,9.53975660884,9.53975660884,9.53208645278,9.53975660884,900
