,index,time,open,high,low,close,volume
0,213,2020-07-07 10:00:00,11.92,11.92,11.92,11.92,1542
1,212,2020-07-07 10:30:00,11.905,11.98,11.905,11.9758,17286
2,211,2020-07-07 11:00:00,11.92,11.92,11.91,11.91,294
3,210,2020-07-07 11:30:00,11.91,11.91,11.91,11.91,364
4,209,2020-07-07 12:00:00,11.95,11.98,11.9465,11.96,5200
5,208,2020-07-07 12:30:00,11.975,11.98,11.96,11.96,4605
6,207,2020-07-07 13:00:00,11.96,11.96,11.95,11.95,283
7,206,2020-07-07 13:30:00,11.93,11.93,11.93,11.93,459
8,205,2020-07-07 14:00:00,11.94,11.94,11.94,11.94,356
9,204,2020-07-07 14:30:00,11.94,11.95,11.94,11.95,2373
10,203,2020-07-07 15:30:00,11.95,11.995,11.94,11.9558,1345
11,202,2020-07-07 16:00:00,12.01,12.01,11.915,11.94,12429
12,201,2020-07-07 19:00:00,11.9,11.9,11.9,11.9,500
13,200,2020-07-08 10:00:00,11.93,11.93,11.93,11.93,1111
14,199,2020-07-08 10:30:00,11.978,11.978,11.978,11.978,196
15,198,2020-07-08 11:30:00,11.96,12.0,11.96,12.0,4100
16,197,2020-07-08 13:30:00,11.99,11.99,11.99,11.99,383
17,196,2020-07-08 14:00:00,12.02,12.02,12.01,12.02,500
18,195,2020-07-08 15:30:00,12.0,12.02,11.99,12.02,3581
19,194,2020-07-08 16:00:00,12.035,12.05,12.02,12.05,6474
20,193,2020-07-09 10:00:00,12.09,12.09,12.09,12.09,201
21,192,2020-07-09 10:30:00,12.1073,12.1395,12.1066,12.1395,1513
22,191,2020-07-09 11:00:00,12.08,12.08,12.08,12.08,200
23,190,2020-07-09 11:30:00,11.87,11.87,11.87,11.87,550
24,189,2020-07-09 12:00:00,11.92,11.92,11.83,11.83,736
25,188,2020-07-09 12:30:00,11.87,12.03,11.87,12.03,3953
26,187,2020-07-09 13:00:00,11.934000000000001,11.934000000000001,11.934000000000001,11.934000000000001,3000
27,186,2020-07-09 14:30:00,12.03,12.06,11.965,12.06,4639
28,185,2020-07-09 15:00:00,11.97,11.97,11.97,11.97,177
29,184,2020-07-09 15:30:00,12.06,12.06,12.005,12.06,2046
30,183,2020-07-09 16:00:00,11.97,11.98,11.96,11.96,417
31,182,2020-07-10 10:00:00,11.98,12.13,11.98,12.13,1000
32,181,2020-07-10 10:30:00,12.045,12.045,12.045,12.045,190
33,180,2020-07-10 11:00:00,12.085,12.085,12.008,12.008,1024
34,179,2020-07-10 12:00:00,12.04,12.04,12.04,12.04,500
35,178,2020-07-10 12:30:00,12.08,12.08,12.08,12.08,300
36,177,2020-07-10 13:00:00,12.04,12.1,12.0,12.1,4000
37,176,2020-07-10 14:00:00,12.085,12.085,12.085,12.085,171
38,175,2020-07-10 15:00:00,12.07,12.07,12.07,12.07,200
39,174,2020-07-10 15:30:00,12.05,12.1,12.04,12.1,3383
40,173,2020-07-10 16:00:00,12.06,12.12,11.94,12.08,3401
41,172,2020-07-13 10:00:00,12.14,12.14,12.14,12.14,344
42,171,2020-07-13 11:30:00,12.195,12.195,12.195,12.195,252
43,170,2020-07-13 12:30:00,12.14,12.1798,12.13,12.1798,2170
44,169,2020-07-13 13:00:00,12.1473,12.21,12.1473,12.21,2201
45,168,2020-07-13 13:30:00,12.1905,12.1905,12.19,12.19,2482
46,167,2020-07-13 14:00:00,12.22,12.22,12.205,12.205,300
47,166,2020-07-13 14:30:00,12.205,12.205,12.19,12.19,883
48,165,2020-07-13 15:00:00,12.19,12.2,12.19,12.19,4606
49,164,2020-07-13 15:30:00,12.19,12.22,12.11,12.11,1634
50,163,2020-07-13 16:00:00,12.11,12.11,11.98,12.04,1343
51,162,2020-07-14 10:00:00,11.96,12.09,11.96,12.09,634
52,161,2020-07-14 11:00:00,11.99,11.99,11.99,11.99,200
53,160,2020-07-14 11:30:00,11.9436,11.9436,11.9436,11.9436,629
54,159,2020-07-14 12:00:00,11.95,11.95,11.91,11.91,700
55,158,2020-07-14 12:30:00,11.95,11.95,11.95,11.95,100
56,157,2020-07-14 14:00:00,11.95,11.95,11.95,11.95,500
57,156,2020-07-14 15:30:00,11.95,11.97,11.95,11.9501,800
58,155,2020-07-14 16:00:00,11.95,12.023,11.95,12.023,56095
59,154,2020-07-15 10:00:00,12.15,12.155,12.01,12.15,9593
60,153,2020-07-15 10:30:00,12.1301,12.2208,12.13,12.2208,2637
61,152,2020-07-15 11:00:00,12.18,12.18,12.18,12.18,364
62,151,2020-07-15 11:30:00,12.19,12.19,12.17,12.17,300
63,150,2020-07-15 12:00:00,12.19,12.19,12.15,12.15,3200
64,149,2020-07-15 12:30:00,12.13,12.149000000000001,12.1,12.11,3177
65,148,2020-07-15 13:00:00,12.13,12.1706,12.11,12.1706,1102
66,147,2020-07-15 13:30:00,12.19,12.19,12.16,12.16,3156
67,146,2020-07-15 14:00:00,12.19,12.2,12.185,12.2,405
68,145,2020-07-15 14:30:00,12.17,12.2,12.17,12.175,3500
69,144,2020-07-15 15:00:00,12.16,12.18,12.16,12.18,517
70,143,2020-07-15 15:30:00,12.18,12.19,12.1779,12.19,5967
71,142,2020-07-15 16:00:00,12.16,12.21,12.16,12.21,2305
72,141,2020-07-16 10:00:00,12.13,12.13,12.13,12.13,425
73,140,2020-07-16 10:30:00,12.12,12.13,12.12,12.13,3600
74,139,2020-07-16 11:30:00,12.13,12.19,12.13,12.19,1354
75,138,2020-07-16 12:00:00,12.1591,12.21,12.1591,12.21,700
76,137,2020-07-16 14:00:00,12.14,12.1505,12.09,12.1505,5200
77,136,2020-07-16 14:30:00,12.1,12.16,12.09,12.16,5505
78,135,2020-07-16 15:00:00,12.1,12.1,12.06,12.1,6365
79,134,2020-07-16 15:30:00,12.1,12.11,12.1,12.11,500
80,133,2020-07-16 16:00:00,12.13,12.13,12.11,12.11,953
81,132,2020-07-17 10:00:00,12.12,12.12,12.12,12.12,568
82,131,2020-07-17 11:30:00,12.11,12.11,12.11,12.11,100
83,130,2020-07-17 12:00:00,12.1,12.1,12.1,12.1,230
84,129,2020-07-17 12:30:00,12.105,12.105,12.105,12.105,388
85,128,2020-07-17 16:00:00,12.118,12.12,12.11,12.11,3393
86,127,2020-07-20 10:00:00,12.18,12.19,12.17,12.17,5953
87,126,2020-07-20 11:00:00,12.2398,12.2398,12.2398,12.2398,200
88,125,2020-07-20 11:30:00,12.24,12.24,12.2373,12.2373,1033
89,124,2020-07-20 12:00:00,12.228,12.32,12.228,12.32,3324
90,123,2020-07-20 12:30:00,12.305,12.325,12.29,12.325,300
91,122,2020-07-20 13:00:00,12.305,12.305,12.305,12.305,105
92,121,2020-07-20 14:00:00,12.3,12.3,12.28,12.28,957
93,120,2020-07-20 14:30:00,12.29,12.31,12.29,12.31,362
94,119,2020-07-20 15:00:00,12.3188,12.3188,12.3188,12.3188,759
95,118,2020-07-20 15:30:00,12.33,12.35,12.25,12.25,4899
96,117,2020-07-20 16:00:00,12.31,12.32,12.31,12.31,4426
97,116,2020-07-21 10:00:00,12.37,12.43,12.365,12.43,2842
98,115,2020-07-21 12:00:00,12.49,12.49,12.47,12.47,2060
99,114,2020-07-21 12:30:00,12.47,12.495,12.44,12.495,4345
100,113,2020-07-21 14:00:00,12.51,12.51,12.51,12.51,211
101,112,2020-07-21 15:30:00,12.5301,12.59,12.5117,12.5117,1104
102,111,2020-07-21 16:00:00,12.535,12.587,12.51,12.53,1940
103,110,2020-07-22 10:00:00,12.56,12.56,12.5,12.5,4548
104,109,2020-07-22 10:30:00,12.54,12.54,12.51,12.5184,2316
105,108,2020-07-22 11:00:00,12.5243,12.525,12.51,12.525,559
106,107,2020-07-22 11:30:00,12.525,12.555,12.525,12.555,1300
107,106,2020-07-22 12:00:00,12.542,12.542,12.5232,12.5232,2100
108,105,2020-07-22 12:30:00,12.52,12.57,12.52,12.57,1231
109,104,2020-07-22 13:00:00,12.57,12.58,12.5672,12.58,1605
110,103,2020-07-22 13:30:00,12.6546,12.6546,12.6546,12.6546,186
111,102,2020-07-22 14:00:00,12.57,12.63,12.57,12.617,1322
112,101,2020-07-22 14:30:00,12.6115,12.6115,12.6115,12.6115,224
113,100,2020-07-22 15:00:00,12.57,12.65,12.57,12.65,1736
114,99,2020-07-22 16:00:00,12.645,12.65,12.53,12.59,2979
115,98,2020-07-23 10:00:00,12.54,12.54,12.3901,12.47,1829
116,97,2020-07-23 10:30:00,12.48,12.575,12.45,12.575,18893
117,96,2020-07-23 12:00:00,12.5556,12.62,12.5556,12.59,2583
118,95,2020-07-23 12:30:00,12.62,12.63,12.595,12.61,5149
119,94,2020-07-23 13:00:00,12.62,12.6831,12.61,12.61,527
120,93,2020-07-23 13:30:00,12.58,12.6096,12.57,12.6096,12754
121,92,2020-07-23 14:00:00,12.58,12.595,12.58,12.595,316
122,91,2020-07-23 14:30:00,12.56,12.5601,12.53,12.53,2450
123,90,2020-07-23 15:00:00,12.51,12.55,12.5,12.55,2754
124,89,2020-07-23 15:30:00,12.53,12.53,12.46,12.51,1556
125,88,2020-07-23 16:00:00,12.515,12.5292,12.5,12.5292,3448
126,87,2020-07-24 10:00:00,12.42,12.4821,12.41,12.41,1153
127,86,2020-07-24 12:00:00,12.4298,12.4298,12.41,12.41,1443
128,85,2020-07-24 12:30:00,12.377,12.377,12.377,12.377,1000
129,84,2020-07-24 13:30:00,12.395,12.395,12.3515,12.3515,1302
130,83,2020-07-24 16:00:00,12.36,12.3601,12.36,12.3601,747
131,82,2020-07-27 10:00:00,12.49,12.52,12.49,12.52,2208
132,81,2020-07-27 10:30:00,12.5514,12.5514,12.536,12.536,232
133,80,2020-07-27 11:00:00,12.6,12.64,12.57,12.57,2207
134,79,2020-07-27 11:30:00,12.63,12.63,12.63,12.63,200
135,78,2020-07-27 12:00:00,12.65,12.65,12.6422,12.6422,1200
136,77,2020-07-27 12:30:00,12.6462,12.6824,12.63,12.6592,2742
137,76,2020-07-27 13:00:00,12.6456,12.6456,12.6456,12.6456,1000
138,75,2020-07-27 14:30:00,12.64,12.67,12.64,12.67,1861
139,74,2020-07-27 15:00:00,12.6728,12.677,12.58,12.58,2939
140,73,2020-07-27 15:30:00,12.6,12.6,12.6,12.6,300
141,72,2020-07-27 16:00:00,12.62,12.639000000000001,12.605,12.62,6731
142,71,2020-07-28 10:00:00,12.6,12.6,12.6,12.6,1020
143,70,2020-07-28 12:30:00,12.65,12.6756,12.65,12.6756,3138
144,69,2020-07-28 13:00:00,12.6612,12.6612,12.6612,12.6612,500
145,68,2020-07-28 13:30:00,12.73,12.73,12.73,12.73,1000
146,67,2020-07-28 14:00:00,12.690999999999999,12.690999999999999,12.690999999999999,12.690999999999999,500
147,66,2020-07-28 14:30:00,12.69,12.69,12.65,12.6512,1200
148,65,2020-07-28 15:00:00,12.65,12.6512,12.58,12.6512,1012
149,64,2020-07-28 16:00:00,12.585,12.585,12.54,12.54,446
150,63,2020-07-29 10:30:00,12.685,12.69,12.685,12.69,242
151,62,2020-07-29 12:00:00,12.6471,12.724,12.6471,12.724,5839
152,61,2020-07-29 13:00:00,12.765,12.765,12.75,12.75,1106
153,60,2020-07-29 14:30:00,12.8101,12.8101,12.81,12.81,6768
154,59,2020-07-29 15:00:00,12.835,12.84,12.835,12.84,700
155,58,2020-07-29 15:30:00,12.84,12.86,12.81,12.86,22271
156,57,2020-07-29 16:00:00,12.86,12.92,12.82,12.86,17450
157,56,2020-07-30 10:00:00,12.74,12.74,12.25,12.25,360
158,55,2020-07-30 11:00:00,12.6363,12.6676,12.6363,12.6676,400
159,54,2020-07-30 12:00:00,12.755,12.755,12.722000000000001,12.745999999999999,2574
160,53,2020-07-30 12:30:00,12.76,12.76,12.75,12.758,6500
161,52,2020-07-30 13:00:00,12.7928,12.83,12.7928,12.83,5436
162,51,2020-07-30 13:30:00,12.806,12.806,12.367,12.367,2414
163,50,2020-07-30 14:00:00,12.4105,12.674000000000001,12.4105,12.674000000000001,3606
164,49,2020-07-30 14:30:00,12.686,12.7,12.686,12.7,5322
165,48,2020-07-30 15:00:00,12.725,12.725,12.725,12.725,322
166,47,2020-07-30 15:30:00,12.71,12.77,12.71,12.77,19469
167,46,2020-07-30 16:00:00,12.77,12.83,12.77,12.82,20606
168,45,2020-07-31 10:00:00,12.84,12.84,12.84,12.84,201
169,44,2020-07-31 11:00:00,12.78,12.78,12.76,12.76,3109
170,43,2020-07-31 11:30:00,12.76,12.769,12.6111,12.6111,5386
171,42,2020-07-31 12:00:00,12.695,12.695,12.695,12.695,584
172,41,2020-07-31 12:30:00,12.7,12.7,12.65,12.65,636
173,40,2020-07-31 13:00:00,12.72,12.72,12.6851,12.6851,1443
174,39,2020-07-31 13:30:00,12.66,12.66,12.66,12.66,424
175,38,2020-07-31 14:00:00,12.66,12.66,12.66,12.66,180
176,37,2020-07-31 14:30:00,12.66,12.66,12.65,12.65,1047
177,36,2020-07-31 15:00:00,12.65,12.65,12.65,12.65,633
178,35,2020-07-31 15:30:00,12.66,12.667,12.66,12.66,1764
179,34,2020-07-31 16:00:00,12.66,12.695,12.66,12.66,3018
180,33,2020-08-03 10:00:00,12.71,12.71,12.71,12.71,7213
181,32,2020-08-03 10:30:00,12.65,12.73,12.58,12.58,2784
182,31,2020-08-03 11:00:00,12.6293,12.6539,12.58,12.58,1349
183,30,2020-08-03 11:30:00,12.5574,12.71,12.5574,12.71,3457
184,29,2020-08-03 12:00:00,12.642000000000001,12.66,12.642000000000001,12.66,556
185,28,2020-08-03 12:30:00,12.642000000000001,12.642000000000001,12.642000000000001,12.642000000000001,1084
186,27,2020-08-03 13:00:00,12.66,12.66,12.66,12.66,925
187,26,2020-08-03 14:00:00,12.7374,12.835,12.66,12.835,6225
188,25,2020-08-03 14:30:00,12.77,12.77,12.75,12.7501,1100
189,24,2020-08-03 15:00:00,12.72,12.73,12.67,12.695,4193
190,23,2020-08-03 15:30:00,12.695,12.695,12.665,12.69,3526
191,22,2020-08-03 16:00:00,12.69,12.78,12.68,12.71,11082
192,21,2020-08-04 10:00:00,12.75,12.75,12.75,12.75,248
193,20,2020-08-04 11:00:00,12.8762,12.8799,12.71,12.71,2800
194,19,2020-08-04 11:30:00,12.72,12.72,12.71,12.71,929
195,18,2020-08-04 12:00:00,12.71,12.722999999999999,12.71,12.722999999999999,260
196,17,2020-08-04 12:30:00,12.775,12.775,12.775,12.775,500
197,16,2020-08-04 13:00:00,12.72,12.7601,12.71,12.71,1142
198,15,2020-08-04 13:30:00,12.71,12.72,12.7,12.72,3498
199,14,2020-08-04 15:00:00,12.71,12.71,12.71,12.71,695
200,13,2020-08-04 15:30:00,12.735,12.735,12.72,12.73,670
201,12,2020-08-04 16:00:00,12.75,12.7701,12.75,12.77,2197
202,11,2020-08-05 10:00:00,12.84,12.84,12.84,12.84,1020
203,10,2020-08-05 10:30:00,12.78,12.78,12.7,12.7,1207
204,9,2020-08-05 11:00:00,12.69,12.82,12.69,12.82,5600
205,8,2020-08-05 11:30:00,12.75,12.785,12.75,12.785,389
206,7,2020-08-05 12:00:00,12.8173,12.84,12.75,12.75,3969
207,6,2020-08-05 12:30:00,12.815,12.8285,12.81,12.82,1058
208,5,2020-08-05 13:30:00,12.7748,12.81,12.7748,12.81,934
209,4,2020-08-05 14:00:00,12.7505,12.8,12.7505,12.8,1342
210,3,2020-08-05 14:30:00,12.82,12.82,12.79,12.79,277
211,2,2020-08-05 15:00:00,12.81,12.81,12.81,12.81,143
212,1,2020-08-05 15:30:00,12.7995,12.7995,12.78,12.79,706
213,0,2020-08-05 16:00:00,12.8,12.81,12.78,12.78,3330
