,index,time,open,high,low,close,volume
0,522,2020-09-08 04:30:00,1.26,1.31,1.26,1.31,600
1,521,2020-09-08 05:00:00,1.23,1.24,1.23,1.24,949
2,520,2020-09-08 05:30:00,1.24,1.24,1.24,1.24,2001
3,519,2020-09-08 06:00:00,1.25,1.25,1.25,1.25,2851
4,518,2020-09-08 07:30:00,1.27,1.3,1.26,1.27,39197
5,517,2020-09-08 08:00:00,1.27,1.27,1.25,1.25,18631
6,516,2020-09-08 08:30:00,1.28,1.3,1.21,1.21,106739
7,515,2020-09-08 09:00:00,1.21,1.23,1.21,1.22,49909
8,514,2020-09-08 09:30:00,1.2298,1.25,1.22,1.23,191335
9,513,2020-09-08 10:00:00,1.23,1.24,1.11,1.1287,10781530
10,512,2020-09-08 10:30:00,1.125,1.14,1.12,1.14,5695433
11,511,2020-09-08 11:00:00,1.13,1.14,1.13,1.135,3227903
12,510,2020-09-08 11:30:00,1.135,1.14,1.13,1.13,1704354
13,509,2020-09-08 12:00:00,1.13,1.14,1.1,1.105,5124534
14,508,2020-09-08 12:30:00,1.1044,1.11,1.1,1.105,2747712
15,507,2020-09-08 13:00:00,1.105,1.11,1.1,1.105,1360623
16,506,2020-09-08 13:30:00,1.1,1.11,1.06,1.06,6203444
17,505,2020-09-08 14:00:00,1.0687,1.07,1.01,1.01,11656031
18,504,2020-09-08 14:30:00,1.0101,1.03,1.01,1.01,5852698
19,503,2020-09-08 15:00:00,1.02,1.02,1.01,1.01,2981217
20,502,2020-09-08 15:30:00,1.01,1.02,1.01,1.01,3109259
21,501,2020-09-08 16:00:00,1.01,1.02,1.01,1.015,6743868
22,500,2020-09-08 16:30:00,1.03,1.06,1.02,1.06,539733
23,499,2020-09-08 17:00:00,1.06,1.07,1.04,1.04,106630
24,498,2020-09-08 17:30:00,1.04,1.05,1.03,1.04,59371
25,497,2020-09-08 18:00:00,1.04,1.04,1.03,1.03,64650
26,496,2020-09-08 18:30:00,1.04,1.04,1.03,1.03,34823
27,495,2020-09-08 19:00:00,1.04,1.04,1.03,1.04,21929
28,494,2020-09-08 19:30:00,1.04,1.04,1.03,1.04,10300
29,493,2020-09-08 20:00:00,1.03,1.04,1.03,1.03,21200
30,492,2020-09-09 06:00:00,1.08,1.08,1.08,1.08,486
31,491,2020-09-09 06:30:00,1.09,1.09,1.08,1.08,1901
32,490,2020-09-09 07:00:00,1.08,1.08,1.06,1.06,2500
33,489,2020-09-09 07:30:00,1.06,1.09,1.05,1.06,31172
34,488,2020-09-09 08:00:00,1.07,1.08,1.07,1.08,3519
35,487,2020-09-09 08:30:00,1.08,1.09,1.05,1.08,140798
36,486,2020-09-09 09:00:00,1.08,1.1,1.07,1.09,110562
37,485,2020-09-09 09:30:00,1.08,1.11,1.07,1.1,276672
38,484,2020-09-09 10:00:00,1.1,1.1,1.02,1.04,7288156
39,483,2020-09-09 10:30:00,1.04,1.05,1.035,1.05,4522660
40,482,2020-09-09 11:00:00,1.04,1.05,1.04,1.04,936643
41,481,2020-09-09 11:30:00,1.04,1.05,1.03,1.03,1756080
42,480,2020-09-09 12:00:00,1.03,1.04,1.03,1.0398,759647
43,479,2020-09-09 12:30:00,1.03,1.04,1.03,1.03,642359
44,478,2020-09-09 13:00:00,1.03,1.04,1.03,1.035,783050
45,477,2020-09-09 13:30:00,1.035,1.07,1.03,1.065,3287238
46,476,2020-09-09 14:00:00,1.065,1.07,1.05,1.05,1211264
47,475,2020-09-09 14:30:00,1.055,1.07,1.05,1.06,1424695
48,474,2020-09-09 15:00:00,1.06,1.07,1.06,1.06,652753
49,473,2020-09-09 15:30:00,1.06,1.07,1.06,1.065,371080
50,472,2020-09-09 16:00:00,1.065,1.07,1.05,1.05,1973677
51,471,2020-09-09 16:30:00,1.0698,1.0698,1.05,1.0598,188889
52,470,2020-09-09 17:00:00,1.05,1.06,1.05,1.06,9151
53,469,2020-09-09 17:30:00,1.06,1.0698,1.05,1.06,41312
54,468,2020-09-09 18:00:00,1.06,1.06,1.05,1.06,12079
55,467,2020-09-09 18:30:00,1.05,1.07,1.05,1.07,42620
56,466,2020-09-09 19:00:00,1.05,1.06,1.05,1.05,10865
57,465,2020-09-09 19:30:00,1.05,1.06,1.05,1.06,3247
58,464,2020-09-09 20:00:00,1.06,1.06,1.06,1.06,15000
59,463,2020-09-10 04:30:00,1.05,1.05,1.05,1.05,706
60,462,2020-09-10 07:00:00,1.05,1.05,1.05,1.05,989
61,461,2020-09-10 07:30:00,1.08,1.08,1.05,1.07,22568
62,460,2020-09-10 08:00:00,1.06,1.07,1.06,1.07,6300
63,459,2020-09-10 08:30:00,1.06,1.08,1.06,1.07,43727
64,458,2020-09-10 09:00:00,1.0601,1.08,1.06,1.08,5633
65,457,2020-09-10 09:30:00,1.0701,1.08,1.06,1.06,49710
66,456,2020-09-10 10:00:00,1.07,1.08,0.99,1.03,8961570
67,455,2020-09-10 10:30:00,1.025,1.06,1.01,1.06,3557454
68,454,2020-09-10 11:00:00,1.055,1.07,1.04,1.045,2216273
69,453,2020-09-10 11:30:00,1.045,1.05,1.03,1.03,773853
70,452,2020-09-10 12:00:00,1.035,1.04,1.03,1.03,875825
71,451,2020-09-10 12:30:00,1.03,1.05,1.03,1.045,1297553
72,450,2020-09-10 13:00:00,1.0487,1.08,1.04,1.065,3139817
73,449,2020-09-10 13:30:00,1.065,1.07,1.05,1.05,1343398
74,448,2020-09-10 14:00:00,1.05,1.06,1.03,1.03,866513
75,447,2020-09-10 14:30:00,1.035,1.05,1.03,1.045,1301239
76,446,2020-09-10 15:00:00,1.046,1.05,1.03,1.035,776440
77,445,2020-09-10 15:30:00,1.04,1.04,1.01,1.0236,1348871
78,444,2020-09-10 16:00:00,1.025,1.04,1.01,1.03,3413921
79,443,2020-09-10 16:30:00,1.03,1.03,1.02,1.03,329950
80,442,2020-09-10 17:00:00,1.02,1.03,1.02,1.02,5160
81,441,2020-09-10 17:30:00,1.02,1.03,1.02,1.03,9086
82,440,2020-09-10 18:00:00,1.03,1.04,1.03,1.04,2731
83,439,2020-09-10 18:30:00,1.04,1.04,1.03,1.03,1873
84,438,2020-09-10 19:00:00,1.03,1.03,1.03,1.03,2499
85,437,2020-09-10 19:30:00,1.02,1.02,1.02,1.02,1497
86,436,2020-09-10 20:00:00,1.03,1.04,1.03,1.03,3194
87,435,2020-09-11 06:30:00,1.07,1.07,1.07,1.07,2510
88,434,2020-09-11 07:30:00,1.05,1.06,1.05,1.05,5702
89,433,2020-09-11 08:00:00,1.05,1.06,1.05,1.05,1394
90,432,2020-09-11 08:30:00,1.06,1.06,1.0401,1.0401,16982
91,431,2020-09-11 09:00:00,1.04,1.05,1.04,1.04,20280
92,430,2020-09-11 09:30:00,1.03,1.04,1.02,1.03,36798
93,429,2020-09-11 10:00:00,1.02,1.05,1.0102,1.03,1800603
94,428,2020-09-11 10:30:00,1.03,1.04,1.02,1.035,977343
95,427,2020-09-11 11:00:00,1.0332,1.05,1.03,1.04,947795
96,426,2020-09-11 11:30:00,1.04,1.05,1.03,1.0387,449839
97,425,2020-09-11 12:00:00,1.0399,1.04,1.02,1.02,584891
98,424,2020-09-11 12:30:00,1.02,1.03,1.01,1.015,900932
99,423,2020-09-11 13:00:00,1.01,1.02,1.0,1.005,925122
100,422,2020-09-11 13:30:00,1.01,1.01,1.0,1.0,677627
101,421,2020-09-11 14:00:00,1.005,1.01,0.98,0.9883,3470764
102,420,2020-09-11 14:30:00,0.9888,0.9941,0.9643,0.9727,2694281
103,419,2020-09-11 15:00:00,0.9697,0.986,0.9674,0.9754,1609839
104,418,2020-09-11 15:30:00,0.97535,0.98,0.96,0.973701,1840367
105,417,2020-09-11 16:00:00,0.9742799999999999,0.9887,0.9740000000000001,0.9843,2793507
106,416,2020-09-11 16:30:00,0.9862,1.0,0.98,1.0,141744
107,415,2020-09-11 17:00:00,0.9904,1.0,0.9902,0.9905,4928
108,414,2020-09-11 17:30:00,0.9902,1.01,0.9902,1.01,17423
109,413,2020-09-11 18:00:00,1.01,1.01,0.9902,0.9902,2053
110,412,2020-09-11 18:30:00,0.9902,1.01,0.9902,1.01,8134
111,411,2020-09-11 19:30:00,0.995,0.995,0.995,0.995,2000
112,410,2020-09-11 20:00:00,0.9951,1.0,0.995,1.0,4423
113,409,2020-09-14 05:00:00,1.0,1.0,1.0,1.0,490
114,408,2020-09-14 06:00:00,1.0,1.0,1.0,1.0,235
115,407,2020-09-14 07:00:00,1.04,1.04,1.04,1.04,299
116,406,2020-09-14 07:30:00,1.0,1.0,1.0,1.0,9400
117,405,2020-09-14 08:00:00,1.0,1.0,1.0,1.0,5938
118,404,2020-09-14 08:30:00,1.0099,1.01,0.99,0.99,51799
119,403,2020-09-14 09:00:00,0.99,0.9999,0.99,0.9999,76462
120,402,2020-09-14 09:30:00,0.99,1.0,0.99,0.99,106122
121,401,2020-09-14 10:00:00,0.99,0.991,0.9,0.9373,6276836
122,400,2020-09-14 10:30:00,0.9347,0.9519,0.9309999999999999,0.9424,2099243
123,399,2020-09-14 11:00:00,0.941,0.9468,0.9306,0.9463,1793396
124,398,2020-09-14 11:30:00,0.946375,0.99,0.9463,0.9853,1821764
125,397,2020-09-14 12:00:00,0.9853,0.9932,0.985,0.9892,1340302
126,396,2020-09-14 12:30:00,0.9892,1.02,0.9885,0.9967,2094149
127,395,2020-09-14 13:00:00,0.9975,1.02,0.9951,1.015,1577375
128,394,2020-09-14 13:30:00,1.02,1.02,1.01,1.01,649837
129,393,2020-09-14 14:00:00,1.01,1.02,0.9901,1.0,1502694
130,392,2020-09-14 14:30:00,1.004,1.01,1.0,1.0,449017
131,391,2020-09-14 15:00:00,1.0,1.01,0.9921,1.0,1190830
132,390,2020-09-14 15:30:00,1.005,1.02,1.0,1.005,1133847
133,389,2020-09-14 16:00:00,1.01,1.03,1.0,1.01,4387993
134,388,2020-09-14 16:30:00,1.01,1.02,1.01,1.02,198311
135,387,2020-09-14 17:00:00,1.02,1.04,1.01,1.03,179316
136,386,2020-09-14 17:30:00,1.03,1.04,1.01,1.02,39872
137,385,2020-09-14 18:00:00,1.02,1.02,1.01,1.02,2784
138,384,2020-09-14 18:30:00,1.01,1.01,1.01,1.01,7618
139,383,2020-09-14 19:00:00,1.01,1.01,1.01,1.01,2500
140,382,2020-09-14 19:30:00,1.01,1.01,1.01,1.01,144
141,381,2020-09-14 20:00:00,1.01,1.01,1.01,1.01,4800
142,380,2020-09-15 05:00:00,1.02,1.02,1.02,1.02,138
143,379,2020-09-15 06:30:00,1.02,1.02,1.02,1.02,4000
144,378,2020-09-15 07:30:00,1.04,1.04,1.03,1.03,5703
145,377,2020-09-15 08:30:00,1.0201,1.04,1.02,1.0399,111238
146,376,2020-09-15 09:00:00,1.04,1.04,1.03,1.03,8481
147,375,2020-09-15 09:30:00,1.04,1.04,1.02,1.03,75684
148,374,2020-09-15 10:00:00,1.03,1.1,1.02,1.05,4952871
149,373,2020-09-15 10:30:00,1.0501,1.07,1.04,1.06,2514236
150,372,2020-09-15 11:00:00,1.05,1.08,1.04,1.07,1843073
151,371,2020-09-15 11:30:00,1.07,1.08,1.06,1.07,739876
152,370,2020-09-15 12:00:00,1.0702,1.08,1.05,1.055,1082709
153,369,2020-09-15 12:30:00,1.05,1.09,1.05,1.08,1511709
154,368,2020-09-15 13:00:00,1.08,1.09,1.06,1.06,1268728
155,367,2020-09-15 13:30:00,1.07,1.09,1.06,1.075,1385707
156,366,2020-09-15 14:00:00,1.075,1.12,1.07,1.08,3247882
157,365,2020-09-15 14:30:00,1.085,1.09,1.07,1.07,910135
158,364,2020-09-15 15:00:00,1.07,1.07,1.05,1.05,802182
159,363,2020-09-15 15:30:00,1.05,1.06,1.05,1.05,786410
160,362,2020-09-15 16:00:00,1.05,1.07,1.05,1.06,2919431
161,361,2020-09-15 16:30:00,1.07,1.0898,1.0302,1.05,54786
162,360,2020-09-15 17:00:00,1.0502,1.07,1.05,1.07,11093
163,359,2020-09-15 17:30:00,1.0602,1.07,1.0602,1.07,7940
164,358,2020-09-15 18:00:00,1.07,1.07,1.06,1.07,2413
165,357,2020-09-15 18:30:00,1.07,1.07,1.07,1.07,100
166,356,2020-09-15 19:00:00,1.07,1.07,1.0601,1.0601,6000
167,355,2020-09-15 19:30:00,1.07,1.07,1.06,1.06,700
168,354,2020-09-15 20:00:00,1.07,1.08,1.07,1.08,5907
169,353,2020-09-16 04:30:00,1.07,1.09,1.07,1.09,6300
170,352,2020-09-16 05:00:00,1.09,1.09,1.09,1.09,3000
171,351,2020-09-16 05:30:00,1.1,1.1,1.1,1.1,100
172,350,2020-09-16 06:30:00,1.09,1.09,1.07,1.07,26411
173,349,2020-09-16 07:00:00,1.07,1.09,1.07,1.08,16165
174,348,2020-09-16 07:30:00,1.08,1.08,1.07,1.07,1585
175,347,2020-09-16 08:00:00,1.07,1.08,1.07,1.07,2049
176,346,2020-09-16 08:30:00,1.0799,1.08,1.06,1.06,57751
177,345,2020-09-16 09:00:00,1.06,1.06,1.04,1.05,37930
178,344,2020-09-16 09:30:00,1.04,1.06,1.04,1.05,52854
179,343,2020-09-16 10:00:00,1.06,1.07,1.02,1.055,2807739
180,342,2020-09-16 10:30:00,1.055,1.1,1.055,1.1,1716660
181,341,2020-09-16 11:00:00,1.095,1.14,1.08,1.14,3996836
182,340,2020-09-16 11:30:00,1.14,1.14,1.1,1.12,1981874
183,339,2020-09-16 12:00:00,1.1202,1.14,1.11,1.1252,1391389
184,338,2020-09-16 12:30:00,1.129,1.14,1.11,1.13,1466799
185,337,2020-09-16 13:00:00,1.135,1.15,1.12,1.135,1300195
186,336,2020-09-16 13:30:00,1.135,1.15,1.12,1.14,1359193
187,335,2020-09-16 14:00:00,1.145,1.15,1.11,1.145,3953383
188,334,2020-09-16 14:30:00,1.145,1.16,1.12,1.1201,2580085
189,333,2020-09-16 15:00:00,1.12,1.14,1.1,1.105,1791844
190,332,2020-09-16 15:30:00,1.105,1.11,1.06,1.065,4610190
191,331,2020-09-16 16:00:00,1.065,1.09,1.05,1.0746,3775072
192,330,2020-09-16 16:30:00,1.08,1.1,1.08,1.09,5477792
193,329,2020-09-16 17:00:00,1.09,1.1,1.08,1.1,37718
194,328,2020-09-16 17:30:00,1.1,1.1,1.08,1.1,15104
195,327,2020-09-16 18:00:00,1.1,1.1,1.08,1.1,7949
196,326,2020-09-16 18:30:00,1.1,1.1,1.09,1.09,4550
197,325,2020-09-16 19:00:00,1.09,1.1,1.09,1.1,2100
198,324,2020-09-16 19:30:00,1.09,1.09,1.09,1.09,1000
199,323,2020-09-16 20:00:00,1.09,1.1,1.09,1.1,2056
200,322,2020-09-17 04:30:00,1.03,1.08,1.03,1.05,1387
201,321,2020-09-17 05:00:00,1.06,1.06,1.06,1.06,1000
202,320,2020-09-17 06:00:00,1.06,1.06,1.06,1.06,3000
203,319,2020-09-17 06:30:00,1.06,1.06,1.05,1.05,300
204,318,2020-09-17 07:00:00,1.05,1.05,1.05,1.05,124
205,317,2020-09-17 07:30:00,1.06,1.07,1.06,1.07,5467
206,316,2020-09-17 08:00:00,1.06,1.07,1.06,1.07,23209
207,315,2020-09-17 08:30:00,1.05,1.08,1.05,1.07,171156
208,314,2020-09-17 09:00:00,1.07,1.08,1.07,1.07,45042
209,313,2020-09-17 09:30:00,1.07,1.08,1.06,1.08,84173
210,312,2020-09-17 10:00:00,1.08,1.1,1.05,1.085,2398999
211,311,2020-09-17 10:30:00,1.085,1.12,1.08,1.105,1447837
212,310,2020-09-17 11:00:00,1.1065,1.11,1.09,1.095,816014
213,309,2020-09-17 11:30:00,1.0968,1.11,1.09,1.1,1645148
214,308,2020-09-17 12:00:00,1.11,1.11,1.08,1.085,754939
215,307,2020-09-17 12:30:00,1.085,1.09,1.06,1.075,1201265
216,306,2020-09-17 13:00:00,1.075,1.09,1.07,1.085,516387
217,305,2020-09-17 13:30:00,1.085,1.09,1.07,1.075,468142
218,304,2020-09-17 14:00:00,1.075,1.09,1.0713,1.085,453525
219,303,2020-09-17 14:30:00,1.085,1.09,1.07,1.0747959999999999,574221
220,302,2020-09-17 15:00:00,1.075,1.09,1.07,1.09,574476
221,301,2020-09-17 15:30:00,1.085,1.1,1.07,1.095,1089618
222,300,2020-09-17 16:00:00,1.1,1.13,1.09,1.13,2988158
223,299,2020-09-17 16:30:00,1.11,1.13,1.07,1.1,123225
224,298,2020-09-17 17:00:00,1.13,1.13,1.1002,1.11,3653841
225,297,2020-09-17 17:30:00,1.11,1.11,1.1,1.11,4038
226,296,2020-09-17 18:00:00,1.11,1.11,1.1,1.11,52370
227,295,2020-09-17 18:30:00,1.11,1.11,1.11,1.11,7600
228,294,2020-09-17 19:00:00,1.11,1.11,1.11,1.11,105
229,293,2020-09-18 07:30:00,1.13,1.14,1.11,1.11,21599
230,292,2020-09-18 08:00:00,1.12,1.13,1.12,1.12,2100
231,291,2020-09-18 08:30:00,1.1301,1.14,1.11,1.12,43523
232,290,2020-09-18 09:00:00,1.12,1.12,1.1,1.1,28603
233,289,2020-09-18 09:30:00,1.1,1.12,1.08,1.12,18236
234,288,2020-09-18 10:00:00,1.12,1.15,1.08,1.08,5225775
235,287,2020-09-18 10:30:00,1.0897,1.11,1.08,1.0819,2123664
236,286,2020-09-18 11:00:00,1.085,1.1,1.08,1.08,1472225
237,285,2020-09-18 11:30:00,1.085,1.09,1.06,1.075,2671922
238,284,2020-09-18 12:00:00,1.075,1.08,1.07,1.075,1566774
239,283,2020-09-18 12:30:00,1.075,1.08,1.05,1.055,1679053
240,282,2020-09-18 13:00:00,1.05,1.06,1.05,1.06,1325991
241,281,2020-09-18 13:30:00,1.0581,1.06,1.03,1.035,3167449
242,280,2020-09-18 14:00:00,1.03,1.04,1.03,1.035,1287301
243,279,2020-09-18 14:30:00,1.04,1.06,1.03,1.055,1871895
244,278,2020-09-18 15:00:00,1.055,1.07,1.05,1.055,1456278
245,277,2020-09-18 15:30:00,1.06,1.06,1.05,1.05,1937406
246,276,2020-09-18 16:00:00,1.055,1.07,1.04,1.06,6360676
247,275,2020-09-18 16:30:00,1.07,1.1,1.06,1.0617,6995723
248,274,2020-09-18 17:00:00,1.0617,1.08,1.05,1.08,462313
249,273,2020-09-18 17:30:00,1.08,1.08,1.0798,1.08,13332
250,272,2020-09-18 18:00:00,1.08,1.09,1.08,1.09,59349
251,271,2020-09-18 18:30:00,1.09,1.1,1.08,1.08,5300
252,270,2020-09-18 19:00:00,1.1,1.1,1.09,1.1,43814
253,269,2020-09-18 19:30:00,1.1,1.11,1.1,1.11,73934
254,268,2020-09-18 20:00:00,1.12,1.12,1.11,1.12,2150
255,267,2020-09-21 05:00:00,1.05,1.05,1.05,1.05,367
256,266,2020-09-21 06:00:00,1.03,1.03,1.0,1.0,3301
257,265,2020-09-21 07:00:00,1.0,1.0,1.0,1.0,600
258,264,2020-09-21 07:30:00,1.05,1.06,1.02,1.04,9630
259,263,2020-09-21 08:00:00,1.04,1.04,1.03,1.03,24514
260,262,2020-09-21 08:30:00,1.03,1.05,1.02,1.02,40475
261,261,2020-09-21 09:00:00,1.02,1.04,1.02,1.03,43236
262,260,2020-09-21 09:30:00,1.03,1.04,1.02,1.04,88195
263,259,2020-09-21 10:00:00,1.04,1.06,1.0,1.025,2686296
264,258,2020-09-21 10:30:00,1.0201,1.03,1.01,1.02,996799
265,257,2020-09-21 11:00:00,1.015,1.02,0.97,0.9755,3400039
266,256,2020-09-21 11:30:00,0.9755,1.01,0.9754,0.9826,3096778
267,255,2020-09-21 12:00:00,0.9826,1.02,0.9825,1.015,1844159
268,254,2020-09-21 12:30:00,1.0133,1.02,0.9901,0.9901,650887
269,253,2020-09-21 13:00:00,0.99015,1.02,0.99005,1.015,1146441
270,252,2020-09-21 13:30:00,1.015,1.02,1.0,1.0,574597
271,251,2020-09-21 14:00:00,1.005,1.01,0.9766,0.978,2383954
272,250,2020-09-21 14:30:00,0.9779,0.9829,0.9769,0.9797,1283213
273,249,2020-09-21 15:00:00,0.9786,0.988,0.9786,0.986,1302874
274,248,2020-09-21 15:30:00,0.986,0.9959,0.9773,0.990497,1377509
275,247,2020-09-21 16:00:00,0.9905,0.9957,0.9792,0.9888,2716786
276,246,2020-09-21 16:30:00,0.9919,1.0,0.9897,0.9902,345843
277,245,2020-09-21 17:00:00,1.0,1.01,0.9902,1.01,21677
278,244,2020-09-21 17:30:00,0.99,1.01,0.99,1.01,4211
279,243,2020-09-21 18:00:00,1.0,1.01,1.0,1.01,8259
280,242,2020-09-21 19:30:00,1.0099,1.01,1.0099,1.01,3187
281,241,2020-09-21 20:00:00,1.0,1.01,1.0,1.01,18155
282,240,2020-09-22 07:00:00,1.0,1.0,1.0,1.0,1000
283,239,2020-09-22 07:30:00,1.0,1.0,0.99,1.0,16448
284,238,2020-09-22 08:30:00,0.9999,1.03,0.9999,1.0199,31382
285,237,2020-09-22 09:00:00,1.02,1.02,1.0,1.01,5813
286,236,2020-09-22 09:30:00,1.0,1.02,1.0,1.01,30439
287,235,2020-09-22 10:00:00,1.01,1.03,0.985,1.01,1684517
288,234,2020-09-22 10:30:00,1.015,1.015,0.9903,0.9904,724071
289,233,2020-09-22 11:00:00,0.9904,1.01,0.9903,0.9905,1007639
290,232,2020-09-22 11:30:00,0.9905,1.0,0.9905,0.9999,605613
291,231,2020-09-22 12:00:00,0.9999,1.0,0.98,0.9825,1358738
292,230,2020-09-22 12:30:00,0.9823,0.9823,0.9616,0.9657,1634509
293,229,2020-09-22 13:00:00,0.9658,0.9719,0.9648,0.9719,1568003
294,228,2020-09-22 13:30:00,0.972,0.9874,0.9677,0.9812,1596782
295,227,2020-09-22 14:00:00,0.9855,0.9994,0.9812,0.9858,825596
296,226,2020-09-22 14:30:00,0.9863,1.0,0.9857,0.9969,942688
297,225,2020-09-22 15:00:00,0.9969,0.9975,0.982,0.9865,522101
298,224,2020-09-22 15:30:00,0.9865,0.9878,0.9829,0.9878,832584
299,223,2020-09-22 16:00:00,0.9877,0.9878,0.9757,0.9855,2056420
300,222,2020-09-22 16:30:00,0.99,0.9999,0.9851,0.9925,2304
301,221,2020-09-22 17:00:00,0.9999,1.0,0.9925,1.0,20259
302,220,2020-09-22 17:30:00,0.9926,0.9995,0.9925,0.9995,659
303,219,2020-09-22 18:00:00,0.9926,0.9985,0.9926,0.9985,5456
304,218,2020-09-22 18:30:00,0.993,0.993,0.9926,0.9926,763
305,217,2020-09-22 19:00:00,0.9927,0.9985,0.9926,0.9985,5664
306,216,2020-09-22 19:30:00,0.9990000000000001,1.0,0.9926,0.9926,101790
307,215,2020-09-22 20:00:00,0.9926,0.9926,0.9925,0.9925,2762
308,214,2020-09-23 04:30:00,0.97,0.97,0.9649,0.9649,3000
309,213,2020-09-23 07:00:00,0.9899,0.9899,0.9899,0.9899,100
310,212,2020-09-23 07:30:00,0.9899,1.0,0.9899,1.0,4000
311,211,2020-09-23 08:30:00,1.0,1.0,1.0,1.0,416
312,210,2020-09-23 09:00:00,0.9901,1.0,0.99,1.0,14249
313,209,2020-09-23 09:30:00,0.9998,0.9999,0.985,0.99,50261
314,208,2020-09-23 10:00:00,0.9999,1.02,0.97,0.9741,1945245
315,207,2020-09-23 10:30:00,0.9745,0.9748,0.96,0.9734,1198711
316,206,2020-09-23 11:00:00,0.97,0.9735,0.9504,0.9592,1720229
317,205,2020-09-23 11:30:00,0.9601,0.9654,0.95,0.9511,983008
318,204,2020-09-23 12:00:00,0.9511,0.955,0.9404,0.9413,1408713
319,203,2020-09-23 12:30:00,0.9412,0.9498,0.925,0.9496,1310212
320,202,2020-09-23 13:00:00,0.9486,0.9497,0.94,0.94,454517
321,201,2020-09-23 13:30:00,0.9437,0.9442,0.937,0.9387,559964
322,200,2020-09-23 14:00:00,0.9387,0.9398,0.93,0.9301,737701
323,199,2020-09-23 14:30:00,0.9301,0.9309,0.9087,0.9104,2365792
324,198,2020-09-23 15:00:00,0.91035,0.9104,0.88085,0.8885,3574606
325,197,2020-09-23 15:30:00,0.889,0.9059999999999999,0.8884,0.9025,2017047
326,196,2020-09-23 16:00:00,0.9016,0.9081,0.9,0.9,2432112
327,195,2020-09-23 16:30:00,0.9001,0.91,0.885,0.899,91997
328,194,2020-09-23 17:00:00,0.899,0.899,0.89,0.8902,35964
329,193,2020-09-23 17:30:00,0.899,0.91,0.89,0.909,55135
330,192,2020-09-23 18:00:00,0.9,0.91,0.9,0.91,38829
331,191,2020-09-23 18:30:00,0.91,0.92,0.91,0.91,15127
332,190,2020-09-23 19:00:00,0.9001,0.91,0.9,0.9,5425
333,189,2020-09-23 19:30:00,0.91,0.91,0.91,0.91,3751
334,188,2020-09-23 20:00:00,0.92,0.92,0.92,0.92,853
335,187,2020-09-24 04:30:00,0.92,0.92,0.86,0.86,3025
336,186,2020-09-24 07:30:00,0.9097,0.9229999999999999,0.9,0.91,12893
337,185,2020-09-24 08:00:00,0.9109999999999999,0.915,0.91,0.915,4104
338,184,2020-09-24 08:30:00,0.9298,0.9298,0.91,0.91,59564
339,183,2020-09-24 09:00:00,0.9101,0.9101,0.9,0.9,12733
340,182,2020-09-24 09:30:00,0.8801,0.9,0.879,0.879,46754
341,181,2020-09-24 10:00:00,0.88,0.8884,0.83,0.8697530000000001,3705959
342,180,2020-09-24 10:30:00,0.8697,0.9099,0.8697,0.89,1593973
343,179,2020-09-24 11:00:00,0.89,0.8983,0.8885,0.8983,862962
344,178,2020-09-24 11:30:00,0.8985,0.9188,0.8925,0.9059,1032890
345,177,2020-09-24 12:00:00,0.9063,0.9259999999999999,0.9063,0.9229999999999999,1019259
346,176,2020-09-24 12:30:00,0.9229999999999999,0.9382,0.92295,0.9301,1379001
347,175,2020-09-24 13:00:00,0.9301,0.9301,0.9022,0.9063,1135907
348,174,2020-09-24 13:30:00,0.9069,0.94,0.9063,0.9309999999999999,1040715
349,173,2020-09-24 14:00:00,0.9309,0.95,0.9306,0.9462,654208
350,172,2020-09-24 14:30:00,0.9463,0.9463,0.9251,0.9259999999999999,1130433
351,171,2020-09-24 15:00:00,0.92605,0.9261,0.89,0.8958,857505
352,170,2020-09-24 15:30:00,0.895,0.9041,0.8949,0.8954,757611
353,169,2020-09-24 16:00:00,0.8954,0.8998,0.89,0.89,1031088
354,168,2020-09-24 16:30:00,0.8901,0.93,0.89,0.9,276224
355,167,2020-09-24 17:00:00,0.91,0.91,0.895,0.91,2313
356,166,2020-09-24 17:30:00,0.91,0.91,0.9,0.91,600
357,165,2020-09-24 18:00:00,0.9092,0.92,0.895,0.91,5085
358,164,2020-09-24 19:00:00,0.92,0.92,0.92,0.92,3000
359,163,2020-09-24 19:30:00,0.91,0.92,0.91,0.92,5200
360,162,2020-09-24 20:00:00,0.91,0.92,0.91,0.92,11624
361,161,2020-09-25 07:00:00,0.9,0.9,0.89,0.89,449
362,160,2020-09-25 07:30:00,0.89,0.89,0.87,0.88,10862
363,159,2020-09-25 08:00:00,0.88,0.89,0.88,0.89,940
364,158,2020-09-25 08:30:00,0.8799,0.9,0.8799,0.9,17394
365,157,2020-09-25 09:00:00,0.9,0.91,0.9,0.91,4728
366,156,2020-09-25 09:30:00,0.9148,0.9189,0.8601,0.9124,42439
367,155,2020-09-25 10:00:00,0.87,0.8999,0.8513,0.871,1994524
368,154,2020-09-25 10:30:00,0.871,0.8771,0.8536,0.8603,1777340
369,153,2020-09-25 11:00:00,0.8601,0.8601,0.833,0.8338,4101296
370,152,2020-09-25 11:30:00,0.8338,0.8355,0.8218,0.8218,3847812
371,151,2020-09-25 12:00:00,0.8218,0.8227,0.8101,0.8111,3674440
372,150,2020-09-25 12:30:00,0.8112,0.8167,0.8,0.8161,3682383
373,149,2020-09-25 13:00:00,0.816,0.8216,0.8140000000000001,0.8155,1814861
374,148,2020-09-25 13:30:00,0.81545,0.8188,0.8071,0.8071,2203902
375,147,2020-09-25 14:00:00,0.8071,0.8072,0.8007,0.8007,2482214
376,146,2020-09-25 14:30:00,0.8008,0.8131,0.8,0.8078,3524988
377,145,2020-09-25 15:00:00,0.8078,0.8079999999999999,0.7914,0.7932,2920530
378,144,2020-09-25 15:30:00,0.7933,0.8005,0.7904,0.79835,3364677
379,143,2020-09-25 16:00:00,0.7983,0.8023,0.7982,0.7999,3392052
380,142,2020-09-25 16:30:00,0.8038,0.8267,0.8,0.8170000000000001,64316
381,141,2020-09-25 17:00:00,0.8170000000000001,0.82,0.8101,0.82,34818
382,140,2020-09-25 17:30:00,0.8170000000000001,0.82,0.8101,0.8189,16494
383,139,2020-09-25 18:00:00,0.818,0.818,0.8101,0.8158,12344
384,138,2020-09-25 18:30:00,0.818,0.82,0.8158,0.82,6349
385,137,2020-09-25 19:00:00,0.8103,0.82,0.81,0.82,18951
386,136,2020-09-25 19:30:00,0.82,0.82,0.8193,0.82,9300
387,135,2020-09-25 20:00:00,0.82,0.82,0.82,0.82,5100
388,134,2020-09-28 04:30:00,0.82,0.82,0.82,0.82,617
389,133,2020-09-28 05:00:00,0.82,0.82,0.8,0.8,1918
390,132,2020-09-28 07:30:00,0.84,0.85,0.82,0.83,15882
391,131,2020-09-28 08:00:00,0.83,0.83,0.83,0.83,4611
392,130,2020-09-28 08:30:00,0.82,0.86,0.82,0.8301,44688
393,129,2020-09-28 09:00:00,0.8301,0.84,0.83,0.84,15513
394,128,2020-09-28 09:30:00,0.83,0.85,0.82,0.85,167127
395,127,2020-09-28 10:00:00,0.8425,0.9,0.84,0.8785,4276102
396,126,2020-09-28 10:30:00,0.878425,0.8786,0.87,0.8745,1257040
397,125,2020-09-28 11:00:00,0.8745,0.899,0.8744,0.89805,2057304
398,124,2020-09-28 11:30:00,0.89805,0.8981,0.8881,0.8891,786190
399,123,2020-09-28 12:00:00,0.8891,0.8915,0.8888,0.8915,676426
400,122,2020-09-28 12:30:00,0.8918,0.9079999999999999,0.8917,0.9019,1667427
401,121,2020-09-28 13:00:00,0.902,0.9023,0.8939,0.8996,1156576
402,120,2020-09-28 13:30:00,0.8996,0.9123,0.8995,0.9123,1524280
403,119,2020-09-28 14:00:00,0.9118,0.9166,0.8992,0.89975,1404087
404,118,2020-09-28 14:30:00,0.89975,0.9017,0.8989,0.90025,606898
405,117,2020-09-28 15:00:00,0.90025,0.9085,0.8861,0.8966,1634388
406,116,2020-09-28 15:30:00,0.8967,0.9,0.89,0.8901,831501
407,115,2020-09-28 16:00:00,0.8901,0.8901,0.8727,0.8756,2569563
408,114,2020-09-28 16:30:00,0.89,0.9,0.85,0.88,27591
409,113,2020-09-28 17:00:00,0.89,0.9,0.87,0.897,427220
410,112,2020-09-28 17:30:00,0.9,0.9,0.87,0.87,25702
411,111,2020-09-28 18:00:00,0.87,0.89,0.87,0.89,2877
412,110,2020-09-28 18:30:00,0.89,0.89,0.87,0.87,17537
413,109,2020-09-28 19:00:00,0.8745,0.875,0.87,0.875,2824
414,108,2020-09-28 20:00:00,0.8751,0.88,0.8751,0.88,4417
415,107,2020-09-29 07:30:00,0.8999,0.8999,0.8999,0.8999,1101
416,106,2020-09-29 08:00:00,0.8825,0.9,0.8825,0.9,3002
417,105,2020-09-29 08:30:00,0.897,0.92,0.88,0.92,56189
418,104,2020-09-29 09:00:00,0.895,0.9199,0.89,0.8985,21246
419,103,2020-09-29 09:30:00,0.9,0.9,0.88,0.882,33543
420,102,2020-09-29 10:00:00,0.882,0.8899,0.81,0.8161,2937344
421,101,2020-09-29 10:30:00,0.8151,0.8296,0.8109999999999999,0.8199,1769282
422,100,2020-09-29 11:00:00,0.81981,0.8199,0.81,0.8119,1786874
423,99,2020-09-29 11:30:00,0.8119,0.8189,0.8106,0.8137,1227211
424,98,2020-09-29 12:00:00,0.81365,0.81365,0.8015,0.8073,1556272
425,97,2020-09-29 12:30:00,0.8073,0.8139,0.8041,0.8061,1595840
426,96,2020-09-29 13:00:00,0.8088,0.828,0.8076,0.8147,1506107
427,95,2020-09-29 13:30:00,0.8143,0.8151,0.8104,0.8124,1053887
428,94,2020-09-29 14:00:00,0.8132,0.8158,0.81,0.8154,962206
429,93,2020-09-29 14:30:00,0.8157,0.8440000000000001,0.8143,0.8348,1128580
430,92,2020-09-29 15:00:00,0.8320000000000001,0.8327,0.8235,0.8243,742716
431,91,2020-09-29 15:30:00,0.8243,0.835,0.8229,0.8335,1097243
432,90,2020-09-29 16:00:00,0.8340000000000001,0.8498,0.8316,0.8449,1490266
433,89,2020-09-29 16:30:00,0.8428,0.8479,0.84,0.84,22580
434,88,2020-09-29 17:00:00,0.8479,0.8479,0.8109999999999999,0.8287,60140
435,87,2020-09-29 17:30:00,0.8287,0.848,0.8216,0.84,26552
436,86,2020-09-29 18:00:00,0.8479,0.8479,0.8266,0.84,8439
437,85,2020-09-29 18:30:00,0.8469,0.8469,0.8439,0.8439,1640
438,84,2020-09-29 19:00:00,0.8469,0.8469,0.84,0.84,6560
439,83,2020-09-29 19:30:00,0.84,0.84,0.8351,0.8351,1352
440,82,2020-09-29 20:00:00,0.84,0.84,0.8352,0.8352,3397
441,81,2020-09-30 08:00:00,0.8265,0.8265,0.82,0.8265,10969
442,80,2020-09-30 08:30:00,0.82,0.8399,0.82,0.83,34859
443,79,2020-09-30 09:00:00,0.83,0.84,0.8265,0.84,19708
444,78,2020-09-30 09:30:00,0.8243,0.8379,0.8221,0.83,35684
445,77,2020-09-30 10:00:00,0.8290000000000001,0.8490000000000001,0.8235,0.8422,1522815
446,76,2020-09-30 10:30:00,0.84255,0.8644,0.8412,0.85245,660706
447,75,2020-09-30 11:00:00,0.8513,0.8525,0.8373,0.8383,948625
448,74,2020-09-30 11:30:00,0.8389,0.8413,0.8337,0.84085,734992
449,73,2020-09-30 12:00:00,0.8408,0.8409,0.8333,0.8339989999999999,2234376
450,72,2020-09-30 12:30:00,0.8337,0.8341,0.8268,0.8276,806537
451,71,2020-09-30 13:00:00,0.8276,0.8324,0.8276,0.8299,935766
452,70,2020-09-30 13:30:00,0.8298,0.8331,0.8298,0.8314,605974
453,69,2020-09-30 14:00:00,0.8314,0.8316,0.8181,0.8203,1149361
454,68,2020-09-30 14:30:00,0.8203,0.8203,0.8038,0.8047,1875120
455,67,2020-09-30 15:00:00,0.8048,0.8146,0.8012,0.8146,2318477
456,66,2020-09-30 15:30:00,0.8105,0.8146,0.805,0.8063,1257972
457,65,2020-09-30 16:00:00,0.8063,0.8119,0.8051,0.81,1986638
458,64,2020-09-30 16:30:00,0.8069,0.83,0.8069,0.8102,44183
459,63,2020-09-30 17:00:00,0.8109999999999999,0.815,0.8106,0.815,5632
460,62,2020-09-30 17:30:00,0.8108,0.815,0.81,0.815,22091
461,61,2020-09-30 18:00:00,0.8112,0.815,0.8112,0.815,22211
462,60,2020-09-30 18:30:00,0.815,0.815,0.815,0.815,30460
463,59,2020-09-30 19:00:00,0.8140000000000001,0.815,0.8111,0.815,16504
464,58,2020-09-30 19:30:00,0.81,0.815,0.81,0.815,2326
465,57,2020-09-30 20:00:00,0.815,0.82,0.815,0.82,6700
466,56,2020-10-01 07:30:00,0.8105,0.8105,0.8105,0.8105,400
467,55,2020-10-01 08:00:00,0.8134,0.8290000000000001,0.8134,0.8290000000000001,2844
468,54,2020-10-01 08:30:00,0.8265,0.8298,0.815,0.8298,22129
469,53,2020-10-01 09:00:00,0.8295,0.8295,0.8171,0.8290000000000001,38982
470,52,2020-10-01 09:30:00,0.821,0.8270000000000001,0.807,0.8135,97260
471,51,2020-10-01 10:00:00,0.8101,0.815,0.79,0.7957,1951819
472,50,2020-10-01 10:30:00,0.7958,0.7977,0.7903,0.79075,1598845
473,49,2020-10-01 11:00:00,0.7913,0.793883,0.7855,0.7873,2072013
474,48,2020-10-01 11:30:00,0.7872,0.7935,0.785,0.79125,849876
475,47,2020-10-01 12:00:00,0.7913,0.7922,0.7804,0.7833,992532
476,46,2020-10-01 12:30:00,0.7833,0.7833,0.7725,0.7793,2146477
477,45,2020-10-01 13:00:00,0.7792,0.7925,0.7784,0.7909999999999999,1485562
478,44,2020-10-01 13:30:00,0.7925,0.7958,0.7904,0.794549,1029193
479,43,2020-10-01 14:00:00,0.794549,0.7954,0.7904,0.7929,1563067
480,42,2020-10-01 14:30:00,0.7912,0.7937,0.7804,0.7877,1157953
481,41,2020-10-01 15:00:00,0.7877,0.7878,0.7804,0.7835,1029540
482,40,2020-10-01 15:30:00,0.7834,0.7835,0.7769,0.7784,1928549
483,39,2020-10-01 16:00:00,0.7784,0.7796,0.7751,0.7779,2549818
484,38,2020-10-01 16:30:00,0.7762,0.79,0.7762,0.785,23052
485,37,2020-10-01 17:00:00,0.7831,0.7831,0.7829999999999999,0.7829999999999999,4923
486,36,2020-10-01 17:30:00,0.7829999999999999,0.7859999999999999,0.78,0.7859999999999999,32444
487,35,2020-10-01 18:00:00,0.7859999999999999,0.7879999999999999,0.7859999999999999,0.7879999999999999,17066
488,34,2020-10-01 18:30:00,0.787,0.787,0.7842,0.7842,7645
489,33,2020-10-01 19:00:00,0.7861,0.7861,0.7843,0.7843,6000
490,32,2020-10-01 19:30:00,0.7861,0.7879999999999999,0.7861,0.7879999999999999,13655
491,31,2020-10-01 20:00:00,0.7879999999999999,0.7879999999999999,0.7879999999999999,0.7879999999999999,12069
492,30,2020-10-02 04:30:00,0.77,0.77,0.77,0.77,1195
493,29,2020-10-02 05:00:00,0.76,0.76,0.75,0.75,1550
494,28,2020-10-02 05:30:00,0.75,0.75,0.72,0.745,3933
495,27,2020-10-02 06:00:00,0.745,0.75,0.74,0.74,4600
496,26,2020-10-02 07:00:00,0.7490000000000001,0.76,0.7490000000000001,0.76,100061
497,25,2020-10-02 07:30:00,0.759,0.76,0.7505,0.754,7645
498,24,2020-10-02 08:00:00,0.7525,0.7525,0.75,0.7506,15228
499,23,2020-10-02 08:30:00,0.7507,0.7599,0.75,0.75,115569
500,22,2020-10-02 09:00:00,0.75,0.753,0.74,0.753,111520
501,21,2020-10-02 09:30:00,0.753,0.753,0.745,0.7499,140554
502,20,2020-10-02 10:00:00,0.7490000000000001,0.7651,0.7319,0.7631,3665972
503,19,2020-10-02 10:30:00,0.763,0.78,0.763,0.775,1865090
504,18,2020-10-02 11:00:00,0.775,0.7763,0.765,0.7652,1039737
505,17,2020-10-02 11:30:00,0.7652,0.7841,0.762,0.7823,1425399
506,16,2020-10-02 12:00:00,0.7823,0.7879,0.7719,0.7871,1202818
507,15,2020-10-02 12:30:00,0.7871,0.8144,0.7867,0.80475,2008510
508,14,2020-10-02 13:00:00,0.8047,0.81,0.8029,0.804,2116042
509,13,2020-10-02 13:30:00,0.8041,0.807,0.8021,0.804,1623006
510,12,2020-10-02 14:00:00,0.804,0.8042,0.7904,0.79345,1136004
511,11,2020-10-02 14:30:00,0.79345,0.7967,0.7934,0.7934,1140334
512,10,2020-10-02 15:00:00,0.7934,0.8014,0.7917,0.79985,1088273
513,9,2020-10-02 15:30:00,0.7998,0.8054,0.7945,0.80105,999216
514,8,2020-10-02 16:00:00,0.8011,0.8068,0.7954,0.8,1910200
515,7,2020-10-02 16:30:00,0.805,0.81,0.795,0.8,29811
516,6,2020-10-02 17:00:00,0.8001,0.8001,0.8,0.8001,25148
517,5,2020-10-02 17:30:00,0.8,0.8001,0.8,0.8,14127
518,4,2020-10-02 18:00:00,0.8001,0.8001,0.8,0.8,18901
519,3,2020-10-02 18:30:00,0.8001,0.8001,0.8,0.8001,39200
520,2,2020-10-02 19:00:00,0.8001,0.8001,0.7999,0.7999,5088
521,1,2020-10-02 19:30:00,0.7952,0.7952,0.795,0.795,1240
522,0,2020-10-02 20:00:00,0.7999,0.7999,0.79,0.79,6380
