,index,time,open,high,low,close,volume
0,551,2020-05-08 07:30:00,1.28,1.28,1.28,1.28,1004
1,550,2020-05-08 08:00:00,1.28,1.28,1.26,1.26,30444
2,549,2020-05-08 08:30:00,1.2801,1.29,1.26,1.26,56035
3,548,2020-05-08 09:00:00,1.27,1.27,1.26,1.26,75938
4,547,2020-05-08 09:30:00,1.26,1.28,1.26,1.28,92144
5,546,2020-05-08 10:00:00,1.28,1.34,1.27,1.34,4492474
6,545,2020-05-08 10:30:00,1.335,1.38,1.33,1.355,6216651
7,544,2020-05-08 11:00:00,1.355,1.36,1.28,1.35,3811452
8,543,2020-05-08 11:30:00,1.3493,1.35,1.33,1.34,1595771
9,542,2020-05-08 12:00:00,1.335,1.35,1.32,1.34,1407653
10,541,2020-05-08 12:30:00,1.335,1.35,1.33,1.335,1049624
11,540,2020-05-08 13:00:00,1.34,1.36,1.33,1.36,1643724
12,539,2020-05-08 13:30:00,1.3587,1.37,1.35,1.365,948306
13,538,2020-05-08 14:00:00,1.365,1.38,1.36,1.37,2001798
14,537,2020-05-08 14:30:00,1.36,1.39,1.36,1.375,2027930
15,536,2020-05-08 15:00:00,1.375,1.39,1.37,1.38,1007451
16,535,2020-05-08 15:30:00,1.38,1.39,1.37,1.385,1435035
17,534,2020-05-08 16:00:00,1.385,1.4,1.38,1.39,3385376
18,533,2020-05-08 16:30:00,1.39,1.4,1.3581,1.39,141165
19,532,2020-05-08 17:00:00,1.39,1.4,1.38,1.38,17204
20,531,2020-05-08 17:30:00,1.39,1.39,1.38,1.3802,11969
21,530,2020-05-08 18:00:00,1.39,1.39,1.38,1.38,9718
22,529,2020-05-08 18:30:00,1.38,1.39,1.38,1.38,3325
23,528,2020-05-08 19:00:00,1.39,1.39,1.38,1.39,21872
24,527,2020-05-08 19:30:00,1.39,1.39,1.38,1.39,5770
25,526,2020-05-08 20:00:00,1.38,1.4,1.38,1.4,48069
26,525,2020-05-11 04:30:00,1.4,1.4,1.4,1.4,317
27,524,2020-05-11 05:00:00,1.4,1.4,1.4,1.4,1840
28,523,2020-05-11 05:30:00,1.39,1.39,1.39,1.39,954
29,522,2020-05-11 06:30:00,1.39,1.39,1.39,1.39,250
30,521,2020-05-11 07:00:00,1.38,1.38,1.38,1.38,100
31,520,2020-05-11 07:30:00,1.38,1.4,1.37,1.37,20069
32,519,2020-05-11 08:00:00,1.38,1.39,1.37,1.38,68903
33,518,2020-05-11 08:30:00,1.3801,1.39,1.36,1.39,82129
34,517,2020-05-11 09:00:00,1.4,1.4,1.38,1.39,47874
35,516,2020-05-11 09:30:00,1.39,1.4489,1.38,1.43,224729
36,515,2020-05-11 10:00:00,1.42,1.46,1.38,1.41,6314258
37,514,2020-05-11 10:30:00,1.405,1.44,1.4,1.43,3440588
38,513,2020-05-11 11:00:00,1.43,1.48,1.42,1.475,3076673
39,512,2020-05-11 11:30:00,1.475,1.5,1.46,1.475,4407188
40,511,2020-05-11 12:00:00,1.475,1.52,1.47,1.52,3054420
41,510,2020-05-11 12:30:00,1.5135,1.55,1.51,1.525,3819499
42,509,2020-05-11 13:00:00,1.525,1.54,1.51,1.53,1787472
43,508,2020-05-11 13:30:00,1.528,1.54,1.51,1.515,1254570
44,507,2020-05-11 14:00:00,1.515,1.54,1.51,1.53,1733875
45,506,2020-05-11 14:30:00,1.535,1.54,1.51,1.52,1778028
46,505,2020-05-11 15:00:00,1.525,1.54,1.51,1.51,1787290
47,504,2020-05-11 15:30:00,1.51,1.53,1.51,1.525,1461453
48,503,2020-05-11 16:00:00,1.52,1.53,1.46,1.49,5353663
49,502,2020-05-11 16:30:00,1.48,1.51,1.48,1.5002,115590
50,501,2020-05-11 17:00:00,1.51,1.51,1.49,1.5,13857
51,500,2020-05-11 17:30:00,1.4902,1.52,1.4901,1.52,19469
52,499,2020-05-11 18:00:00,1.51,1.51,1.5,1.51,16393
53,498,2020-05-11 18:30:00,1.51,1.52,1.5,1.52,22143
54,497,2020-05-11 19:00:00,1.51,1.52,1.51,1.52,8059
55,496,2020-05-11 19:30:00,1.52,1.52,1.51,1.52,35567
56,495,2020-05-11 20:00:00,1.53,1.53,1.51,1.53,17041
57,494,2020-05-12 06:30:00,1.49,1.49,1.49,1.49,100
58,493,2020-05-12 07:30:00,1.58,1.58,1.55,1.55,16708
59,492,2020-05-12 08:00:00,1.57,1.58,1.57,1.57,7920
60,491,2020-05-12 08:30:00,1.5799,1.58,1.55,1.57,158025
61,490,2020-05-12 09:00:00,1.58,1.58,1.5698,1.57,55875
62,489,2020-05-12 09:30:00,1.58,1.58,1.56,1.56,145889
63,488,2020-05-12 10:00:00,1.55,1.665,1.54,1.6287,9934579
64,487,2020-05-12 10:30:00,1.625,1.64,1.6,1.635,3372248
65,486,2020-05-12 11:00:00,1.635,1.64,1.61,1.6174,2821168
66,485,2020-05-12 11:30:00,1.615,1.65,1.61,1.635,2971978
67,484,2020-05-12 12:00:00,1.64,1.68,1.635,1.68,3192387
68,483,2020-05-12 12:30:00,1.675,1.69,1.65,1.69,2801423
69,482,2020-05-12 13:00:00,1.685,1.69,1.66,1.68,2437087
70,481,2020-05-12 13:30:00,1.68,1.68,1.59,1.595,4015812
71,480,2020-05-12 14:00:00,1.595,1.65,1.59,1.645,4112084
72,479,2020-05-12 14:30:00,1.645,1.66,1.6285,1.6399,1779871
73,478,2020-05-12 15:00:00,1.6387,1.65,1.62,1.6498,1613233
74,477,2020-05-12 15:30:00,1.645,1.7,1.64,1.7,4490193
75,476,2020-05-12 16:00:00,1.695,1.7,1.67,1.7,7199937
76,475,2020-05-12 16:30:00,1.69,1.7,1.67,1.6802,92014
77,474,2020-05-12 17:00:00,1.7,1.7,1.65,1.68,12853
78,473,2020-05-12 17:30:00,1.67,1.68,1.66,1.66,13241
79,472,2020-05-12 18:00:00,1.66,1.68,1.65,1.66,15604
80,471,2020-05-12 18:30:00,1.66,1.67,1.65,1.67,5226
81,470,2020-05-12 19:00:00,1.65,1.65,1.65,1.65,15774
82,469,2020-05-12 19:30:00,1.66,1.66,1.65,1.66,3975
83,468,2020-05-12 20:00:00,1.66,1.66,1.65,1.65,29680
84,467,2020-05-13 04:30:00,1.66,1.66,1.63,1.65,2419
85,466,2020-05-13 05:00:00,1.66,1.66,1.66,1.66,1060
86,465,2020-05-13 06:00:00,1.67,1.67,1.67,1.67,801
87,464,2020-05-13 07:30:00,1.67,1.72,1.67,1.69,4090
88,463,2020-05-13 08:00:00,1.69,1.71,1.69,1.71,13310
89,462,2020-05-13 08:30:00,1.73,1.75,1.66,1.73,101027
90,461,2020-05-13 09:00:00,1.74,1.74,1.72,1.73,125114
91,460,2020-05-13 09:30:00,1.72,1.72,1.68,1.69,195433
92,459,2020-05-13 10:00:00,1.68,1.69,1.55,1.57,11407404
93,458,2020-05-13 10:30:00,1.568,1.58,1.43,1.49,7200485
94,457,2020-05-13 11:00:00,1.495,1.53,1.42,1.4275,5193939
95,456,2020-05-13 11:30:00,1.42,1.43,1.33,1.36,7541197
96,455,2020-05-13 12:00:00,1.36,1.39,1.33,1.34,4203700
97,454,2020-05-13 12:30:00,1.33,1.36,1.26,1.345,7039425
98,453,2020-05-13 13:00:00,1.349,1.4,1.34,1.39,4461753
99,452,2020-05-13 13:30:00,1.38,1.48,1.38,1.4487,5797066
100,451,2020-05-13 14:00:00,1.445,1.47,1.42,1.4297,2752033
101,450,2020-05-13 14:30:00,1.425,1.44,1.34,1.38,4033461
102,449,2020-05-13 15:00:00,1.375,1.43,1.37,1.38,2069344
103,448,2020-05-13 15:30:00,1.385,1.4,1.35,1.365,2745149
104,447,2020-05-13 16:00:00,1.365,1.38,1.33,1.3427,6177841
105,446,2020-05-13 16:30:00,1.34,1.38,1.34,1.38,96569
106,445,2020-05-13 17:00:00,1.37,1.39,1.36,1.38,2941582
107,444,2020-05-13 17:30:00,1.3798,1.3798,1.35,1.37,38894
108,443,2020-05-13 18:00:00,1.37,1.39,1.35,1.39,37379
109,442,2020-05-13 18:30:00,1.38,1.39,1.37,1.39,11715
110,441,2020-05-13 19:00:00,1.38,1.38,1.36,1.36,40730
111,440,2020-05-13 19:30:00,1.36,1.37,1.36,1.36,10807
112,439,2020-05-13 20:00:00,1.37,1.39,1.37,1.39,24364
113,438,2020-05-14 06:00:00,1.35,1.35,1.35,1.35,220
114,437,2020-05-14 07:30:00,1.4,1.4,1.36,1.37,23500
115,436,2020-05-14 08:00:00,1.37,1.37,1.34,1.34,52232
116,435,2020-05-14 08:30:00,1.35,1.4,1.27,1.27,257757
117,434,2020-05-14 09:00:00,1.27,1.28,1.27,1.28,75080
118,433,2020-05-14 09:30:00,1.28,1.2998,1.27,1.29,238509
119,432,2020-05-14 10:00:00,1.29,1.29,1.18,1.205,9008645
120,431,2020-05-14 10:30:00,1.2001,1.33,1.2,1.3287,4764355
121,430,2020-05-14 11:00:00,1.325,1.51,1.32,1.445,9837072
122,429,2020-05-14 11:30:00,1.445,1.47,1.36,1.38,4275746
123,428,2020-05-14 12:00:00,1.39,1.42,1.36,1.415,2994509
124,427,2020-05-14 12:30:00,1.415,1.45,1.4,1.415,1252862
125,426,2020-05-14 13:00:00,1.415,1.44,1.4,1.405,1983838
126,425,2020-05-14 13:30:00,1.41,1.41,1.38,1.41,1364681
127,424,2020-05-14 14:00:00,1.41,1.41,1.35,1.3554,1329170
128,423,2020-05-14 14:30:00,1.3591,1.39,1.34,1.3869,1897989
129,422,2020-05-14 15:00:00,1.385,1.4,1.36,1.395,1297764
130,421,2020-05-14 15:30:00,1.395,1.4,1.38,1.395,1824252
131,420,2020-05-14 16:00:00,1.395,1.41,1.38,1.405,3869720
132,419,2020-05-14 16:30:00,1.42,1.44,1.4,1.43,78623
133,418,2020-05-14 17:00:00,1.4,1.44,1.4,1.4,38272
134,417,2020-05-14 17:30:00,1.42,1.44,1.39,1.43,43211
135,416,2020-05-14 18:00:00,1.42,1.42,1.4,1.42,7993
136,415,2020-05-14 18:30:00,1.4,1.41,1.4,1.41,12988
137,414,2020-05-14 19:00:00,1.41,1.41,1.4,1.41,5671
138,413,2020-05-14 19:30:00,1.42,1.43,1.4,1.4,7828
139,412,2020-05-14 20:00:00,1.42,1.45,1.41,1.45,22474
140,411,2020-05-15 06:00:00,1.44,1.44,1.44,1.44,1500
141,410,2020-05-15 07:00:00,1.44,1.44,1.44,1.44,2000
142,409,2020-05-15 07:30:00,1.44,1.45,1.43,1.43,20935
143,408,2020-05-15 08:00:00,1.4,1.42,1.4,1.41,5039
144,407,2020-05-15 08:30:00,1.45,1.45,1.38,1.38,63003
145,406,2020-05-15 09:00:00,1.39,1.41,1.38,1.4,8634
146,405,2020-05-15 09:30:00,1.4,1.48,1.4,1.45,89968
147,404,2020-05-15 10:00:00,1.42,1.46,1.4,1.4302,2850820
148,403,2020-05-15 10:30:00,1.435,1.435,1.4,1.4145,1500045
149,402,2020-05-15 11:00:00,1.41,1.44,1.4,1.405,988796
150,401,2020-05-15 11:30:00,1.405,1.41,1.37,1.405,1549150
151,400,2020-05-15 12:00:00,1.4,1.41,1.39,1.395,605965
152,399,2020-05-15 12:30:00,1.39,1.42,1.39,1.41,771444
153,398,2020-05-15 13:00:00,1.415,1.42,1.4,1.4087,614744
154,397,2020-05-15 13:30:00,1.405,1.41,1.4,1.405,428404
155,396,2020-05-15 14:00:00,1.405,1.42,1.4,1.415,999175
156,395,2020-05-15 14:30:00,1.415,1.44,1.41,1.42,1936297
157,394,2020-05-15 15:00:00,1.415,1.42,1.41,1.41,471226
158,393,2020-05-15 15:30:00,1.41,1.42,1.41,1.41,446184
159,392,2020-05-15 16:00:00,1.415,1.42,1.4,1.4,1704145
160,391,2020-05-15 16:30:00,1.41,1.41,1.39,1.4,88391
161,390,2020-05-15 17:00:00,1.3998,1.4,1.39,1.39,1710
162,389,2020-05-15 17:30:00,1.39,1.4,1.38,1.4,26269
163,388,2020-05-15 18:00:00,1.41,1.41,1.4,1.4,3718
164,387,2020-05-15 18:30:00,1.42,1.42,1.4,1.4,9347
165,386,2020-05-15 19:00:00,1.4,1.4,1.4,1.4,7720
166,385,2020-05-15 19:30:00,1.4,1.4,1.4,1.4,1000
167,384,2020-05-15 20:00:00,1.4,1.4,1.38,1.39,16513
168,383,2020-05-18 04:30:00,1.48,1.48,1.48,1.48,1000
169,382,2020-05-18 05:00:00,1.48,1.48,1.45,1.45,400
170,381,2020-05-18 06:00:00,1.45,1.45,1.45,1.45,1080
171,380,2020-05-18 07:00:00,1.44,1.44,1.43,1.43,600
172,379,2020-05-18 07:30:00,1.44,1.48,1.44,1.48,26339
173,378,2020-05-18 08:00:00,1.49,1.5,1.48,1.5,25880
174,377,2020-05-18 08:30:00,1.5,1.54,1.45,1.53,227657
175,376,2020-05-18 09:00:00,1.53,1.54,1.5,1.51,135541
176,375,2020-05-18 09:30:00,1.5099,1.51,1.47,1.5,206881
177,374,2020-05-18 10:00:00,1.51,1.56,1.46,1.46,6779977
178,373,2020-05-18 10:30:00,1.4698,1.48,1.42,1.4799,3323987
179,372,2020-05-18 11:00:00,1.475,1.5,1.46,1.473,2193351
180,371,2020-05-18 11:30:00,1.47,1.54,1.47,1.54,3394880
181,370,2020-05-18 12:00:00,1.54,1.54,1.49,1.51,1707796
182,369,2020-05-18 12:30:00,1.51,1.52,1.49,1.4969,935640
183,368,2020-05-18 13:00:00,1.495,1.5,1.47,1.4714,1235168
184,367,2020-05-18 13:30:00,1.48,1.5,1.47,1.5,908651
185,366,2020-05-18 14:00:00,1.495,1.495,1.46,1.47,1858001
186,365,2020-05-18 14:30:00,1.4723,1.48,1.43,1.4509,2107284
187,364,2020-05-18 15:00:00,1.455,1.48,1.45,1.46,2341049
188,363,2020-05-18 15:30:00,1.4601,1.48,1.45,1.48,1417778
189,362,2020-05-18 16:00:00,1.48,1.5,1.46,1.485,3433755
190,361,2020-05-18 16:30:00,1.48,1.49,1.47,1.47,414223
191,360,2020-05-18 17:00:00,1.48,1.49,1.47,1.48,19195
192,359,2020-05-18 17:30:00,1.48,1.49,1.47,1.48,10959
193,358,2020-05-18 18:00:00,1.48,1.48,1.47,1.47,3124
194,357,2020-05-18 18:30:00,1.48,1.49,1.48,1.49,14641
195,356,2020-05-18 19:00:00,1.49,1.5,1.49,1.5,14325
196,355,2020-05-18 19:30:00,1.5,1.51,1.5,1.51,30959
197,354,2020-05-18 20:00:00,1.5,1.51,1.5,1.51,13531
198,353,2020-05-19 07:30:00,1.51,1.51,1.51,1.51,405
199,352,2020-05-19 08:00:00,1.5,1.51,1.49,1.49,35900
200,351,2020-05-19 08:30:00,1.5,1.5,1.49,1.49,36576
201,350,2020-05-19 09:00:00,1.49,1.49,1.47,1.48,1563
202,349,2020-05-19 09:30:00,1.48,1.5,1.48,1.48,68536
203,348,2020-05-19 10:00:00,1.49,1.5,1.42,1.4601,3321199
204,347,2020-05-19 10:30:00,1.4687,1.48,1.45,1.4514,1433469
205,346,2020-05-19 11:00:00,1.45,1.4699,1.43,1.445,1317614
206,345,2020-05-19 11:30:00,1.445,1.46,1.43,1.435,1472698
207,344,2020-05-19 12:00:00,1.435,1.45,1.42,1.44,1437342
208,343,2020-05-19 12:30:00,1.44,1.45,1.42,1.445,1227602
209,342,2020-05-19 13:00:00,1.44,1.46,1.44,1.445,810074
210,341,2020-05-19 13:30:00,1.445,1.47,1.44,1.45,758584
211,340,2020-05-19 14:00:00,1.455,1.46,1.44,1.45,705077
212,339,2020-05-19 14:30:00,1.45,1.47,1.45,1.465,638198
213,338,2020-05-19 15:00:00,1.465,1.48,1.43,1.43,1531068
214,337,2020-05-19 15:30:00,1.43,1.46,1.43,1.45,1266905
215,336,2020-05-19 16:00:00,1.445,1.45,1.41,1.42,2405773
216,335,2020-05-19 16:30:00,1.41,1.44,1.41,1.43,100061
217,334,2020-05-19 17:00:00,1.42,1.43,1.42,1.42,6836
218,333,2020-05-19 17:30:00,1.42,1.43,1.42,1.42,7721
219,332,2020-05-19 18:00:00,1.43,1.43,1.42,1.43,16371
220,331,2020-05-19 18:30:00,1.43,1.43,1.43,1.43,1100
221,330,2020-05-19 19:00:00,1.42,1.43,1.42,1.42,13820
222,329,2020-05-19 19:30:00,1.42,1.43,1.42,1.43,8000
223,328,2020-05-19 20:00:00,1.43,1.43,1.43,1.43,6446
224,327,2020-05-20 07:30:00,1.43,1.49,1.43,1.49,13666
225,326,2020-05-20 08:00:00,1.47,1.47,1.44,1.47,14510
226,325,2020-05-20 08:30:00,1.43,1.49,1.4206,1.47,34864
227,324,2020-05-20 09:00:00,1.4699,1.47,1.4602,1.4602,13086
228,323,2020-05-20 09:30:00,1.4602,1.47,1.45,1.47,75208
229,322,2020-05-20 10:00:00,1.48,1.495,1.4337,1.483,3446471
230,321,2020-05-20 10:30:00,1.485,1.51,1.4701,1.49,2944857
231,320,2020-05-20 11:00:00,1.49,1.495,1.48,1.485,934763
232,319,2020-05-20 11:30:00,1.48,1.49,1.46,1.4713,1130925
233,318,2020-05-20 12:00:00,1.475,1.48,1.47,1.475,512960
234,317,2020-05-20 12:30:00,1.475,1.475,1.43,1.45,1863101
235,316,2020-05-20 13:00:00,1.45,1.46,1.44,1.45,726260
236,315,2020-05-20 13:30:00,1.455,1.46,1.44,1.4416,856342
237,314,2020-05-20 14:00:00,1.445,1.46,1.44,1.45,611715
238,313,2020-05-20 14:30:00,1.455,1.46,1.44,1.455,1058663
239,312,2020-05-20 15:00:00,1.455,1.47,1.45,1.465,825199
240,311,2020-05-20 15:30:00,1.46,1.47,1.44,1.4698,1238880
241,310,2020-05-20 16:00:00,1.47,1.47,1.46,1.47,1463855
242,309,2020-05-20 16:30:00,1.46,1.47,1.46,1.46,43785
243,308,2020-05-20 17:00:00,1.46,1.47,1.46,1.4602,19653
244,307,2020-05-20 17:30:00,1.47,1.47,1.4602,1.4602,6679
245,306,2020-05-20 18:00:00,1.46,1.48,1.46,1.47,11519
246,305,2020-05-20 18:30:00,1.47,1.47,1.47,1.47,14000
247,304,2020-05-20 19:00:00,1.47,1.47,1.47,1.47,1000
248,303,2020-05-20 19:30:00,1.47,1.47,1.47,1.47,254
249,302,2020-05-20 20:00:00,1.47,1.48,1.47,1.47,2875
250,301,2020-05-21 08:00:00,1.47,1.47,1.47,1.47,305
251,300,2020-05-21 08:30:00,1.47,1.48,1.46,1.47,11540
252,299,2020-05-21 09:00:00,1.47,1.5,1.47,1.49,30782
253,298,2020-05-21 09:30:00,1.4802,1.49,1.48,1.48,31705
254,297,2020-05-21 10:00:00,1.48,1.5,1.46,1.49,1982075
255,296,2020-05-21 10:30:00,1.485,1.5,1.48,1.4972,1500636
256,295,2020-05-21 11:00:00,1.495,1.5,1.47,1.49,1327014
257,294,2020-05-21 11:30:00,1.485,1.49,1.43,1.43,2023797
258,293,2020-05-21 12:00:00,1.43,1.48,1.43,1.475,1398083
259,292,2020-05-21 12:30:00,1.47,1.49,1.47,1.4846,874442
260,291,2020-05-21 13:00:00,1.48,1.5,1.475,1.485,1291578
261,290,2020-05-21 13:30:00,1.49,1.52,1.485,1.505,2500370
262,289,2020-05-21 14:00:00,1.5057,1.51,1.47,1.475,1937458
263,288,2020-05-21 14:30:00,1.475,1.5,1.47,1.49,1383179
264,287,2020-05-21 15:00:00,1.485,1.49,1.47,1.475,610244
265,286,2020-05-21 15:30:00,1.475,1.49,1.46,1.475,1060514
266,285,2020-05-21 16:00:00,1.475,1.48,1.46,1.48,2487349
267,284,2020-05-21 16:30:00,1.47,1.48,1.46,1.48,185942
268,283,2020-05-21 17:00:00,1.47,1.48,1.46,1.46,1337595
269,282,2020-05-21 17:30:00,1.48,1.48,1.47,1.47,945
270,281,2020-05-21 18:00:00,1.48,1.5,1.48,1.5,7673
271,280,2020-05-21 18:30:00,1.49,1.5,1.47,1.47,21080
272,279,2020-05-21 19:00:00,1.48,1.48,1.48,1.48,116
273,278,2020-05-21 19:30:00,1.5,1.5,1.49,1.49,2754
274,277,2020-05-22 05:30:00,1.45,1.45,1.45,1.45,340
275,276,2020-05-22 07:30:00,1.47,1.47,1.45,1.45,1947
276,275,2020-05-22 08:00:00,1.45,1.45,1.45,1.45,1412
277,274,2020-05-22 08:30:00,1.4401,1.47,1.43,1.47,54765
278,273,2020-05-22 09:00:00,1.4799,1.48,1.45,1.4599,25286
279,272,2020-05-22 09:30:00,1.45,1.48,1.44,1.46,126735
280,271,2020-05-22 10:00:00,1.45,1.46,1.41,1.425,2544496
281,270,2020-05-22 10:30:00,1.425,1.4287,1.37,1.4032,3092407
282,269,2020-05-22 11:00:00,1.4013,1.41,1.39,1.395,738942
283,268,2020-05-22 11:30:00,1.3999,1.455,1.39,1.4,1198462
284,267,2020-05-22 12:00:00,1.4013,1.415,1.4,1.4,527406
285,266,2020-05-22 12:30:00,1.405,1.41,1.39,1.395,829016
286,265,2020-05-22 13:00:00,1.3980000000000001,1.41,1.39,1.39,535423
287,264,2020-05-22 13:30:00,1.3969999999999998,1.41,1.39,1.395,494722
288,263,2020-05-22 14:00:00,1.3981,1.41,1.39,1.405,465912
289,262,2020-05-22 14:30:00,1.405,1.43,1.4,1.4,964848
290,261,2020-05-22 15:00:00,1.405,1.41,1.395,1.4,651381
291,260,2020-05-22 15:30:00,1.405,1.42,1.4,1.41,1034803
292,259,2020-05-22 16:00:00,1.41,1.43,1.4017,1.42,1693576
293,258,2020-05-22 16:30:00,1.43,1.43,1.42,1.43,57548
294,257,2020-05-22 17:00:00,1.44,1.44,1.42,1.43,17779
295,256,2020-05-22 17:30:00,1.44,1.44,1.4302,1.4302,6350
296,255,2020-05-22 18:00:00,1.43,1.44,1.43,1.43,1540
297,254,2020-05-22 18:30:00,1.44,1.44,1.43,1.4301,7350
298,253,2020-05-22 19:00:00,1.43,1.43,1.42,1.42,16204
299,252,2020-05-22 19:30:00,1.42,1.42,1.42,1.42,1000
300,251,2020-05-22 20:00:00,1.42,1.43,1.42,1.43,8685
301,250,2020-05-26 05:00:00,1.45,1.48,1.45,1.48,3550
302,249,2020-05-26 05:30:00,1.5,1.5,1.5,1.5,100
303,248,2020-05-26 06:00:00,1.5,1.52,1.5,1.52,881
304,247,2020-05-26 07:00:00,1.52,1.52,1.52,1.52,12575
305,246,2020-05-26 07:30:00,1.52,1.53,1.5,1.53,125278
306,245,2020-05-26 08:00:00,1.5,1.5,1.48,1.48,41026
307,244,2020-05-26 08:30:00,1.52,1.53,1.47,1.47,111203
308,243,2020-05-26 09:00:00,1.48,1.4802,1.47,1.48,56268
309,242,2020-05-26 09:30:00,1.48,1.5,1.47,1.5,67485
310,241,2020-05-26 10:00:00,1.5,1.51,1.47,1.4785,3545166
311,240,2020-05-26 10:30:00,1.48,1.49,1.46,1.4831,1632972
312,239,2020-05-26 11:00:00,1.4825,1.5,1.47,1.5,2118182
313,238,2020-05-26 11:30:00,1.49,1.51,1.46,1.465,1825472
314,237,2020-05-26 12:00:00,1.4613,1.47,1.45,1.4563,1126937
315,236,2020-05-26 12:30:00,1.46,1.46,1.43,1.435,2083131
316,235,2020-05-26 13:00:00,1.435,1.51,1.43,1.46,1871880
317,234,2020-05-26 13:30:00,1.46,1.46,1.44,1.445,1243851
318,233,2020-05-26 14:00:00,1.45,1.45,1.43,1.435,861066
319,232,2020-05-26 14:30:00,1.435,1.45,1.43,1.445,1297318
320,231,2020-05-26 15:00:00,1.445,1.45,1.43,1.435,922904
321,230,2020-05-26 15:30:00,1.43,1.44,1.42,1.435,2458993
322,229,2020-05-26 16:00:00,1.435,1.44,1.41,1.415,3141771
323,228,2020-05-26 16:30:00,1.41,1.45,1.41,1.45,106564
324,227,2020-05-26 17:00:00,1.4402,1.45,1.44,1.44,29350
325,226,2020-05-26 17:30:00,1.4402,1.45,1.44,1.44,11328
326,225,2020-05-26 18:00:00,1.44,1.44,1.44,1.44,4062
327,224,2020-05-26 19:00:00,1.43,1.45,1.43,1.45,13395
328,223,2020-05-26 19:30:00,1.43,1.45,1.43,1.45,2300
329,222,2020-05-26 20:00:00,1.44,1.44,1.44,1.44,2500
330,221,2020-05-27 05:30:00,1.5,1.5,1.5,1.5,920
331,220,2020-05-27 06:30:00,1.43,1.43,1.43,1.43,1034
332,219,2020-05-27 07:00:00,1.44,1.44,1.44,1.44,3000
333,218,2020-05-27 07:30:00,1.42,1.44,1.42,1.44,1516
334,217,2020-05-27 08:30:00,1.4499,1.45,1.42,1.44,52443
335,216,2020-05-27 09:00:00,1.45,1.45,1.44,1.45,23394
336,215,2020-05-27 09:30:00,1.45,1.46,1.44,1.44,35448
337,214,2020-05-27 10:00:00,1.45,1.46,1.39,1.4,3311748
338,213,2020-05-27 10:30:00,1.395,1.4,1.38,1.38,2570995
339,212,2020-05-27 11:00:00,1.38,1.39,1.3,1.335,6902232
340,211,2020-05-27 11:30:00,1.34,1.38,1.335,1.355,2439871
341,210,2020-05-27 12:00:00,1.355,1.37,1.34,1.37,2438820
342,209,2020-05-27 12:30:00,1.36,1.39,1.36,1.365,1776920
343,208,2020-05-27 13:00:00,1.365,1.38,1.36,1.38,729419
344,207,2020-05-27 13:30:00,1.38,1.38,1.36,1.375,1116412
345,206,2020-05-27 14:00:00,1.38,1.39,1.35,1.36,1907272
346,205,2020-05-27 14:30:00,1.365,1.38,1.36,1.365,1241118
347,204,2020-05-27 15:00:00,1.37,1.38,1.36,1.365,1360128
348,203,2020-05-27 15:30:00,1.365,1.38,1.36,1.38,1042650
349,202,2020-05-27 16:00:00,1.37,1.39,1.37,1.38,3067689
350,201,2020-05-27 16:30:00,1.39,1.41,1.38,1.41,95639
351,200,2020-05-27 17:00:00,1.3902,1.41,1.3802,1.4,66256
352,199,2020-05-27 17:30:00,1.39,1.4,1.39,1.3998,5971
353,198,2020-05-27 18:00:00,1.4,1.4,1.39,1.39,24592
354,197,2020-05-27 18:30:00,1.38,1.38,1.37,1.37,71788
355,196,2020-05-27 19:00:00,1.37,1.38,1.37,1.37,5905
356,195,2020-05-27 19:30:00,1.38,1.38,1.37,1.38,32116
357,194,2020-05-27 20:00:00,1.38,1.38,1.37,1.38,16347
358,193,2020-05-28 07:30:00,1.39,1.39,1.37,1.37,1900
359,192,2020-05-28 08:30:00,1.3701,1.38,1.35,1.38,99807
360,191,2020-05-28 09:00:00,1.3799,1.38,1.3799,1.38,17479
361,190,2020-05-28 09:30:00,1.37,1.38,1.37,1.38,26439
362,189,2020-05-28 10:00:00,1.38,1.38,1.325,1.375,3461248
363,188,2020-05-28 10:30:00,1.375,1.4,1.355,1.38,2621532
364,187,2020-05-28 11:00:00,1.3797,1.39,1.37,1.38,901406
365,186,2020-05-28 11:30:00,1.38,1.3880000000000001,1.36,1.3699,1260870
366,185,2020-05-28 12:00:00,1.3686,1.39,1.35,1.38,1436005
367,184,2020-05-28 12:30:00,1.3793,1.4,1.3775,1.39,1486110
368,183,2020-05-28 13:00:00,1.385,1.4,1.38,1.39,774397
369,182,2020-05-28 13:30:00,1.39,1.4,1.365,1.385,1363820
370,181,2020-05-28 14:00:00,1.385,1.39,1.38,1.3898,518707
371,180,2020-05-28 14:30:00,1.385,1.4,1.38,1.4,997200
372,179,2020-05-28 15:00:00,1.3913,1.4,1.39,1.395,680347
373,178,2020-05-28 15:30:00,1.395,1.4,1.38,1.39,1922452
374,177,2020-05-28 16:00:00,1.39,1.4,1.35,1.36,4352192
375,176,2020-05-28 16:30:00,1.36,1.38,1.35,1.37,46517
376,175,2020-05-28 17:00:00,1.37,1.37,1.36,1.36,6137
377,174,2020-05-28 17:30:00,1.36,1.37,1.36,1.3698,6394
378,173,2020-05-28 18:00:00,1.37,1.37,1.36,1.37,8441
379,172,2020-05-28 18:30:00,1.36,1.36,1.36,1.36,177
380,171,2020-05-28 19:00:00,1.37,1.37,1.37,1.37,250
381,170,2020-05-28 19:30:00,1.37,1.37,1.37,1.37,10900
382,169,2020-05-28 20:00:00,1.37,1.3701,1.37,1.3701,17732
383,168,2020-05-29 07:30:00,1.35,1.35,1.35,1.35,125
384,167,2020-05-29 08:00:00,1.34,1.34,1.34,1.34,8600
385,166,2020-05-29 08:30:00,1.36,1.37,1.3499,1.35,22865
386,165,2020-05-29 09:00:00,1.36,1.36,1.35,1.35,3702
387,164,2020-05-29 09:30:00,1.3599,1.37,1.35,1.35,7952
388,163,2020-05-29 10:00:00,1.34,1.355,1.3,1.315,2996715
389,162,2020-05-29 10:30:00,1.315,1.33,1.28,1.2999,2716329
390,161,2020-05-29 11:00:00,1.3,1.31,1.28,1.29,1632419
391,160,2020-05-29 11:30:00,1.298,1.31,1.29,1.3,1090148
392,159,2020-05-29 12:00:00,1.2947,1.3,1.29,1.295,664907
393,158,2020-05-29 12:30:00,1.295,1.3,1.29,1.295,471596
394,157,2020-05-29 13:00:00,1.3,1.3,1.28,1.295,1097574
395,156,2020-05-29 13:30:00,1.295,1.3,1.27,1.295,2053449
396,155,2020-05-29 14:00:00,1.3,1.32,1.295,1.305,721259
397,154,2020-05-29 14:30:00,1.305,1.37,1.3,1.365,1517163
398,153,2020-05-29 15:00:00,1.3662,1.37,1.33,1.3605,1378596
399,152,2020-05-29 15:30:00,1.365,1.38,1.35,1.355,1510667
400,151,2020-05-29 16:00:00,1.355,1.36,1.315,1.325,2919468
401,150,2020-05-29 16:30:00,1.33,1.37,1.32,1.33,233582
402,149,2020-05-29 17:00:00,1.35,1.35,1.33,1.35,1638
403,148,2020-05-29 17:30:00,1.33,1.35,1.33,1.33,26346
404,147,2020-05-29 18:00:00,1.35,1.35,1.34,1.34,25732
405,146,2020-05-29 18:30:00,1.35,1.35,1.34,1.34,3759
406,145,2020-05-29 19:00:00,1.35,1.35,1.35,1.35,150
407,144,2020-05-29 19:30:00,1.35,1.35,1.35,1.35,120
408,143,2020-05-29 20:00:00,1.35,1.35,1.35,1.35,10885
409,142,2020-06-01 07:30:00,1.34,1.35,1.3,1.33,11590
410,141,2020-06-01 08:30:00,1.34,1.35,1.3101,1.34,9430
411,140,2020-06-01 09:00:00,1.3301,1.34,1.33,1.34,6619
412,139,2020-06-01 09:30:00,1.34,1.34,1.31,1.31,38285
413,138,2020-06-01 10:00:00,1.33,1.36,1.29,1.36,1479717
414,137,2020-06-01 10:30:00,1.3597,1.38,1.35,1.375,1082015
415,136,2020-06-01 11:00:00,1.3799,1.41,1.36,1.38,2164380
416,135,2020-06-01 11:30:00,1.38,1.39,1.35,1.365,1141090
417,134,2020-06-01 12:00:00,1.36,1.38,1.34,1.375,688752
418,133,2020-06-01 12:30:00,1.3748,1.38,1.36,1.37,349244
419,132,2020-06-01 13:00:00,1.3601,1.39,1.36,1.38,670806
420,131,2020-06-01 13:30:00,1.37,1.39,1.37,1.38,946054
421,130,2020-06-01 14:00:00,1.375,1.39,1.37,1.39,527502
422,129,2020-06-01 14:30:00,1.39,1.39,1.38,1.385,471215
423,128,2020-06-01 15:00:00,1.39,1.39,1.37,1.385,851772
424,127,2020-06-01 15:30:00,1.3801,1.41,1.3801,1.41,1312910
425,126,2020-06-01 16:00:00,1.41,1.41,1.37,1.38,2202823
426,125,2020-06-01 16:30:00,1.39,1.39,1.38,1.38,48015
427,124,2020-06-01 17:00:00,1.3798,1.39,1.37,1.39,15248
428,123,2020-06-01 17:30:00,1.39,1.39,1.3898,1.39,24876
429,122,2020-06-01 18:00:00,1.38,1.39,1.38,1.38,1008
430,121,2020-06-01 18:30:00,1.38,1.38,1.38,1.38,159
431,120,2020-06-01 19:00:00,1.38,1.38,1.35,1.35,12354
432,119,2020-06-01 19:30:00,1.36,1.3701,1.36,1.37,5217
433,118,2020-06-01 20:00:00,1.37,1.39,1.37,1.39,11277
434,117,2020-06-02 04:30:00,1.41,1.41,1.41,1.41,1000
435,116,2020-06-02 07:00:00,1.41,1.41,1.41,1.41,900
436,115,2020-06-02 07:30:00,1.42,1.43,1.42,1.43,4233
437,114,2020-06-02 08:00:00,1.41,1.42,1.38,1.38,65559
438,113,2020-06-02 08:30:00,1.4199,1.42,1.4,1.41,35476
439,112,2020-06-02 09:00:00,1.4001,1.42,1.4,1.4,31982
440,111,2020-06-02 09:30:00,1.4,1.41,1.38,1.4,21117
441,110,2020-06-02 10:00:00,1.39,1.41,1.36,1.385,2022669
442,109,2020-06-02 10:30:00,1.3834,1.42,1.37,1.411,1422386
443,108,2020-06-02 11:00:00,1.41,1.42,1.39,1.42,1257751
444,107,2020-06-02 11:30:00,1.42,1.42,1.39,1.41,1521859
445,106,2020-06-02 12:00:00,1.42,1.42,1.39,1.395,1014138
446,105,2020-06-02 12:30:00,1.39,1.44,1.39,1.435,2102991
447,104,2020-06-02 13:00:00,1.435,1.46,1.42,1.425,3319039
448,103,2020-06-02 13:30:00,1.425,1.44,1.41,1.415,1524941
449,102,2020-06-02 14:00:00,1.415,1.43,1.39,1.425,1362534
450,101,2020-06-02 14:30:00,1.425,1.44,1.41,1.4213,1069297
451,100,2020-06-02 15:00:00,1.43,1.44,1.4,1.44,1048883
452,99,2020-06-02 15:30:00,1.44,1.445,1.42,1.425,1412401
453,98,2020-06-02 16:00:00,1.43,1.45,1.42,1.425,2951506
454,97,2020-06-02 16:30:00,1.42,1.43,1.42,1.42,163677
455,96,2020-06-02 17:00:00,1.42,1.43,1.42,1.42,77788
456,95,2020-06-02 17:30:00,1.42,1.44,1.42,1.43,14401
457,94,2020-06-02 18:00:00,1.44,1.44,1.42,1.42,8628
458,93,2020-06-02 18:30:00,1.44,1.44,1.43,1.43,5456
459,92,2020-06-02 19:00:00,1.43,1.44,1.43,1.44,21579
460,91,2020-06-02 19:30:00,1.44,1.44,1.43,1.43,8314
461,90,2020-06-02 20:00:00,1.43,1.44,1.43,1.44,5408
462,89,2020-06-03 04:30:00,1.48,1.48,1.48,1.48,189
463,88,2020-06-03 06:00:00,1.5,1.5,1.5,1.5,250
464,87,2020-06-03 06:30:00,1.45,1.46,1.45,1.45,1500
465,86,2020-06-03 07:00:00,1.44,1.44,1.44,1.44,2500
466,85,2020-06-03 07:30:00,1.44,1.46,1.43,1.44,10989
467,84,2020-06-03 08:00:00,1.44,1.45,1.43,1.45,16455
468,83,2020-06-03 08:30:00,1.4399,1.46,1.43,1.45,72896
469,82,2020-06-03 09:00:00,1.45,1.45,1.44,1.45,6676
470,81,2020-06-03 09:30:00,1.46,1.46,1.45,1.46,36766
471,80,2020-06-03 10:00:00,1.46,1.48,1.44,1.4566,2778873
472,79,2020-06-03 10:30:00,1.4599,1.48,1.44,1.4701,3000207
473,78,2020-06-03 11:00:00,1.48,1.48,1.46,1.4614,1257088
474,77,2020-06-03 11:30:00,1.465,1.47,1.46,1.4683,884020
475,76,2020-06-03 12:00:00,1.47,1.48,1.46,1.475,895909
476,75,2020-06-03 12:30:00,1.475,1.48,1.47,1.475,744767
477,74,2020-06-03 13:00:00,1.475,1.48,1.45,1.465,2406378
478,73,2020-06-03 13:30:00,1.465,1.48,1.46,1.475,717326
479,72,2020-06-03 14:00:00,1.4799,1.48,1.47,1.475,824454
480,71,2020-06-03 14:30:00,1.475,1.49,1.47,1.485,1556703
481,70,2020-06-03 15:00:00,1.485,1.495,1.47,1.475,1262198
482,69,2020-06-03 15:30:00,1.475,1.5,1.47,1.495,2409096
483,68,2020-06-03 16:00:00,1.4925,1.5,1.49,1.495,2574511
484,67,2020-06-03 16:30:00,1.5,1.51,1.5,1.51,47869
485,66,2020-06-03 17:00:00,1.5,1.51,1.5,1.51,147970
486,65,2020-06-03 17:30:00,1.51,1.51,1.5,1.5,17241
487,64,2020-06-03 18:00:00,1.5099,1.5099,1.5,1.5,12002
488,63,2020-06-03 18:30:00,1.51,1.51,1.51,1.51,4600
489,62,2020-06-03 19:00:00,1.51,1.51,1.5,1.51,2724
490,61,2020-06-03 19:30:00,1.51,1.51,1.5,1.5,12000
491,60,2020-06-03 20:00:00,1.5,1.51,1.5,1.5,13975
492,59,2020-06-04 05:30:00,1.52,1.52,1.52,1.52,2934
493,58,2020-06-04 06:00:00,1.52,1.52,1.52,1.52,200
494,57,2020-06-04 07:00:00,1.51,1.51,1.51,1.51,450
495,56,2020-06-04 07:30:00,1.52,1.52,1.5,1.51,3951
496,55,2020-06-04 08:00:00,1.49,1.5,1.47,1.49,35400
497,54,2020-06-04 08:30:00,1.4907,1.51,1.47,1.47,47886
498,53,2020-06-04 09:00:00,1.47,1.48,1.43,1.47,48246
499,52,2020-06-04 09:30:00,1.47,1.49,1.46,1.49,35096
500,51,2020-06-04 10:00:00,1.48,1.55,1.47,1.5401,4219933
501,50,2020-06-04 10:30:00,1.5401,1.63,1.54,1.605,5826162
502,49,2020-06-04 11:00:00,1.61,1.62,1.6,1.61,2311273
503,48,2020-06-04 11:30:00,1.61,1.615,1.55,1.58,2973919
504,47,2020-06-04 12:00:00,1.5704,1.61,1.57,1.59,1576923
505,46,2020-06-04 12:30:00,1.595,1.62,1.59,1.59,1481911
506,45,2020-06-04 13:00:00,1.595,1.62,1.59,1.615,1791675
507,44,2020-06-04 13:30:00,1.6130000000000002,1.63,1.6,1.62,1808368
508,43,2020-06-04 14:00:00,1.6201,1.65,1.62,1.65,2129111
509,42,2020-06-04 14:30:00,1.6499,1.66,1.645,1.66,2152738
510,41,2020-06-04 15:00:00,1.65,1.66,1.61,1.61,2592540
511,40,2020-06-04 15:30:00,1.615,1.64,1.59,1.64,2195839
512,39,2020-06-04 16:00:00,1.64,1.67,1.61,1.66,4438854
513,38,2020-06-04 16:30:00,1.66,1.67,1.63,1.6598,42565
514,37,2020-06-04 17:00:00,1.64,1.65,1.6102,1.6102,32112
515,36,2020-06-04 17:30:00,1.64,1.64,1.61,1.63,6147
516,35,2020-06-04 18:00:00,1.64,1.66,1.62,1.66,6406
517,34,2020-06-04 18:30:00,1.66,1.66,1.65,1.66,7860
518,33,2020-06-04 19:00:00,1.66,1.66,1.66,1.66,5448
519,32,2020-06-04 19:30:00,1.67,1.67,1.65,1.67,31100
520,31,2020-06-04 20:00:00,1.66,1.69,1.66,1.69,27789
521,30,2020-06-05 04:30:00,1.68,1.73,1.68,1.73,848
522,29,2020-06-05 05:00:00,1.73,1.76,1.7,1.76,6298
523,28,2020-06-05 05:30:00,1.76,1.8,1.76,1.8,18510
524,27,2020-06-05 06:00:00,1.8,1.81,1.8,1.81,5304
525,26,2020-06-05 06:30:00,1.78,1.78,1.78,1.78,1599
526,25,2020-06-05 07:30:00,1.8,2.13,1.79,2.01,626627
527,24,2020-06-05 08:00:00,2.01,2.06,2.0,2.03,171561
528,23,2020-06-05 08:30:00,2.02,2.13,1.8,2.05,562025
529,22,2020-06-05 09:00:00,2.06,2.43,2.04,2.23,1130578
530,21,2020-06-05 09:30:00,2.23,2.35,2.07,2.15,1091918
531,20,2020-06-05 10:00:00,2.15,2.25,2.0302,2.1186,17462931
532,19,2020-06-05 10:30:00,2.115,2.175,2.09,2.1201,5608032
533,18,2020-06-05 11:00:00,2.125,2.165,2.06,2.16,5504989
534,17,2020-06-05 11:30:00,2.1566,2.41,2.15,2.3125,13034650
535,16,2020-06-05 12:00:00,2.3102,2.45,2.27,2.37,7611249
536,15,2020-06-05 12:30:00,2.375,2.44,2.32,2.39,6075447
537,14,2020-06-05 13:00:00,2.39,2.52,2.38,2.4899,9285554
538,13,2020-06-05 13:30:00,2.49,2.52,2.41,2.495,5144057
539,12,2020-06-05 14:00:00,2.49,2.62,2.49,2.5415,8341523
540,11,2020-06-05 14:30:00,2.5401,2.55,2.38,2.405,5338324
541,10,2020-06-05 15:00:00,2.4,2.49,2.38,2.425,4189874
542,9,2020-06-05 15:30:00,2.425,2.45,2.34,2.385,5446778
543,8,2020-06-05 16:00:00,2.38,2.5,2.35,2.49,7851610
544,7,2020-06-05 16:30:00,2.49,2.56,2.47,2.56,264804
545,6,2020-06-05 17:00:00,2.57,2.6,2.52,2.58,601475
546,5,2020-06-05 17:30:00,2.58,2.59,2.56,2.57,67362
547,4,2020-06-05 18:00:00,2.58,2.59,2.55,2.58,45988
548,3,2020-06-05 18:30:00,2.59,2.6,2.58,2.6,30199
549,2,2020-06-05 19:00:00,2.59,2.6,2.57,2.57,42518
550,1,2020-06-05 19:30:00,2.57,2.59,2.55,2.56,29441
551,0,2020-06-05 20:00:00,2.56,2.62,2.56,2.62,76171
552,585,2020-06-08 04:30:00,2.63,3.11,2.62,3.11,48436
553,584,2020-06-08 05:00:00,3.13,3.15,2.8,3.09,27767
554,583,2020-06-08 05:30:00,3.09,3.09,2.92,2.98,24052
555,582,2020-06-08 06:00:00,3.0,3.0,2.97,2.97,3540
556,581,2020-06-08 06:30:00,3.04,3.09,3.04,3.09,5021
557,580,2020-06-08 07:00:00,3.08,3.09,3.05,3.09,12118
558,579,2020-06-08 07:30:00,3.09,3.29,3.01,3.22,140161
559,578,2020-06-08 08:00:00,3.23,3.47,3.23,3.4,326984
560,577,2020-06-08 08:30:00,3.39,3.45,3.11,3.32,742436
561,576,2020-06-08 09:00:00,3.32,3.33,3.05,3.14,516772
562,575,2020-06-08 09:30:00,3.14,3.29,3.01,3.01,512269
563,574,2020-06-08 10:00:00,3.03,3.24,2.71,3.16,24560486
564,573,2020-06-08 10:30:00,3.1685,3.42,3.035,3.1148,14922473
565,572,2020-06-08 11:00:00,3.1187,3.16,2.95,3.065,7426180
566,571,2020-06-08 11:30:00,3.065,3.1,2.96,3.075,5128572
567,570,2020-06-08 12:00:00,3.075,3.14,3.03,3.1366,3466663
568,569,2020-06-08 12:30:00,3.1399,3.34,3.13,3.31,8097858
569,568,2020-06-08 13:00:00,3.325,3.4,3.2,3.3384,6351353
570,567,2020-06-08 13:30:00,3.3301,3.4,3.33,3.39,3498790
571,566,2020-06-08 14:00:00,3.395,3.4,3.32,3.325,3725215
572,565,2020-06-08 14:30:00,3.32,3.34,3.245,3.3133,4152611
573,564,2020-06-08 15:00:00,3.3134,3.4,3.3,3.4,2902544
574,563,2020-06-08 15:30:00,3.4,3.56,3.39,3.55,6847704
575,562,2020-06-08 16:00:00,3.545,3.815,3.5418,3.75,15207086
576,561,2020-06-08 16:30:00,3.75,3.82,3.7,3.79,413987
577,560,2020-06-08 17:00:00,3.79,3.99,3.5,3.7702,298510
578,559,2020-06-08 17:30:00,3.77,3.9,3.75,3.76,152467
579,558,2020-06-08 18:00:00,3.76,3.99,3.76,3.97,160324
580,557,2020-06-08 18:30:00,3.97,4.0,3.95,3.97,90973
581,556,2020-06-08 19:00:00,3.97,3.98,3.92,3.95,96208
582,555,2020-06-08 19:30:00,3.94,4.0,3.91,4.0,65413
583,554,2020-06-08 20:00:00,3.99,4.1,3.97,4.1,175982
584,553,2020-06-09 04:30:00,3.8,4.05,2.85,3.03,47930
585,552,2020-06-09 05:00:00,3.1,3.1,3.05,3.07,25346
586,551,2020-06-09 05:30:00,3.08,3.08,2.9,3.0,40035
587,550,2020-06-09 06:00:00,3.07,3.12,3.07,3.12,2601
588,549,2020-06-09 06:30:00,3.12,3.3,3.1,3.25,74672
589,548,2020-06-09 07:00:00,3.25,3.28,3.11,3.11,5949
590,547,2020-06-09 07:30:00,3.18,3.55,3.18,3.35,401297
591,546,2020-06-09 08:00:00,3.38,3.38,3.25,3.36,88014
592,545,2020-06-09 08:30:00,3.3001,3.55,3.25,3.35,549888
593,544,2020-06-09 09:00:00,3.33,3.34,3.24,3.25,162154
594,543,2020-06-09 09:30:00,3.25,3.34,3.1,3.25,536589
595,542,2020-06-09 10:00:00,3.26,3.29,2.91,3.0,17425847
596,541,2020-06-09 10:30:00,3.0,3.01,2.71,2.8987,12780650
597,540,2020-06-09 11:00:00,2.89,3.1,2.86,3.0,6026052
598,539,2020-06-09 11:30:00,3.0,3.29,2.96,3.065,3654036
599,538,2020-06-09 12:00:00,3.0613,3.12,3.05,3.065,3511554
600,537,2020-06-09 12:30:00,3.06,3.0699,2.93,2.975,3778506
601,536,2020-06-09 13:00:00,2.9705,2.98,2.92,2.955,3378881
602,535,2020-06-09 13:30:00,2.9501,2.98,2.93,2.955,1916795
603,534,2020-06-09 14:00:00,2.955,3.02,2.95,3.005,1960652
604,533,2020-06-09 14:30:00,3.008,3.01,2.91,2.91,1629892
605,532,2020-06-09 15:00:00,2.915,2.94,2.9,2.915,2311518
606,531,2020-06-09 15:30:00,2.915,2.92,2.85,2.875,4258224
607,530,2020-06-09 16:00:00,2.875,2.88,2.83,2.86,7038276
608,529,2020-06-09 16:30:00,2.85,2.97,2.85,2.97,56721
609,528,2020-06-09 17:00:00,2.96,2.98,2.86,2.86,72041
610,527,2020-06-09 17:30:00,2.8601,2.89,2.85,2.85,32530
611,526,2020-06-09 18:00:00,2.84,2.84,2.79,2.84,80038
612,525,2020-06-09 18:30:00,2.85,2.87,2.8,2.8399,5119511
613,524,2020-06-09 19:00:00,2.81,2.81,2.7899,2.8,19455
614,523,2020-06-09 19:30:00,2.8,2.8,2.79,2.8,68688
615,522,2020-06-09 20:00:00,2.79,2.82,2.79,2.82,50955
616,521,2020-06-10 04:30:00,2.75,2.88,2.75,2.88,3200
617,520,2020-06-10 05:00:00,2.9,2.9,2.9,2.9,500
618,519,2020-06-10 05:30:00,2.9,2.9,2.8,2.8,2563
619,518,2020-06-10 06:00:00,2.75,2.75,2.73,2.73,7749
620,517,2020-06-10 06:30:00,2.83,2.83,2.83,2.83,3978
621,516,2020-06-10 07:00:00,2.72,2.76,2.72,2.76,6544
622,515,2020-06-10 07:30:00,2.76,2.79,2.61,2.66,152297
623,514,2020-06-10 08:00:00,2.66,2.68,2.5,2.54,136679
624,513,2020-06-10 08:30:00,2.54,2.79,2.5,2.63,6017394
625,512,2020-06-10 09:00:00,2.62,2.71,2.62,2.6998,82129
626,511,2020-06-10 09:30:00,2.7,2.71,2.65,2.7,120080
627,510,2020-06-10 10:00:00,2.68,2.685,2.1,2.165,18961684
628,509,2020-06-10 10:30:00,2.165,2.26,2.01,2.115,11310506
629,508,2020-06-10 11:00:00,2.115,2.29,2.08,2.18,6618439
630,507,2020-06-10 11:30:00,2.1799,2.36,2.15,2.342,5297370
631,506,2020-06-10 12:00:00,2.34,2.39,2.26,2.375,5214258
632,505,2020-06-10 12:30:00,2.38,2.41,2.32,2.355,4581073
633,504,2020-06-10 13:00:00,2.355,2.38,2.325,2.355,2027622
634,503,2020-06-10 13:30:00,2.355,2.36,2.28,2.335,2459608
635,502,2020-06-10 14:00:00,2.335,2.42,2.33,2.395,2414833
636,501,2020-06-10 14:30:00,2.395,2.64,2.35,2.6273,6022838
637,500,2020-06-10 15:00:00,2.63,2.63,2.455,2.545,3381653
638,499,2020-06-10 15:30:00,2.545,2.545,2.43,2.475,2750761
639,498,2020-06-10 16:00:00,2.475,2.5,2.3601,2.38,4790197
640,497,2020-06-10 16:30:00,2.36,2.39,2.27,2.3,81470
641,496,2020-06-10 17:00:00,2.3,2.36,2.3,2.34,41893
642,495,2020-06-10 17:30:00,2.34,2.38,2.34,2.38,13632
643,494,2020-06-10 18:00:00,2.37,2.37,2.32,2.32,16207
644,493,2020-06-10 18:30:00,2.32,2.32,2.28,2.28,19968
645,492,2020-06-10 19:00:00,2.28,2.29,2.22,2.22,58781
646,491,2020-06-10 19:30:00,2.23,2.28,2.23,2.25,23653
647,490,2020-06-10 20:00:00,2.24,2.3,2.14,2.23,71728
648,489,2020-06-11 04:30:00,2.2,2.2,2.08,2.19,4900
649,488,2020-06-11 05:00:00,2.12,2.18,2.12,2.18,5200
650,487,2020-06-11 05:30:00,2.1,2.11,2.1,2.11,2210
651,486,2020-06-11 06:00:00,2.12,2.12,2.12,2.12,937
652,485,2020-06-11 07:00:00,2.11,2.13,2.11,2.13,3068
653,484,2020-06-11 07:30:00,2.13,2.15,2.02,2.02,139264
654,483,2020-06-11 08:00:00,2.01,2.05,2.0,2.04,106344
655,482,2020-06-11 08:30:00,2.03,2.1101,1.86,1.89,838945
656,481,2020-06-11 09:00:00,1.89,1.96,1.8598,1.94,541753
657,480,2020-06-11 09:30:00,1.93,1.98,1.85,1.95,441308
658,479,2020-06-11 10:00:00,1.94,2.22,1.85,2.185,12447043
659,478,2020-06-11 10:30:00,2.19,2.295,2.13,2.2399,4994506
660,477,2020-06-11 11:00:00,2.2387,2.29,2.205,2.21,2355703
661,476,2020-06-11 11:30:00,2.215,2.26,2.17,2.205,2947663
662,475,2020-06-11 12:00:00,2.205,2.22,2.11,2.1204,2601800
663,474,2020-06-11 12:30:00,2.125,2.13,2.03,2.045,3879893
664,473,2020-06-11 13:00:00,2.0450779999999997,2.12,2.04,2.065,1633646
665,472,2020-06-11 13:30:00,2.065,2.16,2.06,2.1139,1901328
666,471,2020-06-11 14:00:00,2.115,2.17,2.1,2.165,1205923
667,470,2020-06-11 14:30:00,2.165,2.17,2.12,2.135,731936
668,469,2020-06-11 15:00:00,2.1313,2.14,2.11,2.115,1204647
669,468,2020-06-11 15:30:00,2.115,2.12,2.015,2.0299,2854491
670,467,2020-06-11 16:00:00,2.025,2.04,2.01,2.015,4255918
671,466,2020-06-11 16:30:00,2.04,2.08,2.02,2.02,52360
672,465,2020-06-11 17:00:00,2.05,2.05,2.01,2.05,23486
673,464,2020-06-11 17:30:00,2.0202,2.08,2.02,2.08,18537
674,463,2020-06-11 18:00:00,2.08,2.1,2.07,2.08,9987
675,462,2020-06-11 18:30:00,2.08,2.1,2.07,2.07,20062
676,461,2020-06-11 19:00:00,2.06,2.09,2.06,2.09,6122
677,460,2020-06-11 19:30:00,2.08,2.14,2.08,2.14,27178
678,459,2020-06-11 20:00:00,2.14,2.22,2.13,2.2,35569
679,458,2020-06-12 05:00:00,2.3,2.3,2.21,2.26,1350
680,457,2020-06-12 05:30:00,2.26,2.32,2.25,2.3,11848
681,456,2020-06-12 06:00:00,2.27,2.3,2.27,2.3,1150
682,455,2020-06-12 06:30:00,2.3,2.4,2.3,2.4,3379
683,454,2020-06-12 07:00:00,2.34,2.34,2.34,2.34,11185
684,453,2020-06-12 07:30:00,2.31,2.35,2.26,2.34,52268
685,452,2020-06-12 08:00:00,2.35,2.35,2.33,2.33,25656
686,451,2020-06-12 08:30:00,2.33,2.35,2.25,2.29,303205
687,450,2020-06-12 09:00:00,2.3,2.35,2.29,2.31,90838
688,449,2020-06-12 09:30:00,2.3,2.45,2.3,2.435,431278
689,448,2020-06-12 10:00:00,2.44,2.45,2.2,2.345,8463681
690,447,2020-06-12 10:30:00,2.35,2.4,2.3,2.3,2975875
691,446,2020-06-12 11:00:00,2.303,2.31,2.2101,2.215,3693161
692,445,2020-06-12 11:30:00,2.215,2.28,2.18,2.2357,2765445
693,444,2020-06-12 12:00:00,2.23,2.28,2.2001,2.2513,2028635
694,443,2020-06-12 12:30:00,2.255,2.26,2.19,2.205,1658214
695,442,2020-06-12 13:00:00,2.2,2.21,2.17,2.2,1844945
696,441,2020-06-12 13:30:00,2.2067,2.21,2.18,2.195,1504200
697,440,2020-06-12 14:00:00,2.19,2.21,2.15,2.155,2896649
698,439,2020-06-12 14:30:00,2.155,2.19,2.14,2.1699,1818219
699,438,2020-06-12 15:00:00,2.17,2.2,2.14,2.2,1833294
700,437,2020-06-12 15:30:00,2.197,2.22,2.19,2.195,2027216
701,436,2020-06-12 16:00:00,2.19,2.22,2.19,2.2,3210804
702,435,2020-06-12 16:30:00,2.21,2.22,2.2,2.2,91682
703,434,2020-06-12 17:00:00,2.2098,2.2298,2.15,2.21,38436
704,433,2020-06-12 17:30:00,2.18,2.21,2.18,2.2,161190
705,432,2020-06-12 18:00:00,2.2,2.21,2.19,2.21,27562
706,431,2020-06-12 18:30:00,2.21,2.22,2.21,2.22,22720
707,430,2020-06-12 19:00:00,2.24,2.24,2.21,2.21,8440
708,429,2020-06-12 19:30:00,2.24,2.24,2.22,2.22,23032
709,428,2020-06-12 20:00:00,2.22,2.24,2.22,2.24,6225
710,427,2020-06-15 04:30:00,2.05,2.1,2.0,2.05,7932
711,426,2020-06-15 05:00:00,2.1,2.1,2.1,2.1,900
712,425,2020-06-15 05:30:00,2.13,2.15,2.13,2.14,6497
713,424,2020-06-15 06:00:00,2.14,2.18,2.12,2.18,5484
714,423,2020-06-15 06:30:00,2.2,2.2,2.07,2.17,77397
715,422,2020-06-15 07:00:00,2.08,2.08,2.08,2.08,2000
716,421,2020-06-15 07:30:00,2.1,2.17,2.0,2.07,65445
717,420,2020-06-15 08:00:00,2.07,2.12,2.06,2.12,35576
718,419,2020-06-15 08:30:00,2.1,2.15,2.0,2.08,192138
719,418,2020-06-15 09:00:00,2.06,2.1001,2.06,2.1,81500
720,417,2020-06-15 09:30:00,2.0602,2.09,2.06,2.06,74839
721,416,2020-06-15 10:00:00,2.1,2.14,1.98,2.1199,4588522
722,415,2020-06-15 10:30:00,2.115,2.17,2.1,2.105,2030997
723,414,2020-06-15 11:00:00,2.105,2.15,2.1,2.1461,1355440
724,413,2020-06-15 11:30:00,2.145,2.22,2.14,2.18,3435472
725,412,2020-06-15 12:00:00,2.18,2.19,2.15,2.17,1038012
726,411,2020-06-15 12:30:00,2.17,2.25,2.16,2.245,1520652
727,410,2020-06-15 13:00:00,2.2401,2.3,2.23,2.295,2142564
728,409,2020-06-15 13:30:00,2.3,2.34,2.24,2.295,2693067
729,408,2020-06-15 14:00:00,2.29,2.3,2.22,2.23,1286672
730,407,2020-06-15 14:30:00,2.235,2.32,2.235,2.28,1606649
731,406,2020-06-15 15:00:00,2.28,2.29,2.26,2.265,864208
732,405,2020-06-15 15:30:00,2.265,2.3,2.26,2.285,1074004
733,404,2020-06-15 16:00:00,2.285,2.29,2.233,2.24,3121787
734,403,2020-06-15 16:30:00,2.2498,2.28,2.22,2.26,32077
735,402,2020-06-15 17:00:00,2.28,2.28,2.26,2.27,16122
736,401,2020-06-15 17:30:00,2.28,2.28,2.2798,2.28,5771
737,400,2020-06-15 18:00:00,2.27,2.29,2.21,2.29,11530
738,399,2020-06-15 18:30:00,2.29,2.29,2.28,2.29,1640
739,398,2020-06-15 19:00:00,2.29,2.29,2.28,2.29,17171
740,397,2020-06-15 19:30:00,2.29,2.31,2.29,2.31,830
741,396,2020-06-15 20:00:00,2.31,2.32,2.3,2.3,63324
742,395,2020-06-16 04:30:00,2.41,2.43,2.35,2.4,5410
743,394,2020-06-16 05:00:00,2.4,2.46,2.39,2.45,5238
744,393,2020-06-16 05:30:00,2.47,2.48,2.47,2.48,3099
745,392,2020-06-16 06:00:00,2.49,2.58,2.48,2.58,23996
746,391,2020-06-16 06:30:00,2.53,2.57,2.5,2.5,8101
747,390,2020-06-16 07:00:00,2.55,2.56,2.52,2.56,4706
748,389,2020-06-16 07:30:00,2.56,2.57,2.51,2.54,73186
749,388,2020-06-16 08:00:00,2.52,2.53,2.5,2.52,82165
750,387,2020-06-16 08:30:00,2.55,2.57,2.5,2.53,329522
751,386,2020-06-16 09:00:00,2.53,2.54,2.51,2.52,219842
752,385,2020-06-16 09:30:00,2.51,2.53,2.51,2.51,303305
753,384,2020-06-16 10:00:00,2.52,2.53,2.37,2.45,6515427
754,383,2020-06-16 10:30:00,2.4431,2.475,2.39,2.435,2676308
755,382,2020-06-16 11:00:00,2.43,2.44,2.27,2.275,3026292
756,381,2020-06-16 11:30:00,2.27,2.34,2.24,2.31,2870014
757,380,2020-06-16 12:00:00,2.31,2.32,2.26,2.2613,1037265
758,379,2020-06-16 12:30:00,2.265,2.31,2.25,2.3096,758017
759,378,2020-06-16 13:00:00,2.305,2.3598,2.3,2.3242,1119242
760,377,2020-06-16 13:30:00,2.325,2.35,2.32,2.325,746875
761,376,2020-06-16 14:00:00,2.325,2.34,2.305,2.31,684162
762,375,2020-06-16 14:30:00,2.315,2.35,2.3,2.3294,634917
763,374,2020-06-16 15:00:00,2.33,2.35,2.31,2.3187,1000233
764,373,2020-06-16 15:30:00,2.315,2.319,2.24,2.28,2777080
765,372,2020-06-16 16:00:00,2.28,2.29,2.25,2.275,2674697
766,371,2020-06-16 16:30:00,2.3,2.3398,2.27,2.2798,41735
767,370,2020-06-16 17:00:00,2.27,2.28,2.26,2.27,4119
768,369,2020-06-16 17:30:00,2.27,2.29,2.2598,2.28,53701
769,368,2020-06-16 18:00:00,2.28,2.28,2.26,2.28,13765
770,367,2020-06-16 18:30:00,2.27,2.27,2.25,2.26,11914
771,366,2020-06-16 19:00:00,2.25,2.26,2.25,2.26,8200
772,365,2020-06-16 19:30:00,2.25,2.25,2.25,2.25,32267
773,364,2020-06-16 20:00:00,2.28,2.29,2.27,2.28,41080
774,363,2020-06-17 05:30:00,2.27,2.27,2.27,2.27,241
775,362,2020-06-17 07:30:00,2.32,2.32,2.31,2.32,22091
776,361,2020-06-17 08:00:00,2.31,2.31,2.28,2.29,15354
777,360,2020-06-17 08:30:00,2.32,2.34,2.27,2.2899,63496
778,359,2020-06-17 09:00:00,2.28,2.3,2.28,2.28,75415
779,358,2020-06-17 09:30:00,2.2898,2.29,2.27,2.27,30621
780,357,2020-06-17 10:00:00,2.26,2.29,2.18,2.2547,3140796
781,356,2020-06-17 10:30:00,2.25,2.29,2.22,2.2301,1867084
782,355,2020-06-17 11:00:00,2.24,2.32,2.22,2.28,1960839
783,354,2020-06-17 11:30:00,2.28,2.29,2.23,2.23,1573251
784,353,2020-06-17 12:00:00,2.23,2.28,2.225,2.25,1248166
785,352,2020-06-17 12:30:00,2.25,2.27,2.25,2.2612,682052
786,351,2020-06-17 13:00:00,2.26,2.29,2.25,2.28,948307
787,350,2020-06-17 13:30:00,2.28,2.285,2.26,2.28,674286
788,349,2020-06-17 14:00:00,2.28,2.285,2.2599,2.26,723715
789,348,2020-06-17 14:30:00,2.265,2.28,2.245,2.26,929846
790,347,2020-06-17 15:00:00,2.26,2.27,2.23,2.24,1024203
791,346,2020-06-17 15:30:00,2.23,2.26,2.225,2.24,1655461
792,345,2020-06-17 16:00:00,2.24,2.24,2.19,2.21,2416467
793,344,2020-06-17 16:30:00,2.2,2.24,2.2,2.21,12928
794,343,2020-06-17 17:00:00,2.21,2.22,2.2,2.2,11440
795,342,2020-06-17 17:30:00,2.2,2.2498,2.2,2.24,24510
796,341,2020-06-17 18:00:00,2.2,2.25,2.2,2.22,8956
797,340,2020-06-17 18:30:00,2.2,2.2,2.2,2.2,1392
798,339,2020-06-17 19:00:00,2.2,2.2,2.2,2.2,525
799,338,2020-06-17 19:30:00,2.23,2.23,2.2,2.2,5320
800,337,2020-06-17 20:00:00,2.21,2.25,2.2,2.2,7755
801,336,2020-06-18 07:30:00,2.25,2.25,2.2,2.2,9869
802,335,2020-06-18 08:00:00,2.18,2.18,2.17,2.17,5349
803,334,2020-06-18 08:30:00,2.2101,2.2101,2.1,2.16,77454
804,333,2020-06-18 09:00:00,2.13,2.16,2.13,2.16,4391
805,332,2020-06-18 09:30:00,2.1699,2.1699,2.1,2.14,90155
806,331,2020-06-18 10:00:00,2.13,2.28,2.12,2.225,3406391
807,330,2020-06-18 10:30:00,2.225,2.3,2.22,2.28,2719347
808,329,2020-06-18 11:00:00,2.29,2.325,2.22,2.25,1978885
809,328,2020-06-18 11:30:00,2.255,2.26,2.2,2.23,1069674
810,327,2020-06-18 12:00:00,2.225,2.24,2.21,2.2238,687178
811,326,2020-06-18 12:30:00,2.23,2.245,2.22,2.2296,922986
812,325,2020-06-18 13:00:00,2.2263,2.23,2.2,2.21,740632
813,324,2020-06-18 13:30:00,2.21,2.24,2.21,2.22,353831
814,323,2020-06-18 14:00:00,2.215,2.23,2.2004,2.215,487295
815,322,2020-06-18 14:30:00,2.2196,2.24,2.2,2.23,556172
816,321,2020-06-18 15:00:00,2.235,2.25,2.22,2.235,701647
817,320,2020-06-18 15:30:00,2.2351,2.2351,2.21,2.21,613447
818,319,2020-06-18 16:00:00,2.21,2.22,2.2,2.2,2060687
819,318,2020-06-18 16:30:00,2.2,2.22,2.18,2.205,25210
820,317,2020-06-18 17:00:00,2.22,2.22,2.2,2.2,5346
821,316,2020-06-18 17:30:00,2.22,2.22,2.2,2.22,4900
822,315,2020-06-18 18:00:00,2.2,2.23,2.2,2.23,5868
823,314,2020-06-18 18:30:00,2.21,2.23,2.21,2.23,2374
824,313,2020-06-18 19:00:00,2.23,2.23,2.22,2.22,2501
825,312,2020-06-18 19:30:00,2.22,2.24,2.19,2.19,19708
826,311,2020-06-18 20:00:00,2.23,2.24,2.19,2.24,13573
827,310,2020-06-19 04:30:00,2.32,2.32,2.32,2.32,500
828,309,2020-06-19 05:00:00,2.31,2.35,2.31,2.33,4890
829,308,2020-06-19 05:30:00,2.34,2.36,2.34,2.36,2458
830,307,2020-06-19 06:00:00,2.38,2.44,2.38,2.4,18287
831,306,2020-06-19 06:30:00,2.4,2.4,2.38,2.38,801
832,305,2020-06-19 07:00:00,2.36,2.36,2.36,2.36,400
833,304,2020-06-19 07:30:00,2.36,2.4,2.29,2.3,52116
834,303,2020-06-19 08:00:00,2.3,2.31,2.28,2.29,7832
835,302,2020-06-19 08:30:00,2.3199,2.4,2.28,2.3,109864
836,301,2020-06-19 09:00:00,2.3,2.32,2.29,2.3,55284
837,300,2020-06-19 09:30:00,2.3,2.34,2.29,2.31,106876
838,299,2020-06-19 10:00:00,2.34,2.35,2.24,2.255,4523351
839,298,2020-06-19 10:30:00,2.255,2.31,2.25,2.2898,1401768
840,297,2020-06-19 11:00:00,2.285,2.2962,2.26,2.2614,1014753
841,296,2020-06-19 11:30:00,2.265,2.3,2.265,2.28,1238958
842,295,2020-06-19 12:00:00,2.28,2.3,2.27,2.285,1350387
843,294,2020-06-19 12:30:00,2.2898,2.29,2.19,2.205,2376310
844,293,2020-06-19 13:00:00,2.205,2.23,2.19,2.2169,1822794
845,292,2020-06-19 13:30:00,2.2177,2.22,2.14,2.145,1955316
846,291,2020-06-19 14:00:00,2.1415,2.15,2.09,2.0901,2546060
847,290,2020-06-19 14:30:00,2.09,2.12,2.055,2.105,3711040
848,289,2020-06-19 15:00:00,2.11,2.165,2.1,2.14,1815648
849,288,2020-06-19 15:30:00,2.14,2.16,2.105,2.12,1827122
850,287,2020-06-19 16:00:00,2.12,2.13,2.1,2.1,2769299
851,286,2020-06-19 16:30:00,2.1,2.15,2.0985,2.14,648930
852,285,2020-06-19 17:00:00,2.1298,2.13,2.09,2.11,55702
853,284,2020-06-19 17:30:00,2.1,2.11,2.09,2.09,20170
854,283,2020-06-19 18:00:00,2.11,2.11,2.09,2.1,17208
855,282,2020-06-19 18:30:00,2.11,2.11,2.1,2.11,9461
856,281,2020-06-19 19:00:00,2.1,2.1,2.1,2.1,500
857,280,2020-06-19 19:30:00,2.1099,2.11,2.1,2.11,1970
858,279,2020-06-19 20:00:00,2.1099,2.12,2.1,2.11,31258
859,278,2020-06-22 06:00:00,2.17,2.17,2.15,2.15,600
860,277,2020-06-22 07:00:00,2.15,2.15,2.15,2.15,200
861,276,2020-06-22 07:30:00,2.15,2.16,2.11,2.11,15410
862,275,2020-06-22 08:00:00,2.1,2.11,2.09,2.11,28420
863,274,2020-06-22 08:30:00,2.15,2.15,2.11,2.12,46946
864,273,2020-06-22 09:00:00,2.1101,2.12,2.1,2.11,7756
865,272,2020-06-22 09:30:00,2.1,2.13,2.1,2.11,32965
866,271,2020-06-22 10:00:00,2.12,2.13,2.02,2.105,3668579
867,270,2020-06-22 10:30:00,2.1,2.11,2.05,2.07,1986494
868,269,2020-06-22 11:00:00,2.07,2.085,2.0,2.02,3184284
869,268,2020-06-22 11:30:00,2.025,2.03,2.0,2.02,1997458
870,267,2020-06-22 12:00:00,2.015,2.07,2.015,2.055,2627389
871,266,2020-06-22 12:30:00,2.06,2.09,2.05,2.0601,1411891
872,265,2020-06-22 13:00:00,2.06,2.1,2.05,2.1,898582
873,264,2020-06-22 13:30:00,2.095,2.1,2.07,2.088,631110
874,263,2020-06-22 14:00:00,2.09,2.12,2.08,2.095,802052
875,262,2020-06-22 14:30:00,2.095,2.1,2.06,2.08,733506
876,261,2020-06-22 15:00:00,2.075,2.1,2.07,2.095,379479
877,260,2020-06-22 15:30:00,2.1,2.105,2.07,2.09,1621613
878,259,2020-06-22 16:00:00,2.1,2.105,2.09,2.1,2522473
879,258,2020-06-22 16:30:00,2.1,2.11,2.09,2.11,30995
880,257,2020-06-22 17:00:00,2.1,2.12,2.09,2.11,15569
881,256,2020-06-22 18:00:00,2.1,2.11,2.1,2.11,2775
882,255,2020-06-22 18:30:00,2.1,2.1,2.1,2.1,5220
883,254,2020-06-22 19:00:00,2.1,2.1,2.1,2.1,5144
884,253,2020-06-22 19:30:00,2.1,2.12,2.1,2.1,43379
885,252,2020-06-22 20:00:00,2.12,2.13,2.1,2.13,43120
886,251,2020-06-23 04:30:00,2.14,2.19,2.14,2.19,4922
887,250,2020-06-23 07:30:00,2.14,2.17,2.14,2.17,11150
888,249,2020-06-23 08:00:00,2.15,2.18,2.14,2.18,48326
889,248,2020-06-23 08:30:00,2.1699,2.19,2.14,2.19,147100
890,247,2020-06-23 09:00:00,2.18,2.19,2.17,2.17,37299
891,246,2020-06-23 09:30:00,2.17,2.18,2.15,2.18,102492
892,245,2020-06-23 10:00:00,2.17,2.2,2.13,2.15,3131780
893,244,2020-06-23 10:30:00,2.155,2.165,2.12,2.14,1714709
894,243,2020-06-23 11:00:00,2.14,2.15,2.1,2.12,1131096
895,242,2020-06-23 11:30:00,2.115,2.17,2.11,2.135,1471962
896,241,2020-06-23 12:00:00,2.135,2.14,2.11,2.125,882831
897,240,2020-06-23 12:30:00,2.13,2.13,2.11,2.115,819171
898,239,2020-06-23 13:00:00,2.115,2.12,2.07,2.085,1706928
899,238,2020-06-23 13:30:00,2.09,2.1,2.08,2.085,840927
900,237,2020-06-23 14:00:00,2.085,2.0899,2.05,2.07,1317127
901,236,2020-06-23 14:30:00,2.07,2.08,2.06,2.07,886279
902,235,2020-06-23 15:00:00,2.0799,2.1,2.07,2.09,827059
903,234,2020-06-23 15:30:00,2.09,2.11,2.07,2.08,2047711
904,233,2020-06-23 16:00:00,2.09,2.1,2.05,2.09,3313547
905,232,2020-06-23 16:30:00,2.09,2.1,2.07,2.09,28150
906,231,2020-06-23 17:00:00,2.0895,2.1,2.08,2.08,1428
907,230,2020-06-23 17:30:00,2.1,2.11,2.07,2.07,17207
908,229,2020-06-23 18:00:00,2.1,2.11,2.07,2.07,5228
909,228,2020-06-23 18:30:00,2.07,2.09,2.07,2.09,950
910,227,2020-06-23 19:00:00,2.09,2.09,2.08,2.08,11686
911,226,2020-06-23 19:30:00,2.08,2.08,2.08,2.08,250
912,225,2020-06-23 20:00:00,2.09,2.09,2.07,2.07,6610
913,224,2020-06-24 07:00:00,2.06,2.06,2.06,2.06,400
914,223,2020-06-24 07:30:00,2.05,2.05,2.03,2.03,9672
915,222,2020-06-24 08:00:00,2.04,2.05,2.04,2.05,16657
916,221,2020-06-24 08:30:00,2.0301,2.0599,2.02,2.04,44371
917,220,2020-06-24 09:00:00,2.04,2.05,1.99,2.04,124240
918,219,2020-06-24 09:30:00,2.03,2.05,2.01,2.03,48572
919,218,2020-06-24 10:00:00,2.01,2.025,1.935,1.95,5927906
920,217,2020-06-24 10:30:00,1.94,2.04,1.94,2.035,3471102
921,216,2020-06-24 11:00:00,2.03,2.04,1.97,1.985,2185463
922,215,2020-06-24 11:30:00,1.985,1.9899,1.92,1.93,3220676
923,214,2020-06-24 12:00:00,1.925,1.93,1.86,1.895,4716632
924,213,2020-06-24 12:30:00,1.895,1.96,1.89,1.945,2381359
925,212,2020-06-24 13:00:00,1.95,1.99,1.94,1.99,1294248
926,211,2020-06-24 13:30:00,1.98,1.99,1.94,1.955,1106510
927,210,2020-06-24 14:00:00,1.95,1.96,1.94,1.94,818079
928,209,2020-06-24 14:30:00,1.94,1.95,1.92,1.935,927480
929,208,2020-06-24 15:00:00,1.935,1.94,1.91,1.92,871214
930,207,2020-06-24 15:30:00,1.9194,1.93,1.91,1.925,927414
931,206,2020-06-24 16:00:00,1.925,1.93,1.91,1.92,2605253
932,205,2020-06-24 16:30:00,1.93,1.94,1.9,1.9298,82757
933,204,2020-06-24 17:00:00,1.92,1.93,1.8998,1.91,47846
934,203,2020-06-24 17:30:00,1.91,1.92,1.9,1.9199,48197
935,202,2020-06-24 18:00:00,1.9199,1.93,1.91,1.91,29308
936,201,2020-06-24 18:30:00,1.93,1.93,1.91,1.91,9137
937,200,2020-06-24 19:00:00,1.92,1.92,1.9,1.9,24494
938,199,2020-06-24 19:30:00,1.91,1.92,1.9,1.9,9284
939,198,2020-06-24 20:00:00,1.9,1.91,1.8901,1.9,5555
940,197,2020-06-25 04:30:00,1.83,1.84,1.82,1.82,5960
941,196,2020-06-25 06:30:00,1.83,1.83,1.8,1.8,3630
942,195,2020-06-25 07:00:00,1.81,1.81,1.81,1.81,999
943,194,2020-06-25 07:30:00,1.87,1.89,1.85,1.88,2517
944,193,2020-06-25 08:00:00,1.86,1.86,1.81,1.81,17579
945,192,2020-06-25 08:30:00,1.86,1.88,1.8,1.85,106956
946,191,2020-06-25 09:00:00,1.85,1.86,1.85,1.855,32068
947,190,2020-06-25 09:30:00,1.85,1.86,1.84,1.86,127092
948,189,2020-06-25 10:00:00,1.86,1.98,1.84,1.965,3636239
949,188,2020-06-25 10:30:00,1.965,2.04,1.96,2.0301,2868758
950,187,2020-06-25 11:00:00,2.04,2.05,1.92,1.955,1841078
951,186,2020-06-25 11:30:00,1.955,1.96,1.89,1.925,1734498
952,185,2020-06-25 12:00:00,1.9237,1.94,1.91,1.935,1218125
953,184,2020-06-25 12:30:00,1.935,1.96,1.92,1.935,1004925
954,183,2020-06-25 13:00:00,1.94,1.96,1.93,1.935,626585
955,182,2020-06-25 13:30:00,1.9375,1.95,1.93,1.945,483909
956,181,2020-06-25 14:00:00,1.945,1.95,1.91,1.93,929982
957,180,2020-06-25 14:30:00,1.925,1.93,1.9,1.9099,767614
958,179,2020-06-25 15:00:00,1.9,1.92,1.9,1.9,482669
959,178,2020-06-25 15:30:00,1.905,1.94,1.9,1.9387,1672013
960,177,2020-06-25 16:00:00,1.9375,1.9375,1.91,1.93,2420355
961,176,2020-06-25 16:30:00,1.94,1.94,1.92,1.93,17400
962,175,2020-06-25 17:00:00,1.91,1.93,1.9,1.91,16247
963,174,2020-06-25 17:30:00,1.91,1.92,1.9,1.9002,11169
964,173,2020-06-25 18:00:00,1.9,1.93,1.9,1.91,10055
965,172,2020-06-25 18:30:00,1.91,1.91,1.9,1.9,5791
966,171,2020-06-25 19:00:00,1.92,1.94,1.9101,1.94,27034
967,170,2020-06-25 19:30:00,1.96,1.96,1.96,1.96,186
968,169,2020-06-25 20:00:00,1.97,1.97,1.97,1.97,950
969,168,2020-06-26 04:30:00,1.93,1.93,1.93,1.93,500
970,167,2020-06-26 07:30:00,1.98,1.98,1.96,1.98,1200
971,166,2020-06-26 08:00:00,1.96,1.96,1.95,1.96,2525
972,165,2020-06-26 08:30:00,1.96,1.98,1.93,1.9301,30729
973,164,2020-06-26 09:00:00,1.9303,1.95,1.93,1.95,8743
974,163,2020-06-26 09:30:00,1.92,1.93,1.91,1.91,29250
975,162,2020-06-26 10:00:00,1.9,1.945,1.83,1.855,3252819
976,161,2020-06-26 10:30:00,1.855,1.86,1.8,1.8313,2318555
977,160,2020-06-26 11:00:00,1.8301,1.86,1.8,1.815,2111994
978,159,2020-06-26 11:30:00,1.82,1.85,1.81,1.845,1205678
979,158,2020-06-26 12:00:00,1.845,1.885,1.84,1.86,1212970
980,157,2020-06-26 12:30:00,1.8587,1.8587,1.81,1.83,1265965
981,156,2020-06-26 13:00:00,1.83,1.84,1.82,1.835,1069653
982,155,2020-06-26 13:30:00,1.83,1.85,1.82,1.825,797625
983,154,2020-06-26 14:00:00,1.83,1.84,1.82,1.825,848227
984,153,2020-06-26 14:30:00,1.825,1.83,1.81,1.81,1059576
985,152,2020-06-26 15:00:00,1.82,1.82,1.8,1.815,1764230
986,151,2020-06-26 15:30:00,1.815,1.83,1.8,1.815,2176971
987,150,2020-06-26 16:00:00,1.82,1.82,1.76,1.8,8055576
988,149,2020-06-26 16:30:00,1.78,1.8,1.66,1.75,12035815
989,148,2020-06-26 17:00:00,1.75,1.78,1.74,1.75,1509941
990,147,2020-06-26 17:30:00,1.76,1.78,1.74,1.76,17283
991,146,2020-06-26 18:00:00,1.7699,1.78,1.76,1.77,8288
992,145,2020-06-26 18:30:00,1.78,1.78,1.75,1.75,15300
993,144,2020-06-26 19:00:00,1.78,1.78,1.78,1.78,2850
994,143,2020-06-26 19:30:00,1.75,1.78,1.75,1.78,22424
995,142,2020-06-26 20:00:00,1.78,1.79,1.77,1.79,21890
996,141,2020-06-29 04:30:00,1.66,1.66,1.66,1.66,1599
997,140,2020-06-29 06:00:00,1.78,1.78,1.78,1.78,392
998,139,2020-06-29 06:30:00,1.79,1.79,1.79,1.79,402
999,138,2020-06-29 07:00:00,1.77,1.77,1.76,1.76,1997
1000,137,2020-06-29 07:30:00,1.7,1.8,1.7,1.76,7847
1001,136,2020-06-29 08:00:00,1.76,1.78,1.76,1.78,28505
1002,135,2020-06-29 08:30:00,1.7408,1.8,1.74,1.79,55936
1003,134,2020-06-29 09:00:00,1.7801,1.81,1.7801,1.8001,29407
1004,133,2020-06-29 09:30:00,1.8001,1.8002,1.77,1.78,75726
1005,132,2020-06-29 10:00:00,1.8,1.83,1.72,1.8175,3355793
1006,131,2020-06-29 10:30:00,1.81,1.86,1.79,1.8,2610776
1007,130,2020-06-29 11:00:00,1.795,1.84,1.79,1.825,1171414
1008,129,2020-06-29 11:30:00,1.825,1.83,1.79,1.795,1192999
1009,128,2020-06-29 12:00:00,1.795,1.8,1.77,1.77,1050604
1010,127,2020-06-29 12:30:00,1.775,1.82,1.77,1.8,829366
1011,126,2020-06-29 13:00:00,1.81,1.81,1.785,1.7907,979768
1012,125,2020-06-29 13:30:00,1.795,1.808,1.78,1.795,684060
1013,124,2020-06-29 14:00:00,1.795,1.81,1.78,1.805,1057493
1014,123,2020-06-29 14:30:00,1.805,1.81,1.77,1.785,1260942
1015,122,2020-06-29 15:00:00,1.79,1.8,1.775,1.785,481500
1016,121,2020-06-29 15:30:00,1.78,1.79,1.76,1.7832,1522972
1017,120,2020-06-29 16:00:00,1.785,1.79,1.75,1.775,2783111
1018,119,2020-06-29 16:30:00,1.78,1.8,1.75,1.78,48636
1019,118,2020-06-29 17:00:00,1.78,1.78,1.76,1.78,27798
1020,117,2020-06-29 17:30:00,1.78,1.79,1.7645,1.78,23217
1021,116,2020-06-29 18:00:00,1.78,1.79,1.76,1.79,9351
1022,115,2020-06-29 18:30:00,1.76,1.79,1.76,1.79,1704
1023,114,2020-06-29 19:00:00,1.78,1.78,1.77,1.78,7983
1024,113,2020-06-29 19:30:00,1.78,1.79,1.78,1.79,3827
1025,112,2020-06-29 20:00:00,1.79,1.79,1.78,1.79,6324
1026,111,2020-06-30 05:30:00,1.78,1.78,1.78,1.78,300
1027,110,2020-06-30 06:00:00,1.78,1.78,1.78,1.78,600
1028,109,2020-06-30 07:30:00,1.82,1.82,1.76,1.78,1686
1029,108,2020-06-30 08:00:00,1.79,1.79,1.79,1.79,3480
1030,107,2020-06-30 08:30:00,1.77,1.82,1.75,1.8,27250
1031,106,2020-06-30 09:00:00,1.79,1.82,1.78,1.79,58052
1032,105,2020-06-30 09:30:00,1.79,1.8,1.78,1.78,27766
1033,104,2020-06-30 10:00:00,1.79,1.84,1.76,1.84,2422700
1034,103,2020-06-30 10:30:00,1.835,1.87,1.7701,1.795,2139821
1035,102,2020-06-30 11:00:00,1.8,1.85,1.79,1.845,701582
1036,101,2020-06-30 11:30:00,1.845,1.85,1.82,1.825,789294
1037,100,2020-06-30 12:00:00,1.825,1.83,1.8,1.82,780391
1038,99,2020-06-30 12:30:00,1.82,1.83,1.81,1.825,532711
1039,98,2020-06-30 13:00:00,1.82,1.84,1.805,1.82,663233
1040,97,2020-06-30 13:30:00,1.815,1.83,1.8,1.83,383090
1041,96,2020-06-30 14:00:00,1.83,1.85,1.82,1.84,406363
1042,95,2020-06-30 14:30:00,1.845,1.86,1.83,1.86,1212060
1043,94,2020-06-30 15:00:00,1.86,1.8696,1.84,1.86,1066124
1044,93,2020-06-30 15:30:00,1.86,1.865,1.83,1.848,1142664
1045,92,2020-06-30 16:00:00,1.845,1.87,1.83,1.83,1738509
1046,91,2020-06-30 16:30:00,1.83,1.83,1.8102,1.82,200043
1047,90,2020-06-30 17:00:00,1.81,1.84,1.81,1.83,7709
1048,89,2020-06-30 17:30:00,1.8302,1.84,1.82,1.82,13136
1049,88,2020-06-30 18:00:00,1.82,1.83,1.8199,1.83,18703
1050,87,2020-06-30 18:30:00,1.83,1.83,1.81,1.83,52599
1051,86,2020-06-30 19:00:00,1.83,1.83,1.82,1.82,11796
1052,85,2020-06-30 19:30:00,1.81,1.86,1.8,1.86,10158
1053,84,2020-06-30 20:00:00,1.84,1.85,1.84,1.85,1174
1054,83,2020-07-01 05:00:00,1.83,1.83,1.83,1.83,800
1055,82,2020-07-01 06:30:00,1.84,1.84,1.84,1.84,200
1056,81,2020-07-01 07:30:00,1.84,1.85,1.83,1.84,6871
1057,80,2020-07-01 08:30:00,1.8201,1.84,1.82,1.82,22254
1058,79,2020-07-01 09:00:00,1.84,1.84,1.82,1.84,15664
1059,78,2020-07-01 09:30:00,1.84,1.9,1.84,1.87,42395
1060,77,2020-07-01 10:00:00,1.86,1.93,1.84,1.895,2686256
1061,76,2020-07-01 10:30:00,1.9,1.94,1.89,1.905,2071478
1062,75,2020-07-01 11:00:00,1.91,1.93,1.87,1.895,1560890
1063,74,2020-07-01 11:30:00,1.895,1.9,1.82,1.85,1811184
1064,73,2020-07-01 12:00:00,1.86,1.87,1.84,1.86,964038
1065,72,2020-07-01 12:30:00,1.8633,1.89,1.8484,1.8619,882048
1066,71,2020-07-01 13:00:00,1.86,1.88,1.84,1.845,710473
1067,70,2020-07-01 13:30:00,1.85,1.85,1.83,1.835,720256
1068,69,2020-07-01 14:00:00,1.835,1.845,1.82,1.83,857931
1069,68,2020-07-01 14:30:00,1.82,1.86,1.82,1.845,765349
1070,67,2020-07-01 15:00:00,1.84,1.86,1.825,1.85,486704
1071,66,2020-07-01 15:30:00,1.855,1.87,1.84,1.865,782231
1072,65,2020-07-01 16:00:00,1.87,1.88,1.84,1.84,1857377
1073,64,2020-07-01 16:30:00,1.84,1.84,1.84,1.84,450403
1074,63,2020-07-01 17:00:00,1.84,1.84,1.84,1.84,269
1075,62,2020-07-01 17:30:00,1.86,1.86,1.84,1.84,3300
1076,61,2020-07-01 18:00:00,1.84,1.84,1.8199,1.82,3851
1077,60,2020-07-01 18:30:00,1.83,1.83,1.82,1.82,294
1078,59,2020-07-01 19:00:00,1.84,1.84,1.84,1.84,320
1079,58,2020-07-01 19:30:00,1.84,1.84,1.84,1.84,150
1080,57,2020-07-01 20:00:00,1.84,1.84,1.82,1.82,1400
1081,56,2020-07-02 04:30:00,1.91,1.91,1.91,1.91,100
1082,55,2020-07-02 05:00:00,1.9,1.9,1.9,1.9,100
1083,54,2020-07-02 06:30:00,1.86,1.86,1.86,1.86,200
1084,53,2020-07-02 07:30:00,1.87,1.88,1.87,1.88,8200
1085,52,2020-07-02 08:00:00,1.88,1.88,1.88,1.88,6217
1086,51,2020-07-02 08:30:00,1.8701,1.9,1.8699,1.9,38860
1087,50,2020-07-02 09:00:00,1.9,2.03,1.89,2.0,276521
1088,49,2020-07-02 09:30:00,1.99,2.0,1.89,1.92,153327
1089,48,2020-07-02 10:00:00,1.91,1.93,1.87,1.89,2924326
1090,47,2020-07-02 10:30:00,1.89,1.91,1.85,1.855,1179062
1091,46,2020-07-02 11:00:00,1.85,1.88,1.83,1.83,1051724
1092,45,2020-07-02 11:30:00,1.83,1.86,1.83,1.85,875184
1093,44,2020-07-02 12:00:00,1.85,1.895,1.85,1.89,996938
1094,43,2020-07-02 12:30:00,1.89,1.9,1.86,1.895,751452
1095,42,2020-07-02 13:00:00,1.893,1.9,1.88,1.8801,526691
1096,41,2020-07-02 13:30:00,1.885,1.8880000000000001,1.85,1.86,486645
1097,40,2020-07-02 14:00:00,1.85,1.86,1.844,1.8529,601414
1098,39,2020-07-02 14:30:00,1.85,1.855,1.83,1.84,951673
1099,38,2020-07-02 15:00:00,1.84,1.88,1.83,1.865,1329697
1100,37,2020-07-02 15:30:00,1.865,1.9,1.8552,1.9,1103578
1101,36,2020-07-02 16:00:00,1.895,1.9,1.83,1.84,1879480
1102,35,2020-07-02 16:30:00,1.84,1.87,1.8,1.81,90472
1103,34,2020-07-02 17:00:00,1.82,1.83,1.81,1.82,10718
1104,33,2020-07-02 17:30:00,1.82,1.8398,1.82,1.82,7470
1105,32,2020-07-02 18:00:00,1.83,1.84,1.82,1.84,32716
1106,31,2020-07-02 18:30:00,1.84,1.84,1.84,1.84,7800
1107,30,2020-07-02 19:00:00,1.84,1.84,1.83,1.84,3001
1108,29,2020-07-02 19:30:00,1.84,1.84,1.83,1.83,3135
1109,28,2020-07-02 20:00:00,1.83,1.8399,1.82,1.8399,30000
1110,27,2020-07-06 06:30:00,1.9,1.9,1.89,1.89,742
1111,26,2020-07-06 07:00:00,1.9,1.9,1.89,1.89,1683
1112,25,2020-07-06 07:30:00,1.91,1.91,1.89,1.9,14805
1113,24,2020-07-06 08:00:00,1.91,1.91,1.91,1.91,3290
1114,23,2020-07-06 08:30:00,1.89,1.92,1.88,1.9,80070
1115,22,2020-07-06 09:00:00,1.9,1.91,1.9,1.91,29657
1116,21,2020-07-06 09:30:00,1.91,1.92,1.88,1.9,30905
1117,20,2020-07-06 10:00:00,1.9,1.92,1.86,1.91,2451690
1118,19,2020-07-06 10:30:00,1.91,1.92,1.86,1.875,1439719
1119,18,2020-07-06 11:00:00,1.87,1.9,1.87,1.892,755151
1120,17,2020-07-06 11:30:00,1.895,1.9,1.87,1.875,652464
1121,16,2020-07-06 12:00:00,1.875,1.89,1.86,1.875,753171
1122,15,2020-07-06 12:30:00,1.875,1.91,1.87,1.91,885125
1123,14,2020-07-06 13:00:00,1.91,1.92,1.89,1.9058,1336613
1124,13,2020-07-06 13:30:00,1.9,1.92,1.89,1.92,713192
1125,12,2020-07-06 14:00:00,1.92,1.92,1.895,1.915,981782
1126,11,2020-07-06 14:30:00,1.92,1.92,1.9,1.9197,887546
1127,10,2020-07-06 15:00:00,1.915,1.94,1.91,1.9235,1213749
1128,9,2020-07-06 15:30:00,1.925,1.97,1.9201,1.97,1794029
1129,8,2020-07-06 16:00:00,1.965,1.97,1.94,1.95,1990727
1130,7,2020-07-06 16:30:00,1.95,1.97,1.95,1.95,24146
1131,6,2020-07-06 17:00:00,1.95,1.96,1.95,1.96,16983
1132,5,2020-07-06 17:30:00,1.95,1.96,1.95,1.96,1632
1133,4,2020-07-06 18:00:00,1.96,1.97,1.95,1.97,17956
1134,3,2020-07-06 18:30:00,1.96,1.97,1.96,1.96,2300
1135,2,2020-07-06 19:00:00,1.96,1.96,1.95,1.96,5162
1136,1,2020-07-06 19:30:00,1.96,1.98,1.96,1.98,10328
1137,0,2020-07-06 20:00:00,1.98,1.98,1.96,1.98,8520
