,index,time,open,high,low,close,volume
0,273,2019-08-12 10:00:00,2.75,2.75,2.75,2.75,810
1,272,2019-08-12 10:30:00,2.74,2.74,2.74,2.74,890
2,271,2019-08-12 13:00:00,2.82,2.82,2.82,2.82,100
3,270,2019-08-12 14:00:00,2.82,2.82,2.82,2.82,100
4,269,2019-08-12 20:30:00,2.21,2.21,2.21,2.21,399
5,268,2019-08-13 09:30:00,2.01,2.01,2.01,2.01,200
6,267,2019-08-13 10:00:00,1.51,1.7,1.11,1.14,168480
7,266,2019-08-13 10:30:00,1.14,1.3,1.09,1.25,164583
8,265,2019-08-13 11:00:00,1.3,1.4,1.2,1.24,125747
9,264,2019-08-13 11:30:00,1.2497,1.29,1.18,1.1994,70218
10,263,2019-08-13 12:00:00,1.18,1.27,1.16,1.2,59984
11,262,2019-08-13 12:30:00,1.195,1.29,1.19,1.26,72343
12,261,2019-08-13 13:00:00,1.27,1.29,1.26,1.2742,55474
13,260,2019-08-13 13:30:00,1.27,1.33,1.26,1.28,37558
14,259,2019-08-13 14:00:00,1.28,1.3090000000000002,1.2,1.25,49512
15,258,2019-08-13 14:30:00,1.23,1.26,1.23,1.25,10101
16,257,2019-08-13 15:00:00,1.255,1.2887,1.25,1.28,16951
17,256,2019-08-13 15:30:00,1.28,1.34,1.25,1.26,21902
18,255,2019-08-13 16:00:00,1.2501,1.2976,1.25,1.26,37839
19,254,2019-08-13 16:30:00,1.27,1.27,1.27,1.27,975
20,253,2019-08-13 17:30:00,1.3,1.3,1.3,1.3,1000
21,252,2019-08-13 18:00:00,1.3,1.3,1.3,1.3,1600
22,251,2019-08-13 19:00:00,1.28,1.28,1.28,1.28,450
23,250,2019-08-13 19:30:00,1.28,1.28,1.26,1.26,4854
24,249,2019-08-13 20:00:00,1.26,1.26,1.26,1.26,1137
25,248,2019-08-14 09:30:00,1.27,1.27,1.268,1.27,395
26,247,2019-08-14 10:00:00,1.25,1.28,1.18,1.26,64201
27,246,2019-08-14 10:30:00,1.26,1.39,1.23,1.3784,52701
28,245,2019-08-14 11:00:00,1.38,1.72,1.36,1.52,208563
29,244,2019-08-14 11:30:00,1.5105,1.52,1.3166,1.4,105485
30,243,2019-08-14 12:00:00,1.425,1.45,1.2,1.25,63353
31,242,2019-08-14 12:30:00,1.2764,1.3536,1.22,1.29,41471
32,241,2019-08-14 13:00:00,1.295,1.32,1.29,1.315,9873
33,240,2019-08-14 13:30:00,1.3119999999999998,1.3166,1.31,1.315,10639
34,239,2019-08-14 14:00:00,1.315,1.3756,1.31,1.3756,17191
35,238,2019-08-14 14:30:00,1.37,1.4,1.3699,1.3745,8380
36,237,2019-08-14 15:00:00,1.37,1.73,1.32,1.73,96731
37,236,2019-08-14 15:30:00,1.7172,1.7172,1.5,1.6373,44537
38,235,2019-08-14 16:00:00,1.61,1.6363,1.45,1.4901,35911
39,234,2019-08-15 09:30:00,1.46,1.46,1.46,1.46,158
40,233,2019-08-15 10:00:00,1.48,1.5,1.4,1.5,45776
41,232,2019-08-15 10:30:00,1.5075,1.56,1.5,1.535,19395
42,231,2019-08-15 11:00:00,1.5485,1.73,1.5302,1.66,42942
43,230,2019-08-15 11:30:00,1.66,1.7,1.64,1.6995,46000
44,229,2019-08-15 12:00:00,1.67,1.67,1.67,1.67,439
45,228,2019-08-15 12:30:00,1.671,1.74,1.6569,1.715,12126
46,227,2019-08-15 13:00:00,1.72,1.86,1.72,1.84,26394
47,226,2019-08-15 13:30:00,1.84,1.97,1.8331,1.865,31141
48,225,2019-08-15 14:00:00,1.88,2.1,1.86,2.05,50693
49,224,2019-08-15 14:30:00,2.05,2.1,1.92,2.02,63104
50,223,2019-08-15 15:00:00,1.9497,1.9729,1.86,1.93,23093
51,222,2019-08-15 15:30:00,1.9041,1.99,1.8942,1.9598,22923
52,221,2019-08-15 16:00:00,1.98,2.02,1.61,1.95,87767
53,220,2019-08-15 16:30:00,2.0,2.0,1.96,1.96,752
54,219,2019-08-15 20:00:00,2.0,2.0,2.0,2.0,476
55,218,2019-08-16 09:00:00,1.98,2.1729,1.98,2.1729,1712
56,217,2019-08-16 09:30:00,2.12,2.13,2.11,2.13,4000
57,216,2019-08-16 10:00:00,1.97,1.97,1.76,1.8399,56484
58,215,2019-08-16 10:30:00,1.825,1.825,1.57,1.57,61350
59,214,2019-08-16 11:00:00,1.68,1.69,1.64,1.68,7120
60,213,2019-08-16 11:30:00,1.68,1.77,1.675,1.76,7471
61,212,2019-08-16 12:00:00,1.76,1.76,1.71,1.74,14941
62,211,2019-08-16 12:30:00,1.7465,1.75,1.72,1.72,7435
63,210,2019-08-16 13:00:00,1.7202,1.73,1.72,1.725,1505
64,209,2019-08-16 13:30:00,1.72,1.73,1.72,1.725,4169
65,208,2019-08-16 14:00:00,1.725,1.76,1.725,1.7506,9618
66,207,2019-08-16 14:30:00,1.75,1.77,1.75,1.77,1610
67,206,2019-08-16 15:00:00,1.76,1.77,1.76,1.77,737
68,205,2019-08-16 15:30:00,1.7612,1.81,1.75,1.76,18296
69,204,2019-08-16 16:00:00,1.76,1.79,1.75,1.79,19022
70,203,2019-08-19 07:30:00,1.83,1.83,1.83,1.83,1000
71,202,2019-08-19 10:00:00,1.8,1.87,1.8,1.83,10718
72,201,2019-08-19 10:30:00,1.87,1.87,1.7604,1.7815,6390
73,200,2019-08-19 11:00:00,1.77,1.77,1.76,1.77,1900
74,199,2019-08-19 11:30:00,1.79,1.79,1.7601,1.77,871
75,198,2019-08-19 12:00:00,1.7604,1.79,1.76,1.79,1500
76,197,2019-08-19 12:30:00,1.79,1.79,1.76,1.76,2882
77,196,2019-08-19 13:00:00,1.7604,1.81,1.76,1.81,4079
78,195,2019-08-19 13:30:00,1.84,1.85,1.8,1.84,4938
79,194,2019-08-19 14:00:00,1.84,1.87,1.84,1.85,600
80,193,2019-08-19 14:30:00,1.85,1.85,1.8301,1.84,4148
81,192,2019-08-19 15:00:00,1.8347,1.84,1.8347,1.84,1433
82,191,2019-08-19 15:30:00,1.84,1.86,1.8378,1.855,4547
83,190,2019-08-19 16:00:00,1.86,1.88,1.8529,1.88,4943
84,189,2019-08-19 18:30:00,1.86,1.86,1.86,1.86,988
85,188,2019-08-20 10:00:00,1.9,1.95,1.9,1.925,3036
86,187,2019-08-20 10:30:00,1.9488,1.95,1.9331,1.95,1403
87,186,2019-08-20 11:00:00,1.92,1.99,1.92,1.98,15142
88,185,2019-08-20 11:30:00,1.96,2.01,1.96,2.01,4552
89,184,2019-08-20 12:00:00,1.97,2.02,1.97,2.01,2138
90,183,2019-08-20 12:30:00,2.0,2.0,1.96,1.99,2786
91,182,2019-08-20 13:00:00,1.97,2.0,1.97,2.0,1200
92,181,2019-08-20 13:30:00,1.9611,2.0,1.9611,2.0,1723
93,180,2019-08-20 14:00:00,1.97,2.0,1.95,2.0,10623
94,179,2019-08-20 14:30:00,1.99,2.0,1.99,2.0,2811
95,178,2019-08-20 15:00:00,1.99,2.02,1.9812,2.02,28031
96,177,2019-08-20 15:30:00,2.01,2.0703,2.01,2.06,43858
97,176,2019-08-20 16:00:00,2.07,2.1,2.02,2.08,20852
98,175,2019-08-20 16:30:00,2.08,2.08,2.08,2.08,481
99,174,2019-08-21 09:30:00,2.01,2.01,2.0,2.0,500
100,173,2019-08-21 10:00:00,2.09,2.09,1.98,1.98,8143
101,172,2019-08-21 10:30:00,1.9018,2.0,1.9,2.0,1510
102,171,2019-08-21 11:00:00,1.97,1.99,1.9095,1.99,10440
103,170,2019-08-21 11:30:00,1.9624,2.01,1.9624,2.01,14300
104,169,2019-08-21 12:00:00,2.01,2.01,2.0,2.01,448
105,168,2019-08-21 12:30:00,2.0407,2.06,2.035,2.035,3000
106,167,2019-08-21 13:00:00,2.06,2.06,2.03,2.04,2696
107,166,2019-08-21 13:30:00,2.05,2.05,2.035,2.035,1555
108,165,2019-08-21 14:00:00,2.04,2.04,2.03,2.03,1225
109,164,2019-08-21 14:30:00,2.03,2.06,2.03,2.06,2009
110,163,2019-08-21 15:00:00,2.06,2.09,2.04,2.089,4781
111,162,2019-08-21 15:30:00,2.06,2.09,2.03,2.06,10041
112,161,2019-08-21 16:00:00,2.0373,2.06,2.0,2.06,8064
113,160,2019-08-22 09:30:00,2.06,2.06,2.06,2.06,500
114,159,2019-08-22 10:00:00,2.09,2.09,2.0002,2.08,2906
115,158,2019-08-22 10:30:00,2.0340000000000003,2.0340000000000003,2.0,2.0,2924
116,157,2019-08-22 11:00:00,2.01,2.07,2.0,2.07,4800
117,156,2019-08-22 11:30:00,2.07,2.07,2.07,2.07,100
118,155,2019-08-22 12:00:00,2.0101,2.06,2.01,2.04,3941
119,154,2019-08-22 12:30:00,2.02,2.02,2.01,2.01,200
120,153,2019-08-22 13:00:00,2.04,2.04,1.98,2.02,6772
121,152,2019-08-22 13:30:00,2.0,2.0,1.96,1.99,2100
122,151,2019-08-22 14:00:00,1.99,1.99,1.92,1.98,9154
123,150,2019-08-22 14:30:00,2.0,2.0,2.0,2.0,100
124,149,2019-08-22 15:00:00,1.97,1.98,1.97,1.97,700
125,148,2019-08-22 15:30:00,1.99,2.02,1.97,2.01,2461
126,147,2019-08-22 16:00:00,2.01,2.01,1.92,1.98,16805
127,146,2019-08-23 10:00:00,1.98,1.98,1.9007,1.97,3767
128,145,2019-08-23 10:30:00,1.91,1.93,1.9,1.93,10096
129,144,2019-08-23 11:00:00,1.9799,1.9799,1.9625,1.9625,970
130,143,2019-08-23 11:30:00,1.96,1.97,1.9591,1.9591,1581
131,142,2019-08-23 12:00:00,1.9447,1.955,1.93,1.93,2200
132,141,2019-08-23 12:30:00,1.98,1.98,1.9,1.9,9077
133,140,2019-08-23 13:00:00,1.91,1.93,1.91,1.92,1655
134,139,2019-08-23 14:00:00,1.9,1.9,1.871,1.871,15443
135,138,2019-08-23 15:00:00,1.865,1.865,1.865,1.865,316
136,137,2019-08-23 16:00:00,1.8707,1.88,1.8707,1.88,796
137,136,2019-08-26 10:00:00,1.81,1.86,1.7701,1.86,14282
138,135,2019-08-26 10:30:00,1.77,1.86,1.77,1.86,5100
139,134,2019-08-26 11:30:00,1.78,1.801,1.7363,1.75,7404
140,133,2019-08-26 12:00:00,1.78,1.78,1.72,1.74,4586
141,132,2019-08-26 12:30:00,1.74,1.77,1.74,1.77,636
142,131,2019-08-26 13:00:00,1.765,1.78,1.765,1.78,1100
143,130,2019-08-26 13:30:00,1.7712,1.7712,1.7,1.7,8017
144,129,2019-08-26 14:00:00,1.73,1.73,1.59,1.68,12061
145,128,2019-08-26 14:30:00,1.6380000000000001,1.68,1.6001,1.68,2153
146,127,2019-08-26 15:00:00,1.73,1.76,1.695,1.76,300
147,126,2019-08-26 15:30:00,1.7242,1.78,1.7242,1.78,277
148,125,2019-08-26 16:00:00,1.71,1.79,1.7,1.79,5455
149,124,2019-08-27 10:00:00,1.8,1.83,1.8,1.8299,6170
150,123,2019-08-27 10:30:00,1.791,1.811,1.77,1.79,4593
151,122,2019-08-27 11:00:00,1.81,1.81,1.81,1.81,100
152,121,2019-08-27 11:30:00,1.77,1.77,1.75,1.76,1832
153,120,2019-08-27 12:30:00,1.775,1.775,1.75,1.77,2525
154,119,2019-08-27 13:00:00,1.76,1.76,1.755,1.755,310
155,118,2019-08-27 13:30:00,1.755,1.76,1.7304,1.75,2501
156,117,2019-08-27 14:00:00,1.75,1.75,1.75,1.75,109
157,116,2019-08-27 14:30:00,1.73,1.73,1.7,1.73,4815
158,115,2019-08-27 15:00:00,1.73,1.73,1.71,1.71,921
159,114,2019-08-27 15:30:00,1.7085,1.72,1.7,1.705,8000
160,113,2019-08-27 16:00:00,1.7,1.7,1.625,1.64,4765
161,112,2019-08-28 10:00:00,1.64,1.6697,1.64,1.6697,400
162,111,2019-08-28 10:30:00,1.63,1.68,1.63,1.63,600
163,110,2019-08-28 11:00:00,1.63,1.64,1.55,1.56,13943
164,109,2019-08-28 11:30:00,1.5922,1.5922,1.5477,1.5689,5368
165,108,2019-08-28 12:00:00,1.59,1.59,1.55,1.55,12247
166,107,2019-08-28 12:30:00,1.55,1.55,1.49,1.53,12237
167,106,2019-08-28 13:00:00,1.54,1.54,1.54,1.54,225
168,105,2019-08-28 13:30:00,1.54,1.57,1.535,1.55,11196
169,104,2019-08-28 14:00:00,1.55,1.57,1.55,1.57,2066
170,103,2019-08-28 14:30:00,1.57,1.6521,1.55,1.5502,6934
171,102,2019-08-28 15:00:00,1.55,1.55,1.5,1.5,16455
172,101,2019-08-28 15:30:00,1.5,1.59,1.495,1.56,15353
173,100,2019-08-28 16:00:00,1.56,1.565,1.49,1.52,24478
174,99,2019-08-29 10:00:00,1.5,1.5,1.4926,1.4926,1100
175,98,2019-08-29 11:30:00,1.5,1.5999,1.5,1.5999,441
176,97,2019-08-29 12:00:00,1.5511,1.5511,1.5075,1.5075,1800
177,96,2019-08-29 12:30:00,1.5490000000000002,1.5490000000000002,1.5490000000000002,1.5490000000000002,1580
178,95,2019-08-29 13:00:00,1.5968,1.5968,1.53,1.5401,6413
179,94,2019-08-29 13:30:00,1.56,1.57,1.53,1.53,2329
180,93,2019-08-29 14:00:00,1.58,1.6,1.5001,1.59,1900
181,92,2019-08-29 14:30:00,1.52,1.55,1.52,1.55,496
182,91,2019-08-29 15:00:00,1.58,1.58,1.58,1.58,900
183,90,2019-08-29 15:30:00,1.575,1.575,1.5501,1.5501,2514
184,89,2019-08-29 16:00:00,1.58,1.59,1.57,1.57,797
185,88,2019-08-30 10:00:00,1.56,1.56,1.56,1.56,658
186,87,2019-08-30 10:30:00,1.66,1.66,1.66,1.66,100
187,86,2019-08-30 11:30:00,1.63,1.63,1.63,1.63,701
188,85,2019-08-30 12:00:00,1.568,1.568,1.568,1.568,213
189,84,2019-08-30 13:00:00,1.565,1.565,1.565,1.565,100
190,83,2019-08-30 13:30:00,1.57,1.57,1.5649,1.5649,1840
191,82,2019-08-30 14:00:00,1.52,1.57,1.52,1.57,250
192,81,2019-08-30 14:30:00,1.6092,1.6092,1.6092,1.6092,157
193,80,2019-08-30 15:00:00,1.52,1.52,1.5,1.5,1194
194,79,2019-08-30 15:30:00,1.54,1.54,1.54,1.54,100
195,78,2019-08-30 16:00:00,1.5355,1.5377,1.5355,1.5377,1024
196,77,2019-09-03 10:00:00,1.53,1.53,1.48,1.48,1070
197,76,2019-09-03 10:30:00,1.59,1.59,1.59,1.59,100
198,75,2019-09-03 11:00:00,1.4874,1.54,1.4516,1.4516,4138
199,74,2019-09-03 11:30:00,1.45,1.58,1.4,1.4975,15808
200,73,2019-09-03 12:00:00,1.59,1.59,1.59,1.59,500
201,72,2019-09-03 13:00:00,1.49,1.49,1.46,1.46,1000
202,71,2019-09-03 13:30:00,1.5063,1.5063,1.5063,1.5063,100
203,70,2019-09-03 14:00:00,1.5,1.55,1.5,1.55,1200
204,69,2019-09-03 14:30:00,1.55,1.55,1.55,1.55,100
205,68,2019-09-03 15:00:00,1.4472,1.4472,1.4468,1.4468,6005
206,67,2019-09-03 15:30:00,1.4783,1.51,1.44,1.44,2294
207,66,2019-09-03 16:00:00,1.53,1.53,1.52,1.52,413
208,65,2019-09-04 10:00:00,1.51,1.56,1.51,1.5275,2978
209,64,2019-09-04 10:30:00,1.5324,1.54,1.4975,1.4975,9700
210,63,2019-09-04 11:30:00,1.5441,1.5441,1.5441,1.5441,1600
211,62,2019-09-04 12:00:00,1.5101,1.5468,1.5101,1.52,5700
212,61,2019-09-04 12:30:00,1.51,1.528,1.51,1.51,2817
213,60,2019-09-04 13:00:00,1.51,1.51,1.51,1.51,9269
214,59,2019-09-04 13:30:00,1.48,1.48,1.48,1.48,100
215,58,2019-09-04 14:00:00,1.48,1.48,1.4409999999999998,1.46,2500
216,57,2019-09-04 15:00:00,1.48,1.48,1.48,1.48,100
217,56,2019-09-04 15:30:00,1.48,1.48,1.48,1.48,100
218,55,2019-09-04 16:00:00,1.48,1.49,1.48,1.48,2682
219,54,2019-09-05 10:00:00,1.46,1.46,1.46,1.46,1146
220,53,2019-09-05 10:30:00,1.53,1.56,1.51,1.51,1147
221,52,2019-09-05 11:00:00,1.52,1.52,1.5,1.5,900
222,51,2019-09-05 11:30:00,1.4809999999999999,1.4847,1.48,1.483,945
223,50,2019-09-05 12:30:00,1.46,1.49,1.41,1.49,17449
224,49,2019-09-05 13:00:00,1.53,1.54,1.42,1.42,22610
225,48,2019-09-05 14:00:00,1.43,1.4372,1.43,1.4372,3020
226,47,2019-09-05 14:30:00,1.45,1.45,1.45,1.45,205
227,46,2019-09-05 15:00:00,1.4858,1.55,1.463,1.463,15330
228,45,2019-09-05 15:30:00,1.54,1.54,1.54,1.54,415
229,44,2019-09-05 16:00:00,1.54,1.58,1.5001,1.57,18932
230,43,2019-09-06 10:00:00,1.54,1.54,1.54,1.54,200
231,42,2019-09-06 11:00:00,1.53,1.54,1.52,1.53,3817
232,41,2019-09-06 11:30:00,1.53,1.535,1.53,1.535,305
233,40,2019-09-06 12:00:00,1.5331,1.58,1.53,1.575,4300
234,39,2019-09-06 12:30:00,1.58,1.58,1.58,1.58,200
235,38,2019-09-06 13:30:00,1.5814,1.5837,1.5814,1.5837,806
236,37,2019-09-06 14:00:00,1.5803,1.5803,1.5803,1.5803,383
237,36,2019-09-06 14:30:00,1.585,1.6,1.585,1.595,1763
238,35,2019-09-06 15:00:00,1.595,1.595,1.5601,1.585,2200
239,34,2019-09-06 15:30:00,1.5798,1.5798,1.5798,1.5798,2000
240,33,2019-09-06 16:00:00,1.59,1.59,1.53,1.55,15632
241,32,2019-09-09 10:00:00,1.55,1.555,1.52,1.52,3401
242,31,2019-09-09 10:30:00,1.525,1.525,1.4773,1.4773,304
243,30,2019-09-09 11:00:00,1.54,1.54,1.4735,1.53,888
244,29,2019-09-09 11:30:00,1.53,1.53,1.53,1.53,205
245,28,2019-09-09 12:00:00,1.52,1.53,1.46,1.53,9226
246,27,2019-09-09 12:30:00,1.53,1.53,1.4988,1.53,1410
247,26,2019-09-09 13:00:00,1.4975,1.53,1.4,1.51,13120
248,25,2019-09-09 13:30:00,1.51,1.51,1.39,1.42,24506
249,24,2019-09-09 14:00:00,1.425,1.425,1.39,1.4,4900
250,23,2019-09-09 14:30:00,1.48,1.48,1.47,1.47,1215
251,22,2019-09-09 15:00:00,1.48,1.48,1.425,1.425,2257
252,21,2019-09-09 15:30:00,1.48,1.48,1.4,1.4,11287
253,20,2019-09-09 16:00:00,1.41,1.43,1.4,1.4,13284
254,19,2019-09-10 10:00:00,1.44,1.4436,1.38,1.42,14257
255,18,2019-09-10 10:30:00,1.45,1.45,1.42,1.42,1679
256,17,2019-09-10 11:00:00,1.42,1.4329,1.3958,1.4329,13241
257,16,2019-09-10 11:30:00,1.4153,1.43,1.3980000000000001,1.42,15645
258,15,2019-09-10 12:00:00,1.43,1.45,1.43,1.45,12965
259,14,2019-09-10 12:30:00,1.442,1.45,1.435,1.45,20713
260,13,2019-09-10 13:00:00,1.44,1.52,1.44,1.48,9595
261,12,2019-09-10 13:30:00,1.52,1.52,1.52,1.52,294
262,11,2019-09-10 14:00:00,1.51,1.53,1.51,1.53,3434
263,10,2019-09-10 14:30:00,1.5177,1.53,1.5177,1.53,1700
264,9,2019-09-10 15:00:00,1.53,1.53,1.5224,1.53,1861
265,8,2019-09-10 15:30:00,1.52,1.5201,1.52,1.52,1112
266,7,2019-09-10 16:00:00,1.5290000000000001,1.81,1.5290000000000001,1.67,136750
267,6,2019-09-10 16:30:00,1.69,1.7167,1.68,1.68,12495
268,5,2019-09-10 17:00:00,1.67,1.69,1.67,1.69,5367
269,4,2019-09-10 17:30:00,1.69,1.7,1.69,1.7,3500
270,3,2019-09-10 18:00:00,1.69,1.71,1.69,1.7,6344
271,2,2019-09-10 19:00:00,1.71,1.71,1.71,1.71,1200
272,1,2019-09-10 19:30:00,1.71,1.71,1.71,1.71,1000
273,0,2019-09-10 20:00:00,1.71,1.71,1.71,1.71,1000
274,272,2019-09-11 07:00:00,1.71,1.71,1.71,1.71,250
275,271,2019-09-11 08:30:00,1.7101,1.7101,1.71,1.71,4150
276,270,2019-09-11 09:00:00,1.71,1.71,1.71,1.71,650
277,269,2019-09-11 09:30:00,1.7101,1.7101,1.7101,1.7101,1283
278,268,2019-09-11 10:00:00,1.75,1.78,1.68,1.7112,55372
279,267,2019-09-11 10:30:00,1.71,1.8,1.71,1.78,79180
280,266,2019-09-11 11:00:00,1.7890000000000001,1.89,1.7837,1.8719999999999999,58103
281,265,2019-09-11 11:30:00,1.8706,1.9,1.8462,1.8797,34083
282,264,2019-09-11 12:00:00,1.875,1.88,1.76,1.8319999999999999,24342
283,263,2019-09-11 12:30:00,1.82,1.83,1.81,1.81,890
284,262,2019-09-11 13:00:00,1.81,1.81,1.7476,1.77,13307
285,261,2019-09-11 13:30:00,1.7899,1.7899,1.7799,1.7799,5615
286,260,2019-09-11 14:00:00,1.75,1.78,1.75,1.78,4585
287,259,2019-09-11 14:30:00,1.79,1.8182,1.79,1.81,3995
288,258,2019-09-11 15:00:00,1.8,1.8001,1.75,1.7790000000000001,14835
289,257,2019-09-11 15:30:00,1.775,1.775,1.75,1.75,3456
290,256,2019-09-11 16:00:00,1.75,1.79,1.75,1.79,2432
291,255,2019-09-11 18:00:00,1.87,1.9,1.87,1.9,2493
292,254,2019-09-12 10:00:00,1.84,1.84,1.7201,1.765,7976
293,253,2019-09-12 10:30:00,1.65,1.7821,1.65,1.7,4925
294,252,2019-09-12 11:00:00,1.6980000000000002,1.7388,1.6980000000000002,1.7388,1900
295,251,2019-09-12 11:30:00,1.72,1.74,1.655,1.6859,19280
296,250,2019-09-12 12:00:00,1.6895,1.7,1.68,1.6975,3735
297,249,2019-09-12 12:30:00,1.7214,1.7214,1.72,1.72,1100
298,248,2019-09-12 13:00:00,1.7244,1.7244,1.7244,1.7244,650
299,247,2019-09-12 13:30:00,1.7101,1.73,1.69,1.72,6907
300,246,2019-09-12 14:30:00,1.73,1.78,1.73,1.7307,5208
301,245,2019-09-12 15:00:00,1.7126,1.7126,1.7126,1.7126,946
302,244,2019-09-12 16:00:00,1.72,1.73,1.68,1.68,7695
303,243,2019-09-12 16:30:00,1.64,1.64,1.6,1.6,3495
304,242,2019-09-12 17:00:00,1.62,1.62,1.6,1.62,1819
305,241,2019-09-12 18:00:00,1.62,1.62,1.6199,1.62,1700
306,240,2019-09-13 10:00:00,1.69,1.69,1.4777,1.56,17000
307,239,2019-09-13 10:30:00,1.56,1.67,1.56,1.64,11817
308,238,2019-09-13 11:00:00,1.6699,1.75,1.6699,1.71,4150
309,237,2019-09-13 11:30:00,1.71,1.71,1.6,1.65,8816
310,236,2019-09-13 12:00:00,1.64,1.6499,1.6,1.6,11252
311,235,2019-09-13 12:30:00,1.62,1.63,1.6,1.6,1012
312,234,2019-09-13 13:00:00,1.62,1.63,1.6,1.63,2209
313,233,2019-09-13 13:30:00,1.63,1.67,1.61,1.64,3700
314,232,2019-09-13 14:00:00,1.6699,1.67,1.6424,1.67,2178
315,231,2019-09-13 14:30:00,1.67,1.67,1.6699,1.67,430
316,230,2019-09-13 15:00:00,1.66,1.6726,1.66,1.6726,10900
317,229,2019-09-13 15:30:00,1.6752,1.69,1.66,1.68,4006
318,228,2019-09-13 16:00:00,1.68,1.7,1.6642,1.7,10424
319,227,2019-09-16 10:00:00,1.73,1.83,1.725,1.725,5914
320,226,2019-09-16 10:30:00,1.73,1.74,1.7209999999999999,1.7306,3632
321,225,2019-09-16 11:00:00,1.74,1.74,1.7231,1.725,1301
322,224,2019-09-16 11:30:00,1.74,1.74,1.74,1.74,300
323,223,2019-09-16 12:00:00,1.74,1.75,1.73,1.75,1467
324,222,2019-09-16 12:30:00,1.75,1.75,1.64,1.64,7709
325,221,2019-09-16 13:00:00,1.68,1.7,1.6608,1.68,1523
326,220,2019-09-16 13:30:00,1.675,1.675,1.6601,1.6601,225
327,219,2019-09-16 14:00:00,1.68,1.7,1.68,1.695,435
328,218,2019-09-16 14:30:00,1.7,1.7,1.67,1.675,1740
329,217,2019-09-16 15:00:00,1.67,1.67,1.67,1.67,100
330,216,2019-09-16 15:30:00,1.72,1.725,1.66,1.66,6208
331,215,2019-09-16 16:00:00,1.64,1.69,1.635,1.69,19866
332,214,2019-09-17 10:00:00,1.68,1.68,1.6439,1.68,823
333,213,2019-09-17 10:30:00,1.6298,1.68,1.6298,1.68,864
334,212,2019-09-17 11:00:00,1.6635,1.6635,1.61,1.64,11824
335,211,2019-09-17 11:30:00,1.65,1.73,1.6382,1.72,9815
336,210,2019-09-17 12:00:00,1.7476,1.7476,1.71,1.7116,4310
337,209,2019-09-17 12:30:00,1.7202,1.79,1.7202,1.78,21197
338,208,2019-09-17 13:00:00,1.77,1.77,1.6901,1.73,9263
339,207,2019-09-17 13:30:00,1.74,1.7608,1.74,1.7401,6142
340,206,2019-09-17 14:00:00,1.76,1.8,1.74,1.7417,7641
341,205,2019-09-17 14:30:00,1.75,1.76,1.73,1.7375,4770
342,204,2019-09-17 15:00:00,1.73,1.73,1.7012,1.7012,2677
343,203,2019-09-17 15:30:00,1.7035,1.72,1.6908,1.695,11921
344,202,2019-09-17 16:00:00,1.715,1.72,1.68,1.72,4563
345,201,2019-09-17 18:00:00,1.65,1.65,1.65,1.65,100
346,200,2019-09-18 10:00:00,1.69,1.74,1.68,1.74,3100
347,199,2019-09-18 10:30:00,1.74,1.74,1.72,1.7341,3629
348,198,2019-09-18 11:00:00,1.735,1.735,1.68,1.695,5654
349,197,2019-09-18 11:30:00,1.695,1.7034,1.62,1.68,7873
350,196,2019-09-18 12:00:00,1.6732,1.6799,1.64,1.6419,9846
351,195,2019-09-18 12:30:00,1.6607,1.67,1.66,1.67,4531
352,194,2019-09-18 13:00:00,1.69,1.69,1.6709,1.69,2200
353,193,2019-09-18 13:30:00,1.68,1.68,1.67,1.67,763
354,192,2019-09-18 14:00:00,1.68,1.68,1.665,1.6703,1665
355,191,2019-09-18 14:30:00,1.6791,1.6791,1.6342,1.64,12613
356,190,2019-09-18 15:00:00,1.6403,1.65,1.64,1.65,2094
357,189,2019-09-18 15:30:00,1.65,1.65,1.64,1.645,7779
358,188,2019-09-18 16:00:00,1.6496,1.65,1.64,1.64,7843
359,187,2019-09-18 16:30:00,1.63,1.63,1.63,1.63,100
360,186,2019-09-19 09:30:00,1.63,1.63,1.63,1.63,400
361,185,2019-09-19 10:00:00,1.6052,1.7,1.6,1.7,2994
362,184,2019-09-19 10:30:00,1.6482,1.72,1.64,1.67,8294
363,183,2019-09-19 11:00:00,1.68,1.68,1.65,1.68,962
364,182,2019-09-19 11:30:00,1.66,1.66,1.63,1.64,1510
365,181,2019-09-19 12:00:00,1.63,1.64,1.52,1.57,40034
366,180,2019-09-19 12:30:00,1.5699,1.5699,1.5035,1.5464,35132
367,179,2019-09-19 13:00:00,1.55,1.59,1.55,1.59,9246
368,178,2019-09-19 13:30:00,1.58,1.59,1.58,1.58,2309
369,177,2019-09-19 14:00:00,1.57,1.57,1.52,1.52,7118
370,176,2019-09-19 14:30:00,1.55,1.56,1.55,1.56,2261
371,175,2019-09-19 15:00:00,1.59,1.59,1.58,1.58,200
372,174,2019-09-19 15:30:00,1.5711,1.5711,1.52,1.53,19014
373,173,2019-09-19 16:00:00,1.52,1.52,1.48,1.49,15845
374,172,2019-09-20 10:00:00,1.49,1.54,1.48,1.54,1313
375,171,2019-09-20 10:30:00,1.55,1.58,1.51,1.527,2188
376,170,2019-09-20 11:00:00,1.51,1.51,1.49,1.495,5415
377,169,2019-09-20 11:30:00,1.4988,1.4988,1.49,1.49,1700
378,168,2019-09-20 12:00:00,1.49,1.53,1.45,1.5132,32865
379,167,2019-09-20 12:30:00,1.51,1.51,1.51,1.51,215
380,166,2019-09-20 13:00:00,1.48,1.57,1.48,1.5397,5284
381,165,2019-09-20 13:30:00,1.55,1.55,1.55,1.55,200
382,164,2019-09-20 14:00:00,1.5097,1.54,1.5097,1.54,1420
383,163,2019-09-20 14:30:00,1.54,1.54,1.501,1.5126,5300
384,162,2019-09-20 15:00:00,1.5,1.52,1.48,1.5,5558
385,161,2019-09-20 15:30:00,1.49,1.56,1.49,1.55,1346
386,160,2019-09-20 16:00:00,1.56,1.56,1.48,1.53,7484
387,159,2019-09-23 10:00:00,1.49,1.5127,1.49,1.4991,1662
388,158,2019-09-23 10:30:00,1.49,1.5,1.4573,1.5,4165
389,157,2019-09-23 11:00:00,1.49,1.49,1.4849,1.49,2963
390,156,2019-09-23 11:30:00,1.49,1.49,1.4213,1.44,13401
391,155,2019-09-23 12:00:00,1.4429,1.4429,1.4,1.41,5940
392,154,2019-09-23 12:30:00,1.4,1.41,1.4,1.4097,1126
393,153,2019-09-23 13:00:00,1.4069999999999998,1.415,1.405,1.4088,7765
394,152,2019-09-23 13:30:00,1.41,1.41,1.405,1.405,200
395,151,2019-09-23 14:00:00,1.4,1.4,1.4,1.4,3831
396,150,2019-09-23 14:30:00,1.3701,1.4,1.3701,1.4,3610
397,149,2019-09-23 15:00:00,1.3999,1.4002,1.39,1.4002,4773
398,148,2019-09-23 15:30:00,1.41,1.43,1.405,1.43,10527
399,147,2019-09-23 16:00:00,1.44,1.47,1.425,1.47,4991
400,146,2019-09-24 10:00:00,1.46,1.4953,1.46,1.4811,1522
401,145,2019-09-24 10:30:00,1.47,1.47,1.44,1.44,565
402,144,2019-09-24 11:00:00,1.45,1.46,1.45,1.46,307
403,143,2019-09-24 11:30:00,1.4503,1.4503,1.43,1.43,9062
404,142,2019-09-24 12:00:00,1.43,1.44,1.43,1.43,2947
405,141,2019-09-24 12:30:00,1.44,1.44,1.44,1.44,135
406,140,2019-09-24 13:00:00,1.44,1.44,1.36,1.36,12418
407,139,2019-09-24 13:30:00,1.375,1.38,1.375,1.375,2208
408,138,2019-09-24 14:00:00,1.375,1.4,1.375,1.39,17117
409,137,2019-09-24 14:30:00,1.4,1.4,1.4,1.4,200
410,136,2019-09-24 15:00:00,1.4,1.4,1.39,1.39,4235
411,135,2019-09-24 15:30:00,1.393,1.42,1.37,1.3903,25217
412,134,2019-09-24 16:00:00,1.38,1.39,1.36,1.39,5249
413,133,2019-09-25 10:00:00,1.36,1.3601,1.36,1.3601,820
414,132,2019-09-25 10:30:00,1.36,1.49,1.35,1.42,21610
415,131,2019-09-25 11:00:00,1.36,1.36,1.31,1.3314,10970
416,130,2019-09-25 11:30:00,1.3193,1.34,1.25,1.26,20229
417,129,2019-09-25 12:00:00,1.2618,1.2767,1.22,1.245,21117
418,128,2019-09-25 12:30:00,1.245,1.34,1.23,1.34,34273
419,127,2019-09-25 13:00:00,1.3551,1.39,1.34,1.39,15222
420,126,2019-09-25 13:30:00,1.374,1.3842,1.365,1.37,30469
421,125,2019-09-25 14:00:00,1.37,1.38,1.37,1.38,4025
422,124,2019-09-25 14:30:00,1.37,1.3796,1.35,1.37,9065
423,123,2019-09-25 15:00:00,1.3703,1.38,1.3601,1.3701,8810
424,122,2019-09-25 15:30:00,1.37,1.37,1.35,1.37,3197
425,121,2019-09-25 16:00:00,1.3569,1.3972,1.35,1.3972,13978
426,120,2019-09-26 10:00:00,1.41,1.41,1.3467,1.3899,8100
427,119,2019-09-26 11:00:00,1.3513,1.36,1.35,1.35,3306
428,118,2019-09-26 11:30:00,1.3501,1.3501,1.3501,1.3501,2100
429,117,2019-09-26 12:00:00,1.36,1.36,1.36,1.36,100
430,116,2019-09-26 12:30:00,1.35,1.3793,1.35,1.3793,13204
431,115,2019-09-26 13:00:00,1.3602,1.37,1.35,1.3501,3819
432,114,2019-09-26 13:30:00,1.35,1.3534,1.35,1.3534,1322
433,113,2019-09-26 14:30:00,1.355,1.3579,1.35,1.3531,7138
434,112,2019-09-26 15:00:00,1.36,1.36,1.35,1.35,2300
435,111,2019-09-26 15:30:00,1.36,1.36,1.345,1.355,11094
436,110,2019-09-26 16:00:00,1.36,1.38,1.33,1.38,37591
437,109,2019-09-27 08:30:00,1.38,1.38,1.38,1.38,100
438,108,2019-09-27 09:00:00,1.31,1.31,1.31,1.31,4653
439,107,2019-09-27 10:00:00,1.34,1.52,1.34,1.38,49897
440,106,2019-09-27 10:30:00,1.3841,1.5,1.38,1.45,28621
441,105,2019-09-27 11:00:00,1.4191,1.4191,1.41,1.41,10200
442,104,2019-09-27 11:30:00,1.41,1.55,1.41,1.5215,24831
443,103,2019-09-27 12:00:00,1.55,1.6,1.54,1.59,17877
444,102,2019-09-27 12:30:00,1.59,1.59,1.5319,1.57,7252
445,101,2019-09-27 13:00:00,1.57,1.57,1.53,1.55,13019
446,100,2019-09-27 13:30:00,1.55,1.6,1.54,1.59,13091
447,99,2019-09-27 14:00:00,1.59,1.69,1.58,1.69,21966
448,98,2019-09-27 14:30:00,1.67,1.6701,1.6,1.61,13300
449,97,2019-09-27 15:00:00,1.63,1.63,1.61,1.61,16424
450,96,2019-09-27 15:30:00,1.62,1.62,1.57,1.58,13552
451,95,2019-09-27 16:00:00,1.6,1.61,1.5532,1.61,26406
452,94,2019-09-30 10:00:00,1.58,1.58,1.53,1.53,1524
453,93,2019-09-30 10:30:00,1.54,1.5522,1.54,1.5522,200
454,92,2019-09-30 11:30:00,1.53,1.53,1.47,1.47,14042
455,91,2019-09-30 12:00:00,1.52,1.52,1.47,1.52,705
456,90,2019-09-30 12:30:00,1.4446,1.51,1.4446,1.51,1210
457,89,2019-09-30 13:00:00,1.46,1.46,1.41,1.43,3510
458,88,2019-09-30 13:30:00,1.41,1.4198,1.4,1.4,10140
459,87,2019-09-30 14:00:00,1.4,1.4096,1.4,1.4,3500
460,86,2019-09-30 14:30:00,1.405,1.41,1.4,1.4,37726
461,85,2019-09-30 15:00:00,1.41,1.41,1.41,1.41,3110
462,84,2019-09-30 15:30:00,1.4,1.41,1.4,1.41,5405
463,83,2019-09-30 16:00:00,1.4,1.4,1.38,1.4,1748
464,82,2019-10-01 10:00:00,1.39,1.46,1.34,1.34,2810
465,81,2019-10-01 10:30:00,1.35,1.38,1.33,1.36,15896
466,80,2019-10-01 11:00:00,1.3719999999999999,1.3719999999999999,1.365,1.3679,10900
467,79,2019-10-01 11:30:00,1.38,1.46,1.37,1.4429,17345
468,78,2019-10-01 12:00:00,1.45,1.51,1.45,1.45,30719
469,77,2019-10-01 12:30:00,1.475,1.4767,1.45,1.4599,16373
470,76,2019-10-01 13:00:00,1.4094,1.4094,1.4053,1.4053,2813
471,75,2019-10-01 13:30:00,1.4,1.4,1.38,1.39,3657
472,74,2019-10-01 14:00:00,1.38,1.3822,1.31,1.31,9014
473,73,2019-10-01 15:00:00,1.28,1.2831,1.28,1.2831,1525
474,72,2019-10-01 15:30:00,1.27,1.28,1.27,1.275,7747
475,71,2019-10-01 16:00:00,1.27,1.3,1.27,1.28,10696
476,70,2019-10-02 10:00:00,1.27,1.53,1.18,1.2,67040
477,69,2019-10-02 10:30:00,1.25,1.25,1.18,1.19,11594
478,68,2019-10-02 11:00:00,1.19,1.2,1.18,1.19,9402
479,67,2019-10-02 11:30:00,1.2,1.24,1.19,1.23,7559
480,66,2019-10-02 12:00:00,1.22,1.24,1.21,1.21,13800
481,65,2019-10-02 13:00:00,1.2,1.2,1.19,1.19,705
482,64,2019-10-02 14:30:00,1.21,1.21,1.2,1.2078,2654
483,63,2019-10-02 15:00:00,1.2046,1.2046,1.2,1.2,600
484,62,2019-10-02 16:00:00,1.21,1.23,1.16,1.17,26515
485,61,2019-10-02 16:30:00,1.16,1.16,1.16,1.16,900
486,60,2019-10-03 10:00:00,1.19,1.22,1.1840000000000002,1.1840000000000002,3996
487,59,2019-10-03 10:30:00,1.22,1.22,1.22,1.22,100
488,58,2019-10-03 11:00:00,1.2049,1.21,1.06,1.17,33938
489,57,2019-10-03 11:30:00,1.19,1.2,1.12,1.12,7905
490,56,2019-10-03 12:00:00,1.14,1.17,1.13,1.17,1110
491,55,2019-10-03 13:30:00,1.1815,1.1815,1.16,1.16,4464
492,54,2019-10-03 14:30:00,1.16,1.16,1.16,1.16,120
493,53,2019-10-03 15:00:00,1.17,1.19,1.17,1.19,3100
494,52,2019-10-03 15:30:00,1.1692,1.1692,1.16,1.16,4000
495,51,2019-10-03 16:00:00,1.14,1.16,1.13,1.13,4055
496,50,2019-10-04 10:00:00,1.13,1.1345,1.13,1.1345,550
497,49,2019-10-04 10:30:00,1.14,1.1943,1.14,1.1943,4000
498,48,2019-10-04 11:00:00,1.2,1.2,1.2,1.2,100
499,47,2019-10-04 11:30:00,1.2,1.21,1.2,1.21,2645
500,46,2019-10-04 12:00:00,1.206,1.2103,1.18,1.21,12250
501,45,2019-10-04 12:30:00,1.2116,1.23,1.1,1.139,23653
502,44,2019-10-04 13:00:00,1.1348,1.178,1.1305,1.155,17383
503,43,2019-10-04 13:30:00,1.155,1.18,1.1422,1.18,4700
504,42,2019-10-04 14:00:00,1.21,1.21,1.21,1.21,108
505,41,2019-10-04 14:30:00,1.22,1.22,1.1903,1.1903,914
506,40,2019-10-04 15:00:00,1.22,1.22,1.22,1.22,1000
507,39,2019-10-04 15:30:00,1.21,1.25,1.21,1.25,6323
508,38,2019-10-04 16:00:00,1.2426,1.26,1.225,1.26,1457
509,37,2019-10-07 10:00:00,1.25,1.33,1.23,1.23,2266
510,36,2019-10-07 10:30:00,1.23,1.2751,1.23,1.23,2100
511,35,2019-10-07 11:00:00,1.23,1.23,1.2,1.2295,4959
512,34,2019-10-07 11:30:00,1.2012,1.2099,1.0846,1.17,34616
513,33,2019-10-07 12:00:00,1.17,1.17,1.169,1.17,1782
514,32,2019-10-07 12:30:00,1.17,1.18,1.17,1.18,5600
515,31,2019-10-07 13:00:00,1.2,1.2,1.19,1.19,1000
516,30,2019-10-07 13:30:00,1.2,1.2,1.2,1.2,305
517,29,2019-10-07 14:00:00,1.1942,1.2,1.1942,1.2,1239
518,28,2019-10-07 14:30:00,1.19,1.19,1.19,1.19,423
519,27,2019-10-07 15:30:00,1.19,1.19,1.19,1.19,1092
520,26,2019-10-08 10:00:00,1.19,1.195,1.19,1.195,1015
521,25,2019-10-08 10:30:00,1.19,1.19,1.19,1.19,200
522,24,2019-10-08 11:00:00,1.19,1.19,1.185,1.185,300
523,23,2019-10-08 12:00:00,1.1747,1.19,1.1747,1.19,270
524,22,2019-10-08 14:00:00,1.179,1.2,1.179,1.2,492
525,21,2019-10-08 14:30:00,1.19,1.19,1.19,1.19,100
526,20,2019-10-08 16:00:00,1.18,1.18,1.18,1.18,235
527,19,2019-10-09 10:00:00,1.19,1.23,1.19,1.23,1650
528,18,2019-10-09 12:00:00,1.18,1.18,1.18,1.18,167
529,17,2019-10-09 12:30:00,1.161,1.18,1.161,1.18,250
530,16,2019-10-09 13:00:00,1.16,1.19,1.16,1.19,1257
531,15,2019-10-09 13:30:00,1.18,1.25,1.16,1.25,11620
532,14,2019-10-09 14:00:00,1.25,1.28,1.2,1.2,14006
533,13,2019-10-09 14:30:00,1.19,1.19,1.19,1.19,162
534,12,2019-10-09 15:30:00,1.2,1.2,1.2,1.2,110
535,11,2019-10-09 16:00:00,1.2,1.22,1.2,1.2,1325
536,10,2019-10-10 10:00:00,1.2,1.22,1.2,1.22,1805
537,9,2019-10-10 10:30:00,1.2,1.2,1.1876,1.2,1600
538,8,2019-10-10 11:00:00,1.1872,1.19,1.16,1.16,4660
539,7,2019-10-10 11:30:00,1.13,1.14,1.13,1.14,466
540,6,2019-10-10 12:00:00,1.14,1.14,1.14,1.14,110
541,5,2019-10-10 12:30:00,1.1122,1.12,1.11,1.11,2671
542,4,2019-10-10 13:00:00,1.11,1.15,1.11,1.14,2453
543,3,2019-10-10 13:30:00,1.14,1.14,1.14,1.14,200
544,2,2019-10-10 15:00:00,1.13,1.15,1.13,1.15,1449
545,1,2019-10-10 15:30:00,1.14,1.14,1.14,1.14,114
546,0,2019-10-10 16:00:00,1.14,1.15,1.1394,1.15,1300
