,index,time,open,high,low,close,volume
0,141,2020-08-06 10:30:00,14.4681084469,14.5318446074,14.4681084469,14.5318446074,797
1,140,2020-08-06 11:00:00,14.5710668601,14.603425218499998,14.541650170599999,14.603425218499998,1198
2,139,2020-08-06 11:30:00,14.595580768,14.595580768,14.541650170599999,14.541650170599999,616
3,138,2020-08-06 12:30:00,14.595580768,14.595580768,14.5318446074,14.531942662999999,2239
4,137,2020-08-06 13:00:00,14.595580768,14.595580768,14.5318446074,14.531942662999999,2173
5,136,2020-08-06 13:30:00,14.595580768,14.595580768,14.5318446074,14.531942662999999,997
6,135,2020-08-06 14:00:00,14.595580768,14.595580768,14.5318446074,14.595580768,910
7,134,2020-08-06 15:00:00,14.6102891127,14.6102891127,14.6102891127,14.6102891127,1800
8,133,2020-08-06 15:30:00,14.6102891127,14.610387168399999,14.5612612969,14.5613593525,3699
9,132,2020-08-06 16:00:00,14.5318446074,14.6102891127,14.5318446074,14.6102891127,2452
10,131,2020-08-07 11:30:00,14.3877028289,14.5251768245,14.3161222178,14.5251768245,1650
11,130,2020-08-07 12:00:00,14.365150033599999,14.5318446074,14.365150033599999,14.5318446074,1030
12,129,2020-08-07 12:30:00,14.541650170599999,14.541650170599999,14.38476116,14.394664778800001,1840
13,128,2020-08-07 13:00:00,14.4141778495,14.550671288699998,14.4141778495,14.550671288699998,770
14,127,2020-08-07 13:30:00,14.4632056653,14.585775204800001,14.4632056653,14.585775204800001,2430
15,126,2020-08-07 14:00:00,14.473011228399999,14.629900239000001,14.473011228399999,14.629900239000001,1576
16,125,2020-08-07 14:30:00,14.5710668601,14.6348030206,14.5710668601,14.6348030206,1350
17,124,2020-08-07 15:00:00,14.644608583800002,14.647059974600001,14.590677986400001,14.590776042,3950
18,123,2020-08-07 15:30:00,14.590677986400001,14.6424513599,14.590677986400001,14.610387168399999,2900
19,122,2020-08-07 16:00:00,14.620094675899999,14.6617683193,14.512233481099999,14.5612612969,20524
20,121,2020-08-10 10:00:00,14.6593169285,14.6593169285,14.6593169285,14.6593169285,200
21,120,2020-08-10 10:30:00,14.6425494155,14.644608583800002,14.6425494155,14.644608583800002,701
22,119,2020-08-10 11:00:00,14.6423533043,14.644216361300002,14.6397058022,14.642157193,1063
23,118,2020-08-10 11:30:00,14.654414147,14.654414147,14.6102891127,14.654414147,1906
24,117,2020-08-10 12:00:00,14.654414147,14.6985391812,14.654414147,14.654414147,2650
25,116,2020-08-10 12:30:00,14.654414147,14.654414147,14.5710668601,14.6526491456,1750
26,115,2020-08-10 13:00:00,14.629900239000001,14.6321555186,14.5710668601,14.5710668601,1201
27,114,2020-08-10 13:30:00,14.6249974575,14.6249974575,14.6249974575,14.6249974575,450
28,113,2020-08-10 14:00:00,14.6249974575,14.6249974575,14.6249974575,14.6249974575,350
29,112,2020-08-10 14:30:00,14.629213849600001,14.629213849600001,14.5612612969,14.6249974575,787
30,111,2020-08-10 15:00:00,14.627841070799999,14.627841070799999,14.5612612969,14.5625360201,2809
31,110,2020-08-10 15:30:00,14.6136230042,14.6136230042,14.5612612969,14.5934235441,2840
32,109,2020-08-10 16:00:00,14.5612612969,14.6077396663,14.5612612969,14.6077396663,2652
33,108,2020-08-11 10:30:00,14.443594539000001,14.5156654282,14.4141778495,14.486248738699999,667
34,107,2020-08-11 11:00:00,14.6480405309,14.6480405309,14.6480405309,14.6480405309,930
35,106,2020-08-11 12:00:00,14.6102891127,14.6386271903,14.512331536700001,14.512331536700001,3656
36,105,2020-08-12 15:30:00,14.5612612969,14.5675368573,14.5612612969,14.5612612969,401
37,104,2020-08-13 10:00:00,14.6685704521,14.6685704521,14.6685704521,14.6685704521,210
38,103,2020-08-13 10:30:00,14.7081884682,14.7081884682,14.698283964200002,14.698283964200002,300
39,102,2020-08-13 11:30:00,14.7081884682,14.7081884682,14.5597199529,14.5597199529,339
40,101,2020-08-13 13:00:00,14.5200028918,14.5200028918,14.5200028918,14.5200028918,204
41,100,2020-08-13 14:30:00,14.5002929288,14.529907395799999,14.500193883800002,14.5002929288,1500
42,99,2020-08-13 15:00:00,14.4605758677,14.4606749128,14.4110533476,14.4110533476,499
43,98,2020-08-13 15:30:00,14.4605758677,14.4605758677,14.4605758677,14.4605758677,200
44,97,2020-08-13 16:00:00,14.4407668597,14.4605758677,14.262485787300001,14.262485787300001,4566
45,96,2020-08-14 10:00:00,14.3615308275,14.4110533476,14.3615308275,14.4110533476,362
46,95,2020-08-14 11:00:00,14.4407668597,14.4407668597,14.3417218195,14.3417218195,400
47,94,2020-08-14 12:00:00,14.4479971476,14.5596209079,14.4407668597,14.5596209079,3420
48,93,2020-08-14 14:00:00,14.579429915899999,14.579429915899999,14.569723502,14.569723502,802
49,92,2020-08-14 15:00:00,14.5695254119,14.5695254119,14.5695254119,14.5695254119,342
50,91,2020-08-14 17:30:00,14.3615308275,14.3615308275,14.3615308275,14.3615308275,1000
51,90,2020-08-17 10:00:00,14.6685704521,14.6685704521,14.609143428,14.609143428,1184
52,89,2020-08-17 11:30:00,14.619047932,14.619047932,14.619047932,14.619047932,200
53,88,2020-08-17 13:00:00,14.619047932,14.6191469771,14.619047932,14.6191469771,3933
54,87,2020-08-17 13:30:00,14.6586659481,14.6601516237,14.619047932,14.628952435999999,632
55,86,2020-08-17 14:00:00,14.628952435999999,14.6330132827,14.628952435999999,14.6330132827,1506
56,85,2020-08-17 15:00:00,14.619047932,14.6383617149,14.609143428,14.6383617149,1183
57,84,2020-08-17 17:30:00,14.4605758677,14.4605758677,14.4605758677,14.4605758677,900
58,83,2020-08-18 10:00:00,14.593593356700001,14.593593356700001,14.593593356700001,14.593593356700001,1889
59,82,2020-08-18 11:00:00,14.534562512699999,14.534562512699999,14.531294026400001,14.531294026400001,1685
60,81,2020-08-18 12:00:00,14.519507666600001,14.58933442,14.519507666600001,14.58933442,1355
61,80,2020-08-18 12:30:00,14.524955143800002,14.6267734452,14.524955143800002,14.6267734452,2795
62,79,2020-08-18 15:00:00,14.609143428,14.609143428,14.609143428,14.609143428,1602
63,78,2020-08-18 15:30:00,14.599238924000002,14.599238924000002,14.599238924000002,14.599238924000002,250
64,77,2020-08-19 10:00:00,14.5596209079,14.5596209079,14.5596209079,14.5596209079,200
65,76,2020-08-19 12:30:00,14.598545608699999,14.6586659481,14.579429915899999,14.6586659481,3770
66,75,2020-08-19 13:00:00,14.6636182001,14.7081884682,14.6586659481,14.6636182001,2306
67,74,2020-08-19 15:00:00,14.6636182001,14.6636182001,14.6196422023,14.6196422023,318
68,73,2020-08-20 10:00:00,14.599238924000002,14.599238924000002,14.599238924000002,14.599238924000002,200
69,72,2020-08-20 10:30:00,14.61409568,14.61409568,14.61409568,14.61409568,558
70,71,2020-08-20 12:30:00,14.6586659481,14.6586659481,14.6520299304,14.6586659481,760
71,70,2020-08-20 16:00:00,14.639946435499999,14.639946435499999,14.639946435499999,14.639946435499999,194
72,69,2020-08-21 10:30:00,14.6388569401,14.6388569401,14.6388569401,14.6388569401,200
73,68,2020-08-21 11:30:00,14.718092972200001,14.8072335084,14.718092972200001,14.8072335084,876
74,67,2020-08-21 12:00:00,14.8270425164,14.8270425164,14.8270425164,14.8270425164,447
75,66,2020-08-21 12:30:00,14.7314640526,14.753154916400002,14.7314640526,14.753154916400002,670
76,65,2020-08-21 14:00:00,14.772072519100002,14.772072519100002,14.772072519100002,14.772072519100002,200
77,64,2020-08-21 15:00:00,14.717498702,14.717498702,14.638955985099999,14.638955985099999,1208
78,63,2020-08-24 12:00:00,14.7379019802,14.7577109883,14.5101974328,14.5101974328,1039
79,62,2020-08-24 12:30:00,14.624000184000002,14.727997476199999,14.624000184000002,14.7081884682,400
80,61,2020-08-24 13:00:00,14.7379019802,14.7577109883,14.703236216199999,14.7577109883,3000
81,60,2020-08-25 10:00:00,14.7577109883,14.7577109883,14.7577109883,14.7577109883,200
82,59,2020-08-25 11:00:00,14.6834272081,14.6834272081,14.6834272081,14.6834272081,335
83,58,2020-08-25 13:30:00,14.7478064843,14.7577109883,14.7478064843,14.7478064843,903
84,57,2020-08-25 14:30:00,14.7874245003,14.8072335084,14.7478064843,14.8069363733,4454
85,56,2020-08-26 10:00:00,14.8567560285,14.8567560285,14.8567560285,14.8567560285,290
86,55,2020-08-26 11:00:00,14.7626632403,14.7626632403,14.7626632403,14.7626632403,100
87,54,2020-08-26 14:30:00,14.767615492300001,14.8165437422,14.757810033299998,14.757810033299998,3160
88,53,2020-08-26 15:30:00,14.7973290044,14.7973290044,14.7973290044,14.7973290044,100
89,52,2020-08-27 10:00:00,14.7973290044,14.8567560285,14.7973290044,14.8567560285,302
90,51,2020-08-27 11:00:00,14.8121857604,14.8121857604,14.8121857604,14.8121857604,101
91,50,2020-08-27 11:30:00,14.8121857604,14.8121857604,14.8121857604,14.8121857604,204
92,49,2020-08-27 12:00:00,14.8121857604,14.8121857604,14.8121857604,14.8121857604,304
93,48,2020-08-27 12:30:00,14.8121857604,14.8270425164,14.8072335084,14.8270425164,411
94,47,2020-08-27 13:00:00,14.8270425164,14.8270425164,14.7626632403,14.8270425164,500
95,46,2020-08-27 13:30:00,14.8270425164,14.8270425164,14.8072335084,14.8270425164,700
96,45,2020-08-27 14:00:00,14.8270425164,14.8270425164,14.8270425164,14.8270425164,500
97,44,2020-08-27 14:30:00,14.8072335084,14.8072335084,14.8072335084,14.8072335084,500
98,43,2020-08-27 15:00:00,14.8270425164,14.8270425164,14.8072335084,14.8072335084,611
99,42,2020-08-27 16:00:00,14.8121857604,14.8121857604,14.8121857604,14.8121857604,166
100,41,2020-08-28 10:00:00,14.7478064843,14.7478064843,14.7478064843,14.7478064843,200
101,40,2020-08-28 10:30:00,14.7478064843,14.7478064843,14.7478064843,14.7478064843,100
102,39,2020-08-28 11:00:00,14.609143428,14.609143428,14.609143428,14.609143428,1207
103,38,2020-08-28 11:30:00,14.6040921309,14.6438091921,14.6040921309,14.6438091921,680
104,37,2020-08-28 12:00:00,14.6883794601,14.7081884682,14.6586659481,14.6586659481,5128
105,36,2020-08-28 12:30:00,14.549716403900002,14.549716403900002,14.430862355699999,14.430862355699999,3953
106,35,2020-08-28 13:30:00,14.5100983878,14.6592602183,14.5099993428,14.646186273,3600
107,34,2020-08-28 14:30:00,14.58933442,14.609143428,14.58933442,14.609143428,300
108,33,2020-08-28 15:00:00,14.609143428,14.6586659481,14.579429915899999,14.5873535192,2389
109,32,2020-08-31 10:00:00,14.609242473,14.628952435999999,14.609242473,14.628952435999999,560
110,31,2020-08-31 12:30:00,14.628952435999999,14.628952435999999,14.628952435999999,14.628952435999999,500
111,30,2020-08-31 14:00:00,14.628952435999999,14.628952435999999,14.609143428,14.609143428,2283
112,29,2020-08-31 15:00:00,14.628952435999999,14.628952435999999,14.628952435999999,14.628952435999999,212
113,28,2020-08-31 15:30:00,14.693331712200001,14.718092972200001,14.6883794601,14.718092972200001,543
114,27,2020-08-31 16:00:00,14.6871909197,14.6871909197,14.6871909197,14.6871909197,171
115,26,2020-09-01 10:30:00,14.7482026644,14.7482026644,14.723045224200002,14.7266108457,1339
116,25,2020-09-01 11:00:00,14.7775199963,14.7775199963,14.7577109883,14.7577109883,700
117,24,2020-09-01 14:30:00,14.771775384000001,14.771775384000001,14.7091789186,14.7091789186,1973
118,23,2020-09-01 15:00:00,14.7081884682,14.7081884682,14.7081884682,14.7081884682,400
119,22,2020-09-01 15:30:00,14.6586659481,14.6685704521,14.6388569401,14.6388569401,1144
120,21,2020-09-01 16:00:00,14.703236216199999,14.703236216199999,14.703236216199999,14.703236216199999,200
121,20,2020-09-02 10:00:00,14.8072335084,14.8072335084,14.8072335084,14.8072335084,212
122,19,2020-09-02 10:30:00,14.8369470204,14.8369470204,14.8369470204,14.8369470204,100
123,18,2020-09-02 12:00:00,14.8270425164,14.8369470204,14.8270425164,14.8369470204,1600
124,17,2020-09-02 13:30:00,14.8522990017,14.8522990017,14.8522990017,14.8522990017,667
125,16,2020-09-02 14:30:00,14.8369470204,14.8567560285,14.8369470204,14.8369470204,800
126,15,2020-09-02 15:00:00,14.8468515245,14.856656983399999,14.8369470204,14.8468515245,2200
127,14,2020-09-02 16:00:00,14.7725677443,14.7725677443,14.7725677443,14.7725677443,100
128,13,2020-09-03 10:00:00,14.7577109883,14.7577109883,14.7195786478,14.7195786478,300
129,12,2020-09-03 10:30:00,14.727997476199999,14.7325535481,14.7081884682,14.7081884682,1436
130,11,2020-09-03 11:00:00,14.7082875132,14.770586843499999,14.7082875132,14.770586843499999,927
131,10,2020-09-03 12:00:00,14.7081884682,14.7081884682,14.7081884682,14.7081884682,100
132,9,2020-09-03 12:30:00,14.7577109883,14.7577109883,14.7577109883,14.7577109883,200
133,8,2020-09-03 13:00:00,14.789108266,14.8072335084,14.789108266,14.8072335084,902
134,7,2020-09-03 14:30:00,14.7577109883,14.7577109883,14.7577109883,14.7577109883,201
135,6,2020-09-03 15:00:00,14.7577109883,14.7577109883,14.7577109883,14.7577109883,913
136,5,2020-09-03 15:30:00,14.7577109883,14.7577109883,14.7577109883,14.7577109883,507
137,4,2020-09-03 16:00:00,14.727997476199999,14.727997476199999,14.727997476199999,14.727997476199999,904
138,3,2020-09-04 10:00:00,14.8072335084,14.8072335084,14.8072335084,14.8072335084,201
139,2,2020-09-04 12:00:00,14.7973290044,14.7973290044,14.7973290044,14.7973290044,1119
140,1,2020-09-04 12:30:00,14.6586659481,14.6586659481,14.6586659481,14.6586659481,951
141,0,2020-09-04 13:30:00,14.717399656900001,14.717399656900001,14.717399656900001,14.717399656900001,200
