,index,time,open,high,low,close,volume
0,465,2020-09-08 04:30:00,61.0,61.0,61.0,61.0,863
1,464,2020-09-08 05:30:00,61.17,61.17,61.17,61.17,108
2,463,2020-09-08 07:30:00,61.0,61.0,60.75,61.0,4673
3,462,2020-09-08 08:00:00,60.7,60.7,60.63,60.63,814
4,461,2020-09-08 08:30:00,60.6301,61.0,60.3,60.6,8075
5,460,2020-09-08 09:00:00,60.3001,60.4332,60.3,60.3,942
6,459,2020-09-08 09:30:00,60.3016,60.31,60.21,60.21,1013
7,458,2020-09-08 10:00:00,60.38,60.59,59.4361,59.62,1862012
8,457,2020-09-08 10:30:00,59.625,59.67,59.15,59.55,800172
9,456,2020-09-08 11:00:00,59.55,59.87,59.04,59.055,550695
10,455,2020-09-08 11:30:00,59.055,59.46,58.91,59.24,651848
11,454,2020-09-08 12:00:00,59.24,59.3,58.82,58.94,646985
12,453,2020-09-08 12:30:00,58.925,59.67,58.9,59.51,448695
13,452,2020-09-08 13:00:00,59.51,59.56,59.3,59.49,412997
14,451,2020-09-08 13:30:00,59.5,59.7,59.45,59.61,368846
15,450,2020-09-08 14:00:00,59.6,59.75,59.53,59.57,526207
16,449,2020-09-08 14:30:00,59.58,59.605,59.43,59.54,462294
17,448,2020-09-08 15:00:00,59.54,59.545,59.16,59.47,574054
18,447,2020-09-08 15:30:00,59.46,59.625,59.08,59.595,638803
19,446,2020-09-08 16:00:00,59.595,59.705,59.17,59.26,1724723
20,445,2020-09-08 16:30:00,59.25,59.6426,59.2,59.25,240526
21,444,2020-09-08 17:30:00,59.26,59.62,59.26,59.62,581
22,443,2020-09-08 18:00:00,59.15,59.15,58.95,58.95,2087
23,442,2020-09-08 18:30:00,58.81,59.0,58.81,59.0,910
24,441,2020-09-08 19:00:00,58.8,58.8,58.78,58.78,1639
25,440,2020-09-08 19:30:00,59.19,59.19,59.19,59.19,250
26,439,2020-09-08 20:00:00,58.8,58.8,58.8,58.8,201
27,438,2020-09-09 04:30:00,59.28,59.73,59.28,59.73,635
28,437,2020-09-09 05:30:00,59.73,59.73,59.45,59.45,324
29,436,2020-09-09 07:30:00,59.75,59.8,59.25,59.25,1823
30,435,2020-09-09 08:30:00,59.4999,59.9,59.38,59.45,7056
31,434,2020-09-09 09:00:00,59.41,59.6199,59.38,59.6034,1599
32,433,2020-09-09 09:30:00,59.5,59.99,59.5,59.99,4014
33,432,2020-09-09 10:00:00,59.77,59.89,59.06,59.35,636585
34,431,2020-09-09 10:30:00,59.36,59.545,59.08,59.095,499709
35,430,2020-09-09 11:00:00,59.11,59.4,58.89,59.06,471015
36,429,2020-09-09 11:30:00,59.08,59.62,59.04,59.52,1108540
37,428,2020-09-09 12:00:00,59.525,59.8,59.44,59.49,295301
38,427,2020-09-09 12:30:00,59.47,59.61,59.37,59.52,414670
39,426,2020-09-09 13:00:00,59.51,59.79,59.49,59.77,300113
40,425,2020-09-09 13:30:00,59.77,60.0631,59.71,59.86,405815
41,424,2020-09-09 14:00:00,59.87,60.15,59.86,60.06,340965
42,423,2020-09-09 14:30:00,60.05,60.18,59.89,59.9771,249659
43,422,2020-09-09 15:00:00,59.99,60.27,59.96,60.24,288542
44,421,2020-09-09 15:30:00,60.25,60.31,60.04,60.09,440399
45,420,2020-09-09 16:00:00,60.08,60.16,59.57,59.58,1072148
46,419,2020-09-09 16:30:00,59.58,59.83,59.58,59.8,132992
47,418,2020-09-09 17:00:00,59.59,59.59,59.59,59.59,530
48,417,2020-09-09 17:30:00,59.59,59.59,59.52,59.52,1238
49,416,2020-09-09 18:00:00,59.59,59.59,59.59,59.59,771
50,415,2020-09-10 04:30:00,59.45,59.45,59.45,59.45,200
51,414,2020-09-10 08:00:00,59.69,59.74,59.69,59.74,1067
52,413,2020-09-10 08:30:00,59.35,59.74,59.35,59.46,1006
53,412,2020-09-10 09:00:00,59.6018,59.85,59.6018,59.85,5600
54,411,2020-09-10 09:30:00,59.76,60.27,59.76,60.27,5680
55,410,2020-09-10 10:00:00,60.3,61.68,59.99,61.28,1563722
56,409,2020-09-10 10:30:00,61.29,61.34,60.44,60.475,684115
57,408,2020-09-10 11:00:00,60.5,60.65,60.03,60.05,566059
58,407,2020-09-10 11:30:00,60.06,60.59,59.98,60.52,570579
59,406,2020-09-10 12:00:00,60.55,60.55,60.16,60.18,427788
60,405,2020-09-10 12:30:00,60.18,60.27,59.93,60.0426,302720
61,404,2020-09-10 13:00:00,60.04,60.09,59.71,60.0,355352
62,403,2020-09-10 13:30:00,60.01,60.3,59.98,60.115,386148
63,402,2020-09-10 14:00:00,60.12,60.2393,59.875,59.9207,342027
64,401,2020-09-10 14:30:00,59.91,60.23,59.67,59.7,390385
65,400,2020-09-10 15:00:00,59.7,60.01,59.61,59.955,531970
66,399,2020-09-10 15:30:00,59.96,59.98,59.38,59.57,602252
67,398,2020-09-10 16:00:00,59.57,59.83,59.47,59.52,1119287
68,397,2020-09-10 16:30:00,59.52,59.52,59.52,59.52,178512
69,396,2020-09-10 19:00:00,59.6,59.6,59.6,59.6,100
70,395,2020-09-11 04:30:00,59.9,59.9,59.9,59.9,100
71,394,2020-09-11 07:00:00,60.08,60.08,60.08,60.08,100
72,393,2020-09-11 07:30:00,59.6,59.6,59.6,59.6,100
73,392,2020-09-11 08:00:00,59.92,59.92,59.92,59.92,100
74,391,2020-09-11 08:30:00,60.0998,60.0998,59.89,59.92,815
75,390,2020-09-11 09:00:00,59.92,59.92,59.92,59.92,1430
76,389,2020-09-11 09:30:00,59.92,59.92,59.3,59.35,4286
77,388,2020-09-11 10:00:00,59.5,60.15,59.4,59.73,530049
78,387,2020-09-11 10:30:00,59.715,60.505,59.69,60.41,416568
79,386,2020-09-11 11:00:00,60.42,60.57,60.23,60.23,313691
80,385,2020-09-11 11:30:00,60.22,60.8311,60.1815,60.58,362306
81,384,2020-09-11 12:00:00,60.57,60.65,60.45,60.58,434503
82,383,2020-09-11 12:30:00,60.59,60.86,60.4691,60.66,262319
83,382,2020-09-11 13:00:00,60.64,60.67,60.34,60.37,342107
84,381,2020-09-11 13:30:00,60.38,60.4041,59.89,59.96,346257
85,380,2020-09-11 14:00:00,59.96,60.23,59.85,60.06,271069
86,379,2020-09-11 14:30:00,60.06,60.26,59.9091,60.17,278087
87,378,2020-09-11 15:00:00,60.17,60.54,60.152,60.44,461450
88,377,2020-09-11 15:30:00,60.45,60.657,60.25,60.64,649252
89,376,2020-09-11 16:00:00,60.64,60.9,60.54,60.64,1538687
90,375,2020-09-11 16:30:00,60.65,60.65,60.65,60.65,1445673
91,374,2020-09-11 17:00:00,60.5,60.51,60.5,60.51,485
92,373,2020-09-11 18:00:00,60.54,60.54,60.41,60.41,500
93,372,2020-09-11 18:30:00,60.5,60.58,60.5,60.54,1023
94,371,2020-09-11 19:00:00,60.57,60.57,60.55,60.55,500
95,370,2020-09-11 20:00:00,60.57,60.57,60.57,60.57,100
96,369,2020-09-14 04:30:00,61.08,61.08,61.08,61.08,278
97,368,2020-09-14 07:30:00,61.0,61.22,61.0,61.0,1214
98,367,2020-09-14 08:30:00,61.0,61.01,61.0,61.01,1133
99,366,2020-09-14 09:00:00,61.05,61.07,60.88,60.88,2243
100,365,2020-09-14 09:30:00,61.07,61.25,60.89,61.25,2534
101,364,2020-09-14 10:00:00,61.28,61.74,61.08,61.64,713837
102,363,2020-09-14 10:30:00,61.65,61.78,61.435,61.6214,412755
103,362,2020-09-14 11:00:00,61.635,61.74,61.22,61.58,426886
104,361,2020-09-14 11:30:00,61.58,61.84,61.51,61.79,334027
105,360,2020-09-14 12:00:00,61.8,62.05,61.7848,61.9,384156
106,359,2020-09-14 12:30:00,61.92,62.1772,61.901,62.14,463257
107,358,2020-09-14 13:00:00,62.14,62.19,61.87,62.11,399268
108,357,2020-09-14 13:30:00,62.12,62.23,61.99,62.08,328830
109,356,2020-09-14 14:00:00,62.09,62.15,61.79,61.8876,282822
110,355,2020-09-14 14:30:00,61.89,61.97,61.84,61.87,315933
111,354,2020-09-14 15:00:00,61.885,61.91,61.64,61.8192,579695
112,353,2020-09-14 15:30:00,61.83,61.87,61.57,61.78,308931
113,352,2020-09-14 16:00:00,61.79,62.13,61.65,61.96,787224
114,351,2020-09-14 16:30:00,61.97,61.97,61.97,61.97,141732
115,350,2020-09-14 17:00:00,61.97,61.97,61.97,61.97,14291
116,349,2020-09-14 18:00:00,61.9699,61.9699,61.9699,61.9699,152
117,348,2020-09-14 18:30:00,62.05,62.05,62.05,62.05,100
118,347,2020-09-14 19:00:00,62.05,62.05,62.05,62.05,100
119,346,2020-09-14 20:00:00,62.05,62.05,62.05,62.05,477
120,345,2020-09-15 08:30:00,61.98,62.25,61.98,62.1,1587
121,344,2020-09-15 09:00:00,62.1002,62.3,62.1002,62.3,2033
122,343,2020-09-15 09:30:00,62.3,62.4,61.79,61.79,7131
123,342,2020-09-15 10:00:00,61.74,62.44,61.33,61.43,656105
124,341,2020-09-15 10:30:00,61.43,61.7,61.28,61.57899999999999,257461
125,340,2020-09-15 11:00:00,61.6,61.8,61.48,61.73,230893
126,339,2020-09-15 11:30:00,61.74,61.97,61.62,61.625,218777
127,338,2020-09-15 12:00:00,61.61,61.6844,61.34,61.36,262454
128,337,2020-09-15 12:30:00,61.3694,61.48,61.24,61.43,303278
129,336,2020-09-15 13:00:00,61.43,61.55,61.245,61.305,220267
130,335,2020-09-15 13:30:00,61.315,61.5,61.29,61.38,262656
131,334,2020-09-15 14:00:00,61.37,61.38,61.07,61.16,237298
132,333,2020-09-15 14:30:00,61.17,61.21,60.955,61.2018,376892
133,332,2020-09-15 15:00:00,61.2,61.35,61.175,61.31,265423
134,331,2020-09-15 15:30:00,61.31,61.36,61.05,61.113,324552
135,330,2020-09-15 16:00:00,61.13,61.56,60.98,61.44,1385754
136,329,2020-09-15 16:30:00,61.44,61.44,61.35,61.4,892034
137,328,2020-09-15 17:00:00,61.44,61.48,61.18,61.18,5945
138,327,2020-09-15 18:00:00,61.39,61.39,61.39,61.39,500
139,326,2020-09-15 18:30:00,61.39,61.39,61.39,61.39,530
140,325,2020-09-15 19:00:00,61.38,61.38,61.38,61.38,518
141,324,2020-09-16 04:30:00,61.08,61.08,61.08,61.08,126
142,323,2020-09-16 07:30:00,61.51,61.51,61.51,61.51,150
143,322,2020-09-16 08:00:00,61.59,61.6,61.59,61.6,300
144,321,2020-09-16 08:30:00,61.44,61.4401,61.35,61.35,465
145,320,2020-09-16 09:30:00,61.26,61.26,61.25,61.25,793
146,319,2020-09-16 10:00:00,61.24,61.49,60.91,61.48,756283
147,318,2020-09-16 10:30:00,61.48,62.33,61.45,62.13,651322
148,317,2020-09-16 11:00:00,62.13,62.6,62.09,62.5842,665959
149,316,2020-09-16 11:30:00,62.575,63.26,62.575,63.135,523718
150,315,2020-09-16 12:00:00,63.14,63.36,63.03,63.33,488880
151,314,2020-09-16 12:30:00,63.3218,63.36,63.05,63.05,408589
152,313,2020-09-16 13:00:00,63.05,63.117,62.82,62.915,311087
153,312,2020-09-16 13:30:00,62.91,63.065,62.78,62.98,278529
154,311,2020-09-16 14:00:00,62.985,63.1608,62.85,63.095,341777
155,310,2020-09-16 14:30:00,63.07,63.42,62.91,63.3722,345479
156,309,2020-09-16 15:00:00,63.39,63.73,63.33,63.4116,457795
157,308,2020-09-16 15:30:00,63.41,63.5,62.76,62.96,487000
158,307,2020-09-16 16:00:00,62.95,63.22,62.78,62.94,1088774
159,306,2020-09-16 16:30:00,62.92,62.93,61.0023,62.93,174976
160,305,2020-09-16 18:00:00,62.96,63.1,62.96,63.1,650
161,304,2020-09-16 18:30:00,63.11,63.78,63.11,63.42,15285
162,303,2020-09-16 19:00:00,63.5,63.55,63.42,63.55,4665
163,302,2020-09-16 19:30:00,63.59,63.61,63.5,63.5,800
164,301,2020-09-16 20:00:00,63.42,63.42,63.41,63.41,754
165,300,2020-09-17 05:30:00,61.93,61.93,61.93,61.93,212
166,299,2020-09-17 06:00:00,61.67,61.67,61.67,61.67,100
167,298,2020-09-17 07:00:00,61.84,61.84,61.84,61.84,400
168,297,2020-09-17 07:30:00,61.86,62.59,61.84,62.5,2484
169,296,2020-09-17 08:30:00,62.11,62.5,62.11,62.11,4143
170,295,2020-09-17 09:00:00,62.111999999999995,62.15,62.11,62.13,2904
171,294,2020-09-17 09:30:00,62.1,62.2,61.9,62.2,9801
172,293,2020-09-17 10:00:00,62.23,62.66,61.56,62.62,792472
173,292,2020-09-17 10:30:00,62.64,63.276,62.51,63.2014,356102
174,291,2020-09-17 11:00:00,63.2,63.57,62.96,63.5,411802
175,290,2020-09-17 11:30:00,63.5,64.01,63.47,63.69,518741
176,289,2020-09-17 12:00:00,63.675,63.7701,63.2444,63.357,285516
177,288,2020-09-17 12:30:00,63.35,63.35,62.68,62.88,269369
178,287,2020-09-17 13:00:00,62.87,62.94,62.71,62.89,303742
179,286,2020-09-17 13:30:00,62.9,62.905,62.63,62.72,236870
180,285,2020-09-17 14:00:00,62.71,62.86,62.59,62.83,210251
181,284,2020-09-17 14:30:00,62.84,63.06,62.69,62.69,319635
182,283,2020-09-17 15:00:00,62.68,62.79,62.59,62.63,244257
183,282,2020-09-17 15:30:00,62.64,62.73,62.39,62.52,445560
184,281,2020-09-17 16:00:00,62.51,62.93,62.505,62.84,880639
185,280,2020-09-17 16:30:00,62.81,62.92,62.81,62.92,183126
186,279,2020-09-17 17:00:00,62.81,62.81,62.81,62.81,549
187,278,2020-09-17 18:00:00,62.75,62.75,62.75,62.75,210
188,277,2020-09-18 09:30:00,63.25,63.25,63.25,63.25,112
189,276,2020-09-18 10:00:00,62.57,63.18,62.41,62.62,2390911
190,275,2020-09-18 10:30:00,62.64,63.31,62.43,63.24,372216
191,274,2020-09-18 11:00:00,63.22,63.33,63.04,63.158,330222
192,273,2020-09-18 11:30:00,63.1475,63.25,62.83,62.96,293749
193,272,2020-09-18 12:00:00,62.96,63.05,62.68,62.72,358994
194,271,2020-09-18 12:30:00,62.73,62.82,62.53,62.6647,226569
195,270,2020-09-18 13:00:00,62.67,62.67,62.49,62.58,344163
196,269,2020-09-18 13:30:00,62.58,62.74,62.39,62.39,346482
197,268,2020-09-18 14:00:00,62.39,62.55,62.1,62.535,543041
198,267,2020-09-18 14:30:00,62.5308,62.665,62.38,62.555,405183
199,266,2020-09-18 15:00:00,62.55,62.575,62.42,62.53,279528
200,265,2020-09-18 15:30:00,62.55,62.67,62.43,62.67,296685
201,264,2020-09-18 16:00:00,62.665,62.76,62.24,62.34,1137582
202,263,2020-09-18 16:30:00,62.35,62.35,61.6,62.3483,1875184
203,262,2020-09-18 17:00:00,62.35,62.35,62.35,62.35,8619
204,261,2020-09-18 17:30:00,62.45,62.45,62.45,62.45,300
205,260,2020-09-18 18:00:00,62.41,62.41,62.4,62.4,435
206,259,2020-09-18 19:00:00,62.35,62.35,62.35,62.35,989
207,258,2020-09-18 20:00:00,62.28,62.28,62.28,62.28,300
208,257,2020-09-21 04:30:00,62.32,62.32,62.0,62.0,689
209,256,2020-09-21 05:00:00,61.5,61.5,61.5,61.5,198
210,255,2020-09-21 05:30:00,61.7,61.7,61.7,61.7,491
211,254,2020-09-21 06:30:00,61.7,61.7,61.7,61.7,500
212,253,2020-09-21 07:30:00,61.25,61.25,60.66,60.66,922
213,252,2020-09-21 08:00:00,60.6,60.7,60.51,60.7,800
214,251,2020-09-21 08:30:00,61.3,61.5,60.75,60.9,2695
215,250,2020-09-21 09:00:00,60.88,61.0,60.85,61.0,5841
216,249,2020-09-21 09:30:00,61.2,61.81,61.0,61.58,6483
217,248,2020-09-21 10:00:00,61.58,62.5688,60.92,61.025,1498213
218,247,2020-09-21 10:30:00,61.02,61.06,60.1341,60.27,887269
219,246,2020-09-21 11:00:00,60.26,60.3795,59.9,60.12,575429
220,245,2020-09-21 11:30:00,60.11,60.3,59.7445,59.8386,373791
221,244,2020-09-21 12:00:00,59.85,60.13,59.63,59.9699,374751
222,243,2020-09-21 12:30:00,59.95,60.19,59.91,60.12,250935
223,242,2020-09-21 13:00:00,60.1299,60.2902,59.89,59.977,557614
224,241,2020-09-21 13:30:00,59.97,60.2651,59.88,60.2,306829
225,240,2020-09-21 14:00:00,60.19,60.24,60.0446,60.185,393716
226,239,2020-09-21 14:30:00,60.17,60.17,59.9,60.0,438125
227,238,2020-09-21 15:00:00,59.99,60.0104,59.86,59.91,396666
228,237,2020-09-21 15:30:00,59.9,60.3,59.88,60.16,432460
229,236,2020-09-21 16:00:00,60.155,60.23,59.91,60.02,995621
230,235,2020-09-21 16:30:00,60.02,60.2,60.02,60.2,329762
231,234,2020-09-21 17:00:00,60.02,60.2,60.02,60.2,4882
232,233,2020-09-21 17:30:00,60.15,60.15,60.15,60.15,509
233,232,2020-09-21 18:00:00,60.15,60.15,60.03,60.03,386
234,231,2020-09-21 18:30:00,60.04,60.04,60.04,60.04,100
235,230,2020-09-21 19:00:00,60.19,60.19,60.19,60.19,221
236,229,2020-09-21 19:30:00,60.12,60.12,60.12,60.12,250
237,228,2020-09-21 20:00:00,60.12,60.2,60.12,60.2,1943
238,227,2020-09-22 04:30:00,60.27,60.27,60.27,60.27,200
239,226,2020-09-22 06:30:00,60.05,60.05,60.05,60.05,100
240,225,2020-09-22 08:30:00,60.3,60.68,60.16,60.1999,4792
241,224,2020-09-22 09:00:00,60.18,60.18,60.18,60.18,100
242,223,2020-09-22 09:30:00,60.3,60.34,59.82,59.82,7105
243,222,2020-09-22 10:00:00,59.94,60.78,59.76,60.018,635587
244,221,2020-09-22 10:30:00,60.015,60.33,59.81,60.33,281460
245,220,2020-09-22 11:00:00,60.34,60.34,59.53,59.55,276973
246,219,2020-09-22 11:30:00,59.55,59.7,59.48,59.535,332438
247,218,2020-09-22 12:00:00,59.54,59.56,59.28,59.4,311616
248,217,2020-09-22 12:30:00,59.3862,59.513999999999996,59.255,59.26,337059
249,216,2020-09-22 13:00:00,59.26,59.295,58.9656,59.02,399341
250,215,2020-09-22 13:30:00,59.03,59.35,58.9301,59.295,344819
251,214,2020-09-22 14:00:00,59.29,59.70399999999999,59.27,59.63,459105
252,213,2020-09-22 14:30:00,59.64,59.72,59.48,59.66,344772
253,212,2020-09-22 15:00:00,59.66,59.81,59.6401,59.73,389165
254,211,2020-09-22 15:30:00,59.72,59.95,59.57,59.905,376231
255,210,2020-09-22 16:00:00,59.9,60.03,59.75,59.79,858074
256,209,2020-09-22 16:30:00,59.79,59.79,59.64,59.64,105736
257,208,2020-09-22 17:00:00,59.55,59.55,59.55,59.55,1937
258,207,2020-09-22 18:00:00,59.79,59.79,59.71,59.7899,4811
259,206,2020-09-22 18:30:00,59.79,59.79,59.65,59.65,1200
260,205,2020-09-22 19:30:00,59.99,59.99,59.99,59.99,145
261,204,2020-09-22 20:00:00,59.9899,59.9899,59.9899,59.9899,200
262,203,2020-09-23 07:30:00,60.2,60.2,60.2,60.2,110
263,202,2020-09-23 08:00:00,60.25,60.25,60.25,60.25,100
264,201,2020-09-23 08:30:00,60.35,60.4,60.05,60.1,21503
265,200,2020-09-23 09:00:00,60.1,60.1,60.05,60.05,3821
266,199,2020-09-23 09:30:00,60.0,60.24,59.7749,59.78,9675
267,198,2020-09-23 10:00:00,59.82,60.88,59.77,60.51,817222
268,197,2020-09-23 10:30:00,60.505,60.71,60.41,60.46,478556
269,196,2020-09-23 11:00:00,60.44,60.55,59.975,60.04,350446
270,195,2020-09-23 11:30:00,60.0301,60.16,59.77,59.85,337036
271,194,2020-09-23 12:00:00,59.85,60.045,59.51,59.6,421193
272,193,2020-09-23 12:30:00,59.58,59.77,59.54,59.6605,211246
273,192,2020-09-23 13:00:00,59.67,59.78,59.5687,59.73,169512
274,191,2020-09-23 13:30:00,59.72,59.89,59.5936,59.7778,279853
275,190,2020-09-23 14:00:00,59.76,59.77,59.34,59.466,256857
276,189,2020-09-23 14:30:00,59.46,59.56,58.98,59.01,433813
277,188,2020-09-23 15:00:00,59.0,59.17,58.7,58.7247,618747
278,187,2020-09-23 15:30:00,58.74,58.81,58.425,58.6,712911
279,186,2020-09-23 16:00:00,58.59,58.65,58.3,58.33,1272195
280,185,2020-09-23 16:30:00,58.33,58.3558,58.28,58.35,203823
281,184,2020-09-23 17:00:00,58.27,58.4998,58.25,58.4998,4621
282,183,2020-09-23 17:30:00,58.4,58.5,58.28,58.28,1626
283,182,2020-09-23 18:30:00,58.4,58.4,58.22,58.33,650
284,181,2020-09-23 19:00:00,58.4,58.4,58.25,58.25,1267
285,180,2020-09-23 19:30:00,58.25,58.25,58.2,58.2,3956
286,179,2020-09-23 20:00:00,58.1,58.1,58.0,58.1,4771
287,178,2020-09-24 06:30:00,58.12,58.69,58.12,58.46,503
288,177,2020-09-24 07:30:00,58.58,58.58,58.58,58.58,200
289,176,2020-09-24 08:00:00,58.36,58.36,58.34,58.34,800
290,175,2020-09-24 08:30:00,58.03,58.33,58.0,58.01,4711
291,174,2020-09-24 09:00:00,58.15,58.2,57.92,58.04,3946
292,173,2020-09-24 09:30:00,58.0,58.1,58.0,58.1,2715
293,172,2020-09-24 10:00:00,58.05,58.1,56.843999999999994,57.2441,984213
294,171,2020-09-24 10:30:00,57.235,57.72,57.2,57.3,530675
295,170,2020-09-24 11:00:00,57.29,57.32,56.84,56.91,476217
296,169,2020-09-24 11:30:00,56.9234,57.03,56.62,56.81,418124
297,168,2020-09-24 12:00:00,56.81,57.5,56.77,57.44,389706
298,167,2020-09-24 12:30:00,57.46,57.85,57.42,57.7,335765
299,166,2020-09-24 13:00:00,57.695,57.8365,57.3681,57.78,208199
300,165,2020-09-24 13:30:00,57.77,58.24,57.77,58.145,343271
301,164,2020-09-24 14:00:00,58.15,58.32,57.988,58.0902,679940
302,163,2020-09-24 14:30:00,58.12,58.16,57.68,57.71,286900
303,162,2020-09-24 15:00:00,57.7,57.83,57.26,57.26,310224
304,161,2020-09-24 15:30:00,57.26,57.57,57.11,57.2098,383811
305,160,2020-09-24 16:00:00,57.2,57.51,57.12,57.37,979503
306,159,2020-09-24 16:30:00,57.38,57.7,57.38,57.7,495131
307,158,2020-09-24 17:00:00,57.38,57.38,57.38,57.38,7706
308,157,2020-09-24 18:30:00,57.7,57.7,57.7,57.7,100
309,156,2020-09-24 19:30:00,57.7,57.86,57.7,57.86,1268
310,155,2020-09-24 20:00:00,57.98,57.98,57.98,57.98,478
311,154,2020-09-25 07:30:00,57.2,57.2,57.2,57.2,169
312,153,2020-09-25 08:00:00,57.21,57.21,57.21,57.21,120
313,152,2020-09-25 08:30:00,57.27,57.5713,57.0,57.5713,3891
314,151,2020-09-25 09:00:00,57.32,57.5,57.32,57.5,1382
315,150,2020-09-25 09:30:00,57.3,57.3,56.87,56.87,6779
316,149,2020-09-25 10:00:00,56.87,57.6,56.63,56.8474,935492
317,148,2020-09-25 10:30:00,56.845,57.11,56.34,56.795,554382
318,147,2020-09-25 11:00:00,56.81,56.89,56.565,56.785,486202
319,146,2020-09-25 11:30:00,56.79,56.845,56.5,56.66,428320
320,145,2020-09-25 12:00:00,56.67,56.79,56.61,56.71,921332
321,144,2020-09-25 12:30:00,56.72,57.188,56.69,57.03,738273
322,143,2020-09-25 13:00:00,57.06,57.36,57.01,57.3189,298403
323,142,2020-09-25 13:30:00,57.32,57.46,57.22,57.41,430444
324,141,2020-09-25 14:00:00,57.41,57.45,57.25,57.39,276399
325,140,2020-09-25 14:30:00,57.39,57.5001,57.3215,57.49,429036
326,139,2020-09-25 15:00:00,57.485,57.51,57.3301,57.435,537141
327,138,2020-09-25 15:30:00,57.44,57.74,57.43,57.71,1113344
328,137,2020-09-25 16:00:00,57.7,57.71,57.385,57.49,1562716
329,136,2020-09-25 16:30:00,57.49,57.6,57.25,57.6,361531
330,135,2020-09-25 17:00:00,57.6,57.65,56.8,57.44,2282437
331,134,2020-09-25 17:30:00,57.5,57.5,57.5,57.5,202
332,133,2020-09-25 18:00:00,57.75,57.75,57.55,57.75,2612
333,132,2020-09-25 18:30:00,57.56,57.56,57.56,57.56,300
334,131,2020-09-25 19:00:00,57.56,57.75,57.56,57.75,500
335,130,2020-09-25 19:30:00,57.6,57.6,57.58,57.58,302
336,129,2020-09-25 20:00:00,57.7499,57.75,57.59,57.59,1356
337,128,2020-09-28 07:00:00,58.33,58.33,58.33,58.33,500
338,127,2020-09-28 07:30:00,58.32,58.36,58.29,58.29,2326
339,126,2020-09-28 08:00:00,58.35,58.35,58.3,58.3,461
340,125,2020-09-28 08:30:00,58.486999999999995,58.5,58.25,58.48,6714
341,124,2020-09-28 09:00:00,58.41,58.5,58.41,58.5,3916
342,123,2020-09-28 09:30:00,58.5,58.5,58.1,58.1,3279
343,122,2020-09-28 10:00:00,58.09,58.78,58.09,58.72,752912
344,121,2020-09-28 10:30:00,58.73,59.2701,58.68,59.11,447887
345,120,2020-09-28 11:00:00,59.1,59.42,59.09,59.25,342266
346,119,2020-09-28 11:30:00,59.26,59.3053,58.92,59.18,262937
347,118,2020-09-28 12:00:00,59.16,59.33,59.13,59.2309,255163
348,117,2020-09-28 12:30:00,59.22,59.45,59.1686,59.38,219357
349,116,2020-09-28 13:00:00,59.37,59.55,59.265,59.47,368239
350,115,2020-09-28 13:30:00,59.46,59.57,59.2723,59.29,230677
351,114,2020-09-28 14:00:00,59.29,59.43,59.18,59.18,345271
352,113,2020-09-28 14:30:00,59.19,59.315,59.13,59.17,276772
353,112,2020-09-28 15:00:00,59.17,59.35,59.13,59.265,274181
354,111,2020-09-28 15:30:00,59.265,59.3,59.045,59.23,284920
355,110,2020-09-28 16:00:00,59.225,59.225,58.76,58.9,682334
356,109,2020-09-28 16:30:00,58.89,59.0,58.89,59.0,107566
357,108,2020-09-28 17:00:00,58.89,58.9999,58.89,58.99,19981
358,107,2020-09-28 18:00:00,59.0,59.0,59.0,59.0,435
359,106,2020-09-28 18:30:00,59.0,59.0,58.92,58.92,210
360,105,2020-09-28 19:00:00,59.0,59.0,59.0,59.0,106
361,104,2020-09-28 20:00:00,59.43,59.43,59.43,59.43,1000
362,103,2020-09-29 04:30:00,58.56,58.56,58.56,58.56,101
363,102,2020-09-29 05:30:00,58.55,58.55,58.55,58.55,190
364,101,2020-09-29 08:30:00,58.5608,58.6,58.56,58.6,1405
365,100,2020-09-29 09:30:00,58.9652,58.9652,58.65,58.65,451
366,99,2020-09-29 10:00:00,58.68,58.68,58.12,58.35,482138
367,98,2020-09-29 10:30:00,58.37,58.79,58.31,58.7,318816
368,97,2020-09-29 11:00:00,58.69,58.77,58.22,58.23,319311
369,96,2020-09-29 11:30:00,58.24,58.35,58.0,58.12,307328
370,95,2020-09-29 12:00:00,58.1,58.19,57.7,57.8,254812
371,94,2020-09-29 12:30:00,57.81,57.87,57.69,57.795,287223
372,93,2020-09-29 13:00:00,57.799,57.825,57.63,57.698,562675
373,92,2020-09-29 13:30:00,57.684,57.75,57.4889,57.67,843615
374,91,2020-09-29 14:00:00,57.66,57.76,57.575,57.675,370557
375,90,2020-09-29 14:30:00,57.68,57.92,57.645,57.83,412717
376,89,2020-09-29 15:00:00,57.83,57.91,57.72,57.73,410689
377,88,2020-09-29 15:30:00,57.73,57.82,57.6733,57.725,409655
378,87,2020-09-29 16:00:00,57.72,57.8,57.57,57.6,910451
379,86,2020-09-29 16:30:00,57.6,57.78,57.6,57.61,31017
380,85,2020-09-29 17:00:00,57.78,57.78,57.78,57.78,429
381,84,2020-09-29 18:00:00,57.77,57.78,57.68,57.78,1749
382,83,2020-09-29 18:30:00,57.63,57.8,57.63,57.8,355
383,82,2020-09-29 19:00:00,57.8,57.8,57.8,57.8,950
384,81,2020-09-29 19:30:00,57.8,57.8,57.6,57.6,51008
385,80,2020-09-29 20:00:00,57.88,57.88,57.88,57.88,145
386,79,2020-09-30 07:00:00,57.39,57.5,57.39,57.5,904
387,78,2020-09-30 08:00:00,57.55,57.55,57.42,57.42,519
388,77,2020-09-30 08:30:00,57.7999,57.8,57.6,57.7,4436
389,76,2020-09-30 09:00:00,57.6,57.7,57.5,57.7,6163
390,75,2020-09-30 09:30:00,57.6999,57.89,57.52,57.65,7545
391,74,2020-09-30 10:00:00,57.61,58.21,57.56,58.02,757666
392,73,2020-09-30 10:30:00,58.005,58.49,57.95,58.25,368899
393,72,2020-09-30 11:00:00,58.27,58.59,58.22,58.26,345112
394,71,2020-09-30 11:30:00,58.27,58.2899,57.96,58.0,349262
395,70,2020-09-30 12:00:00,58.0,58.05,57.64,57.7,455210
396,69,2020-09-30 12:30:00,57.7,58.2,57.7,58.16,534202
397,68,2020-09-30 13:00:00,58.17,58.59,58.1,58.57,349028
398,67,2020-09-30 13:30:00,58.58,58.605,58.37,58.42,239632
399,66,2020-09-30 14:00:00,58.4189,58.52,58.225,58.35,340125
400,65,2020-09-30 14:30:00,58.351000000000006,58.5375,57.81,57.88,437517
401,64,2020-09-30 15:00:00,57.87,57.9,57.41,57.85,415392
402,63,2020-09-30 15:30:00,57.82,57.92,57.1,57.45,563504
403,62,2020-09-30 16:00:00,57.46,57.75,57.31,57.5235,1121833
404,61,2020-09-30 16:30:00,57.54,57.54,57.15,57.4998,207975
405,60,2020-09-30 17:00:00,57.54,57.54,57.38,57.4,2615
406,59,2020-09-30 17:30:00,57.4,57.6,57.4,57.6,1101
407,58,2020-09-30 18:00:00,57.6,57.6,57.5,57.5,509
408,57,2020-09-30 18:30:00,57.5,57.5,57.5,57.5,1000
409,56,2020-09-30 19:00:00,57.72,57.72,57.72,57.72,100
410,55,2020-09-30 19:30:00,57.75,57.76,57.69,57.76,3122
411,54,2020-09-30 20:00:00,57.75,57.79,57.7,57.79,1651
412,53,2020-10-01 07:00:00,57.8,57.8,57.8,57.8,100
413,52,2020-10-01 07:30:00,58.2,58.2,57.85,57.85,315
414,51,2020-10-01 08:00:00,58.07,58.08,58.07,58.08,539
415,50,2020-10-01 08:30:00,58.1947,58.25,57.81,57.81,8946
416,49,2020-10-01 09:00:00,58.231,58.231,58.0,58.0,1714
417,48,2020-10-01 09:30:00,58.0,58.0,57.65,57.7,5422
418,47,2020-10-01 10:00:00,57.82,58.45,57.45,57.78,802641
419,46,2020-10-01 10:30:00,57.74,57.89,57.47,57.79,495197
420,45,2020-10-01 11:00:00,57.78,58.1,57.68,57.93,263807
421,44,2020-10-01 11:30:00,57.95,58.12,57.79,58.04,292931
422,43,2020-10-01 12:00:00,58.06,58.09,57.77,57.93,237212
423,42,2020-10-01 12:30:00,57.93,58.02,57.745,58.01,361824
424,41,2020-10-01 13:00:00,58.0178,58.085,57.85,57.87,207103
425,40,2020-10-01 13:30:00,57.88,57.89,57.48,57.48,305650
426,39,2020-10-01 14:00:00,57.49,57.54,57.28,57.33,457226
427,38,2020-10-01 14:30:00,57.34,57.535,57.09,57.53,486681
428,37,2020-10-01 15:00:00,57.53,57.58,57.42,57.441,365751
429,36,2020-10-01 15:30:00,57.44,57.5699,57.1661,57.2,484497
430,35,2020-10-01 16:00:00,57.2,57.48,57.18,57.44,1074854
431,34,2020-10-01 16:30:00,57.46,57.5,57.46,57.46,104615
432,33,2020-10-01 17:00:00,57.48,57.48,57.46,57.46,6060
433,32,2020-10-01 17:30:00,57.49,57.49,57.49,57.49,100
434,31,2020-10-01 18:00:00,57.45,57.5,57.45,57.5,2598
435,30,2020-10-01 18:30:00,57.45,57.45,57.45,57.45,1681
436,29,2020-10-01 19:30:00,57.54,57.54,57.54,57.54,200
437,28,2020-10-01 20:00:00,57.46,57.46,57.4599,57.46,978
438,27,2020-10-02 04:30:00,56.77,56.77,56.77,56.77,337
439,26,2020-10-02 06:00:00,56.3,56.3,56.3,56.3,400
440,25,2020-10-02 06:30:00,56.5,56.5,56.5,56.5,200
441,24,2020-10-02 07:30:00,56.76,56.76,56.32,56.32,6108
442,23,2020-10-02 08:00:00,56.35,56.35,56.28,56.28,1929
443,22,2020-10-02 08:30:00,56.3701,56.7,56.26,56.4,16914
444,21,2020-10-02 09:00:00,56.43,56.69,56.3,56.39,6677
445,20,2020-10-02 09:30:00,56.39,57.0,56.27,56.86,28241
446,19,2020-10-02 10:00:00,56.52,57.39,56.51,57.19,888541
447,18,2020-10-02 10:30:00,57.225,57.55,57.105,57.42,277441
448,17,2020-10-02 11:00:00,57.3943,57.45,57.15,57.315,368176
449,16,2020-10-02 11:30:00,57.33,58.055,57.22,57.99,446646
450,15,2020-10-02 12:00:00,57.99,58.108000000000004,57.64,57.67,434205
451,14,2020-10-02 12:30:00,57.65,58.9,57.64,58.845,561925
452,13,2020-10-02 13:00:00,58.84,59.04,58.72,59.02,388576
453,12,2020-10-02 13:30:00,59.04,59.2,58.8,58.8,320388
454,11,2020-10-02 14:00:00,58.82,58.835,58.29,58.48,292566
455,10,2020-10-02 14:30:00,58.495,58.9,58.4707,58.725,431381
456,9,2020-10-02 15:00:00,58.74,58.985,58.7101,58.82,358773
457,8,2020-10-02 15:30:00,58.82,59.0,58.66,58.98,903646
458,7,2020-10-02 16:00:00,58.99,59.38,58.96,59.34,2099298
459,6,2020-10-02 16:30:00,59.34,59.43,59.25,59.4,43006
460,5,2020-10-02 17:00:00,59.1,59.4799,59.1,59.4799,848
461,4,2020-10-02 17:30:00,59.1,59.1,59.1,59.1,1084
462,3,2020-10-02 18:00:00,59.0,59.0,59.0,59.0,424
463,2,2020-10-02 18:30:00,58.61,58.61,58.61,58.61,205
464,1,2020-10-02 19:30:00,58.61,58.61,58.61,58.61,505
465,0,2020-10-02 20:00:00,59.0,59.01,59.0,59.01,874
