,index,time,open,high,low,close,volume
0,329,2020-09-08 04:30:00,7.10039692702,7.10039692702,7.10039692702,7.10039692702,157
1,328,2020-09-08 10:00:00,7.012010243280001,7.0709346990999995,6.98254801536,7.04147247119,225430
2,327,2020-09-08 10:30:00,7.04147247119,7.085665813060001,6.98254801536,7.07584507042,118152
3,326,2020-09-08 11:00:00,7.0709346990999995,7.12003841229,7.0709346990999995,7.10039692702,83568
4,325,2020-09-08 11:30:00,7.088906658130001,7.13967989757,7.080755441739999,7.10039692702,111997
5,324,2020-09-08 12:00:00,7.10039692702,7.10039692702,7.06111395647,7.095486555700001,68782
6,323,2020-09-08 12:30:00,7.095486555700001,7.178962868119999,7.095486555700001,7.1740524968,108883
7,322,2020-09-08 13:00:00,7.16914212548,7.22806658131,7.12985915493,7.20037208707,111617
8,321,2020-09-08 13:30:00,7.1986043533899995,7.257528809219999,7.188783610760001,7.257528809219999,66170
9,320,2020-09-08 14:00:00,7.257528809219999,7.29681177977,7.22806658131,7.24279769526,107226
10,319,2020-09-08 14:30:00,7.2477080665799996,7.257528809219999,7.1740524968,7.183873239439999,77744
11,318,2020-09-08 15:00:00,7.178962868119999,7.178962868119999,7.090576184380001,7.12003841229,67002
12,317,2020-09-08 15:30:00,7.12003841229,7.12985915493,7.080755441739999,7.12985915493,84434
13,316,2020-09-08 16:00:00,7.12985915493,7.13967989757,7.0709346990999995,7.080755441739999,238852
14,315,2020-09-08 16:30:00,7.080755441739999,7.080755441739999,7.080755441739999,7.080755441739999,3402
15,314,2020-09-08 17:00:00,7.03165172855,7.03165172855,7.02183098592,7.02183098592,1000
16,313,2020-09-08 18:00:00,7.03165172855,7.03165172855,7.03165172855,7.03165172855,200
17,312,2020-09-08 19:00:00,6.87451984635,6.87451984635,6.854878361080001,6.854878361080001,1131
18,311,2020-09-09 07:00:00,7.02183098592,7.02183098592,7.02183098592,7.02183098592,100
19,310,2020-09-09 08:30:00,6.97282548015,6.97282548015,6.97282548015,6.97282548015,251
20,309,2020-09-09 09:30:00,7.159321382839999,7.16914212548,7.159321382839999,7.16914212548,300
21,308,2020-09-09 10:00:00,7.12003841229,7.159321382839999,7.04147247119,7.159321382839999,120189
22,307,2020-09-09 10:30:00,7.16914212548,7.178962868119999,7.0709346990999995,7.080657234310001,71876
23,306,2020-09-09 11:00:00,7.0709346990999995,7.13967989757,7.06111395647,7.13967989757,69722
24,305,2020-09-09 11:30:00,7.13967989757,7.20842509603,7.13967989757,7.203514724710001,63109
25,304,2020-09-09 12:00:00,7.1986043533899995,7.31645326504,7.188783610760001,7.29681177977,185962
26,303,2020-09-09 12:30:00,7.30172215109,7.355736235599999,7.29681177977,7.31645326504,162786
27,302,2020-09-09 13:00:00,7.32136363636,7.35082586428,7.22806658131,7.282080665810001,189306
28,301,2020-09-09 13:30:00,7.286991037130001,7.29681177977,7.2380837388,7.262439180539999,54346
29,300,2020-09-09 14:00:00,7.267349551860001,7.30663252241,7.267349551860001,7.29190140845,35301
30,299,2020-09-09 14:30:00,7.29190140845,7.31154289373,7.2771702944899985,7.29681177977,37603
31,298,2020-09-09 15:00:00,7.30172215109,7.31645326504,7.257528809219999,7.29671357234,67587
32,297,2020-09-09 15:30:00,7.29681177977,7.30663252241,7.257528809219999,7.272259923180001,81913
33,296,2020-09-09 16:00:00,7.267349551860001,7.29190140845,7.21824583867,7.21824583867,333014
34,295,2020-09-09 16:30:00,7.21824583867,7.21824583867,7.21824583867,7.21824583867,16869
35,294,2020-09-09 17:00:00,7.21824583867,7.21824583867,7.21824583867,7.21824583867,439
36,293,2020-09-09 17:30:00,7.2183440460899995,7.2183440460899995,7.2183440460899995,7.2183440460899995,709
37,292,2020-09-10 08:30:00,7.12003841229,7.12003841229,7.12003841229,7.12003841229,100
38,291,2020-09-10 09:00:00,7.21824583867,7.21824583867,7.21824583867,7.21824583867,125
39,290,2020-09-10 09:30:00,7.2477080665799996,7.2477080665799996,7.2477080665799996,7.2477080665799996,242
40,289,2020-09-10 10:00:00,7.21824583867,7.237887323939999,7.15441101152,7.16914212548,145663
41,288,2020-09-10 10:30:00,7.1740524968,7.2771702944899985,7.1740524968,7.208817925739999,91724
42,287,2020-09-10 11:00:00,7.20842509603,7.2233526248399995,7.149500640199999,7.149500640199999,61458
43,286,2020-09-10 11:30:00,7.149500640199999,7.20842509603,7.144590268889999,7.20842509603,62556
44,285,2020-09-10 12:00:00,7.1986043533899995,7.20842509603,7.159321382839999,7.1885871959,50626
45,284,2020-09-10 12:30:00,7.178962868119999,7.22806658131,7.178962868119999,7.22315620999,36519
46,283,2020-09-10 13:00:00,7.21824583867,7.2183440460899995,7.16914212548,7.16914212548,45930
47,282,2020-09-10 13:30:00,7.16914212548,7.178962868119999,7.1386978233,7.164329961589999,61938
48,281,2020-09-10 14:00:00,7.159321382839999,7.178962868119999,7.149500640199999,7.16914212548,22493
49,280,2020-09-10 14:30:00,7.159321382839999,7.183873239439999,7.13476952625,7.13476952625,46631
50,279,2020-09-10 15:00:00,7.13476952625,7.144590268889999,7.10196824584,7.120431242,38872
51,278,2020-09-10 15:30:00,7.12003841229,7.12985915493,7.080657234310001,7.090674391810001,51006
52,277,2020-09-10 16:00:00,7.090576184380001,7.13967989757,7.080755441739999,7.080755441739999,220361
53,276,2020-09-10 16:30:00,7.080755441739999,7.080755441739999,7.0709346990999995,7.0709346990999995,12888
54,275,2020-09-10 17:30:00,7.03165172855,7.0709346990999995,7.03165172855,7.0709346990999995,1500
55,274,2020-09-10 18:00:00,7.0709346990999995,7.0709346990999995,7.0709346990999995,7.0709346990999995,100
56,273,2020-09-11 08:00:00,7.0709346990999995,7.188783610760001,7.0709346990999995,7.188783610760001,4800
57,272,2020-09-11 09:30:00,7.188783610760001,7.188783610760001,7.188783610760001,7.188783610760001,200
58,271,2020-09-11 10:00:00,7.13967989757,7.149500640199999,7.012010243280001,7.02183098592,231161
59,270,2020-09-11 10:30:00,7.0233040973100005,7.05129321383,7.002189500639999,7.0121084507,75595
60,269,2020-09-11 11:00:00,7.02183098592,7.046382842510001,6.98264622279,7.02939295775,132442
61,268,2020-09-11 11:30:00,7.03165172855,7.04147247119,6.98254801536,6.98745838668,107761
62,267,2020-09-11 12:00:00,6.98254801536,6.992368758,6.96290653009,6.97272727273,97429
63,266,2020-09-11 12:30:00,6.97272727273,6.97763764405,6.95308578745,6.957996158769999,49434
64,265,2020-09-11 13:00:00,6.95308578745,6.96290653009,6.9138028169000005,6.92362355954,74061
65,264,2020-09-11 13:30:00,6.92362355954,6.92372176697,6.8941613316299994,6.9138028169000005,89031
66,263,2020-09-11 14:00:00,6.9138028169000005,6.9138028169000005,6.884340588989999,6.884340588989999,85648
67,262,2020-09-11 14:30:00,6.884340588989999,6.98254801536,6.884340588989999,6.96290653009,70134
68,261,2020-09-11 15:00:00,6.97272727273,7.012304865560001,6.97272727273,7.002189500639999,100174
69,260,2020-09-11 15:30:00,6.992368758,7.04147247119,6.96290653009,7.02183098592,116463
70,259,2020-09-11 16:00:00,7.02183098592,7.04147247119,6.983628297060001,7.002189500639999,226117
71,258,2020-09-11 16:30:00,7.002189500639999,7.002189500639999,7.002189500639999,7.002189500639999,6430
72,257,2020-09-11 17:00:00,7.002189500639999,7.002189500639999,7.002189500639999,7.002189500639999,150
73,256,2020-09-14 09:00:00,7.02183098592,7.02183098592,7.00827836108,7.00827836108,294
74,255,2020-09-14 09:30:00,7.03165172855,7.03165172855,7.03165172855,7.03165172855,254
75,254,2020-09-14 10:00:00,7.04147247119,7.16914212548,7.02183098592,7.15441101152,221013
76,253,2020-09-14 10:30:00,7.16914212548,7.22315620999,7.142331498080001,7.21333546735,133572
77,252,2020-09-14 11:00:00,7.2086215108800005,7.30663252241,7.2086215108800005,7.30172215109,191501
78,251,2020-09-14 11:30:00,7.30663252241,7.32627400768,7.257528809219999,7.32136363636,153046
79,250,2020-09-14 12:00:00,7.32136363636,7.32627400768,7.22806658131,7.272259923180001,159433
80,249,2020-09-14 12:30:00,7.272259923180001,7.31645326504,7.2526184379,7.30172215109,62559
81,248,2020-09-14 13:00:00,7.2969099872,7.39010883483,7.286991037130001,7.365556978230001,154151
82,247,2020-09-14 13:30:00,7.365556978230001,7.39501920615,7.360646606910001,7.360646606910001,76204
83,246,2020-09-14 14:00:00,7.355736235599999,7.360646606910001,7.31154289373,7.34591549296,73102
84,245,2020-09-14 14:30:00,7.339335595389999,7.34424596671,7.30172215109,7.31154289373,55468
85,244,2020-09-14 15:00:00,7.31193572343,7.32627400768,7.29190140845,7.317140717030001,52611
86,243,2020-09-14 15:30:00,7.32136363636,7.355736235599999,7.30663252241,7.355736235599999,91898
87,242,2020-09-14 16:00:00,7.35082586428,7.473585147250001,7.336094750319999,7.463764404610001,536407
88,241,2020-09-14 16:30:00,7.463764404610001,7.463764404610001,7.365556978230001,7.365556978230001,17837
89,240,2020-09-14 17:00:00,7.462684122919999,7.462684122919999,7.462684122919999,7.462684122919999,386
90,239,2020-09-14 18:30:00,7.385198463510001,7.39501920615,7.385198463510001,7.385198463510001,610
91,238,2020-09-14 20:00:00,7.385198463510001,7.385198463510001,7.385198463510001,7.385198463510001,100
92,237,2020-09-15 08:30:00,7.463764404610001,7.463764404610001,7.463764404610001,7.463764404610001,5000
93,236,2020-09-15 09:00:00,7.41466069142,7.41466069142,7.385198463510001,7.385198463510001,200
94,235,2020-09-15 09:30:00,7.41466069142,7.463764404610001,7.41466069142,7.463764404610001,4906
95,234,2020-09-15 10:00:00,7.444122919330001,7.719103713189999,7.40533098592,7.620896286810001,366683
96,233,2020-09-15 10:30:00,7.611075544169999,7.63071702945,7.5177784891199995,7.57179257362,127610
97,232,2020-09-15 11:00:00,7.58161331626,7.620896286810001,7.56197183099,7.60125480154,103364
98,231,2020-09-15 11:30:00,7.60125480154,7.611075544169999,7.57179257362,7.57179257362,112482
99,230,2020-09-15 12:00:00,7.57179257362,7.58161331626,7.5128681178,7.5128681178,102882
100,229,2020-09-15 12:30:00,7.5113950064,7.542330345710001,7.503243790010001,7.542330345710001,45086
101,228,2020-09-15 13:00:00,7.532509603069999,7.542330345710001,7.50304737516,7.5177784891199995,21719
102,227,2020-09-15 13:30:00,7.522688860439999,7.55706145967,7.5128681178,7.522688860439999,27014
103,226,2020-09-15 14:00:00,7.5128681178,7.542330345710001,7.50304737516,7.522688860439999,34875
104,225,2020-09-15 14:30:00,7.532509603069999,7.5521510883500005,7.527599231749999,7.542330345710001,33560
105,224,2020-09-15 15:00:00,7.54125006402,7.57179257362,7.532509603069999,7.547240717030001,33605
106,223,2020-09-15 15:30:00,7.547240717030001,7.5521510883500005,7.50304737516,7.50795774648,57965
107,222,2020-09-15 16:00:00,7.50304737516,7.542330345710001,7.473585147250001,7.542330345710001,184237
108,221,2020-09-15 16:30:00,7.542330345710001,7.542330345710001,7.463764404610001,7.463764404610001,110236
109,220,2020-09-15 17:30:00,7.463764404610001,7.463764404610001,7.463764404610001,7.463764404610001,150
110,219,2020-09-16 10:00:00,7.542330345710001,7.58161331626,7.48340588988,7.50795774648,87623
111,218,2020-09-16 10:30:00,7.50304737516,7.610093469910001,7.50304737516,7.58652368758,89252
112,217,2020-09-16 11:00:00,7.58161331626,7.620896286810001,7.57179257362,7.60616517286,130441
113,216,2020-09-16 11:30:00,7.60616517286,7.70437259923,7.60616517286,7.67,130175
114,215,2020-09-16 12:00:00,7.674910371319999,7.7485659411,7.63071702945,7.7289244558300005,218058
115,214,2020-09-16 12:30:00,7.724014084510001,7.73383482714,7.68964148528,7.7092829705499994,102059
116,213,2020-09-16 13:00:00,7.7092829705499994,7.714193341869999,7.680017157489999,7.6945518565899995,69889
117,212,2020-09-16 13:30:00,7.69946222791,7.778028169010001,7.68964148528,7.778028169010001,79170
118,211,2020-09-16 14:00:00,7.77704609475,7.787848911649999,7.7583866837399995,7.76820742638,58910
119,210,2020-09-16 14:30:00,7.773117797699999,7.836952624839999,7.76820742638,7.802580025610001,76893
120,209,2020-09-16 15:00:00,7.8074903969300005,7.84677336748,7.802580025610001,7.812400768250001,100578
121,208,2020-09-16 15:30:00,7.817311139560001,7.82222151088,7.738745198460001,7.76820742638,84664
122,207,2020-09-16 16:00:00,7.76820742638,7.836952624839999,7.738745198460001,7.817311139560001,246963
123,206,2020-09-16 16:30:00,7.817311139560001,7.817311139560001,7.67,7.67982074264,19573
124,205,2020-09-17 09:00:00,7.67982074264,7.67982074264,7.67982074264,7.67982074264,504
125,204,2020-09-17 09:30:00,7.67982074264,7.719103713189999,7.66017925736,7.719103713189999,6716
126,203,2020-09-17 10:00:00,7.7289244558300005,7.7485659411,7.57179257362,7.65035851472,145108
127,202,2020-09-17 10:30:00,7.659982842510001,7.69946222791,7.65035851472,7.67982074264,57488
128,201,2020-09-17 11:00:00,7.68964148528,7.738745198460001,7.67982074264,7.71812163892,55232
129,200,2020-09-17 11:30:00,7.719005505760001,7.78293854033,7.717630601789999,7.7436555697800005,61636
130,199,2020-09-17 12:00:00,7.7485659411,7.763297055060001,7.738745198460001,7.74846773367,30245
131,198,2020-09-17 12:30:00,7.7436555697800005,7.75347631242,7.69946222791,7.719103713189999,55550
132,197,2020-09-17 13:00:00,7.719103713189999,7.787848911649999,7.710265044810001,7.778028169010001,41748
133,196,2020-09-17 13:30:00,7.778028169010001,7.797669654289999,7.7583866837399995,7.797669654289999,42554
134,195,2020-09-17 14:00:00,7.79275928297,7.817311139560001,7.787848911649999,7.802580025610001,26468
135,194,2020-09-17 14:30:00,7.8074903969300005,7.85659411012,7.8074903969300005,7.841862996160001,85453
136,193,2020-09-17 15:00:00,7.836952624839999,7.85659411012,7.827131882200001,7.84677336748,63347
137,192,2020-09-17 15:30:00,7.84677336748,7.84677336748,7.76820742638,7.76820742638,73048
138,191,2020-09-17 16:00:00,7.76820742638,7.86641485275,7.7583866837399995,7.85659411012,220576
139,190,2020-09-17 16:30:00,7.85659411012,7.895877080669999,7.856495902689999,7.895877080669999,58398
140,189,2020-09-17 18:00:00,7.876235595389999,7.905697823300001,7.876235595389999,7.905697823300001,200
141,188,2020-09-17 19:00:00,7.8860563380299995,7.8860563380299995,7.8860563380299995,7.8860563380299995,812
142,187,2020-09-17 19:30:00,7.8860563380299995,7.8860563380299995,7.8860563380299995,7.8860563380299995,200
143,186,2020-09-17 20:00:00,7.905697823300001,7.905697823300001,7.905697823300001,7.905697823300001,100
144,185,2020-09-18 07:30:00,7.876235595389999,7.876235595389999,7.85659411012,7.85659411012,941
145,184,2020-09-18 09:30:00,7.85659411012,7.905697823300001,7.8074903969300005,7.905697823300001,12137
146,183,2020-09-18 10:00:00,7.895877080669999,7.97110396927,7.76820742638,7.954801536489999,593286
147,182,2020-09-18 10:30:00,7.94498079385,8.01372599232,7.925339308580001,8.00390524968,148409
148,181,2020-09-18 11:00:00,7.9989948783600004,8.00390524968,7.9302496799,7.954801536489999,114158
149,180,2020-09-18 11:30:00,7.9498911651699995,8.018636363639999,7.94498079385,7.985736875800001,119695
150,179,2020-09-18 12:00:00,7.99408450704,7.99408450704,7.9204289372600005,7.9204289372600005,51364
151,178,2020-09-18 12:30:00,7.9204289372600005,7.925339308580001,7.8516837388,7.8551209987199995,70149
152,177,2020-09-18 13:00:00,7.85659411012,7.85659411012,7.787848911649999,7.787848911649999,74442
153,176,2020-09-18 13:30:00,7.797669654289999,7.85659411012,7.7777335467299995,7.778028169010001,70591
154,175,2020-09-18 14:00:00,7.778028169010001,7.827131882200001,7.755735083230001,7.827131882200001,83284
155,174,2020-09-18 14:30:00,7.817311139560001,7.84677336748,7.802580025610001,7.836952624839999,36197
156,173,2020-09-18 15:00:00,7.836952624839999,7.85659411012,7.817311139560001,7.85659411012,71396
157,172,2020-09-18 15:30:00,7.85659411012,7.85659411012,7.778028169010001,7.79275928297,53326
158,171,2020-09-18 16:00:00,7.79275928297,7.85659411012,7.78293854033,7.836952624839999,303206
159,170,2020-09-18 16:30:00,7.836952624839999,7.83862215109,7.836952624839999,7.83862215109,84127
160,169,2020-09-18 17:30:00,7.8368544174100006,7.8368544174100006,7.8368544174100006,7.8368544174100006,374
161,168,2020-09-18 18:00:00,7.85659411012,7.85659411012,7.85659411012,7.85659411012,100
162,167,2020-09-21 08:30:00,7.5501,7.73,7.55,7.73,1031
163,166,2020-09-21 09:00:00,7.72,7.73,7.72,7.73,300
164,165,2020-09-21 09:30:00,7.67,7.73,7.67,7.68,2233
165,164,2020-09-21 10:00:00,7.78,7.88,7.69,7.85,287168
166,163,2020-09-21 10:30:00,7.85,7.87,7.77,7.82,198636
167,162,2020-09-21 11:00:00,7.81,7.81,7.69,7.73,129157
168,161,2020-09-21 11:30:00,7.73,7.8,7.72,7.74,64715
169,160,2020-09-21 12:00:00,7.74,7.749,7.67,7.72,158943
170,159,2020-09-21 12:30:00,7.725,7.78,7.72,7.755,62358
171,158,2020-09-21 13:00:00,7.76,7.79,7.7298,7.745,76658
172,157,2020-09-21 13:30:00,7.75,7.75,7.72,7.75,44219
173,156,2020-09-21 14:00:00,7.75,7.755,7.68,7.69,54422
174,155,2020-09-21 14:30:00,7.68,7.685,7.66,7.68,41250
175,154,2020-09-21 15:00:00,7.675,7.675,7.63,7.66,57366
176,153,2020-09-21 15:30:00,7.66,7.7,7.64,7.68,78783
177,152,2020-09-21 16:00:00,7.6852,7.705,7.65,7.66,216165
178,151,2020-09-21 16:30:00,7.67,7.6702,7.67,7.6702,62910
179,150,2020-09-21 17:00:00,7.6702,7.6702,7.6702,7.6702,100
180,149,2020-09-21 17:30:00,7.67,7.67,7.67,7.67,300
181,148,2020-09-21 18:00:00,7.6701,7.6701,7.6701,7.6701,278
182,147,2020-09-21 19:00:00,7.6,7.6,7.6,7.6,203
183,146,2020-09-22 08:30:00,7.61,7.74,7.61,7.74,4102
184,145,2020-09-22 09:00:00,7.74,7.74,7.6,7.6,15159
185,144,2020-09-22 09:30:00,7.6,7.69,7.6,7.69,330
186,143,2020-09-22 10:00:00,7.7,7.775,7.66,7.72,117368
187,142,2020-09-22 10:30:00,7.71,7.73,7.64,7.69,49635
188,141,2020-09-22 11:00:00,7.6963,7.6963,7.6,7.6,58245
189,140,2020-09-22 11:30:00,7.6,7.66,7.57,7.62,66759
190,139,2020-09-22 12:00:00,7.62,7.6215,7.585,7.605,25322
191,138,2020-09-22 12:30:00,7.605,7.62,7.59,7.59,28914
192,137,2020-09-22 13:00:00,7.595,7.6193,7.5825,7.6,36818
193,136,2020-09-22 13:30:00,7.6,7.62,7.57,7.62,28930
194,135,2020-09-22 14:00:00,7.62,7.67,7.61,7.67,25731
195,134,2020-09-22 14:30:00,7.67,7.69,7.65,7.6581,43019
196,133,2020-09-22 15:00:00,7.655,7.66,7.62,7.62,19183
197,132,2020-09-22 15:30:00,7.61,7.64,7.59,7.625,37116
198,131,2020-09-22 16:00:00,7.62,7.62,7.56,7.56,184580
199,130,2020-09-22 16:30:00,7.56,7.56,7.56,7.56,40331
200,129,2020-09-22 17:30:00,7.56,7.56,7.56,7.56,110
201,128,2020-09-23 08:30:00,7.56,7.56,7.56,7.56,100
202,127,2020-09-23 10:00:00,7.6,7.67,7.59,7.6,63724
203,126,2020-09-23 10:30:00,7.605,7.6115,7.535,7.535,44596
204,125,2020-09-23 11:00:00,7.535,7.56,7.5,7.5,61245
205,124,2020-09-23 11:30:00,7.4901,7.4901,7.42,7.43,64067
206,123,2020-09-23 12:00:00,7.43,7.47,7.39,7.4002,93166
207,122,2020-09-23 12:30:00,7.4,7.42,7.4,7.415,21042
208,121,2020-09-23 13:00:00,7.4167,7.445,7.385,7.41,27495
209,120,2020-09-23 13:30:00,7.41,7.41,7.375,7.375,29468
210,119,2020-09-23 14:00:00,7.375,7.38,7.31,7.3136,58782
211,118,2020-09-23 14:30:00,7.31,7.31,7.21,7.2335,118413
212,117,2020-09-23 15:00:00,7.23,7.23,7.18,7.21,145347
213,116,2020-09-23 15:30:00,7.205,7.24,7.2,7.23,132389
214,115,2020-09-23 16:00:00,7.235,7.235,7.12,7.12,234839
215,114,2020-09-23 16:30:00,7.12,7.13,7.12,7.13,6284
216,113,2020-09-23 20:00:00,7.1501,7.1501,7.1501,7.1501,944
217,112,2020-09-24 04:30:00,7.01,7.01,7.0,7.0,500
218,111,2020-09-24 09:30:00,7.15,7.1501,7.15,7.15,617
219,110,2020-09-24 10:00:00,7.15,7.24,7.12,7.22,292705
220,109,2020-09-24 10:30:00,7.235,7.27,7.2,7.2,195660
221,108,2020-09-24 11:00:00,7.2,7.21,7.11,7.15,155738
222,107,2020-09-24 11:30:00,7.1434,7.24,7.13,7.22,129132
223,106,2020-09-24 12:00:00,7.23,7.31,7.21,7.3,91680
224,105,2020-09-24 12:30:00,7.305,7.39,7.29,7.38,158250
225,104,2020-09-24 13:00:00,7.37,7.45,7.34,7.44,126086
226,103,2020-09-24 13:30:00,7.44,7.555,7.435,7.55,89325
227,102,2020-09-24 14:00:00,7.55,7.58,7.5,7.5,75518
228,101,2020-09-24 14:30:00,7.51,7.54,7.43,7.445,110757
229,100,2020-09-24 15:00:00,7.45,7.45,7.37,7.37,79529
230,99,2020-09-24 15:30:00,7.37,7.41,7.33,7.35,68825
231,98,2020-09-24 16:00:00,7.341,7.38,7.31,7.32,193017
232,97,2020-09-24 16:30:00,7.32,7.32,7.17,7.2,5401
233,96,2020-09-25 10:00:00,7.3,7.45,7.28,7.39,105585
234,95,2020-09-25 10:30:00,7.395,7.42,7.35,7.41,43073
235,94,2020-09-25 11:00:00,7.417999999999999,7.45,7.3936,7.41,37789
236,93,2020-09-25 11:30:00,7.4,7.41,7.3518,7.36,93692
237,92,2020-09-25 12:00:00,7.355,7.405,7.345,7.385,37846
238,91,2020-09-25 12:30:00,7.385,7.445,7.385,7.415,26294
239,90,2020-09-25 13:00:00,7.415,7.47,7.41,7.43,38182
240,89,2020-09-25 13:30:00,7.44,7.49,7.43,7.47,42057
241,88,2020-09-25 14:00:00,7.47,7.5,7.455,7.5,67280
242,87,2020-09-25 14:30:00,7.5,7.55,7.5,7.525,49880
243,86,2020-09-25 15:00:00,7.52,7.525,7.5,7.51,42493
244,85,2020-09-25 15:30:00,7.515,7.54,7.51,7.515,53374
245,84,2020-09-25 16:00:00,7.51,7.51,7.44,7.47,388451
246,83,2020-09-25 16:30:00,7.47,7.47,7.46,7.46,415630
247,82,2020-09-25 17:00:00,7.4,7.41,7.4,7.41,300
248,81,2020-09-28 08:30:00,7.6,7.6,7.6,7.6,1000
249,80,2020-09-28 09:30:00,7.5793,7.58,7.55,7.55,3467
250,79,2020-09-28 10:00:00,7.56,7.68,7.56,7.65,184713
251,78,2020-09-28 10:30:00,7.67,7.69,7.58,7.6,62315
252,77,2020-09-28 11:00:00,7.61,7.74,7.6,7.72,90051
253,76,2020-09-28 11:30:00,7.74,7.76,7.7,7.71,88392
254,75,2020-09-28 12:00:00,7.7202,7.76,7.71,7.74,58587
255,74,2020-09-28 12:30:00,7.74,7.755,7.73,7.74,70693
256,73,2020-09-28 13:00:00,7.735,7.79,7.725,7.785,141375
257,72,2020-09-28 13:30:00,7.78,7.835,7.775,7.79,84932
258,71,2020-09-28 14:00:00,7.79,7.7914,7.7301,7.7401,53897
259,70,2020-09-28 14:30:00,7.73,7.77,7.73,7.745,40455
260,69,2020-09-28 15:00:00,7.74,7.81,7.74,7.81,102276
261,68,2020-09-28 15:30:00,7.81,7.81,7.72,7.76,81035
262,67,2020-09-28 16:00:00,7.76,7.76,7.68,7.69,185167
263,66,2020-09-28 16:30:00,7.69,7.69,7.69,7.69,4101
264,65,2020-09-29 09:00:00,7.8,7.8,7.8,7.8,100
265,64,2020-09-29 09:30:00,7.6922,7.8,7.69,7.8,1416
266,63,2020-09-29 10:00:00,7.73,7.73,7.505,7.54,177878
267,62,2020-09-29 10:30:00,7.54,7.585,7.455,7.48,178813
268,61,2020-09-29 11:00:00,7.475,7.49,7.39,7.4,117697
269,60,2020-09-29 11:30:00,7.395,7.395,7.305,7.33,154477
270,59,2020-09-29 12:00:00,7.33,7.36,7.27,7.3,74946
271,58,2020-09-29 12:30:00,7.3,7.365,7.295,7.35,68465
272,57,2020-09-29 13:00:00,7.345,7.38,7.3,7.3,54086
273,56,2020-09-29 13:30:00,7.31,7.3299,7.26,7.3,54830
274,55,2020-09-29 14:00:00,7.3,7.32,7.285,7.3,37797
275,54,2020-09-29 14:30:00,7.305,7.41,7.29,7.41,74213
276,53,2020-09-29 15:00:00,7.41,7.42,7.38,7.39,66320
277,52,2020-09-29 15:30:00,7.39,7.42,7.38,7.4,62875
278,51,2020-09-29 16:00:00,7.4,7.435,7.38,7.41,204981
279,50,2020-09-29 16:30:00,7.4,7.4,7.4,7.4,8451
280,49,2020-09-29 17:00:00,7.4,7.4,7.39,7.39,362
281,48,2020-09-30 09:30:00,7.39,7.39,7.39,7.39,350
282,47,2020-09-30 10:00:00,7.43,7.57,7.43,7.5388,110943
283,46,2020-09-30 10:30:00,7.535,7.66,7.535,7.64,182452
284,45,2020-09-30 11:00:00,7.65,7.72,7.64,7.68,143575
285,44,2020-09-30 11:30:00,7.675,7.675,7.615,7.615,56948
286,43,2020-09-30 12:00:00,7.62,7.6278,7.56,7.56,29185
287,42,2020-09-30 12:30:00,7.56,7.68,7.56,7.67,81958
288,41,2020-09-30 13:00:00,7.675,7.675,7.61,7.645,87504
289,40,2020-09-30 13:30:00,7.65,7.6558,7.605,7.64,22082
290,39,2020-09-30 14:00:00,7.64,7.66,7.59,7.6035,35836
291,38,2020-09-30 14:30:00,7.605,7.65,7.555,7.555,66610
292,37,2020-09-30 15:00:00,7.54,7.55,7.455,7.52,136834
293,36,2020-09-30 15:30:00,7.52,7.5285,7.43,7.495,73806
294,35,2020-09-30 16:00:00,7.49,7.53,7.475,7.53,116289
295,34,2020-09-30 16:30:00,7.52,7.52,7.52,7.52,15751
296,33,2020-09-30 17:30:00,7.5085,7.5085,7.5085,7.5085,100
297,32,2020-09-30 18:00:00,7.5,7.5,7.5,7.5,100
298,31,2020-10-01 09:30:00,7.6,7.6,7.6,7.6,170
299,30,2020-10-01 10:00:00,7.65,7.65,7.5,7.53,234426
300,29,2020-10-01 10:30:00,7.5385,7.57,7.49,7.57,59929
301,28,2020-10-01 11:00:00,7.57,7.58,7.52,7.53,46143
302,27,2020-10-01 11:30:00,7.5215,7.575,7.515,7.565,44426
303,26,2020-10-01 12:00:00,7.56,7.57,7.53,7.56,25667
304,25,2020-10-01 12:30:00,7.56,7.56,7.53,7.555,21160
305,24,2020-10-01 13:00:00,7.555,7.595,7.5501,7.575,29981
306,23,2020-10-01 13:30:00,7.58,7.62,7.58,7.605,34064
307,22,2020-10-01 14:00:00,7.605,7.62,7.58,7.5885,27813
308,21,2020-10-01 14:30:00,7.58,7.61,7.53,7.61,47268
309,20,2020-10-01 15:00:00,7.61,7.65,7.6,7.65,48601
310,19,2020-10-01 15:30:00,7.64,7.66,7.63,7.66,51414
311,18,2020-10-01 16:00:00,7.66,7.72,7.66,7.72,131544
312,17,2020-10-01 16:30:00,7.71,7.71,7.71,7.71,14403
313,16,2020-10-02 08:00:00,7.25,7.25,7.25,7.25,600
314,15,2020-10-02 08:30:00,7.37,7.37,7.26,7.26,800
315,14,2020-10-02 09:30:00,7.45,7.47,7.45,7.47,2886
316,13,2020-10-02 10:00:00,7.47,7.63,7.47,7.54,136103
317,12,2020-10-02 10:30:00,7.54,7.62,7.53,7.59,34684
318,11,2020-10-02 11:00:00,7.58,7.58,7.5,7.55,100864
319,10,2020-10-02 11:30:00,7.54,7.68,7.535,7.67,73704
320,9,2020-10-02 12:00:00,7.67,7.7001,7.655,7.67,42426
321,8,2020-10-02 12:30:00,7.67,7.8,7.67,7.76,114595
322,7,2020-10-02 13:00:00,7.77,7.787000000000001,7.74,7.765,119265
323,6,2020-10-02 13:30:00,7.765,7.77,7.73,7.75,49670
324,5,2020-10-02 14:00:00,7.745,7.745,7.7,7.71,37260
325,4,2020-10-02 14:30:00,7.72,7.76,7.72,7.74,31875
326,3,2020-10-02 15:00:00,7.745,7.76,7.735,7.75,73631
327,2,2020-10-02 15:30:00,7.76,7.78,7.73,7.77,104106
328,1,2020-10-02 16:00:00,7.77,7.79,7.75,7.79,235881
329,0,2020-10-02 16:30:00,7.79,7.79,7.79,7.79,242645
