,index,time,open,high,low,close,volume
0,150,2020-06-08 10:00:00,24.458107697,24.458107697,24.399958300399998,24.4286400974,5411
1,149,2020-06-08 10:30:00,24.4089950309,24.4089950309,24.2321894331,24.3598823649,29300
2,148,2020-06-08 11:00:00,24.3270751039,24.3402372984,24.3270751039,24.3402372984,350
3,147,2020-06-08 11:30:00,24.3697048981,24.3697048981,24.3697048981,24.3697048981,100
4,146,2020-06-08 12:00:00,24.3543817463,24.3598823649,24.3402372984,24.347604198400003,2700
5,145,2020-06-08 12:30:00,24.3598823649,24.3598823649,24.359784139499997,24.359784139499997,410
6,144,2020-06-08 13:00:00,24.359784139499997,24.359784139499997,24.3451485651,24.3451485651,250
7,143,2020-06-08 13:30:00,24.3402372984,24.3402372984,24.3107696988,24.3107696988,2871
8,142,2020-06-08 14:00:00,24.3107696988,24.340139073099998,24.3107696988,24.340139073099998,1120
9,141,2020-06-08 14:30:00,24.3402372984,24.3402372984,24.3402372984,24.3402372984,4793
10,140,2020-06-08 15:00:00,24.3598823649,24.3598823649,24.337486989099997,24.3402372984,6807
11,139,2020-06-08 15:30:00,24.320592232,24.3402372984,24.320592232,24.3402372984,5100
12,138,2020-06-08 16:00:00,24.3107696988,24.3402372984,24.192899300300002,24.192899300300002,3900
13,137,2020-06-09 10:00:00,24.2911246324,24.2911246324,24.2911246324,24.2911246324,200
14,136,2020-06-09 10:30:00,24.261853483400003,24.3009471656,24.229635574499998,24.229635574499998,8000
15,135,2020-06-09 11:30:00,24.261657032800002,24.261657032800002,24.2125443667,24.2319929825,2380
16,134,2020-06-09 12:30:00,24.2420119663,24.2420119663,24.2420119663,24.2420119663,200
17,133,2020-06-09 13:00:00,24.2420119663,24.2420119663,24.241913740999998,24.2420119663,1400
18,132,2020-06-09 14:00:00,24.2420119663,24.2420119663,24.2420119663,24.2420119663,1600
19,131,2020-06-09 14:30:00,24.2420119663,24.2420119663,24.2420119663,24.2420119663,100
20,130,2020-06-09 15:30:00,24.2518344995,24.2518344995,24.1143190346,24.1143190346,2850
21,129,2020-06-09 16:00:00,24.2420119663,24.2420119663,24.2321894331,24.2420119663,1708
22,128,2020-06-10 10:00:00,24.3009471656,24.3009471656,24.3009471656,24.3009471656,200
23,127,2020-06-10 10:30:00,24.2321894331,24.2321894331,24.1143190346,24.1408398743,1362
24,126,2020-06-10 11:00:00,24.1652979819,24.1652979819,24.1652979819,24.1652979819,500
25,125,2020-06-10 11:30:00,24.185335949699997,24.185335949699997,24.185335949699997,24.185335949699997,1000
26,124,2020-06-10 12:30:00,24.2125443667,24.2125443667,24.212446141399997,24.212446141399997,1700
27,123,2020-06-10 13:00:00,24.2028200588,24.2028200588,24.2027218335,24.2027218335,1292
28,122,2020-06-10 14:30:00,24.2027218335,24.2321894331,24.2027218335,24.2321894331,1600
29,121,2020-06-10 15:00:00,24.2420119663,24.261657032800002,24.2420119663,24.261657032800002,2510
30,120,2020-06-10 16:00:00,24.261657032800002,24.261657032800002,24.261657032800002,24.261657032800002,1600
31,119,2020-06-11 10:00:00,24.1143190346,24.1143190346,24.0652063685,24.0652063685,2935
32,118,2020-06-11 10:30:00,23.8687557043,23.9375134368,23.8687557043,23.9375134368,860
33,117,2020-06-11 11:00:00,23.9375134368,23.9375134368,23.9375134368,23.9375134368,800
34,116,2020-06-11 11:30:00,24.0455613021,24.0455613021,23.917868370300003,23.917868370300003,920
35,115,2020-06-11 12:00:00,23.9424247034,23.94733597,23.8687557043,23.888400770700002,4100
36,114,2020-06-11 12:30:00,23.790175438600002,23.790175438600002,23.790175438600002,23.790175438600002,500
37,113,2020-06-11 13:00:00,23.819643038200002,23.858933171100002,23.760707839000002,23.8022571544,3600
38,112,2020-06-11 13:30:00,23.8096240544,23.9080458371,23.200823445900003,23.9080458371,7905
39,111,2020-06-11 15:30:00,23.809820505,23.809820505,23.7410627725,23.7410627725,800
40,110,2020-06-11 16:00:00,23.691950106500002,23.701772639699996,23.623192374000002,23.623192374000002,2400
41,109,2020-06-12 10:00:00,24.0652063685,24.0652063685,23.8687557043,24.0160937025,2600
42,108,2020-06-12 11:00:00,23.8265188115,23.8265188115,23.8265188115,23.8265188115,200
43,107,2020-06-12 11:30:00,24.0160937025,24.0160937025,23.986626102800003,24.0160937025,2200
44,106,2020-06-12 15:30:00,23.9669810364,23.9669810364,23.9669810364,23.9669810364,1400
45,105,2020-06-15 11:30:00,23.7705303722,23.7803529054,23.7705303722,23.7705303722,5505
46,104,2020-06-15 12:00:00,23.7705303722,23.819643038200002,23.6821275733,23.760707839000002,5700
47,103,2020-06-15 13:00:00,23.770432146799997,23.770432146799997,23.770432146799997,23.770432146799997,800
48,102,2020-06-15 13:30:00,23.7705303722,23.7705303722,23.7705303722,23.7705303722,601
49,101,2020-06-15 14:30:00,23.7705303722,23.9669810364,23.7705303722,23.9669810364,2896
50,100,2020-06-15 15:00:00,23.917868370300003,23.917868370300003,23.917868370300003,23.917868370300003,200
51,99,2020-06-15 16:00:00,23.7803529054,24.0357387689,23.7705303722,23.7705303722,1384
52,98,2020-06-16 10:00:00,23.8785782375,23.8785782375,23.809820505,23.868657479,1210
53,97,2020-06-16 10:30:00,23.808052449,23.8687557043,23.808052449,23.8081506744,400
54,96,2020-06-16 12:00:00,23.7705303722,23.7705303722,23.721417706100002,23.721417706100002,833
55,95,2020-06-16 12:30:00,23.6821275733,23.721417706100002,23.6821275733,23.721417706100002,1700
56,94,2020-06-16 13:00:00,23.603547307600003,23.603547307600003,23.593724774400002,23.593724774400002,500
57,93,2020-06-16 14:00:00,23.721417706100002,23.819643038200002,23.7115951729,23.819643038200002,1700
58,92,2020-06-16 14:30:00,23.819643038200002,23.819643038200002,23.819643038200002,23.819643038200002,415
59,91,2020-06-16 15:00:00,23.691950106500002,23.691950106500002,23.6821275733,23.6821275733,1000
60,90,2020-06-16 15:30:00,23.8176785316,23.8176785316,23.8176785316,23.8176785316,100
61,89,2020-06-16 16:00:00,23.721417706100002,23.721417706100002,23.6821275733,23.6821275733,1600
62,88,2020-06-17 10:00:00,23.7705303722,23.7705303722,23.7705303722,23.7705303722,400
63,87,2020-06-17 10:30:00,23.6821275733,23.6821275733,23.6821275733,23.6821275733,100
64,86,2020-06-17 11:00:00,23.6821275733,23.6821275733,23.6821275733,23.6821275733,2000
65,85,2020-06-17 11:30:00,23.633014907199996,23.633014907199996,23.633014907199996,23.633014907199996,700
66,84,2020-06-17 12:00:00,23.6820293479,23.6821275733,23.6820293479,23.6821275733,300
67,83,2020-06-17 13:00:00,23.6624825068,23.6624825068,23.6624825068,23.6624825068,100
68,82,2020-06-17 13:30:00,23.6821275733,23.6821275733,23.633014907199996,23.633014907199996,598
69,81,2020-06-17 14:00:00,23.652659973600002,23.652659973600002,23.652659973600002,23.652659973600002,100
70,80,2020-06-17 14:30:00,23.633014907199996,23.633014907199996,23.633014907199996,23.633014907199996,500
71,79,2020-06-17 15:00:00,23.623192374000002,23.623192374000002,23.623192374000002,23.623192374000002,1100
72,78,2020-06-17 15:30:00,23.5740797079,23.5740797079,23.5446121083,23.5446121083,1800
73,77,2020-06-17 16:00:00,23.5446121083,23.554434641500002,23.4709431092,23.4709431092,500
74,76,2020-06-18 10:30:00,23.446386776199997,23.466031842600003,23.4267417098,23.456209309400002,1000
75,75,2020-06-18 11:00:00,23.4758543758,23.4758543758,23.4267417098,23.4267417098,1800
76,74,2020-06-18 11:30:00,23.4758543758,23.4758543758,23.377629043699997,23.4758543758,2200
77,73,2020-06-18 12:00:00,23.4758543758,23.4758543758,23.377629043699997,23.4267417098,2000
78,72,2020-06-18 12:30:00,23.456209309400002,23.456209309400002,23.4037569821,23.423205597800003,1500
79,71,2020-06-18 13:00:00,23.416919176599997,23.416919176599997,23.387451576900002,23.387451576900002,600
80,70,2020-06-18 13:30:00,23.4267417098,23.4267417098,23.4267417098,23.4267417098,2500
81,69,2020-06-18 14:30:00,23.456209309400002,23.456209309400002,23.446386776199997,23.456209309400002,400
82,68,2020-06-18 15:00:00,23.428804441700002,23.446386776199997,23.387451576900002,23.446386776199997,1565
83,67,2020-06-18 15:30:00,23.397274110100003,23.397274110100003,23.387451576900002,23.387451576900002,800
84,66,2020-06-18 16:00:00,23.446386776199997,23.446386776199997,23.387451576900002,23.387451576900002,500
85,65,2020-06-19 10:00:00,23.456209309400002,23.4758543758,23.082953047399997,23.112420646999997,4009
86,64,2020-06-19 10:30:00,23.4267417098,23.4659336173,23.132065713400003,23.132065713400003,1250
87,63,2020-06-19 11:00:00,23.132065713400003,23.4414755096,23.132065713400003,23.3257660684,800
88,62,2020-06-19 11:30:00,23.4659336173,23.466031842600003,23.132065713400003,23.466031842600003,6700
89,61,2020-06-19 12:30:00,23.328516377600003,23.338338910900003,23.328516377600003,23.328516377600003,1300
90,60,2020-06-19 13:00:00,23.279403711599997,23.279403711599997,23.279403711599997,23.279403711599997,300
91,59,2020-06-19 15:30:00,23.377629043699997,23.377629043699997,23.377629043699997,23.377629043699997,225
92,58,2020-06-19 16:00:00,23.279403711599997,23.279403711599997,23.181178379499997,23.181178379499997,1101
93,57,2020-06-22 10:00:00,22.9847277152,23.328516377600003,22.9847277152,23.328516377600003,2125
94,56,2020-06-22 12:00:00,23.0920880032,23.181178379499997,22.9896389818,23.092480904600002,8800
95,55,2020-06-22 13:30:00,23.092775580599998,23.092775580599998,23.033840381300003,23.033840381300003,2400
96,54,2020-06-22 14:00:00,23.014195314899997,23.024017848099998,23.014195314899997,23.014195314899997,400
97,53,2020-06-22 14:30:00,23.082953047399997,23.328516377600003,23.082854821999998,23.328516377600003,2000
98,52,2020-06-22 15:00:00,23.0525031944,23.0525031944,23.0525031944,23.0525031944,400
99,51,2020-06-23 11:30:00,23.2968878207,23.2968878207,23.2968878207,23.2968878207,400
100,50,2020-06-23 12:00:00,23.299048778000003,23.318693844400002,23.082953047399997,23.318693844400002,2400
101,49,2020-06-23 12:30:00,23.082953047399997,23.082953047399997,23.082953047399997,23.082953047399997,100
102,48,2020-06-23 13:30:00,23.112420646999997,23.112420646999997,23.082953047399997,23.082953047399997,600
103,47,2020-06-23 14:30:00,23.210645979099997,23.230291045500003,23.210645979099997,23.230291045500003,300
104,46,2020-06-23 15:30:00,23.229308792199998,23.229308792199998,23.229308792199998,23.229308792199998,2000
105,45,2020-06-23 16:00:00,23.13845036,23.13845036,23.082953047399997,23.082953047399997,1900
106,44,2020-06-24 10:00:00,23.082953047399997,23.082953047399997,23.082953047399997,23.082953047399997,400
107,43,2020-06-24 10:30:00,23.073130514099997,23.073130514099997,23.073130514099997,23.073130514099997,300
108,42,2020-06-24 11:30:00,23.0484759558,23.053485447699998,23.024017848099998,23.053485447699998,700
109,41,2020-06-24 12:00:00,23.082953047399997,23.082953047399997,23.043662914499997,23.043662914499997,1300
110,40,2020-06-24 12:30:00,23.082953047399997,23.082953047399997,23.082953047399997,23.082953047399997,500
111,39,2020-06-24 13:30:00,23.082953047399997,23.082953047399997,23.082953047399997,23.082953047399997,500
112,38,2020-06-24 14:00:00,23.082953047399997,23.082953047399997,23.082953047399997,23.082953047399997,1058
113,37,2020-06-25 10:00:00,22.9356150492,22.9356150492,22.9356150492,22.9356150492,2000
114,36,2020-06-25 10:30:00,23.033840381300003,23.230291045500003,23.033840381300003,23.230291045500003,1000
115,35,2020-06-26 11:00:00,22.9848259406,22.9848259406,22.9848259406,22.9848259406,1000
116,34,2020-06-26 11:30:00,23.063307980900003,23.063307980900003,23.063307980900003,23.063307980900003,1080
117,33,2020-06-26 12:00:00,23.063307980900003,23.230291045500003,23.063307980900003,23.230291045500003,1100
118,32,2020-06-26 12:30:00,23.073130514099997,23.073130514099997,23.063307980900003,23.063307980900003,1000
119,31,2020-06-26 14:00:00,23.230291045500003,23.230291045500003,23.230291045500003,23.230291045500003,225
120,30,2020-06-26 14:30:00,23.073130514099997,23.1467995132,23.063307980900003,23.1467995132,1520
121,29,2020-06-26 15:00:00,23.230291045500003,23.230291045500003,23.230291045500003,23.230291045500003,1200
122,28,2020-06-26 15:30:00,23.230291045500003,23.230291045500003,23.230291045500003,23.230291045500003,400
123,27,2020-06-29 10:00:00,23.087864314,23.087864314,22.9847277152,22.9847277152,1000
124,26,2020-06-29 10:30:00,23.1566220464,23.1566220464,23.1566220464,23.1566220464,200
125,25,2020-06-29 11:00:00,23.1566220464,23.328516377600003,23.1566220464,23.328516377600003,500
126,24,2020-06-29 12:30:00,23.328516377600003,23.328516377600003,23.328516377600003,23.328516377600003,600
127,23,2020-06-29 14:30:00,23.1026963391,23.1026963391,23.1026963391,23.1026963391,1000
128,22,2020-06-29 15:00:00,23.112420646999997,23.230291045500003,23.102598113800003,23.102598113800003,2100
129,21,2020-06-29 15:30:00,23.328516377600003,23.328516377600003,23.328516377600003,23.328516377600003,500
130,20,2020-06-30 10:00:00,23.328516377600003,23.524967041900002,23.328516377600003,23.524967041900002,4900
131,19,2020-06-30 10:30:00,23.3530727107,23.3530727107,23.3530727107,23.3530727107,100
132,18,2020-06-30 12:30:00,23.1321639387,23.161533313099998,23.132065713400003,23.151710779800002,2600
133,17,2020-06-30 13:30:00,23.318693844400002,23.4758543758,23.318693844400002,23.4758543758,1400
134,16,2020-06-30 14:00:00,23.4758543758,23.4758543758,23.4758543758,23.4758543758,400
135,15,2020-06-30 14:30:00,23.4758543758,23.4758543758,23.4758543758,23.4758543758,600
136,14,2020-06-30 15:00:00,23.4758543758,23.4758543758,23.4758543758,23.4758543758,400
137,13,2020-07-01 11:30:00,23.328516377600003,23.328516377600003,23.328516377600003,23.328516377600003,600
138,12,2020-07-01 12:30:00,23.328516377600003,23.328516377600003,23.299048778000003,23.299048778000003,1700
139,11,2020-07-01 16:00:00,23.249936111999997,23.249936111999997,23.249936111999997,23.249936111999997,220
140,10,2020-07-02 10:30:00,23.377629043699997,23.377629043699997,23.328516377600003,23.328516377600003,1795
141,9,2020-07-02 11:00:00,23.377629043699997,23.5740797079,23.354054964,23.5446121083,1900
142,8,2020-07-02 11:30:00,23.377629043699997,23.377629043699997,23.338338910900003,23.367806510500003,1000
143,7,2020-07-02 12:00:00,23.3530727107,23.3530727107,23.328614603000002,23.328614603000002,1500
144,6,2020-07-02 12:30:00,23.328516377600003,23.328614603000002,23.191099138000002,23.191099138000002,3700
145,5,2020-07-02 13:30:00,23.3579839773,23.367806510500003,23.3579839773,23.367806510500003,400
146,4,2020-07-02 15:30:00,23.220468512300002,23.220468512300002,23.220468512300002,23.220468512300002,1100
147,3,2020-07-02 16:00:00,23.230291045500003,23.230291045500003,23.181178379499997,23.181178379499997,968
148,2,2020-07-06 10:00:00,23.377629043699997,23.377629043699997,23.377629043699997,23.377629043699997,400
149,1,2020-07-06 11:30:00,23.485676909000002,23.485676909000002,23.485676909000002,23.485676909000002,400
150,0,2020-07-06 14:30:00,23.191000912699998,23.2911907514,23.191000912699998,23.2911907514,1004
