,index,time,open,high,low,close,volume
0,330,2020-08-06 10:00:00,42.38,45.84,42.045,43.52,151004
1,329,2020-08-06 10:30:00,43.525,44.13,43.1916,43.7,365178
2,328,2020-08-06 11:00:00,43.685,44.23,43.305,43.385,143738
3,327,2020-08-06 11:30:00,43.39,43.41,41.2,41.85,208060
4,326,2020-08-06 12:00:00,41.905,43.07,41.905,42.94,127366
5,325,2020-08-06 12:30:00,42.94,42.997,42.66,42.82,89310
6,324,2020-08-06 13:00:00,42.85,42.91,42.58,42.6,74727
7,323,2020-08-06 13:30:00,42.63,42.63,41.927,41.927,73019
8,322,2020-08-06 14:00:00,41.98,42.17,41.87,41.95,85296
9,321,2020-08-06 14:30:00,41.97,42.2,41.92,41.975,85204
10,320,2020-08-06 15:00:00,41.96,42.44,41.9,42.275,101724
11,319,2020-08-06 15:30:00,42.3,42.49,42.13,42.34,125748
12,318,2020-08-06 16:00:00,42.33,42.44,42.14,42.19,387510
13,317,2020-08-06 16:30:00,42.19,42.19,42.19,42.19,7888
14,316,2020-08-06 17:00:00,42.21,42.35,42.21,42.35,2005
15,315,2020-08-07 10:00:00,41.44,41.94,40.87,41.3,128559
16,314,2020-08-07 10:30:00,41.31,41.31,40.675,40.8658,119619
17,313,2020-08-07 11:00:00,40.875,41.34,40.65,41.31,190728
18,312,2020-08-07 11:30:00,41.32,41.395,41.125,41.27,86797
19,311,2020-08-07 12:00:00,41.28,41.475,41.19,41.38,78885
20,310,2020-08-07 12:30:00,41.37,41.55,41.35,41.545,72492
21,309,2020-08-07 13:00:00,41.55,41.575,41.28,41.28,116090
22,308,2020-08-07 13:30:00,41.28,41.34,40.925,40.945,88682
23,307,2020-08-07 14:00:00,40.92,41.07,40.91,40.995,82655
24,306,2020-08-07 14:30:00,40.995,41.32,40.84,40.935,107765
25,305,2020-08-07 15:00:00,40.93,40.95,40.64,40.95,158211
26,304,2020-08-07 15:30:00,40.98,41.05,40.79,40.89,108809
27,303,2020-08-07 16:00:00,40.9,41.31,40.86,41.22,304907
28,302,2020-08-07 16:30:00,41.25,41.25,41.22,41.22,8696
29,301,2020-08-07 17:30:00,41.24,41.45,41.24,41.43,4629
30,300,2020-08-10 10:00:00,41.52,41.96,41.45,41.62,41337
31,299,2020-08-10 10:30:00,41.59,41.695,41.41,41.695,39489
32,298,2020-08-10 11:00:00,41.685,41.685,41.23,41.26,37523
33,297,2020-08-10 11:30:00,41.26,41.55,41.2,41.54,26556
34,296,2020-08-10 12:00:00,41.52,41.6377,41.49,41.53,38321
35,295,2020-08-10 12:30:00,41.515,41.515,41.3054,41.4,27307
36,294,2020-08-10 13:00:00,41.38,41.39,41.12,41.12,27002
37,293,2020-08-10 13:30:00,41.11,41.16,41.0,41.09,39026
38,292,2020-08-10 14:00:00,41.09,41.1,40.98,41.05,37911
39,291,2020-08-10 14:30:00,41.01,41.14,41.01,41.11,27787
40,290,2020-08-10 15:00:00,41.115,41.28,41.11,41.19,59696
41,289,2020-08-10 15:30:00,41.19,41.52,41.17,41.4645,52341
42,288,2020-08-10 16:00:00,41.46,41.47,41.18,41.29,171978
43,287,2020-08-10 16:30:00,41.23,41.23,41.23,41.23,20627
44,286,2020-08-11 10:00:00,41.74,42.42,41.38,41.86,77623
45,285,2020-08-11 10:30:00,41.83,41.99,41.65,41.99,27856
46,284,2020-08-11 11:00:00,41.96,42.11,41.79,41.87,46222
47,283,2020-08-11 11:30:00,41.88,41.995,41.83,41.995,33334
48,282,2020-08-11 12:00:00,41.95,42.01,41.79,41.84,23383
49,281,2020-08-11 12:30:00,41.84,42.15,41.8,42.15,26362
50,280,2020-08-11 13:00:00,42.15,42.188,41.91,41.95,35179
51,279,2020-08-11 13:30:00,41.99,42.18,41.97,42.165,68026
52,278,2020-08-11 14:00:00,42.18,42.27,42.17,42.19,24335
53,277,2020-08-11 14:30:00,42.2,42.2,41.79,41.85,144805
54,276,2020-08-11 15:00:00,41.88,41.95,41.65,41.6997,78189
55,275,2020-08-11 15:30:00,41.7,41.76,41.49,41.59,51759
56,274,2020-08-11 16:00:00,41.59,41.59,41.41,41.52,161465
57,273,2020-08-11 16:30:00,41.51,41.51,41.51,41.51,5766
58,272,2020-08-11 18:30:00,41.6,41.6,41.6,41.6,302
59,271,2020-08-12 10:00:00,42.0,42.0,41.4701,41.61,38060
60,270,2020-08-12 10:30:00,41.615,41.67,41.4,41.46,94632
61,269,2020-08-12 11:00:00,41.51,41.8,41.42,41.71,79526
62,268,2020-08-12 11:30:00,41.7,41.72,41.615,41.69,34403
63,267,2020-08-12 12:00:00,41.7,41.71,41.51,41.57,35975
64,266,2020-08-12 12:30:00,41.58,41.71,41.28,41.39,38794
65,265,2020-08-12 13:00:00,41.38,41.41,41.21,41.24,44574
66,264,2020-08-12 13:30:00,41.23,41.3,41.16,41.16,32666
67,263,2020-08-12 14:00:00,41.18,41.33,41.15,41.33,30153
68,262,2020-08-12 14:30:00,41.31,41.42,41.2,41.28,27985
69,261,2020-08-12 15:00:00,41.28,41.35,41.22,41.28,24476
70,260,2020-08-12 15:30:00,41.29,41.44,41.24,41.37,62638
71,259,2020-08-12 16:00:00,41.35,41.48,41.25,41.41,149039
72,258,2020-08-12 16:30:00,41.41,41.41,41.41,41.41,6902
73,257,2020-08-13 07:30:00,41.5,41.5,41.5,41.5,100
74,256,2020-08-13 09:00:00,41.5,41.5,41.5,41.5,108
75,255,2020-08-13 10:00:00,41.34,41.53,41.18,41.4,66042
76,254,2020-08-13 10:30:00,41.4,41.41,41.18,41.395,38304
77,253,2020-08-13 11:00:00,41.37,41.44,41.28,41.36,22037
78,252,2020-08-13 11:30:00,41.35,41.42,41.25,41.355,17366
79,251,2020-08-13 12:00:00,41.32,41.42,41.235,41.25,50671
80,250,2020-08-13 12:30:00,41.25,41.26,41.11,41.21,20091
81,249,2020-08-13 13:00:00,41.25,41.27,41.21,41.25,15916
82,248,2020-08-13 13:30:00,41.25,41.27,41.2,41.2,56969
83,247,2020-08-13 14:00:00,41.195,41.25,41.08,41.18,199401
84,246,2020-08-13 14:30:00,41.18,41.205,41.03,41.11,25615
85,245,2020-08-13 15:00:00,41.15,41.19,41.07,41.12,23419
86,244,2020-08-13 15:30:00,41.14,41.28,41.09,41.1999,33225
87,243,2020-08-13 16:00:00,41.19,41.27,41.05,41.05,154814
88,242,2020-08-13 16:30:00,41.06,41.06,41.06,41.06,3041
89,241,2020-08-13 17:00:00,41.2,41.2,41.2,41.2,1112
90,240,2020-08-14 09:30:00,41.0,41.0,41.0,41.0,103
91,239,2020-08-14 10:00:00,41.0,41.1,40.68,41.1,26806
92,238,2020-08-14 10:30:00,41.03,41.04,40.91,40.98,21729
93,237,2020-08-14 11:00:00,41.0,41.15,40.95,41.15,53214
94,236,2020-08-14 11:30:00,41.14,41.16,40.92,40.975,20682
95,235,2020-08-14 12:00:00,40.975,41.076,40.92,41.0,25931
96,234,2020-08-14 12:30:00,41.0,41.0,40.91,40.965,16771
97,233,2020-08-14 13:00:00,40.95,41.02,40.88,40.93,40127
98,232,2020-08-14 13:30:00,40.91,40.97,40.795,40.81,18464
99,231,2020-08-14 14:00:00,40.81,40.95,40.81,40.94,17016
100,230,2020-08-14 14:30:00,40.935,40.99,40.82,40.885,25308
101,229,2020-08-14 15:00:00,40.885,40.9,40.68,40.71,81276
102,228,2020-08-14 15:30:00,40.7,40.72,40.51,40.68,32818
103,227,2020-08-14 16:00:00,40.68,40.73,40.54,40.66,130163
104,226,2020-08-14 16:30:00,40.7,40.7,40.7,40.7,30075
105,225,2020-08-14 18:00:00,41.4,41.4,41.4,41.4,1224
106,224,2020-08-17 10:00:00,40.84,41.09,40.48,40.52,35901
107,223,2020-08-17 10:30:00,40.565,40.67,40.38,40.52,72220
108,222,2020-08-17 11:00:00,40.56,40.85,40.56,40.82,48941
109,221,2020-08-17 11:30:00,40.815,41.162,40.77,41.07,419719
110,220,2020-08-17 12:00:00,41.06,41.28,41.01,41.07,48956
111,219,2020-08-17 12:30:00,41.06,41.12,40.9,40.92,49338
112,218,2020-08-17 13:00:00,40.93,40.975,40.78,40.84,57369
113,217,2020-08-17 13:30:00,40.84,40.86,40.71,40.745,32423
114,216,2020-08-17 14:00:00,40.74,40.815,40.7,40.79,70382
115,215,2020-08-17 14:30:00,40.8,40.8,40.67,40.695,47732
116,214,2020-08-17 15:00:00,40.69,40.74,40.63,40.68,157514
117,213,2020-08-17 15:30:00,40.67,40.7,40.6025,40.665,47847
118,212,2020-08-17 16:00:00,40.67,40.7,40.52,40.6,304283
119,211,2020-08-17 16:30:00,40.6,40.6,40.6,40.6,53399
120,210,2020-08-17 17:30:00,41.6,41.6,40.67,41.52,5755
121,209,2020-08-18 10:00:00,40.62,41.11,40.27,40.43,92601
122,208,2020-08-18 10:30:00,40.4,40.57,40.21,40.3,50839
123,207,2020-08-18 11:00:00,40.295,40.5,40.295,40.5,27735
124,206,2020-08-18 11:30:00,40.52,40.66,40.49,40.58,25813
125,205,2020-08-18 12:00:00,40.59,40.63,40.5,40.54,23318
126,204,2020-08-18 12:30:00,40.55,40.55,40.38,40.38,17241
127,203,2020-08-18 13:00:00,40.38,40.41,40.22,40.25,22380
128,202,2020-08-18 13:30:00,40.25,40.28,40.22,40.23,18546
129,201,2020-08-18 14:00:00,40.24,40.26,40.05,40.15,29399
130,200,2020-08-18 14:30:00,40.16,40.222,40.14,40.145,24333
131,199,2020-08-18 15:00:00,40.145,40.145,39.975,40.01,82675
132,198,2020-08-18 15:30:00,40.0,40.08,39.94,40.075,47956
133,197,2020-08-18 16:00:00,40.08,40.1775,39.975,40.04,215570
134,196,2020-08-18 16:30:00,40.01,40.01,40.01,40.01,22997
135,195,2020-08-19 10:00:00,40.19,40.21,39.65,39.76,32032
136,194,2020-08-19 10:30:00,39.74,39.87,39.5,39.64,47543
137,193,2020-08-19 11:00:00,39.61,39.61,39.48,39.53,19883
138,192,2020-08-19 11:30:00,39.52,39.61,39.385,39.56,29311
139,191,2020-08-19 12:00:00,39.59,39.77,39.565,39.76,33519
140,190,2020-08-19 12:30:00,39.76,39.795,39.655,39.72,25103
141,189,2020-08-19 13:00:00,39.73,39.88,39.73,39.87,30705
142,188,2020-08-19 13:30:00,39.87,39.91,39.74,39.745,30450
143,187,2020-08-19 14:00:00,39.76,39.8473,39.7,39.79,27100
144,186,2020-08-19 14:30:00,39.77,39.81,39.69,39.705,25655
145,185,2020-08-19 15:00:00,39.69,39.765,39.69,39.76,14382
146,184,2020-08-19 15:30:00,39.76,39.8025,39.67,39.69,30071
147,183,2020-08-19 16:00:00,39.71,39.71,39.475,39.58,192485
148,182,2020-08-19 16:30:00,39.57,39.57,39.57,39.57,40073
149,181,2020-08-19 17:00:00,39.75,39.75,39.75,39.75,1001
150,180,2020-08-20 10:00:00,39.53,39.93,39.32,39.88,21714
151,179,2020-08-20 10:30:00,39.87,40.115,39.87,40.03,25648
152,178,2020-08-20 11:00:00,40.06,40.12,39.89,40.115,97523
153,177,2020-08-20 11:30:00,40.14,40.14,39.87,40.02,37957
154,176,2020-08-20 12:00:00,40.02,40.075,39.94,40.02,62015
155,175,2020-08-20 12:30:00,40.03,40.04,39.85,39.92,27628
156,174,2020-08-20 13:00:00,39.92,39.945,39.77,39.77,15140
157,173,2020-08-20 13:30:00,39.77,39.84,39.74,39.84,12247
158,172,2020-08-20 14:00:00,39.83,39.9,39.8,39.81,21070
159,171,2020-08-20 14:30:00,39.82,39.95,39.82,39.91,15740
160,170,2020-08-20 15:00:00,39.92,40.01,39.92,39.98,38193
161,169,2020-08-20 15:30:00,40.0,40.01,39.89,39.9,37603
162,168,2020-08-20 16:00:00,39.88,40.02,39.86,39.89,123483
163,167,2020-08-20 16:30:00,39.92,39.92,39.92,39.92,5492
164,166,2020-08-21 10:00:00,39.81,39.98,39.65,39.935,20409
165,165,2020-08-21 10:30:00,39.94,40.02,39.86,39.97,18311
166,164,2020-08-21 11:00:00,39.94,40.03,39.87,39.94,23754
167,163,2020-08-21 11:30:00,39.94,40.0,39.92,39.95,47987
168,162,2020-08-21 12:00:00,39.94,39.95,39.82,39.82,10818
169,161,2020-08-21 12:30:00,39.835,39.95,39.83,39.93,12448
170,160,2020-08-21 13:00:00,39.93,39.93,39.8,39.81,10614
171,159,2020-08-21 13:30:00,39.81,39.83,39.7,39.8,13073
172,158,2020-08-21 14:00:00,39.82,39.955,39.82,39.92,88198
173,157,2020-08-21 14:30:00,39.92,39.92,39.66,39.72,67582
174,156,2020-08-21 15:00:00,39.73,39.835,39.73,39.8,22221
175,155,2020-08-21 15:30:00,39.8,39.9,39.77,39.88,57123
176,154,2020-08-21 16:00:00,39.88,39.88,39.64,39.69,288458
177,153,2020-08-21 16:30:00,39.72,39.72,39.72,39.72,6581
178,152,2020-08-21 17:30:00,39.74,39.97,39.74,39.97,2203
179,151,2020-08-24 10:00:00,39.8,39.92,39.58,39.9,38614
180,150,2020-08-24 10:30:00,39.845,39.9,39.71,39.74,33924
181,149,2020-08-24 11:00:00,39.75,39.84,39.69,39.78,224791
182,148,2020-08-24 11:30:00,39.775,39.96,39.73,39.82,143652
183,147,2020-08-24 12:00:00,39.805,39.88,39.75,39.75,85957
184,146,2020-08-24 12:30:00,39.75,39.88,39.74,39.79,105025
185,145,2020-08-24 13:00:00,39.79,39.85,39.74,39.77,46061
186,144,2020-08-24 13:30:00,39.78,39.91,39.73,39.875,25476
187,143,2020-08-24 14:00:00,39.88,39.93,39.77,39.78,54353
188,142,2020-08-24 14:30:00,39.78,39.79,39.73,39.75,21549
189,141,2020-08-24 15:00:00,39.759,39.79,39.71,39.75,57274
190,140,2020-08-24 15:30:00,39.755,39.77,39.66,39.71,48874
191,139,2020-08-24 16:00:00,39.705,39.79,39.65,39.7,253919
192,138,2020-08-24 16:30:00,39.7,39.7,39.7,39.7,6210
193,137,2020-08-24 17:30:00,39.94,39.94,39.94,39.94,1157
194,136,2020-08-25 10:00:00,39.83,39.95,39.44,39.54,54634
195,135,2020-08-25 10:30:00,39.54,39.65,39.485,39.505,106462
196,134,2020-08-25 11:00:00,39.49,39.68,39.27,39.62,90094
197,133,2020-08-25 11:30:00,39.63,39.71,39.38,39.4,66560
198,132,2020-08-25 12:00:00,39.4,39.405,39.06,39.14,46596
199,131,2020-08-25 12:30:00,39.14,39.39,38.985,39.23,130629
200,130,2020-08-25 13:00:00,39.23,39.5,39.1,39.4,85431
201,129,2020-08-25 13:30:00,39.415,39.51,39.35,39.5,79274
202,128,2020-08-25 14:00:00,39.49,39.79,39.41,39.67,702780
203,127,2020-08-25 14:30:00,39.67,39.93,39.62,39.89,240111
204,126,2020-08-25 15:00:00,39.89,40.0,39.765,39.93,69873
205,125,2020-08-25 15:30:00,39.94,40.0,39.83,39.895,96814
206,124,2020-08-25 16:00:00,39.89,40.0,39.85,39.96,212718
207,123,2020-08-25 16:30:00,40.0,40.0,40.0,40.0,9298
208,122,2020-08-26 08:00:00,40.15,40.15,40.15,40.15,200
209,121,2020-08-26 10:00:00,39.9,40.37,39.545,40.345,76983
210,120,2020-08-26 10:30:00,40.39,40.4869,40.19,40.27,83822
211,119,2020-08-26 11:00:00,40.21,40.46,40.17,40.305,62304
212,118,2020-08-26 11:30:00,40.32,40.39,40.21,40.34,47119
213,117,2020-08-26 12:00:00,40.31,40.5,40.21,40.365,133161
214,116,2020-08-26 12:30:00,40.365,40.54,40.34,40.5,30705
215,115,2020-08-26 13:00:00,40.49,40.74,40.28,40.385,33944
216,114,2020-08-26 13:30:00,40.3786,40.5,40.37,40.42,30993
217,113,2020-08-26 14:00:00,40.37,40.56,40.17,40.33,142444
218,112,2020-08-26 14:30:00,40.33,40.33,39.975,40.265,77729
219,111,2020-08-26 15:00:00,40.265,40.28,39.62,39.62,107791
220,110,2020-08-26 15:30:00,39.645,39.97,39.645,39.85,64847
221,109,2020-08-26 16:00:00,39.87,39.98,39.625,39.71,309035
222,108,2020-08-26 16:30:00,39.7,39.8,39.7,39.8,195884
223,107,2020-08-26 17:30:00,39.72,39.9,39.72,39.9,2803
224,106,2020-08-27 10:00:00,39.98,40.23,39.8374,40.14,62968
225,105,2020-08-27 10:30:00,40.12,40.175,39.62,40.175,69188
226,104,2020-08-27 11:00:00,40.23,40.36,40.155,40.18,26287
227,103,2020-08-27 11:30:00,40.2,40.35,40.15,40.16,49595
228,102,2020-08-27 12:00:00,40.17,40.38,40.11,40.27,44837
229,101,2020-08-27 12:30:00,40.245,40.25,39.8,39.8,38762
230,100,2020-08-27 13:00:00,39.88,39.93,39.61,39.82,59713
231,99,2020-08-27 13:30:00,39.79,40.18,39.65,40.1,95204
232,98,2020-08-27 14:00:00,40.08,40.43,40.07,40.33,118150
233,97,2020-08-27 14:30:00,40.385,40.52,40.36,40.45,32225
234,96,2020-08-27 15:00:00,40.45,40.48,40.365,40.4,24232
235,95,2020-08-27 15:30:00,40.41,40.43,40.28,40.3,45958
236,94,2020-08-27 16:00:00,40.29,40.5,40.19,40.19,140920
237,93,2020-08-27 16:30:00,40.2,40.2,40.2,40.2,57730
238,92,2020-08-28 10:00:00,40.56,41.08,40.33,41.07,48003
239,91,2020-08-28 10:30:00,41.04,41.04,40.62,40.68,26012
240,90,2020-08-28 11:00:00,40.69,40.71,40.415,40.56,17159
241,89,2020-08-28 11:30:00,40.56,40.85,40.56,40.77,28456
242,88,2020-08-28 12:00:00,40.76,40.79,40.69,40.74,13934
243,87,2020-08-28 12:30:00,40.74,40.79,40.66,40.67,21781
244,86,2020-08-28 13:00:00,40.66,40.85,40.66,40.8,21652
245,85,2020-08-28 13:30:00,40.79,40.795,40.57,40.57,24580
246,84,2020-08-28 14:00:00,40.56,40.67,40.56,40.65,20965
247,83,2020-08-28 14:30:00,40.63,40.8,40.62,40.725,57704
248,82,2020-08-28 15:00:00,40.715,40.745,40.66,40.68,19758
249,81,2020-08-28 15:30:00,40.69,40.875,40.665,40.79,54128
250,80,2020-08-28 16:00:00,40.77,40.87,40.67,40.69,167182
251,79,2020-08-28 16:30:00,40.69,40.69,40.69,40.69,7358
252,78,2020-08-31 09:30:00,40.75,40.75,40.75,40.75,100
253,77,2020-08-31 10:00:00,40.83,40.83,40.2,40.33,16338
254,76,2020-08-31 10:30:00,40.39,40.66,40.29,40.345,28698
255,75,2020-08-31 11:00:00,40.365,40.51,40.14,40.14,31633
256,74,2020-08-31 11:30:00,40.12,40.18,39.91,39.91,20916
257,73,2020-08-31 12:00:00,39.925,40.15,39.925,40.15,27880
258,72,2020-08-31 12:30:00,40.14,40.145,39.96,39.98,18224
259,71,2020-08-31 13:00:00,39.98,40.09,39.83,39.95,24704
260,70,2020-08-31 13:30:00,39.95,39.97,39.85,39.85,17645
261,69,2020-08-31 14:00:00,39.85,39.93,39.69,39.72,20170
262,68,2020-08-31 14:30:00,39.7299,39.83,39.63,39.8,30589
263,67,2020-08-31 15:00:00,39.79,40.07,39.75,40.0,44001
264,66,2020-08-31 15:30:00,39.995,40.065,39.97,40.04,59487
265,65,2020-08-31 16:00:00,40.02,40.12,39.86,39.9,132437
266,64,2020-08-31 16:30:00,39.9,39.9,39.9,39.9,5325
267,63,2020-08-31 17:30:00,39.92,39.92,39.92,39.92,1199
268,62,2020-09-01 10:00:00,39.58,39.825,39.29,39.51,61825
269,61,2020-09-01 10:30:00,39.48,39.77,39.48,39.69,49301
270,60,2020-09-01 11:00:00,39.71,39.77,39.54,39.54,23821
271,59,2020-09-01 11:30:00,39.54,39.64,39.36,39.62,53764
272,58,2020-09-01 12:00:00,39.61,39.65,39.44,39.48,20736
273,57,2020-09-01 12:30:00,39.485,39.51,39.3,39.32,24736
274,56,2020-09-01 13:00:00,39.33,39.53,39.325,39.53,21888
275,55,2020-09-01 13:30:00,39.505,39.52,39.38,39.4,24886
276,54,2020-09-01 14:00:00,39.41,39.42,39.31,39.34,20421
277,53,2020-09-01 14:30:00,39.33,39.48,39.32,39.48,32624
278,52,2020-09-01 15:00:00,39.45,39.49,39.29,39.33,37097
279,51,2020-09-01 15:30:00,39.3,39.39,39.25,39.375,33079
280,50,2020-09-01 16:00:00,39.36,39.5,39.31,39.39,88182
281,49,2020-09-01 16:30:00,39.38,39.38,39.38,39.38,3165
282,48,2020-09-01 20:00:00,39.42,39.42,39.42,39.42,100
283,47,2020-09-02 08:00:00,39.8,39.8,39.8,39.8,1100
284,46,2020-09-02 08:30:00,38.5,38.5,38.5,38.5,1000
285,45,2020-09-02 09:00:00,41.25,41.25,41.25,41.25,315
286,44,2020-09-02 09:30:00,41.5,42.0,41.5,42.0,797
287,43,2020-09-02 10:00:00,41.39,41.82,40.793,41.82,272295
288,42,2020-09-02 10:30:00,41.8,42.25,41.61,42.145,184899
289,41,2020-09-02 11:00:00,42.125,42.18,41.71,42.125,132967
290,40,2020-09-02 11:30:00,42.145,42.55,42.145,42.5443,193946
291,39,2020-09-02 12:00:00,42.555,42.62,42.4,42.57,94926
292,38,2020-09-02 12:30:00,42.55,42.55,42.42,42.465,97983
293,37,2020-09-02 13:00:00,42.465,42.76,42.4541,42.76,116333
294,36,2020-09-02 13:30:00,42.76,42.765,42.48,42.62,136820
295,35,2020-09-02 14:00:00,42.6087,42.76,42.6,42.615,68736
296,34,2020-09-02 14:30:00,42.6,42.77,42.58,42.7,66594
297,33,2020-09-02 15:00:00,42.695,42.75,42.57,42.61,125553
298,32,2020-09-02 15:30:00,42.6,42.82,42.6,42.73,161421
299,31,2020-09-02 16:00:00,42.7226,43.0,42.68,42.86,304170
300,30,2020-09-02 16:30:00,42.84,42.84,42.84,42.84,5406
301,29,2020-09-02 18:30:00,42.8399,42.8399,42.8399,42.8399,1000
302,28,2020-09-02 19:30:00,42.84,42.84,42.84,42.84,120
303,27,2020-09-03 10:00:00,42.69,42.69,42.1,42.1,44557
304,26,2020-09-03 10:30:00,42.06,42.11,41.4,41.44,55422
305,25,2020-09-03 11:00:00,41.42,41.67,41.35,41.44,45389
306,24,2020-09-03 11:30:00,41.41,41.41,40.955,41.1,76896
307,23,2020-09-03 12:00:00,41.07,41.25,41.0,41.13,71809
308,22,2020-09-03 12:30:00,41.13,41.19,40.995,41.14,30458
309,21,2020-09-03 13:00:00,41.1,41.18,40.96,41.11,30185
310,20,2020-09-03 13:30:00,41.09,41.3,40.98,41.3,34163
311,19,2020-09-03 14:00:00,41.31,41.31,40.97,41.07,32413
312,18,2020-09-03 14:30:00,41.06,41.2,41.0,41.07,30375
313,17,2020-09-03 15:00:00,41.07,41.25,41.0,41.07,42225
314,16,2020-09-03 15:30:00,41.03,41.1,40.8701,40.905,68598
315,15,2020-09-03 16:00:00,40.89,41.045,40.68,40.9,235679
316,14,2020-09-03 16:30:00,40.9,40.9,40.9,40.9,4472
317,13,2020-09-04 10:00:00,41.06,41.92,40.92,41.1,157356
318,12,2020-09-04 10:30:00,41.13,41.58,40.91,40.93,93710
319,11,2020-09-04 11:00:00,40.99,41.17,40.645,41.1,110111
320,10,2020-09-04 11:30:00,41.03,41.11,40.815,41.05,66333
321,9,2020-09-04 12:00:00,41.04,41.46,41.01,41.37,65985
322,8,2020-09-04 12:30:00,41.36,41.9,41.31,41.7175,81444
323,7,2020-09-04 13:00:00,41.71,41.83,41.61,41.79,47035
324,6,2020-09-04 13:30:00,41.77,41.78,41.58,41.675,54623
325,5,2020-09-04 14:00:00,41.66,41.6601,41.4,41.61,39256
326,4,2020-09-04 14:30:00,41.59,41.78,41.55,41.78,54456
327,3,2020-09-04 15:00:00,41.78,42.25,41.69,42.22,82480
328,2,2020-09-04 15:30:00,42.24,42.29,42.03,42.11,82338
329,1,2020-09-04 16:00:00,42.07,42.07,41.65,41.67,157964
330,0,2020-09-04 16:30:00,41.66,41.66,41.66,41.66,8578
331,272,2020-09-08 10:00:00,41.17,41.17,40.715,40.96,96248
332,271,2020-09-08 10:30:00,40.92,41.03,40.59,41.03,33225
333,270,2020-09-08 11:00:00,41.035,41.06,40.76,40.905,31846
334,269,2020-09-08 11:30:00,40.88,41.07,40.8,40.85,34175
335,268,2020-09-08 12:00:00,40.83,40.87,40.7,40.87,30933
336,267,2020-09-08 12:30:00,40.87,41.075,40.81,40.97,29589
337,266,2020-09-08 13:00:00,40.94,41.09,40.91,41.0,23011
338,265,2020-09-08 13:30:00,40.99,41.12,40.97,41.03,22786
339,264,2020-09-08 14:00:00,41.03,41.165,40.99,41.03,34389
340,263,2020-09-08 14:30:00,41.03,41.0874,40.87,40.89,31107
341,262,2020-09-08 15:00:00,40.875,40.88,40.62,40.74,53258
342,261,2020-09-08 15:30:00,40.71,40.85,40.585,40.81,66754
343,260,2020-09-08 16:00:00,40.81,40.85,40.515,40.61,214422
344,259,2020-09-08 16:30:00,40.59,40.59,40.59,40.59,8592
345,258,2020-09-09 10:00:00,40.69,41.22,40.64,40.79,46406
346,257,2020-09-09 10:30:00,40.81,40.88,40.58,40.58,18131
347,256,2020-09-09 11:00:00,40.63,40.73,40.42,40.52,23743
348,255,2020-09-09 11:30:00,40.54,40.855,40.54,40.81,33004
349,254,2020-09-09 12:00:00,40.83,40.835,40.555,40.555,32401
350,253,2020-09-09 12:30:00,40.56,40.735,40.56,40.72,19109
351,252,2020-09-09 13:00:00,40.71,40.78,40.71,40.74,30827
352,251,2020-09-09 13:30:00,40.7361,40.85,40.69,40.74,29843
353,250,2020-09-09 14:00:00,40.78,40.86,40.75,40.82,23695
354,249,2020-09-09 14:30:00,40.812,40.88,40.77,40.81,14758
355,248,2020-09-09 15:00:00,40.8,40.9173,40.8,40.85,18552
356,247,2020-09-09 15:30:00,40.85,41.0,40.845,40.94,27931
357,246,2020-09-09 16:00:00,40.94,41.04,40.88,40.95,98952
358,245,2020-09-09 16:30:00,40.95,40.95,40.95,40.95,3856
359,244,2020-09-10 09:30:00,40.79,40.79,40.77,40.79,700
360,243,2020-09-10 10:00:00,40.79,41.335,40.79,41.01,23165
361,242,2020-09-10 10:30:00,41.03,41.25,40.92,41.02,20929
362,241,2020-09-10 11:00:00,41.06,41.15,40.755,40.755,14529
363,240,2020-09-10 11:30:00,40.78,40.92,40.61,40.92,18652
364,239,2020-09-10 12:00:00,40.87,40.93,40.8,40.9,9309
365,238,2020-09-10 12:30:00,40.89,40.96,40.76,40.78,14081
366,237,2020-09-10 13:00:00,40.79,40.87,40.63,40.67,15499
367,236,2020-09-10 13:30:00,40.71,40.745,40.56,40.56,33864
368,235,2020-09-10 14:00:00,40.58,40.72,40.58,40.65,42468
369,234,2020-09-10 14:30:00,40.64,40.75,40.25,40.27,25489
370,233,2020-09-10 15:00:00,40.27,40.4,40.24,40.37,29455
371,232,2020-09-10 15:30:00,40.36,40.37,39.87,39.93,42147
372,231,2020-09-10 16:00:00,39.95,40.04,39.82,39.86,186284
373,230,2020-09-10 16:30:00,39.86,39.86,39.86,39.86,7067
374,229,2020-09-11 10:00:00,40.16,40.69,40.13,40.47,72036
375,228,2020-09-11 10:30:00,40.5,40.73,40.445,40.47,24621
376,227,2020-09-11 11:00:00,40.5,40.55,40.28,40.325,55267
377,226,2020-09-11 11:30:00,40.34,40.43,40.27,40.33,38684
378,225,2020-09-11 12:00:00,40.31,40.45,40.28,40.43,28196
379,224,2020-09-11 12:30:00,40.43,40.49,40.395,40.43,23525
380,223,2020-09-11 13:00:00,40.42,40.42,40.07,40.07,28251
381,222,2020-09-11 13:30:00,40.08,40.13,39.875,39.89,42171
382,221,2020-09-11 14:00:00,39.88,39.98,39.8,39.82,33715
383,220,2020-09-11 14:30:00,39.78,39.82,39.64,39.7,21632
384,219,2020-09-11 15:00:00,39.71,39.88,39.7,39.83,29264
385,218,2020-09-11 15:30:00,39.83,39.95,39.7,39.95,43810
386,217,2020-09-11 16:00:00,39.99,40.09,39.93,39.98,143286
387,216,2020-09-11 16:30:00,39.99,39.99,39.99,39.99,3780
388,215,2020-09-14 10:00:00,40.36,40.89,40.16,40.69,42320
389,214,2020-09-14 10:30:00,40.735,40.91,40.57,40.72,35507
390,213,2020-09-14 11:00:00,40.71,40.75,40.18,40.19,54727
391,212,2020-09-14 11:30:00,40.137,40.49,40.13,40.42,41392
392,211,2020-09-14 12:00:00,40.37,40.47,40.33,40.445,21451
393,210,2020-09-14 12:30:00,40.47,40.59,40.425,40.45,26096
394,209,2020-09-14 13:00:00,40.48,40.57,40.48,40.52,14915
395,208,2020-09-14 13:30:00,40.545,40.62,40.39,40.41,15040
396,207,2020-09-14 14:00:00,40.395,40.56,40.32,40.495,18915
397,206,2020-09-14 14:30:00,40.47,40.63,40.43,40.59,22299
398,205,2020-09-14 15:00:00,40.58,40.71,40.58,40.71,45114
399,204,2020-09-14 15:30:00,40.7,40.72,40.57,40.62,28599
400,203,2020-09-14 16:00:00,40.63,40.84,40.59,40.67,111293
401,202,2020-09-14 16:30:00,40.67,40.67,40.67,40.67,5863
402,201,2020-09-15 10:00:00,41.0,41.0,40.1,40.14,53557
403,200,2020-09-15 10:30:00,40.14,40.28,40.11,40.19,35836
404,199,2020-09-15 11:00:00,40.2,40.2,39.91,40.08,37152
405,198,2020-09-15 11:30:00,40.08,40.16,39.97,40.1,48198
406,197,2020-09-15 12:00:00,40.1,40.16,40.08,40.11,29324
407,196,2020-09-15 12:30:00,40.105,40.24,40.01,40.07,29631
408,195,2020-09-15 13:00:00,40.09,40.23,40.09,40.21,28575
409,194,2020-09-15 13:30:00,40.22,40.28,40.2,40.25,21871
410,193,2020-09-15 14:00:00,40.25,40.27,40.1236,40.1236,25029
411,192,2020-09-15 14:30:00,40.12,40.26,40.11,40.19,40144
412,191,2020-09-15 15:00:00,40.19,40.21,40.13,40.175,41932
413,190,2020-09-15 15:30:00,40.185,40.19,39.92,39.98,51150
414,189,2020-09-15 16:00:00,39.95,40.14,39.95,40.07,109659
415,188,2020-09-15 16:30:00,40.07,40.07,40.07,40.07,16584
416,187,2020-09-16 10:00:00,40.57,40.57,39.92,40.1,44810
417,186,2020-09-16 10:30:00,40.1,40.38,40.09,40.33,38246
418,185,2020-09-16 11:00:00,40.33,40.33,40.01,40.11,20947
419,184,2020-09-16 11:30:00,40.13,40.33,40.0604,40.28,19238
420,183,2020-09-16 12:00:00,40.29,40.3,40.19,40.23,20517
421,182,2020-09-16 12:30:00,40.22,40.3,40.2,40.25,15079
422,181,2020-09-16 13:00:00,40.24,40.41,40.24,40.38,14339
423,180,2020-09-16 13:30:00,40.37,40.49,40.37,40.395,17832
424,179,2020-09-16 14:00:00,40.4,40.47,40.385,40.45,18076
425,178,2020-09-16 14:30:00,40.45,40.532,40.375,40.51,20086
426,177,2020-09-16 15:00:00,40.5173,40.56,40.4,40.42,26826
427,176,2020-09-16 15:30:00,40.46,40.46,40.15,40.28,26798
428,175,2020-09-16 16:00:00,40.27,40.495,40.16,40.33,118162
429,174,2020-09-16 16:30:00,40.35,40.35,40.35,40.35,10498
430,173,2020-09-17 10:00:00,39.78,39.78,38.78,38.96,61248
431,172,2020-09-17 10:30:00,38.99,39.08,38.47,38.995,109225
432,171,2020-09-17 11:00:00,39.0,39.35,38.96,39.22,63827
433,170,2020-09-17 11:30:00,39.225,39.61,39.14,39.36,40947
434,169,2020-09-17 12:00:00,39.37,39.38,39.13,39.235,38127
435,168,2020-09-17 12:30:00,39.21,39.26,39.13,39.2,28908
436,167,2020-09-17 13:00:00,39.18,39.66,39.18,39.61,36460
437,166,2020-09-17 13:30:00,39.59,39.62,39.5,39.59,37246
438,165,2020-09-17 14:00:00,39.59,39.8,39.58,39.74,33276
439,164,2020-09-17 14:30:00,39.72,39.93,39.7,39.85,40282
440,163,2020-09-17 15:00:00,39.85,39.96,39.7327,39.9,64685
441,162,2020-09-17 15:30:00,39.9,40.0,39.8,39.875,58259
442,161,2020-09-17 16:00:00,39.87,40.09,39.86,40.0,134742
443,160,2020-09-17 16:30:00,40.02,40.02,40.02,40.02,4092
444,159,2020-09-18 10:00:00,40.22,40.63,39.82,39.82,66770
445,158,2020-09-18 10:30:00,39.825,39.92,39.745,39.86,36377
446,157,2020-09-18 11:00:00,39.86,39.98,39.77,39.89,54641
447,156,2020-09-18 11:30:00,39.91,40.12,39.895,40.02,37484
448,155,2020-09-18 12:00:00,40.03,40.03,39.81,39.9,25829
449,154,2020-09-18 12:30:00,39.88,39.92,39.71,39.71,38459
450,153,2020-09-18 13:00:00,39.705,39.705,39.47,39.62,39895
451,152,2020-09-18 13:30:00,39.65,39.74,39.57,39.6,30062
452,151,2020-09-18 14:00:00,39.59,39.64,39.31,39.33,123838
453,150,2020-09-18 14:30:00,39.325,39.52,39.325,39.46,36989
454,149,2020-09-18 15:00:00,39.44,39.5,39.4,39.5,38183
455,148,2020-09-18 15:30:00,39.5,39.56,39.46,39.46,44540
456,147,2020-09-18 16:00:00,39.465,39.7,39.38,39.39,245408
457,146,2020-09-18 16:30:00,39.39,39.39,39.39,39.39,14360
458,145,2020-09-21 10:00:00,39.14,39.14,38.29,38.48,29216
459,144,2020-09-21 10:30:00,38.5125,38.62,38.4,38.52,23066
460,143,2020-09-21 11:00:00,38.54,38.86,38.21,38.75,123252
461,142,2020-09-21 11:30:00,38.68,39.02,38.64,38.79,28365
462,141,2020-09-21 12:00:00,38.805,38.84,38.6544,38.68,38660
463,140,2020-09-21 12:30:00,38.685,38.84,38.64,38.82,41084
464,139,2020-09-21 13:00:00,38.8,38.835,38.6,38.625,23579
465,138,2020-09-21 13:30:00,38.65,38.835,38.58,38.82,19395
466,137,2020-09-21 14:00:00,38.83,38.87,38.63,38.67,31969
467,136,2020-09-21 14:30:00,38.67,38.72,38.59,38.59,27436
468,135,2020-09-21 15:00:00,38.55,38.63,38.42,38.6,31210
469,134,2020-09-21 15:30:00,38.6,38.79,38.56,38.69,66946
470,133,2020-09-21 16:00:00,38.7,38.97,38.65,38.96,180930
471,132,2020-09-21 16:30:00,38.97,38.97,38.97,38.97,19799
472,131,2020-09-22 10:00:00,38.86,39.4,38.86,39.055,22942
473,130,2020-09-22 10:30:00,39.065,39.32,39.065,39.27,19493
474,129,2020-09-22 11:00:00,39.32,39.38,39.1,39.11,33290
475,128,2020-09-22 11:30:00,39.115,39.34,39.115,39.285,35075
476,127,2020-09-22 12:00:00,39.29,39.335,39.2146,39.22,23726
477,126,2020-09-22 12:30:00,39.23,39.25,39.09,39.17,19628
478,125,2020-09-22 13:00:00,39.17,39.22,39.045,39.1,23425
479,124,2020-09-22 13:30:00,39.11,39.13,38.96,38.9899,25266
480,123,2020-09-22 14:00:00,39.0,39.18,38.99,39.15,20928
481,122,2020-09-22 14:30:00,39.16,39.26,39.075,39.115,26835
482,121,2020-09-22 15:00:00,39.12,39.18,39.08,39.11,28959
483,120,2020-09-22 15:30:00,39.11,39.11,38.95,39.07,88812
484,119,2020-09-22 16:00:00,39.09,39.21,39.04,39.17,156024
485,118,2020-09-22 16:30:00,39.19,39.19,39.19,39.19,6814
486,117,2020-09-23 10:00:00,39.23,39.69,39.23,39.42,14205
487,116,2020-09-23 10:30:00,39.45,39.58,39.21,39.27,12342
488,115,2020-09-23 11:00:00,39.32,39.48,39.13,39.405,17624
489,114,2020-09-23 11:30:00,39.39,39.535,39.29,39.35,22586
490,113,2020-09-23 12:00:00,39.39,39.52,39.22,39.29,15091
491,112,2020-09-23 12:30:00,39.29,39.36,39.2,39.27,15967
492,111,2020-09-23 13:00:00,39.26,39.3,39.204,39.27,11390
493,110,2020-09-23 13:30:00,39.28,39.39,39.22,39.345,16723
494,109,2020-09-23 14:00:00,39.33,39.35,39.2,39.2649,18522
495,108,2020-09-23 14:30:00,39.24,39.24,39.03,39.105,19374
496,107,2020-09-23 15:00:00,39.09,39.115,38.83,38.88,29188
497,106,2020-09-23 15:30:00,38.89,38.97,38.8,38.91,38999
498,105,2020-09-23 16:00:00,38.92,39.02,38.75,38.81,95095
499,104,2020-09-23 16:30:00,38.82,38.82,38.82,38.82,3016
500,103,2020-09-23 19:30:00,38.83,38.83,38.83,38.83,150
501,102,2020-09-24 10:00:00,38.78,38.78,38.11,38.4,12877
502,101,2020-09-24 10:30:00,38.4834,38.69,38.47,38.48,16523
503,100,2020-09-24 11:00:00,38.46,38.59,38.295,38.585,32721
504,99,2020-09-24 11:30:00,38.57,38.65,38.52,38.58,23010
505,98,2020-09-24 12:00:00,38.58,38.74,38.57,38.74,14777
506,97,2020-09-24 12:30:00,38.76,39.31,38.76,39.24,58275
507,96,2020-09-24 13:00:00,39.24,39.34,39.16,39.32,29732
508,95,2020-09-24 13:30:00,39.32,39.5317,39.32,39.51,28387
509,94,2020-09-24 14:00:00,39.52,39.66,39.49,39.5,39947
510,93,2020-09-24 14:30:00,39.5,39.52,39.25,39.27,27868
511,92,2020-09-24 15:00:00,39.27,39.5,39.25,39.28,59210
512,91,2020-09-24 15:30:00,39.26,39.46,39.26,39.36,74845
513,90,2020-09-24 16:00:00,39.34,39.63,39.34,39.48,251468
514,89,2020-09-24 16:30:00,39.46,39.46,39.46,39.46,58609
515,88,2020-09-25 09:30:00,39.45,39.46,39.45,39.46,500
516,87,2020-09-25 10:00:00,39.34,40.39,39.34,40.235,43460
517,86,2020-09-25 10:30:00,40.23,40.51,39.79,40.2,174083
518,85,2020-09-25 11:00:00,40.2,40.26,39.86,39.905,46639
519,84,2020-09-25 11:30:00,39.87,39.995,39.73,39.95,40770
520,83,2020-09-25 12:00:00,39.96,40.09,39.93,40.03,52737
521,82,2020-09-25 12:30:00,40.015,40.095,39.96,40.03,22966
522,81,2020-09-25 13:00:00,40.05,40.26,40.05,40.21,21868
523,80,2020-09-25 13:30:00,40.2,40.42,40.18,40.35,20679
524,79,2020-09-25 14:00:00,40.355,40.39,40.23,40.38,22674
525,78,2020-09-25 14:30:00,40.4,40.49,40.34,40.455,24676
526,77,2020-09-25 15:00:00,40.42,40.42,40.27,40.36,28712
527,76,2020-09-25 15:30:00,40.37,40.56,40.37,40.56,39383
528,75,2020-09-25 16:00:00,40.555,40.57,40.37,40.43,141294
529,74,2020-09-25 16:30:00,40.46,40.46,40.46,40.46,42677
530,73,2020-09-28 07:30:00,40.01,40.01,40.01,40.01,100
531,72,2020-09-28 08:00:00,40.1,40.1,40.1,40.1,246
532,71,2020-09-28 08:30:00,40.4,40.4,40.4,40.4,256
533,70,2020-09-28 10:00:00,40.81,41.58,40.74,41.17,56758
534,69,2020-09-28 10:30:00,41.14,41.41,41.02,41.34,37492
535,68,2020-09-28 11:00:00,41.34,41.59,41.34,41.54,38398
536,67,2020-09-28 11:30:00,41.55,41.57,41.03,41.07,33722
537,66,2020-09-28 12:00:00,41.05,41.2,40.99,41.16,31296
538,65,2020-09-28 12:30:00,41.16,41.27,41.15,41.21,29853
539,64,2020-09-28 13:00:00,41.21,41.3,41.14,41.28,22931
540,63,2020-09-28 13:30:00,41.28,41.45,41.24,41.395,28707
541,62,2020-09-28 14:00:00,41.41,41.44,41.265,41.34,37421
542,61,2020-09-28 14:30:00,41.36,41.49,41.34,41.425,19577
543,60,2020-09-28 15:00:00,41.4,41.56,41.38,41.53,25531
544,59,2020-09-28 15:30:00,41.52,41.55,41.39,41.51,41904
545,58,2020-09-28 16:00:00,41.5,41.63,41.34,41.39,118344
546,57,2020-09-28 16:30:00,41.38,41.38,41.38,41.38,28461
547,56,2020-09-29 10:00:00,41.36,41.48,40.8,40.81,28461
548,55,2020-09-29 10:30:00,40.9,41.12,40.81,40.86,41080
549,54,2020-09-29 11:00:00,40.86,40.87,40.48,40.62,41027
550,53,2020-09-29 11:30:00,40.59,40.6,40.45,40.535,39728
551,52,2020-09-29 12:00:00,40.55,40.84,40.52,40.82,73146
552,51,2020-09-29 12:30:00,40.82,40.9,40.52,40.66,65004
553,50,2020-09-29 13:00:00,40.6546,40.75,40.6,40.65,32336
554,49,2020-09-29 13:30:00,40.655,40.77,40.54,40.76,36254
555,48,2020-09-29 14:00:00,40.77,40.8,40.53,40.61,30282
556,47,2020-09-29 14:30:00,40.62,40.67,40.545,40.67,25544
557,46,2020-09-29 15:00:00,40.68,40.7,40.48,40.5,31707
558,45,2020-09-29 15:30:00,40.485,40.49,40.32,40.48,50479
559,44,2020-09-29 16:00:00,40.47,40.5,40.29,40.4,189179
560,43,2020-09-29 16:30:00,40.42,40.42,40.42,40.42,37532
561,42,2020-09-30 10:00:00,40.44,40.775,40.41,40.54,20924
562,41,2020-09-30 10:30:00,40.48,40.8,40.37,40.45,11173
563,40,2020-09-30 11:00:00,40.45,40.5,40.35,40.355,18793
564,39,2020-09-30 11:30:00,40.355,40.455,40.34,40.43,30989
565,38,2020-09-30 12:00:00,40.43,40.5,40.37,40.4,9885
566,37,2020-09-30 12:30:00,40.45,40.5,40.4,40.46,19023
567,36,2020-09-30 13:00:00,40.47,40.48,40.38,40.48,14127
568,35,2020-09-30 13:30:00,40.49,40.49,40.23,40.26,15218
569,34,2020-09-30 14:00:00,40.28,40.38,40.25,40.25,23828
570,33,2020-09-30 14:30:00,40.26,40.49,40.2,40.225,27251
571,32,2020-09-30 15:00:00,40.1776,40.22,39.83,40.0,28296
572,31,2020-09-30 15:30:00,40.0,40.06,39.65,39.8,46941
573,30,2020-09-30 16:00:00,39.79,39.95,39.7,39.89,192373
574,29,2020-09-30 16:30:00,39.88,39.88,39.88,39.88,4744
575,28,2020-10-01 09:00:00,39.88,39.88,39.88,39.88,20577
576,27,2020-10-01 10:00:00,40.09,40.89,40.01,40.34,98332
577,26,2020-10-01 10:30:00,40.33,40.35,40.05,40.06,66282
578,25,2020-10-01 11:00:00,40.05,40.25,39.985,40.07,99708
579,24,2020-10-01 11:30:00,40.07,40.31,39.93,40.23,67522
580,23,2020-10-01 12:00:00,40.24,40.295,40.04,40.08,35536
581,22,2020-10-01 12:30:00,40.06,40.15,40.0,40.07,36132
582,21,2020-10-01 13:00:00,40.11,40.27,40.06,40.08,42113
583,20,2020-10-01 13:30:00,40.07,40.17,40.02,40.0765,21324
584,19,2020-10-01 14:00:00,40.03,40.125,40.02,40.035,26073
585,18,2020-10-01 14:30:00,40.05,40.08,39.85,40.04,45146
586,17,2020-10-01 15:00:00,40.04,40.2,40.01,40.17,42124
587,16,2020-10-01 15:30:00,40.17,40.29,40.15,40.25,55343
588,15,2020-10-01 16:00:00,40.24,40.52,40.21,40.48,133984
589,14,2020-10-01 16:30:00,40.48,40.48,40.48,40.48,3074
590,13,2020-10-02 10:00:00,40.0,40.55,39.97,40.1168,24465
591,12,2020-10-02 10:30:00,40.21,40.295,40.1,40.27,10777
592,11,2020-10-02 11:00:00,40.24,40.325,40.1,40.23,11667
593,10,2020-10-02 11:30:00,40.23,40.445,40.23,40.43,25860
594,9,2020-10-02 12:00:00,40.42,40.42,40.2,40.27,19326
595,8,2020-10-02 12:30:00,40.26,40.69,40.22,40.64,30337
596,7,2020-10-02 13:00:00,40.68,40.96,40.65,40.87,26568
597,6,2020-10-02 13:30:00,40.885,40.94,40.79,40.89,16994
598,5,2020-10-02 14:00:00,40.84,40.86,40.55,40.61,12551
599,4,2020-10-02 14:30:00,40.62,40.95,40.62,40.8,21102
600,3,2020-10-02 15:00:00,40.83,40.89,40.77,40.89,17601
601,2,2020-10-02 15:30:00,40.88,41.0,40.74,40.95,25128
602,1,2020-10-02 16:00:00,40.94,41.0,40.84,40.91,123906
603,0,2020-10-02 16:30:00,40.91,40.91,40.91,40.91,7386
