,index,time,open,high,low,close,volume
0,523,2020-05-08 04:30:00,715.0,715.0,710.0,710.0,547
1,522,2020-05-08 05:00:00,710.0,710.8,705.0,705.0,1560
2,521,2020-05-08 05:30:00,707.0,707.0,702.0,702.0,1897
3,520,2020-05-08 06:00:00,701.21,701.21,700.0,700.0,582
4,519,2020-05-08 06:30:00,699.79,705.0,699.79,701.99,16201
5,518,2020-05-08 07:00:00,701.94,703.12,700.0,700.0,11301
6,517,2020-05-08 07:30:00,701.84,708.0,700.58,703.35,24911
7,516,2020-05-08 08:00:00,704.0,705.0,701.26,704.0,47014
8,515,2020-05-08 08:30:00,702.0,706.96,698.4,700.0,66060
9,514,2020-05-08 09:00:00,700.54,704.85,700.0002,704.84,48566
10,513,2020-05-08 09:30:00,704.48,706.2,702.0,705.85,35744
11,512,2020-05-08 10:00:00,705.55,715.7899,703.0,711.53,873441
12,511,2020-05-08 10:30:00,712.06,721.0,711.6501,718.87,485446
13,510,2020-05-08 11:00:00,718.87,720.35,708.8501,711.288,366829
14,509,2020-05-08 11:30:00,711.4225,716.69,710.14,710.6901,250885
15,508,2020-05-08 12:00:00,711.0624,716.6,710.04,716.0517,244338
16,507,2020-05-08 12:30:00,716.4199,718.0,715.0301,717.26,169923
17,506,2020-05-08 13:00:00,717.291,717.674,712.5401,713.8073,108950
18,505,2020-05-08 13:30:00,713.6685,714.57,709.5,710.22,147562
19,504,2020-05-08 14:00:00,710.4,711.335,705.9574,711.11,241252
20,503,2020-05-08 14:30:00,710.98,711.48,707.17,709.69,112070
21,502,2020-05-08 15:00:00,709.655,711.79,709.44,710.6439,142951
22,501,2020-05-08 15:30:00,710.56,714.58,709.92,713.4,190426
23,500,2020-05-08 16:00:00,713.42,714.1652,709.72,710.18,406739
24,499,2020-05-08 16:30:00,708.97,713.0,708.97,710.5,29988
25,498,2020-05-08 17:30:00,710.9,710.9,710.9,710.9,102
26,497,2020-05-08 18:00:00,710.36,710.36,710.0,710.0,276
27,496,2020-05-08 18:30:00,709.8,709.8,709.8,709.8,110
28,495,2020-05-08 19:00:00,709.61,709.8,709.5,709.8,683
29,494,2020-05-08 19:30:00,709.5,709.5,709.5,709.5,1017
30,493,2020-05-08 20:00:00,711.5,712.0,711.5,712.0,998
31,492,2020-05-11 07:30:00,708.8,709.99,706.25,709.7,1645
32,491,2020-05-11 08:00:00,709.99,709.99,708.0,708.0,1932
33,490,2020-05-11 08:30:00,710.0,710.0,702.25,706.0,9861
34,489,2020-05-11 09:00:00,704.86,705.5,703.5,705.5,3537
35,488,2020-05-11 09:30:00,706.0,706.01,705.05,706.01,3796
36,487,2020-05-11 10:00:00,706.96,728.0,703.78,726.325,593226
37,486,2020-05-11 10:30:00,726.5053,737.3,726.5053,730.43,492997
38,485,2020-05-11 11:00:00,729.61,735.0,727.16,730.3756,274682
39,484,2020-05-11 11:30:00,731.1,736.3,729.4598,735.0201,200993
40,483,2020-05-11 12:00:00,735.325,735.73,727.0,732.414,218273
41,482,2020-05-11 12:30:00,732.97,735.0,731.0,734.0,172791
42,481,2020-05-11 13:00:00,734.2229,735.8,732.0,734.98,97291
43,480,2020-05-11 13:30:00,734.55,736.88,733.57,735.51,110817
44,479,2020-05-11 14:00:00,735.88,737.15,734.89,736.69,117754
45,478,2020-05-11 14:30:00,736.7862,743.9899,736.11,741.3,276059
46,477,2020-05-11 15:00:00,741.255,748.2599,741.255,744.895,259170
47,476,2020-05-11 15:30:00,745.1175,752.0,744.5,749.4779,376936
48,475,2020-05-11 16:00:00,749.54,752.5,747.1201,749.58,439036
49,474,2020-05-11 16:30:00,750.34,750.34,747.0,750.34,5793
50,473,2020-05-11 17:00:00,749.5101,749.5101,748.5,748.5,3753
51,472,2020-05-11 17:30:00,749.0,749.25,748.3,748.3,1878
52,471,2020-05-11 18:00:00,749.5,749.5,747.0,747.0,2718
53,470,2020-05-11 18:30:00,749.58,751.9,749.58,751.9,947
54,469,2020-05-11 19:00:00,751.89,753.0,751.89,753.0,1824
55,468,2020-05-11 19:30:00,753.0,754.0,752.5,752.7,1169
56,467,2020-05-11 20:00:00,752.5,752.5,752.5,752.5,258
57,466,2020-05-12 04:30:00,750.8,750.8,750.8,750.8,200
58,465,2020-05-12 06:00:00,751.8,751.8,751.8,751.8,130
59,464,2020-05-12 07:30:00,754.0,766.5,754.0,765.0,5496
60,463,2020-05-12 08:00:00,764.88,768.0,764.88,768.0,1943
61,462,2020-05-12 08:30:00,756.9994,771.5,754.0,771.0,12538
62,461,2020-05-12 09:00:00,771.0,771.0,764.9,767.99,10446
63,460,2020-05-12 09:30:00,769.0,772.0,768.5,769.0,10230
64,459,2020-05-12 10:00:00,769.0,769.0,741.56,757.3958,934313
65,458,2020-05-12 10:30:00,757.9,762.9702,750.01,758.5368,423608
66,457,2020-05-12 11:00:00,758.941,766.0,757.45,763.665,302881
67,456,2020-05-12 11:30:00,763.62,770.95,762.37,766.02,254851
68,455,2020-05-12 12:00:00,766.415,767.57,761.4,765.6,207070
69,454,2020-05-12 12:30:00,765.455,767.48,763.01,765.7869999999999,148391
70,453,2020-05-12 13:00:00,765.4,769.26,765.08,768.685,120540
71,452,2020-05-12 13:30:00,768.88,769.0,761.94,763.43,148972
72,451,2020-05-12 14:00:00,763.7,769.37,763.46,768.13,111953
73,450,2020-05-12 14:30:00,768.4639999999999,768.79,761.6110000000001,765.0219999999999,142650
74,449,2020-05-12 15:00:00,765.17,767.1575,762.68,764.7,138520
75,448,2020-05-12 15:30:00,764.51,765.09,750.83,754.965,264306
76,447,2020-05-12 16:00:00,754.13,755.5999,733.95,741.56,432706
77,446,2020-05-12 16:30:00,742.28,745.0,738.7,738.75,5425
78,445,2020-05-12 17:00:00,740.0,740.0,734.0,735.0,6526
79,444,2020-05-12 17:30:00,736.0,736.0,735.11,735.11,898
80,443,2020-05-12 18:00:00,734.9,735.95,734.9,735.95,719
81,442,2020-05-12 18:30:00,736.97,739.65,736.97,738.0,735
82,441,2020-05-12 19:00:00,737.5,739.51,737.5,739.51,1787
83,440,2020-05-12 19:30:00,739.0,741.99,739.0,741.99,2698
84,439,2020-05-12 20:00:00,740.2,740.2,735.05,738.0,2728
85,438,2020-05-13 07:30:00,749.0,752.27,748.22,752.0,7708
86,437,2020-05-13 08:00:00,752.49,757.0,752.49,757.0,2935
87,436,2020-05-13 08:30:00,750.0,756.0,750.0,752.0,6722
88,435,2020-05-13 09:00:00,752.09,752.97,750.0,750.0,5706
89,434,2020-05-13 09:30:00,745.07,748.8,743.0,748.8,11144
90,433,2020-05-13 10:00:00,750.0,764.46,742.3,761.8075,552604
91,432,2020-05-13 10:30:00,761.02,768.59,760.41,765.55,271255
92,431,2020-05-13 11:00:00,765.14,768.56,759.33,760.965,248771
93,430,2020-05-13 11:30:00,760.56,765.84,754.1772,756.68,264116
94,429,2020-05-13 12:00:00,756.5745,756.5745,740.59,744.05,399656
95,428,2020-05-13 12:30:00,744.3594,744.9799,717.29,730.291,623989
96,427,2020-05-13 13:00:00,731.1676,744.0,722.01,740.845,401444
97,426,2020-05-13 13:30:00,742.25,742.25,730.25,736.92,179347
98,425,2020-05-13 14:00:00,736.23,739.54,733.43,737.78,112332
99,424,2020-05-13 14:30:00,737.15,749.45,733.07,745.2001,306603
100,423,2020-05-13 15:00:00,745.2,747.0,736.5001,737.0,182209
101,422,2020-05-13 15:30:00,737.2386,746.0,737.2386,744.3012,253687
102,421,2020-05-13 16:00:00,743.7101,759.32,742.4001,756.99,414287
103,420,2020-05-13 16:30:00,754.38,758.0,754.38,756.25,5059
104,419,2020-05-13 17:00:00,757.0,757.73,757.0,757.26,834
105,418,2020-05-13 18:00:00,758.0,758.0,758.0,758.0,695
106,417,2020-05-13 18:30:00,758.0,758.5,758.0,758.5,796
107,416,2020-05-13 19:30:00,758.5,759.48,758.0,759.48,785
108,415,2020-05-13 20:00:00,759.8,759.8,756.5,758.5,2283
109,414,2020-05-14 07:30:00,752.02,752.02,750.0,750.0,1066
110,413,2020-05-14 08:00:00,750.0,750.94,749.0,749.0,4075
111,412,2020-05-14 08:30:00,750.0,752.07,745.12,746.0,3250
112,411,2020-05-14 09:00:00,745.12,747.0,743.12,747.0,3578
113,410,2020-05-14 09:30:00,747.0,750.0,745.0,749.94,6205
114,409,2020-05-14 10:00:00,749.89,758.09,733.0,739.0,558514
115,408,2020-05-14 10:30:00,738.0,752.0,736.26,738.27,353354
116,407,2020-05-14 11:00:00,737.28,745.1036,736.2,741.78,232608
117,406,2020-05-14 11:30:00,742.34,757.47,742.34,749.42,302156
118,405,2020-05-14 12:00:00,749.78,754.6272,743.54,744.8,182004
119,404,2020-05-14 12:30:00,743.95,749.5,742.15,747.7864,127128
120,403,2020-05-14 13:00:00,748.25,754.16,746.3859,754.13,86049
121,402,2020-05-14 13:30:00,754.37,755.82,750.804,754.3736,130525
122,401,2020-05-14 14:00:00,754.3762,755.36,747.6110000000001,749.13,121508
123,400,2020-05-14 14:30:00,748.5087,751.75,746.5401,747.7162,120765
124,399,2020-05-14 15:00:00,747.8292,751.8,743.2701,750.07,168264
125,398,2020-05-14 15:30:00,749.6,751.5,748.0,750.326,145294
126,397,2020-05-14 16:00:00,749.96,755.57,748.0202,754.96,275323
127,396,2020-05-14 16:30:00,754.29,756.5,754.29,755.0,4291
128,395,2020-05-14 17:00:00,755.0,755.0,755.0,755.0,146
129,394,2020-05-14 17:30:00,754.0,755.0,754.0,754.3,2136
130,393,2020-05-14 18:30:00,754.0,754.1,754.0,754.0,615
131,392,2020-05-14 19:30:00,754.0,754.15,754.0,754.15,425
132,391,2020-05-14 20:00:00,755.0,755.0,755.0,755.0,2529
133,390,2020-05-15 04:30:00,755.02,756.62,755.02,756.62,281
134,389,2020-05-15 07:00:00,758.6,758.6,753.0,753.0,1059
135,388,2020-05-15 07:30:00,755.0,755.0,747.17,750.0,2342
136,387,2020-05-15 08:00:00,750.0,750.0,747.25,747.25,2836
137,386,2020-05-15 08:30:00,750.1001,754.99,747.0002,750.0,5884
138,385,2020-05-15 09:00:00,749.99,751.3,749.88,750.0,3045
139,384,2020-05-15 09:30:00,752.5,753.9,749.75,753.9,4970
140,383,2020-05-15 10:00:00,754.3,766.12,751.25,766.12,444507
141,382,2020-05-15 10:30:00,766.82,774.6825,763.03,767.4995,486566
142,381,2020-05-15 11:00:00,767.3685,771.7268,761.0501,761.279,336088
143,380,2020-05-15 11:30:00,761.2,768.6199,758.1901,766.7225,226998
144,379,2020-05-15 12:00:00,766.3,768.26,762.68,768.26,120436
145,378,2020-05-15 12:30:00,768.09,769.4799,766.01,769.195,106448
146,377,2020-05-15 13:00:00,768.9,770.6599,765.96,769.69,166027
147,376,2020-05-15 13:30:00,769.45,774.1356,769.39,771.73,167798
148,375,2020-05-15 14:00:00,771.1,771.75,767.0,768.2355,126877
149,374,2020-05-15 14:30:00,767.8376,774.46,767.8001,774.21,136469
150,373,2020-05-15 15:00:00,774.2,774.79,768.0,769.0,194352
151,372,2020-05-15 15:30:00,768.91,770.49,768.13,769.722,144194
152,371,2020-05-15 16:00:00,769.7278,770.39,765.78,767.395,323423
153,370,2020-05-15 16:30:00,767.0,768.013956,766.6,766.6,1935
154,369,2020-05-15 17:00:00,766.0,766.0,766.0,766.0,399
155,368,2020-05-15 17:30:00,766.0,766.0,765.0,765.0,1417
156,367,2020-05-15 18:30:00,765.3,765.3,765.0,765.0,750
157,366,2020-05-15 19:00:00,766.0,766.0,765.2,765.2,1853
158,365,2020-05-15 19:30:00,765.69,766.0,765.69,766.0,664
159,364,2020-05-15 20:00:00,766.2,766.2,766.2,766.2,163
160,363,2020-05-18 07:00:00,776.05,776.05,776.05,776.05,348
161,362,2020-05-18 07:30:00,775.0,776.0,774.0,775.99,1931
162,361,2020-05-18 08:00:00,776.0,781.0,775.5,780.0,8274
163,360,2020-05-18 08:30:00,778.0,782.0,775.0,778.0,13461
164,359,2020-05-18 09:00:00,777.56,778.0,773.91,775.0,13792
165,358,2020-05-18 09:30:00,775.55,776.0,771.15,771.15,10878
166,357,2020-05-18 10:00:00,770.0,770.73,750.0,757.2065,648924
167,356,2020-05-18 10:30:00,758.0621,761.47,751.45,759.92,331937
168,355,2020-05-18 11:00:00,759.265,760.8,751.75,754.3252,194502
169,354,2020-05-18 11:30:00,754.13,754.69,746.42,747.12,241328
170,353,2020-05-18 12:00:00,747.12,750.23,744.65,747.51,254675
171,352,2020-05-18 12:30:00,747.2995,748.3,737.23,739.0,286111
172,351,2020-05-18 13:00:00,739.48,743.0,733.0,735.6030000000001,272412
173,350,2020-05-18 13:30:00,735.0201,737.41,733.28,735.0612,171160
174,349,2020-05-18 14:00:00,735.15,744.78,734.8101,743.9719,222576
175,348,2020-05-18 14:30:00,743.655,750.6999,742.8098,746.5608,227921
176,347,2020-05-18 15:00:00,746.5911,749.2988,740.0,741.6437,170371
177,346,2020-05-18 15:30:00,742.0,744.29,736.03,740.375,199447
178,345,2020-05-18 16:00:00,740.0,742.0,737.49,738.18,310307
179,344,2020-05-18 16:30:00,738.02,738.02,737.0,737.47,53709
180,343,2020-05-18 17:00:00,736.55,736.76,736.01,736.05,2392
181,342,2020-05-18 17:30:00,736.01,736.01,736.01,736.01,134
182,341,2020-05-18 18:00:00,737.49,737.49,737.0,737.0,929
183,340,2020-05-18 18:30:00,736.68,738.3,736.68,738.3,2129
184,339,2020-05-18 20:00:00,737.23,740.5,736.1,736.1,3475
185,338,2020-05-19 04:30:00,745.0,745.0,745.0,745.0,200
186,337,2020-05-19 05:30:00,748.0,748.0,748.0,748.0,100
187,336,2020-05-19 06:30:00,742.0,742.0,740.21,740.21,238
188,335,2020-05-19 07:00:00,742.88,742.88,742.88,742.88,285
189,334,2020-05-19 07:30:00,743.48,744.54,743.48,744.0,664
190,333,2020-05-19 08:00:00,744.72,745.07,744.72,745.07,1104
191,332,2020-05-19 08:30:00,747.0,747.0,744.0,745.0,3074
192,331,2020-05-19 09:00:00,744.9999,745.0,743.77,744.21,2048
193,330,2020-05-19 09:30:00,744.0,744.0,742.0,743.9,2324
194,329,2020-05-19 10:00:00,745.42,754.0,742.48,747.26,389264
195,328,2020-05-19 10:30:00,746.02,747.7599,739.97,743.2,301597
196,327,2020-05-19 11:00:00,743.94,746.91,741.1176,745.03,224028
197,326,2020-05-19 11:30:00,744.8,745.16,738.73,741.45,183267
198,325,2020-05-19 12:00:00,741.91,744.0,738.57,741.01,144865
199,324,2020-05-19 12:30:00,741.52,742.3599,739.98,740.813,106098
200,323,2020-05-19 13:00:00,740.47,742.5,740.17,740.25,78607
201,322,2020-05-19 13:30:00,740.37,755.97,713.19,750.91,1527794
202,321,2020-05-19 14:00:00,750.27,765.0,748.0,760.425,791267
203,320,2020-05-19 14:30:00,760.16,762.0,756.0,759.075,342508
204,319,2020-05-19 15:00:00,758.55,764.0,750.2201,751.51,434197
205,318,2020-05-19 15:30:00,751.0,758.75,750.6,756.2508,332648
206,317,2020-05-19 16:00:00,756.28,756.64,750.13,753.0,360053
207,316,2020-05-19 16:30:00,753.01,753.24,753.0,753.0,1722
208,315,2020-05-19 17:00:00,753.5,753.8,753.3,753.8,913
209,314,2020-05-19 17:30:00,753.0,753.0,753.0,753.0,300
210,313,2020-05-19 18:00:00,752.0,752.0,752.0,752.0,326
211,312,2020-05-19 18:30:00,750.11,750.11,750.0,750.0,723
212,311,2020-05-19 19:00:00,751.0,754.24,751.0,751.5,1652
213,310,2020-05-19 19:30:00,754.0,754.99,753.03,754.99,962
214,309,2020-05-19 20:00:00,754.99,756.0,754.99,756.0,809
215,308,2020-05-20 07:30:00,759.99,764.2,759.99,762.1,5130
216,307,2020-05-20 08:00:00,763.0,763.0,762.0,762.0,464
217,306,2020-05-20 08:30:00,760.0,765.0,760.0,765.0,9163
218,305,2020-05-20 09:00:00,764.53,765.38,762.0,762.0,4606
219,304,2020-05-20 09:30:00,763.0,767.4,760.51,767.4,8926
220,303,2020-05-20 10:00:00,768.0,773.8,759.41,763.9172,499582
221,302,2020-05-20 10:30:00,764.3838,766.291,752.0,755.3762,317410
222,301,2020-05-20 11:00:00,754.95,758.87,751.74,758.0866,237820
223,300,2020-05-20 11:30:00,757.44,764.6905,756.5,763.0,228135
224,299,2020-05-20 12:00:00,762.9707,764.97,759.53,763.3536,139532
225,298,2020-05-20 12:30:00,763.62,764.15,754.0924,761.97,204374
226,297,2020-05-20 13:00:00,762.32,768.985,759.01,767.3076,315653
227,296,2020-05-20 13:30:00,767.3327,769.0,765.5,767.11,154314
228,295,2020-05-20 14:00:00,767.445,772.0,767.0101,771.24,163956
229,294,2020-05-20 14:30:00,771.1601,771.7234,764.9,766.2402,142605
230,293,2020-05-20 15:00:00,766.0,770.99,765.3301,770.23,110492
231,292,2020-05-20 15:30:00,769.77,775.17,769.06,772.89,197703
232,291,2020-05-20 16:00:00,772.57,778.0,772.16,774.62,437565
233,290,2020-05-20 16:30:00,778.0,778.0,776.51,777.75,7144
234,289,2020-05-20 17:00:00,778.0,779.3,778.0,779.3,3155
235,288,2020-05-20 17:30:00,779.6,779.75,778.8,779.0,1342
236,287,2020-05-20 18:30:00,778.8,780.97,778.8,780.95,2745
237,286,2020-05-20 19:00:00,780.32,780.7,780.14,780.14,506
238,285,2020-05-20 19:30:00,779.99,779.99,779.99,779.99,230
239,284,2020-05-20 20:00:00,780.7,780.7,779.28,780.0,1521
240,283,2020-05-21 07:30:00,782.0,788.21,782.0,785.0,8984
241,282,2020-05-21 08:00:00,786.99,794.0,786.99,789.0,11115
242,281,2020-05-21 08:30:00,794.0,794.0,779.9,789.98,11524
243,280,2020-05-21 09:00:00,789.8,791.97,789.5,790.0,8066
244,279,2020-05-21 09:30:00,789.0,791.85,789.0,791.8,21986
245,278,2020-05-21 10:00:00,791.86,804.94,782.07,800.29,951685
246,277,2020-05-21 10:30:00,799.37,803.4,795.01,799.5566,377774
247,276,2020-05-21 11:00:00,798.81,800.0,788.21,796.55,422609
248,275,2020-05-21 11:30:00,796.55,796.8425,782.65,792.04,375336
249,274,2020-05-21 12:00:00,791.62,798.0,791.62,793.52,198674
250,273,2020-05-21 12:30:00,793.38,805.0,792.9559,803.3426,286508
251,272,2020-05-21 13:00:00,803.4899,804.88,798.53,798.9093,169709
252,271,2020-05-21 13:30:00,798.9439,803.0,796.77,802.65,174284
253,270,2020-05-21 14:00:00,802.96,805.0,801.33,803.425,149714
254,269,2020-05-21 14:30:00,803.945,809.87,803.1189,809.34,202240
255,268,2020-05-21 15:00:00,809.34,809.505,798.1,803.1501,311948
256,267,2020-05-21 15:30:00,803.71,806.0,802.34,804.5526,128376
257,266,2020-05-21 16:00:00,804.54,805.82,800.41,801.97,308741
258,265,2020-05-21 16:30:00,802.35,804.0,802.0,802.35,7702
259,264,2020-05-21 17:00:00,802.0,803.99,801.65,801.73,1809
260,263,2020-05-21 17:30:00,801.7,801.7,801.65,801.65,1543
261,262,2020-05-21 19:00:00,803.35,803.35,802.46,802.46,879
262,261,2020-05-21 19:30:00,803.59,804.0,802.51,804.0,3065
263,260,2020-05-21 20:00:00,802.85,804.99,802.85,804.99,2992
264,259,2020-05-22 05:30:00,798.82,798.82,798.82,798.82,190
265,258,2020-05-22 06:30:00,798.0,798.0,798.0,798.0,545
266,257,2020-05-22 07:30:00,800.0,800.0,800.0,800.0,535
267,256,2020-05-22 08:00:00,803.0,805.0,803.0,805.0,802
268,255,2020-05-22 08:30:00,801.985,809.0,797.0,806.0,7028
269,254,2020-05-22 09:00:00,805.9,806.6,805.4,806.6,1210
270,253,2020-05-22 09:30:00,806.59,806.79,805.3,805.3,1826
271,252,2020-05-22 10:00:00,804.63,818.8,793.64,818.5260000000001,557561
272,251,2020-05-22 10:30:00,817.9909,821.48,812.4101,820.827,383988
273,250,2020-05-22 11:00:00,820.43,821.3699,811.75,812.9999,278408
274,249,2020-05-22 11:30:00,812.4887,820.36,812.4847,818.1301,164482
275,248,2020-05-22 12:00:00,818.31,824.0,818.03,823.8022,173008
276,247,2020-05-22 12:30:00,823.98,826.0,822.5,825.71,152870
277,246,2020-05-22 13:00:00,825.7308,826.3799,820.32,822.0282,147717
278,245,2020-05-22 13:30:00,822.1428,825.8,822.1428,824.0,134603
279,244,2020-05-22 14:00:00,824.105,824.9,820.75,823.6,104845
280,243,2020-05-22 14:30:00,823.5283,825.23,821.33,822.8710000000001,108538
281,242,2020-05-22 15:00:00,823.15,824.0,820.69,823.8065,103289
282,241,2020-05-22 15:30:00,823.57,826.17,820.13,821.96,180582
283,240,2020-05-22 16:00:00,821.09,825.51,820.65,824.845,258360
284,239,2020-05-22 16:30:00,825.17,825.25,824.13,824.8,4226
285,238,2020-05-22 17:00:00,825.08,825.19,825.08,825.11,1213
286,237,2020-05-22 17:30:00,824.5,824.8,824.5,824.8,1348
287,236,2020-05-22 18:00:00,824.97,825.0,824.97,825.0,517
288,235,2020-05-22 19:30:00,825.5,825.5,825.5,825.5,430
289,234,2020-05-22 20:00:00,825.5,825.5,825.18,825.5,550
290,233,2020-05-26 04:30:00,850.0,853.0,850.0,853.0,1266
291,232,2020-05-26 05:00:00,853.0,853.0,846.79,846.79,2165
292,231,2020-05-26 06:00:00,845.9,845.9,845.0,845.0,684
293,230,2020-05-26 06:30:00,844.0,845.8,843.9,845.8,940
294,229,2020-05-26 07:00:00,846.9,846.9,842.0,842.0,1360
295,228,2020-05-26 07:30:00,842.02,844.83,840.12,844.83,6672
296,227,2020-05-26 08:00:00,843.21,843.5,840.0,841.6,3914
297,226,2020-05-26 08:30:00,845.3,845.5,838.54,841.0,10959
298,225,2020-05-26 09:00:00,841.5,843.96,840.5,843.89,7821
299,224,2020-05-26 09:30:00,844.0,846.6,843.0,846.0,13306
300,223,2020-05-26 10:00:00,842.0,844.0,804.4717,809.305,1087200
301,222,2020-05-26 10:30:00,809.3217,812.98,792.0001,794.6873,753895
302,221,2020-05-26 11:00:00,793.37,798.3,777.0001,794.6296,1038767
303,220,2020-05-26 11:30:00,794.01,800.6742,786.06,787.9,502726
304,219,2020-05-26 12:00:00,787.4292,789.71,778.8,785.6325,465890
305,218,2020-05-26 12:30:00,785.32,789.46,783.47,787.6782,281339
306,217,2020-05-26 13:00:00,788.09,792.75,786.87,789.0,222558
307,216,2020-05-26 13:30:00,789.345,789.56,781.88,784.99,238876
308,215,2020-05-26 14:00:00,784.6203,785.18,775.6,781.85,303875
309,214,2020-05-26 14:30:00,781.615,788.2699,780.0,786.2496,235373
310,213,2020-05-26 15:00:00,786.13,788.2,779.25,780.27,204614
311,212,2020-05-26 15:30:00,780.0,780.56,771.7981,773.1201,388347
312,211,2020-05-26 16:00:00,773.8298,777.0,742.37,767.461,630084
313,210,2020-05-26 16:30:00,767.89,770.0,767.89,769.9,5151
314,209,2020-05-26 17:00:00,771.0,771.0,770.51,770.51,21756
315,208,2020-05-26 17:30:00,771.0,771.49,770.5,771.01,1777
316,207,2020-05-26 18:00:00,771.37,771.37,770.9,770.9,1130
317,206,2020-05-26 18:30:00,770.51,770.82,770.0,770.5,2579
318,205,2020-05-26 19:00:00,771.0,771.3,770.0,770.0,865
319,204,2020-05-26 19:30:00,771.0,771.0,771.0,771.0,1103
320,203,2020-05-26 20:00:00,771.0,772.0,769.0001,769.02,3835
321,202,2020-05-27 04:30:00,781.0,781.51,780.83,781.11,1180
322,201,2020-05-27 05:30:00,779.94,779.94,779.94,779.94,100
323,200,2020-05-27 07:00:00,775.51,775.51,775.5,775.5,454
324,199,2020-05-27 07:30:00,773.21,776.8,766.88,767.0,5564
325,198,2020-05-27 08:00:00,767.0,767.0,762.16,765.0,3761
326,197,2020-05-27 08:30:00,763.01,764.5,755.25,757.85,13202
327,196,2020-05-27 09:00:00,757.0,757.0,752.24,756.83,20338
328,195,2020-05-27 09:30:00,757.84,758.46,755.0,755.0,7554
329,194,2020-05-27 10:00:00,755.01,757.0,709.0001,714.0,1447849
330,193,2020-05-27 10:30:00,714.4,753.0,710.055,716.0001,699401
331,192,2020-05-27 11:00:00,716.5,716.7499,685.0,694.02,988734
332,191,2020-05-27 11:30:00,694.43,709.0,687.18,707.3497,629355
333,190,2020-05-27 12:00:00,707.01,723.9999,704.53,719.2458,615627
334,189,2020-05-27 12:30:00,719.403,727.0699,717.52,719.95,336794
335,188,2020-05-27 13:00:00,719.89,731.0,717.02,727.01,270818
336,187,2020-05-27 13:30:00,727.175,730.02,722.0,727.965,216772
337,186,2020-05-27 14:00:00,727.4797,727.89,722.0,725.5409,153415
338,185,2020-05-27 14:30:00,725.393,739.0,725.2001,737.7714,283211
339,184,2020-05-27 15:00:00,737.77,747.9999,737.5601,746.73,307775
340,183,2020-05-27 15:30:00,746.9384,752.735,743.5939999999999,749.65,344091
341,182,2020-05-27 16:00:00,749.8825,752.9199,744.0001,749.5688,424315
342,181,2020-05-27 16:30:00,747.9,752.4,747.9,750.0,5238
343,180,2020-05-27 17:00:00,750.95,752.0,750.95,751.0,823
344,179,2020-05-27 17:30:00,752.0,752.0,748.0,750.0,2156
345,178,2020-05-27 18:30:00,748.0,748.0,748.0,748.0,338
346,177,2020-05-27 19:00:00,747.02,749.39,747.02,747.03,839
347,176,2020-05-27 19:30:00,748.0,748.0,744.0,744.0,1643
348,175,2020-05-27 20:00:00,740.0,740.0,739.5,740.0,1572
349,174,2020-05-28 04:30:00,750.0,752.0,750.0,752.0,200
350,173,2020-05-28 05:30:00,749.0,749.0,749.0,749.0,100
351,172,2020-05-28 07:30:00,747.72,748.47,727.0,735.0,5952
352,171,2020-05-28 08:00:00,735.06,739.24,735.06,738.88,2512
353,170,2020-05-28 08:30:00,727.0,737.39,727.0,728.0,7188
354,169,2020-05-28 09:00:00,726.4,735.02,725.0001,730.0,13933
355,168,2020-05-28 09:30:00,728.0,734.01,728.0,729.0,16661
356,167,2020-05-28 10:00:00,728.01,761.72,727.825,751.05,721278
357,166,2020-05-28 10:30:00,751.68,765.375,744.01,764.75,488588
358,165,2020-05-28 11:00:00,765.085,770.4,764.0101,767.0001,352131
359,164,2020-05-28 11:30:00,767.7,770.0,761.711,765.84,267353
360,163,2020-05-28 12:00:00,766.22,766.22,752.67,757.28,297342
361,162,2020-05-28 12:30:00,757.17,762.9599,756.6385,761.69,211123
362,161,2020-05-28 13:00:00,761.4983,766.74,759.3201,765.43,106069
363,160,2020-05-28 13:30:00,765.68,767.2999,763.0,766.0,109291
364,159,2020-05-28 14:00:00,766.275,766.54,757.791,758.0001,118841
365,158,2020-05-28 14:30:00,758.321,761.31,752.1201,754.2128,190277
366,157,2020-05-28 15:00:00,754.4519,757.25,747.955,753.265,212273
367,156,2020-05-28 15:30:00,752.8501,758.4998,750.0,753.775,256377
368,155,2020-05-28 16:00:00,754.25,755.54,740.42,744.705,374659
369,154,2020-05-28 16:30:00,744.0,744.0,742.0,742.0,1973
370,153,2020-05-28 17:00:00,742.94,742.94,742.94,742.94,214
371,152,2020-05-28 17:30:00,742.0,742.0,742.0,742.0,401
372,151,2020-05-28 18:00:00,743.0,744.0,743.0,744.0,1356
373,150,2020-05-28 19:30:00,742.1,742.1,737.84,737.84,4173
374,149,2020-05-28 20:00:00,739.0,739.0,733.0,733.14,1764
375,148,2020-05-29 04:30:00,734.5,734.5,734.5,734.5,600
376,147,2020-05-29 07:30:00,741.69,741.69,741.25,741.28,825
377,146,2020-05-29 08:00:00,743.8,749.0,743.8,749.0,984
378,145,2020-05-29 08:30:00,748.93,753.5,739.0,751.05,4736
379,144,2020-05-29 09:00:00,750.26,751.94,748.9,750.5,3132
380,143,2020-05-29 09:30:00,749.5,752.75,746.16,752.75,4374
381,142,2020-05-29 10:00:00,756.15,769.39,750.9,761.55,563093
382,141,2020-05-29 10:30:00,761.7559,762.745,741.46,748.34,490834
383,140,2020-05-29 11:00:00,749.23,755.0,747.0,751.26,223152
384,139,2020-05-29 11:30:00,752.123,754.69,747.0,752.8664,182560
385,138,2020-05-29 12:00:00,752.8511,757.9999,750.2657,753.29,132044
386,137,2020-05-29 12:30:00,753.2099,756.0,748.0,753.39,148654
387,136,2020-05-29 13:00:00,752.4756,753.15,748.78,750.2605,122706
388,135,2020-05-29 13:30:00,750.0,753.85,748.56,750.7869,114865
389,134,2020-05-29 14:00:00,750.34,751.0,744.98,748.0,130674
390,133,2020-05-29 14:30:00,747.43,750.73,746.2,748.1655,152602
391,132,2020-05-29 15:00:00,748.4396,748.75,738.0,747.45,238739
392,131,2020-05-29 15:30:00,747.78,753.19,746.05,749.41,286782
393,130,2020-05-29 16:00:00,748.82,760.8099,748.5,758.88,349522
394,129,2020-05-29 16:30:00,754.44,759.0002,754.44,759.0,3711
395,128,2020-05-29 17:00:00,760.0,760.5,759.0,759.0,1116
396,127,2020-05-29 17:30:00,758.01,758.02,758.01,758.02,1108
397,126,2020-05-29 18:00:00,760.0,760.0,758.3,758.3,779
398,125,2020-05-29 19:00:00,758.06,759.59,758.06,759.0,600
399,124,2020-05-29 19:30:00,759.0,760.0,759.0,760.0,709
400,123,2020-05-29 20:00:00,760.5,760.9,760.5,760.9,1593
401,122,2020-06-01 04:30:00,756.85,756.85,756.85,756.85,231
402,121,2020-06-01 07:30:00,756.59,761.38,756.59,761.38,1436
403,120,2020-06-01 08:00:00,761.0,761.0,761.0,761.0,286
404,119,2020-06-01 08:30:00,761.9999,761.9999,756.0,759.0,4493
405,118,2020-06-01 09:00:00,757.0,758.0,755.0,755.36,2229
406,117,2020-06-01 09:30:00,755.5,756.0,754.0,754.72,2968
407,116,2020-06-01 10:00:00,754.72,755.0,739.52,751.8,376439
408,115,2020-06-01 10:30:00,751.975,757.38,749.0601,752.8231,210759
409,114,2020-06-01 11:00:00,752.9885,754.35,747.95,751.4747,141727
410,113,2020-06-01 11:30:00,751.93,752.12,744.5001,745.6001,183704
411,112,2020-06-01 12:00:00,745.6956,750.13,745.5,748.34,107343
412,111,2020-06-01 12:30:00,748.0,749.15,746.9671,747.69,59360
413,110,2020-06-01 13:00:00,747.77,748.29,743.6,744.655,92835
414,109,2020-06-01 13:30:00,744.8423,750.54,744.7732,750.345,95450
415,108,2020-06-01 14:00:00,750.06,752.0,749.25,750.2758,68830
416,107,2020-06-01 14:30:00,750.43,752.39,749.36,751.7126,95491
417,106,2020-06-01 15:00:00,751.96,752.75,750.27,750.8999,47989
418,105,2020-06-01 15:30:00,750.3825,756.85,750.01,756.785,97059
419,104,2020-06-01 16:00:00,756.4853,759.25,754.0,758.69,218887
420,103,2020-06-01 16:30:00,758.0,758.0,756.4,756.4,3165
421,102,2020-06-01 17:00:00,756.4,756.4,756.4,756.4,463
422,101,2020-06-01 17:30:00,758.31,758.31,758.31,758.31,401
423,100,2020-06-01 18:30:00,758.0,758.31,758.0,758.31,549
424,99,2020-06-01 19:00:00,757.75,757.75,757.12,757.12,907
425,98,2020-06-01 19:30:00,755.0,755.0,752.5,753.0,918
426,97,2020-06-01 20:00:00,752.0,752.0,751.6,751.72,917
427,96,2020-06-02 05:00:00,765.0,765.0,765.0,765.0,130
428,95,2020-06-02 07:30:00,764.0,767.0,764.0,765.0,1382
429,94,2020-06-02 08:00:00,764.87,764.87,764.87,764.87,241
430,93,2020-06-02 08:30:00,767.1498,767.1498,761.84,762.05,4832
431,92,2020-06-02 09:00:00,763.0,763.0,762.0,762.0,1189
432,91,2020-06-02 09:30:00,761.8,765.36,761.16,765.36,1782
433,90,2020-06-02 10:00:00,764.43,769.9499,759.42,763.75,335761
434,89,2020-06-02 10:30:00,763.59,766.44,755.91,756.58,193913
435,88,2020-06-02 11:00:00,756.6457,761.0,744.03,751.4716,246710
436,87,2020-06-02 11:30:00,751.0,752.89,744.0,751.265,141973
437,86,2020-06-02 12:00:00,750.615,755.43,748.5,750.5,100003
438,85,2020-06-02 12:30:00,750.7125,754.79,748.175,753.1554,71248
439,84,2020-06-02 13:00:00,753.125,756.9,750.0,756.3009,78239
440,83,2020-06-02 13:30:00,756.1547,764.75,755.9,763.1,243815
441,82,2020-06-02 14:00:00,762.5117,772.1464,762.5,771.58,172043
442,81,2020-06-02 14:30:00,771.8481,780.2955,769.64,778.5,355581
443,80,2020-06-02 15:00:00,778.9899,784.3,776.0,780.285,227278
444,79,2020-06-02 15:30:00,780.39,782.8099,775.84,780.49,230358
445,78,2020-06-02 16:00:00,780.3262,781.2,776.8401,779.5,228793
446,77,2020-06-02 16:30:00,779.5,779.5,765.9883,778.5,8217
447,76,2020-06-02 17:00:00,779.0,780.0,779.0,780.0,4379
448,75,2020-06-02 17:30:00,779.0,779.0,778.4,778.4,810
449,74,2020-06-02 18:00:00,776.0001,776.0001,776.0001,776.0001,196
450,73,2020-06-02 18:30:00,775.48,775.48,775.48,775.48,751
451,72,2020-06-02 19:30:00,776.8,779.0,776.45,779.0,2576
452,71,2020-06-02 20:00:00,779.5,781.99,778.0,781.9,1135
453,70,2020-06-03 07:30:00,784.0,785.83,784.0,785.0,2804
454,69,2020-06-03 08:00:00,786.1,786.1,785.0,785.4,1273
455,68,2020-06-03 08:30:00,785.0,787.99,785.0,785.5,4476
456,67,2020-06-03 09:00:00,784.6,785.0,778.0,778.88,8751
457,66,2020-06-03 09:30:00,777.44,777.89,776.0,776.0,4858
458,65,2020-06-03 10:00:00,777.93,778.6,765.65,778.6,337301
459,64,2020-06-03 10:30:00,778.6,779.08,768.17,771.5,185747
460,63,2020-06-03 11:00:00,771.064,771.2999,764.06,766.29,186063
461,62,2020-06-03 11:30:00,766.58,771.55,765.18,769.4408,167311
462,61,2020-06-03 12:00:00,769.99,770.31,764.04,766.61,100511
463,60,2020-06-03 12:30:00,766.59,766.8427,758.3787,761.46,178622
464,59,2020-06-03 13:00:00,762.1063,766.2799,761.5101,764.0431,87733
465,58,2020-06-03 13:30:00,764.0083,770.38,763.0001,767.0,97171
466,57,2020-06-03 14:00:00,766.7,767.1175,764.6167,766.0369,50154
467,56,2020-06-03 14:30:00,766.2,769.0,765.74,766.6577,50531
468,55,2020-06-03 15:00:00,766.34,767.1391,761.09,761.6045,87997
469,54,2020-06-03 15:30:00,761.3133,764.35,758.5,764.35,137412
470,53,2020-06-03 16:00:00,764.03,765.5,760.21,762.66,192136
471,52,2020-06-03 16:30:00,762.02,762.02,761.0,761.78,1786
472,51,2020-06-03 18:30:00,762.0,763.0,762.0,762.0,587
473,50,2020-06-03 19:30:00,760.0,760.78,760.0,760.0,1487
474,49,2020-06-03 20:00:00,760.0,760.0,759.6,759.6,603
475,48,2020-06-04 08:00:00,756.0,756.5,756.0,756.5,1591
476,47,2020-06-04 08:30:00,757.25,759.0,757.25,759.0,1328
477,46,2020-06-04 09:00:00,758.0,758.0,757.0,757.0,1021
478,45,2020-06-04 09:30:00,758.74,767.0,758.74,765.96,12763
479,44,2020-06-04 10:00:00,763.91,777.22,762.33,768.01,413019
480,43,2020-06-04 10:30:00,768.0937,769.65,763.17,766.4649,228347
481,42,2020-06-04 11:00:00,766.9873,766.9873,752.67,756.1226,247099
482,41,2020-06-04 11:30:00,755.987,757.81,742.51,746.1695,291487
483,40,2020-06-04 12:00:00,745.785,755.0,744.88,753.45,155716
484,39,2020-06-04 12:30:00,752.78,754.19,749.9901,750.75,88257
485,38,2020-06-04 13:00:00,750.3308,752.0,745.64,746.25,138749
486,37,2020-06-04 13:30:00,746.3101,749.9499,746.13,746.5,81941
487,36,2020-06-04 14:00:00,746.57,748.26,744.53,745.6727,99754
488,35,2020-06-04 14:30:00,745.5299,747.0,742.84,743.3999,98363
489,34,2020-06-04 15:00:00,743.64,743.9799,726.1,726.27,333384
490,33,2020-06-04 15:30:00,726.5836,739.88,726.035,737.02,280708
491,32,2020-06-04 16:00:00,737.2651,738.645,729.59,735.81,262893
492,31,2020-06-04 16:30:00,735.19,735.19,733.8,734.98,4835
493,30,2020-06-04 17:00:00,734.3198,734.96,734.3198,734.96,3099
494,29,2020-06-04 17:30:00,734.5,735.0,734.5,735.0,872
495,28,2020-06-04 18:00:00,735.81,735.99,735.81,735.99,716
496,27,2020-06-04 18:30:00,736.0,736.98,736.0,736.85,666
497,26,2020-06-04 19:00:00,738.44,738.44,736.19,736.19,2083
498,25,2020-06-04 19:30:00,736.19,736.75,735.5,735.5,2468
499,24,2020-06-05 07:00:00,735.52,735.52,735.2,735.2,500
500,23,2020-06-05 07:30:00,736.0,737.25,732.75,732.75,2600
501,22,2020-06-05 08:00:00,733.25,733.26,729.3,731.0,4919
502,21,2020-06-05 08:30:00,735.19,735.25,726.55,726.55,6323
503,20,2020-06-05 09:00:00,729.5,732.87,716.0002,723.72,23461
504,19,2020-06-05 09:30:00,722.19,723.0,720.3,721.54,8837
505,18,2020-06-05 10:00:00,721.1,740.86,702.02,737.2644,752776
506,17,2020-06-05 10:30:00,736.86,740.75,726.046,732.4579,341378
507,16,2020-06-05 11:00:00,731.88,739.605,730.0,732.44,213330
508,15,2020-06-05 11:30:00,732.11,732.2713,723.3,726.2389999999999,165597
509,14,2020-06-05 12:00:00,726.28,727.61,721.36,726.265,90023
510,13,2020-06-05 12:30:00,725.54,734.1446,725.51,732.8725,123098
511,12,2020-06-05 13:00:00,732.4133,734.34,725.05,727.4929,101747
512,11,2020-06-05 13:30:00,726.9173,731.89,725.26,731.7322,77555
513,10,2020-06-05 14:00:00,731.66,731.8181,728.07,731.4,75907
514,9,2020-06-05 14:30:00,731.6799,733.74,730.25,731.135,95362
515,8,2020-06-05 15:00:00,730.69,732.39,728.07,728.2108,72362
516,7,2020-06-05 15:30:00,728.3096,729.99,726.57,728.695,99507
517,6,2020-06-05 16:00:00,728.62,729.09,725.1,727.485,238419
518,5,2020-06-05 16:30:00,727.77,727.77,726.0,727.0,1452
519,4,2020-06-05 17:00:00,725.01,725.01,725.01,725.01,302
520,3,2020-06-05 17:30:00,724.0,725.0,724.0,725.0,975
521,2,2020-06-05 18:00:00,724.91,724.91,724.91,724.91,401
522,1,2020-06-05 19:30:00,725.0,725.0,725.0,725.0,294
523,0,2020-06-05 20:00:00,726.0,726.0,725.01,725.01,374
524,503,2020-06-08 08:00:00,722.5,724.0,719.0,724.0,2386
525,502,2020-06-08 08:30:00,724.0,724.0,719.0,721.16,5988
526,501,2020-06-08 09:00:00,721.99,721.99,717.5,720.13,3508
527,500,2020-06-08 09:30:00,722.98,725.29,717.01,717.01,7145
528,499,2020-06-08 10:00:00,715.0,727.0,710.8811,716.5772,403356
529,498,2020-06-08 10:30:00,716.11,717.0,708.01,712.9475,260993
530,497,2020-06-08 11:00:00,712.7101,721.97,712.7101,718.76,188984
531,496,2020-06-08 11:30:00,719.41,720.2719999999999,714.279,716.7327,105540
532,495,2020-06-08 12:00:00,716.93,720.27,713.74,720.035,99720
533,494,2020-06-08 12:30:00,720.43,724.0,719.54,720.94,106693
534,493,2020-06-08 13:00:00,720.95,723.99,720.6701,723.18,54228
535,492,2020-06-08 13:30:00,722.835,722.835,720.195,722.48,62182
536,491,2020-06-08 14:00:00,722.4129,729.9,722.4129,729.9,108099
537,490,2020-06-08 14:30:00,729.52,731.0,728.9,729.285,86060
538,489,2020-06-08 15:00:00,729.1571,729.3438,724.8,728.285,71748
539,488,2020-06-08 15:30:00,728.4899,729.0,725.74,727.63,87217
540,487,2020-06-08 16:00:00,727.9,731.15,727.3,730.73,179957
541,486,2020-06-08 16:30:00,730.67,730.67,728.45,728.45,2311
542,485,2020-06-08 17:30:00,729.0,729.0,729.0,729.0,100
543,484,2020-06-08 18:00:00,729.45,730.0,729.45,730.0,311
544,483,2020-06-08 19:30:00,730.0,730.0,729.0,729.0,671
545,482,2020-06-09 07:30:00,725.1,725.1,725.1,725.1,145
546,481,2020-06-09 08:00:00,727.1,729.0,727.1,729.0,269
547,480,2020-06-09 08:30:00,728.0,733.99,727.0,733.99,2798
548,479,2020-06-09 09:00:00,735.0,736.25,733.53,736.25,1747
549,478,2020-06-09 09:30:00,738.06,742.88,738.06,742.88,3150
550,477,2020-06-09 10:00:00,743.91,751.89,739.66,748.34,308642
551,476,2020-06-09 10:30:00,748.7335,748.7335,733.25,737.7,165318
552,475,2020-06-09 11:00:00,738.13,754.8,738.13,750.56,217743
553,474,2020-06-09 11:30:00,750.6026,753.5,745.2844,747.79,116964
554,473,2020-06-09 12:00:00,748.1442,749.33,745.0,749.33,53742
555,472,2020-06-09 12:30:00,749.02,754.0,748.9621,752.5,82918
556,471,2020-06-09 13:00:00,752.655,753.5595,749.73,751.88,54311
557,470,2020-06-09 13:30:00,751.65,752.19,750.0,751.55,60061
558,469,2020-06-09 14:00:00,751.25,754.2,750.71,753.69,58380
559,468,2020-06-09 14:30:00,753.67,753.73,747.5,749.15,72453
560,467,2020-06-09 15:00:00,748.82,749.88,746.16,748.6367,72070
561,466,2020-06-09 15:30:00,748.56,751.2,747.32,748.0001,75139
562,465,2020-06-09 16:00:00,748.38,748.87,740.72,740.85,169976
563,464,2020-06-09 16:30:00,741.0504,741.7,741.0504,741.7,883
564,463,2020-06-09 17:30:00,741.7,741.7,741.7,741.7,160
565,462,2020-06-09 18:00:00,741.5,741.5,741.5,741.5,948
566,461,2020-06-09 18:30:00,741.0,741.0,741.0,741.0,100
567,460,2020-06-09 19:00:00,742.0,742.0,742.0,742.0,100
568,459,2020-06-10 07:30:00,745.25,751.0,745.25,751.0,1557
569,458,2020-06-10 08:00:00,751.0,751.75,750.51,751.75,1159
570,457,2020-06-10 08:30:00,752.0,755.54,751.98,753.0,10649
571,456,2020-06-10 09:00:00,751.88,751.88,749.0,750.0,1868
572,455,2020-06-10 09:30:00,750.73,756.08,749.49,756.08,4198
573,454,2020-06-10 10:00:00,757.0,758.5,747.27,752.97,209914
574,453,2020-06-10 10:30:00,753.56,758.05,746.0,748.04,159976
575,452,2020-06-10 11:00:00,747.8055,752.98,743.94,746.315,103107
576,451,2020-06-10 11:30:00,746.16,755.0,745.37,751.88,95051
577,450,2020-06-10 12:00:00,751.9575,752.41,746.38,746.9,77978
578,449,2020-06-10 12:30:00,747.38,747.95,741.01,747.855,104893
579,448,2020-06-10 13:00:00,747.95,748.71,744.0,744.0,58056
580,447,2020-06-10 13:30:00,743.935,744.38,740.7489999999999,741.96,60616
581,446,2020-06-10 14:00:00,741.535,742.075,732.51,735.91,109014
582,445,2020-06-10 14:30:00,737.175,748.48,733.52,748.42,154272
583,444,2020-06-10 15:00:00,747.98,748.36,740.68,743.8910000000001,108995
584,443,2020-06-10 15:30:00,743.475,747.8863,740.0,746.45,88942
585,442,2020-06-10 16:00:00,746.53,748.42,743.5,743.51,137445
586,441,2020-06-10 16:30:00,743.64,744.27,742.0,742.0,1931
587,440,2020-06-10 17:00:00,742.98,742.98,742.98,742.98,258
588,439,2020-06-10 17:30:00,742.0,742.0,741.75,741.75,466
589,438,2020-06-10 18:00:00,742.04,742.04,742.04,742.04,301
590,437,2020-06-10 18:30:00,742.6,742.6,742.6,742.6,773
591,436,2020-06-10 19:00:00,741.7,741.7,740.4,740.4,590
592,435,2020-06-10 19:30:00,740.23,741.0,740.23,741.0,561
593,434,2020-06-10 20:00:00,740.05,740.05,738.88,738.88,1964
594,433,2020-06-11 04:30:00,738.5,738.5,738.5,738.5,384
595,432,2020-06-11 07:00:00,735.91,736.0,735.91,736.0,430
596,431,2020-06-11 07:30:00,735.5,735.5,727.03,730.5,7673
597,430,2020-06-11 08:00:00,730.15,730.15,725.75,727.77,7013
598,429,2020-06-11 08:30:00,735.2,735.2,725.0,728.5,7499
599,428,2020-06-11 09:00:00,729.07,730.0,727.0,730.0,5617
600,427,2020-06-11 09:30:00,731.0,732.95,730.0,732.0,5943
601,426,2020-06-11 10:00:00,733.34,750.99,731.14,749.0,320303
602,425,2020-06-11 10:30:00,749.3,765.52,746.0008,756.0,312890
603,424,2020-06-11 11:00:00,756.002,762.0,749.44,750.0,185046
604,423,2020-06-11 11:30:00,750.51,759.41,747.5,757.42,155855
605,422,2020-06-11 12:00:00,756.66,757.0,743.655,749.06,153641
606,421,2020-06-11 12:30:00,749.24,749.24,733.21,737.5999,136828
607,420,2020-06-11 13:00:00,737.0,741.33,727.57,728.6111,135759
608,419,2020-06-11 13:30:00,728.745,737.58,728.745,734.01,99090
609,418,2020-06-11 14:00:00,733.5,738.27,732.6116,737.685,87823
610,417,2020-06-11 14:30:00,737.3577,737.6602,729.1682,730.505,73527
611,416,2020-06-11 15:00:00,731.0078,732.1,724.3,727.0,126788
612,415,2020-06-11 15:30:00,726.32,728.29,724.0,725.07,154969
613,414,2020-06-11 16:00:00,725.0,732.48,724.0654,725.11,218247
614,413,2020-06-11 16:30:00,725.12,740.0756,718.26,725.0,15475
615,412,2020-06-11 17:00:00,725.17,725.17,725.0,725.0,849
616,411,2020-06-11 18:00:00,723.5,723.5,723.5,723.5,502
617,410,2020-06-11 20:00:00,730.09,732.0,730.09,732.0,452
618,409,2020-06-12 07:00:00,734.0,734.99,734.0,734.99,241
619,408,2020-06-12 07:30:00,737.88,739.55,737.88,739.55,921
620,407,2020-06-12 08:00:00,739.7,740.04,739.7,740.04,1994
621,406,2020-06-12 08:30:00,739.98,739.98,737.0,737.0,4924
622,405,2020-06-12 09:00:00,736.48,738.6,735.76,738.6,2251
623,404,2020-06-12 09:30:00,738.8,744.5,738.8,744.5,3336
624,403,2020-06-12 10:00:00,739.34,745.0,733.02,742.64,255304
625,402,2020-06-12 10:30:00,743.41,743.41,734.99,738.555,144397
626,401,2020-06-12 11:00:00,738.472,741.3799,725.24,725.24,162137
627,400,2020-06-12 11:30:00,726.055,730.47,718.2001,722.2301,258199
628,399,2020-06-12 12:00:00,723.29,726.77,720.0,723.41,161171
629,398,2020-06-12 12:30:00,723.4158,729.38,722.915,727.62,103828
630,397,2020-06-12 13:00:00,726.7410000000001,729.0,723.0,727.48,73775
631,396,2020-06-12 13:30:00,727.135,727.9,721.3301,724.0,88806
632,395,2020-06-12 14:00:00,724.045,725.15,713.66,714.18,157527
633,394,2020-06-12 14:30:00,714.15,723.9,713.23,723.57,79997
634,393,2020-06-12 15:00:00,723.71,727.63,720.0,727.63,111202
635,392,2020-06-12 15:30:00,727.21,736.73,727.21,731.0,177256
636,391,2020-06-12 16:00:00,731.04,745.0,729.9872,742.58,318906
637,390,2020-06-12 16:30:00,742.58,742.58,740.0,740.0,2200
638,389,2020-06-12 17:00:00,740.0,741.0,740.0,741.0,1729
639,388,2020-06-12 17:30:00,739.51,739.51,738.94,739.0,605
640,387,2020-06-12 18:00:00,739.51,739.51,739.51,739.51,300
641,386,2020-06-12 18:30:00,739.3,740.01,739.3,740.01,300
642,385,2020-06-15 04:30:00,736.9,737.22,736.9,737.22,846
643,384,2020-06-15 05:00:00,737.08,737.08,737.08,737.08,291
644,383,2020-06-15 06:30:00,744.96,769.74,744.96,769.74,3833
645,382,2020-06-15 07:00:00,769.73,780.0,768.02,780.0,2295
646,381,2020-06-15 07:30:00,777.08,777.08,762.47,765.69,7799
647,380,2020-06-15 08:00:00,768.0,792.33,768.0,783.91,49567
648,379,2020-06-15 08:30:00,767.0,793.89,760.5,781.7,54287
649,378,2020-06-15 09:00:00,780.92,782.25,777.0,778.7,16159
650,377,2020-06-15 09:30:00,778.0,779.2,775.0,778.0,14078
651,376,2020-06-15 10:00:00,777.0,793.65,769.865,792.66,899337
652,375,2020-06-15 10:30:00,792.81,799.02,790.3301,794.6338,466967
653,374,2020-06-15 11:00:00,793.73,793.8,774.02,775.15,463645
654,373,2020-06-15 11:30:00,775.15,784.73,773.0,779.49,270756
655,372,2020-06-15 12:00:00,778.05,784.7399,774.5251,779.69,134771
656,371,2020-06-15 12:30:00,779.03,787.4,778.97,784.28,140861
657,370,2020-06-15 13:00:00,784.2,787.99,780.24,787.9810000000001,99858
658,369,2020-06-15 13:30:00,787.87,791.75,784.0258,787.91,115954
659,368,2020-06-15 14:00:00,788.3,794.5,787.47,791.5,123698
660,367,2020-06-15 14:30:00,791.97,794.58,785.0,786.84,165965
661,366,2020-06-15 15:00:00,787.32,795.0,786.699,794.06,164979
662,365,2020-06-15 15:30:00,794.45,799.75,794.15,797.62,229391
663,364,2020-06-15 16:00:00,797.862,807.39,795.11,805.59,580147
664,363,2020-06-15 16:30:00,806.41,806.83,789.382,804.98,6669
665,362,2020-06-15 17:00:00,805.47,806.8,804.7,805.49,10951
666,361,2020-06-15 17:30:00,805.48,805.48,805.16,805.16,437
667,360,2020-06-15 18:30:00,808.0,808.0,807.21,807.21,345
668,359,2020-06-15 19:00:00,806.01,806.01,806.01,806.01,307
669,358,2020-06-15 19:30:00,807.8,807.8,807.8,807.8,149
670,357,2020-06-15 20:00:00,812.0,812.0,811.0,811.0,688
671,356,2020-06-16 04:30:00,815.0,815.0,815.0,815.0,207
672,355,2020-06-16 07:00:00,816.0,816.0,816.0,816.0,208
673,354,2020-06-16 07:30:00,818.39,818.4,799.9,804.0,15701
674,353,2020-06-16 08:00:00,804.0,804.03,798.0,801.01,7410
675,352,2020-06-16 08:30:00,795.2714,818.89,795.2714,804.0,21118
676,351,2020-06-16 09:00:00,804.1,810.3,801.0,810.3,25948
677,350,2020-06-16 09:30:00,809.0,809.0,805.0,809.0,14534
678,349,2020-06-16 10:00:00,809.0,812.6,787.5,805.0,697214
679,348,2020-06-16 10:30:00,803.85,808.5,794.15,801.8967,251771
680,347,2020-06-16 11:00:00,802.95,809.0,796.0,797.26,249058
681,346,2020-06-16 11:30:00,796.07,810.22,790.0,800.72,114307
682,345,2020-06-16 12:00:00,800.4002,801.3999,795.0,796.52,74890
683,344,2020-06-16 12:30:00,797.38,797.7445,791.11,795.1272,112351
684,343,2020-06-16 13:00:00,796.36,807.0,795.895,806.3925,134112
685,342,2020-06-16 13:30:00,806.63,815.2,805.17,810.6012,220475
686,341,2020-06-16 14:00:00,810.1001,816.2975,809.74,814.34,130669
687,340,2020-06-16 14:30:00,814.25,816.7799,808.365,809.31,137232
688,339,2020-06-16 15:00:00,810.55,810.5698,804.3601,808.395,129281
689,338,2020-06-16 15:30:00,808.065,809.16,796.2,802.0801,164920
690,337,2020-06-16 16:00:00,802.01,806.6255,801.2,805.87,165807
691,336,2020-06-16 16:30:00,805.76,807.01,805.5,805.5,3267
692,335,2020-06-16 17:00:00,805.8,805.8,805.8,805.8,180
693,334,2020-06-16 18:00:00,805.82,805.82,804.22,804.22,1237
694,333,2020-06-16 18:30:00,804.81,805.1,804.81,805.1,301
695,332,2020-06-17 07:30:00,812.76,813.0,812.0,813.0,706
696,331,2020-06-17 08:00:00,813.65,813.76,813.65,813.76,416
697,330,2020-06-17 08:30:00,810.01,814.89,810.01,811.9,1486
698,329,2020-06-17 09:00:00,809.01,812.44,809.01,810.5,1653
699,328,2020-06-17 09:30:00,811.75,813.0,810.25,813.0,1777
700,327,2020-06-17 10:00:00,813.0,827.4941,810.59,823.0862,480331
701,326,2020-06-17 10:30:00,823.675,826.0,816.22,818.23,253933
702,325,2020-06-17 11:00:00,818.7308,823.31,817.4101,818.225,127615
703,324,2020-06-17 11:30:00,818.2560000000001,821.14,815.29,820.37,114992
704,323,2020-06-17 12:00:00,820.3,823.0373,817.5,820.75,91844
705,322,2020-06-17 12:30:00,821.0,825.0,820.6901,824.9,84131
706,321,2020-06-17 13:00:00,824.57,825.18,823.01,824.5777,78029
707,320,2020-06-17 13:30:00,824.4401,825.8,822.54,823.065,62922
708,319,2020-06-17 14:00:00,822.9165,823.39,817.5497,819.2266,129092
709,318,2020-06-17 14:30:00,819.038,823.76,819.038,821.3175,66876
710,317,2020-06-17 15:00:00,821.9309,824.15,819.5302,821.3,65596
711,316,2020-06-17 15:30:00,821.135,821.74,814.38,815.95,114266
712,315,2020-06-17 16:00:00,815.51,818.716,814.25,817.77,142532
713,314,2020-06-17 16:30:00,817.36,821.29,816.0,821.0,7854
714,313,2020-06-17 17:00:00,818.55,818.55,818.12,818.12,524
715,312,2020-06-17 17:30:00,821.7,822.0,819.11,819.11,1048
716,311,2020-06-17 18:30:00,818.0,820.0,818.0,818.0,1267
717,310,2020-06-17 19:00:00,818.0,818.0,818.0,818.0,242
718,309,2020-06-17 19:30:00,818.0,818.0,818.0,818.0,427
719,308,2020-06-17 20:00:00,817.0,817.0,817.0,817.0,200
720,307,2020-06-18 05:00:00,820.54,820.54,820.54,820.54,100
721,306,2020-06-18 06:00:00,821.5,821.5,821.5,821.5,103
722,305,2020-06-18 06:30:00,821.5,826.0,821.5,826.0,600
723,304,2020-06-18 07:00:00,828.0,828.0,827.77,827.9,709
724,303,2020-06-18 07:30:00,828.0,833.0,827.58,827.67,5955
725,302,2020-06-18 08:00:00,828.97,832.0,828.5,829.0,4161
726,301,2020-06-18 08:30:00,829.43,832.0,826.04,829.8,7128
727,300,2020-06-18 09:00:00,830.7,831.0,830.0,830.0,4354
728,299,2020-06-18 09:30:00,830.0,837.25,830.0,835.0,16567
729,298,2020-06-18 10:00:00,832.5,850.0,830.5,843.12,558178
730,297,2020-06-18 10:30:00,844.0,853.0,842.94,850.15,356118
731,296,2020-06-18 11:00:00,850.1,863.79,849.0,863.5,317690
732,295,2020-06-18 11:30:00,863.3282,869.7,861.85,863.63,321471
733,294,2020-06-18 12:00:00,862.98,865.77,855.0,858.37,281047
734,293,2020-06-18 12:30:00,858.1518,866.0144,856.01,864.94,146070
735,292,2020-06-18 13:00:00,865.01,869.3799,863.55,867.2,195677
736,291,2020-06-18 13:30:00,867.715,867.725,859.1501,861.8932,126253
737,290,2020-06-18 14:00:00,861.265,866.75,860.0,864.925,97038
738,289,2020-06-18 14:30:00,865.04,865.19,860.235,860.9801,81277
739,288,2020-06-18 15:00:00,861.99,863.9912,857.2,858.623,103402
740,287,2020-06-18 15:30:00,858.67,859.905,855.13,858.9033,136140
741,286,2020-06-18 16:00:00,858.74,864.04,857.0,863.8,241707
742,285,2020-06-18 16:30:00,863.56,864.98,863.4,864.0,27019
743,284,2020-06-18 17:00:00,864.99,866.01,864.99,866.0,3346
744,283,2020-06-18 18:00:00,867.0,867.0,867.0,867.0,454
745,282,2020-06-18 18:30:00,868.25,871.77,868.25,871.77,3530
746,281,2020-06-18 19:00:00,872.0,874.0,870.0,874.0,2219
747,280,2020-06-18 19:30:00,874.99,874.99,873.1,873.1,1934
748,279,2020-06-18 20:00:00,872.8,872.8,869.0,869.0,3371
749,278,2020-06-19 07:30:00,872.5,875.0,871.0,871.53,8206
750,277,2020-06-19 08:00:00,872.01,875.55,872.01,875.49,3397
751,276,2020-06-19 08:30:00,874.1,883.56,871.0,881.0,22637
752,275,2020-06-19 09:00:00,880.56,880.56,870.0,878.0,25745
753,274,2020-06-19 09:30:00,878.0,878.99,875.9,876.0,9523
754,273,2020-06-19 10:00:00,876.0,888.71,866.0,883.0,657348
755,272,2020-06-19 10:30:00,883.1326,895.56,880.69,893.615,512351
756,271,2020-06-19 11:00:00,893.7583,895.35,885.62,892.3257,367427
757,270,2020-06-19 11:30:00,892.315,895.0,888.6701,893.5,219166
758,269,2020-06-19 12:00:00,894.2280000000001,894.41,886.5,886.85,165181
759,268,2020-06-19 12:30:00,887.0,888.39,872.93,880.0496,350797
760,267,2020-06-19 13:00:00,879.6,890.38,879.1583,890.37,239563
761,266,2020-06-19 13:30:00,890.185,890.41,883.05,886.02,164724
762,265,2020-06-19 14:00:00,886.01,888.6486,881.0,881.5,142262
763,264,2020-06-19 14:30:00,882.0,882.78,868.1301,868.5704,277478
764,263,2020-06-19 15:00:00,868.48,881.44,868.48,879.595,209648
765,262,2020-06-19 15:30:00,879.01,882.33,878.21,881.17,175788
766,261,2020-06-19 16:00:00,881.34,888.49,881.225,883.97,375986
767,260,2020-06-19 16:30:00,881.0,883.0,878.0,878.25,20718
768,259,2020-06-19 17:00:00,878.9,879.8,878.08,879.8,954
769,258,2020-06-19 17:30:00,878.36,878.36,878.0,878.0,456
770,257,2020-06-19 18:00:00,878.22,878.22,878.01,878.01,1268
771,256,2020-06-19 18:30:00,878.02,878.02,877.0,877.0,652
772,255,2020-06-19 19:00:00,877.0,877.47,875.0,877.47,1951
773,254,2020-06-19 19:30:00,877.46,877.46,877.46,877.46,452
774,253,2020-06-19 20:00:00,878.88,878.88,874.5,874.5,4147
775,252,2020-06-22 07:30:00,884.0,891.76,884.0,891.76,2781
776,251,2020-06-22 08:00:00,891.0,894.9,891.0,894.0,3759
777,250,2020-06-22 08:30:00,879.51,895.0,879.51,892.5,8240
778,249,2020-06-22 09:00:00,893.0,894.0,892.0,894.0,5369
779,248,2020-06-22 09:30:00,893.02,896.2,893.0,894.1,14834
780,247,2020-06-22 10:00:00,895.12,909.8698,893.02,907.02,557335
781,246,2020-06-22 10:30:00,907.39,907.5,899.01,902.341,241372
782,245,2020-06-22 11:00:00,903.8,907.0,896.7,897.0,198933
783,244,2020-06-22 11:30:00,897.0,905.27,894.05,898.55,290529
784,243,2020-06-22 12:00:00,899.4349,902.9,896.0,901.52,138460
785,242,2020-06-22 12:30:00,901.08,901.26,896.52,901.065,107496
786,241,2020-06-22 13:00:00,901.03,906.01,901.0,903.18,129814
787,240,2020-06-22 13:30:00,903.5818,903.732,897.71,899.0,124882
788,239,2020-06-22 14:00:00,899.243,904.5928,898.8201,903.3892,79544
789,238,2020-06-22 14:30:00,903.2,904.2199,900.5,902.7,85407
790,237,2020-06-22 15:00:00,902.09,903.19,900.5060000000001,902.51,66911
791,236,2020-06-22 15:30:00,903.02,905.45,900.59,901.8199,126493
792,235,2020-06-22 16:00:00,901.68,905.5,901.32,904.8901,197238
793,234,2020-06-22 16:30:00,904.81,904.81,903.1,904.5,3445
794,233,2020-06-22 17:00:00,906.34,906.34,905.0,906.0,1296
795,232,2020-06-22 18:00:00,907.0,907.0,905.1,905.1,1261
796,231,2020-06-22 18:30:00,907.0,907.0,907.0,907.0,200
797,230,2020-06-22 19:30:00,905.33,905.33,905.33,905.33,878
798,229,2020-06-22 20:00:00,907.0,908.5,907.0,908.5,1831
799,228,2020-06-23 07:30:00,915.0,919.84,915.0,918.63,4822
800,227,2020-06-23 08:00:00,918.0,918.1,914.88,917.0,6202
801,226,2020-06-23 08:30:00,916.25,920.0,916.03,918.25,14098
802,225,2020-06-23 09:00:00,918.9,918.99,917.17,917.17,5021
803,224,2020-06-23 09:30:00,917.1,921.0,914.0,921.0,16496
804,223,2020-06-23 10:00:00,919.19,919.99,907.26,914.618,595827
805,222,2020-06-23 10:30:00,914.14,919.69,911.07,918.38,284677
806,221,2020-06-23 11:00:00,918.9266,919.5,913.18,917.0,153849
807,220,2020-06-23 11:30:00,917.38,919.69,916.1701,918.1559,113942
808,219,2020-06-23 12:00:00,918.3389999999999,918.57,916.0,918.0,90802
809,218,2020-06-23 12:30:00,917.89,925.424,915.96,923.4917,210416
810,217,2020-06-23 13:00:00,923.94,927.44,923.0,925.4183,119155
811,216,2020-06-23 13:30:00,925.57,928.0,922.0,922.53,92152
812,215,2020-06-23 14:00:00,922.79,925.95,922.51,923.47,69680
813,214,2020-06-23 14:30:00,923.16,924.6499,918.66,919.492,110560
814,213,2020-06-23 15:00:00,919.8199,922.75,917.07,918.09,114433
815,212,2020-06-23 15:30:00,917.88,919.59,912.43,912.65,159117
816,211,2020-06-23 16:00:00,912.64,916.1147,910.52,910.92,257531
817,210,2020-06-23 16:30:00,911.34,914.99,910.5,910.5,2284
818,209,2020-06-23 17:00:00,911.0,911.34,910.0,910.0,3536
819,208,2020-06-23 17:30:00,909.17,909.17,909.0,909.0,3638
820,207,2020-06-23 18:00:00,910.05,910.05,910.0,910.0,911
821,206,2020-06-23 18:30:00,911.11,911.34,911.0,911.0,977
822,205,2020-06-23 19:00:00,910.02,910.02,909.0,909.0,1324
823,204,2020-06-23 19:30:00,908.15,908.15,905.86,905.86,2203
824,203,2020-06-23 20:00:00,905.2,906.7,901.35,902.0,6633
825,202,2020-06-24 07:30:00,905.29,917.0,904.15,917.0,6746
826,201,2020-06-24 08:00:00,914.0,914.0,912.0,914.0,4308
827,200,2020-06-24 08:30:00,911.7242,917.02,907.25,914.94,10126
828,199,2020-06-24 09:00:00,914.11,915.1,910.01,910.01,3830
829,198,2020-06-24 09:30:00,913.9998,914.5,911.49,912.12,7963
830,197,2020-06-24 10:00:00,910.01,924.0,880.11,881.99,705149
831,196,2020-06-24 10:30:00,881.01,906.24,880.09,905.395,435852
832,195,2020-06-24 11:00:00,905.1494,905.16,897.3,898.14,224143
833,194,2020-06-24 11:30:00,898.0,900.67,882.0,889.065,316796
834,193,2020-06-24 12:00:00,888.39,891.5799,868.0,880.445,355708
835,192,2020-06-24 12:30:00,880.48,884.84,872.23,882.15,214695
836,191,2020-06-24 13:00:00,882.235,893.1,880.0801,891.65,180894
837,190,2020-06-24 13:30:00,892.295,895.71,887.5556,888.13,140507
838,189,2020-06-24 14:00:00,886.74,892.71,885.01,888.57,116461
839,188,2020-06-24 14:30:00,890.4315,890.5299,882.2,886.6506,114186
840,187,2020-06-24 15:00:00,886.2,889.88,883.05,885.0,99830
841,186,2020-06-24 15:30:00,885.0,898.0,884.55,895.46,141147
842,185,2020-06-24 16:00:00,895.9792,902.64,892.91,897.01,318623
843,184,2020-06-24 16:30:00,897.0,899.0,891.2,898.01,3834
844,183,2020-06-24 17:30:00,897.5,897.5,897.0,897.0,850
845,182,2020-06-24 18:00:00,897.0,897.0,897.0,897.0,127
846,181,2020-06-24 18:30:00,896.78,896.78,895.9,896.0,700
847,180,2020-06-24 19:30:00,894.75,894.75,886.78,886.78,1926
848,179,2020-06-24 20:00:00,892.0,892.0,888.0,888.0,3504
849,178,2020-06-25 04:30:00,890.44,890.44,890.44,890.44,198
850,177,2020-06-25 06:00:00,899.67,899.67,899.67,899.67,110
851,176,2020-06-25 07:30:00,898.0,899.63,893.12,893.12,1393
852,175,2020-06-25 08:00:00,892.12,895.47,892.0,895.08,4082
853,174,2020-06-25 08:30:00,896.0,899.0207,891.5,893.0,2287
854,173,2020-06-25 09:00:00,891.5,894.0,890.0,891.01,4502
855,172,2020-06-25 09:30:00,891.25,891.26,882.9,884.0,8340
856,171,2020-06-25 10:00:00,886.56,894.1315,873.2447,887.0001,456470
857,170,2020-06-25 10:30:00,887.77,899.66,880.08,897.165,264423
858,169,2020-06-25 11:00:00,896.2359,903.82,893.38,898.6094,204093
859,168,2020-06-25 11:30:00,897.61,905.15,895.28,903.19,180364
860,167,2020-06-25 12:00:00,902.8414,909.87,901.345,908.24,141073
861,166,2020-06-25 12:30:00,908.7,916.0,908.7,911.62,176608
862,165,2020-06-25 13:00:00,911.9,916.05,909.57,914.11,137671
863,164,2020-06-25 13:30:00,913.9,917.35,911.0892,914.5,108297
864,163,2020-06-25 14:00:00,914.39,916.0,911.73,912.12,70335
865,162,2020-06-25 14:30:00,912.32,912.9,904.1285,906.76,131840
866,161,2020-06-25 15:00:00,906.3945,909.8981,903.1697,908.8943,107427
867,160,2020-06-25 15:30:00,908.63,915.57,908.03,914.0484,154694
868,159,2020-06-25 16:00:00,914.01,917.6,912.33,916.5908,256284
869,158,2020-06-25 16:30:00,916.32,917.0,916.32,916.43,1797
870,157,2020-06-25 18:30:00,916.2,916.2,916.2,916.2,629
871,156,2020-06-25 19:00:00,917.75,918.0,917.75,918.0,501
872,155,2020-06-25 19:30:00,917.99,918.6,917.99,918.6,985
873,154,2020-06-25 20:00:00,918.99,918.99,918.99,918.99,300
874,153,2020-06-26 07:00:00,916.32,916.32,916.32,916.32,250
875,152,2020-06-26 07:30:00,918.0,918.5,917.0,918.5,1777
876,151,2020-06-26 08:30:00,916.0,919.99,916.0,919.5,2615
877,150,2020-06-26 09:00:00,919.0,919.35,918.35,918.35,3027
878,149,2020-06-26 09:30:00,917.2,917.2,916.13,917.01,1283
879,148,2020-06-26 10:00:00,916.0,924.0,906.4914,917.6,400077
880,147,2020-06-26 10:30:00,917.62,918.2,899.2,905.21,337409
881,146,2020-06-26 11:00:00,904.1101,907.03,894.0,897.5196,260337
882,145,2020-06-26 11:30:00,898.78,909.3484,897.18,908.59,202303
883,144,2020-06-26 12:00:00,909.1,918.64,906.2801,914.17,178340
884,143,2020-06-26 12:30:00,913.7899,913.7899,906.03,910.635,140176
885,142,2020-06-26 13:00:00,910.205,913.4699,907.99,913.22,91982
886,141,2020-06-26 13:30:00,913.43,916.73,912.2657,914.915,90264
887,140,2020-06-26 14:00:00,915.0,916.99,912.1,912.13,100696
888,139,2020-06-26 14:30:00,912.21,916.0,911.77,915.2441,101875
889,138,2020-06-26 15:00:00,914.8,920.9799,914.8,920.95,200177
890,137,2020-06-26 15:30:00,920.3498,927.045,919.69,926.41,221591
891,136,2020-06-26 16:00:00,926.5,926.5,905.46,910.0,357175
892,135,2020-06-26 16:30:00,910.0,912.0,909.0,912.0,6386
893,134,2020-06-26 17:00:00,911.02,911.02,909.0,909.0,2285
894,133,2020-06-26 18:00:00,908.0,908.0,908.0,908.0,1127
895,132,2020-06-26 18:30:00,908.0,908.0,908.0,908.0,260
896,131,2020-06-26 19:00:00,907.5,907.55,907.5,907.55,211
897,130,2020-06-26 20:00:00,908.38,908.5,908.38,908.5,711
898,129,2020-06-29 06:30:00,910.0,910.0,910.0,910.0,145
899,128,2020-06-29 07:30:00,908.5,908.5,908.5,908.5,340
900,127,2020-06-29 08:00:00,909.61,913.39,909.55,913.39,3754
901,126,2020-06-29 08:30:00,909.61,916.88,908.01,913.0,11545
902,125,2020-06-29 09:00:00,913.0,913.43,909.0,909.12,4969
903,124,2020-06-29 09:30:00,910.0,914.0,909.15,913.69,2856
904,123,2020-06-29 10:00:00,913.99,913.99,876.43,893.2996,646188
905,122,2020-06-29 10:30:00,893.6,909.0,886.8866,904.0479,396231
906,121,2020-06-29 11:00:00,904.6,912.7699,904.18,906.34,207966
907,120,2020-06-29 11:30:00,906.47,912.0,896.0,910.51,287979
908,119,2020-06-29 12:00:00,910.9,917.95,908.5,917.03,212827
909,118,2020-06-29 12:30:00,917.21,919.6299,914.03,916.48,129369
910,117,2020-06-29 13:00:00,916.0201,919.25,915.03,918.6375,101975
911,116,2020-06-29 13:30:00,918.8271,919.24,914.27,917.265,72958
912,115,2020-06-29 14:00:00,917.23,921.0,917.21,919.155,121068
913,114,2020-06-29 14:30:00,919.2286,919.79,914.1947,914.31,79600
914,113,2020-06-29 15:00:00,914.78,917.32,911.31,912.7849,103566
915,112,2020-06-29 15:30:00,912.61,916.16,910.1601,915.375,104831
916,111,2020-06-29 16:00:00,915.612,923.0,915.36,922.42,234122
917,110,2020-06-29 16:30:00,922.42,922.42,921.0,922.0,3760
918,109,2020-06-29 17:00:00,922.39,923.0,922.1,923.0,2278
919,108,2020-06-29 17:30:00,922.99,923.82,922.39,923.82,809
920,107,2020-06-29 19:00:00,924.0,924.0,924.0,924.0,137
921,106,2020-06-29 20:00:00,923.99,924.0,923.9,924.0,861
922,105,2020-06-30 04:30:00,925.01,925.01,925.0,925.0,455
923,104,2020-06-30 07:30:00,925.0,926.5,925.0,926.5,785
924,103,2020-06-30 08:00:00,926.5,927.0,924.6,924.6,3246
925,102,2020-06-30 08:30:00,922.99,927.11,921.0,927.0,5090
926,101,2020-06-30 09:00:00,924.27,924.32,923.0,923.0,2491
927,100,2020-06-30 09:30:00,924.67,926.0002,924.03,926.0,3065
928,99,2020-06-30 10:00:00,925.5,945.59,922.0,942.15,624798
929,98,2020-06-30 10:30:00,941.9939999999999,944.0,931.0001,932.88,273261
930,97,2020-06-30 11:00:00,933.38,940.5,933.25,938.195,171318
931,96,2020-06-30 11:30:00,938.095,940.45,936.0,936.2,125578
932,95,2020-06-30 12:00:00,936.01,941.75,934.8786,936.91,113890
933,94,2020-06-30 12:30:00,937.1152,946.62,936.87,946.24,204983
934,93,2020-06-30 13:00:00,946.06,951.1,945.74,950.795,257016
935,92,2020-06-30 13:30:00,950.8,953.8099,946.27,949.405,190669
936,91,2020-06-30 14:00:00,949.1356,951.1581,946.69,948.7360000000001,87438
937,90,2020-06-30 14:30:00,947.7574,953.0,945.27,952.62,93388
938,89,2020-06-30 15:00:00,952.62,958.76,951.72,958.1594,121136
939,88,2020-06-30 15:30:00,957.41,958.18,952.0,952.44,136999
940,87,2020-06-30 16:00:00,952.15,953.76,946.7301,949.58,313615
941,86,2020-06-30 16:30:00,951.84,951.88,949.2,949.67,2327
942,85,2020-06-30 17:00:00,949.2,949.2,949.2,949.2,115
943,84,2020-06-30 18:30:00,952.0,952.0,950.76,950.85,653
944,83,2020-06-30 19:00:00,950.85,951.0,949.85,949.85,2049
945,82,2020-06-30 19:30:00,949.4,949.4,949.0,949.2,1182
946,81,2020-06-30 20:00:00,951.0,951.0,950.0,950.0,319
947,80,2020-07-01 06:30:00,952.0,952.0,952.0,952.0,113
948,79,2020-07-01 07:00:00,951.88,951.88,951.88,951.88,330
949,78,2020-07-01 07:30:00,948.0,951.85,947.0,951.85,1961
950,77,2020-07-01 08:00:00,948.0,948.0,948.0,948.0,418
951,76,2020-07-01 08:30:00,953.0,953.0,947.1,949.27,3066
952,75,2020-07-01 09:00:00,951.68,955.0,949.2,951.97,8028
953,74,2020-07-01 09:30:00,951.97,951.97,945.36,949.0,10116
954,73,2020-07-01 10:00:00,948.01,964.87,948.01,962.99,474329
955,72,2020-07-01 10:30:00,963.0,988.55,960.5,986.23,469410
956,71,2020-07-01 11:00:00,987.0943,996.0,984.21,988.88,374330
957,70,2020-07-01 11:30:00,989.53,999.32,985.25,995.02,288604
958,69,2020-07-01 12:00:00,995.07,1000.84,994.0,998.79,207844
959,68,2020-07-01 12:30:00,999.3518,1002.5,992.0,993.5,231226
960,67,2020-07-01 13:00:00,994.2967,1000.85,993.53,1000.8,137501
961,66,2020-07-01 13:30:00,1000.49,1000.575,992.4852,994.17,122048
962,65,2020-07-01 14:00:00,993.785,995.65,992.2,995.195,84656
963,64,2020-07-01 14:30:00,995.0,999.88,993.77,998.64,114889
964,63,2020-07-01 15:00:00,998.95,1004.3999,996.38,1003.44,192057
965,62,2020-07-01 15:30:00,1003.445,1011.9788,1003.445,1010.0,241241
966,61,2020-07-01 16:00:00,1010.1022,1017.89,1009.0492,1016.5235,444986
967,60,2020-07-01 16:30:00,1016.64,1016.64,1013.0,1013.0,13512
968,59,2020-07-01 17:00:00,1013.25,1014.0,1013.25,1014.0,1449
969,58,2020-07-01 17:30:00,1015.99,1015.99,1015.99,1015.99,284
970,57,2020-07-01 18:00:00,1014.01,1015.1,1014.01,1015.1,1375
971,56,2020-07-01 18:30:00,1016.0,1016.6,1016.0,1016.6,1333
972,55,2020-07-01 19:00:00,1016.6,1016.6,1015.1,1015.1,880
973,54,2020-07-01 19:30:00,1015.5,1017.0,1015.5,1017.0,886
974,53,2020-07-01 20:00:00,1017.5,1018.0,1017.0,1018.0,708
975,52,2020-07-02 07:00:00,1022.81,1023.0,1022.81,1023.0,436
976,51,2020-07-02 07:30:00,1027.0,1042.0,1026.73,1039.2,14437
977,50,2020-07-02 08:00:00,1038.0,1040.77,1036.13,1040.77,5628
978,49,2020-07-02 08:30:00,1023.25,1043.0,1023.25,1042.5,12310
979,48,2020-07-02 09:00:00,1040.0,1042.99,1026.8,1036.0,29558
980,47,2020-07-02 09:30:00,1035.9999,1040.0,1033.0,1033.0,18415
981,46,2020-07-02 10:00:00,1034.99,1051.87,1026.8006,1044.78,822880
982,45,2020-07-02 10:30:00,1044.1693,1050.42,1040.0,1041.62,283458
983,44,2020-07-02 11:00:00,1042.265,1059.44,1038.43,1056.3499,396704
984,43,2020-07-02 11:30:00,1055.75,1055.935,1022.0,1024.6575,481916
985,42,2020-07-02 12:00:00,1025.32,1041.5,1024.14,1037.0,333330
986,41,2020-07-02 12:30:00,1037.8519999999999,1038.73,1029.8988,1035.94,159805
987,40,2020-07-02 13:00:00,1035.94,1040.24,1033.94,1037.19,93043
988,39,2020-07-02 13:30:00,1037.04,1048.5,1034.76,1044.4,126700
989,38,2020-07-02 14:00:00,1045.0,1048.5,1038.04,1039.72,110509
990,37,2020-07-02 14:30:00,1040.08,1044.11,1035.0,1041.495,100749
991,36,2020-07-02 15:00:00,1041.5,1044.69,1039.62,1042.9601,83824
992,35,2020-07-02 15:30:00,1043.4483,1044.6,1037.81,1038.99,105018
993,34,2020-07-02 16:00:00,1039.195,1042.6149,1028.77,1030.26,291178
994,33,2020-07-02 16:30:00,1029.97,1034.3,1029.33,1034.3,5212
995,32,2020-07-02 17:00:00,1031.0,1032.0,1030.5,1032.0,1712
996,31,2020-07-02 17:30:00,1031.9999,1031.9999,1031.26,1031.26,600
997,30,2020-07-02 18:30:00,1032.0,1033.0,1032.0,1032.45,611
998,29,2020-07-02 19:00:00,1034.0,1034.0,1034.0,1034.0,945
999,28,2020-07-02 19:30:00,1032.16,1032.16,1032.16,1032.16,141
1000,27,2020-07-02 20:00:00,1032.0,1032.0,1031.0,1031.0,823
1001,26,2020-07-06 06:00:00,1050.0,1050.0,1050.0,1050.0,237
1002,25,2020-07-06 07:30:00,1049.82,1051.86,1045.95,1051.0,2177
1003,24,2020-07-06 08:00:00,1051.0,1051.0,1050.0,1050.3,1349
1004,23,2020-07-06 08:30:00,1050.0,1052.5,1049.01,1052.0,7971
1005,22,2020-07-06 09:00:00,1051.01,1051.62,1051.0,1051.01,4583
1006,21,2020-07-06 09:30:00,1051.02,1051.7,1049.0,1049.0,4603
1007,20,2020-07-06 10:00:00,1052.49,1059.0,1032.0,1041.49,632363
1008,19,2020-07-06 10:30:00,1043.0,1050.88,1034.46,1049.24,405706
1009,18,2020-07-06 11:00:00,1049.54,1050.2,1044.795,1046.0,161238
1010,17,2020-07-06 11:30:00,1046.22,1047.7399,1045.17,1046.61,138555
1011,16,2020-07-06 12:00:00,1046.7177,1047.9899,1042.4,1043.07,123664
1012,15,2020-07-06 12:30:00,1043.47,1044.8599,1033.2001,1034.56,153626
1013,14,2020-07-06 13:00:00,1034.47,1035.6699,1027.71,1032.9234,198263
1014,13,2020-07-06 13:30:00,1032.49,1033.8599,1014.08,1026.74,353362
1015,12,2020-07-06 14:00:00,1026.04,1032.4,1018.11,1018.67,188580
1016,11,2020-07-06 14:30:00,1018.4764,1019.5348,993.0001,1007.49,518176
1017,10,2020-07-06 15:00:00,1006.3036,1013.49,983.6482,987.155,581239
1018,9,2020-07-06 15:30:00,986.46,995.3,985.0,990.06,369622
1019,8,2020-07-06 16:00:00,989.9824,994.72,984.8625,986.11,482076
1020,7,2020-07-06 16:30:00,986.77,989.7,986.77,987.5,9757
1021,6,2020-07-06 17:00:00,989.25,989.25,988.0,988.0,508
1022,5,2020-07-06 17:30:00,988.0,988.0,987.5,988.0,2054
1023,4,2020-07-06 18:00:00,989.0,989.0,987.5,987.6,1373
1024,3,2020-07-06 18:30:00,987.6,987.6,987.4,987.6,3580
1025,2,2020-07-06 19:00:00,987.69,987.69,987.0,987.0,502
1026,1,2020-07-06 19:30:00,987.71,988.0,985.5,987.9999,8185
1027,0,2020-07-06 20:00:00,987.0,988.0,987.0,988.0,329
