,index,time,open,high,low,close,volume
0,142,2019-02-13 10:00:00,43.4148164807,43.4148164807,43.4148164807,43.4148164807,100
1,141,2019-02-13 10:30:00,43.632369179099996,43.632369179099996,43.632369179099996,43.632369179099996,200
2,140,2019-02-13 11:00:00,43.667177610799996,43.728092366300004,43.4322206966,43.4322206966,480
3,139,2019-02-13 11:30:00,43.641071286999995,43.649773394899995,43.641071286999995,43.649773394899995,300
4,138,2019-02-13 13:30:00,43.5366459918,43.5366459918,43.4612857371,43.4612857371,300
5,137,2019-02-13 14:00:00,43.510539668,43.510539668,43.510539668,43.510539668,1486
6,136,2019-02-13 15:00:00,43.588858639399994,43.649773394899995,43.588858639399994,43.623667071099995,1500
7,135,2019-02-13 15:30:00,43.684581826700004,43.754198690100004,43.684581826700004,43.754198690100004,800
8,134,2019-02-13 16:00:00,43.8151134457,43.8151134457,43.806411337700006,43.806411337700006,450
9,133,2019-02-14 11:00:00,43.2581785379,43.728092366300004,43.2581785379,43.728092366300004,700
10,132,2019-02-14 15:00:00,43.9717513885,43.9717513885,43.8325176615,43.9630492805,1135
11,131,2019-02-14 15:30:00,43.9630492805,44.767994264399995,43.9282408488,43.9456450647,5100
12,130,2019-02-14 16:00:00,43.7977092298,43.806411337700006,43.5192417759,43.771602906000005,1565
13,129,2019-02-15 10:30:00,43.8325176615,44.0674745757,43.8325176615,44.0674745757,1500
14,128,2019-02-15 11:00:00,43.89882772399999,44.0239640361,43.89882772399999,44.0239640361,310
15,127,2019-02-15 13:30:00,44.1806019789,44.1806019789,44.1806019789,44.1806019789,400
16,126,2019-02-15 14:00:00,44.0152619281,44.0152619281,44.0152619281,44.0152619281,100
17,125,2019-02-15 15:00:00,44.0674745757,44.0674745757,44.0674745757,44.0674745757,200
18,124,2019-02-15 15:30:00,43.9891556043,44.1022830075,43.9891556043,44.0935808995,2200
19,123,2019-02-15 16:00:00,44.0500703599,44.0848787916,44.0500703599,44.0848787916,400
20,122,2019-02-19 10:00:00,44.163197763,44.163197763,44.163197763,44.163197763,386
21,121,2019-02-19 11:30:00,44.21541041060001,44.21541041060001,44.21541041060001,44.21541041060001,116
22,120,2019-02-19 13:30:00,44.2188912538,44.2188912538,44.2188912538,44.2188912538,196
23,119,2019-02-19 15:30:00,44.5025799724,44.5373884041,44.5025799724,44.5286862962,934
24,118,2019-02-20 10:30:00,44.6434670999,44.6434670999,44.6434670999,44.6434670999,175
25,117,2019-02-20 11:00:00,44.7549411025,44.7636432104,44.7549411025,44.7636432104,300
26,116,2019-02-20 15:00:00,44.7723453184,44.876770613599994,44.7723453184,44.876770613599994,4633
27,115,2019-02-20 15:30:00,44.9986001246,44.9986001246,44.981195908800004,44.981195908800004,200
28,114,2019-02-20 16:00:00,44.9898980167,44.9898980167,44.9898980167,44.9898980167,100
29,113,2019-02-21 10:30:00,44.7288347787,44.9637916929,44.7288347787,44.9637916929,600
30,112,2019-02-21 11:00:00,44.937685369099995,44.946387476999995,44.937685369099995,44.946387476999995,500
31,111,2019-02-21 11:30:00,44.894174829399994,46.747723819300006,44.7636432104,45.51202449270001,900
32,110,2019-02-21 15:00:00,44.850664289799994,44.850664289799994,44.850664289799994,44.850664289799994,200
33,109,2019-02-21 15:30:00,44.85936639770001,44.876770613599994,44.850664289799994,44.850664289799994,500
34,108,2019-02-21 16:00:00,44.801758443199994,44.801758443199994,44.801758443199994,44.801758443199994,300
35,107,2019-02-22 10:30:00,45.1552380674,45.1552380674,45.1552380674,45.1552380674,200
36,106,2019-02-22 11:00:00,45.2335570388,45.2335570388,45.2335570388,45.2335570388,900
37,105,2019-02-22 11:30:00,45.216152823,45.216152823,45.1117275278,45.1117275278,400
38,104,2019-02-22 12:00:00,45.1204296357,45.1726422833,45.1204296357,45.1726422833,300
39,103,2019-02-22 14:00:00,45.033408556400005,45.033408556400005,45.033408556400005,45.033408556400005,300
40,102,2019-02-25 11:00:00,44.5721968359,44.8419621818,44.5721968359,44.8419621818,200
41,101,2019-02-25 15:30:00,44.389452569300005,44.389452569300005,44.389452569300005,44.389452569300005,310
42,100,2019-02-25 16:00:00,44.293729381999995,44.432963108900005,44.293729381999995,44.432963108900005,700
43,99,2019-02-26 11:00:00,44.1718998709,44.1718998709,44.1718998709,44.1718998709,399
44,98,2019-02-26 12:00:00,44.363346245500004,44.363346245500004,44.363346245500004,44.363346245500004,100
45,97,2019-02-26 12:30:00,44.3111335979,44.3111335979,44.3111335979,44.3111335979,200
46,96,2019-02-26 13:30:00,44.3459420296,44.398154677200004,44.3459420296,44.389452569300005,600
47,95,2019-02-26 14:00:00,44.4503673248,44.4503673248,44.4503673248,44.4503673248,200
48,94,2019-02-26 15:00:00,44.337239921700004,44.337239921700004,44.337239921700004,44.337239921700004,200
49,93,2019-02-26 15:30:00,44.432963108900005,44.432963108900005,44.432963108900005,44.432963108900005,200
50,92,2019-02-26 16:00:00,44.3285378137,44.3285378137,44.1798187892,44.22411251850001,2078
51,91,2019-02-27 10:30:00,44.276325166099994,44.3459420296,44.276325166099994,44.3459420296,400
52,90,2019-02-27 11:00:00,44.267623058199995,44.267623058199995,44.1718998709,44.1806019789,500
53,89,2019-02-27 12:00:00,44.21541041060001,44.22411251850001,44.21541041060001,44.22411251850001,350
54,88,2019-02-27 13:00:00,44.241516734399994,44.285027274099996,44.241516734399994,44.258920950299995,950
55,87,2019-02-27 13:30:00,44.258920950299995,45.337982333999996,44.232814626499994,45.337982333999996,2635
56,86,2019-02-27 14:00:00,44.337239921700004,44.337239921700004,44.337239921700004,44.337239921700004,100
57,85,2019-02-27 14:30:00,44.415558893100005,44.415558893100005,44.20670830270001,44.20670830270001,300
58,84,2019-02-27 15:30:00,44.5373884041,44.5373884041,44.5373884041,44.5373884041,194
59,83,2019-02-27 16:00:00,44.5199841883,44.6244094835,44.5199841883,44.6244094835,401
60,82,2019-02-28 10:00:00,44.337239921700004,44.337239921700004,42.3183508811,42.5272014715,4456
61,81,2019-02-28 10:30:00,42.4923930398,42.4923930398,42.1791171541,42.1791171541,1100
62,80,2019-02-28 11:00:00,41.9963728875,42.2922445573,41.796224405100006,42.2922445573,51550
63,79,2019-02-28 11:30:00,42.2835424493,42.5446056874,42.1704150462,42.5097972556,4100
64,78,2019-02-28 12:00:00,42.588116227,42.6664351984,42.1138513446,42.1138513446,2491
65,77,2019-02-28 12:30:00,42.1791171541,42.5184993636,42.1791171541,42.431478284200004,1200
66,76,2019-02-28 13:00:00,42.3618614208,42.448882500100005,42.2313298017,42.2313298017,1600
67,75,2019-02-28 13:30:00,42.2226276938,42.327052989,42.1356066145,42.1791171541,1300
68,74,2019-02-28 14:00:00,42.1617129383,42.3009466652,42.1617129383,42.3009466652,94200
69,73,2019-02-28 14:30:00,42.2226276938,42.3357550969,42.1619740015,42.2400319097,1800
70,72,2019-02-28 15:00:00,42.2487340176,42.2487340176,42.1356066145,42.1356066145,1200
71,71,2019-02-28 15:30:00,42.2400319097,42.431478284200004,42.1356066145,42.1356066145,1444
72,70,2019-02-28 16:00:00,42.0137771034,42.2487340176,41.9876707796,42.109500290700005,27602
73,69,2019-02-28 16:30:00,42.175636311,42.175636311,42.175636311,42.175636311,63000
74,68,2019-03-01 10:00:00,42.2052234779,42.2052234779,41.7527138654,41.813628620900005,5448
75,67,2019-03-01 10:30:00,42.109500290700005,42.109500290700005,42.0833939669,42.0920960748,900
76,66,2019-03-01 11:00:00,42.2139255859,42.2139255859,42.2139255859,42.2139255859,191
77,65,2019-03-01 12:00:00,41.9876707796,42.118202398600005,41.9876707796,42.118202398600005,253
78,64,2019-03-01 12:30:00,42.2052234779,42.431478284200004,42.2052234779,42.431478284200004,847
79,63,2019-03-01 13:00:00,42.3879677446,42.3879677446,42.3879677446,42.3879677446,500
80,62,2019-03-01 13:30:00,42.3437610362,42.3437610362,42.3437610362,42.3437610362,200
81,61,2019-03-01 14:00:00,42.3437610362,42.4401803922,42.3437610362,42.4401803922,1350
82,60,2019-03-01 16:00:00,42.6403288746,42.7012436302,42.6316267667,42.683839414299996,700
83,59,2019-03-04 10:00:00,42.596818335,42.596818335,42.596818335,42.596818335,100
84,58,2019-03-04 10:30:00,43.023221623699996,43.023221623699996,42.2922445573,42.327052989,517
85,57,2019-03-04 11:00:00,42.2661382335,42.3096487731,42.2661382335,42.3096487731,400
86,56,2019-03-04 12:00:00,42.3224408718,42.3224408718,42.3224408718,42.3224408718,200
87,55,2019-03-04 12:30:00,42.2226276938,42.3183508811,42.2226276938,42.3183508811,550
88,54,2019-03-04 13:00:00,42.2922445573,42.2922445573,42.2922445573,42.2922445573,100
89,53,2019-03-04 14:00:00,42.2922445573,42.2922445573,42.2922445573,42.2922445573,100
90,52,2019-03-04 15:30:00,42.7969668174,42.9362005444,42.7969668174,42.9362005444,572
91,51,2019-03-04 16:00:00,43.162455350600005,43.162455350600005,43.0493279475,43.0493279475,200
92,50,2019-03-05 10:30:00,43.762900798100006,43.771602906000005,42.9536047602,42.9536047602,1425
93,49,2019-03-05 11:30:00,43.014519515799996,43.014519515799996,43.014519515799996,43.014519515799996,433
94,48,2019-03-05 12:30:00,42.969355575600005,43.014519515799996,42.969355575600005,43.014519515799996,380
95,47,2019-03-05 13:00:00,42.98423618020001,42.98423618020001,42.98423618020001,42.98423618020001,200
96,46,2019-03-05 13:30:00,43.075434271300004,43.075434271300004,43.0493279475,43.0493279475,525
97,45,2019-03-05 14:00:00,42.8317752492,42.8317752492,42.8230731412,42.8230731412,600
98,44,2019-03-05 15:00:00,42.9362005444,42.9362005444,42.9362005444,42.9362005444,100
99,43,2019-03-05 15:30:00,42.8839878968,42.8839878968,42.8839878968,42.8839878968,365
100,42,2019-03-05 16:00:00,42.7795626016,42.7795626016,42.7360520619,42.7360520619,550
101,41,2019-03-06 11:00:00,42.3357550969,42.5707120112,42.3357550969,42.5707120112,708
102,40,2019-03-06 13:30:00,42.5707120112,42.6055204429,42.5707120112,42.6055204429,200
103,39,2019-03-06 14:00:00,42.7012436302,42.7012436302,42.7012436302,42.7012436302,185
104,38,2019-03-06 14:30:00,42.6577330905,42.6577330905,42.6577330905,42.6577330905,1000
105,37,2019-03-06 15:30:00,42.727349954,42.727349954,42.727349954,42.727349954,483
106,36,2019-03-06 16:00:00,42.7795626016,42.8056689254,42.7447541698,42.7969668174,2208
107,35,2019-03-07 11:30:00,43.371305941,43.371305941,43.371305941,43.371305941,435
108,34,2019-03-07 12:00:00,43.380008049,43.380008049,43.380008049,43.380008049,822
109,33,2019-03-07 14:00:00,43.4235185886,43.623667071099995,43.4235185886,43.623667071099995,900
110,32,2019-03-07 14:30:00,43.588858639399994,43.684581826700004,43.5714544235,43.597560747299994,1613
111,31,2019-03-07 15:00:00,43.5540502077,43.580156531499995,43.5540502077,43.580156531499995,722
112,30,2019-03-07 15:30:00,43.5714544235,43.5714544235,43.5714544235,43.5714544235,500
113,29,2019-03-07 16:00:00,43.5714544235,43.684581826700004,43.5714544235,43.588858639399994,1102
114,28,2019-03-07 16:30:00,43.472250393100005,43.472250393100005,43.472250393100005,43.472250393100005,6532
115,27,2019-03-08 11:00:00,43.580156531499995,43.580156531499995,43.580156531499995,43.580156531499995,246
116,26,2019-03-08 14:00:00,43.623667071099995,43.623667071099995,43.623667071099995,43.623667071099995,120
117,25,2019-03-08 15:00:00,43.736794474300005,43.736794474300005,43.736794474300005,43.736794474300005,120
118,24,2019-03-08 15:30:00,43.693283934600004,43.693283934600004,43.693283934600004,43.693283934600004,120
119,23,2019-03-08 16:00:00,43.5594455146,43.8325176615,43.5437817203,43.6584755029,1467
120,22,2019-03-08 16:30:00,43.510539668,43.510539668,43.510539668,43.510539668,48867
121,21,2019-03-11 09:30:00,43.754198690100004,43.754198690100004,43.754198690100004,43.754198690100004,30000
122,20,2019-03-11 10:00:00,43.6584755029,43.6584755029,43.6584755029,43.6584755029,200
123,19,2019-03-11 10:30:00,43.8847303091,43.9108366329,43.8847303091,43.9108366329,933
124,18,2019-03-11 11:00:00,43.8760282012,43.895520923,43.8760282012,43.895520923,300
125,17,2019-03-11 11:30:00,43.8325176615,43.8325176615,43.8325176615,43.8325176615,500
126,16,2019-03-11 15:30:00,43.8325176615,43.8325176615,43.8325176615,43.8325176615,100
127,15,2019-03-11 16:00:00,43.710688150500005,43.9282408488,43.710688150500005,43.9282408488,426
128,14,2019-03-12 10:00:00,43.9195387409,43.9717513885,43.8847303091,43.8847303091,1287
129,13,2019-03-12 11:00:00,44.20670830270001,44.20670830270001,44.20670830270001,44.20670830270001,525
130,12,2019-03-12 13:30:00,44.293729381999995,44.293729381999995,44.293729381999995,44.293729381999995,185
131,11,2019-03-12 14:00:00,44.293729381999995,44.293729381999995,44.293729381999995,44.293729381999995,100
132,10,2019-03-12 15:00:00,44.372048353400004,44.372048353400004,44.372048353400004,44.372048353400004,100
133,9,2019-03-12 16:00:00,44.5460905121,44.5460905121,44.5460905121,44.5460905121,200
134,8,2019-03-13 10:00:00,44.389452569300005,44.389452569300005,44.389452569300005,44.389452569300005,100
135,7,2019-03-13 11:30:00,44.7636432104,44.7636432104,44.4503673248,44.4503673248,1068
136,6,2019-03-13 14:30:00,44.6070052676,44.6070052676,44.6070052676,44.6070052676,200
137,5,2019-03-13 15:00:00,44.6331115914,44.6331115914,44.6331115914,44.6331115914,100
138,4,2019-03-13 16:00:00,44.5983031597,44.5983031597,44.5896010518,44.5983031597,709
139,3,2019-03-14 10:30:00,44.5286862962,44.5286862962,44.363346245500004,44.363346245500004,300
140,2,2019-03-14 14:00:00,44.424261001000005,44.424261001000005,44.424261001000005,44.424261001000005,100
141,1,2019-03-14 15:30:00,44.459069432700005,44.459069432700005,44.459069432700005,44.459069432700005,200
142,0,2019-03-14 16:00:00,44.5721968359,44.5721968359,44.4851757565,44.4851757565,300
