,index,time,open,high,low,close,volume
0,230,2019-02-13 10:00:00,1.74,1.74,1.6136,1.6136,4014
1,229,2019-02-13 10:30:00,1.68,1.68,1.6299,1.6299,300
2,228,2019-02-13 11:00:00,1.7,1.7,1.7,1.7,100
3,227,2019-02-13 11:30:00,1.6941,1.6941,1.6764,1.6764,300
4,226,2019-02-13 13:00:00,1.7,1.71,1.68,1.7082,11922
5,225,2019-02-13 13:30:00,1.7119,1.7119,1.7,1.7,4432
6,224,2019-02-13 14:00:00,1.7,1.71,1.685,1.7,4443
7,223,2019-02-13 14:30:00,1.7,1.7,1.7,1.7,100
8,222,2019-02-13 16:00:00,1.68,1.6834,1.68,1.68,4889
9,221,2019-02-14 10:00:00,1.64,1.69,1.64,1.69,741
10,220,2019-02-14 10:30:00,1.6545,1.6545,1.6545,1.6545,500
11,219,2019-02-14 11:00:00,1.72,1.72,1.7,1.7,4500
12,218,2019-02-14 11:30:00,1.7006,1.7006,1.7006,1.7006,200
13,217,2019-02-14 12:00:00,1.72,1.72,1.685,1.685,205
14,216,2019-02-14 12:30:00,1.6943,1.6943,1.6943,1.6943,1000
15,215,2019-02-14 13:00:00,1.69,1.69,1.69,1.69,100
16,214,2019-02-14 14:00:00,1.69,1.69,1.69,1.69,161
17,213,2019-02-14 14:30:00,1.6856,1.6856,1.6856,1.6856,200
18,212,2019-02-14 15:00:00,1.72,1.72,1.72,1.72,200
19,211,2019-02-14 15:30:00,1.6773,1.6773,1.6773,1.6773,100
20,210,2019-02-14 16:00:00,1.68,1.6886,1.66,1.68,4011
21,209,2019-02-15 10:00:00,1.68,1.719,1.6716,1.719,7364
22,208,2019-02-15 10:30:00,1.7198,1.75,1.714,1.75,8609
23,207,2019-02-15 11:00:00,1.75,1.77,1.73,1.7501,14452
24,206,2019-02-15 11:30:00,1.7454,1.7454,1.7454,1.7454,4000
25,205,2019-02-15 12:00:00,1.72,1.7242,1.71,1.7242,2204
26,204,2019-02-15 12:30:00,1.735,1.735,1.735,1.735,100
27,203,2019-02-15 13:30:00,1.735,1.735,1.735,1.735,200
28,202,2019-02-15 14:00:00,1.73,1.73,1.71,1.7169,1800
29,201,2019-02-15 14:30:00,1.7136,1.7136,1.7136,1.7136,100
30,200,2019-02-15 16:00:00,1.7101,1.73,1.7101,1.73,1220
31,199,2019-02-15 16:30:00,1.7,1.7,1.7,1.7,1600
32,198,2019-02-19 10:00:00,1.71,1.71,1.7,1.7,5412
33,197,2019-02-19 10:30:00,1.6709,1.6709,1.6709,1.6709,3000
34,196,2019-02-19 11:00:00,1.68,1.68,1.68,1.68,100
35,195,2019-02-19 11:30:00,1.66,1.68,1.66,1.68,4900
36,194,2019-02-19 12:30:00,1.68,1.69,1.68,1.69,200
37,193,2019-02-19 13:30:00,1.69,1.69,1.69,1.69,100
38,192,2019-02-19 14:00:00,1.69,1.69,1.69,1.69,200
39,191,2019-02-19 15:00:00,1.6863,1.69,1.68,1.68,2700
40,190,2019-02-19 15:30:00,1.6987,1.6987,1.6987,1.6987,400
41,189,2019-02-19 16:00:00,1.7,1.71,1.7,1.71,3150
42,188,2019-02-20 10:00:00,1.7,1.74,1.69,1.74,9346
43,187,2019-02-20 10:30:00,1.74,1.82,1.7398,1.801,21778
44,186,2019-02-20 11:00:00,1.8248,1.83,1.82,1.82,7117
45,185,2019-02-20 11:30:00,1.8179,1.8179,1.8,1.8118,4881
46,184,2019-02-20 12:00:00,1.8041,1.8131,1.8041,1.8131,800
47,183,2019-02-20 13:00:00,1.8,1.8,1.8,1.8,940
48,182,2019-02-20 13:30:00,1.795,1.81,1.795,1.81,200
49,181,2019-02-20 14:00:00,1.801,1.81,1.801,1.8054,2520
50,180,2019-02-20 14:30:00,1.77,1.7776,1.7688,1.7776,2800
51,179,2019-02-20 15:00:00,1.7601,1.7601,1.76,1.76,994
52,178,2019-02-20 16:00:00,1.8,1.8,1.7789,1.8,1357
53,177,2019-02-21 10:00:00,1.78,1.78,1.78,1.78,100
54,176,2019-02-21 10:30:00,1.7715,1.7715,1.7715,1.7715,9385
55,175,2019-02-21 11:00:00,1.8112,1.8112,1.8023,1.8023,1600
56,174,2019-02-21 11:30:00,1.7713,1.8111,1.7701,1.8111,5000
57,173,2019-02-21 12:00:00,1.8154,1.8154,1.8154,1.8154,3000
58,172,2019-02-21 12:30:00,1.8,1.8,1.8,1.8,100
59,171,2019-02-21 14:30:00,1.785,1.785,1.7501,1.7501,967
60,170,2019-02-21 15:00:00,1.7619999999999998,1.7619999999999998,1.7619999999999998,1.7619999999999998,320
61,169,2019-02-21 15:30:00,1.76,1.76,1.76,1.76,1000
62,168,2019-02-21 16:00:00,1.7811,1.7811,1.7811,1.7811,110
63,167,2019-02-22 10:00:00,1.8,1.8,1.8,1.8,679
64,166,2019-02-22 10:30:00,1.83,1.8597,1.8214,1.8597,29982
65,165,2019-02-22 11:00:00,1.8597,1.9,1.8597,1.88,33400
66,164,2019-02-22 11:30:00,1.8892,1.9,1.8693,1.89,6245
67,163,2019-02-22 12:30:00,1.9,1.9,1.89,1.89,200
68,162,2019-02-22 13:00:00,1.8975,1.9,1.8894,1.9,1400
69,161,2019-02-22 13:30:00,1.91,1.9206,1.91,1.9206,3200
70,160,2019-02-22 14:00:00,1.9231,1.933,1.9231,1.9283,3249
71,159,2019-02-22 14:30:00,1.9485,1.9601,1.94,1.94,23004
72,158,2019-02-22 15:00:00,1.9601,1.9627,1.94,1.94,19544
73,157,2019-02-22 15:30:00,1.94,1.97,1.94,1.9525,9408
74,156,2019-02-22 16:00:00,1.9517,1.9517,1.94,1.9443,5490
75,155,2019-02-22 18:00:00,1.96,1.96,1.96,1.96,100
76,154,2019-02-25 10:00:00,1.96,1.99,1.95,1.99,73459
77,153,2019-02-25 10:30:00,1.9646,1.9864,1.9601,1.9864,8700
78,152,2019-02-25 11:00:00,1.9875,1.9875,1.9608,1.9637,7350
79,151,2019-02-25 11:30:00,1.9739,1.99,1.9739,1.9755,4052
80,150,2019-02-25 12:00:00,1.9605,1.99,1.9605,1.99,15500
81,149,2019-02-25 12:30:00,2.0,2.01,1.99,2.0,10551
82,148,2019-02-25 13:00:00,2.005,2.02,2.005,2.02,300
83,147,2019-02-25 13:30:00,2.02,2.05,2.02,2.0301,7100
84,146,2019-02-25 14:00:00,2.0301,2.0301,2.0301,2.0301,2000
85,145,2019-02-25 14:30:00,2.05,2.07,2.03,2.05,9738
86,144,2019-02-25 15:00:00,2.0577,2.0577,2.0577,2.0577,1000
87,143,2019-02-25 15:30:00,2.06,2.06,2.06,2.06,500
88,142,2019-02-25 16:00:00,2.07,2.07,2.06,2.0601,3766
89,141,2019-02-25 17:00:00,2.08,2.08,2.08,2.08,1000
90,140,2019-02-26 09:30:00,2.08,2.08,2.08,2.08,1956
91,139,2019-02-26 10:00:00,2.08,2.0983,2.0111,2.0511,7905
92,138,2019-02-26 10:30:00,2.0685,2.0685,2.05,2.06,9923
93,137,2019-02-26 11:00:00,2.0699,2.07,2.04,2.04,3990
94,136,2019-02-26 11:30:00,2.045,2.06,2.045,2.0476,5850
95,135,2019-02-26 12:00:00,2.0327,2.0486,2.03,2.0486,3366
96,134,2019-02-26 12:30:00,2.049,2.06,1.9622,1.99,15911
97,133,2019-02-26 13:30:00,2.0507,2.0507,2.0507,2.0507,205
98,132,2019-02-26 14:00:00,2.04,2.04,2.04,2.04,100
99,131,2019-02-26 15:30:00,1.9939,2.03,1.9939,2.03,400
100,130,2019-02-26 16:00:00,1.9845,2.0066,1.9845,2.0066,1700
101,129,2019-02-27 10:00:00,1.99,2.0409,1.9609,2.0409,2429
102,128,2019-02-27 10:30:00,1.97,2.02,1.97,1.9854,1115
103,127,2019-02-27 11:00:00,1.9803,1.9803,1.9803,1.9803,1000
104,126,2019-02-27 11:30:00,2.02,2.02,2.02,2.02,100
105,125,2019-02-27 12:30:00,2.0,2.0,2.0,2.0,100
106,124,2019-02-27 13:30:00,2.01,2.01,1.995,1.995,300
107,123,2019-02-27 14:00:00,2.01,2.05,2.01,2.013,8300
108,122,2019-02-27 14:30:00,2.001,2.015,2.001,2.015,3600
109,121,2019-02-27 15:00:00,2.001,2.02,1.99,2.02,10200
110,120,2019-02-27 15:30:00,2.01,2.01,2.01,2.01,117
111,119,2019-02-27 16:00:00,2.02,2.02,1.98,1.98,2918
112,118,2019-02-28 09:00:00,2.04,2.04,2.04,2.04,200
113,117,2019-02-28 10:00:00,2.11,2.11,2.01,2.0126,15482
114,116,2019-02-28 10:30:00,2.0203,2.05,2.0203,2.05,1475
115,115,2019-02-28 11:00:00,2.0398,2.0398,2.0398,2.0398,400
116,114,2019-02-28 11:30:00,2.05,2.05,2.03,2.0301,5375
117,113,2019-02-28 12:00:00,2.04,2.05,2.04,2.05,404
118,112,2019-02-28 13:00:00,2.07,2.07,2.02,2.02,21132
119,111,2019-02-28 14:00:00,2.03,2.04,2.0296,2.0296,800
120,110,2019-02-28 15:30:00,2.04,2.04,2.0229,2.0229,1500
121,109,2019-02-28 16:00:00,2.04,2.04,2.03,2.03,1952
122,108,2019-02-28 17:00:00,2.02,2.02,2.02,2.02,500
123,107,2019-03-01 10:00:00,2.03,2.0357,1.95,2.02,15913
124,106,2019-03-01 10:30:00,1.9804,1.9804,1.9599,1.9599,1600
125,105,2019-03-01 11:00:00,2.0,2.0,2.0,2.0,5200
126,104,2019-03-01 11:30:00,2.04,2.04,2.04,2.04,100
127,103,2019-03-01 12:00:00,2.0322,2.0322,2.02,2.02,245
128,102,2019-03-01 13:00:00,2.036,2.04,2.036,2.04,1400
129,101,2019-03-01 13:30:00,1.99,1.99,1.99,1.99,100
130,100,2019-03-01 14:00:00,1.995,1.995,1.995,1.995,200
131,99,2019-03-01 14:30:00,1.9507,1.9507,1.9507,1.9507,1000
132,98,2019-03-01 15:00:00,1.95,1.96,1.9,1.96,12200
133,97,2019-03-01 15:30:00,1.94,1.94,1.9004,1.9004,5155
134,96,2019-03-01 16:00:00,1.95,1.9581,1.95,1.95,3405
135,95,2019-03-04 09:00:00,2.25,2.25,2.25,2.25,300
136,94,2019-03-04 10:00:00,1.94,2.0,1.93,1.985,5090
137,93,2019-03-04 10:30:00,2.0269999999999997,2.0269999999999997,2.0269999999999997,2.0269999999999997,100
138,92,2019-03-04 11:00:00,1.94,2.02,1.94,2.0119,327
139,91,2019-03-04 11:30:00,1.9802,2.03,1.97,1.9799,6400
140,90,2019-03-04 12:00:00,1.97,2.0089,1.97,2.0062,3212
141,89,2019-03-04 12:30:00,2.01,2.01,1.9501,1.9501,5110
142,88,2019-03-04 13:00:00,2.01,2.01,1.9698,2.0,1900
143,87,2019-03-04 14:30:00,1.975,1.975,1.975,1.975,100
144,86,2019-03-04 15:00:00,1.975,2.0,1.975,2.0,300
145,85,2019-03-04 15:30:00,1.99,1.999,1.99,1.999,200
146,84,2019-03-05 10:00:00,1.99,2.0,1.99,1.9986,1867
147,83,2019-03-05 11:00:00,1.9999,1.9999,1.98,1.98,1460
148,82,2019-03-05 11:30:00,2.0,2.0,2.0,2.0,100
149,81,2019-03-05 12:00:00,2.0,2.03,2.0,2.03,519
150,80,2019-03-05 12:30:00,2.0393,2.08,2.0301,2.08,16559
151,79,2019-03-05 13:00:00,2.08,2.08,2.06,2.0601,3100
152,78,2019-03-05 13:30:00,2.031,2.031,2.01,2.01,9359
153,77,2019-03-05 14:00:00,2.0211,2.0211,2.0211,2.0211,100
154,76,2019-03-05 14:30:00,2.03,2.03,2.03,2.03,140
155,75,2019-03-05 15:00:00,2.01,2.01,2.01,2.01,100
156,74,2019-03-05 15:30:00,2.03,2.0399,2.03,2.0399,2741
157,73,2019-03-05 16:00:00,2.02,2.02,2.0,2.0017,556
158,72,2019-03-06 10:00:00,2.02,2.02,1.95,1.9542,6500
159,71,2019-03-06 10:30:00,1.9369999999999998,1.94,1.86,1.8775,35514
160,70,2019-03-06 11:00:00,1.8655,1.9,1.8655,1.89,9420
161,69,2019-03-06 11:30:00,1.885,1.9,1.885,1.8999,4150
162,68,2019-03-06 12:00:00,1.8968,1.8968,1.8968,1.8968,141
163,67,2019-03-06 12:30:00,1.8999,1.8999,1.8999,1.8999,200
164,66,2019-03-06 13:00:00,1.8894,1.9,1.8797,1.9,4100
165,65,2019-03-06 13:30:00,1.9017,1.94,1.9017,1.9342,2100
166,64,2019-03-06 14:00:00,1.8994,1.92,1.8917,1.92,3300
167,63,2019-03-06 14:30:00,1.8994,1.92,1.8627,1.9,2900
168,62,2019-03-06 15:00:00,1.89,1.89,1.8638,1.8638,2050
169,61,2019-03-06 15:30:00,1.86,1.88,1.83,1.87,9400
170,60,2019-03-06 16:00:00,1.87,1.87,1.86,1.8658,3107
171,59,2019-03-06 16:30:00,1.87,1.87,1.87,1.87,780
172,58,2019-03-07 10:00:00,1.86,1.89,1.75,1.76,9589
173,57,2019-03-07 10:30:00,1.76,1.7736,1.76,1.76,1166
174,56,2019-03-07 11:00:00,1.78,1.7918,1.78,1.78,6000
175,55,2019-03-07 11:30:00,1.7804,1.7804,1.7804,1.7804,500
176,54,2019-03-07 12:00:00,1.7843,1.7890000000000001,1.78,1.78,5669
177,53,2019-03-07 12:30:00,1.7746,1.7748,1.77,1.7701,1500
178,52,2019-03-07 13:00:00,1.79,1.8,1.79,1.8,8600
179,51,2019-03-07 13:30:00,1.7997,1.7997,1.785,1.785,5950
180,50,2019-03-07 14:30:00,1.785,1.785,1.785,1.785,106
181,49,2019-03-07 15:00:00,1.8,1.8,1.77,1.7701,1900
182,48,2019-03-07 15:30:00,1.8,1.82,1.8,1.82,2800
183,47,2019-03-07 16:00:00,1.82,1.82,1.82,1.82,100
184,46,2019-03-08 10:00:00,1.75,1.78,1.7473,1.78,4796
185,45,2019-03-08 10:30:00,1.78,1.79,1.77,1.79,700
186,44,2019-03-08 11:00:00,1.7667,1.82,1.7667,1.82,1360
187,43,2019-03-08 11:30:00,1.7818,1.7818,1.7818,1.7818,1002
188,42,2019-03-08 14:00:00,1.84,1.84,1.84,1.84,200
189,41,2019-03-08 14:30:00,1.87,1.88,1.8090000000000002,1.8090000000000002,9000
190,40,2019-03-08 15:30:00,1.81,1.81,1.81,1.81,300
191,39,2019-03-08 16:00:00,1.84,1.84,1.8259,1.84,341
192,38,2019-03-11 10:00:00,1.84,1.8591,1.7998,1.7998,1017
193,37,2019-03-11 11:00:00,1.82,1.82,1.8,1.8,5358
194,36,2019-03-11 11:30:00,1.795,1.8,1.7762,1.7762,1594
195,35,2019-03-11 12:00:00,1.8,1.8,1.8,1.8,100
196,34,2019-03-11 12:30:00,1.8,1.8,1.8,1.8,100
197,33,2019-03-11 13:00:00,1.8,1.8,1.8,1.8,3200
198,32,2019-03-11 13:30:00,1.8,1.8,1.775,1.775,340
199,31,2019-03-11 14:00:00,1.8,1.8101,1.8,1.8101,4364
200,30,2019-03-11 14:30:00,1.83,1.83,1.82,1.82,400
201,29,2019-03-11 15:00:00,1.82,1.82,1.8,1.8,537
202,28,2019-03-11 15:30:00,1.8128,1.8128,1.8128,1.8128,1000
203,27,2019-03-12 10:00:00,1.83,1.9,1.8,1.8032,3205
204,26,2019-03-12 10:30:00,1.8299,1.8299,1.82,1.82,606
205,25,2019-03-12 11:30:00,1.7874,1.7874,1.78,1.7801,2100
206,24,2019-03-12 12:00:00,1.78,1.78,1.77,1.78,1324
207,23,2019-03-12 12:30:00,1.7729,1.774,1.7729,1.774,1200
208,22,2019-03-12 13:30:00,1.7799,1.7799,1.7799,1.7799,2001
209,21,2019-03-12 14:00:00,1.776,1.7778,1.7668,1.7778,600
210,20,2019-03-12 15:30:00,1.77,1.77,1.77,1.77,2400
211,19,2019-03-12 16:00:00,1.77,1.7799,1.73,1.73,3506
212,18,2019-03-13 10:00:00,1.73,1.73,1.7085,1.7141,5150
213,17,2019-03-13 10:30:00,1.73,1.75,1.73,1.7408,6569
214,16,2019-03-13 11:00:00,1.7531,1.7532,1.749,1.749,5700
215,15,2019-03-13 11:30:00,1.74,1.75,1.74,1.75,4002
216,14,2019-03-13 12:00:00,1.7494,1.7494,1.7301,1.7301,1990
217,13,2019-03-13 12:30:00,1.75,1.76,1.75,1.76,1406
218,12,2019-03-13 13:00:00,1.7696,1.7696,1.757,1.757,4175
219,11,2019-03-13 13:30:00,1.77,1.78,1.7698,1.78,9040
220,10,2019-03-13 14:00:00,1.81,1.81,1.81,1.81,100
221,9,2019-03-13 14:30:00,1.8196,1.8196,1.8196,1.8196,245
222,8,2019-03-13 15:00:00,1.82,1.82,1.82,1.82,2000
223,7,2019-03-13 15:30:00,1.8128,1.8128,1.81,1.81,2100
224,6,2019-03-13 16:00:00,1.84,1.84,1.84,1.84,200
225,5,2019-03-14 10:00:00,1.78,1.87,1.78,1.87,443
226,4,2019-03-14 10:30:00,1.8035,1.8599,1.8,1.8041,2750
227,3,2019-03-14 12:00:00,1.85,1.85,1.85,1.85,100
228,2,2019-03-14 14:00:00,1.8090000000000002,1.8090000000000002,1.8,1.805,2985
229,1,2019-03-14 15:30:00,1.8,1.8113,1.79,1.79,4200
230,0,2019-03-14 16:00:00,1.83,1.83,1.83,1.83,100
