,index,time,open,high,low,close,volume
0,266,2020-08-06 09:30:00,2.04,2.04,2.02,2.02,415
1,265,2020-08-06 10:00:00,2.05,2.1299,2.01,2.0507,14924
2,264,2020-08-06 10:30:00,2.085,2.14,2.085,2.14,4515
3,263,2020-08-06 11:00:00,2.14,2.14,2.13,2.1346,2013
4,262,2020-08-06 11:30:00,2.135,2.135,2.13,2.1333,2234
5,261,2020-08-06 12:00:00,2.1301,2.1301,2.1,2.1,2422
6,260,2020-08-06 13:00:00,2.13,2.13,2.13,2.13,200
7,259,2020-08-06 13:30:00,2.1102,2.125,2.1102,2.125,2488
8,258,2020-08-06 14:00:00,2.129,2.129,2.129,2.129,534
9,257,2020-08-06 14:30:00,2.0702,2.1318,2.0702,2.1318,3751
10,256,2020-08-06 15:30:00,2.13,2.28,2.13,2.22,3908
11,255,2020-08-06 16:00:00,2.2336,2.2336,2.14,2.14,2093
12,254,2020-08-07 10:00:00,2.1,2.1839,2.1,2.1314,7047
13,253,2020-08-07 10:30:00,2.14,2.14,2.08,2.08,1600
14,252,2020-08-07 11:00:00,2.08,2.08,2.03,2.0416,8430
15,251,2020-08-07 11:30:00,2.0903,2.11,2.0903,2.11,976
16,250,2020-08-07 12:00:00,2.11,2.12,2.11,2.12,600
17,249,2020-08-07 12:30:00,2.08,2.1,2.08,2.1,296
18,248,2020-08-07 13:00:00,2.1591,2.1591,2.0904,2.0904,5128
19,247,2020-08-07 13:30:00,2.0801,2.0925,2.0801,2.0925,1102
20,246,2020-08-07 14:00:00,2.0954,2.14,2.09,2.1,2548
21,245,2020-08-07 14:30:00,2.1699,2.1699,2.1001,2.1001,400
22,244,2020-08-07 15:00:00,2.1799,2.1799,2.1101,2.1352,1250
23,243,2020-08-07 15:30:00,2.16,2.16,2.11,2.11,2027
24,242,2020-08-07 16:00:00,2.11,2.12,2.11,2.11,1255
25,241,2020-08-10 05:30:00,2.21,2.21,2.21,2.21,280
26,240,2020-08-10 06:30:00,2.13,2.13,2.13,2.13,103
27,239,2020-08-10 09:30:00,2.18,2.19,2.18,2.19,614
28,238,2020-08-10 10:00:00,2.19,2.24,2.1441,2.24,5477
29,237,2020-08-10 10:30:00,2.225,2.31,2.205,2.3,5303
30,236,2020-08-10 11:00:00,2.21,2.21,2.1798,2.1798,863
31,235,2020-08-10 11:30:00,2.1301,2.1752,2.09,2.1752,749
32,234,2020-08-10 12:00:00,2.1,2.16,2.1,2.14,1867
33,233,2020-08-10 13:00:00,2.12,2.17,2.12,2.17,770
34,232,2020-08-10 13:30:00,2.1374,2.1374,2.1374,2.1374,135
35,231,2020-08-10 14:00:00,2.16,2.1974,2.16,2.1974,502
36,230,2020-08-10 14:30:00,2.18,2.18,2.18,2.18,201
37,229,2020-08-10 15:00:00,2.2,2.2,2.2,2.2,330
38,228,2020-08-10 16:00:00,2.18,2.2,2.1501,2.16,1659
39,227,2020-08-11 09:30:00,2.21,2.21,2.21,2.21,133
40,226,2020-08-11 10:00:00,2.14,2.26,2.13,2.26,8013
41,225,2020-08-11 10:30:00,2.2644,2.289,2.25,2.289,5450
42,224,2020-08-11 11:00:00,2.2773,2.2773,2.26,2.2601,996
43,223,2020-08-11 11:30:00,2.26,2.275,2.26,2.26,2904
44,222,2020-08-11 12:00:00,2.26,2.27,2.25,2.27,4700
45,221,2020-08-11 12:30:00,2.26,2.26,2.26,2.26,1196
46,220,2020-08-11 14:00:00,2.27,2.27,2.27,2.27,200
47,219,2020-08-11 14:30:00,2.27,2.27,2.27,2.27,1397
48,218,2020-08-11 15:00:00,2.26,2.26,2.25,2.2501,2100
49,217,2020-08-11 15:30:00,2.25,2.25,2.23,2.23,999
50,216,2020-08-11 16:00:00,2.23,2.25,2.23,2.25,1216
51,215,2020-08-11 16:30:00,2.77,2.77,2.77,2.77,100
52,214,2020-08-11 17:00:00,2.65,2.65,2.65,2.65,122
53,213,2020-08-11 17:30:00,2.27,2.27,2.2,2.2,702
54,212,2020-08-12 10:00:00,2.23,2.23,2.05,2.1667,19607
55,211,2020-08-12 10:30:00,2.0763,2.1998,2.0763,2.1998,1961
56,210,2020-08-12 11:00:00,2.18,2.18,2.18,2.18,343
57,209,2020-08-12 11:30:00,2.11,2.11,2.11,2.11,100
58,208,2020-08-12 12:00:00,2.16,2.16,2.15,2.1536,1008
59,207,2020-08-12 13:30:00,2.15,2.15,2.14,2.15,320
60,206,2020-08-12 14:00:00,2.14,2.14,2.14,2.14,138
61,205,2020-08-12 14:30:00,2.12,2.12,2.08,2.08,3192
62,204,2020-08-12 15:00:00,2.07,2.07,2.01,2.05,9680
63,203,2020-08-12 15:30:00,2.05,2.0602,2.0,2.03,3100
64,202,2020-08-12 16:00:00,2.0202,2.1,2.0202,2.07,9540
65,201,2020-08-13 09:00:00,2.02,2.02,2.01,2.01,200
66,200,2020-08-13 10:00:00,2.0869999999999997,2.0869999999999997,2.04,2.0691,2151
67,199,2020-08-13 10:30:00,2.0599,2.0599,2.0599,2.0599,617
68,198,2020-08-13 11:00:00,2.035,2.04,1.98,1.99,11136
69,197,2020-08-13 11:30:00,1.9825,1.9825,1.9401,1.9401,3200
70,196,2020-08-13 12:00:00,1.94,1.9427,1.85,1.89,30080
71,195,2020-08-13 12:30:00,1.8899,1.955,1.8873,1.9283,28311
72,194,2020-08-13 13:00:00,1.9391,1.95,1.88,1.8891,3002
73,193,2020-08-13 13:30:00,1.9125,1.9399,1.9125,1.9399,600
74,192,2020-08-13 14:00:00,1.93,1.9351,1.93,1.9351,293
75,191,2020-08-13 14:30:00,1.94,2.1653,1.9101,2.1,45335
76,190,2020-08-13 15:00:00,2.0406,2.0406,2.0001,2.0001,12102
77,189,2020-08-13 15:30:00,2.0074,2.01,2.0074,2.01,225
78,188,2020-08-13 16:00:00,2.01,2.02,1.91,1.91,11841
79,187,2020-08-13 19:30:00,1.91,1.91,1.91,1.91,112
80,186,2020-08-14 10:00:00,1.91,2.01,1.91,2.01,8643
81,185,2020-08-14 10:30:00,1.9601,1.9601,1.9601,1.9601,600
82,184,2020-08-14 11:00:00,2.0199,2.0199,1.97,1.97,1500
83,183,2020-08-14 11:30:00,2.0206,2.0206,1.995,1.995,200
84,182,2020-08-14 12:00:00,1.98,1.98,1.96,1.9609999999999999,650
85,181,2020-08-14 12:30:00,1.99,1.99,1.9626,1.9626,1017
86,180,2020-08-14 13:00:00,1.96,1.97,1.96,1.9601,5226
87,179,2020-08-14 13:30:00,1.96,1.9601,1.96,1.96,3127
88,178,2020-08-14 14:00:00,1.9642,1.9642,1.96,1.9631,786
89,177,2020-08-14 14:30:00,1.9601,1.965,1.96,1.96,400
90,176,2020-08-14 15:00:00,1.9601,1.9601,1.9601,1.9601,130
91,175,2020-08-14 15:30:00,1.9601,1.9601,1.96,1.96,440
92,174,2020-08-14 16:00:00,1.9685,2.02,1.96,2.02,3766
93,173,2020-08-17 10:00:00,1.96,1.9985,1.95,1.95,3232
94,172,2020-08-17 10:30:00,2.023,2.023,1.95,1.97,2900
95,171,2020-08-17 11:00:00,1.95,1.95,1.95,1.95,939
96,170,2020-08-17 11:30:00,1.96,2.03,1.95,2.029,11320
97,169,2020-08-17 12:00:00,2.029,2.14,2.029,2.09,14447
98,168,2020-08-17 12:30:00,2.09,2.14,2.0873,2.11,900
99,167,2020-08-17 13:00:00,2.1247,2.14,2.09,2.1001,13930
100,166,2020-08-17 13:30:00,2.1001,2.1001,2.08,2.08,5745
101,165,2020-08-17 14:00:00,2.09,2.099,2.08,2.099,1568
102,164,2020-08-17 14:30:00,2.05,2.0666,2.05,2.0666,1400
103,163,2020-08-17 15:30:00,2.0701,2.075,2.06,2.06,1053
104,162,2020-08-17 16:00:00,2.05,2.069,2.05,2.05,8580
105,161,2020-08-17 17:00:00,2.03,2.03,2.03,2.03,200
106,160,2020-08-18 10:00:00,1.97,2.04,1.97,2.03,1925
107,159,2020-08-18 10:30:00,2.01,2.03,2.01,2.02,1746
108,158,2020-08-18 11:00:00,2.03,2.03,2.03,2.03,200
109,157,2020-08-18 11:30:00,2.01,2.01,2.0,2.0,371
110,156,2020-08-18 12:30:00,1.98,1.98,1.98,1.98,246
111,155,2020-08-18 13:00:00,1.965,1.965,1.96,1.96,536
112,154,2020-08-18 13:30:00,1.9699,1.9699,1.969,1.969,890
113,153,2020-08-18 14:00:00,1.96,1.9601,1.95,1.96,7149
114,152,2020-08-18 14:30:00,1.96,1.9669999999999999,1.85,1.8501,16774
115,151,2020-08-18 15:00:00,1.849,1.8499,1.7905,1.837,25962
116,150,2020-08-18 15:30:00,1.84,1.8799,1.8373,1.8799,11142
117,149,2020-08-18 16:00:00,1.855,1.8699,1.82,1.82,2092
118,148,2020-08-19 09:00:00,2.03,2.13,2.03,2.13,1200
119,147,2020-08-19 09:30:00,2.11,2.11,2.11,2.11,1000
120,146,2020-08-19 10:00:00,2.12,2.12,1.85,1.925,19136
121,145,2020-08-19 10:30:00,1.9046,1.969,1.9001,1.969,3164
122,144,2020-08-19 11:00:00,1.94,1.94,1.9,1.9271,3996
123,143,2020-08-19 11:30:00,1.93,1.93,1.915,1.915,772
124,142,2020-08-19 12:00:00,1.9001,1.92,1.88,1.88,1237
125,141,2020-08-19 12:30:00,1.88,1.88,1.86,1.86,2024
126,140,2020-08-19 13:00:00,1.85,1.86,1.82,1.8301,14750
127,139,2020-08-19 13:30:00,1.835,1.84,1.7046,1.7274,25431
128,138,2020-08-19 14:00:00,1.72,1.7299,1.7,1.7,4165
129,137,2020-08-19 14:30:00,1.7299,1.7299,1.6382,1.7199,6525
130,136,2020-08-19 15:00:00,1.7141,1.72,1.33,1.5172,32377
131,135,2020-08-19 15:30:00,1.51,1.6099,1.43,1.6099,20962
132,134,2020-08-19 16:00:00,1.61,1.69,1.48,1.6,47289
133,133,2020-08-19 18:00:00,1.715,1.715,1.715,1.715,300
134,132,2020-08-20 10:00:00,1.67,1.72,1.6001,1.65,11162
135,131,2020-08-20 10:30:00,1.7,1.7,1.6793,1.69,3326
136,130,2020-08-20 11:00:00,1.6646,1.6646,1.6646,1.6646,618
137,129,2020-08-20 11:30:00,1.69,1.69,1.6601,1.6601,400
138,128,2020-08-20 12:00:00,1.675,1.68,1.675,1.68,1500
139,127,2020-08-20 12:30:00,1.6879,1.69,1.685,1.69,1851
140,126,2020-08-20 13:00:00,1.69,1.8,1.6898,1.76,24525
141,125,2020-08-20 13:30:00,1.7901,1.82,1.7901,1.8,2278
142,124,2020-08-20 14:00:00,1.805,1.805,1.7946,1.7946,2702
143,123,2020-08-20 14:30:00,1.7901,1.7901,1.7901,1.7901,170
144,122,2020-08-20 15:00:00,1.8101,1.99,1.8101,1.99,5893
145,121,2020-08-20 15:30:00,1.93,1.9743,1.819,1.82,29723
146,120,2020-08-20 16:00:00,1.86,1.86,1.86,1.86,870
147,119,2020-08-21 08:30:00,1.9,1.9,1.9,1.9,150
148,118,2020-08-21 09:30:00,1.9,1.9,1.9,1.9,200
149,117,2020-08-21 10:00:00,1.86,1.86,1.8,1.8324,6673
150,116,2020-08-21 10:30:00,1.7914,1.7914,1.7501,1.754,5970
151,115,2020-08-21 11:00:00,1.75,1.8,1.69,1.8,10025
152,114,2020-08-21 12:00:00,1.7797,1.7999,1.76,1.76,2516
153,113,2020-08-21 12:30:00,1.8,1.88,1.8,1.8175,4018
154,112,2020-08-21 13:00:00,1.7836,1.82,1.7836,1.81,495
155,111,2020-08-21 13:30:00,1.81,1.81,1.81,1.81,4624
156,110,2020-08-21 14:30:00,1.82,1.82,1.82,1.82,100
157,109,2020-08-21 15:00:00,1.8101,1.825,1.8101,1.825,800
158,108,2020-08-21 15:30:00,1.83,1.83,1.8201,1.8201,943
159,107,2020-08-21 16:00:00,1.8226,1.83,1.81,1.81,1475
160,106,2020-08-24 10:00:00,1.67,1.7409,1.66,1.6907,6776
161,105,2020-08-24 10:30:00,1.72,1.79,1.6991,1.72,3756
162,104,2020-08-24 11:00:00,1.72,1.725,1.6901,1.7,700
163,103,2020-08-24 11:30:00,1.78,1.78,1.7698,1.7698,4117
164,102,2020-08-24 12:00:00,1.72,1.7227,1.72,1.7227,600
165,101,2020-08-24 13:00:00,1.7257,1.7257,1.72,1.72,400
166,100,2020-08-24 13:30:00,1.7326,1.7326,1.7001,1.7001,1250
167,99,2020-08-24 15:00:00,1.745,1.745,1.71,1.71,540
168,98,2020-08-24 15:30:00,1.7314,1.7344,1.7314,1.7344,1500
169,97,2020-08-24 16:00:00,1.7309999999999999,1.7309999999999999,1.7,1.7,1565
170,96,2020-08-25 10:00:00,1.75,1.7501,1.75,1.75,1045
171,95,2020-08-25 10:30:00,1.75,1.79,1.75,1.79,299
172,94,2020-08-25 11:00:00,1.7518,1.775,1.75,1.775,4817
173,93,2020-08-25 11:30:00,1.7899,1.79,1.75,1.77,3075
174,92,2020-08-25 12:00:00,1.75,1.7615,1.75,1.7615,1300
175,91,2020-08-25 12:30:00,1.7635,1.7635,1.7635,1.7635,760
176,90,2020-08-25 13:00:00,1.79,1.79,1.79,1.79,3500
177,89,2020-08-25 13:30:00,1.7864,1.7946,1.7701,1.7946,2505
178,88,2020-08-25 14:00:00,1.79,1.79,1.79,1.79,500
179,87,2020-08-25 14:30:00,1.7728,1.7728,1.74,1.7469999999999999,4121
180,86,2020-08-25 15:00:00,1.745,1.76,1.745,1.76,1300
181,85,2020-08-25 15:30:00,1.79,1.81,1.79,1.81,1802
182,84,2020-08-25 16:00:00,1.81,1.93,1.81,1.93,7931
183,83,2020-08-26 09:30:00,1.994,1.994,1.994,1.994,100
184,82,2020-08-26 10:00:00,1.93,1.9599,1.87,1.875,3817
185,81,2020-08-26 10:30:00,1.85,1.9,1.85,1.9,1758
186,80,2020-08-26 11:00:00,1.85,1.85,1.85,1.85,100
187,79,2020-08-26 11:30:00,1.85,1.88,1.85,1.88,1020
188,78,2020-08-26 12:00:00,1.88,1.89,1.88,1.8801,301
189,77,2020-08-26 12:30:00,1.88,1.88,1.88,1.88,100
190,76,2020-08-26 13:30:00,1.8801,1.8801,1.88,1.88,368
191,75,2020-08-26 14:00:00,1.88,1.88,1.88,1.88,891
192,74,2020-08-26 14:30:00,1.87,1.885,1.87,1.8780000000000001,1718
193,73,2020-08-26 15:00:00,1.88,1.88,1.87,1.87,992
194,72,2020-08-26 15:30:00,1.8575,1.86,1.8456,1.8456,3600
195,71,2020-08-26 16:00:00,1.84,1.87,1.84,1.86,602
196,70,2020-08-27 10:00:00,1.8,1.858,1.73,1.8212,1340
197,69,2020-08-27 11:00:00,1.85,1.85,1.85,1.85,100
198,68,2020-08-27 11:30:00,1.8522,1.8627,1.8211,1.85,943
199,67,2020-08-27 12:30:00,1.81,1.88,1.76,1.845,6084
200,66,2020-08-27 13:00:00,1.85,1.885,1.85,1.8593,6001
201,65,2020-08-27 13:30:00,1.85,1.85,1.8129,1.8146,1413
202,64,2020-08-27 14:00:00,1.8045,1.8045,1.76,1.8017,2034
203,63,2020-08-27 15:00:00,1.8282,1.8282,1.8282,1.8282,1000
204,62,2020-08-27 15:30:00,1.83,1.83,1.83,1.83,200
205,61,2020-08-27 16:00:00,1.75,1.79,1.75,1.79,975
206,60,2020-08-28 10:00:00,1.75,1.9296,1.75,1.8492,11695
207,59,2020-08-28 10:30:00,1.84,1.9,1.84,1.8973,2400
208,58,2020-08-28 11:00:00,1.871,1.871,1.87,1.87,2900
209,57,2020-08-28 12:30:00,1.8401,1.8445,1.8,1.8445,1600
210,56,2020-08-28 13:30:00,1.8599,1.8599,1.85,1.85,559
211,55,2020-08-28 14:00:00,1.84,1.84,1.8,1.84,825
212,54,2020-08-28 14:30:00,1.84,1.84,1.84,1.84,100
213,53,2020-08-28 16:00:00,1.81,1.87,1.8002,1.87,1154
214,52,2020-08-31 10:00:00,1.84,1.84,1.8,1.8302,8186
215,51,2020-08-31 10:30:00,1.8,1.84,1.8,1.84,3000
216,50,2020-08-31 11:00:00,1.8963,1.99,1.8401,1.9748,22139
217,49,2020-08-31 11:30:00,1.995,2.08,1.95,1.96,9187
218,48,2020-08-31 12:00:00,1.9601,2.0,1.96,1.96,3530
219,47,2020-08-31 12:30:00,1.96,1.96,1.96,1.96,100
220,46,2020-08-31 13:00:00,1.97,1.97,1.97,1.97,144
221,45,2020-08-31 13:30:00,1.9826,1.9826,1.9501,1.9501,230
222,44,2020-08-31 14:00:00,1.95,1.9527,1.95,1.9527,847
223,43,2020-08-31 14:30:00,1.9965,2.0,1.9598,1.9598,566
224,42,2020-08-31 15:00:00,1.9501,1.9854,1.9501,1.98,1719
225,41,2020-08-31 15:30:00,2.0,2.01,1.98,2.0,10653
226,40,2020-08-31 16:00:00,2.02,2.02,1.97,2.01,5141
227,39,2020-09-01 10:00:00,1.95,1.9732,1.94,1.9732,4143
228,38,2020-09-01 10:30:00,2.01,2.01,1.97,1.97,2200
229,37,2020-09-01 11:00:00,1.9701,1.99,1.9701,1.9877,5175
230,36,2020-09-01 11:30:00,1.97,1.97,1.97,1.97,100
231,35,2020-09-01 12:00:00,1.97,1.974,1.97,1.974,1250
232,34,2020-09-01 13:00:00,1.9701,1.9701,1.9701,1.9701,100
233,33,2020-09-01 14:00:00,1.9701,1.9888,1.93,1.9888,20900
234,32,2020-09-01 15:00:00,1.92,1.9296,1.81,1.81,9398
235,31,2020-09-01 15:30:00,1.88,1.9024,1.84,1.84,1571
236,30,2020-09-01 16:00:00,1.84,1.8926,1.82,1.8926,13238
237,29,2020-09-02 10:00:00,1.84,1.89,1.84,1.89,1037
238,28,2020-09-02 10:30:00,1.8601,1.8601,1.8601,1.8601,100
239,27,2020-09-02 11:00:00,1.9399,1.9399,1.9399,1.9399,150
240,26,2020-09-02 11:30:00,1.8601,1.8601,1.86,1.86,350
241,25,2020-09-02 12:00:00,1.87,1.8726,1.87,1.8726,350
242,24,2020-09-02 12:30:00,1.86,1.86,1.86,1.86,573
243,23,2020-09-02 14:00:00,1.85,1.85,1.85,1.85,117
244,22,2020-09-02 15:30:00,1.8501,1.8501,1.85,1.85,508
245,21,2020-09-02 16:00:00,1.8671,1.87,1.84,1.84,4562
246,20,2020-09-03 10:00:00,1.78,1.835,1.78,1.835,1697
247,19,2020-09-03 11:00:00,1.8001,1.824,1.8,1.8,4896
248,18,2020-09-03 11:30:00,1.825,1.825,1.825,1.825,1000
249,17,2020-09-03 13:00:00,1.7801,1.7801,1.7801,1.7801,102
250,16,2020-09-03 15:00:00,1.78,1.78,1.73,1.75,5193
251,15,2020-09-03 15:30:00,1.739,1.78,1.739,1.7709,9016
252,14,2020-09-03 16:00:00,1.7641,1.77,1.7,1.7,1300
253,13,2020-09-04 09:30:00,1.7,1.7,1.7,1.7,130
254,12,2020-09-04 10:00:00,1.7,1.71,1.7,1.71,797
255,11,2020-09-04 10:30:00,1.745,1.745,1.71,1.7143,5527
256,10,2020-09-04 11:00:00,1.7,1.7034,1.6999,1.6999,6234
257,9,2020-09-04 11:30:00,1.67,1.7,1.61,1.62,21821
258,8,2020-09-04 12:00:00,1.6367,1.6367,1.6367,1.6367,200
259,7,2020-09-04 12:30:00,1.6536,1.6536,1.6536,1.6536,100
260,6,2020-09-04 13:00:00,1.66,1.67,1.66,1.67,232
261,5,2020-09-04 13:30:00,1.65,1.67,1.65,1.67,1515
262,4,2020-09-04 14:00:00,1.66,1.66,1.65,1.6583,721
263,3,2020-09-04 14:30:00,1.66,1.67,1.66,1.67,400
264,2,2020-09-04 15:00:00,1.65,1.6646,1.65,1.6646,500
265,1,2020-09-04 15:30:00,1.65,1.67,1.65,1.6644,3729
266,0,2020-09-04 16:00:00,1.67,1.67,1.63,1.63,1980
267,242,2020-09-08 10:00:00,1.6,1.6,1.45,1.46,21291
268,241,2020-09-08 10:30:00,1.5118,1.5728,1.5,1.5728,554
269,240,2020-09-08 11:00:00,1.565,1.5899,1.5578,1.5578,2136
270,239,2020-09-08 11:30:00,1.56,1.5618,1.55,1.5618,2487
271,238,2020-09-08 12:00:00,1.55,1.55,1.55,1.55,1000
272,237,2020-09-08 12:30:00,1.55,1.5576,1.55,1.5576,2400
273,236,2020-09-08 13:30:00,1.5249,1.5249,1.5249,1.5249,268
274,235,2020-09-08 14:00:00,1.4901,1.58,1.4901,1.58,703
275,234,2020-09-08 14:30:00,1.57,1.58,1.54,1.54,1600
276,233,2020-09-08 15:00:00,1.5406,1.5406,1.4801,1.4801,1268
277,232,2020-09-08 15:30:00,1.5226,1.5226,1.4972,1.4972,5541
278,231,2020-09-08 16:00:00,1.5245,1.5245,1.5,1.5,1289
279,230,2020-09-08 18:00:00,1.5,1.5,1.5,1.5,688
280,229,2020-09-09 08:30:00,1.92,1.92,1.89,1.89,1750
281,228,2020-09-09 09:00:00,1.85,1.85,1.85,1.85,165
282,227,2020-09-09 09:30:00,1.82,1.82,1.82,1.82,100
283,226,2020-09-09 10:00:00,1.8,1.8,1.58,1.651,9936
284,225,2020-09-09 10:30:00,1.63,1.65,1.63,1.63,849
285,224,2020-09-09 11:00:00,1.56,1.57,1.5,1.5511,15103
286,223,2020-09-09 11:30:00,1.55,1.55,1.55,1.55,1031
287,222,2020-09-09 12:00:00,1.55,1.6,1.48,1.53,32745
288,221,2020-09-09 12:30:00,1.5135,1.5222,1.51,1.5222,1654
289,220,2020-09-09 13:00:00,1.51,1.51,1.51,1.51,200
290,219,2020-09-09 13:30:00,1.5201,1.5201,1.5201,1.5201,100
291,218,2020-09-09 14:00:00,1.52,1.525,1.5085,1.525,1936
292,217,2020-09-09 14:30:00,1.5226,1.53,1.5226,1.53,249
293,216,2020-09-09 15:00:00,1.5324,1.5324,1.5201,1.5201,1800
294,215,2020-09-09 16:00:00,1.54,1.58,1.54,1.55,11220
295,214,2020-09-09 17:00:00,1.67,1.7,1.67,1.7,1000
296,213,2020-09-10 10:00:00,1.56,1.59,1.5,1.5624,17676
297,212,2020-09-10 10:30:00,1.5899,1.65,1.58,1.64,7108
298,211,2020-09-10 11:00:00,1.65,1.7180000000000002,1.6356,1.7180000000000002,4703
299,210,2020-09-10 11:30:00,1.68,1.706,1.6413,1.706,4735
300,209,2020-09-10 12:00:00,1.7387,1.78,1.7387,1.77,6103
301,208,2020-09-10 12:30:00,1.7701,1.7999,1.77,1.7727,2261
302,207,2020-09-10 13:00:00,1.7727,1.8299,1.77,1.77,16206
303,206,2020-09-10 14:00:00,1.795,1.795,1.76,1.77,1951
304,205,2020-09-10 14:30:00,1.78,1.78,1.76,1.77,1249
305,204,2020-09-10 15:00:00,1.7601,1.78,1.7601,1.78,4046
306,203,2020-09-10 15:30:00,1.76,1.78,1.76,1.78,1696
307,202,2020-09-11 10:00:00,1.71,1.8242,1.71,1.74,3978
308,201,2020-09-11 11:00:00,1.7438,1.7438,1.7438,1.7438,1214
309,200,2020-09-11 11:30:00,1.7593,1.7593,1.7593,1.7593,100
310,199,2020-09-11 12:00:00,1.74,1.74,1.7225,1.7225,301
311,198,2020-09-11 14:30:00,1.785,1.785,1.77,1.7701,4300
312,197,2020-09-11 16:00:00,1.77,1.77,1.735,1.74,9953
313,196,2020-09-11 17:00:00,1.77,1.77,1.77,1.77,100
314,195,2020-09-14 09:00:00,1.74,1.74,1.74,1.74,851
315,194,2020-09-14 10:00:00,1.68,1.73,1.68,1.73,2152
316,193,2020-09-14 10:30:00,1.71,1.71,1.692,1.692,1290
317,192,2020-09-14 11:00:00,1.6999,1.6999,1.685,1.685,404
318,191,2020-09-14 11:30:00,1.6934,1.7,1.69,1.7,2410
319,190,2020-09-14 12:00:00,1.71,1.71,1.7,1.7,1400
320,189,2020-09-14 13:00:00,1.67,1.7541,1.67,1.7541,1652
321,188,2020-09-14 13:30:00,1.7699,1.77,1.7311,1.74,11182
322,187,2020-09-14 14:00:00,1.71,1.7699,1.71,1.73,3600
323,186,2020-09-14 14:30:00,1.74,1.74,1.72,1.74,10233
324,185,2020-09-14 15:30:00,1.76,1.78,1.76,1.78,200
325,184,2020-09-14 16:00:00,1.7701,1.795,1.7701,1.79,3810
326,183,2020-09-14 18:30:00,1.79,1.79,1.79,1.79,350
327,182,2020-09-15 09:30:00,1.7901,1.7901,1.7901,1.7901,4000
328,181,2020-09-15 10:00:00,1.81,1.81,1.8,1.8,2142
329,180,2020-09-15 10:30:00,1.74,1.8,1.74,1.77,10215
330,179,2020-09-15 11:00:00,1.8,1.8,1.7738,1.7738,3812
331,178,2020-09-15 11:30:00,1.7819999999999998,1.7819999999999998,1.7819999999999998,1.7819999999999998,200
332,177,2020-09-15 12:00:00,1.77,1.77,1.76,1.76,300
333,176,2020-09-15 12:30:00,1.7805,1.7976,1.7805,1.7976,745
334,175,2020-09-15 13:00:00,1.76,1.76,1.76,1.76,500
335,174,2020-09-15 16:00:00,1.75,1.75,1.75,1.75,1034
336,173,2020-09-15 17:00:00,1.78,1.78,1.78,1.78,100
337,172,2020-09-16 08:30:00,1.97,1.97,1.9699,1.9699,200
338,171,2020-09-16 10:00:00,1.87,1.87,1.87,1.87,348
339,170,2020-09-16 10:30:00,1.85,1.85,1.81,1.82,2886
340,169,2020-09-16 11:00:00,1.81,1.81,1.79,1.81,1428
341,168,2020-09-16 11:30:00,1.81,1.82,1.81,1.82,200
342,167,2020-09-16 12:00:00,1.82,1.82,1.82,1.82,922
343,166,2020-09-16 12:30:00,1.81,1.81,1.81,1.81,300
344,165,2020-09-16 13:00:00,1.81,1.81,1.78,1.79,1503
345,164,2020-09-16 13:30:00,1.79,1.7901,1.78,1.7901,1415
346,163,2020-09-16 14:00:00,1.785,1.785,1.785,1.785,112
347,162,2020-09-16 14:30:00,1.76,1.76,1.76,1.76,100
348,161,2020-09-16 15:00:00,1.77,1.78,1.77,1.78,300
349,160,2020-09-16 15:30:00,1.78,1.78,1.75,1.7535,3025
350,159,2020-09-16 16:00:00,1.7904,1.7904,1.77,1.77,700
351,158,2020-09-17 10:00:00,1.7517,1.7517,1.69,1.69,2248
352,157,2020-09-17 11:00:00,1.7283,1.7283,1.69,1.6915,4089
353,156,2020-09-17 11:30:00,1.695,1.7,1.69,1.695,4583
354,155,2020-09-17 12:00:00,1.6959,1.7,1.69,1.7,2358
355,154,2020-09-17 12:30:00,1.74,1.74,1.69,1.695,6419
356,153,2020-09-17 13:00:00,1.6902,1.72,1.69,1.7,7280
357,152,2020-09-17 13:30:00,1.7,1.7036,1.7,1.7001,1571
358,151,2020-09-17 15:30:00,1.72,1.73,1.72,1.73,3100
359,150,2020-09-17 16:00:00,1.74,1.74,1.72,1.74,2300
360,149,2020-09-18 10:00:00,1.72,1.72,1.72,1.72,280
361,148,2020-09-18 10:30:00,1.6934,1.6934,1.6934,1.6934,2700
362,147,2020-09-18 12:00:00,1.7288,1.7288,1.7288,1.7288,500
363,146,2020-09-18 13:00:00,1.71,1.71,1.71,1.71,1000
364,145,2020-09-18 13:30:00,1.7,1.7,1.69,1.69,200
365,144,2020-09-18 14:00:00,1.69,1.69,1.6358,1.6358,602
366,143,2020-09-18 14:30:00,1.6999,1.75,1.665,1.75,15205
367,142,2020-09-18 15:00:00,1.6601,1.6601,1.6601,1.6601,100
368,141,2020-09-18 15:30:00,1.715,1.715,1.6701,1.6701,9800
369,140,2020-09-18 16:00:00,1.66,1.841,1.6307,1.84,27514
370,139,2020-09-21 10:00:00,1.66,1.73,1.65,1.65,14308
371,138,2020-09-21 11:00:00,1.6699,1.6699,1.63,1.6498,3283
372,137,2020-09-21 11:30:00,1.6416,1.65,1.6101,1.6101,1510
373,136,2020-09-21 12:00:00,1.6245,1.6299,1.6,1.605,7952
374,135,2020-09-21 12:30:00,1.601,1.6099,1.601,1.6099,3000
375,134,2020-09-21 13:00:00,1.605,1.605,1.605,1.605,750
376,133,2020-09-21 13:30:00,1.6,1.61,1.6,1.6019999999999999,5184
377,132,2020-09-21 15:00:00,1.62,1.629,1.6,1.6,892
378,131,2020-09-21 15:30:00,1.6,1.6099,1.6,1.6,342
379,130,2020-09-21 16:00:00,1.604,1.61,1.604,1.61,2300
380,129,2020-09-22 10:00:00,1.61,1.6683,1.6098,1.6098,2842
381,128,2020-09-22 10:30:00,1.6099,1.61,1.6,1.6,7320
382,127,2020-09-22 11:00:00,1.5603,1.5818,1.5603,1.5818,1082
383,126,2020-09-22 12:00:00,1.6021,1.6021,1.5801,1.5801,1500
384,125,2020-09-22 12:30:00,1.5958,1.5958,1.57,1.57,1800
385,124,2020-09-22 13:00:00,1.58,1.58,1.58,1.58,1049
386,123,2020-09-22 13:30:00,1.571,1.571,1.56,1.56,1415
387,122,2020-09-22 14:00:00,1.5629,1.5629,1.5629,1.5629,1200
388,121,2020-09-22 14:30:00,1.565,1.6,1.56,1.56,6685
389,120,2020-09-22 15:00:00,1.58,1.59,1.58,1.5821,2158
390,119,2020-09-22 15:30:00,1.6,1.6,1.59,1.59,4233
391,118,2020-09-22 16:00:00,1.6,1.6,1.6,1.6,399
392,117,2020-09-22 16:30:00,1.62,1.62,1.58,1.58,10021
393,116,2020-09-23 08:30:00,1.5705,1.5705,1.57,1.57,200
394,115,2020-09-23 09:30:00,1.57,1.57,1.57,1.57,402
395,114,2020-09-23 10:00:00,1.65,1.65,1.595,1.6262,2620
396,113,2020-09-23 10:30:00,1.6,1.6,1.6,1.6,100
397,112,2020-09-23 11:00:00,1.6,1.6001,1.55,1.55,905
398,111,2020-09-23 11:30:00,1.57,1.6,1.57,1.6,12229
399,110,2020-09-23 12:00:00,1.6,1.639,1.57,1.6369,5670
400,109,2020-09-23 12:30:00,1.62,1.6219999999999999,1.6101,1.6219999999999999,4100
401,108,2020-09-23 13:00:00,1.6601,1.6783,1.65,1.6783,1792
402,107,2020-09-23 13:30:00,1.6668,1.6668,1.6433,1.6433,900
403,106,2020-09-23 14:00:00,1.64,1.64,1.62,1.62,1150
404,105,2020-09-23 14:30:00,1.62,1.67,1.62,1.6375,3011
405,104,2020-09-23 15:00:00,1.62,1.62,1.62,1.62,100
406,103,2020-09-23 15:30:00,1.66,1.6603,1.6401,1.6603,1091
407,102,2020-09-23 16:00:00,1.651,1.651,1.6,1.6,403
408,101,2020-09-24 09:30:00,1.6,1.6,1.6,1.6,302
409,100,2020-09-24 10:00:00,1.6,1.6,1.53,1.54,11972
410,99,2020-09-24 10:30:00,1.55,1.5984,1.55,1.57,2162
411,98,2020-09-24 11:00:00,1.5478,1.5478,1.54,1.54,450
412,97,2020-09-24 11:30:00,1.54,1.5412,1.54,1.5412,210
413,96,2020-09-24 12:00:00,1.54,1.5552,1.54,1.5552,254
414,95,2020-09-24 13:00:00,1.55,1.55,1.55,1.55,100
415,94,2020-09-24 15:00:00,1.56,1.56,1.56,1.56,200
416,93,2020-09-24 15:30:00,1.58,1.68,1.58,1.675,16714
417,92,2020-09-24 16:00:00,1.67,1.7499,1.665,1.68,12556
418,91,2020-09-24 16:30:00,1.68,1.68,1.68,1.68,100
419,90,2020-09-25 09:30:00,1.6901,1.6901,1.6901,1.6901,4010
420,89,2020-09-25 10:00:00,1.62,1.6819,1.62,1.65,11110
421,88,2020-09-25 10:30:00,1.63,1.75,1.63,1.725,10059
422,87,2020-09-25 11:00:00,1.745,1.784,1.73,1.75,5596
423,86,2020-09-25 11:30:00,1.7892,1.8,1.7892,1.8,200
424,85,2020-09-25 12:00:00,1.7382,1.7382,1.7382,1.7382,150
425,84,2020-09-25 12:30:00,1.72,1.72,1.72,1.72,100
426,83,2020-09-25 13:00:00,1.7217,1.7979,1.7217,1.7979,399
427,82,2020-09-25 13:30:00,1.7899,1.7899,1.7861,1.7861,2000
428,81,2020-09-25 14:00:00,1.78,1.82,1.78,1.82,22163
429,80,2020-09-25 14:30:00,1.818,1.818,1.74,1.75,624
430,79,2020-09-25 15:00:00,1.8114,1.8114,1.7601,1.7601,700
431,78,2020-09-25 16:00:00,1.7888,1.795,1.77,1.77,1120
432,77,2020-09-25 16:30:00,1.81,1.81,1.81,1.81,468
433,76,2020-09-25 18:00:00,1.85,1.85,1.85,1.85,950
434,75,2020-09-28 10:00:00,1.77,1.86,1.77,1.86,2024
435,74,2020-09-28 10:30:00,1.8514,1.8514,1.81,1.8101,3865
436,73,2020-09-28 11:00:00,1.82,1.82,1.8130000000000002,1.8130000000000002,674
437,72,2020-09-28 11:30:00,1.8,1.8401,1.8,1.84,3484
438,71,2020-09-28 12:00:00,1.86,1.86,1.83,1.83,2600
439,70,2020-09-28 12:30:00,1.805,1.805,1.8,1.8,925
440,69,2020-09-28 13:00:00,1.8382,1.8383,1.81,1.8381,3089
441,68,2020-09-28 13:30:00,1.83,1.84,1.8208,1.83,2925
442,67,2020-09-28 14:00:00,1.84,1.84,1.83,1.8345,1700
443,66,2020-09-28 14:30:00,1.8,1.85,1.8,1.8499,6452
444,65,2020-09-28 15:00:00,1.8,1.86,1.79,1.86,6291
445,64,2020-09-28 15:30:00,1.85,1.88,1.8376,1.88,751
446,63,2020-09-28 16:00:00,1.88,1.9,1.86,1.8962,12992
447,62,2020-09-28 16:30:00,1.9,1.9501,1.9,1.9501,2212
448,61,2020-09-28 17:00:00,2.0,2.0,2.0,2.0,1000
449,60,2020-09-28 17:30:00,2.0,2.0,2.0,2.0,2667
450,59,2020-09-29 07:30:00,2.0,2.0,2.0,2.0,359
451,58,2020-09-29 08:00:00,2.0,2.0,2.0,2.0,312
452,57,2020-09-29 09:00:00,2.0,2.0,2.0,2.0,1589
453,56,2020-09-29 09:30:00,2.0,2.0,2.0,2.0,5065
454,55,2020-09-29 10:00:00,2.0,2.15,1.865,2.095,101674
455,54,2020-09-29 10:30:00,2.1,2.2,1.9,1.932,82063
456,53,2020-09-29 11:00:00,1.91,1.99,1.91,1.91,7987
457,52,2020-09-29 11:30:00,1.91,1.9699,1.9,1.9699,23741
458,51,2020-09-29 12:00:00,1.9688,2.0,1.9477,1.9477,9671
459,50,2020-09-29 12:30:00,1.99,2.0299,1.95,2.0199,17210
460,49,2020-09-29 13:00:00,2.0042,2.01,1.8922,1.8922,19144
461,48,2020-09-29 13:30:00,1.9,1.9,1.9,1.9,1800
462,47,2020-09-29 14:00:00,1.9,1.9427,1.89,1.9427,12398
463,46,2020-09-29 15:00:00,1.93,1.93,1.93,1.93,123
464,45,2020-09-29 15:30:00,1.92,1.9299,1.89,1.9,5431
465,44,2020-09-29 16:00:00,1.89,1.89,1.78,1.81,10163
466,43,2020-09-29 18:00:00,1.9,1.9,1.9,1.9,1000
467,42,2020-09-30 09:00:00,1.92,1.92,1.92,1.92,600
468,41,2020-09-30 09:30:00,1.8001,1.8001,1.8001,1.8001,100
469,40,2020-09-30 10:00:00,1.78,1.8583,1.6827,1.8583,26072
470,39,2020-09-30 10:30:00,1.85,1.95,1.85,1.9045,3756
471,38,2020-09-30 11:00:00,1.8878,1.8878,1.87,1.8759,3665
472,37,2020-09-30 11:30:00,1.87,1.8756,1.87,1.8756,1364
473,36,2020-09-30 12:00:00,1.8291,1.8291,1.82,1.82,2166
474,35,2020-09-30 12:30:00,1.82,1.82,1.82,1.82,100
475,34,2020-09-30 13:00:00,1.8208,1.8493,1.8208,1.8493,1567
476,33,2020-09-30 13:30:00,1.84,1.84,1.82,1.8378,489
477,32,2020-09-30 14:00:00,1.8378,1.8378,1.82,1.82,264
478,31,2020-09-30 14:30:00,1.83,1.83,1.83,1.83,157
479,30,2020-09-30 15:00:00,1.8289,1.83,1.82,1.83,781
480,29,2020-09-30 16:00:00,1.8258,1.829,1.815,1.82,1600
481,28,2020-09-30 18:00:00,1.85,1.85,1.82,1.82,450
482,27,2020-09-30 18:30:00,1.74,1.74,1.72,1.72,932
483,26,2020-10-01 10:00:00,1.85,1.8894,1.85,1.859,3370
484,25,2020-10-01 10:30:00,1.85,1.85,1.78,1.8375,400
485,24,2020-10-01 11:00:00,1.7701,1.831,1.7701,1.8001,3701
486,23,2020-10-01 11:30:00,1.8071,1.8071,1.8071,1.8071,100
487,22,2020-10-01 12:00:00,1.83,1.8346,1.8002,1.8002,1148
488,21,2020-10-01 12:30:00,1.81,1.8297,1.791,1.8,1230
489,20,2020-10-01 13:00:00,1.79,1.9159,1.79,1.8964,15833
490,19,2020-10-01 14:00:00,1.8618,1.8618,1.8618,1.8618,103
491,18,2020-10-01 14:30:00,1.8357,1.8392,1.8357,1.8392,3752
492,17,2020-10-01 15:00:00,1.865,1.8671,1.85,1.8671,650
493,16,2020-10-01 15:30:00,1.8401,1.8512,1.8401,1.85,4800
494,15,2020-10-01 16:00:00,1.87,1.9523,1.87,1.9523,7355
495,14,2020-10-01 17:00:00,1.91,1.91,1.91,1.91,600
496,13,2020-10-01 19:00:00,1.9,1.9,1.9,1.9,825
497,12,2020-10-02 10:00:00,1.9,1.9,1.83,1.87,2288
498,11,2020-10-02 10:30:00,1.875,1.885,1.8706,1.885,4123
499,10,2020-10-02 11:00:00,1.89,1.95,1.89,1.94,2352
500,9,2020-10-02 11:30:00,1.95,1.95,1.9499,1.9499,4308
501,8,2020-10-02 12:00:00,1.93,1.93,1.93,1.93,100
502,7,2020-10-02 12:30:00,1.93,1.965,1.93,1.965,791
503,6,2020-10-02 13:00:00,1.9305,2.14,1.92,2.0125,16728
504,5,2020-10-02 13:30:00,2.01,2.1093,2.01,2.1093,9490
505,4,2020-10-02 14:00:00,2.0801,2.12,2.04,2.05,7006
506,3,2020-10-02 14:30:00,2.0765,2.11,2.04,2.04,10710
507,2,2020-10-02 15:00:00,2.1065,2.2048,2.07,2.1999,29853
508,1,2020-10-02 15:30:00,2.1551,2.2408,2.08,2.1236,74766
509,0,2020-10-02 16:00:00,2.13,2.14,1.95,2.02,20713
