,index,time,open,high,low,close,volume
0,519,2020-09-08 04:30:00,70.48,70.48,70.48,70.48,321
1,518,2020-09-08 05:00:00,70.52,70.52,70.52,70.52,129
2,517,2020-09-08 05:30:00,70.73,70.73,70.73,70.73,200
3,516,2020-09-08 06:00:00,70.36,70.74,70.36,70.74,299
4,515,2020-09-08 06:30:00,70.74,70.75,70.74,70.75,633
5,514,2020-09-08 07:30:00,70.13,70.78,70.13,70.4,2298
6,513,2020-09-08 08:00:00,70.4,70.65,70.1,70.65,3022
7,512,2020-09-08 08:30:00,70.3999,71.0,69.06,69.15,16587
8,511,2020-09-08 09:00:00,69.2,70.0,69.2,69.99,7326
9,510,2020-09-08 09:30:00,69.7,69.7,69.2,69.68,17921
10,509,2020-09-08 10:00:00,69.46,70.255,68.79,69.36,732258
11,508,2020-09-08 10:30:00,69.345,69.625,68.97,69.3901,353654
12,507,2020-09-08 11:00:00,69.43,69.99,69.25,69.26,298884
13,506,2020-09-08 11:30:00,69.24,69.93,69.18,69.69,170024
14,505,2020-09-08 12:00:00,69.68,69.89,69.3,69.31,152572
15,504,2020-09-08 12:30:00,69.3,69.77,69.27,69.69,129504
16,503,2020-09-08 13:00:00,69.72,69.9359,69.53,69.86,91948
17,502,2020-09-08 13:30:00,69.87,70.26,69.64,70.21,125492
18,501,2020-09-08 14:00:00,70.17,70.52,70.05,70.2,187175
19,500,2020-09-08 14:30:00,70.2399,70.31,69.95,69.96,161291
20,499,2020-09-08 15:00:00,69.96,70.29,69.845,70.24,295113
21,498,2020-09-08 15:30:00,70.22,70.45,69.96,70.42,292550
22,497,2020-09-08 16:00:00,70.42,70.75,70.0,70.05,597350
23,496,2020-09-08 16:30:00,70.05,70.73,70.0,70.24,68911
24,495,2020-09-08 17:00:00,70.25,70.25,70.05,70.19,2528
25,494,2020-09-08 18:00:00,70.0,70.0,68.67,68.67,10684
26,493,2020-09-08 18:30:00,69.0,69.0,68.66,69.0,3585
27,492,2020-09-08 19:00:00,69.15,69.25,68.51,68.99,1584
28,491,2020-09-08 19:30:00,68.99,69.25,68.99,69.2499,2570
29,490,2020-09-08 20:00:00,69.2,69.25,69.09,69.25,4832
30,489,2020-09-09 06:30:00,70.05,70.05,70.05,70.05,100
31,488,2020-09-09 08:00:00,70.17,70.18,69.9,70.05,3370
32,487,2020-09-09 08:30:00,69.8601,70.27,69.8601,70.02,3684
33,486,2020-09-09 09:00:00,70.15,70.25,70.15,70.2498,3280
34,485,2020-09-09 09:30:00,70.3,70.4,69.83,69.83,5930
35,484,2020-09-09 10:00:00,69.94,70.17,68.33,68.88,607576
36,483,2020-09-09 10:30:00,68.96,68.99,67.96,68.34,573693
37,482,2020-09-09 11:00:00,68.405,69.05,68.17,68.99,437688
38,481,2020-09-09 11:30:00,69.0,69.02,68.11,68.21,298371
39,480,2020-09-09 12:00:00,68.21,68.68,68.12,68.13,185500
40,479,2020-09-09 12:30:00,68.11,68.26,68.09,68.21,152354
41,478,2020-09-09 13:00:00,68.22,68.41,68.10300000000001,68.10300000000001,131453
42,477,2020-09-09 13:30:00,68.13,68.675,68.0432,68.545,189593
43,476,2020-09-09 14:00:00,68.56,68.7461,68.36,68.65,171156
44,475,2020-09-09 14:30:00,68.63,69.22,68.55,68.93,250646
45,474,2020-09-09 15:00:00,68.92,69.1,68.79,68.87,156883
46,473,2020-09-09 15:30:00,68.88,69.05,68.65,69.02,155453
47,472,2020-09-09 16:00:00,69.0,69.09,68.69,68.86,492888
48,471,2020-09-09 16:30:00,68.86,69.0,68.86,68.86,110207
49,470,2020-09-09 17:00:00,68.9,69.02,68.9,68.9,4022
50,469,2020-09-09 17:30:00,69.0,69.0,69.0,69.0,810
51,468,2020-09-09 18:00:00,69.0,69.0,69.0,69.0,300
52,467,2020-09-09 18:30:00,69.02,69.02,69.02,69.02,607
53,466,2020-09-09 19:00:00,69.02,69.02,68.84,69.02,3811
54,465,2020-09-09 19:30:00,69.02,69.02,69.02,69.02,480
55,464,2020-09-09 20:00:00,69.02,69.45,69.02,69.3,2921
56,463,2020-09-10 04:30:00,68.91,68.91,68.91,68.91,250
57,462,2020-09-10 06:30:00,68.8,68.8,68.8,68.8,137
58,461,2020-09-10 07:00:00,68.8,68.8,68.8,68.8,153
59,460,2020-09-10 07:30:00,68.7,68.7,68.7,68.7,536
60,459,2020-09-10 08:30:00,69.05,69.05,68.55,68.8343,4115
61,458,2020-09-10 09:00:00,68.6578,69.1,68.62,69.1,3491
62,457,2020-09-10 09:30:00,68.85,69.0,68.62,68.65,3241
63,456,2020-09-10 10:00:00,68.59,69.825,67.61,68.97,557870
64,455,2020-09-10 10:30:00,68.92,68.99,67.8286,67.905,444380
65,454,2020-09-10 11:00:00,67.9,68.14,67.02,67.1301,440367
66,453,2020-09-10 11:30:00,67.1899,67.55,67.01,67.35,257850
67,452,2020-09-10 12:00:00,67.38,67.5,66.99,67.45,235170
68,451,2020-09-10 12:30:00,67.36,67.55,67.045,67.2797,174030
69,450,2020-09-10 13:00:00,67.28,67.435,67.0201,67.13,145708
70,449,2020-09-10 13:30:00,67.13,67.33,67.02,67.02,155001
71,448,2020-09-10 14:00:00,67.035,67.15,66.75,66.99,317028
72,447,2020-09-10 14:30:00,66.975,67.15,66.53,66.58,248814
73,446,2020-09-10 15:00:00,66.6,67.02,66.55,66.9181,223948
74,445,2020-09-10 15:30:00,66.92,66.98,66.03,66.16,345765
75,444,2020-09-10 16:00:00,66.165,66.51,66.0,66.18,711769
76,443,2020-09-10 16:30:00,66.19,66.2,66.05,66.19,30831
77,442,2020-09-10 17:00:00,66.1898,66.2,66.06,66.11,2696
78,441,2020-09-10 17:30:00,66.29,66.29,66.22,66.22,504
79,440,2020-09-10 18:00:00,66.08,66.08,66.08,66.08,206
80,439,2020-09-10 18:30:00,66.2,66.25,66.19,66.25,2201
81,438,2020-09-10 19:00:00,66.39,66.39,66.3,66.38,461
82,437,2020-09-10 19:30:00,66.52,66.52,66.52,66.52,300
83,436,2020-09-10 20:00:00,66.59,66.6,66.59,66.6,853
84,435,2020-09-11 06:30:00,67.5,67.5,67.5,67.5,161
85,434,2020-09-11 07:30:00,66.72,67.32,66.71,67.27,1208
86,433,2020-09-11 08:30:00,66.7,67.3599,66.69,66.69,9754
87,432,2020-09-11 09:00:00,66.58,66.65,66.39,66.4,2779
88,431,2020-09-11 09:30:00,66.68,66.79,66.5,66.59,5755
89,430,2020-09-11 10:00:00,66.44,66.46,65.6062,65.78,479671
90,429,2020-09-11 10:30:00,65.75,66.33,65.35,65.59,338526
91,428,2020-09-11 11:00:00,65.58,65.78,65.02,65.13,298195
92,427,2020-09-11 11:30:00,65.14,65.33,65.05,65.1683,212456
93,426,2020-09-11 12:00:00,65.1864,65.205,64.9,64.99,268515
94,425,2020-09-11 12:30:00,64.98,65.25,64.88,64.96,205128
95,424,2020-09-11 13:00:00,64.98,65.035,64.725,64.76,216899
96,423,2020-09-11 13:30:00,64.77,64.78,63.8142,63.825,611198
97,422,2020-09-11 14:00:00,63.81,64.07,63.41,63.41,388099
98,421,2020-09-11 14:30:00,63.4,64.17,63.38,63.99,458424
99,420,2020-09-11 15:00:00,64.01,64.415,63.9,64.34,279212
100,419,2020-09-11 15:30:00,64.31,64.46,64.185,64.385,252742
101,418,2020-09-11 16:00:00,64.39,64.61,64.07,64.14,771269
102,417,2020-09-11 16:30:00,64.15,64.2,64.14,64.15,34446
103,416,2020-09-11 17:00:00,64.15,64.38,64.15,64.38,1593
104,415,2020-09-11 17:30:00,64.2,64.4,64.1,64.4,3215
105,414,2020-09-11 18:00:00,64.35,64.35,64.35,64.35,100
106,413,2020-09-11 18:30:00,64.39,64.39,64.39,64.39,200
107,412,2020-09-11 19:00:00,64.3,64.3,64.3,64.3,325
108,411,2020-09-11 19:30:00,64.2,64.2,64.2,64.2,100
109,410,2020-09-11 20:00:00,64.36,64.36,64.28,64.28,547
110,409,2020-09-14 05:00:00,64.4,64.4,64.4,64.4,671
111,408,2020-09-14 06:00:00,64.55,64.88,64.55,64.88,725
112,407,2020-09-14 07:00:00,64.88,64.88,64.88,64.88,500
113,406,2020-09-14 07:30:00,65.0,65.0,64.85,64.85,678
114,405,2020-09-14 08:00:00,64.91,65.2,64.91,65.0,3921
115,404,2020-09-14 08:30:00,64.973,65.1,64.9,64.96,4224
116,403,2020-09-14 09:00:00,65.0,65.0,65.0,65.0,2096
117,402,2020-09-14 09:30:00,64.91,65.0841,64.75,64.9,5942
118,401,2020-09-14 10:00:00,65.0,66.37,64.5253,66.1,560122
119,400,2020-09-14 10:30:00,66.17,66.2,65.35,65.55,227792
120,399,2020-09-14 11:00:00,65.54,66.32,65.54,66.13,206040
121,398,2020-09-14 11:30:00,66.15,66.52,66.12,66.3719,178147
122,397,2020-09-14 12:00:00,66.407,66.735,66.3,66.3586,152601
123,396,2020-09-14 12:30:00,66.35,67.055,66.3,66.78,215788
124,395,2020-09-14 13:00:00,66.8072,67.23,66.76,67.05,135725
125,394,2020-09-14 13:30:00,67.07,67.73,67.04,67.4,315205
126,393,2020-09-14 14:00:00,67.43,67.76,67.37,67.55,228958
127,392,2020-09-14 14:30:00,67.55,67.69,67.41,67.42,151883
128,391,2020-09-14 15:00:00,67.41,67.6,67.1934,67.58,144129
129,390,2020-09-14 15:30:00,67.57,67.64,67.3325,67.4975,178933
130,389,2020-09-14 16:00:00,67.52,67.925,67.4,67.8,541281
131,388,2020-09-14 16:30:00,67.84,67.84,67.7,67.75,64273
132,387,2020-09-14 17:00:00,67.8,67.8,67.75,67.75,670
133,386,2020-09-14 18:00:00,67.84,67.85,67.84,67.85,527
134,385,2020-09-14 18:30:00,67.8,67.85,67.8,67.85,1144
135,384,2020-09-14 19:00:00,67.85,67.85,67.85,67.85,573
136,383,2020-09-14 19:30:00,67.8,67.85,67.8,67.85,812
137,382,2020-09-14 20:00:00,67.8,67.8,67.79,67.79,375
138,381,2020-09-15 07:00:00,67.8,67.8,67.8,67.8,1001
139,380,2020-09-15 08:30:00,67.9001,68.19,67.8501,68.18,4995
140,379,2020-09-15 09:00:00,68.18,68.4,68.14,68.3,5345
141,378,2020-09-15 09:30:00,68.25,68.4,68.15,68.15,4580
142,377,2020-09-15 10:00:00,68.03,69.85,67.69,68.6479,682083
143,376,2020-09-15 10:30:00,68.61,69.35,68.4,69.09,364904
144,375,2020-09-15 11:00:00,69.08,70.4,69.0301,70.12,556389
145,374,2020-09-15 11:30:00,70.115,70.5,69.83,70.1167,321055
146,373,2020-09-15 12:00:00,70.105,70.11,69.36,69.53,222512
147,372,2020-09-15 12:30:00,69.53,70.18,69.44,70.025,605520
148,371,2020-09-15 13:00:00,70.025,70.78,69.94,70.73,399130
149,370,2020-09-15 13:30:00,70.72,71.825,70.65,71.32,448196
150,369,2020-09-15 14:00:00,71.32,71.55,71.01,71.3,250728
151,368,2020-09-15 14:30:00,71.3,71.35,70.85,71.021,220397
152,367,2020-09-15 15:00:00,71.03,71.63,70.91,71.19,338435
153,366,2020-09-15 15:30:00,71.19,71.34899999999999,70.16,70.37,453209
154,365,2020-09-15 16:00:00,70.375,71.13,70.27,71.07,998094
155,364,2020-09-15 16:30:00,71.07,71.1,71.0,71.02,481159
156,363,2020-09-15 17:00:00,71.07,71.07,70.83,70.83,2951
157,362,2020-09-15 17:30:00,70.92,70.92,70.41,70.41,1210
158,361,2020-09-15 18:00:00,70.49,70.55,70.49,70.55,941
159,360,2020-09-15 18:30:00,70.75,70.75,70.75,70.75,200
160,359,2020-09-15 19:00:00,70.52,70.52,70.51,70.51,4932
161,358,2020-09-15 19:30:00,70.8,70.8,70.8,70.8,973
162,357,2020-09-15 20:00:00,70.92,70.92,70.92,70.92,200
163,356,2020-09-16 04:30:00,71.05,71.05,70.92,70.92,1120
164,355,2020-09-16 07:00:00,71.39,71.48,71.39,71.45,600
165,354,2020-09-16 07:30:00,71.48,71.48,71.31,71.31,700
166,353,2020-09-16 08:00:00,71.09,71.09,71.09,71.09,260
167,352,2020-09-16 08:30:00,71.1,71.4,71.0476,71.4,7052
168,351,2020-09-16 09:00:00,71.35,71.35,71.16,71.25,1123
169,350,2020-09-16 09:30:00,71.26,71.35,71.05,71.05,3638
170,349,2020-09-16 10:00:00,71.03,71.35,70.04,70.895,635538
171,348,2020-09-16 10:30:00,70.895,72.4,70.74,71.765,683850
172,347,2020-09-16 11:00:00,71.71,74.05,71.68,73.7701,900214
173,346,2020-09-16 11:30:00,73.8114,74.6406,73.43,74.41,766393
174,345,2020-09-16 12:00:00,74.44,74.44,73.7541,73.91,482234
175,344,2020-09-16 12:30:00,73.91,74.08,73.5,73.595,289563
176,343,2020-09-16 13:00:00,73.58,74.2,73.55,74.06,309903
177,342,2020-09-16 13:30:00,74.07,74.68,74.03,74.15,364351
178,341,2020-09-16 14:00:00,74.1411,74.17,73.74,73.74,289528
179,340,2020-09-16 14:30:00,73.74,74.68,73.7,74.65,350655
180,339,2020-09-16 15:00:00,74.62,75.2,74.6,74.9,619778
181,338,2020-09-16 15:30:00,74.9,74.95,73.21,73.85,849373
182,337,2020-09-16 16:00:00,73.84,74.365,73.58,74.11,1007981
183,336,2020-09-16 16:30:00,74.12,74.12,72.2921,74.11,81158
184,335,2020-09-16 17:00:00,74.12,74.1202,74.12,74.1202,3876
185,334,2020-09-16 17:30:00,74.18,74.18,74.18,74.18,152
186,333,2020-09-16 18:00:00,74.18,74.18,74.18,74.18,200
187,332,2020-09-16 18:30:00,74.12,74.18,74.0,74.18,1069
188,331,2020-09-16 19:30:00,74.48,74.48,74.48,74.48,100
189,330,2020-09-16 20:00:00,74.3,74.3,74.3,74.3,239
190,329,2020-09-17 04:30:00,74.0,74.18,73.0,73.0,1948
191,328,2020-09-17 05:00:00,73.0,73.0,73.0,73.0,500
192,327,2020-09-17 06:30:00,73.0,73.0,73.0,73.0,168
193,326,2020-09-17 07:00:00,73.0,73.0,73.0,73.0,3267
194,325,2020-09-17 07:30:00,73.0,73.0,73.0,73.0,1582
195,324,2020-09-17 08:00:00,73.22,73.23,73.0,73.0,5219
196,323,2020-09-17 08:30:00,73.0001,73.2298,72.4,72.99,11506
197,322,2020-09-17 09:00:00,72.99,72.99,72.65,72.9,6159
198,321,2020-09-17 09:30:00,72.65,72.6506,71.02,71.02,20794
199,320,2020-09-17 10:00:00,71.47,73.96,71.37,72.93,706372
200,319,2020-09-17 10:30:00,72.935,74.24,72.83,73.38,345551
201,318,2020-09-17 11:00:00,73.42,73.51,72.52,72.87,233160
202,317,2020-09-17 11:30:00,72.89,73.22,72.55,72.59,223828
203,316,2020-09-17 12:00:00,72.58,72.68,71.8,71.93,284389
204,315,2020-09-17 12:30:00,71.93,72.0199,70.942,71.04,351375
205,314,2020-09-17 13:00:00,71.01,71.72,70.875,71.72,251048
206,313,2020-09-17 13:30:00,71.705,71.83,71.26,71.71,148158
207,312,2020-09-17 14:00:00,71.69,72.21,71.5649,72.09,148041
208,311,2020-09-17 14:30:00,72.1,72.54,71.83,71.87,157983
209,310,2020-09-17 15:00:00,71.83,71.87,71.52,71.53,164684
210,309,2020-09-17 15:30:00,71.53,71.722,71.2147,71.56,183157
211,308,2020-09-17 16:00:00,71.53,72.04,71.5,71.81,522508
212,307,2020-09-17 16:30:00,71.88,74.12,71.87,72.66,64575
213,306,2020-09-17 17:00:00,71.88,71.88,71.88,71.88,912
214,305,2020-09-17 19:30:00,71.92,71.92,71.88,71.88,500
215,304,2020-09-17 20:00:00,72.34,72.34,72.0,72.0,434
216,303,2020-09-18 05:00:00,71.7,71.7,71.7,71.7,899
217,302,2020-09-18 05:30:00,71.26,71.52,71.26,71.26,1720
218,301,2020-09-18 06:00:00,71.25,71.34,71.0,71.34,2080
219,300,2020-09-18 06:30:00,71.27,71.27,71.27,71.27,140
220,299,2020-09-18 07:00:00,71.26,71.26,71.25,71.25,695
221,298,2020-09-18 08:00:00,71.31,71.31,71.31,71.31,463
222,297,2020-09-18 08:30:00,71.35,72.4747,71.3,72.0,6412
223,296,2020-09-18 09:00:00,71.9,71.95,71.88,71.88,4635
224,295,2020-09-18 09:30:00,71.87,72.2,71.12,71.12,3501
225,294,2020-09-18 10:00:00,71.44,71.9,70.64,70.99,1086579
226,293,2020-09-18 10:30:00,70.99,71.1632,70.54,71.14,293801
227,292,2020-09-18 11:00:00,71.19,71.55,70.985,71.165,282093
228,291,2020-09-18 11:30:00,71.16,71.53,70.54,70.79,189374
229,290,2020-09-18 12:00:00,70.78,70.96,70.51,70.66,110126
230,289,2020-09-18 12:30:00,70.65,70.97,70.62,70.68,96393
231,288,2020-09-18 13:00:00,70.73,70.73,70.25,70.44,193395
232,287,2020-09-18 13:30:00,70.45,70.9,70.28699999999999,70.32,184890
233,286,2020-09-18 14:00:00,70.33,70.6546,70.12,70.45,198138
234,285,2020-09-18 14:30:00,70.4404,70.51,69.59,70.51,322422
235,284,2020-09-18 15:00:00,70.49,70.58,70.06,70.2459,137668
236,283,2020-09-18 15:30:00,70.26,70.3,69.97,70.24,166584
237,282,2020-09-18 16:00:00,70.235,70.5,69.76,69.83,880751
238,281,2020-09-18 16:30:00,69.83,69.95,69.83,69.8317,208343
239,280,2020-09-18 17:00:00,69.835237,69.835237,69.8302,69.8302,3258
240,279,2020-09-18 17:30:00,69.93,70.0,69.93,70.0,1872
241,278,2020-09-18 18:00:00,69.83,70.0,69.83,69.95,3345
242,277,2020-09-18 19:00:00,70.19,70.19,70.19,70.19,100
243,276,2020-09-18 20:00:00,70.0,70.16,70.0,70.09,399
244,275,2020-09-21 04:30:00,69.65,69.65,67.65,67.65,1781
245,274,2020-09-21 05:00:00,67.51,67.51,67.0,67.0,1516
246,273,2020-09-21 05:30:00,66.9,67.55,66.9,67.55,4475
247,272,2020-09-21 06:00:00,67.35,67.35,67.35,67.35,250
248,271,2020-09-21 06:30:00,67.42,68.0,67.42,67.7,1169
249,270,2020-09-21 07:00:00,67.4,67.43,67.1,67.1,1757
250,269,2020-09-21 07:30:00,67.72,68.4,67.61,67.61,3001
251,268,2020-09-21 08:00:00,67.42,67.52,67.0,67.52,7929
252,267,2020-09-21 08:30:00,67.3,67.96,66.9137,67.6,6149
253,266,2020-09-21 09:00:00,67.53,67.55,66.93,67.5,11094
254,265,2020-09-21 09:30:00,67.49,67.6,66.91,66.91,13771
255,264,2020-09-21 10:00:00,67.07,67.22,64.82,65.81,1566525
256,263,2020-09-21 10:30:00,65.77,66.13,65.385,65.46,523668
257,262,2020-09-21 11:00:00,65.44,65.94,65.07,65.58,416973
258,261,2020-09-21 11:30:00,65.565,66.13,65.21,65.2531,347509
259,260,2020-09-21 12:00:00,65.225,65.7,65.03,65.58,271394
260,259,2020-09-21 12:30:00,65.555,65.86,65.35,65.69,181449
261,258,2020-09-21 13:00:00,65.7,66.2199,65.569,65.69,264723
262,257,2020-09-21 13:30:00,65.715,65.95,65.5,65.92,169265
263,256,2020-09-21 14:00:00,65.88,66.01,65.15,65.23,266763
264,255,2020-09-21 14:30:00,65.21,65.34,64.83,64.86,356152
265,254,2020-09-21 15:00:00,64.845,64.85,64.3525,64.565,414547
266,253,2020-09-21 15:30:00,64.54,65.06,64.515,64.67,318607
267,252,2020-09-21 16:00:00,64.665,64.88,64.45,64.88,851434
268,251,2020-09-21 16:30:00,64.87,65.27,64.84,64.9,25570
269,250,2020-09-21 17:00:00,65.1999,65.33,65.01,65.3,4665
270,249,2020-09-21 17:30:00,65.29,65.4099,65.01,65.01,3654
271,248,2020-09-21 18:00:00,65.12,65.25,65.01,65.25,2102
272,247,2020-09-21 19:30:00,65.28,65.28,65.01,65.01,1951
273,246,2020-09-21 20:00:00,65.25,65.33,65.22,65.3,1699
274,245,2020-09-22 06:00:00,65.29,65.29,65.29,65.29,117
275,244,2020-09-22 07:00:00,65.11,65.15,65.11,65.15,2200
276,243,2020-09-22 07:30:00,65.15,65.15,65.0,65.01,1744
277,242,2020-09-22 08:00:00,65.56,65.56,64.89,64.89,4052
278,241,2020-09-22 08:30:00,65.1499,65.69,64.87,64.87,6798
279,240,2020-09-22 09:00:00,64.99,65.4725,64.99,65.4604,3841
280,239,2020-09-22 09:30:00,65.4647,65.4647,65.1,65.1,7203
281,238,2020-09-22 10:00:00,65.02,66.65,64.9,65.27,1015204
282,237,2020-09-22 10:30:00,65.27,67.07,65.12,66.61,539345
283,236,2020-09-22 11:00:00,66.62,66.79,65.9,65.94,492731
284,235,2020-09-22 11:30:00,65.94,66.05,65.615,65.73,226816
285,234,2020-09-22 12:00:00,65.75,65.76,65.23,65.55,199147
286,233,2020-09-22 12:30:00,65.58,65.8596,65.44,65.61,169909
287,232,2020-09-22 13:00:00,65.59,65.64,65.06,65.16,302835
288,231,2020-09-22 13:30:00,65.1501,65.35,65.11,65.2,319909
289,230,2020-09-22 14:00:00,65.19,65.21,64.955,65.05,287007
290,229,2020-09-22 14:30:00,65.07,65.3634,64.93,65.0,240470
291,228,2020-09-22 15:00:00,65.03,65.37,64.9,64.9,191129
292,227,2020-09-22 15:30:00,64.905,65.123,64.84,64.99,190406
293,226,2020-09-22 16:00:00,65.01,65.2,64.75,65.11,887626
294,225,2020-09-22 16:30:00,65.11,65.15,64.97,65.03,33509
295,224,2020-09-22 17:00:00,65.05,65.11,65.05,65.1,2824
296,223,2020-09-22 17:30:00,65.14,65.14,65.12,65.12,801
297,222,2020-09-22 18:00:00,65.26,65.26,65.12,65.2,4533
298,221,2020-09-22 18:30:00,65.02,65.11,65.02,65.11,1331
299,220,2020-09-22 19:30:00,65.11,65.11,65.0,65.0,904
300,219,2020-09-22 20:00:00,64.9,65.27,64.85,65.27,4234
301,218,2020-09-23 04:30:00,65.27,65.31,65.25,65.31,950
302,217,2020-09-23 05:30:00,66.65,66.73,66.65,66.73,1034
303,216,2020-09-23 07:30:00,65.99,65.99,65.54,65.7,3668
304,215,2020-09-23 08:00:00,65.72,66.11,65.72,66.05,3672
305,214,2020-09-23 08:30:00,65.75,66.13,65.6502,65.8202,14205
306,213,2020-09-23 09:00:00,65.84,66.05,65.82,65.99,1303
307,212,2020-09-23 09:30:00,65.82,65.9,65.1265,65.65,14998
308,211,2020-09-23 10:00:00,65.58,66.8,65.28,65.4601,519929
309,210,2020-09-23 10:30:00,65.4506,65.69,65.17,65.36,236303
310,209,2020-09-23 11:00:00,65.37,65.49,64.5201,64.5201,343840
311,208,2020-09-23 11:30:00,64.55,64.69,64.11,64.15,275544
312,207,2020-09-23 12:00:00,64.15,64.8797,64.1381,64.35,193853
313,206,2020-09-23 12:30:00,64.355,64.56,64.3,64.5,134937
314,205,2020-09-23 13:00:00,64.4981,64.5899,64.2,64.42,167435
315,204,2020-09-23 13:30:00,64.46,64.66,64.3292,64.4159,107469
316,203,2020-09-23 14:00:00,64.435,64.435,63.85,64.07,335134
317,202,2020-09-23 14:30:00,64.065,64.065,63.541000000000004,63.59,231082
318,201,2020-09-23 15:00:00,63.5708,63.6,63.05,63.265,319849
319,200,2020-09-23 15:30:00,63.255,63.33,62.78,63.2,580038
320,199,2020-09-23 16:00:00,63.18,63.445,62.72,62.89,607222
321,198,2020-09-23 16:30:00,62.89,63.0,62.89,63.0,37944
322,197,2020-09-23 17:00:00,62.91,62.99,62.9,62.9898,2327
323,196,2020-09-23 17:30:00,62.95,62.99,62.86,62.88,1135
324,195,2020-09-23 18:00:00,62.9,62.95,62.9,62.9,1987
325,194,2020-09-23 18:30:00,62.9899,62.99,62.89,62.99,4442
326,193,2020-09-23 19:00:00,62.99,62.99,62.88,62.96,2177
327,192,2020-09-23 19:30:00,62.86,62.86,62.8,62.8,839
328,191,2020-09-23 20:00:00,62.8,62.8,62.64,62.64,3365
329,190,2020-09-24 04:30:00,62.7,62.7,62.7,62.7,181
330,189,2020-09-24 06:00:00,62.46,62.46,62.43,62.43,482
331,188,2020-09-24 06:30:00,62.96,62.98,62.96,62.98,1595
332,187,2020-09-24 07:00:00,63.51,63.6,63.51,63.6,7860
333,186,2020-09-24 07:30:00,63.2,63.27,63.0,63.0,6795
334,185,2020-09-24 08:00:00,63.01,63.01,63.01,63.01,300
335,184,2020-09-24 08:30:00,63.35,63.35,62.8,62.8,11369
336,183,2020-09-24 09:00:00,62.82,62.82,62.06,62.35,18339
337,182,2020-09-24 09:30:00,62.4,62.4498,62.14,62.28,15721
338,181,2020-09-24 10:00:00,62.05,62.4,59.6,61.64,1911875
339,180,2020-09-24 10:30:00,61.655,63.1,61.655,62.19,551736
340,179,2020-09-24 11:00:00,62.215,62.27,61.26,62.11,384273
341,178,2020-09-24 11:30:00,62.105,62.1805,61.67,61.99,174760
342,177,2020-09-24 12:00:00,62.0,62.62,61.87,62.54,139772
343,176,2020-09-24 12:30:00,62.55,63.22,62.51,63.12,192774
344,175,2020-09-24 13:00:00,63.12,63.21,62.6948,63.1301,156291
345,174,2020-09-24 13:30:00,63.13,64.0195,63.095,64.015,269168
346,173,2020-09-24 14:00:00,64.05,64.16,63.5911,63.62,243151
347,172,2020-09-24 14:30:00,63.605,63.92,63.33,63.3724,175565
348,171,2020-09-24 15:00:00,63.43,63.46,62.69,62.765,186921
349,170,2020-09-24 15:30:00,62.785,63.13,62.44,62.73,265867
350,169,2020-09-24 16:00:00,62.69,63.0599,62.58,62.79,452700
351,168,2020-09-24 16:30:00,62.83,63.75,62.83,62.85,25839
352,167,2020-09-24 17:00:00,62.85,62.85,62.85,62.85,200
353,166,2020-09-24 17:30:00,62.9,62.9,62.9,62.9,800
354,165,2020-09-24 18:00:00,62.85,62.9,62.85,62.9,1399
355,164,2020-09-24 19:30:00,62.94,63.4,62.94,63.4,1530
356,163,2020-09-24 20:00:00,63.17,63.44,63.17,63.44,11214
357,162,2020-09-25 05:00:00,62.49,62.49,62.49,62.49,300
358,161,2020-09-25 05:30:00,63.4,63.4,62.67,62.67,342
359,160,2020-09-25 06:30:00,62.73,62.73,62.65,62.65,415
360,159,2020-09-25 07:00:00,62.6,62.6,62.56,62.56,1144
361,158,2020-09-25 07:30:00,62.21,62.5,62.07,62.2,5531
362,157,2020-09-25 08:00:00,62.48,62.5,62.23,62.5,673
363,156,2020-09-25 08:30:00,62.0,62.5,62.0,62.5,2696
364,155,2020-09-25 09:00:00,62.79,62.79,62.785,62.79,464
365,154,2020-09-25 09:30:00,62.5501,62.5501,62.14,62.14,2237
366,153,2020-09-25 10:00:00,62.0,63.43,62.0,63.13,427505
367,152,2020-09-25 10:30:00,63.12,63.3664,62.2,62.8019,254588
368,151,2020-09-25 11:00:00,62.815,63.16,62.565,62.73,219068
369,150,2020-09-25 11:30:00,62.77,62.92,62.51,62.77,150585
370,149,2020-09-25 12:00:00,62.79,63.0791,62.64,62.78,102059
371,148,2020-09-25 12:30:00,62.79,62.85,62.47,62.54,101691
372,147,2020-09-25 13:00:00,62.53,63.14,62.53,63.07,127075
373,146,2020-09-25 13:30:00,63.1,63.57,63.0,63.48,155628
374,145,2020-09-25 14:00:00,63.5,63.53,63.2548,63.51,110325
375,144,2020-09-25 14:30:00,63.51,63.59,63.21,63.54,140320
376,143,2020-09-25 15:00:00,63.525,63.6699,63.4,63.595,136081
377,142,2020-09-25 15:30:00,63.61,63.93,63.61,63.88,165961
378,141,2020-09-25 16:00:00,63.8584,63.8584,63.37,63.56,301434
379,140,2020-09-25 16:30:00,63.58,63.6,63.56,63.6,45162
380,139,2020-09-25 17:00:00,63.5,63.5,63.5,63.5,2705
381,138,2020-09-25 17:30:00,63.55,63.55,63.55,63.55,100
382,137,2020-09-25 18:00:00,63.58,63.58,63.58,63.58,1016
383,136,2020-09-25 19:30:00,63.58,63.58,63.58,63.58,1410
384,135,2020-09-25 20:00:00,63.75,63.75,63.75,63.75,350
385,134,2020-09-28 04:30:00,63.57,63.9,63.57,63.9,200
386,133,2020-09-28 05:00:00,64.28,64.28,64.28,64.28,2300
387,132,2020-09-28 06:00:00,64.3,64.3,64.3,64.3,240
388,131,2020-09-28 06:30:00,64.5,64.5,64.5,64.5,820
389,130,2020-09-28 07:30:00,64.92,65.06,64.71,65.0,14918
390,129,2020-09-28 08:00:00,64.99,65.0,64.51,64.76,1715
391,128,2020-09-28 08:30:00,64.9898,65.24,64.39,65.01,16897
392,127,2020-09-28 09:00:00,64.8,65.0,64.6,64.8,7002
393,126,2020-09-28 09:30:00,64.75,66.0,64.6,66.0,33213
394,125,2020-09-28 10:00:00,65.8,66.535,64.88,65.2899,806215
395,124,2020-09-28 10:30:00,65.29,65.69,64.8,65.48,256715
396,123,2020-09-28 11:00:00,65.4567,65.78,65.14,65.75,285314
397,122,2020-09-28 11:30:00,65.75,65.8346,65.37,65.755,207831
398,121,2020-09-28 12:00:00,65.7593,65.81,65.43,65.577,109856
399,120,2020-09-28 12:30:00,65.55,66.18,65.55,66.0,157416
400,119,2020-09-28 13:00:00,65.99,66.3,65.74,66.0664,135348
401,118,2020-09-28 13:30:00,66.0544,66.2,65.57,65.62,123048
402,117,2020-09-28 14:00:00,65.64,65.88,65.58,65.78,123118
403,116,2020-09-28 14:30:00,65.78,66.018,65.67,65.76,177233
404,115,2020-09-28 15:00:00,65.78,66.5,65.72,66.46,186102
405,114,2020-09-28 15:30:00,66.455,66.455,65.8476,66.02,184461
406,113,2020-09-28 16:00:00,66.015,66.06,65.58,65.83,402197
407,112,2020-09-28 16:30:00,65.79,65.89,65.79,65.8,329848
408,111,2020-09-28 17:00:00,65.8,65.9,65.8,65.9,1255
409,110,2020-09-28 17:30:00,65.8999,65.9,65.8999,65.9,535
410,109,2020-09-28 18:30:00,65.85,66.07,65.85,66.07,1058
411,108,2020-09-28 19:00:00,66.3,66.3,65.81,65.81,552
412,107,2020-09-28 19:30:00,65.9,65.9,65.9,65.9,117
413,106,2020-09-29 07:00:00,65.9,65.9,65.9,65.9,1101
414,105,2020-09-29 08:00:00,65.91,65.91,65.9,65.9,2450
415,104,2020-09-29 08:30:00,66.0986,66.1,65.85,65.85,1870
416,103,2020-09-29 09:00:00,65.75,65.7936,65.6,65.6,580
417,102,2020-09-29 09:30:00,65.4,65.65,65.4,65.56,3772
418,101,2020-09-29 10:00:00,65.33,65.34,64.21,64.21,516501
419,100,2020-09-29 10:30:00,64.24,64.87,63.98,64.41,378950
420,99,2020-09-29 11:00:00,64.4,64.5799,63.67,63.73,321002
421,98,2020-09-29 11:30:00,63.75,63.78,63.29,63.4,353726
422,97,2020-09-29 12:00:00,63.37,63.71,62.92,63.0305,316223
423,96,2020-09-29 12:30:00,63.04,63.5927,62.9,63.575,247366
424,95,2020-09-29 13:00:00,63.6,63.7925,63.385,63.54,157825
425,94,2020-09-29 13:30:00,63.5622,63.62,63.2147,63.59,176334
426,93,2020-09-29 14:00:00,63.57,63.8066,63.38,63.61,158988
427,92,2020-09-29 14:30:00,63.62,63.99,63.525,63.94,154652
428,91,2020-09-29 15:00:00,63.945,64.35,63.91,64.03,197576
429,90,2020-09-29 15:30:00,64.03,64.064,63.78,63.86,170644
430,89,2020-09-29 16:00:00,63.85,64.13,63.74,63.98,476474
431,88,2020-09-29 16:30:00,63.99,64.33,63.98,64.01,33841
432,87,2020-09-29 17:00:00,64.2,64.24,64.2,64.2,850
433,86,2020-09-29 17:30:00,64.02,64.1,64.0,64.1,944
434,85,2020-09-29 18:00:00,64.01,64.01,64.01,64.01,200
435,84,2020-09-29 18:30:00,64.0999,64.0999,64.0,64.0,2350
436,83,2020-09-29 19:00:00,64.0,64.11,64.0,64.11,2696
437,82,2020-09-29 19:30:00,64.24,64.28,64.15,64.15,1455
438,81,2020-09-29 20:00:00,64.15,64.2,64.11,64.11,700
439,80,2020-09-30 08:00:00,63.4,63.65,63.4,63.65,3654
440,79,2020-09-30 08:30:00,63.1109,63.75,62.95,63.75,6562
441,78,2020-09-30 09:00:00,63.95,64.19,63.95,64.01,3695
442,77,2020-09-30 09:30:00,64.459,64.459,64.0,64.0,2905
443,76,2020-09-30 10:00:00,64.15,66.12,64.13,65.72,751820
444,75,2020-09-30 10:30:00,65.67,66.1,64.74,65.135,418771
445,74,2020-09-30 11:00:00,65.17,65.705,65.08,65.0936,190921
446,73,2020-09-30 11:30:00,65.0865,65.12,64.47,64.75,221284
447,72,2020-09-30 12:00:00,64.73,64.97,64.5,64.56,177475
448,71,2020-09-30 12:30:00,64.59,64.8864,64.59,64.825,133614
449,70,2020-09-30 13:00:00,64.83,65.165,64.63,65.165,124167
450,69,2020-09-30 13:30:00,65.12,65.165,64.86,65.08,137720
451,68,2020-09-30 14:00:00,65.0732,65.18,64.85,64.88,138516
452,67,2020-09-30 14:30:00,64.88,65.1653,64.25,64.47,201377
453,66,2020-09-30 15:00:00,64.465,64.51,63.7,64.44,280142
454,65,2020-09-30 15:30:00,64.435,64.5,63.7427,64.2227,198644
455,64,2020-09-30 16:00:00,64.19,64.79,63.9701,64.64,504388
456,63,2020-09-30 16:30:00,64.68,64.68,64.65,64.68,67545
457,62,2020-09-30 17:00:00,64.68,64.81,64.59,64.59,2674
458,61,2020-09-30 17:30:00,64.59,64.59,64.59,64.59,600
459,60,2020-09-30 18:00:00,64.7,64.7,64.56,64.68,1855
460,59,2020-09-30 18:30:00,64.71,64.71,64.71,64.71,150
461,58,2020-09-30 19:00:00,64.84,64.84,64.6801,64.7,602
462,57,2020-09-30 19:30:00,64.7,64.79,64.7,64.79,1790
463,56,2020-09-30 20:00:00,64.79,64.84,64.79,64.8,1502
464,55,2020-10-01 06:30:00,65.0,65.77,65.0,65.77,2100
465,54,2020-10-01 07:30:00,65.55,65.55,65.55,65.55,242
466,53,2020-10-01 08:00:00,65.5,65.5,65.5,65.5,1000
467,52,2020-10-01 08:30:00,65.5399,65.6,65.19,65.6,2947
468,51,2020-10-01 09:00:00,65.4,65.58,65.4,65.4002,2383
469,50,2020-10-01 09:30:00,65.3,65.5,65.0,65.0,8489
470,49,2020-10-01 10:00:00,64.84,65.6623,64.53,64.665,458370
471,48,2020-10-01 10:30:00,64.6,64.905,64.25,64.6,251396
472,47,2020-10-01 11:00:00,64.56,64.955,64.4494,64.81,156528
473,46,2020-10-01 11:30:00,64.8486,65.335,64.62,65.16,179663
474,45,2020-10-01 12:00:00,65.19,65.57,65.09,65.55,126422
475,44,2020-10-01 12:30:00,65.56,65.57,65.07,65.29,137687
476,43,2020-10-01 13:00:00,65.32,65.4888,65.08,65.31,123136
477,42,2020-10-01 13:30:00,65.33,65.658,65.3113,65.4672,163523
478,41,2020-10-01 14:00:00,65.49,65.76,65.05,65.135,208313
479,40,2020-10-01 14:30:00,65.16,65.5941,64.74,65.555,225216
480,39,2020-10-01 15:00:00,65.54,65.65,65.23,65.455,188601
481,38,2020-10-01 15:30:00,65.45,65.89,65.43,65.8326,144605
482,37,2020-10-01 16:00:00,65.82,66.56,65.81,66.54,589476
483,36,2020-10-01 16:30:00,66.53,66.56,66.3,66.45,165409
484,35,2020-10-01 17:00:00,66.56,66.66,66.35,66.55,4224
485,34,2020-10-01 17:30:00,66.37,66.51,66.36,66.36,2900
486,33,2020-10-01 18:30:00,66.5,66.53,66.5,66.53,1280
487,32,2020-10-01 19:00:00,66.27,66.27,66.25,66.25,962
488,31,2020-10-01 20:00:00,66.43,66.68,66.41,66.62,6475
489,30,2020-10-02 04:30:00,64.4,65.2,63.3,64.5,7653
490,29,2020-10-02 05:00:00,64.08,64.43,64.07,64.11,2016
491,28,2020-10-02 05:30:00,64.22,64.5,64.0,64.0,3338
492,27,2020-10-02 06:00:00,64.0,64.0,64.0,64.0,674
493,26,2020-10-02 06:30:00,64.0,64.0,64.0,64.0,724
494,25,2020-10-02 07:30:00,64.2,64.2,64.02,64.05,5123
495,24,2020-10-02 08:00:00,64.03,64.3,63.85,64.3,10150
496,23,2020-10-02 08:30:00,64.1201,64.62,63.9,64.62,15712
497,22,2020-10-02 09:00:00,64.53,64.69,64.09,64.09,11611
498,21,2020-10-02 09:30:00,64.25,64.271,64.0,64.18,18947
499,20,2020-10-02 10:00:00,64.13,65.58,64.05,65.3001,460701
500,19,2020-10-02 10:30:00,65.3,66.2,65.2626,65.47,264557
501,18,2020-10-02 11:00:00,65.49,65.76,65.22,65.22,222856
502,17,2020-10-02 11:30:00,65.23,66.09,65.14,66.04,177905
503,16,2020-10-02 12:00:00,66.05,66.19,65.66,65.6854,222878
504,15,2020-10-02 12:30:00,65.68,67.28,65.63,67.1075,397969
505,14,2020-10-02 13:00:00,67.12,67.6799,67.095,67.63,230803
506,13,2020-10-02 13:30:00,67.6056,67.9227,67.425,67.4459,229162
507,12,2020-10-02 14:00:00,67.4301,67.56,66.76,66.8,214261
508,11,2020-10-02 14:30:00,66.84,67.9,66.84,67.58,230036
509,10,2020-10-02 15:00:00,67.55,67.86,67.48,67.59,205404
510,9,2020-10-02 15:30:00,67.589,68.2199,67.39,68.2199,304947
511,8,2020-10-02 16:00:00,68.1947,68.5,67.62,68.2,720595
512,7,2020-10-02 16:30:00,68.2,68.2002,68.19,68.2,271165
513,6,2020-10-02 17:00:00,68.25,68.25,68.03,68.2,25095
514,5,2020-10-02 17:30:00,68.2002,68.2002,67.8,67.83,5435
515,4,2020-10-02 18:00:00,68.0,68.0,67.8,67.8,7481
516,3,2020-10-02 18:30:00,67.64,67.98,67.63,67.96,1423
517,2,2020-10-02 19:00:00,67.65,67.67,67.63,67.63,750
518,1,2020-10-02 19:30:00,67.66,67.66,67.62,67.62,1050
519,0,2020-10-02 20:00:00,67.63,67.63,67.63,67.63,636
