,index,time,open,high,low,close,volume
0,235,2020-03-09 05:00:00,2.4,2.4,2.4,2.4,500
1,234,2020-03-09 07:30:00,2.4,2.4,2.4,2.4,1000
2,233,2020-03-09 09:00:00,2.41,2.41,2.41,2.41,1000
3,232,2020-03-09 10:00:00,2.4,2.4,2.4,2.4,380
4,231,2020-03-09 11:00:00,2.4,2.45,2.4,2.44,4940
5,230,2020-03-09 12:00:00,2.44,2.44,2.44,2.44,269
6,229,2020-03-09 13:30:00,2.44,2.45,2.44,2.44,1941
7,228,2020-03-09 14:00:00,2.45,2.45,2.45,2.45,100
8,227,2020-03-09 15:30:00,2.45,2.45,2.43,2.44,2506
9,226,2020-03-09 16:00:00,2.43,2.45,2.43,2.45,1225
10,225,2020-03-10 10:00:00,2.5,2.5,2.48,2.5,6410
11,224,2020-03-10 10:30:00,2.43,2.45,2.38,2.435,4800
12,223,2020-03-10 11:00:00,2.44,2.44,2.44,2.44,1000
13,222,2020-03-10 13:00:00,2.48,2.48,2.44,2.45,6200
14,221,2020-03-10 13:30:00,2.45,2.45,2.45,2.45,100
15,220,2020-03-10 15:00:00,2.4626,2.4626,2.4552,2.4552,1800
16,219,2020-03-10 15:30:00,2.4563,2.4563,2.45,2.45,2100
17,218,2020-03-10 16:00:00,2.47,2.5,2.4,2.4,11000
18,217,2020-03-11 10:00:00,2.42,2.45,2.42,2.45,10600
19,216,2020-03-11 11:00:00,2.43,2.43,2.43,2.43,1000
20,215,2020-03-11 11:30:00,2.3949,2.3949,2.3949,2.3949,1000
21,214,2020-03-11 14:00:00,2.41,2.41,2.41,2.41,200
22,213,2020-03-11 15:00:00,2.42,2.42,2.42,2.42,200
23,212,2020-03-11 16:00:00,2.43,2.43,2.425,2.425,300
24,211,2020-03-12 10:00:00,2.4,2.4,2.34,2.34,8100
25,210,2020-03-12 10:30:00,2.36,2.39,2.34,2.37,1600
26,209,2020-03-12 11:00:00,2.37,2.37,2.37,2.37,100
27,208,2020-03-12 11:30:00,2.37,2.37,1.93,2.18,13901
28,207,2020-03-12 12:00:00,2.1827,2.215,2.1207,2.13,2603
29,206,2020-03-12 12:30:00,2.13,2.185,2.13,2.1727,900
30,205,2020-03-12 13:00:00,2.22,2.22,2.09,2.1,3700
31,204,2020-03-12 13:30:00,2.05,2.1127,2.05,2.1127,1200
32,203,2020-03-12 14:00:00,2.11,2.13,2.11,2.13,700
33,202,2020-03-12 14:30:00,2.12,2.12,2.0619,2.1,1301
34,201,2020-03-12 15:00:00,2.1,2.11,2.1,2.1,1100
35,200,2020-03-12 15:30:00,2.1,2.1,2.1,2.1,600
36,199,2020-03-12 16:00:00,2.1,2.1,2.03,2.1,4009
37,198,2020-03-13 11:30:00,2.15,2.16,2.1,2.1,2199
38,197,2020-03-13 12:30:00,2.14,2.17,2.1,2.105,8724
39,196,2020-03-13 13:00:00,2.1,2.14,2.1,2.14,400
40,195,2020-03-13 13:30:00,2.16,2.2,2.16,2.2,2437
41,194,2020-03-13 14:00:00,2.23,2.23,2.23,2.23,100
42,193,2020-03-13 15:00:00,2.28,2.42,2.28,2.42,655
43,192,2020-03-13 15:30:00,2.4,2.4,2.4,2.4,849
44,191,2020-03-13 16:00:00,2.4,2.4,2.36,2.36,427
45,190,2020-03-16 10:00:00,2.3,2.3,2.3,2.3,376
46,189,2020-03-16 10:30:00,2.13,2.13,2.01,2.01,1392
47,188,2020-03-16 11:00:00,2.0,2.08,1.99,1.99,689216
48,187,2020-03-16 11:30:00,1.99,2.0,1.99,2.0,94766
49,186,2020-03-16 12:00:00,1.99,1.9977,1.99,1.99,900
50,185,2020-03-16 12:30:00,1.99,1.99,1.99,1.99,720
51,184,2020-03-16 13:00:00,1.99,1.99,1.99,1.99,200
52,183,2020-03-16 13:30:00,1.99,1.99,1.99,1.99,400
53,182,2020-03-16 14:00:00,2.0,2.0,1.99,1.99,1200
54,181,2020-03-16 14:30:00,1.99,2.0,1.99,2.0,1000
55,180,2020-03-16 15:00:00,1.99,1.99,1.99,1.99,200
56,179,2020-03-16 15:30:00,1.99,1.9901,1.99,1.99,900
57,178,2020-03-16 16:00:00,1.99,2.08,1.9,2.0,15997
58,177,2020-03-17 10:00:00,1.8,1.8,1.7873,1.79,62987
59,176,2020-03-17 10:30:00,1.8,1.8,1.79,1.79,6403
60,175,2020-03-17 11:00:00,1.8,1.8,1.7915,1.7915,500
61,174,2020-03-17 11:30:00,1.8,1.8,1.58,1.58,17500
62,173,2020-03-17 12:00:00,1.59,1.61,1.5,1.61,16501
63,172,2020-03-17 12:30:00,1.62,1.62,1.61,1.61,500
64,171,2020-03-17 13:00:00,1.61,1.61,1.61,1.61,100
65,170,2020-03-17 13:30:00,1.66,1.66,1.65,1.65,801
66,169,2020-03-17 15:30:00,1.6538,1.6538,1.65,1.65,600
67,168,2020-03-17 16:00:00,1.66,1.66,1.65,1.65,200
68,167,2020-03-18 09:30:00,1.65,1.65,1.65,1.65,200
69,166,2020-03-18 10:30:00,1.62,1.6247,1.62,1.62,740
70,165,2020-03-18 12:00:00,1.6227,1.6227,1.62,1.62,500
71,164,2020-03-18 14:00:00,1.62,1.62,1.41,1.55,4467
72,163,2020-03-18 14:30:00,1.55,1.55,1.54,1.54,200
73,162,2020-03-18 15:00:00,1.54,1.54,1.53,1.53,700
74,161,2020-03-18 16:00:00,1.525,1.55,1.49,1.49,2980
75,160,2020-03-19 11:00:00,1.4873,1.49,1.4873,1.4897,800
76,159,2020-03-19 11:30:00,1.4873,1.49,1.46,1.49,3700
77,158,2020-03-19 12:00:00,1.49,1.49,1.49,1.49,500
78,157,2020-03-19 12:30:00,1.49,1.49,1.47,1.47,471
79,156,2020-03-19 13:00:00,1.4768,1.4768,1.4768,1.4768,100
80,155,2020-03-19 15:00:00,1.48,1.48,1.48,1.48,100
81,154,2020-03-19 16:00:00,1.49,1.5,1.455,1.465,3000
82,153,2020-03-20 10:00:00,1.47,1.47,1.35,1.35,3110
83,152,2020-03-20 10:30:00,1.39,1.5,1.39,1.42,5825
84,151,2020-03-20 11:00:00,1.42,1.445,1.41,1.41,27941
85,150,2020-03-20 11:30:00,1.48,1.48,1.44,1.47,1300
86,149,2020-03-20 12:00:00,1.47,1.48,1.45,1.46,1600
87,148,2020-03-20 12:30:00,1.46,1.47,1.45,1.46,800
88,147,2020-03-20 13:00:00,1.46,1.46,1.46,1.46,400
89,146,2020-03-20 13:30:00,1.46,1.48,1.46,1.48,3900
90,145,2020-03-20 14:00:00,1.5,1.5,1.48,1.48,1590
91,144,2020-03-20 15:00:00,1.4985,1.4985,1.49,1.49,1500
92,143,2020-03-20 15:30:00,1.49,1.49,1.49,1.49,100
93,142,2020-03-20 16:00:00,1.48,1.5,1.45,1.5,14422
94,141,2020-03-23 11:00:00,1.45,1.47,1.37,1.45,5050
95,140,2020-03-23 11:30:00,1.46,1.47,1.21,1.21,4790
96,139,2020-03-23 13:30:00,1.2961,1.3,1.285,1.3,9000
97,138,2020-03-23 14:00:00,1.3,1.3,1.29,1.29,1000
98,137,2020-03-23 14:30:00,1.3,1.3,1.295,1.3,2700
99,136,2020-03-23 15:00:00,1.3,1.3,1.3,1.3,1500
100,135,2020-03-23 15:30:00,1.3,1.3,1.2908,1.3,3000
101,134,2020-03-23 16:00:00,1.29,1.3,1.29,1.3,3856
102,133,2020-03-24 10:00:00,1.3,1.3,1.29,1.3,2786
103,132,2020-03-24 10:30:00,1.3,1.3,1.29,1.29,3175
104,131,2020-03-24 11:00:00,1.3,1.3,1.29,1.29,6118
105,130,2020-03-24 12:00:00,1.3,1.3,1.29,1.29,16982
106,129,2020-03-24 12:30:00,1.29,1.29,1.29,1.29,100
107,128,2020-03-24 13:30:00,1.295,1.295,1.295,1.295,269
108,127,2020-03-24 14:00:00,1.3,1.3,1.29,1.29,1636
109,126,2020-03-24 14:30:00,1.29,1.3,1.29,1.3,11519
110,125,2020-03-24 15:00:00,1.3,1.3,1.29,1.29,500
111,124,2020-03-24 15:30:00,1.29,1.29,1.285,1.285,975
112,123,2020-03-24 16:00:00,1.2838,1.29,1.28,1.29,389
113,122,2020-03-25 11:30:00,1.2865,1.2873,1.2865,1.2873,300
114,121,2020-03-25 12:00:00,1.2873,1.29,1.2873,1.29,500
115,120,2020-03-25 13:00:00,1.3,1.3,1.29,1.29,7310
116,119,2020-03-25 13:30:00,1.28,1.28,1.28,1.28,100
117,118,2020-03-25 14:30:00,1.2999,1.2999,1.2999,1.2999,125
118,117,2020-03-25 15:30:00,1.3,1.3,1.25,1.25,14960
119,116,2020-03-25 16:00:00,1.28,1.3,1.26,1.3,989
120,115,2020-03-26 10:00:00,1.3,1.3,1.28,1.28,9815
121,114,2020-03-26 10:30:00,1.29,1.29,1.28,1.29,3142
122,113,2020-03-26 11:00:00,1.3,1.3,1.29,1.29,3000
123,112,2020-03-26 11:30:00,1.3,1.3,1.29,1.295,3220
124,111,2020-03-26 12:00:00,1.2999,1.3,1.29,1.2999,11350
125,110,2020-03-26 12:30:00,1.295,1.295,1.29,1.295,400
126,109,2020-03-26 13:00:00,1.295,1.36,1.29,1.34,2500
127,108,2020-03-26 13:30:00,1.3599,1.365,1.3599,1.365,1850
128,107,2020-03-26 14:00:00,1.37,1.37,1.36,1.36,7768
129,106,2020-03-26 14:30:00,1.37,1.4,1.37,1.38,4330
130,105,2020-03-26 15:00:00,1.395,1.435,1.39,1.4099,7678
131,104,2020-03-26 15:30:00,1.4,1.43,1.4,1.43,6500
132,103,2020-03-26 16:00:00,1.43,1.45,1.38,1.38,5926
133,102,2020-03-27 10:00:00,1.31,1.35,1.2,1.25,33412
134,101,2020-03-27 10:30:00,1.26,1.31,1.26,1.31,3335
135,100,2020-03-27 11:00:00,1.3499,1.41,1.33,1.3903,10432
136,99,2020-03-27 11:30:00,1.41,1.49,1.405,1.48,17390
137,98,2020-03-27 12:00:00,1.4927,1.5,1.49,1.495,2765
138,97,2020-03-27 12:30:00,1.5,1.5,1.49,1.5,3715
139,96,2020-03-27 13:00:00,1.5,1.5,1.41,1.4599,5824
140,95,2020-03-27 13:30:00,1.46,1.46,1.42,1.4480000000000002,6110
141,94,2020-03-27 14:00:00,1.45,1.45,1.45,1.45,500
142,93,2020-03-27 14:30:00,1.4499,1.4499,1.43,1.44,3098
143,92,2020-03-27 15:00:00,1.44,1.45,1.44,1.4469999999999998,3650
144,91,2020-03-27 15:30:00,1.45,1.45,1.445,1.445,2168
145,90,2020-03-27 16:00:00,1.44,1.445,1.39,1.44,2222
146,89,2020-03-30 10:00:00,1.5,1.5,1.47,1.47,5076
147,88,2020-03-30 10:30:00,1.48,1.48,1.44,1.47,13781
148,87,2020-03-30 11:30:00,1.48,1.49,1.47,1.47,1900
149,86,2020-03-30 13:00:00,1.47,1.47,1.47,1.47,775
150,85,2020-03-30 13:30:00,1.47,1.47,1.47,1.47,300
151,84,2020-03-30 14:00:00,1.475,1.48,1.47,1.47,2400
152,83,2020-03-30 16:00:00,1.475,1.48,1.45,1.45,898
153,82,2020-03-31 10:00:00,1.45,1.4602,1.45,1.4602,802
154,81,2020-03-31 10:30:00,1.44,1.46,1.38,1.38,4257
155,80,2020-03-31 11:00:00,1.3835,1.415,1.38,1.415,2020
156,79,2020-03-31 11:30:00,1.41,1.4101,1.41,1.4101,200
157,78,2020-03-31 12:00:00,1.4101,1.43,1.41,1.41,1050
158,77,2020-03-31 14:00:00,1.41,1.425,1.41,1.41,6600
159,76,2020-03-31 14:30:00,1.41,1.44,1.35,1.44,2810
160,75,2020-03-31 15:00:00,1.44,1.44,1.44,1.44,1000
161,74,2020-03-31 15:30:00,1.45,1.45,1.44,1.44,2500
162,73,2020-03-31 16:00:00,1.44,1.44,1.37,1.37,528
163,72,2020-04-01 10:00:00,1.22,1.3,1.2,1.2,15873
164,71,2020-04-01 10:30:00,1.22,1.26,1.22,1.245,1501
165,70,2020-04-01 11:00:00,1.245,1.27,1.245,1.26,1750
166,69,2020-04-01 11:30:00,1.26,1.26,1.26,1.26,100
167,68,2020-04-01 12:00:00,1.2525,1.31,1.25,1.31,7012
168,67,2020-04-01 12:30:00,1.32,1.32,1.29,1.29,700
169,66,2020-04-01 13:00:00,1.3058,1.32,1.3058,1.32,428
170,65,2020-04-01 13:30:00,1.32,1.345,1.32,1.32,2400
171,64,2020-04-01 14:00:00,1.33,1.33,1.33,1.33,513
172,63,2020-04-01 14:30:00,1.3527,1.3527,1.3527,1.3527,200
173,62,2020-04-01 15:00:00,1.33,1.33,1.33,1.33,300
174,61,2020-04-01 16:00:00,1.34,1.35,1.33,1.33,4239
175,60,2020-04-02 10:00:00,1.3,1.3,1.29,1.2973,2865
176,59,2020-04-02 10:30:00,1.29,1.3,1.29,1.29,4154
177,58,2020-04-02 11:00:00,1.3,1.3,1.29,1.29,2100
178,57,2020-04-02 11:30:00,1.29,1.29,1.29,1.29,100
179,56,2020-04-02 12:00:00,1.29,1.29,1.16,1.2,32459
180,55,2020-04-02 12:30:00,1.2,1.2,1.19,1.2,47100
181,54,2020-04-02 13:00:00,1.195,1.2,1.19,1.2,9630
182,53,2020-04-02 13:30:00,1.19,1.2,1.19,1.19,5220
183,52,2020-04-02 14:00:00,1.19,1.2,1.18,1.19,2300
184,51,2020-04-02 14:30:00,1.195,1.2,1.18,1.18,6540
185,50,2020-04-02 15:00:00,1.1802,1.1802,1.18,1.18,500
186,49,2020-04-02 15:30:00,1.19,1.19,1.18,1.18,2700
187,48,2020-04-02 16:00:00,1.19,1.2,1.1,1.15,81775
188,47,2020-04-02 16:30:00,1.3,1.3,1.3,1.3,1130
189,46,2020-04-03 10:00:00,1.15,1.19,1.15,1.19,1076
190,45,2020-04-03 10:30:00,1.2,1.2,1.2,1.2,3500
191,44,2020-04-03 11:00:00,1.2,1.2,1.15,1.15,3700
192,43,2020-04-03 11:30:00,1.16,1.19,1.16,1.16,1400
193,42,2020-04-03 12:00:00,1.19,1.2,1.16,1.16,9905
194,41,2020-04-03 12:30:00,1.19,1.2,1.16,1.16,13000
195,40,2020-04-03 13:00:00,1.2,1.2,1.16,1.18,11106
196,39,2020-04-03 13:30:00,1.185,1.2,1.17,1.17,8900
197,38,2020-04-03 14:00:00,1.185,1.2,1.17,1.185,15700
198,37,2020-04-03 14:30:00,1.19,1.2,1.18,1.2,4200
199,36,2020-04-03 15:00:00,1.19,1.19,1.18,1.18,1859
200,35,2020-04-03 15:30:00,1.2,1.2,1.18,1.18,3867
201,34,2020-04-03 16:00:00,1.15,1.15,1.15,1.15,281
202,33,2020-04-06 10:00:00,1.3,1.3,1.2,1.2,5325
203,32,2020-04-06 10:30:00,1.2,1.2,1.17,1.185,2274
204,31,2020-04-06 11:00:00,1.19,1.2,1.16,1.16,10300
205,30,2020-04-06 11:30:00,1.2,1.2,1.16,1.17,4518
206,29,2020-04-06 12:00:00,1.17,1.17,0.9501,0.9954,108799
207,28,2020-04-06 12:30:00,0.9955,1.0,0.9955,0.9990000000000001,6415
208,27,2020-04-06 13:00:00,0.9990000000000001,1.0,0.9989,1.0,7500
209,26,2020-04-06 13:30:00,1.0,1.0,0.99,0.99,12555
210,25,2020-04-06 14:00:00,0.9884,0.9884,0.98,0.98,5120
211,24,2020-04-06 14:30:00,0.98,0.9882,0.98,0.98,17770
212,23,2020-04-06 15:00:00,0.98,1.0,0.98,0.9999,5167
213,22,2020-04-06 15:30:00,0.9998,1.0,0.995,0.9998,32298
214,21,2020-04-06 16:00:00,0.9998,0.9999,0.96,0.9999,10109
215,20,2020-04-06 16:30:00,0.956,0.956,0.956,0.956,1691
216,19,2020-04-06 17:00:00,0.95,0.95,0.95,0.95,450
217,18,2020-04-07 04:30:00,0.99,0.99,0.99,0.99,150
218,17,2020-04-07 07:30:00,0.99,0.99,0.95,0.98,1050
219,16,2020-04-07 08:30:00,0.9801,0.9801,0.9801,0.9801,2705
220,15,2020-04-07 09:00:00,0.97,0.97,0.97,0.97,1500
221,14,2020-04-07 09:30:00,0.9801,0.9802,0.98,0.98,7988
222,13,2020-04-07 10:00:00,0.9202,0.9202,0.84,0.88,508576
223,12,2020-04-07 10:30:00,0.8998,0.9,0.88,0.8999,21990
224,11,2020-04-07 11:00:00,0.8989,0.9,0.8401,0.8401,25352
225,10,2020-04-07 11:30:00,0.8498,0.85,0.8253,0.85,34093
226,9,2020-04-07 12:00:00,0.85,0.85,0.7501,0.8,70349
227,8,2020-04-07 12:30:00,0.8296,0.8296,0.8029999999999999,0.8296,19745
228,7,2020-04-07 13:00:00,0.8294,0.8301,0.82,0.8301,12218
229,6,2020-04-07 13:30:00,0.8301,0.8301,0.8294,0.83,35488
230,5,2020-04-07 14:00:00,0.83,0.83,0.82,0.82,18956
231,4,2020-04-07 14:30:00,0.82,0.85,0.82,0.85,52677
232,3,2020-04-07 15:00:00,0.8499,0.85,0.8499,0.8499,13019
233,2,2020-04-07 15:30:00,0.85,0.85,0.81,0.838,19113
234,1,2020-04-07 16:00:00,0.838,0.85,0.81,0.85,26824
235,0,2020-04-07 16:30:00,0.86,0.86,0.86,0.86,150
236,345,2020-04-08 09:00:00,0.86,0.86,0.85,0.85,700
237,344,2020-04-08 10:00:00,0.8491,0.8491,0.7364,0.7499,49850
238,343,2020-04-08 10:30:00,0.7473,0.75,0.7255,0.7278,35089
239,342,2020-04-08 11:00:00,0.73,0.73,0.7,0.70005,100834
240,341,2020-04-08 11:30:00,0.7,0.72,0.6801,0.716266,98391
241,340,2020-04-08 12:00:00,0.72,0.7523,0.711,0.72,83253
242,339,2020-04-08 12:30:00,0.7155,0.72,0.7,0.71,27898
243,338,2020-04-08 13:00:00,0.714799,0.7599,0.6901,0.73755,287055
244,337,2020-04-08 13:30:00,0.7301,0.74,0.7149,0.7149,55848
245,336,2020-04-08 14:00:00,0.7149,0.7393,0.7149,0.73,31887
246,335,2020-04-08 14:30:00,0.73,0.74,0.7283,0.73,10363
247,334,2020-04-08 15:00:00,0.73,0.75,0.7283,0.75,35876
248,333,2020-04-08 15:30:00,0.75,0.8,0.7479,0.79,131007
249,332,2020-04-08 16:00:00,0.79,0.8163,0.7801,0.804999,169313
250,331,2020-04-08 16:30:00,0.8189,0.8190000000000001,0.8,0.8190000000000001,15886
251,330,2020-04-08 17:00:00,0.8190000000000001,0.82,0.8009999999999999,0.82,6602
252,329,2020-04-08 17:30:00,0.82,0.82,0.8,0.8,4153
253,328,2020-04-08 18:00:00,0.8099,0.81,0.8099,0.81,1000
254,327,2020-04-08 18:30:00,0.81,0.81,0.81,0.81,125
255,326,2020-04-08 19:00:00,0.815,0.815,0.81,0.81,2368
256,325,2020-04-08 19:30:00,0.82,0.82,0.82,0.82,6000
257,324,2020-04-09 05:00:00,0.8049,0.805,0.8049,0.805,1000
258,323,2020-04-09 06:00:00,0.8049,0.8049,0.8049,0.8049,775
259,322,2020-04-09 07:30:00,0.8,0.805,0.76,0.805,1747
260,321,2020-04-09 08:30:00,0.7809999999999999,0.805,0.7809999999999999,0.79,5300
261,320,2020-04-09 09:00:00,0.805,0.81,0.805,0.81,4000
262,319,2020-04-09 09:30:00,0.8009999999999999,0.8399,0.8,0.838,11112
263,318,2020-04-09 10:00:00,0.82,0.86,0.8,0.8312,317573
264,317,2020-04-09 10:30:00,0.8312,0.85,0.8,0.82,94587
265,316,2020-04-09 11:00:00,0.815,0.8379,0.815,0.8299,53131
266,315,2020-04-09 11:30:00,0.83,0.83,0.82,0.8201,33276
267,314,2020-04-09 12:00:00,0.8201,0.8201,0.75,0.7557,165357
268,313,2020-04-09 12:30:00,0.76,0.81,0.7552,0.775,100548
269,312,2020-04-09 13:00:00,0.7885,0.8019,0.7768,0.8019,24958
270,311,2020-04-09 13:30:00,0.8019,0.8019,0.785,0.8,19558
271,310,2020-04-09 14:00:00,0.7905,0.83,0.7905,0.83,30039
272,309,2020-04-09 14:30:00,0.822456,0.8495,0.8057,0.8390000000000001,18024
273,308,2020-04-09 15:00:00,0.8390000000000001,0.8390000000000001,0.785,0.83,31745
274,307,2020-04-09 15:30:00,0.83,0.83,0.802,0.8043,13669
275,306,2020-04-09 16:00:00,0.8021,0.8297,0.8,0.8199,30948
276,305,2020-04-09 16:30:00,0.83,0.83,0.83,0.83,100
277,304,2020-04-09 17:00:00,0.8,0.8,0.8,0.8,158
278,303,2020-04-09 17:30:00,0.8249,0.8249,0.8249,0.8249,1500
279,302,2020-04-09 18:30:00,0.82,0.82,0.82,0.82,516
280,301,2020-04-09 20:00:00,0.8199,0.8199,0.8199,0.8199,200
281,300,2020-04-13 05:00:00,0.82,0.82,0.82,0.82,200
282,299,2020-04-13 07:30:00,0.84,0.84,0.84,0.84,121
283,298,2020-04-13 08:00:00,0.91,0.91,0.91,0.91,125
284,297,2020-04-13 09:00:00,0.84,0.84,0.8199,0.8199,3430
285,296,2020-04-13 09:30:00,0.82,0.85,0.82,0.85,7487
286,295,2020-04-13 10:00:00,0.85,0.9,0.82,0.8991,210699
287,294,2020-04-13 10:30:00,0.8999,0.9324,0.8501,0.8826,116265
288,293,2020-04-13 11:00:00,0.8826,0.9,0.8778,0.8883,40483
289,292,2020-04-13 11:30:00,0.8995,0.9,0.88,0.8997,73093
290,291,2020-04-13 12:00:00,0.8997,0.93,0.8997,0.929,41296
291,290,2020-04-13 12:30:00,0.9299,0.98,0.9299,0.950606,81157
292,289,2020-04-13 13:00:00,0.950701,1.0,0.95,0.9593,37949
293,288,2020-04-13 13:30:00,0.96315,0.98,0.951,0.9703,33005
294,287,2020-04-13 14:00:00,0.9701,0.97946,0.9696,0.97946,8254
295,286,2020-04-13 14:30:00,0.9795,0.9821,0.95,0.95,25621
296,285,2020-04-13 15:00:00,0.95,0.9799,0.95,0.9569,22894
297,284,2020-04-13 15:30:00,0.95,0.98,0.9401,0.9751,31707
298,283,2020-04-13 16:00:00,0.9704,0.9799,0.9272,0.9272,46193
299,282,2020-04-13 16:30:00,0.97,0.97,0.97,0.97,630
300,281,2020-04-13 17:00:00,0.97,1.0,0.97,1.0,2380
301,280,2020-04-13 17:30:00,1.03,1.03,1.03,1.03,900
302,279,2020-04-13 18:00:00,1.01,1.01,1.01,1.01,2818
303,278,2020-04-13 18:30:00,1.02,1.02,1.02,1.02,400
304,277,2020-04-13 19:30:00,1.04,1.04,1.03,1.03,1347
305,276,2020-04-14 09:00:00,0.9511,0.9511,0.9511,0.9511,2378
306,275,2020-04-14 09:30:00,1.0,1.03,0.951,0.951,6330
307,274,2020-04-14 10:00:00,1.0,1.1,0.9806,1.0901,88837
308,273,2020-04-14 10:30:00,1.09,1.18,1.075,1.18,48443
309,272,2020-04-14 11:00:00,1.17,1.18,1.02,1.11,52283
310,271,2020-04-14 11:30:00,1.12,1.15,1.07,1.1299,45687
311,270,2020-04-14 12:00:00,1.13,1.25,1.13,1.17,128102
312,269,2020-04-14 12:30:00,1.17,1.19,1.09,1.13,35881
313,268,2020-04-14 13:00:00,1.1219,1.19,1.1219,1.17,21260
314,267,2020-04-14 13:30:00,1.16,1.2293,1.16,1.22,52894
315,266,2020-04-14 14:00:00,1.22,1.24,1.21,1.22,53182
316,265,2020-04-14 14:30:00,1.2101,1.2101,1.03,1.095,29048
317,264,2020-04-14 15:00:00,1.0999,1.15,1.09,1.14,13174
318,263,2020-04-14 15:30:00,1.11,1.13,1.08,1.1,13123
319,262,2020-04-14 16:00:00,1.13,1.18,1.11,1.12,25952
320,261,2020-04-14 16:30:00,1.21,1.21,1.1,1.1,2735
321,260,2020-04-15 08:30:00,1.1801,1.2,1.18,1.2,5717
322,259,2020-04-15 09:00:00,1.2,1.2,1.2,1.2,550
323,258,2020-04-15 09:30:00,1.18,1.2,1.18,1.2,500
324,257,2020-04-15 10:00:00,1.22,1.22,0.96,1.07,135516
325,256,2020-04-15 10:30:00,1.07,1.14,1.07,1.14,20997
326,255,2020-04-15 11:00:00,1.14,1.2,1.1,1.12,82751
327,254,2020-04-15 11:30:00,1.12,1.16,1.12,1.13,25245
328,253,2020-04-15 12:00:00,1.12,1.18,1.12,1.145,18163
329,252,2020-04-15 12:30:00,1.15,1.15,1.14,1.1408,11298
330,251,2020-04-15 13:00:00,1.14,1.15,1.14,1.15,5367
331,250,2020-04-15 13:30:00,1.15,1.15,1.14,1.1427,15662
332,249,2020-04-15 14:00:00,1.14,1.15,1.14,1.1427,3742
333,248,2020-04-15 14:30:00,1.14,1.15,1.14,1.145,6510
334,247,2020-04-15 15:00:00,1.15,1.18,1.14,1.18,28183
335,246,2020-04-15 15:30:00,1.18,1.2,1.16,1.19,12508
336,245,2020-04-15 16:00:00,1.175,1.2,1.14,1.17,28351
337,244,2020-04-16 10:00:00,1.15,1.2,1.04,1.14,26004
338,243,2020-04-16 10:30:00,1.15,1.19,1.09,1.1473,25466
339,242,2020-04-16 11:00:00,1.14,1.19,1.14,1.1802,18278
340,241,2020-04-16 11:30:00,1.19,1.19,1.15,1.18,25779
341,240,2020-04-16 12:00:00,1.18,1.2,1.18,1.2,20016
342,239,2020-04-16 12:30:00,1.2,1.2,1.17,1.18,33306
343,238,2020-04-16 13:00:00,1.17,1.18,1.17,1.18,40060
344,237,2020-04-16 13:30:00,1.175,1.19,1.1727,1.19,13981
345,236,2020-04-16 14:00:00,1.19,1.2,1.19,1.2,13931
346,235,2020-04-16 14:30:00,1.2,1.2,1.19,1.19,8203
347,234,2020-04-16 15:00:00,1.195,1.2,1.19,1.2,7260
348,233,2020-04-16 15:30:00,1.19,1.195,1.17,1.19,14039
349,232,2020-04-16 16:00:00,1.18,1.22,1.17,1.22,26127
350,231,2020-04-16 16:30:00,1.27,1.27,1.27,1.27,1000
351,230,2020-04-16 20:00:00,1.25,1.25,1.25,1.25,1000
352,229,2020-04-17 07:30:00,1.26,1.26,1.26,1.26,150
353,228,2020-04-17 09:00:00,1.26,1.26,1.26,1.26,1000
354,227,2020-04-17 09:30:00,1.26,1.26,1.26,1.26,849
355,226,2020-04-17 10:00:00,1.2502,1.26,1.22,1.23,35961
356,225,2020-04-17 10:30:00,1.26,1.26,1.2,1.23,20300
357,224,2020-04-17 11:00:00,1.23,1.28,1.23,1.2662,11348
358,223,2020-04-17 11:30:00,1.28,1.29,1.24,1.29,11213
359,222,2020-04-17 12:00:00,1.3,1.3,1.24,1.28,15571
360,221,2020-04-17 12:30:00,1.2666,1.3,1.26,1.27,6767
361,220,2020-04-17 13:00:00,1.3,1.3,1.28,1.2999,22898
362,219,2020-04-17 13:30:00,1.31,1.35,1.3081,1.35,36151
363,218,2020-04-17 14:00:00,1.36,1.45,1.36,1.37,22474
364,217,2020-04-17 14:30:00,1.4173,1.43,1.4,1.4187,22259
365,216,2020-04-17 15:00:00,1.4127,1.4127,1.38,1.38,6647
366,215,2020-04-17 15:30:00,1.38,1.415,1.38,1.415,8949
367,214,2020-04-17 16:00:00,1.4127,1.44,1.37,1.43,15086
368,213,2020-04-17 16:30:00,1.45,1.46,1.45,1.46,1204
369,212,2020-04-17 19:30:00,1.45,1.46,1.45,1.46,500
370,211,2020-04-20 06:30:00,1.44,1.44,1.44,1.44,101
371,210,2020-04-20 08:30:00,1.4398,1.4398,1.4398,1.4398,1000
372,209,2020-04-20 09:30:00,1.34,1.34,1.34,1.34,101
373,208,2020-04-20 10:00:00,1.44,1.45,1.34,1.425,28723
374,207,2020-04-20 10:30:00,1.42,1.44,1.42,1.43,16551
375,206,2020-04-20 11:00:00,1.43,1.45,1.43,1.45,9735
376,205,2020-04-20 11:30:00,1.45,1.45,1.44,1.45,24488
377,204,2020-04-20 12:00:00,1.45,1.55,1.45,1.5499,53277
378,203,2020-04-20 12:30:00,1.5499,1.7,1.545,1.65,56278
379,202,2020-04-20 13:00:00,1.67,1.68,1.54,1.55,32929
380,201,2020-04-20 13:30:00,1.55,1.6,1.55,1.6,16977
381,200,2020-04-20 14:00:00,1.6,1.62,1.59,1.62,14533
382,199,2020-04-20 14:30:00,1.62,1.65,1.61,1.65,20575
383,198,2020-04-20 15:00:00,1.64,1.6438,1.61,1.63,17614
384,197,2020-04-20 15:30:00,1.61,1.63,1.57,1.59,25104
385,196,2020-04-20 16:00:00,1.57,1.6,1.52,1.56,21983
386,195,2020-04-20 16:30:00,1.6,1.6,1.6,1.6,450
387,194,2020-04-21 08:30:00,1.6001,1.64,1.6,1.64,950
388,193,2020-04-21 10:00:00,1.49,1.6,1.4365,1.6,87316
389,192,2020-04-21 10:30:00,1.6,1.61,1.59,1.6,12734
390,191,2020-04-21 11:00:00,1.6,1.6,1.5,1.5102,29698
391,190,2020-04-21 11:30:00,1.52,1.59,1.51,1.585,34270
392,189,2020-04-21 12:00:00,1.59,1.6,1.5827,1.59,8735
393,188,2020-04-21 12:30:00,1.59,1.6,1.59,1.6,13989
394,187,2020-04-21 13:00:00,1.6,1.6,1.53,1.55,9700
395,186,2020-04-21 13:30:00,1.55,1.55,1.54,1.55,4850
396,185,2020-04-21 14:00:00,1.5685,1.57,1.5622,1.5622,2100
397,184,2020-04-21 14:30:00,1.57,1.65,1.55,1.65,57614
398,183,2020-04-21 15:00:00,1.65,1.65,1.6418,1.65,9125
399,182,2020-04-21 15:30:00,1.65,1.66,1.62,1.64,15530
400,181,2020-04-21 16:00:00,1.62,1.65,1.59,1.65,19358
401,180,2020-04-22 09:00:00,1.67,1.67,1.67,1.67,100
402,179,2020-04-22 10:00:00,1.59,1.75,1.59,1.75,47842
403,178,2020-04-22 10:30:00,1.75,1.86,1.7401,1.854,68261
404,177,2020-04-22 11:00:00,1.85,1.95,1.8,1.825,56883
405,176,2020-04-22 11:30:00,1.8393,1.9,1.8301,1.85,33478
406,175,2020-04-22 12:00:00,1.87,1.91,1.87,1.91,15049
407,174,2020-04-22 12:30:00,1.91,1.92,1.85,1.89,38523
408,173,2020-04-22 13:00:00,1.89,1.89,1.75,1.7588,30858
409,172,2020-04-22 13:30:00,1.7602,1.8,1.7602,1.8,9926
410,171,2020-04-22 14:00:00,1.8,1.85,1.785,1.85,5219
411,170,2020-04-22 14:30:00,1.8501,1.9,1.85,1.9,10281
412,169,2020-04-22 15:00:00,1.9,1.9,1.89,1.89,3720
413,168,2020-04-22 15:30:00,1.9,1.9,1.86,1.8698,10973
414,167,2020-04-22 16:00:00,1.87,1.9,1.8524,1.86,15778
415,166,2020-04-23 09:30:00,1.89,1.89,1.89,1.89,400
416,165,2020-04-23 10:00:00,1.93,1.97,1.8201,1.94,26231
417,164,2020-04-23 10:30:00,1.9365,2.0,1.9342,1.96,30393
418,163,2020-04-23 11:00:00,1.96,1.98,1.9,1.95,17097
419,162,2020-04-23 11:30:00,1.95,1.95,1.9101,1.9101,15238
420,161,2020-04-23 12:00:00,1.94,1.94,1.885,1.9,15516
421,160,2020-04-23 12:30:00,1.9,1.92,1.9,1.92,9008
422,159,2020-04-23 13:00:00,1.92,1.92,1.8774,1.91,13115
423,158,2020-04-23 13:30:00,1.91,1.91,1.89,1.8995,4959
424,157,2020-04-23 14:00:00,1.91,1.91,1.87,1.89,18679
425,156,2020-04-23 14:30:00,1.89,1.89,1.86,1.88,6629
426,155,2020-04-23 15:00:00,1.88,1.9,1.88,1.9,14236
427,154,2020-04-23 15:30:00,1.895,1.92,1.8909,1.92,8670
428,153,2020-04-23 16:00:00,1.87,1.87,1.82,1.85,12087
429,152,2020-04-23 17:30:00,1.82,1.82,1.82,1.82,590
430,151,2020-04-24 09:30:00,1.82,1.82,1.82,1.82,2007
431,150,2020-04-24 10:00:00,1.83,1.91,1.83,1.87,24528
432,149,2020-04-24 10:30:00,1.87,1.87,1.65,1.75,41020
433,148,2020-04-24 11:00:00,1.755,1.83,1.75,1.81,43117
434,147,2020-04-24 11:30:00,1.81,1.81,1.78,1.8,13068
435,146,2020-04-24 12:00:00,1.81,1.81,1.7501,1.78,8920
436,145,2020-04-24 12:30:00,1.78,1.8,1.75,1.8,10105
437,144,2020-04-24 13:00:00,1.8,1.8,1.7675,1.8,9878
438,143,2020-04-24 13:30:00,1.8,1.83,1.8,1.83,7614
439,142,2020-04-24 14:00:00,1.83,1.85,1.78,1.84,12743
440,141,2020-04-24 14:30:00,1.84,1.86,1.84,1.86,10239
441,140,2020-04-24 15:00:00,1.86,1.86,1.835,1.86,7710
442,139,2020-04-24 15:30:00,1.86,1.86,1.84,1.85,4011
443,138,2020-04-24 16:00:00,1.84,1.84,1.78,1.78,400
444,137,2020-04-27 09:00:00,1.77,1.77,1.77,1.77,1100
445,136,2020-04-27 09:30:00,1.77,1.77,1.77,1.77,1280
446,135,2020-04-27 10:00:00,1.72,1.9,1.72,1.87,11623
447,134,2020-04-27 10:30:00,1.88,1.9,1.88,1.89,19549
448,133,2020-04-27 11:00:00,1.89,1.89,1.88,1.88,24654
449,132,2020-04-27 11:30:00,1.89,1.89,1.88,1.89,11523
450,131,2020-04-27 12:00:00,1.88,1.89,1.88,1.88,12856
451,130,2020-04-27 12:30:00,1.89,1.89,1.88,1.89,37393
452,129,2020-04-27 13:00:00,1.89,1.92,1.89,1.92,9000
453,128,2020-04-27 13:30:00,1.92,1.92,1.87,1.91,12550
454,127,2020-04-27 14:00:00,1.9,1.92,1.9,1.92,4955
455,126,2020-04-27 14:30:00,1.92,1.94,1.91,1.94,11916
456,125,2020-04-27 15:00:00,1.94,1.95,1.93,1.95,11442
457,124,2020-04-27 15:30:00,1.95,1.95,1.93,1.935,9493
458,123,2020-04-27 16:00:00,1.94,1.96,1.93,1.93,9947
459,122,2020-04-28 05:00:00,1.96,2.0,1.96,2.0,4210
460,121,2020-04-28 07:00:00,2.0,2.0,2.0,2.0,290
461,120,2020-04-28 08:30:00,1.98,1.98,1.98,1.98,100
462,119,2020-04-28 09:00:00,1.9999,1.9999,1.9999,1.9999,100
463,118,2020-04-28 10:00:00,1.95,2.0,1.95,1.9927,23903
464,117,2020-04-28 10:30:00,2.0,2.0,1.99,2.0,18008
465,116,2020-04-28 11:00:00,2.0,2.03,1.99,2.03,56863
466,115,2020-04-28 11:30:00,2.03,2.1,2.0227,2.1,20356
467,114,2020-04-28 12:00:00,2.1,2.1,2.09,2.095,12441
468,113,2020-04-28 12:30:00,2.1,2.1,2.09,2.09,9901
469,112,2020-04-28 14:00:00,2.0927,2.11,2.04,2.11,58371
470,111,2020-04-28 14:30:00,2.11,2.3,2.11,2.3,12372
471,110,2020-04-28 15:00:00,2.3,2.35,2.29,2.35,13737
472,109,2020-04-28 15:30:00,2.37,2.43,2.36,2.4,18878
473,108,2020-04-28 16:00:00,2.4,2.4,2.01,2.08,59610
474,107,2020-04-28 16:30:00,2.15,2.15,2.12,2.12,2826
475,106,2020-04-28 18:00:00,2.15,2.15,2.15,2.15,200
476,105,2020-04-28 20:00:00,2.15,2.15,2.15,2.15,616
477,104,2020-04-29 10:00:00,2.1,2.16,2.005,2.1,38193
478,103,2020-04-29 10:30:00,2.095,2.1,2.0922,2.1,12091
479,102,2020-04-29 11:00:00,2.1,2.13,1.89,1.94,47007
480,101,2020-04-29 11:30:00,1.94,2.05,1.93,2.04,25636
481,100,2020-04-29 12:00:00,2.04,2.04,1.92,1.93,28245
482,99,2020-04-29 12:30:00,1.94,1.96,1.91,1.96,26435
483,98,2020-04-29 13:00:00,1.94,1.9999,1.92,1.96,9192
484,97,2020-04-29 13:30:00,1.9679,1.97,1.96,1.96,4693
485,96,2020-04-29 14:00:00,1.9997,2.0,1.95,1.95,15103
486,95,2020-04-29 14:30:00,1.95,2.0,1.91,1.98,12659
487,94,2020-04-29 15:00:00,2.01,2.01,1.975,1.99,20267
488,93,2020-04-29 15:30:00,1.99,2.0,1.98,2.0,11991
489,92,2020-04-29 16:00:00,1.99,2.05,1.93,2.0242,58994
490,91,2020-04-29 19:00:00,2.03,2.1,2.03,2.1,4100
491,90,2020-04-30 08:30:00,2.17,2.17,2.17,2.17,100
492,89,2020-04-30 09:00:00,2.17,2.17,2.15,2.15,200
493,88,2020-04-30 10:00:00,2.01,2.15,2.0,2.0975,38757
494,87,2020-04-30 10:30:00,2.1,2.1,2.05,2.095,13670
495,86,2020-04-30 11:00:00,2.1,2.1,1.975,2.0,15538
496,85,2020-04-30 11:30:00,2.0,2.08,2.0,2.08,11041
497,84,2020-04-30 12:00:00,2.08,2.1,2.05,2.08,14420
498,83,2020-04-30 12:30:00,2.08,2.08,2.0,2.01,10000
499,82,2020-04-30 13:00:00,1.9823,2.0,1.9823,1.99,16000
500,81,2020-04-30 13:30:00,2.0,2.0,1.99,2.0,10066
501,80,2020-04-30 14:00:00,2.0,2.0,1.99,2.0,7602
502,79,2020-04-30 14:30:00,2.0,2.06,1.9901,2.02,15699
503,78,2020-04-30 15:00:00,2.05,2.05,1.95,1.98,18105
504,77,2020-04-30 15:30:00,1.95,2.0,1.95,1.97,3844
505,76,2020-04-30 16:00:00,1.96,1.99,1.95,1.96,9630
506,75,2020-05-01 10:00:00,1.92,2.0,1.92,2.0,12269
507,74,2020-05-01 10:30:00,2.03,2.03,1.9501,1.9501,251
508,73,2020-05-01 11:00:00,1.97,1.97,1.93,1.93,14280
509,72,2020-05-01 11:30:00,1.94,1.945,1.92,1.92,5596
510,71,2020-05-01 12:00:00,1.9,1.905,1.86,1.88,16985
511,70,2020-05-01 12:30:00,1.88,1.88,1.8443,1.8443,1100
512,69,2020-05-01 13:00:00,1.89,1.95,1.89,1.95,11521
513,68,2020-05-01 13:30:00,1.95,1.97,1.95,1.96,10800
514,67,2020-05-01 14:00:00,1.96,1.96,1.91,1.92,603
515,66,2020-05-01 14:30:00,1.92,1.92,1.91,1.91,500
516,65,2020-05-01 15:00:00,1.91,1.95,1.91,1.95,15300
517,64,2020-05-01 15:30:00,1.95,1.98,1.945,1.97,50070
518,63,2020-05-01 16:00:00,1.97,1.97,1.9,1.9,461
519,62,2020-05-01 16:30:00,1.91,1.91,1.91,1.91,299749
520,61,2020-05-04 10:00:00,1.85,1.99,1.85,1.97,18281
521,60,2020-05-04 10:30:00,1.97,1.975,1.895,1.96,15788
522,59,2020-05-04 11:00:00,1.9627,1.97,1.9101,1.96,11046
523,58,2020-05-04 11:30:00,1.94,1.97,1.94,1.97,13900
524,57,2020-05-04 12:00:00,1.97,1.99,1.97,1.985,9856
525,56,2020-05-04 12:30:00,1.98,2.0,1.98,2.0,26681
526,55,2020-05-04 13:00:00,2.0,2.02,1.995,2.01,24781
527,54,2020-05-04 13:30:00,2.01,2.01,1.985,1.995,3200
528,53,2020-05-04 14:00:00,2.0,2.01,1.99,2.0,8600
529,52,2020-05-04 14:30:00,2.01,2.01,1.995,1.995,10300
530,51,2020-05-04 15:00:00,2.0,2.0,1.99,1.995,7400
531,50,2020-05-04 15:30:00,2.0,2.02,1.98,2.015,19876
532,49,2020-05-04 16:00:00,2.02,2.02,1.9973,1.9973,3702
533,48,2020-05-04 16:30:00,2.0,2.0,2.0,2.0,200
534,47,2020-05-04 19:00:00,1.95,1.95,1.95,1.95,200
535,46,2020-05-04 20:00:00,2.05,2.05,2.05,2.05,100
536,45,2020-05-05 07:30:00,2.14,2.14,2.14,2.14,100
537,44,2020-05-05 10:00:00,2.07,2.07,2.0,2.01,25994
538,43,2020-05-05 10:30:00,2.02,2.05,2.02,2.04,16770
539,42,2020-05-05 11:00:00,2.0438,2.05,2.04,2.04,2696
540,41,2020-05-05 11:30:00,2.04,2.05,2.04,2.04,24573
541,40,2020-05-05 12:00:00,2.04,2.05,2.04,2.045,9300
542,39,2020-05-05 12:30:00,2.05,2.05,2.04,2.05,12509
543,38,2020-05-05 13:00:00,2.04,2.05,2.01,2.045,20154
544,37,2020-05-05 13:30:00,2.01,2.05,2.01,2.03,13406
545,36,2020-05-05 14:00:00,2.025,2.03,2.02,2.025,8900
546,35,2020-05-05 14:30:00,2.02,2.03,2.02,2.02,3800
547,34,2020-05-05 15:00:00,2.02,2.02,2.0,2.0,7825
548,33,2020-05-05 15:30:00,2.005,2.005,1.9606,2.0,6044
549,32,2020-05-05 16:00:00,1.99,2.02,1.98,2.0037,21419
550,31,2020-05-05 16:30:00,2.02,2.02,1.97,1.97,342
551,30,2020-05-06 05:00:00,2.1,2.1,2.1,2.1,1000
552,29,2020-05-06 10:00:00,1.92,2.115,1.92,2.0827,11350
553,28,2020-05-06 10:30:00,2.08,2.0803,2.03,2.06,13502
554,27,2020-05-06 11:00:00,2.07,2.085,2.07,2.07,4560
555,26,2020-05-06 11:30:00,2.07,2.075,2.03,2.045,14449
556,25,2020-05-06 12:00:00,2.045,2.09,2.03,2.04,51335
557,24,2020-05-06 12:30:00,2.04,2.04,2.01,2.02,19423
558,23,2020-05-06 13:00:00,2.035,2.05,2.03,2.03,14991
559,22,2020-05-06 13:30:00,2.03,2.035,2.03,2.035,2515
560,21,2020-05-06 14:00:00,2.03,2.03,2.03,2.03,3500
561,20,2020-05-06 14:30:00,2.035,2.035,2.035,2.035,200
562,19,2020-05-06 15:00:00,2.035,2.035,2.0,2.0,11100
563,18,2020-05-06 15:30:00,2.0001,2.035,2.0,2.035,13430
564,17,2020-05-06 16:00:00,2.04,2.0573,2.01,2.01,19520
565,16,2020-05-06 16:30:00,2.06,2.07,2.06,2.07,1300
566,15,2020-05-06 17:00:00,2.06,2.1,2.06,2.09,3088
567,14,2020-05-06 19:30:00,2.0,2.09,2.0,2.09,350
568,13,2020-05-07 10:00:00,2.06,2.13,2.03,2.09,13968
569,12,2020-05-07 10:30:00,2.1,2.15,2.09,2.15,33201
570,11,2020-05-07 11:00:00,2.15,2.15,2.14,2.14,17100
571,10,2020-05-07 11:30:00,2.12,2.14,2.12,2.14,10616
572,9,2020-05-07 12:00:00,2.15,2.18,2.1473,2.17,28486
573,8,2020-05-07 12:30:00,2.17,2.17,2.12,2.15,11100
574,7,2020-05-07 13:00:00,2.15,2.16,2.15,2.15,3700
575,6,2020-05-07 13:30:00,2.15,2.16,2.15,2.15,10868
576,5,2020-05-07 14:00:00,2.16,2.16,2.15,2.16,11439
577,4,2020-05-07 14:30:00,2.16,2.16,2.1,2.13,10970
578,3,2020-05-07 15:00:00,2.13,2.15,2.13,2.15,5007
579,2,2020-05-07 15:30:00,2.15,2.16,2.15,2.16,17601
580,1,2020-05-07 16:00:00,2.16,2.16,2.13,2.13,4794
581,0,2020-05-07 16:30:00,2.14,2.14,2.14,2.14,200
582,252,2020-05-08 06:30:00,2.2,2.2,2.2,2.2,3000
583,251,2020-05-08 10:00:00,2.09,2.19,2.03,2.16,9898
584,250,2020-05-08 10:30:00,2.16,2.2,2.15,2.19,18066
585,249,2020-05-08 11:00:00,2.19,2.19,2.18,2.19,18276
586,248,2020-05-08 11:30:00,2.19,2.2,2.19,2.2,32441
587,247,2020-05-08 12:00:00,2.2,2.2,2.19,2.2,12300
588,246,2020-05-08 12:30:00,2.2,2.2,2.19,2.2,10504
589,245,2020-05-08 13:00:00,2.2,2.23,2.2,2.23,22330
590,244,2020-05-08 13:30:00,2.23,2.25,2.23,2.25,20399
591,243,2020-05-08 14:00:00,2.25,2.3,2.25,2.3,20216
592,242,2020-05-08 14:30:00,2.3,2.3,2.29,2.3,15500
593,241,2020-05-08 15:00:00,2.3,2.4,2.3,2.4,25387
594,240,2020-05-08 15:30:00,2.39,2.45,2.38,2.45,26396
595,239,2020-05-08 16:00:00,2.45,2.45,2.36,2.36,7195
596,238,2020-05-08 16:30:00,2.41,2.41,2.41,2.41,200
597,237,2020-05-08 19:00:00,2.5,2.5,2.5,2.5,5100
598,236,2020-05-08 20:00:00,2.48,2.49,2.48,2.49,1500
599,235,2020-05-11 10:00:00,2.41,2.41,2.34,2.39,7007
600,234,2020-05-11 10:30:00,2.39,2.39,2.33,2.36,3094
601,233,2020-05-11 11:00:00,2.36,2.38,2.35,2.36,1806
602,232,2020-05-11 11:30:00,2.36,2.39,2.32,2.365,12850
603,231,2020-05-11 12:00:00,2.39,2.42,2.39,2.42,3487
604,230,2020-05-11 12:30:00,2.41,2.41,2.385,2.385,586
605,229,2020-05-11 13:00:00,2.41,2.42,2.4,2.42,12306
606,228,2020-05-11 13:30:00,2.41,2.4127,2.38,2.41,8945
607,227,2020-05-11 14:00:00,2.41,2.41,2.41,2.41,200
608,226,2020-05-11 15:30:00,2.4,2.4,2.4,2.4,100
609,225,2020-05-11 16:00:00,2.38,2.38,2.35,2.37,8435
610,224,2020-05-11 16:30:00,2.38,2.38,2.38,2.38,208
611,223,2020-05-11 18:00:00,2.4,2.4,2.35,2.35,3937
612,222,2020-05-11 18:30:00,2.39,2.39,2.39,2.39,2000
613,221,2020-05-11 19:30:00,2.39,2.39,2.39,2.39,1400
614,220,2020-05-12 07:00:00,2.39,2.39,2.39,2.39,500
615,219,2020-05-12 08:00:00,2.39,2.39,2.39,2.39,1300
616,218,2020-05-12 08:30:00,2.39,2.39,2.39,2.39,2792
617,217,2020-05-12 09:00:00,2.39,2.39,2.39,2.39,1200
618,216,2020-05-12 10:00:00,2.39,2.39,2.09,2.2,42706
619,215,2020-05-12 10:30:00,2.2,2.23,2.2,2.23,1000
620,214,2020-05-12 11:00:00,2.2,2.22,2.1675,2.22,2873
621,213,2020-05-12 11:30:00,2.165,2.165,2.165,2.165,100
622,212,2020-05-12 12:00:00,2.1873,2.1873,2.13,2.1493,825
623,211,2020-05-12 12:30:00,2.15,2.16,2.14,2.16,2100
624,210,2020-05-12 13:00:00,2.14,2.1599,2.12,2.15,1900
625,209,2020-05-12 13:30:00,2.14,2.15,2.08,2.08,18639
626,208,2020-05-12 14:00:00,2.09,2.12,2.09,2.11,14200
627,207,2020-05-12 14:30:00,2.11,2.11,2.09,2.09,2319
628,206,2020-05-12 15:00:00,2.08,2.09,2.08,2.09,400
629,205,2020-05-12 15:30:00,2.09,2.09,2.09,2.09,800
630,204,2020-05-12 16:00:00,2.08,2.09,2.05,2.0773,20378
631,203,2020-05-12 16:30:00,2.07,2.07,2.07,2.07,3500
632,202,2020-05-12 19:30:00,2.09,2.09,2.07,2.07,7369
633,201,2020-05-13 05:30:00,2.21,2.21,2.21,2.21,474
634,200,2020-05-13 07:30:00,2.18,2.2,2.18,2.2,1363
635,199,2020-05-13 08:00:00,2.18,2.2,2.18,2.2,500
636,198,2020-05-13 09:00:00,2.0,2.0,2.0,2.0,500
637,197,2020-05-13 09:30:00,2.14,2.14,2.14,2.14,100
638,196,2020-05-13 10:00:00,2.04,2.09,1.93,1.99,17968
639,195,2020-05-13 10:30:00,1.98,1.98,1.9201,1.9201,6230
640,194,2020-05-13 11:00:00,1.9562,1.9562,1.9562,1.9562,100
641,193,2020-05-13 11:30:00,1.93,1.94,1.9,1.9,4960
642,192,2020-05-13 12:00:00,1.9073,1.91,1.88,1.88,3793
643,191,2020-05-13 12:30:00,1.88,1.88,1.84,1.85,11765
644,190,2020-05-13 13:00:00,1.85,1.85,1.845,1.85,840
645,189,2020-05-13 13:30:00,1.845,1.85,1.84,1.85,2500
646,188,2020-05-13 14:00:00,1.8373,1.8373,1.8373,1.8373,100
647,187,2020-05-13 14:30:00,1.8338,1.84,1.8337,1.84,1100
648,186,2020-05-13 15:00:00,1.835,1.85,1.835,1.84,5921
649,185,2020-05-13 15:30:00,1.83,1.84,1.83,1.84,600
650,184,2020-05-13 16:00:00,1.84,1.84,1.8146,1.83,25019
651,183,2020-05-13 16:30:00,1.8,1.8,1.8,1.8,1000
652,182,2020-05-14 10:00:00,1.72,1.79,1.7085,1.79,15841
653,181,2020-05-14 11:00:00,1.7273,1.78,1.64,1.78,10484
654,180,2020-05-14 11:30:00,1.78,1.8,1.775,1.8,5000
655,179,2020-05-14 12:00:00,1.8,1.8,1.79,1.79,1979
656,178,2020-05-14 12:30:00,1.7997,1.8,1.7993,1.8,500
657,177,2020-05-14 13:00:00,1.8,1.8,1.79,1.8,4755
658,176,2020-05-14 14:30:00,1.79,1.8,1.79,1.8,8366
659,175,2020-05-14 15:00:00,1.795,1.83,1.795,1.83,4750
660,174,2020-05-14 15:30:00,1.82,1.82,1.8,1.8,1200
661,173,2020-05-14 16:00:00,1.79,1.82,1.79,1.8,2326
662,172,2020-05-15 10:00:00,1.75,1.76,1.75,1.76,1820
663,171,2020-05-15 10:30:00,1.775,1.79,1.775,1.79,1300
664,170,2020-05-15 11:00:00,1.8,1.8,1.8,1.8,200
665,169,2020-05-15 11:30:00,1.765,1.765,1.76,1.7603,300
666,168,2020-05-15 12:00:00,1.775,1.79,1.775,1.775,1150
667,167,2020-05-15 12:30:00,1.7873,1.7873,1.775,1.775,299
668,166,2020-05-15 13:00:00,1.77,1.77,1.745,1.745,12300
669,165,2020-05-15 13:30:00,1.745,1.75,1.745,1.745,900
670,164,2020-05-15 14:00:00,1.74,1.74,1.74,1.74,175
671,163,2020-05-15 14:30:00,1.745,1.75,1.745,1.7486,1980
672,162,2020-05-15 15:00:00,1.745,1.745,1.745,1.745,200
673,161,2020-05-15 15:30:00,1.7489,1.75,1.74,1.74,2000
674,160,2020-05-15 16:00:00,1.725,1.76,1.725,1.75,23109
675,159,2020-05-18 08:30:00,1.7999,1.7999,1.7999,1.7999,1000
676,158,2020-05-18 10:00:00,1.8,1.8,1.78,1.8,1357
677,157,2020-05-18 10:30:00,1.77,1.8,1.68,1.74,7961
678,156,2020-05-18 11:00:00,1.6963,1.75,1.62,1.72,16362
679,155,2020-05-18 11:30:00,1.75,1.76,1.6,1.76,17970
680,154,2020-05-18 12:30:00,1.7,1.7,1.7,1.7,500
681,153,2020-05-18 13:00:00,1.74,1.74,1.6801,1.74,4001
682,152,2020-05-18 13:30:00,1.68,1.74,1.68,1.74,500
683,151,2020-05-18 15:30:00,1.74,1.74,1.74,1.74,300
684,150,2020-05-18 16:00:00,1.7365,1.74,1.73,1.7381,1600
685,149,2020-05-19 10:00:00,1.77,1.81,1.77,1.8,300
686,148,2020-05-19 10:30:00,1.7867,1.79,1.77,1.79,2629
687,147,2020-05-19 11:30:00,1.7144,1.7144,1.7144,1.7144,990
688,146,2020-05-19 12:00:00,1.7785,1.78,1.68,1.68,7300
689,145,2020-05-19 12:30:00,1.68,1.68,1.65,1.6504,12053
690,144,2020-05-19 13:00:00,1.65,1.68,1.625,1.68,3279
691,143,2020-05-19 15:00:00,1.66,1.67,1.6583,1.67,2252
692,142,2020-05-19 15:30:00,1.67,1.67,1.67,1.67,100
693,141,2020-05-19 16:00:00,1.67,1.67,1.6673,1.67,1500
694,140,2020-05-19 17:30:00,1.67,1.67,1.67,1.67,500
695,139,2020-05-20 09:30:00,1.88,1.9,1.88,1.9,314
696,138,2020-05-20 10:00:00,1.68,1.75,1.68,1.75,946
697,137,2020-05-20 10:30:00,1.695,1.74,1.6401,1.71,3900
698,136,2020-05-20 11:00:00,1.68,1.71,1.46,1.55,15030
699,135,2020-05-20 11:30:00,1.55,1.64,1.55,1.62,9209
700,134,2020-05-20 12:00:00,1.62,1.62,1.55,1.55,14209
701,133,2020-05-20 12:30:00,1.54,1.55,1.52,1.54,6576
702,132,2020-05-20 13:00:00,1.54,1.54,1.535,1.54,6200
703,131,2020-05-20 13:30:00,1.535,1.54,1.5301,1.535,8480
704,130,2020-05-20 14:00:00,1.535,1.54,1.53,1.54,7759
705,129,2020-05-20 15:30:00,1.5296,1.54,1.5296,1.535,2401
706,128,2020-05-20 16:00:00,1.54,1.54,1.535,1.535,2977
707,127,2020-05-21 09:30:00,1.53,1.53,1.53,1.53,100
708,126,2020-05-21 10:00:00,1.55,1.71,1.52,1.6673,23180
709,125,2020-05-21 10:30:00,1.67,1.69,1.53,1.5999,10633
710,124,2020-05-21 11:00:00,1.59,1.64,1.59,1.615,19026
711,123,2020-05-21 11:30:00,1.61,1.6699,1.61,1.61,400
712,122,2020-05-21 12:00:00,1.61,1.63,1.6,1.6,8690
713,121,2020-05-21 12:30:00,1.6,1.6,1.6,1.6,279
714,120,2020-05-21 13:00:00,1.5901,1.5901,1.5901,1.5901,420
715,119,2020-05-21 13:30:00,1.6,1.6,1.59,1.59,530
716,118,2020-05-21 16:00:00,1.59,1.6,1.58,1.58,2116
717,117,2020-05-21 16:30:00,1.69,1.69,1.69,1.69,200
718,116,2020-05-22 08:30:00,1.75,1.75,1.75,1.75,350
719,115,2020-05-22 09:30:00,1.7383,1.7383,1.6966,1.6966,556
720,114,2020-05-22 10:00:00,1.56,1.63,1.53,1.54,29755
721,113,2020-05-22 10:30:00,1.54,1.54,1.49,1.5,26121
722,112,2020-05-22 11:00:00,1.5,1.525,1.5,1.525,1500
723,111,2020-05-22 11:30:00,1.525,1.53,1.5,1.52,2885
724,110,2020-05-22 12:00:00,1.52,1.52,1.52,1.52,100
725,109,2020-05-22 12:30:00,1.52,1.52,1.5,1.52,4810
726,108,2020-05-22 13:00:00,1.52,1.52,1.52,1.52,200
727,107,2020-05-22 13:30:00,1.5001,1.5001,1.5001,1.5001,150
728,106,2020-05-22 14:00:00,1.5,1.5297,1.5,1.5,1700
729,105,2020-05-22 14:30:00,1.5222,1.5222,1.5,1.5,798
730,104,2020-05-22 15:00:00,1.5041,1.51,1.49,1.505,3739
731,103,2020-05-22 15:30:00,1.52,1.58,1.49,1.55,10335
732,102,2020-05-22 16:00:00,1.52,1.55,1.52,1.535,1638
733,101,2020-05-26 10:00:00,1.633,1.66,1.5953,1.63,40704
734,100,2020-05-26 10:30:00,1.72,1.72,1.675,1.7183,33718
735,99,2020-05-26 11:00:00,1.722,1.7286,1.7,1.7117,22888
736,98,2020-05-26 11:30:00,1.72,1.72,1.57,1.64,32049
737,97,2020-05-26 12:00:00,1.64,1.67,1.58,1.67,10304
738,96,2020-05-26 12:30:00,1.67,1.67,1.6,1.65,8590
739,95,2020-05-26 14:30:00,1.67,1.67,1.65,1.65,290
740,94,2020-05-26 15:00:00,1.66,1.66,1.66,1.66,400
741,93,2020-05-26 15:30:00,1.65,1.66,1.65,1.66,1200
742,92,2020-05-26 16:00:00,1.635,1.635,1.59,1.61,28490
743,91,2020-05-27 10:00:00,1.72,1.79,1.62,1.712,27141
744,90,2020-05-27 10:30:00,1.73,1.73,1.65,1.65,1801
745,89,2020-05-27 11:00:00,1.6401,1.65,1.5546,1.58,17672
746,88,2020-05-27 11:30:00,1.575,1.58,1.57,1.58,3600
747,87,2020-05-27 12:00:00,1.5773,1.58,1.57,1.58,5699
748,86,2020-05-27 12:30:00,1.57,1.58,1.57,1.57,2142
749,85,2020-05-27 13:00:00,1.56,1.58,1.55,1.58,12353
750,84,2020-05-27 13:30:00,1.565,1.565,1.565,1.565,402
751,83,2020-05-27 14:00:00,1.58,1.58,1.55,1.55,575
752,82,2020-05-27 14:30:00,1.55,1.55,1.5,1.54,13337
753,81,2020-05-27 15:00:00,1.5399,1.5399,1.5,1.5,730
754,80,2020-05-27 15:30:00,1.5,1.52,1.46,1.5,12213
755,79,2020-05-27 16:00:00,1.5,1.5,1.4601,1.47,6591
756,78,2020-05-28 06:30:00,1.47,1.47,1.47,1.47,100
757,77,2020-05-28 07:30:00,1.47,1.47,1.47,1.47,200
758,76,2020-05-28 10:00:00,1.62,1.62,1.53,1.59,34920
759,75,2020-05-28 10:30:00,1.59,1.6,1.55,1.58,8351
760,74,2020-05-28 11:00:00,1.56,1.57,1.5594,1.5594,700
761,73,2020-05-28 11:30:00,1.5501,1.57,1.5,1.55,17376
762,72,2020-05-28 12:00:00,1.55,1.55,1.5,1.52,11667
763,71,2020-05-28 12:30:00,1.52,1.52,1.52,1.52,100
764,70,2020-05-28 13:30:00,1.52,1.53,1.52,1.53,1300
765,69,2020-05-28 14:00:00,1.53,1.53,1.5201,1.5201,2056
766,68,2020-05-28 14:30:00,1.52,1.53,1.52,1.53,1100
767,67,2020-05-28 15:00:00,1.52,1.52,1.52,1.52,263
768,66,2020-05-28 16:00:00,1.5,1.53,1.5,1.53,9081
769,65,2020-05-29 09:30:00,1.5,1.5,1.5,1.5,1600
770,64,2020-05-29 10:00:00,1.41,1.47,1.15,1.24,132241
771,63,2020-05-29 10:30:00,1.27,1.37,1.2629,1.3,56015
772,62,2020-05-29 11:00:00,1.3356,1.34,1.3,1.31,17264
773,61,2020-05-29 11:30:00,1.34,1.36,1.3,1.36,12727
774,60,2020-05-29 12:00:00,1.36,1.38,1.34,1.38,4159
775,59,2020-05-29 12:30:00,1.38,1.44,1.3673,1.42,8933
776,58,2020-05-29 13:00:00,1.42,1.42,1.35,1.4,9568
777,57,2020-05-29 13:30:00,1.3827,1.41,1.3827,1.3969,1785
778,56,2020-05-29 14:00:00,1.3973,1.45,1.3973,1.43,7190
779,55,2020-05-29 14:30:00,1.43,1.45,1.4,1.44,3080
780,54,2020-05-29 15:00:00,1.4373,1.52,1.4373,1.52,17255
781,53,2020-05-29 15:30:00,1.52,1.52,1.51,1.52,3122
782,52,2020-05-29 16:00:00,1.52,1.52,1.51,1.52,1500
783,51,2020-05-29 17:00:00,1.5,1.5,1.5,1.5,275
784,50,2020-06-01 10:00:00,1.57,1.57,1.52,1.52,3676
785,49,2020-06-01 12:00:00,1.466,1.48,1.466,1.48,1700
786,48,2020-06-01 13:00:00,1.4839,1.484,1.4839,1.484,1000
787,47,2020-06-01 13:30:00,1.49,1.51,1.49,1.51,901
788,46,2020-06-01 14:00:00,1.496,1.496,1.496,1.496,600
789,45,2020-06-01 15:30:00,1.495,1.495,1.495,1.495,190
790,44,2020-06-01 16:00:00,1.4973,1.57,1.4973,1.56,8788
791,43,2020-06-01 19:30:00,1.55,1.55,1.55,1.55,300
792,42,2020-06-02 10:00:00,1.51,1.58,1.51,1.53,3230
793,41,2020-06-02 10:30:00,1.5698,1.58,1.56,1.58,2835
794,40,2020-06-02 11:30:00,1.56,1.5627,1.5,1.51,5760
795,39,2020-06-02 12:00:00,1.51,1.52,1.5065,1.52,2200
796,38,2020-06-02 12:30:00,1.5,1.5,1.48,1.48,665
797,37,2020-06-02 14:00:00,1.48,1.49,1.48,1.49,1600
798,36,2020-06-02 14:30:00,1.4857,1.4857,1.4857,1.4857,300
799,35,2020-06-02 15:00:00,1.49,1.49,1.49,1.49,120
800,34,2020-06-02 16:00:00,1.5,1.56,1.5,1.56,11578
801,33,2020-06-02 16:30:00,1.56,1.56,1.56,1.56,1166
802,32,2020-06-02 17:00:00,1.5602,1.5602,1.5602,1.5602,200
803,31,2020-06-02 18:30:00,1.56,1.56,1.56,1.56,400
804,30,2020-06-03 10:00:00,1.51,1.51,1.51,1.51,100
805,29,2020-06-03 10:30:00,1.49,1.56,1.49,1.52,6081
806,28,2020-06-03 11:00:00,1.56,1.56,1.47,1.47,200
807,27,2020-06-03 11:30:00,1.49,1.4927,1.43,1.45,7158
808,26,2020-06-03 12:00:00,1.45,1.45,1.4473,1.45,2299
809,25,2020-06-03 12:30:00,1.52,1.52,1.515,1.515,200
810,24,2020-06-03 14:00:00,1.47,1.47,1.47,1.47,100
811,23,2020-06-03 16:00:00,1.48,1.56,1.48,1.54,17504
812,22,2020-06-04 08:00:00,1.44,1.44,1.44,1.44,120
813,21,2020-06-04 10:00:00,1.58,1.58,1.5529,1.56,1704
814,20,2020-06-04 10:30:00,1.55,1.59,1.53,1.58,12976
815,19,2020-06-04 11:00:00,1.58,1.58,1.5535,1.5535,503
816,18,2020-06-04 11:30:00,1.55,1.5531,1.55,1.5531,1000
817,17,2020-06-04 12:00:00,1.55,1.58,1.55,1.55,2587
818,16,2020-06-04 13:00:00,1.57,1.57,1.56,1.57,636
819,15,2020-06-04 13:30:00,1.55,1.55,1.55,1.55,900
820,14,2020-06-04 14:00:00,1.56,1.56,1.55,1.55,610
821,13,2020-06-04 14:30:00,1.55,1.55,1.55,1.55,600
822,12,2020-06-04 15:00:00,1.545,1.545,1.545,1.545,100
823,11,2020-06-04 16:00:00,1.54,1.54,1.54,1.54,1564
824,10,2020-06-04 19:30:00,1.54,1.54,1.54,1.54,3000
825,9,2020-06-05 10:00:00,1.56,1.56,1.5,1.54,1912
826,8,2020-06-05 10:30:00,1.495,1.495,1.495,1.495,410
827,7,2020-06-05 11:00:00,1.5294,1.54,1.5294,1.54,1100
828,6,2020-06-05 12:30:00,1.54,1.55,1.54,1.55,700
829,5,2020-06-05 13:30:00,1.5301,1.546,1.5301,1.546,5026
830,4,2020-06-05 14:00:00,1.55,1.55,1.51,1.55,600
831,3,2020-06-05 14:30:00,1.54,1.55,1.535,1.55,700
832,2,2020-06-05 15:00:00,1.55,1.55,1.55,1.55,3826
833,1,2020-06-05 15:30:00,1.55,1.55,1.5235,1.5235,1000
834,0,2020-06-05 16:00:00,1.5465,1.55,1.53,1.55,2200
