,index,time,open,high,low,close,volume
0,272,2018-10-16 10:00:00,4.9,4.9,4.81,4.81,5421
1,271,2018-10-16 10:30:00,4.81,4.8608,4.81,4.86,175167
2,270,2018-10-16 11:00:00,4.86,4.88,4.74,4.88,22431
3,269,2018-10-16 11:30:00,4.88,4.9598,4.79,4.79,4910
4,268,2018-10-16 12:00:00,4.79,4.91,4.77,4.89,13952
5,267,2018-10-16 12:30:00,4.89,5.0,4.89,4.95,12800
6,266,2018-10-16 13:00:00,4.95,4.95,4.79,4.84,1900
7,265,2018-10-16 13:30:00,4.84,4.98,4.84,4.96,7786
8,264,2018-10-16 14:00:00,4.96,4.985,4.85,4.94,12600
9,263,2018-10-16 14:30:00,4.94,4.94,4.88,4.92,3700
10,262,2018-10-16 15:00:00,4.92,4.99,4.92,4.98,3620
11,261,2018-10-16 15:30:00,4.98,5.0,4.93,4.97,3077
12,260,2018-10-16 16:00:00,4.97,4.97,4.77,4.815,7444
13,259,2018-10-17 10:00:00,4.85,4.85,4.85,4.85,259541
14,258,2018-10-17 10:30:00,4.8,4.94,4.78,4.94,3100
15,257,2018-10-17 11:00:00,4.94,4.94,4.77,4.83,15279
16,256,2018-10-17 11:30:00,4.78,4.92,4.7501,4.92,1708
17,255,2018-10-17 12:30:00,4.92,4.95,4.87,4.94,4108
18,254,2018-10-17 13:00:00,4.95,4.97,4.95,4.97,651
19,253,2018-10-17 13:30:00,4.97,4.99,4.96,4.96,1800
20,252,2018-10-17 14:00:00,5.0,5.0,4.99,4.99,4949
21,251,2018-10-17 14:30:00,4.97,4.97,4.87,4.88,1100
22,250,2018-10-17 16:00:00,4.79,4.92,4.79,4.92,457
23,249,2018-10-18 10:00:00,4.96,4.96,4.96,4.96,100
24,248,2018-10-18 10:30:00,4.95,5.005,4.8501,4.99,2971
25,247,2018-10-18 11:00:00,5.0,5.05,4.98,4.99,6601
26,246,2018-10-18 11:30:00,5.0,5.0,4.98,5.0,3274
27,245,2018-10-18 12:00:00,4.99,4.99,4.95,4.96,3781
28,244,2018-10-18 12:30:00,4.96,4.96,4.96,4.96,3000
29,243,2018-10-18 13:00:00,4.97,4.97,4.97,4.97,519
30,242,2018-10-18 13:30:00,4.9701,4.9701,4.95,4.96,5375
31,241,2018-10-18 14:30:00,4.96,4.98,4.96,4.98,1978
32,240,2018-10-18 15:30:00,5.0,5.0,4.96,4.9627,3988
33,239,2018-10-18 16:00:00,4.96,4.99,4.96,4.96,566
34,238,2018-10-19 10:00:00,5.0,5.12,4.98,4.98,7800
35,237,2018-10-19 10:30:00,4.98,4.98,4.96,4.96,1140
36,236,2018-10-19 11:00:00,4.9627,5.0,4.96,4.96,5091
37,235,2018-10-19 11:30:00,4.96,4.96,4.85,4.85,2901
38,234,2018-10-19 12:00:00,4.85,4.95,4.85,4.93,2878
39,233,2018-10-19 12:30:00,4.92,4.97,4.81,4.88,11087
40,232,2018-10-19 13:00:00,4.96,4.96,4.9,4.94,2700
41,231,2018-10-19 13:30:00,4.92,4.97,4.86,4.96,3400
42,230,2018-10-19 14:00:00,4.86,4.95,4.84,4.88,1756
43,229,2018-10-19 14:30:00,4.8801,4.94,4.85,4.87,3000
44,228,2018-10-19 15:00:00,4.87,4.96,4.87,4.96,2200
45,227,2018-10-19 15:30:00,4.96,4.96,4.96,4.96,390
46,226,2018-10-19 16:00:00,4.96,4.98,4.87,4.87,5906
47,225,2018-10-22 10:00:00,5.01,5.08,5.01,5.01,8607
48,224,2018-10-22 10:30:00,5.0,5.01,4.9,4.99,5730
49,223,2018-10-22 11:00:00,5.0,5.04,5.0,5.04,2300
50,222,2018-10-22 11:30:00,5.04,5.04,5.0,5.02,3353
51,221,2018-10-22 12:00:00,5.02,5.03,5.02,5.03,2123
52,220,2018-10-22 12:30:00,5.03,5.03,5.0,5.0,2486
53,219,2018-10-22 13:00:00,5.0,5.0,5.0,5.0,1517
54,218,2018-10-22 13:30:00,4.99,4.99,4.91,4.98,2171
55,217,2018-10-22 14:00:00,4.98,4.98,4.98,4.98,928
56,216,2018-10-22 14:30:00,4.98,4.98,4.98,4.98,1931
57,215,2018-10-22 15:00:00,4.98,4.99,4.93,4.95,5769
58,214,2018-10-22 15:30:00,4.95,4.97,4.95,4.97,2072
59,213,2018-10-22 16:00:00,4.92,4.98,4.88,4.96,12527
60,212,2018-10-23 10:00:00,4.81,5.0,4.81,4.96,8704
61,211,2018-10-23 10:30:00,4.88,4.98,4.87,4.96,11500
62,210,2018-10-23 11:00:00,4.94,4.97,4.93,4.96,11454
63,209,2018-10-23 11:30:00,4.96,4.975,4.95,4.95,7904
64,208,2018-10-23 12:00:00,4.96,4.96,4.86,4.95,10898
65,207,2018-10-23 12:30:00,4.95,4.96,4.85,4.96,12856
66,206,2018-10-23 13:00:00,4.96,4.965,4.92,4.95,6300
67,205,2018-10-23 13:30:00,4.94,4.96,4.91,4.93,6900
68,204,2018-10-23 14:00:00,4.92,4.93,4.9,4.9,3601
69,203,2018-10-23 14:30:00,4.9,4.94,4.87,4.92,4553
70,202,2018-10-23 15:00:00,4.92,4.93,4.87,4.9,4600
71,201,2018-10-23 15:30:00,4.9,4.94,4.87,4.87,6458
72,200,2018-10-23 16:00:00,4.86,4.9,4.7,4.72,9669
73,199,2018-10-24 10:00:00,4.79,4.95,4.78,4.93,5092
74,198,2018-10-24 10:30:00,4.93,4.96,4.81,4.96,5527
75,197,2018-10-24 11:30:00,4.971,5.0,4.96,4.9646,5805
76,196,2018-10-24 12:00:00,4.98,4.98,4.96,4.96,600
77,195,2018-10-24 12:30:00,4.9701,4.9701,4.96,4.96,1528
78,194,2018-10-24 13:00:00,4.96,4.97,4.84,4.96,8337
79,193,2018-10-24 13:30:00,4.961,4.961,4.85,4.93,8213
80,192,2018-10-24 14:00:00,4.95,4.95,4.845,4.87,6557
81,191,2018-10-24 14:30:00,4.8701,4.94,4.81,4.92,6312
82,190,2018-10-24 15:00:00,4.92,4.93,4.86,4.92,8000
83,189,2018-10-24 15:30:00,4.91,4.93,4.85,4.85,8324
84,188,2018-10-24 16:00:00,4.89,4.91,4.64,4.69,13059
85,187,2018-10-25 10:00:00,4.6,4.74,4.6,4.74,5050
86,186,2018-10-25 10:30:00,4.82,4.82,4.67,4.77,3145
87,185,2018-10-25 11:00:00,4.81,4.82,4.63,4.7,6777
88,184,2018-10-25 11:30:00,4.671,4.73,4.59,4.71,3425
89,183,2018-10-25 12:00:00,4.71,4.8,4.71,4.76,2475
90,182,2018-10-25 12:30:00,4.7701,4.7701,4.62,4.64,4801
91,181,2018-10-25 13:00:00,4.64,4.74,4.6,4.62,9094
92,180,2018-10-25 13:30:00,4.62,4.62,4.56,4.59,3508
93,179,2018-10-25 14:00:00,4.605,4.61,4.6,4.6,1000
94,178,2018-10-25 14:30:00,4.6001,4.6001,4.57,4.58,5504
95,177,2018-10-25 15:00:00,4.59,4.6,4.59,4.6,1621
96,176,2018-10-25 15:30:00,4.6,4.7,4.57,4.61,9413
97,175,2018-10-25 16:00:00,4.63,4.63,4.57,4.63,663
98,174,2018-10-26 10:00:00,4.54,4.62,4.54,4.62,1730
99,173,2018-10-26 10:30:00,4.6201,4.6201,4.6201,4.6201,1000
100,172,2018-10-26 11:30:00,4.621,4.75,4.62,4.69,5400
101,171,2018-10-26 12:00:00,4.74,4.8,4.74,4.8,2801
102,170,2018-10-26 12:30:00,4.8,4.8,4.6,4.64,5800
103,169,2018-10-26 13:00:00,4.7,4.7,4.7,4.7,100
104,168,2018-10-26 13:30:00,4.671,4.671,4.64,4.64,1200
105,167,2018-10-26 14:00:00,4.77,4.77,4.77,4.77,100
106,166,2018-10-26 14:30:00,4.7001,4.77,4.69,4.75,2070
107,165,2018-10-26 15:00:00,4.75,4.8,4.75,4.8,5900
108,164,2018-10-26 15:30:00,4.86,4.875,4.705,4.78,10869
109,163,2018-10-26 16:00:00,4.825,4.825,4.69,4.69,2907
110,162,2018-10-29 10:00:00,4.61,4.69,4.52,4.58,4796
111,161,2018-10-29 10:30:00,4.58,4.65,4.47,4.47,6100
112,160,2018-10-29 11:00:00,4.44,4.462,4.4,4.41,3940
113,159,2018-10-29 11:30:00,4.41,4.41,4.4,4.4,2967
114,158,2018-10-29 12:00:00,4.4,4.4,4.26,4.31,5999
115,157,2018-10-29 12:30:00,4.311,4.3464,4.31,4.31,4250
116,156,2018-10-29 13:00:00,4.31,4.31,4.21,4.21,11729
117,155,2018-10-29 13:30:00,4.21,4.27,4.21,4.21,3900
118,154,2018-10-29 14:00:00,4.24,4.24,4.24,4.24,1400
119,153,2018-10-29 14:30:00,4.24,4.24,4.21,4.21,2400
120,152,2018-10-29 15:00:00,4.21,4.21,4.18,4.18,2910
121,151,2018-10-29 15:30:00,4.18,4.18,4.11,4.18,3989
122,150,2018-10-29 16:00:00,4.17,4.3,4.165,4.23,12169
123,149,2018-10-30 10:00:00,4.27,4.3,4.27,4.3,1983
124,148,2018-10-30 10:30:00,4.3,4.3,4.3,4.3,1000
125,147,2018-10-30 11:00:00,4.3,4.33,4.3,4.33,4902
126,146,2018-10-30 11:30:00,4.33,4.33,4.33,4.33,1500
127,145,2018-10-30 12:00:00,4.33,4.37,4.33,4.37,3684
128,144,2018-10-30 12:30:00,4.37,4.4141,4.3,4.3,5400
129,143,2018-10-30 13:00:00,4.3,4.34,4.3,4.34,2400
130,142,2018-10-30 13:30:00,4.34,4.35,4.32,4.34,1400
131,141,2018-10-30 14:00:00,4.34,4.375,4.33,4.375,4309
132,140,2018-10-30 14:30:00,4.37,4.375,4.37,4.37,1042
133,139,2018-10-30 15:00:00,4.37,4.4,4.37,4.4,4200
134,138,2018-10-30 15:30:00,4.4,4.4,4.4,4.4,600
135,137,2018-10-30 16:00:00,4.41,4.41,4.27,4.3,5357
136,136,2018-10-31 10:00:00,4.32,4.3757,4.32,4.37,848
137,135,2018-10-31 10:30:00,4.37,4.379,4.31,4.36,6979
138,134,2018-10-31 11:00:00,4.37,4.415,4.37,4.4,2891
139,133,2018-10-31 11:30:00,4.4,4.41,4.35,4.4,8185
140,132,2018-10-31 12:00:00,4.405,4.405,4.33,4.37,5150
141,131,2018-10-31 12:30:00,4.37,4.4,4.37,4.4,3600
142,130,2018-10-31 13:00:00,4.4,4.4,4.39,4.4,3145
143,129,2018-10-31 13:30:00,4.39,4.445,4.32,4.38,6290
144,128,2018-10-31 14:00:00,4.38,4.43,4.38,4.42,5692
145,127,2018-10-31 14:30:00,4.42,4.45,4.42,4.43,2905
146,126,2018-10-31 15:00:00,4.43,4.45,4.43,4.43,4201
147,125,2018-10-31 15:30:00,4.43,4.45,4.37,4.38,5799
148,124,2018-10-31 16:00:00,4.38,4.38,4.15,4.15,8121
149,123,2018-11-01 10:00:00,4.17,4.25,4.17,4.21,1879
150,122,2018-11-01 10:30:00,4.23,4.23,4.21,4.22,2100
151,121,2018-11-01 11:00:00,4.24,4.37,4.24,4.3,10330
152,120,2018-11-01 11:30:00,4.33,4.4,4.33,4.4,3200
153,119,2018-11-01 12:00:00,4.4,4.5629,4.4,4.55,16881
154,118,2018-11-01 12:30:00,4.59,4.6312,4.55,4.56,11238
155,117,2018-11-01 13:00:00,4.57,4.66,4.55,4.64,6086
156,116,2018-11-01 13:30:00,4.65,4.65,4.52,4.5525,9839
157,115,2018-11-01 14:00:00,4.535,4.56,4.49,4.49,6552
158,114,2018-11-01 14:30:00,4.51,4.555,4.49,4.5,7890
159,113,2018-11-01 15:00:00,4.55,4.55,4.49,4.51,4894
160,112,2018-11-01 15:30:00,4.5,4.5,4.41,4.5,13550
161,111,2018-11-01 16:00:00,4.48,4.48,4.4,4.4,6571
162,110,2018-11-02 10:00:00,4.53,4.55,4.4,4.4,3733
163,109,2018-11-02 10:30:00,4.4,4.58,4.4,4.54,6344
164,108,2018-11-02 11:00:00,4.53,4.6,4.52,4.57,2600
165,107,2018-11-02 11:30:00,4.61,4.61,4.55,4.56,1600
166,106,2018-11-02 12:00:00,4.56,4.6,4.56,4.57,1800
167,105,2018-11-02 12:30:00,4.57,4.6,4.5,4.51,8922
168,104,2018-11-02 13:00:00,4.5,4.56,4.49,4.56,5824
169,103,2018-11-02 13:30:00,4.57,4.57,4.5,4.5,1700
170,102,2018-11-02 14:00:00,4.5,4.51,4.49,4.49,1900
171,101,2018-11-02 14:30:00,4.49,4.53,4.46,4.51,8939
172,100,2018-11-02 15:00:00,4.5,4.52,4.47,4.47,2424
173,99,2018-11-02 15:30:00,4.47,4.5,4.45,4.48,6698
174,98,2018-11-02 16:00:00,4.48,4.48,4.45,4.45,9283
175,97,2018-11-05 10:00:00,4.45,4.47,4.45,4.47,2164
176,96,2018-11-05 10:30:00,4.47,4.47,4.47,4.47,1600
177,95,2018-11-05 11:00:00,4.47,4.47,4.47,4.47,1640
178,94,2018-11-05 11:30:00,4.47,4.53,4.47,4.49,7381
179,93,2018-11-05 12:00:00,4.49,4.49,4.45,4.45,3300
180,92,2018-11-05 12:30:00,4.45,4.46,4.45,4.45,7823
181,91,2018-11-05 13:00:00,4.45,4.5,4.45,4.48,4530
182,90,2018-11-05 13:30:00,4.48,4.48,4.48,4.48,1300
183,89,2018-11-05 14:00:00,4.48,4.5,4.46,4.46,4866
184,88,2018-11-05 14:30:00,4.46,4.51,4.46,4.5,2734
185,87,2018-11-05 15:00:00,4.5,4.53,4.5,4.51,3700
186,86,2018-11-05 15:30:00,4.52,4.53,4.48,4.49,3634
187,85,2018-11-05 16:00:00,4.49,4.49,4.4,4.4,12497
188,84,2018-11-06 10:00:00,4.43,4.5,4.43,4.5,4115
189,83,2018-11-06 10:30:00,4.5,4.5,4.45,4.45,1800
190,82,2018-11-06 11:00:00,4.45,4.51,4.45,4.46,5500
191,81,2018-11-06 11:30:00,4.47,4.49,4.46,4.47,3402
192,80,2018-11-06 12:00:00,4.47,4.5,4.47,4.47,1700
193,79,2018-11-06 12:30:00,4.47,4.52,4.47,4.51,4768
194,78,2018-11-06 13:00:00,4.51,4.51,4.5,4.5,1590
195,77,2018-11-06 13:30:00,4.5,4.51,4.5,4.51,2300
196,76,2018-11-06 14:00:00,4.51,4.51,4.5,4.5,3200
197,75,2018-11-06 14:30:00,4.5,4.51,4.43,4.43,3200
198,74,2018-11-06 15:00:00,4.43,4.5,4.43,4.5,1765
199,73,2018-11-06 15:30:00,4.5,4.5,4.41,4.49,3396
200,72,2018-11-06 16:00:00,4.49,4.49,4.4,4.41,4945
201,71,2018-11-07 10:00:00,4.49,4.53,4.4,4.44,4598
202,70,2018-11-07 10:30:00,4.44,4.5,4.44,4.49,3670
203,69,2018-11-07 11:00:00,4.49,4.51,4.42,4.42,4802
204,68,2018-11-07 11:30:00,4.41,4.41,4.4,4.4,1200
205,67,2018-11-07 12:00:00,4.4,4.48,4.4,4.48,5426
206,66,2018-11-07 12:30:00,4.47,4.5,4.45,4.46,5960
207,65,2018-11-07 13:00:00,4.47,4.51,4.47,4.5,5503
208,64,2018-11-07 13:30:00,4.5,4.51,4.47,4.5,5739
209,63,2018-11-07 14:00:00,4.5,4.51,4.49,4.5,4980
210,62,2018-11-07 14:30:00,4.51,4.56,4.43,4.47,8949
211,61,2018-11-07 15:00:00,4.52,4.6,4.51,4.55,6934
212,60,2018-11-07 15:30:00,4.55,4.56,4.48,4.55,7114
213,59,2018-11-07 16:00:00,4.57,4.58,4.4,4.42,6683
214,58,2018-11-08 13:00:00,4.4891,4.4891,4.4891,4.4891,3000
215,57,2018-11-08 13:30:00,4.36,4.38,4.33,4.38,550
216,56,2018-11-08 14:00:00,4.48,4.48,4.41,4.48,1551
217,55,2018-11-08 14:30:00,4.5,4.5,4.48,4.5,6280
218,54,2018-11-08 15:00:00,4.5,4.56,4.5,4.56,8825
219,53,2018-11-08 15:30:00,4.56,4.57,4.54,4.54,11700
220,52,2018-11-08 16:00:00,4.54,4.56,4.49,4.55,777
221,51,2018-11-09 10:00:00,4.45,4.45,4.23,4.34,6800
222,50,2018-11-09 10:30:00,4.35,4.35,4.25,4.25,2110
223,49,2018-11-09 11:00:00,4.25,4.3,4.24,4.26,3000
224,48,2018-11-09 11:30:00,4.2955,4.3,4.24,4.24,2500
225,47,2018-11-09 12:00:00,4.24,4.24,4.13,4.195,2872
226,46,2018-11-09 12:30:00,4.2,4.2,4.11,4.11,2750
227,45,2018-11-09 13:00:00,4.13,4.17,4.13,4.17,2598
228,44,2018-11-09 13:30:00,4.15,4.15,4.15,4.15,2400
229,43,2018-11-09 14:00:00,4.15,4.15,4.15,4.15,2265
230,42,2018-11-09 14:30:00,4.15,4.17,4.11,4.115,3700
231,41,2018-11-09 15:00:00,4.11,4.11,4.1,4.1,7630
232,40,2018-11-09 15:30:00,4.1,4.1,4.1,4.1,1500
233,39,2018-11-09 16:00:00,4.138999999999999,4.1858,4.1,4.1,7152
234,38,2018-11-12 07:30:00,3.92,3.92,3.92,3.92,200
235,37,2018-11-12 08:30:00,3.9,3.9,3.9,3.9,700
236,36,2018-11-12 10:00:00,4.04,4.04,3.95,4.02,1817
237,35,2018-11-12 10:30:00,4.02,4.02,3.92,3.92,8762
238,34,2018-11-12 11:00:00,3.92,3.95,3.92,3.95,1900
239,33,2018-11-12 11:30:00,3.95,3.96,3.93,3.96,2550
240,32,2018-11-12 12:30:00,3.99,3.99,3.99,3.99,2400
241,31,2018-11-12 13:30:00,3.99,3.99,3.99,3.99,1100
242,30,2018-11-12 14:00:00,3.99,3.99,3.97,3.97,2300
243,29,2018-11-12 14:30:00,3.97,3.97,3.97,3.97,100
244,28,2018-11-12 15:00:00,3.99,3.99,3.98,3.98,2300
245,27,2018-11-12 15:30:00,3.98,3.98,3.98,3.98,2500
246,26,2018-11-12 16:00:00,3.987,3.987,3.97,3.98,2700
247,25,2018-11-13 10:00:00,4.0,4.0,3.92,3.96,2840
248,24,2018-11-13 10:30:00,3.96,3.96,3.76,3.76,18379
249,23,2018-11-13 11:00:00,3.76,4.09,3.76,3.89,27225
250,22,2018-11-13 11:30:00,3.89,3.935,3.89,3.93,3601
251,21,2018-11-13 12:00:00,3.93,3.93,3.81,3.83,3800
252,20,2018-11-13 12:30:00,3.83,3.92,3.78,3.87,4100
253,19,2018-11-13 13:00:00,3.92,3.95,3.87,3.95,3300
254,18,2018-11-13 13:30:00,3.98,4.17,3.98,4.17,5192
255,17,2018-11-13 14:00:00,4.209,4.28,4.16,4.21,7295
256,16,2018-11-13 14:30:00,4.23,4.265,4.2,4.26,6200
257,15,2018-11-13 15:00:00,4.29,4.38,3.96,3.97,10940
258,14,2018-11-13 15:30:00,3.97,4.08,3.96,4.08,5220
259,13,2018-11-13 16:00:00,4.08,4.27,3.9,4.21,9969
260,12,2018-11-14 10:00:00,4.07,4.07,3.96,4.0185,5006
261,11,2018-11-14 10:30:00,4.02,4.04,4.02,4.04,1600
262,10,2018-11-14 11:00:00,4.04,4.1,4.04,4.09,4103
263,9,2018-11-14 11:30:00,4.1,4.2669,4.1,4.12,34268
264,8,2018-11-14 12:00:00,4.1,4.25,4.1,4.24,10100
265,7,2018-11-14 12:30:00,4.24,4.2515,4.23,4.24,5100
266,6,2018-11-14 13:00:00,4.27,4.3027,4.22,4.3027,5906
267,5,2018-11-14 13:30:00,4.3,4.34,4.29,4.29,7600
268,4,2018-11-14 14:00:00,4.25,4.36,4.25,4.36,3921
269,3,2018-11-14 14:30:00,4.32,4.38,4.32,4.37,4400
270,2,2018-11-14 15:00:00,4.37,4.41,4.31,4.32,4201
271,1,2018-11-14 15:30:00,4.345,4.44,4.32,4.41,5963
272,0,2018-11-14 16:00:00,4.41,4.44,4.21,4.21,7572
273,243,2018-11-15 10:00:00,4.17,4.24,4.17,4.24,2311
274,242,2018-11-15 10:30:00,4.24,4.27,4.16,4.18,3809
275,241,2018-11-15 11:00:00,4.18,4.27,4.18,4.27,1700
276,240,2018-11-15 11:30:00,4.27,4.36,4.27,4.34,6764
277,239,2018-11-15 12:00:00,4.26,4.33,4.26,4.29,3100
278,238,2018-11-15 12:30:00,4.29,4.33,4.23,4.3,5045
279,237,2018-11-15 13:00:00,4.3,4.37,4.3,4.32,6316
280,236,2018-11-15 13:30:00,4.33,4.39,4.31,4.38,4897
281,235,2018-11-15 14:00:00,4.36,4.48,4.31,4.4,7503
282,234,2018-11-15 14:30:00,4.41,4.46,4.35,4.41,4426
283,233,2018-11-15 15:00:00,4.41,4.46,4.4,4.46,6200
284,232,2018-11-15 15:30:00,4.46,4.5,4.42,4.49,5491
285,231,2018-11-15 16:00:00,4.49,4.5,4.32,4.43,16374
286,230,2018-11-16 11:30:00,4.22,4.2411,4.13,4.14,11800
287,229,2018-11-16 12:00:00,4.14,4.21,4.07,4.08,4132
288,228,2018-11-16 12:30:00,4.03,4.03,3.88,3.88,1802
289,227,2018-11-16 13:00:00,3.88,3.9259,3.8,3.8,4595
290,226,2018-11-16 13:30:00,3.8,3.85,3.8,3.81,2200
291,225,2018-11-16 14:00:00,3.81,3.82,3.8,3.82,2990
292,224,2018-11-16 14:30:00,3.86,3.93,3.86,3.87,3588
293,223,2018-11-16 15:00:00,3.87,3.88,3.87,3.88,1800
294,222,2018-11-16 15:30:00,3.88,3.94,3.81,3.87,5996
295,221,2018-11-16 16:00:00,3.87,3.87,3.71,3.78,8048
296,220,2018-11-19 09:00:00,3.67,3.67,3.67,3.67,100
297,219,2018-11-19 10:30:00,3.8401,3.8401,3.78,3.78,2150
298,218,2018-11-19 11:00:00,3.78,3.78,3.78,3.78,7174
299,217,2018-11-19 11:30:00,3.7999,3.84,3.78,3.78,17200
300,216,2018-11-19 12:00:00,3.78,3.78,3.78,3.78,3450
301,215,2018-11-19 12:30:00,3.78,3.78,3.78,3.78,1200
302,214,2018-11-19 13:00:00,3.78,3.78,3.78,3.78,1300
303,213,2018-11-19 13:30:00,3.78,3.81,3.78,3.79,4400
304,212,2018-11-19 14:00:00,3.8,3.8,3.79,3.79,1300
305,211,2018-11-19 14:30:00,3.79,3.8,3.79,3.8,3300
306,210,2018-11-19 15:00:00,3.8,3.81,3.8,3.81,1700
307,209,2018-11-19 15:30:00,3.81,3.98,3.81,3.98,9469
308,208,2018-11-19 16:00:00,3.92,3.92,3.78,3.78,4900
309,207,2018-11-20 10:00:00,3.7,3.7,3.55,3.62,3116
310,206,2018-11-20 10:30:00,3.67,3.78,3.67,3.77,4309
311,205,2018-11-20 11:00:00,3.78,3.78,3.73,3.75,6969
312,204,2018-11-20 11:30:00,3.78,3.82,3.78,3.8,6273
313,203,2018-11-20 12:00:00,3.8,3.81,3.8,3.81,2500
314,202,2018-11-20 12:30:00,3.82,3.82,3.82,3.82,900
315,201,2018-11-20 13:00:00,3.82,3.82,3.78,3.78,2751
316,200,2018-11-20 13:30:00,3.78,3.81,3.78,3.8,6400
317,199,2018-11-20 14:00:00,3.8,3.8,3.78,3.78,2956
318,198,2018-11-20 14:30:00,3.78,3.78,3.78,3.78,1100
319,197,2018-11-20 15:00:00,3.78,3.78,3.78,3.78,3500
320,196,2018-11-20 15:30:00,3.78,3.7809,3.78,3.78,3500
321,195,2018-11-20 16:00:00,3.78,3.8,3.78,3.78,4639
322,194,2018-11-21 10:00:00,3.83,3.89,3.81,3.89,2068
323,193,2018-11-21 10:30:00,3.9,3.9,3.87,3.9,1928
324,192,2018-11-21 11:00:00,3.9,3.9,3.88,3.88,2550
325,191,2018-11-21 11:30:00,3.88,3.88,3.88,3.88,1472
326,190,2018-11-21 12:00:00,3.86,3.8664,3.86,3.86,1500
327,189,2018-11-21 12:30:00,3.86,3.91,3.86,3.91,2178
328,188,2018-11-21 13:00:00,3.91,3.95,3.9,3.92,2700
329,187,2018-11-21 13:30:00,3.92,4.01,3.92,4.01,3280
330,186,2018-11-21 14:00:00,4.0,4.05,3.98,4.02,6912
331,185,2018-11-21 14:30:00,4.02,4.05,4.0,4.05,3390
332,184,2018-11-21 15:00:00,4.05,4.05,4.02,4.05,6857
333,183,2018-11-21 15:30:00,4.085,4.15,4.06,4.15,9520
334,182,2018-11-21 16:00:00,4.15,4.15,4.0,4.01,11148
335,181,2018-11-23 09:30:00,4.18,4.18,4.18,4.18,3058
336,180,2018-11-23 10:00:00,4.0,4.0,3.78,3.78,21131
337,179,2018-11-23 10:30:00,3.7955,3.8124,3.78,3.8,6402
338,178,2018-11-23 11:00:00,3.78,3.8,3.57,3.78,34669
339,177,2018-11-23 11:30:00,3.7,3.78,3.7,3.78,11650
340,176,2018-11-23 12:00:00,3.78,3.78,3.78,3.78,900
341,175,2018-11-23 12:30:00,3.78,3.86,3.78,3.86,6912
342,174,2018-11-23 13:00:00,3.86,3.86,3.78,3.78,10010
343,173,2018-11-26 10:00:00,3.8,3.92,3.7989,3.87,4850
344,172,2018-11-26 10:30:00,3.9,3.9,3.861,3.9,3100
345,171,2018-11-26 11:00:00,3.93,3.93,3.9048,3.92,3298
346,170,2018-11-26 11:30:00,3.91,3.96,3.91,3.95,3804
347,169,2018-11-26 12:00:00,3.88,3.9699,3.87,3.96,2500
348,168,2018-11-26 12:30:00,3.96,3.96,3.9101,3.9101,840
349,167,2018-11-26 13:00:00,3.9584,3.99,3.95,3.9744,5827
350,166,2018-11-26 13:30:00,3.98,3.98,3.89,3.9,7434
351,165,2018-11-26 14:00:00,3.93,3.93,3.93,3.93,100
352,164,2018-11-26 14:30:00,3.94,3.96,3.915,3.94,2114
353,163,2018-11-26 15:00:00,3.94,3.94,3.85,3.91,3440
354,162,2018-11-26 15:30:00,3.91,3.9148,3.89,3.91,2500
355,161,2018-11-26 16:00:00,3.86,3.87,3.78,3.79,8023
356,160,2018-11-27 07:30:00,3.85,3.85,3.85,3.85,200
357,159,2018-11-27 10:00:00,3.85,4.0,3.85,4.0,8332
358,158,2018-11-27 10:30:00,3.97,4.04,3.9,4.0,4393
359,157,2018-11-27 11:00:00,4.0,4.0,3.97,4.0,1990
360,156,2018-11-27 11:30:00,3.9513,3.98,3.9513,3.98,1200
361,155,2018-11-27 12:00:00,3.95,3.98,3.92,3.98,520
362,154,2018-11-27 12:30:00,3.9,3.9,3.79,3.79,2420
363,153,2018-11-27 13:00:00,3.9,3.9,3.79,3.9,1920
364,152,2018-11-27 13:30:00,3.88,3.88,3.78,3.78,400
365,151,2018-11-27 14:00:00,3.79,3.87,3.78,3.79,8300
366,150,2018-11-27 14:30:00,3.81,3.93,3.81,3.9,7705
367,149,2018-11-27 15:00:00,3.9,3.91,3.81,3.86,5967
368,148,2018-11-27 15:30:00,3.89,3.99,3.86,3.97,11730
369,147,2018-11-27 16:00:00,3.93,3.95,3.78,3.79,10801
370,146,2018-11-28 10:00:00,3.79,3.95,3.79,3.93,3125
371,145,2018-11-28 10:30:00,3.91,3.94,3.83,3.89,5720
372,144,2018-11-28 11:00:00,3.9,3.9,3.84,3.89,1350
373,143,2018-11-28 11:30:00,3.84,3.86,3.81,3.85,2327
374,142,2018-11-28 12:00:00,3.85,3.86,3.81,3.83,2145
375,141,2018-11-28 12:30:00,3.84,3.915,3.8,3.915,3956
376,140,2018-11-28 13:00:00,3.9,3.9,3.85,3.9,800
377,139,2018-11-28 13:30:00,3.89,3.93,3.89,3.93,2860
378,138,2018-11-28 14:00:00,3.891,3.93,3.89,3.9,3150
379,137,2018-11-28 14:30:00,3.9,3.93,3.9,3.91,4360
380,136,2018-11-28 15:00:00,3.9,3.92,3.89,3.915,2450
381,135,2018-11-28 15:30:00,3.9,3.93,3.88,3.91,5230
382,134,2018-11-28 16:00:00,3.89,3.95,3.82,3.91,17883
383,133,2018-11-29 10:00:00,3.89,3.94,3.89,3.94,200
384,132,2018-11-29 10:30:00,3.8655,3.91,3.85,3.91,4414
385,131,2018-11-29 11:00:00,3.91,3.99,3.85,3.92,4618
386,130,2018-11-29 11:30:00,3.86,3.92,3.85,3.88,2710
387,129,2018-11-29 12:00:00,3.88,3.91,3.88,3.89,700
388,128,2018-11-29 12:30:00,3.91,3.91,3.83,3.85,4499
389,127,2018-11-29 13:00:00,3.87,3.87,3.84,3.84,1200
390,126,2018-11-29 13:30:00,3.84,3.87,3.83,3.85,4651
391,125,2018-11-29 14:00:00,3.85,3.92,3.84,3.92,5469
392,124,2018-11-29 14:30:00,3.92,4.03,3.92,4.03,11100
393,123,2018-11-29 15:00:00,4.0401,4.06,4.0401,4.06,1600
394,122,2018-11-29 15:30:00,4.08,4.1922,4.06,4.06,14108
395,121,2018-11-29 16:00:00,4.07,4.07,4.0,4.0,5024
396,120,2018-11-30 10:00:00,4.07,4.07,4.01,4.01,205
397,119,2018-11-30 10:30:00,4.05,4.05,4.0,4.0,604
398,118,2018-11-30 11:00:00,4.0127,4.0127,3.86,3.96,2368
399,117,2018-11-30 11:30:00,3.88,3.98,3.86,3.88,4070
400,116,2018-11-30 12:00:00,3.9,3.9,3.87,3.9,9800
401,115,2018-11-30 12:30:00,3.92,3.93,3.9,3.9,1122
402,114,2018-11-30 13:00:00,3.87,3.92,3.87,3.885,416
403,113,2018-11-30 13:30:00,3.88,3.89,3.86,3.86,513
404,112,2018-11-30 14:00:00,3.84,3.86,3.8,3.835,3760
405,111,2018-11-30 14:30:00,3.85,3.9,3.82,3.82,1915
406,110,2018-11-30 15:00:00,3.92,3.92,3.87,3.91,1254
407,109,2018-11-30 15:30:00,3.88,4.02,3.88,4.02,12714
408,108,2018-11-30 16:00:00,4.011,4.011,3.92,3.98,5681
409,107,2018-12-03 10:00:00,4.12,4.16,3.95,3.99,8695
410,106,2018-12-03 10:30:00,3.95,4.02,3.95,4.01,2300
411,105,2018-12-03 11:00:00,4.01,4.01,3.93,3.99,2000
412,104,2018-12-03 11:30:00,4.0,4.0,3.8,3.87,7359
413,103,2018-12-03 12:00:00,3.87,3.95,3.87,3.94,3352
414,102,2018-12-03 12:30:00,3.93,3.99,3.93,3.99,2679
415,101,2018-12-03 13:00:00,3.99,3.99,3.98,3.98,900
416,100,2018-12-03 13:30:00,3.99,4.0,3.99,3.99,1000
417,99,2018-12-03 14:00:00,3.99,4.0,3.99,4.0,600
418,98,2018-12-03 14:30:00,4.0,4.0,4.0,4.0,900
419,97,2018-12-03 15:00:00,4.0,4.02,3.98,4.01,3362
420,96,2018-12-03 16:00:00,4.01,4.01,3.77,3.77,22657
421,95,2018-12-04 10:00:00,3.92,4.09,3.92,4.05,2153
422,94,2018-12-04 10:30:00,4.075,4.08,4.025,4.0395,2653
423,93,2018-12-04 11:00:00,4.03,4.03,3.94,3.94,1213
424,92,2018-12-04 11:30:00,4.02,4.02,3.93,3.98,3600
425,91,2018-12-04 12:00:00,3.9935,4.02,3.91,3.99,3426
426,90,2018-12-04 12:30:00,3.99,3.99,3.93,3.9612,3579
427,89,2018-12-04 13:00:00,3.99,4.01,3.98,4.01,2445
428,88,2018-12-04 13:30:00,4.04,4.04,4.04,4.04,792
429,87,2018-12-04 14:00:00,4.04,4.04,4.04,4.04,2220
430,86,2018-12-04 14:30:00,3.95,3.96,3.95,3.96,300
431,85,2018-12-04 15:00:00,3.99,4.0,3.99,3.99,2025
432,84,2018-12-04 15:30:00,3.99,4.0,3.93,3.96,5256
433,83,2018-12-04 16:00:00,3.83,3.93,3.78,3.781,6144
434,82,2018-12-06 10:00:00,3.75,3.75,3.66,3.69,9164
435,81,2018-12-06 10:30:00,3.68,3.7612,3.65,3.75,12143
436,80,2018-12-06 11:00:00,3.75,3.7527,3.75,3.75,4500
437,79,2018-12-06 11:30:00,3.67,3.77,3.66,3.7,7760
438,78,2018-12-06 12:00:00,3.71,3.71,3.67,3.69,6400
439,77,2018-12-06 12:30:00,3.65,3.77,3.65,3.71,10176
440,76,2018-12-06 13:00:00,3.74,3.74,3.7,3.7,6365
441,75,2018-12-06 13:30:00,3.73,3.7427,3.7,3.74,6968
442,74,2018-12-06 14:00:00,3.74,3.78,3.74,3.78,2400
443,73,2018-12-06 14:30:00,3.7877,3.7877,3.78,3.78,500
444,72,2018-12-06 15:00:00,3.79,3.79,3.79,3.79,1200
445,71,2018-12-06 15:30:00,3.8,3.8,3.8,3.8,900
446,70,2018-12-06 16:00:00,3.77,3.81,3.71,3.73,9991
447,69,2018-12-07 10:00:00,3.81,3.81,3.75,3.77,3300
448,68,2018-12-07 10:30:00,3.77,3.79,3.76,3.77,3762
449,67,2018-12-07 11:00:00,3.78,3.79,3.75,3.79,4719
450,66,2018-12-07 11:30:00,3.79,3.79,3.71,3.71,4670
451,65,2018-12-07 12:00:00,3.72,3.78,3.67,3.67,7891
452,64,2018-12-07 12:30:00,3.705,3.74,3.67,3.73,2500
453,63,2018-12-07 13:00:00,3.7,3.74,3.7,3.74,3055
454,62,2018-12-07 13:30:00,3.74,3.78,3.73,3.76,3200
455,61,2018-12-07 14:00:00,3.77,3.78,3.75,3.76,1700
456,60,2018-12-07 14:30:00,3.77,3.78,3.76,3.78,2900
457,59,2018-12-07 15:00:00,3.78,3.78,3.77,3.78,2400
458,58,2018-12-07 15:30:00,3.77,3.78,3.695,3.695,4630
459,57,2018-12-07 16:00:00,3.7,3.78,3.7,3.78,10392
460,56,2018-12-10 10:00:00,3.801,3.801,3.61,3.61,15612
461,55,2018-12-10 10:30:00,3.61,3.6599,3.61,3.62,2000
462,54,2018-12-10 11:00:00,3.6204,3.6428,3.62,3.62,3000
463,53,2018-12-10 11:30:00,3.63,3.63,3.56,3.57,3141
464,52,2018-12-10 12:00:00,3.57,3.59,3.55,3.55,3365
465,51,2018-12-10 12:30:00,3.55,3.57,3.55,3.56,1000
466,50,2018-12-10 13:00:00,3.56,3.59,3.56,3.59,4300
467,49,2018-12-10 14:00:00,3.59,3.59,3.59,3.59,100
468,48,2018-12-10 15:00:00,3.59,3.6056,3.59,3.6,4102
469,47,2018-12-10 15:30:00,3.595,3.603,3.55,3.55,5314
470,46,2018-12-10 16:00:00,3.55,3.55,3.21,3.28,7733
471,45,2018-12-11 10:00:00,3.56,3.56,3.48,3.56,5510
472,44,2018-12-11 10:30:00,3.56,3.6475,3.56,3.6,3770
473,43,2018-12-11 11:00:00,3.6,3.62,3.56,3.56,2448
474,42,2018-12-11 11:30:00,3.53,3.5675,3.53,3.5675,2300
475,41,2018-12-11 12:00:00,3.56,3.56,3.45,3.51,2070
476,40,2018-12-11 12:30:00,3.51,3.54,3.47,3.5,5200
477,39,2018-12-11 13:00:00,3.5275,3.5275,3.44,3.44,4616
478,38,2018-12-11 13:30:00,3.4875,3.49,3.475,3.49,1875
479,37,2018-12-11 14:00:00,3.49,3.5,3.49,3.5,2725
480,36,2018-12-11 14:30:00,3.51,3.51,3.48,3.51,1145
481,35,2018-12-11 15:00:00,3.51,3.57,3.5075,3.5075,6793
482,34,2018-12-11 15:30:00,3.5,3.5,3.48,3.5,3300
483,33,2018-12-11 16:00:00,3.53,3.53,3.34,3.35,4482
484,32,2018-12-12 10:00:00,3.4,3.45,3.37,3.37,1708
485,31,2018-12-12 10:30:00,3.404,3.46,3.4,3.42,29164
486,30,2018-12-12 11:00:00,3.42,3.45,3.39,3.39,3292
487,29,2018-12-12 11:30:00,3.39,3.45,3.39,3.42,1800
488,28,2018-12-12 12:00:00,3.42,3.42,3.39,3.39,1300
489,27,2018-12-12 12:30:00,3.4,3.41,3.4,3.41,1400
490,26,2018-12-12 13:00:00,3.43,3.46,3.42,3.45,3065
491,25,2018-12-12 13:30:00,3.47,3.47,3.44,3.44,2400
492,24,2018-12-12 14:00:00,3.45,3.46,3.44,3.44,1340
493,23,2018-12-12 14:30:00,3.44,3.44,3.44,3.44,1300
494,22,2018-12-12 15:00:00,3.44,3.44,3.44,3.44,1300
495,21,2018-12-12 15:30:00,3.46,3.48,3.45,3.47,3649
496,20,2018-12-12 16:00:00,3.48,3.49,3.26,3.26,8056
497,19,2018-12-13 10:00:00,3.31,3.37,3.31,3.31,1850
498,18,2018-12-13 10:30:00,3.3254,3.33,3.2999,3.32,4000
499,17,2018-12-13 11:00:00,3.34,3.35,3.28,3.28,6626
500,16,2018-12-13 11:30:00,3.31,3.31,3.29,3.29,1800
501,15,2018-12-13 12:00:00,3.29,3.29,3.28,3.28,1400
502,14,2018-12-13 12:30:00,3.28,3.28,3.28,3.28,900
503,13,2018-12-13 13:00:00,3.29,3.32,3.28,3.31,3384
504,12,2018-12-13 13:30:00,3.31,3.31,3.31,3.31,400
505,11,2018-12-13 14:00:00,3.31,3.32,3.31,3.32,2523
506,10,2018-12-13 14:30:00,3.33,3.4143,3.32,3.38,28091
507,9,2018-12-13 15:00:00,3.4,3.4,3.4,3.4,300
508,8,2018-12-13 15:30:00,3.4,3.4,3.4,3.4,2900
509,7,2018-12-13 16:00:00,3.38,3.38,3.28,3.28,5134
510,6,2018-12-14 13:00:00,3.2727,3.2812,3.21,3.21,1021
511,5,2018-12-14 13:30:00,3.23,3.25,3.2115,3.2115,3902
512,4,2018-12-14 14:00:00,3.21,3.21,3.18,3.18,3500
513,3,2018-12-14 14:30:00,3.18,3.18,3.07,3.07,3374
514,2,2018-12-14 15:00:00,3.08,3.09,3.01,3.01,11659
515,1,2018-12-14 15:30:00,3.0688,3.07,3.04,3.07,6169
516,0,2018-12-14 16:00:00,3.03,3.03,2.98,2.98,5877
517,224,2018-12-17 10:00:00,2.98,3.02,2.98,3.02,15461
518,223,2018-12-17 10:30:00,3.02,3.02,2.91,2.91,3200
519,222,2018-12-17 11:00:00,2.9,2.9,2.86,2.86,2553
520,221,2018-12-17 11:30:00,2.86,2.8956,2.83,2.84,4100
521,220,2018-12-17 12:00:00,2.85,2.9,2.8425,2.885,5458
522,219,2018-12-17 12:30:00,2.8862,2.8862,2.83,2.83,3200
523,218,2018-12-17 13:00:00,2.85,2.85,2.85,2.85,900
524,217,2018-12-17 13:30:00,2.85,2.85,2.84,2.8484,2375
525,216,2018-12-17 14:00:00,2.84,2.84,2.83,2.83,1031
526,215,2018-12-17 14:30:00,2.83,2.83,2.83,2.83,1000
527,214,2018-12-17 15:00:00,2.83,2.83,2.81,2.81,9150
528,213,2018-12-17 15:30:00,2.81,2.81,2.81,2.81,2000
529,212,2018-12-17 16:00:00,2.81,2.81,2.65,2.66,5095
530,211,2018-12-18 10:30:00,2.7013,2.74,2.7013,2.73,5870
531,210,2018-12-18 11:00:00,2.73,2.73,2.72,2.72,1502
532,209,2018-12-18 11:30:00,2.6971,2.6971,2.67,2.67,1533
533,208,2018-12-18 12:00:00,2.67,2.67,2.67,2.67,1700
534,207,2018-12-18 12:30:00,2.67,2.67,2.67,2.67,1200
535,206,2018-12-18 13:00:00,2.6701,2.68,2.67,2.68,2000
536,205,2018-12-18 13:30:00,2.68,2.68,2.6768,2.6768,900
537,204,2018-12-18 14:00:00,2.67,2.67,2.57,2.57,3935
538,203,2018-12-18 14:30:00,2.58,2.61,2.57,2.57,2200
539,202,2018-12-18 15:00:00,2.57,2.57,2.5,2.51,7345
540,201,2018-12-18 15:30:00,2.53,2.55,2.52,2.55,5277
541,200,2018-12-18 16:00:00,2.52,2.5404,2.5,2.51,5685
542,199,2018-12-19 06:30:00,2.65,2.65,2.65,2.65,100
543,198,2018-12-19 10:00:00,2.5,2.6,2.5,2.6,8734
544,197,2018-12-19 10:30:00,2.6,2.6122,2.56,2.56,5000
545,196,2018-12-19 11:00:00,2.5662,2.58,2.53,2.53,5700
546,195,2018-12-19 11:30:00,2.52,2.52,2.52,2.52,1200
547,194,2018-12-19 12:00:00,2.52,2.56,2.44,2.44,10700
548,193,2018-12-19 12:30:00,2.46,2.52,2.46,2.47,3557
549,192,2018-12-19 13:00:00,2.5,2.52,2.495,2.5,2103
550,191,2018-12-19 13:30:00,2.5,2.5,2.5,2.5,1400
551,190,2018-12-19 14:00:00,2.45,2.48,2.45,2.48,1447
552,189,2018-12-19 14:30:00,2.49,2.49,2.42,2.44,9800
553,188,2018-12-19 15:30:00,2.45,2.5,2.43,2.455,6300
554,187,2018-12-19 16:00:00,2.5,2.51,2.41,2.41,7435
555,186,2018-12-20 10:00:00,2.47,2.47,2.41,2.41,4200
556,185,2018-12-20 10:30:00,2.42,2.45,2.38,2.38,3584
557,184,2018-12-20 11:00:00,2.42,2.45,2.4175,2.45,5551
558,183,2018-12-20 11:30:00,2.44,2.44,2.32,2.32,3550
559,182,2018-12-20 12:00:00,2.31,2.34,2.25,2.34,18300
560,181,2018-12-20 12:30:00,2.34,2.35,2.33,2.35,1300
561,180,2018-12-20 13:00:00,2.36,2.39,2.35,2.38,1300
562,179,2018-12-20 13:30:00,2.37,2.39,2.37,2.37,2200
563,178,2018-12-20 14:00:00,2.33,2.33,2.33,2.33,100
564,177,2018-12-20 14:30:00,2.33,2.33,2.32,2.32,2800
565,176,2018-12-20 15:00:00,2.35,2.36,2.32,2.35,7560
566,175,2018-12-20 15:30:00,2.353,2.353,2.35,2.35,2810
567,174,2018-12-20 16:00:00,2.35,2.35,2.26,2.26,7544
568,173,2018-12-21 09:30:00,2.5,2.5,2.5,2.5,200
569,172,2018-12-21 10:00:00,2.38,2.68,2.32,2.66,21412
570,171,2018-12-21 10:30:00,2.66,2.7,2.625,2.64,4507
571,170,2018-12-21 11:00:00,2.615,2.615,2.475,2.5173,6243
572,169,2018-12-21 11:30:00,2.505,2.5173,2.435,2.435,3299
573,168,2018-12-21 12:00:00,2.44,2.4573,2.43,2.4573,1900
574,167,2018-12-21 12:30:00,2.44,2.44,2.3618,2.43,3600
575,166,2018-12-21 13:00:00,2.4373,2.4373,2.35,2.35,1300
576,165,2018-12-21 13:30:00,2.385,2.42,2.385,2.41,1700
577,164,2018-12-21 14:00:00,2.38,2.3871,2.35,2.35,10008
578,163,2018-12-21 14:30:00,2.45,2.45,2.36,2.36,1400
579,162,2018-12-21 15:00:00,2.35,2.39,2.35,2.35,11318
580,161,2018-12-21 15:30:00,2.35,2.35,2.26,2.3,4232
581,160,2018-12-21 16:00:00,2.35,2.47,2.3,2.47,23672
582,159,2018-12-21 16:30:00,2.7,2.7,2.7,2.7,400
583,158,2018-12-24 06:30:00,2.55,2.55,2.55,2.55,500
584,157,2018-12-24 08:00:00,2.57,2.57,2.57,2.57,100
585,156,2018-12-24 09:30:00,2.57,2.57,2.57,2.57,400
586,155,2018-12-24 10:00:00,2.38,2.7,2.38,2.69,13001
587,154,2018-12-24 10:30:00,2.69,2.69,2.57,2.59,9736
588,153,2018-12-24 11:00:00,2.595,2.595,2.49,2.49,6784
589,152,2018-12-24 11:30:00,2.49,2.49,2.38,2.42,6283
590,151,2018-12-24 12:00:00,2.42,2.5,2.42,2.4973,8919
591,150,2018-12-24 12:30:00,2.5,2.55,2.47,2.55,4456
592,149,2018-12-24 13:00:00,2.55,2.7,2.45,2.7,26605
593,148,2018-12-26 06:30:00,2.7,2.7,2.7,2.7,416
594,147,2018-12-26 09:00:00,2.7,2.7,2.7,2.7,320
595,146,2018-12-26 10:00:00,2.7,2.7,2.5765,2.67,5624
596,145,2018-12-26 10:30:00,2.64,2.79,2.64,2.76,6971
597,144,2018-12-26 11:00:00,2.7773,2.7773,2.73,2.73,1700
598,143,2018-12-26 11:30:00,2.7,2.73,2.67,2.67,4080
599,142,2018-12-26 12:00:00,2.67,2.67,2.62,2.63,1790
600,141,2018-12-26 12:30:00,2.64,2.66,2.63,2.66,2380
601,140,2018-12-26 13:00:00,2.65,2.68,2.64,2.68,800
602,139,2018-12-26 13:30:00,2.675,2.69,2.67,2.69,900
603,138,2018-12-26 14:00:00,2.72,2.73,2.7,2.715,2260
604,137,2018-12-26 14:30:00,2.7,2.78,2.7,2.7501,4463
605,136,2018-12-26 15:00:00,2.7391,2.78,2.7,2.78,5520
606,135,2018-12-26 15:30:00,2.78,2.78,2.7236,2.735,6785
607,134,2018-12-26 16:00:00,2.735,2.84,2.725,2.82,16463
608,133,2018-12-27 09:00:00,2.9,2.9,2.9,2.9,100
609,132,2018-12-27 10:00:00,2.74,2.82,2.72,2.8,9604
610,131,2018-12-27 10:30:00,2.83,2.83,2.77,2.77,5179
611,130,2018-12-27 11:00:00,2.75,2.75,2.6838,2.7,4882
612,129,2018-12-27 11:30:00,2.71,2.74,2.7,2.7,24191
613,128,2018-12-27 12:00:00,2.72,2.72,2.7,2.7,8880
614,127,2018-12-27 12:30:00,2.7,2.71,2.7,2.71,3813
615,126,2018-12-27 13:00:00,2.71,2.71,2.7,2.71,1940
616,125,2018-12-27 13:30:00,2.71,2.71,2.7,2.7,4800
617,124,2018-12-27 14:00:00,2.7,2.7,2.7,2.7,1800
618,123,2018-12-27 14:30:00,2.7,2.71,2.7,2.7,14200
619,122,2018-12-27 15:00:00,2.71,2.71,2.705,2.71,3770
620,121,2018-12-27 15:30:00,2.72,2.72,2.7,2.7,3401
621,120,2018-12-27 16:00:00,2.705,3.045,2.7,2.95,44517
622,119,2018-12-28 10:00:00,2.9,2.9499,2.89,2.89,4245
623,118,2018-12-28 10:30:00,2.89,2.92,2.83,2.89,6826
624,117,2018-12-28 11:00:00,2.885,2.9,2.885,2.9,2465
625,116,2018-12-28 11:30:00,2.91,2.92,2.82,2.86,9820
626,115,2018-12-28 12:00:00,2.86,2.9,2.85,2.89,3590
627,114,2018-12-28 12:30:00,2.89,2.89,2.88,2.88,1000
628,113,2018-12-28 13:00:00,2.88,2.88,2.85,2.87,5200
629,112,2018-12-28 13:30:00,2.87,2.91,2.87,2.91,5235
630,111,2018-12-28 14:00:00,2.91,2.91,2.88,2.88,1280
631,110,2018-12-28 14:30:00,2.89,2.9,2.88,2.9,3480
632,109,2018-12-28 15:00:00,2.9,2.9,2.895,2.9,5900
633,108,2018-12-28 15:30:00,2.89,2.89,2.83,2.83,2669
634,107,2018-12-28 16:00:00,2.85,3.08,2.78,3.05,24394
635,106,2018-12-28 16:30:00,3.2,3.2,3.2,3.2,100
636,105,2018-12-31 09:30:00,3.0,3.0,3.0,3.0,300
637,104,2018-12-31 10:00:00,2.9,2.9,2.83,2.83,9720
638,103,2018-12-31 10:30:00,2.85,2.891,2.85,2.891,4530
639,102,2018-12-31 11:00:00,2.89,2.9299,2.89,2.92,6100
640,101,2018-12-31 11:30:00,2.91,2.91,2.9,2.9,1540
641,100,2018-12-31 12:00:00,2.9,2.91,2.9,2.9,5800
642,99,2018-12-31 12:30:00,2.9,2.9,2.9,2.9,1240
643,98,2018-12-31 13:00:00,2.9,2.9,2.9,2.9,1500
644,97,2018-12-31 13:30:00,2.9,2.99,2.9,2.97,9788
645,96,2018-12-31 14:00:00,2.96,2.9739,2.96,2.96,1440
646,95,2018-12-31 14:30:00,2.94,2.94,2.94,2.94,827
647,94,2018-12-31 15:00:00,2.955,2.955,2.95,2.95,1489
648,93,2018-12-31 15:30:00,2.95,2.96,2.93,2.93,4390
649,92,2018-12-31 16:00:00,2.93,3.16,2.92,3.05,16424
650,91,2019-01-02 10:00:00,3.03,3.09,3.0,3.01,2420
651,90,2019-01-02 10:30:00,3.01,3.11,3.01,3.11,3600
652,89,2019-01-02 11:00:00,3.11,3.11,3.08,3.08,2459
653,88,2019-01-02 11:30:00,3.08,3.0864,3.02,3.02,3260
654,87,2019-01-02 12:00:00,3.0427,3.0427,3.0427,3.0427,1000
655,86,2019-01-02 13:00:00,3.04,3.04,3.04,3.04,100
656,85,2019-01-02 13:30:00,3.08,3.12,3.08,3.12,5588
657,84,2019-01-02 14:00:00,3.14,3.15,3.12,3.13,5400
658,83,2019-01-02 14:30:00,3.13,3.13,3.11,3.11,900
659,82,2019-01-02 15:00:00,3.11,3.11,3.11,3.11,116
660,81,2019-01-02 16:00:00,3.13,3.3,3.125,3.29,9107
661,80,2019-01-03 09:30:00,3.29,3.29,3.29,3.29,1000
662,79,2019-01-03 10:00:00,3.25,3.25,3.03,3.0627,8208
663,78,2019-01-03 10:30:00,3.13,3.21,3.13,3.2,3075
664,77,2019-01-03 11:00:00,3.22,3.3165,3.22,3.29,11776
665,76,2019-01-03 11:30:00,3.33,3.44,3.3133,3.3133,12984
666,75,2019-01-03 12:00:00,3.34,3.35,3.34,3.34,1500
667,74,2019-01-03 12:30:00,3.35,3.37,3.35,3.36,7959
668,73,2019-01-03 13:00:00,3.35,3.3591,3.2824,3.2824,1900
669,72,2019-01-03 14:30:00,3.28,3.28,3.28,3.28,100
670,71,2019-01-03 15:00:00,3.32,3.41,3.32,3.41,15268
671,70,2019-01-03 15:30:00,3.41,3.49,3.41,3.49,3261
672,69,2019-01-03 16:00:00,3.5,3.5,3.45,3.45,14311
673,68,2019-01-04 07:30:00,3.49,3.49,3.49,3.49,100
674,67,2019-01-04 09:30:00,3.49,3.49,3.49,3.49,200
675,66,2019-01-04 10:00:00,3.52,3.52,3.34,3.49,1901
676,65,2019-01-04 10:30:00,3.5,3.58,3.5,3.56,3308
677,64,2019-01-04 11:00:00,3.5546,3.5622,3.5546,3.5622,1280
678,63,2019-01-04 11:30:00,3.56,3.58,3.51,3.51,2300
679,62,2019-01-04 12:30:00,3.511,3.511,3.45,3.45,4414
680,61,2019-01-04 13:00:00,3.46,3.51,3.46,3.5001,13409
681,60,2019-01-04 13:30:00,3.5,3.5,3.5,3.5,100
682,59,2019-01-04 14:00:00,3.5,3.5,3.5,3.5,300
683,58,2019-01-04 14:30:00,3.49,3.5,3.49,3.5,441
684,57,2019-01-04 15:00:00,3.5046,3.5046,3.5046,3.5046,260
685,56,2019-01-04 15:30:00,3.5,3.5,3.47,3.47,759
686,55,2019-01-04 16:00:00,3.49,3.56,3.49,3.56,7006
687,54,2019-01-07 09:30:00,3.6,3.6,3.6,3.6,100
688,53,2019-01-07 10:00:00,3.6,3.6432,3.6,3.64,4291
689,52,2019-01-07 10:30:00,3.6037,3.67,3.6037,3.67,2374
690,51,2019-01-07 11:00:00,3.6832,3.7672,3.66,3.7672,13452
691,50,2019-01-07 11:30:00,3.77,3.78,3.7,3.7,16170
692,49,2019-01-07 12:00:00,3.73,3.73,3.67,3.67,2823
693,48,2019-01-07 12:30:00,3.65,3.7102,3.65,3.71,1200
694,47,2019-01-07 13:00:00,3.71,3.71,3.44,3.5375,13509
695,46,2019-01-07 13:30:00,3.5373,3.57,3.53,3.55,2446
696,45,2019-01-07 14:00:00,3.55,3.55,3.53,3.53,440
697,44,2019-01-07 14:30:00,3.532,3.532,3.53,3.53,206
698,43,2019-01-07 15:30:00,3.57,3.6,3.57,3.59,6745
699,42,2019-01-07 16:00:00,3.53,3.74,3.53,3.73,10658
700,41,2019-01-08 10:00:00,3.7,3.76,3.6865,3.7,18474
701,40,2019-01-08 10:30:00,3.6937,3.6937,3.67,3.67,1146
702,39,2019-01-08 11:00:00,3.7,3.74,3.7,3.74,12348
703,38,2019-01-08 11:30:00,3.73,3.73,3.68,3.7,3540
704,37,2019-01-08 12:00:00,3.7,3.7,3.7,3.7,250
705,36,2019-01-08 15:00:00,3.72,3.72,3.72,3.72,2840
706,35,2019-01-08 16:00:00,3.62,3.76,3.62,3.76,8116
707,34,2019-01-09 10:00:00,3.74,3.74,3.7273,3.74,1556
708,33,2019-01-09 10:30:00,3.7404,3.78,3.74,3.775,6326
709,32,2019-01-09 11:00:00,3.78,3.81,3.78,3.79,6607
710,31,2019-01-09 11:30:00,3.8,3.82,3.8,3.82,4140
711,30,2019-01-09 12:00:00,3.821,3.821,3.75,3.75,3252
712,29,2019-01-09 12:30:00,3.68,3.68,3.66,3.66,1680
713,28,2019-01-09 13:00:00,3.67,3.67,3.67,3.67,200
714,27,2019-01-09 13:30:00,3.6889999999999996,3.7332,3.6855,3.73,6325
715,26,2019-01-09 14:00:00,3.71,3.72,3.69,3.72,500
716,25,2019-01-09 14:30:00,3.72,3.72,3.72,3.72,100
717,24,2019-01-09 16:00:00,3.77,3.8,3.71,3.8,5815
718,23,2019-01-10 10:00:00,3.84,3.84,3.6801,3.71,1000
719,22,2019-01-10 10:30:00,3.72,3.74,3.72,3.74,3500
720,21,2019-01-10 11:30:00,3.78,3.78,3.78,3.78,290
721,20,2019-01-10 12:00:00,3.81,3.85,3.81,3.85,9020
722,19,2019-01-10 12:30:00,3.85,3.85,3.81,3.81,3676
723,18,2019-01-10 13:00:00,3.81,3.81,3.81,3.81,100
724,17,2019-01-10 13:30:00,3.822,3.822,3.82,3.82,2700
725,16,2019-01-10 14:00:00,3.82,3.8208,3.82,3.82,6036
726,15,2019-01-10 14:30:00,3.83,3.83,3.81,3.82,1919
727,14,2019-01-10 15:00:00,3.82,3.82,3.81,3.81,1100
728,13,2019-01-10 15:30:00,3.81,3.81,3.805,3.81,1340
729,12,2019-01-10 16:00:00,3.81,3.86,3.8,3.86,9633
730,11,2019-01-11 10:00:00,3.86,3.86,3.86,3.86,1400
731,10,2019-01-11 10:30:00,3.86,3.86,3.81,3.81,2000
732,9,2019-01-11 11:00:00,3.86,3.87,3.8554,3.86,1100
733,8,2019-01-11 11:30:00,3.87,3.87,3.7,3.7,45894
734,7,2019-01-11 12:00:00,3.6919999999999997,3.78,3.66,3.74,6514
735,6,2019-01-11 12:30:00,3.74,3.77,3.7,3.74,4014
736,5,2019-01-11 13:30:00,3.73,3.78,3.73,3.78,5400
737,4,2019-01-11 14:00:00,3.79,3.86,3.79,3.86,1266
738,3,2019-01-11 15:00:00,3.87,3.89,3.87,3.89,3080
739,2,2019-01-11 15:30:00,3.895,3.9,3.895,3.9,6740
740,1,2019-01-11 16:00:00,3.85,3.95,3.79,3.95,14734
741,0,2019-01-11 16:30:00,3.81,3.81,3.81,3.81,15559
742,265,2019-01-14 10:00:00,3.84,3.84,3.84,3.84,300
743,264,2019-01-14 10:30:00,3.92,3.94,3.87,3.89,1501
744,263,2019-01-14 11:00:00,3.89,3.94,3.89,3.94,3480
745,262,2019-01-14 11:30:00,3.94,3.96,3.92,3.9379,4540
746,261,2019-01-14 12:00:00,3.95,3.96,3.92,3.95,1740
747,260,2019-01-14 12:30:00,3.95,3.95,3.91,3.91,3554
748,259,2019-01-14 13:00:00,3.9,3.9,3.84,3.87,1800
749,258,2019-01-14 13:30:00,3.87,3.92,3.84,3.92,1529
750,257,2019-01-14 14:00:00,3.93,3.93,3.86,3.91,1900
751,256,2019-01-14 14:30:00,3.92,3.92,3.82,3.84,4381
752,255,2019-01-14 15:00:00,3.83,3.84,3.82,3.82,700
753,254,2019-01-14 15:30:00,3.82,3.92,3.81,3.9,3880
754,253,2019-01-14 16:00:00,3.83,3.83,3.67,3.67,2496
755,252,2019-01-14 16:30:00,3.97,3.97,3.97,3.97,200
756,251,2019-01-15 10:00:00,3.71,3.9,3.71,3.77,3070
757,250,2019-01-15 11:00:00,3.79,3.84,3.75,3.84,16667
758,249,2019-01-15 11:30:00,3.84,3.85,3.81,3.81,2183
759,248,2019-01-15 12:00:00,3.81,3.82,3.79,3.79,2685
760,247,2019-01-15 12:30:00,3.79,3.82,3.79,3.8,1723
761,246,2019-01-15 13:30:00,3.82,3.82,3.82,3.82,475
762,245,2019-01-15 14:00:00,3.83,3.83,3.82,3.82,836
763,244,2019-01-15 14:30:00,3.82,3.82,3.82,3.82,583
764,243,2019-01-15 15:00:00,3.82,3.82,3.805,3.805,948
765,242,2019-01-15 15:30:00,3.83,3.85,3.83,3.85,5936
766,241,2019-01-15 16:00:00,3.86,3.86,3.76,3.86,2236
767,240,2019-01-16 10:00:00,3.87,3.87,3.8,3.82,4191
768,239,2019-01-16 11:00:00,3.83,3.84,3.83,3.84,3561
769,238,2019-01-16 12:00:00,3.85,3.86,3.85,3.86,2546
770,237,2019-01-16 13:00:00,3.88,3.88,3.87,3.88,942
771,236,2019-01-16 13:30:00,3.88,3.88,3.88,3.88,100
772,235,2019-01-16 14:30:00,3.89,3.89,3.89,3.89,340
773,234,2019-01-16 15:30:00,3.9,3.91,3.9,3.91,632
774,233,2019-01-16 16:00:00,3.91,3.95,3.88,3.95,3516
775,232,2019-01-17 10:00:00,3.95,3.95,3.95,3.95,300
776,231,2019-01-17 10:30:00,3.95,3.96,3.95,3.96,8568
777,230,2019-01-17 11:00:00,3.96,3.96,3.9501,3.9579,1100
778,229,2019-01-17 11:30:00,3.95,3.9533,3.9210000000000003,3.94,1845
779,228,2019-01-17 12:00:00,3.93,3.95,3.93,3.95,200
780,227,2019-01-17 12:30:00,3.95,3.95,3.93,3.93,200
781,226,2019-01-17 13:30:00,3.94,3.96,3.94,3.96,400
782,225,2019-01-17 15:00:00,3.96,3.97,3.95,3.97,5062
783,224,2019-01-17 15:30:00,3.97,3.99,3.97,3.99,11821
784,223,2019-01-17 16:00:00,4.0,4.0,3.97,4.0,2109
785,222,2019-01-18 09:30:00,4.02,4.02,4.02,4.02,100
786,221,2019-01-18 10:00:00,3.98,4.08,3.98,4.08,7007
787,220,2019-01-18 10:30:00,4.13,4.23,4.095,4.19,9182
788,219,2019-01-18 11:00:00,4.19,4.1931,4.19,4.19,3328
789,218,2019-01-18 11:30:00,4.2,4.25,4.2,4.2,12398
790,217,2019-01-18 12:00:00,4.2,4.2167,4.16,4.16,2915
791,216,2019-01-18 12:30:00,4.16,4.2,4.16,4.2,2240
792,215,2019-01-18 13:00:00,4.2,4.2,4.16,4.16,1521
793,214,2019-01-18 13:30:00,4.17,4.2,4.17,4.19,712
794,213,2019-01-18 14:00:00,4.19,4.2,4.19,4.2,1500
795,212,2019-01-18 14:30:00,4.19,4.19,4.19,4.19,1623
796,211,2019-01-18 15:00:00,4.17,4.17,4.17,4.17,2785
797,210,2019-01-18 15:30:00,4.16,4.17,4.16,4.17,728
798,209,2019-01-18 16:00:00,4.19,4.3,4.14,4.25,8549
799,208,2019-01-18 16:30:00,4.3,4.3,4.3,4.3,1000
800,207,2019-01-22 09:00:00,4.28,4.28,4.28,4.28,100
801,206,2019-01-22 09:30:00,4.28,4.28,4.28,4.28,100
802,205,2019-01-22 10:00:00,4.19,4.3,4.17,4.29,3719
803,204,2019-01-22 10:30:00,4.29,4.3801,4.29,4.3801,6736
804,203,2019-01-22 11:00:00,4.38,4.3831,4.19,4.19,8400
805,202,2019-01-22 11:30:00,4.19,4.21,4.19,4.2,1000
806,201,2019-01-22 12:00:00,4.2,4.23,4.2,4.2,901
807,200,2019-01-22 12:30:00,4.2,4.2969,4.2,4.28,4067
808,199,2019-01-22 13:00:00,4.14,4.17,4.14,4.17,1000
809,198,2019-01-22 13:30:00,4.17,4.22,4.17,4.22,1045
810,197,2019-01-22 14:00:00,4.22,4.23,4.22,4.23,1245
811,196,2019-01-22 14:30:00,4.28,4.28,4.12,4.19,2900
812,195,2019-01-22 15:00:00,4.21,4.26,4.19,4.26,1300
813,194,2019-01-22 15:30:00,4.26,4.29,4.26,4.28,2700
814,193,2019-01-22 16:00:00,4.28,4.3489,4.2,4.23,5108
815,192,2019-01-22 19:00:00,4.4,4.4,4.4,4.4,100
816,191,2019-01-23 09:30:00,4.5,4.5,4.5,4.5,300
817,190,2019-01-23 10:30:00,4.3349,4.34,4.31,4.34,3428
818,189,2019-01-23 11:00:00,4.33,4.4187,4.31,4.4187,2709
819,188,2019-01-23 11:30:00,4.45,4.45,4.45,4.45,900
820,187,2019-01-23 12:00:00,4.48,4.48,4.47,4.47,876
821,186,2019-01-23 13:00:00,4.4727,4.52,4.46,4.52,9680
822,185,2019-01-23 13:30:00,4.44,4.47,4.44,4.47,200
823,184,2019-01-23 14:30:00,4.5,4.5,4.49,4.49,1656
824,183,2019-01-23 15:00:00,4.49,4.49,4.49,4.49,400
825,182,2019-01-23 15:30:00,4.49,4.52,4.49,4.52,3951
826,181,2019-01-23 16:00:00,4.47,4.6,4.47,4.6,6125
827,180,2019-01-24 10:00:00,4.68,5.19,4.46,5.17,10313
828,179,2019-01-24 10:30:00,5.15,5.17,5.06,5.06,2995
829,178,2019-01-24 11:00:00,5.0068,5.0889999999999995,4.92,4.92,6931
830,177,2019-01-24 11:30:00,4.92,4.93,4.9,4.9,1889
831,176,2019-01-24 12:00:00,4.88,4.88,4.87,4.87,2100
832,175,2019-01-24 12:30:00,4.88,4.88,4.88,4.88,901
833,174,2019-01-24 13:00:00,4.88,4.9927,4.88,4.91,4137
834,173,2019-01-24 13:30:00,4.91,5.0,4.91,5.0,2200
835,172,2019-01-24 14:00:00,5.0,5.0799,5.0,5.01,2200
836,171,2019-01-24 14:30:00,5.01,5.0549,5.01,5.04,1110
837,170,2019-01-24 15:00:00,5.04,5.09,5.04,5.06,2800
838,169,2019-01-24 15:30:00,5.06,5.0961,5.0,5.09,3663
839,168,2019-01-24 16:00:00,5.1,5.17,5.08,5.17,7998
840,167,2019-01-25 10:00:00,5.2,5.45,5.2,5.45,4247
841,166,2019-01-25 10:30:00,5.46,5.5,5.45,5.46,11032
842,165,2019-01-25 11:00:00,5.5,5.5,5.46,5.5,400
843,164,2019-01-25 11:30:00,5.5,5.5,5.5,5.5,100
844,163,2019-01-25 12:00:00,5.48,5.48,5.41,5.41,6832
845,162,2019-01-25 12:30:00,5.4476,5.48,5.44,5.48,4100
846,161,2019-01-25 13:00:00,5.47,5.47,5.47,5.47,500
847,160,2019-01-25 13:30:00,5.48,5.48,5.48,5.48,1100
848,159,2019-01-25 14:00:00,5.47,5.47,5.45,5.47,3427
849,158,2019-01-25 14:30:00,5.41,5.41,5.41,5.41,100
850,157,2019-01-25 15:00:00,5.44,5.49,5.44,5.48,3718
851,156,2019-01-25 15:30:00,5.45,5.48,5.45,5.48,938
852,155,2019-01-25 16:00:00,5.48,5.48,5.435,5.46,2687
853,154,2019-01-25 16:30:00,5.4,5.4,5.4,5.4,200
854,153,2019-01-28 07:30:00,5.47,5.47,5.47,5.47,200
855,152,2019-01-28 10:00:00,5.4,5.47,5.4,5.46,1304
856,151,2019-01-28 10:30:00,5.45,5.45,5.3101,5.3101,6240
857,150,2019-01-28 11:00:00,5.3301,5.35,5.33,5.33,2617
858,149,2019-01-28 11:30:00,5.305,5.31,5.22,5.22,4399
859,148,2019-01-28 12:00:00,5.22,5.22,5.22,5.22,645
860,147,2019-01-28 12:30:00,5.22,5.27,5.21,5.27,1875
861,146,2019-01-28 14:00:00,5.34,5.35,5.34,5.35,1100
862,145,2019-01-28 15:00:00,5.44,5.48,5.43,5.48,4298
863,144,2019-01-28 15:30:00,5.55,5.58,5.55,5.57,730
864,143,2019-01-28 16:00:00,5.52,5.6,5.52,5.6,3895
865,142,2019-01-29 10:00:00,5.48,5.61,5.34,5.59,3399
866,141,2019-01-29 10:30:00,5.5,5.7,5.4,5.5,4250
867,140,2019-01-29 11:00:00,5.52,5.6246,5.5,5.525,6573
868,139,2019-01-29 11:30:00,5.52,5.52,5.52,5.52,200
869,138,2019-01-29 12:00:00,5.49,5.49,5.49,5.49,1500
870,137,2019-01-29 12:30:00,5.49,5.49,5.49,5.49,800
871,136,2019-01-29 13:00:00,5.49,5.49,5.49,5.49,700
872,135,2019-01-29 13:30:00,5.4768,5.49,5.4768,5.49,700
873,134,2019-01-29 14:00:00,5.49,5.49,5.49,5.49,1340
874,133,2019-01-29 14:30:00,5.49,5.492000000000001,5.49,5.492000000000001,1751
875,132,2019-01-29 15:00:00,5.5,5.5,5.4915,5.4915,712
876,131,2019-01-29 15:30:00,5.5,5.5,5.5,5.5,1492
877,130,2019-01-29 16:00:00,5.5,5.5,5.45,5.5,757
878,129,2019-01-29 16:30:00,5.5,5.5,5.5,5.5,800
879,128,2019-01-30 09:30:00,5.6,5.6,5.6,5.6,500
880,127,2019-01-30 10:00:00,5.4,5.51,5.4,5.51,1059
881,126,2019-01-30 10:30:00,5.51,5.51,5.49,5.49,2296
882,125,2019-01-30 11:00:00,5.48,5.5,5.48,5.4902,1656
883,124,2019-01-30 11:30:00,5.49,5.53,5.49,5.53,5019
884,123,2019-01-30 12:00:00,5.51,5.52,5.45,5.485,1171
885,122,2019-01-30 12:30:00,5.49,5.49,5.44,5.44,1414
886,121,2019-01-30 13:00:00,5.44,5.45,5.3,5.3,5853
887,120,2019-01-30 13:30:00,5.3,5.37,5.1,5.14,8915
888,119,2019-01-30 14:00:00,5.2989,5.34,5.16,5.22,2270
889,118,2019-01-30 14:30:00,5.34,5.4,5.22,5.4,9680
890,117,2019-01-30 15:00:00,5.49,5.49,5.48,5.48,1502
891,116,2019-01-30 15:30:00,5.48,5.48,5.29,5.29,1100
892,115,2019-01-30 16:00:00,5.29,5.44,5.25,5.35,5694
893,114,2019-01-30 16:30:00,5.55,5.55,5.55,5.55,500
894,113,2019-01-31 10:00:00,5.11,5.4389,5.0918,5.4389,2281
895,112,2019-01-31 10:30:00,5.43,5.44,5.43,5.44,1157
896,111,2019-01-31 11:00:00,5.46,5.49,5.46,5.48,763
897,110,2019-01-31 11:30:00,5.49,5.5,5.46,5.46,5217
898,109,2019-01-31 12:00:00,5.46,5.46,5.33,5.38,2415
899,108,2019-01-31 12:30:00,5.4632,5.4632,5.21,5.22,1150
900,107,2019-01-31 13:00:00,5.2461,5.2461,5.22,5.23,1300
901,106,2019-01-31 13:30:00,5.23,5.27,5.23,5.24,1012
902,105,2019-01-31 14:00:00,5.24,5.24,5.24,5.24,700
903,104,2019-01-31 14:30:00,5.24,5.24,5.24,5.24,700
904,103,2019-01-31 15:00:00,5.27,5.29,5.27,5.29,900
905,102,2019-01-31 15:30:00,5.29,5.34,5.29,5.3,2303
906,101,2019-01-31 16:00:00,5.35,5.5,5.29,5.5,10085
907,100,2019-01-31 16:30:00,5.7,5.7,5.5,5.5,1000
908,99,2019-02-01 09:30:00,5.6,5.6,5.6,5.6,900
909,98,2019-02-01 10:30:00,5.51,5.51,5.51,5.51,100
910,97,2019-02-01 11:00:00,5.51,5.51,5.51,5.51,100
911,96,2019-02-01 11:30:00,5.51,5.51,5.51,5.51,100
912,95,2019-02-01 12:00:00,5.49,5.502000000000001,5.49,5.502000000000001,902
913,94,2019-02-01 12:30:00,5.55,5.55,5.5101,5.52,3277
914,93,2019-02-01 13:00:00,5.52,5.52,5.52,5.52,157
915,92,2019-02-01 13:30:00,5.55,5.55,5.53,5.53,500
916,91,2019-02-01 14:30:00,5.54,5.54,5.37,5.37,1940
917,90,2019-02-01 15:30:00,5.385,5.4,5.37,5.4,1086
918,89,2019-02-01 16:00:00,5.4196,5.45,5.4196,5.45,1482
919,88,2019-02-04 10:00:00,5.54,5.54,5.4471,5.51,1383
920,87,2019-02-04 10:30:00,5.5,5.5,5.5,5.5,100
921,86,2019-02-04 11:00:00,5.53,5.59,5.4672,5.5,2001
922,85,2019-02-04 11:30:00,5.5,5.52,5.5,5.52,1002
923,84,2019-02-04 12:00:00,5.52,5.52,5.445,5.445,900
924,83,2019-02-04 12:30:00,5.4524,5.4524,5.4288,5.43,3425
925,82,2019-02-04 13:00:00,5.43,5.43,5.43,5.43,999
926,81,2019-02-04 13:30:00,5.44,5.44,5.44,5.44,210
927,80,2019-02-04 14:00:00,5.45,5.5,5.45,5.46,4728
928,79,2019-02-04 14:30:00,5.4512,5.4512,5.34,5.34,2402
929,78,2019-02-04 15:00:00,5.4,5.46,5.4,5.46,1200
930,77,2019-02-04 15:30:00,5.46,5.47,5.3366,5.47,3483
931,76,2019-02-04 16:00:00,5.31,5.5289,5.31,5.4989,3149
932,75,2019-02-05 10:00:00,5.44,5.56,5.44,5.5,2400
933,74,2019-02-05 10:30:00,5.4,5.43,5.4,5.43,800
934,73,2019-02-05 11:00:00,5.4,5.48,5.4,5.47,2700
935,72,2019-02-05 11:30:00,5.47,5.47,5.405,5.405,900
936,71,2019-02-05 12:00:00,5.48,5.48,5.48,5.48,700
937,70,2019-02-05 12:30:00,5.47,5.47,5.47,5.47,100
938,69,2019-02-05 13:00:00,5.5,5.5,5.5,5.5,1100
939,68,2019-02-05 13:30:00,5.5,5.5,5.5,5.5,400
940,67,2019-02-05 14:00:00,5.5,5.5,5.5,5.5,1600
941,66,2019-02-05 14:30:00,5.5,5.5,5.5,5.5,400
942,65,2019-02-05 15:00:00,5.5,5.5,5.5,5.5,700
943,64,2019-02-05 15:30:00,5.5,5.5,5.5,5.5,600
944,63,2019-02-05 16:00:00,5.49,5.55,5.47,5.55,8812
945,62,2019-02-06 09:00:00,5.55,5.55,5.55,5.55,100
946,61,2019-02-06 10:00:00,5.55,5.55,5.43,5.43,1916
947,60,2019-02-06 10:30:00,5.43,5.43,5.3401,5.3964,2450
948,59,2019-02-06 11:00:00,5.4,5.45,5.39,5.45,2618
949,58,2019-02-06 11:30:00,5.4527,5.4689,5.45,5.46,1508
950,57,2019-02-06 12:00:00,5.47,5.5,5.47,5.5,2363
951,56,2019-02-06 12:30:00,5.5015,5.5015,5.5,5.5,623
952,55,2019-02-06 13:00:00,5.5,5.5,5.49,5.5,600
953,54,2019-02-06 13:30:00,5.5,5.5,5.5,5.5,200
954,53,2019-02-06 14:00:00,5.51,5.52,5.39,5.39,2443
955,52,2019-02-06 14:30:00,5.42,5.4624,5.42,5.44,1707
956,51,2019-02-06 15:00:00,5.41,5.46,5.41,5.46,623
957,50,2019-02-06 16:00:00,5.49,5.52,5.39,5.39,1324
958,49,2019-02-07 10:00:00,5.44,5.44,5.38,5.38,2531
959,48,2019-02-07 10:30:00,5.37,5.39,5.36,5.38,2611
960,47,2019-02-07 11:00:00,5.38,5.39,5.38,5.39,1316
961,46,2019-02-07 11:30:00,5.39,5.4,5.39,5.4,704
962,45,2019-02-07 12:00:00,5.4,5.4,5.4,5.4,812
963,44,2019-02-07 12:30:00,5.4027,5.405,5.39,5.395,2107
964,43,2019-02-07 13:00:00,5.41,5.41,5.41,5.41,200
965,42,2019-02-07 13:30:00,5.41,5.42,5.41,5.42,900
966,41,2019-02-07 14:00:00,5.42,5.42,5.42,5.42,300
967,40,2019-02-07 14:30:00,5.42,5.42,5.42,5.42,800
968,39,2019-02-07 15:00:00,5.42,5.42,5.42,5.42,1240
969,38,2019-02-07 16:00:00,5.42,5.43,5.28,5.43,4785
970,37,2019-02-08 10:00:00,5.4,5.4,5.31,5.31,2372
971,36,2019-02-08 10:30:00,5.35,5.37,5.33,5.37,3350
972,35,2019-02-08 11:00:00,5.37,5.37,5.37,5.37,200
973,34,2019-02-08 11:30:00,5.37,5.3725,5.32,5.3317,2620
974,33,2019-02-08 12:00:00,5.38,5.41,5.38,5.41,3838
975,32,2019-02-08 12:30:00,5.4,5.41,5.4,5.41,700
976,31,2019-02-08 13:00:00,5.41,5.41,5.41,5.41,1474
977,30,2019-02-08 13:30:00,5.42,5.4227,5.42,5.42,1478
978,29,2019-02-08 14:30:00,5.43,5.5,5.43,5.5,2553
979,28,2019-02-08 15:00:00,5.54,5.55,5.5,5.55,300
980,27,2019-02-08 15:30:00,5.55,5.55,5.55,5.55,1869
981,26,2019-02-08 16:00:00,5.49,5.53,5.49,5.53,553
982,25,2019-02-11 10:00:00,5.51,5.51,5.3265,5.3477,2433
983,24,2019-02-11 10:30:00,5.39,5.47,5.39,5.4565,3097
984,23,2019-02-11 11:00:00,5.4572,5.4572,5.39,5.39,3508
985,22,2019-02-11 11:30:00,5.46,5.47,5.4572,5.47,1300
986,21,2019-02-11 12:00:00,5.4673,5.47,5.4,5.47,1932
987,20,2019-02-11 12:30:00,5.47,5.49,5.47,5.49,3226
988,19,2019-02-11 13:00:00,5.47,5.5,5.47,5.47,621
989,18,2019-02-11 13:30:00,5.5,5.5,5.5,5.5,700
990,17,2019-02-11 14:00:00,5.5,5.5,5.5,5.5,300
991,16,2019-02-11 14:30:00,5.5,5.5,5.5,5.5,500
992,15,2019-02-11 15:00:00,5.5,5.5,5.5,5.5,1010
993,14,2019-02-11 15:30:00,5.481,5.481,5.48,5.48,900
994,13,2019-02-11 16:00:00,5.4,5.5,5.4,5.5,4680
995,12,2019-02-12 10:00:00,5.5,5.5,5.37,5.4207,1837
996,11,2019-02-12 10:30:00,5.48,5.48,5.46,5.47,600
997,10,2019-02-12 11:00:00,5.5,5.5,5.49,5.5,1100
998,9,2019-02-12 11:30:00,5.5,5.5,5.47,5.47,5300
999,8,2019-02-12 12:00:00,5.47,5.5,5.47,5.5,2500
1000,7,2019-02-12 12:30:00,5.49,5.5,5.36,5.5,3503
1001,6,2019-02-12 13:00:00,5.5,5.5,5.42,5.43,1200
1002,5,2019-02-12 13:30:00,5.43,5.45,5.38,5.39,1100
1003,4,2019-02-12 14:00:00,5.39,5.44,5.39,5.43,600
1004,3,2019-02-12 14:30:00,5.45,5.45,5.4,5.45,1703
1005,2,2019-02-12 15:00:00,5.43,5.47,5.38,5.4,671
1006,1,2019-02-12 15:30:00,5.4,5.41,5.33,5.33,1760
1007,0,2019-02-12 16:00:00,5.34,5.48,5.31,5.32,8724
1008,265,2019-02-13 10:30:00,5.317,5.41,5.317,5.41,5573
1009,264,2019-02-13 11:00:00,5.41,5.41,5.4,5.4,700
1010,263,2019-02-13 11:30:00,5.34,5.34,5.29,5.29,1820
1011,262,2019-02-13 12:00:00,5.31,5.31,5.3,5.3,200
1012,261,2019-02-13 12:30:00,5.3,5.39,5.3,5.33,1900
1013,260,2019-02-13 13:00:00,5.33,5.34,5.31,5.33,700
1014,259,2019-02-13 13:30:00,5.31,5.31,5.29,5.29,1365
1015,258,2019-02-13 14:00:00,5.29,5.345,5.29,5.29,500
1016,257,2019-02-13 14:30:00,5.29,5.29,5.29,5.29,800
1017,256,2019-02-13 15:00:00,5.33,5.38,5.29,5.37,1800
1018,255,2019-02-13 15:30:00,5.4,5.4,5.27,5.27,1700
1019,254,2019-02-13 16:00:00,5.25,5.3689,5.21,5.34,5805
1020,253,2019-02-14 10:00:00,5.27,5.3,5.27,5.3,1221
1021,252,2019-02-14 10:30:00,5.3,5.39,5.1758,5.39,600
1022,251,2019-02-14 11:00:00,5.36,5.36,5.19,5.22,1600
1023,250,2019-02-14 11:30:00,5.29,5.29,5.24,5.24,200
1024,249,2019-02-14 12:00:00,5.24,5.2427,5.24,5.24,1400
1025,248,2019-02-14 12:30:00,5.24,5.25,5.13,5.13,1700
1026,247,2019-02-14 13:00:00,5.13,5.2,5.08,5.08,1904
1027,246,2019-02-14 13:30:00,5.16,5.16,5.06,5.06,1170
1028,245,2019-02-14 14:00:00,5.15,5.15,5.06,5.1,1200
1029,244,2019-02-14 14:30:00,5.12,5.15,5.11,5.15,1400
1030,243,2019-02-14 15:00:00,5.15,5.15,5.01,5.01,6265
1031,242,2019-02-14 15:30:00,5.04,5.04,5.01,5.02,1400
1032,241,2019-02-14 16:00:00,5.02,5.13,5.01,5.01,4541
1033,240,2019-02-15 10:00:00,5.15,5.25,5.07,5.09,6176
1034,239,2019-02-15 10:30:00,5.08,5.08,5.06,5.06,601
1035,238,2019-02-15 11:00:00,5.06,5.07,5.05,5.07,1300
1036,237,2019-02-15 11:30:00,5.07,5.07,5.07,5.07,1234
1037,236,2019-02-15 12:00:00,5.08,5.09,5.08,5.09,600
1038,235,2019-02-15 12:30:00,5.09,5.099,5.05,5.07,1447
1039,234,2019-02-15 13:00:00,5.07,5.085,5.07,5.085,1000
1040,233,2019-02-15 14:00:00,5.09,5.095,5.09,5.09,1500
1041,232,2019-02-15 14:30:00,5.09,5.12,5.09,5.11,4600
1042,231,2019-02-15 15:00:00,5.15,5.23,5.15,5.23,2500
1043,230,2019-02-15 15:30:00,5.24,5.24,5.24,5.24,300
1044,229,2019-02-15 16:00:00,5.25,5.2975,5.25,5.26,2600
1045,228,2019-02-19 10:00:00,5.18,5.4,5.18,5.4,6614
1046,227,2019-02-19 10:30:00,5.4,5.4,5.17,5.17,1311
1047,226,2019-02-19 11:00:00,5.18,5.18,5.16,5.17,1300
1048,225,2019-02-19 11:30:00,5.17,5.17,5.08,5.1,1200
1049,224,2019-02-19 12:00:00,5.08,5.22,5.07,5.07,1000
1050,223,2019-02-19 12:30:00,5.08,5.09,5.07,5.07,2200
1051,222,2019-02-19 13:00:00,5.06,5.06,5.01,5.02,1280
1052,221,2019-02-19 13:30:00,5.01,5.07,5.01,5.02,1700
1053,220,2019-02-19 14:00:00,5.04,5.15,5.04,5.05,700
1054,219,2019-02-19 14:30:00,5.07,5.085,5.02,5.03,2230
1055,218,2019-02-19 15:00:00,5.04,5.07,5.02,5.03,1200
1056,217,2019-02-19 15:30:00,5.03,5.14,5.02,5.02,1400
1057,216,2019-02-19 16:00:00,5.02,5.05,5.0,5.0,5105
1058,215,2019-02-20 10:00:00,4.97,5.17,4.97,5.1512,9245
1059,214,2019-02-20 11:00:00,5.18,5.18,5.18,5.18,100
1060,213,2019-02-20 11:30:00,5.16,5.16,5.16,5.16,100
1061,212,2019-02-20 12:30:00,5.14,5.16,5.14,5.14,300
1062,211,2019-02-20 13:00:00,5.16,5.16,5.16,5.16,100
1063,210,2019-02-20 14:00:00,5.14,5.15,5.14,5.15,200
1064,209,2019-02-20 14:30:00,5.14,5.15,5.14,5.15,250
1065,208,2019-02-20 15:00:00,5.15,5.15,5.15,5.15,100
1066,207,2019-02-20 15:30:00,5.07,5.08,5.07,5.08,400
1067,206,2019-02-20 16:00:00,5.15,5.15,5.14,5.15,400
1068,205,2019-02-21 10:00:00,5.0317,5.0324,5.01,5.0324,2520
1069,204,2019-02-21 10:30:00,5.0501,5.19,5.0501,5.15,9112
1070,203,2019-02-21 11:30:00,5.05,5.15,5.05,5.14,1100
1071,202,2019-02-21 12:00:00,5.12,5.18,5.12,5.18,2310
1072,201,2019-02-21 12:30:00,5.17,5.17,5.17,5.17,100
1073,200,2019-02-21 13:00:00,5.17,5.17,5.17,5.17,200
1074,199,2019-02-21 13:30:00,5.17,5.17,5.17,5.17,200
1075,198,2019-02-21 14:00:00,5.19,5.19,5.19,5.19,117
1076,197,2019-02-21 14:30:00,5.2,5.2,5.2,5.2,300
1077,196,2019-02-21 15:00:00,5.1601,5.2,5.1601,5.2,300
1078,195,2019-02-21 15:30:00,5.2,5.2,5.2,5.2,400
1079,194,2019-02-21 16:00:00,5.22,5.25,5.1941,5.25,1239
1080,193,2019-02-22 10:00:00,5.39,5.47,5.1,5.25,17372
1081,192,2019-02-22 10:30:00,5.19,5.2,5.15,5.15,1200
1082,191,2019-02-22 11:00:00,5.09,5.15,5.09,5.121,1200
1083,190,2019-02-22 11:30:00,5.1324,5.15,5.0541,5.15,4200
1084,189,2019-02-22 12:00:00,5.15,5.15,5.15,5.15,300
1085,188,2019-02-22 12:30:00,5.031000000000001,5.04,4.91,4.92,12962
1086,187,2019-02-22 13:00:00,4.91,4.97,4.91,4.96,1425
1087,186,2019-02-22 13:30:00,4.8855,5.0,4.8855,5.0,200
1088,185,2019-02-22 14:00:00,4.91,4.91,4.9,4.9,630
1089,184,2019-02-22 14:30:00,4.9875,5.0,4.8843,5.0,1600
1090,183,2019-02-22 15:00:00,5.0,5.0,5.0,5.0,200
1091,182,2019-02-22 15:30:00,4.9,4.9,4.885,4.9,1400
1092,181,2019-02-22 16:00:00,4.88,4.99,4.88,4.99,4769
1093,180,2019-02-25 10:00:00,4.9,5.15,4.5,4.76,35747
1094,179,2019-02-25 10:30:00,4.8473,4.8773,4.76,4.8081,5904
1095,178,2019-02-25 11:00:00,4.81,4.81,4.8,4.8,1110
1096,177,2019-02-25 11:30:00,4.8,4.8,3.7901,3.7901,33839
1097,176,2019-02-25 12:00:00,3.73,4.0,3.56,3.65,95018
1098,175,2019-02-25 12:30:00,3.64,4.2,3.64,3.89,137852
1099,174,2019-02-25 13:00:00,3.87,3.97,3.87,3.935,16093
1100,173,2019-02-25 13:30:00,3.92,3.97,3.88,3.89,8811
1101,172,2019-02-25 14:00:00,3.89,4.03,3.89,3.94,10266
1102,171,2019-02-25 14:30:00,3.94,4.015,3.88,3.93,9321
1103,170,2019-02-25 15:00:00,3.85,3.94,3.85,3.93,15454
1104,169,2019-02-25 15:30:00,3.93,4.13,3.85,4.1,19963
1105,168,2019-02-25 16:00:00,4.1,4.106,3.96,4.05,12912
1106,167,2019-02-26 09:30:00,3.94,3.94,3.94,3.94,246
1107,166,2019-02-26 10:00:00,3.95,4.24,3.95,4.24,22928
1108,165,2019-02-26 10:30:00,4.235,4.39,4.17,4.25,13400
1109,164,2019-02-26 11:00:00,4.261,4.34,4.21,4.21,3574
1110,163,2019-02-26 11:30:00,4.335,4.335,4.18,4.2301,4415
1111,162,2019-02-26 12:00:00,4.25,4.35,4.25,4.35,3290
1112,161,2019-02-26 12:30:00,4.3,4.31,4.2211,4.31,1616
1113,160,2019-02-26 13:00:00,4.31,4.31,4.2,4.3,676
1114,159,2019-02-26 13:30:00,4.33,4.33,4.23,4.29,4445
1115,158,2019-02-26 14:00:00,4.29,4.34,4.2,4.33,3177
1116,157,2019-02-26 14:30:00,4.34,4.34,4.24,4.31,7800
1117,156,2019-02-26 15:00:00,4.31,4.31,4.22,4.3,3004
1118,155,2019-02-26 15:30:00,4.28,4.34,4.27,4.27,4300
1119,154,2019-02-26 16:00:00,4.3,4.33,4.18,4.19,7027
1120,153,2019-02-27 10:00:00,4.17,4.3,4.17,4.3,3405
1121,152,2019-02-27 10:30:00,4.29,4.29,4.22,4.24,3041
1122,151,2019-02-27 11:00:00,4.24,4.26,4.19,4.26,2612
1123,150,2019-02-27 11:30:00,4.26,4.26,4.14,4.2,1516
1124,149,2019-02-27 12:00:00,4.2427,4.28,4.19,4.19,3800
1125,148,2019-02-27 12:30:00,4.215,4.25,4.165,4.25,2100
1126,147,2019-02-27 13:00:00,4.17,4.27,4.17,4.25,1500
1127,146,2019-02-27 13:30:00,4.2,4.28,4.19,4.275,3800
1128,145,2019-02-27 14:00:00,4.29,4.31,4.27,4.31,1800
1129,144,2019-02-27 14:30:00,4.31,4.31,4.21,4.26,1154
1130,143,2019-02-27 15:00:00,4.25,4.25,4.22,4.23,2300
1131,142,2019-02-27 15:30:00,4.23,4.23,4.17,4.23,800
1132,141,2019-02-27 16:00:00,4.23,4.25,4.17,4.17,1672
1133,140,2019-02-28 10:00:00,4.28,4.36,4.28,4.36,2336
1134,139,2019-02-28 10:30:00,4.415,4.415,4.2872,4.35,3400
1135,138,2019-02-28 11:00:00,4.35,4.38,4.35,4.36,1300
1136,137,2019-02-28 11:30:00,4.36,4.36,4.35,4.35,700
1137,136,2019-02-28 12:00:00,4.35,4.36,4.34,4.36,1440
1138,135,2019-02-28 12:30:00,4.36,4.36,4.22,4.23,3230
1139,134,2019-02-28 13:00:00,4.31,4.36,4.31,4.36,400
1140,133,2019-02-28 13:30:00,4.36,4.36,4.36,4.36,500
1141,132,2019-02-28 14:00:00,4.36,4.36,4.32,4.36,800
1142,131,2019-02-28 14:30:00,4.36,4.36,4.34,4.34,1860
1143,130,2019-02-28 15:00:00,4.345,4.35,4.28,4.34,5900
1144,129,2019-02-28 15:30:00,4.3286,4.3286,4.275,4.275,600
1145,128,2019-02-28 16:00:00,4.31,4.4,4.29,4.31,6418
1146,127,2019-02-28 16:30:00,4.35,4.35,4.35,4.35,2500
1147,126,2019-03-01 10:00:00,4.42,4.48,4.33,4.38,3400
1148,125,2019-03-01 10:30:00,4.38,4.43,4.3,4.37,8262
1149,124,2019-03-01 11:00:00,4.38,4.38,4.37,4.38,700
1150,123,2019-03-01 11:30:00,4.3869,4.3869,4.3,4.35,5380
1151,122,2019-03-01 12:00:00,4.34,4.34,4.33,4.34,600
1152,121,2019-03-01 12:30:00,4.34,4.34,4.2117,4.24,3513
1153,120,2019-03-01 13:00:00,4.25,4.26,4.25,4.25,1450
1154,119,2019-03-01 13:30:00,4.25,4.25,4.2,4.24,1200
1155,118,2019-03-01 14:00:00,4.215,4.22,4.14,4.17,10706
1156,117,2019-03-01 14:30:00,4.19,4.19,4.19,4.19,100
1157,116,2019-03-01 15:00:00,4.22,4.22,4.02,4.07,14817
1158,115,2019-03-01 15:30:00,4.06,4.17,4.02,4.06,18961
1159,114,2019-03-01 16:00:00,4.04,4.16,3.92,4.0,20002
1160,113,2019-03-01 18:00:00,4.1,4.1,4.1,4.1,400
1161,112,2019-03-04 09:30:00,4.0,4.0,4.0,4.0,500
1162,111,2019-03-04 10:00:00,4.02,4.27,4.0,4.1425,49825
1163,110,2019-03-04 10:30:00,4.18,4.24,4.18,4.22,3100
1164,109,2019-03-04 11:00:00,4.2227,4.25,4.14,4.24,6038
1165,108,2019-03-04 11:30:00,4.23,4.2389,4.19,4.19,3270
1166,107,2019-03-04 12:00:00,4.19,4.19,4.18,4.18,2327
1167,106,2019-03-04 12:30:00,4.13,4.13,4.12,4.12,1259
1168,105,2019-03-04 13:00:00,4.12,4.12,4.1,4.1,2100
1169,104,2019-03-04 13:30:00,4.15,4.15,4.11,4.12,1265
1170,103,2019-03-04 14:00:00,4.15,4.15,4.15,4.15,400
1171,102,2019-03-04 14:30:00,4.15,4.18,4.15,4.18,1973
1172,101,2019-03-04 15:00:00,4.18,4.2,4.17,4.2,1687
1173,100,2019-03-04 15:30:00,4.2,4.2,4.17,4.18,2413
1174,99,2019-03-04 16:00:00,4.17,4.2,4.16,4.17,4050
1175,98,2019-03-05 10:00:00,4.24,4.25,4.13,4.21,11598
1176,97,2019-03-05 10:30:00,4.1238,4.25,4.12,4.25,3207
1177,96,2019-03-05 11:00:00,4.24,4.25,4.21,4.21,3512
1178,95,2019-03-05 11:30:00,4.2459,4.26,4.21,4.2354,14860
1179,94,2019-03-05 12:00:00,4.24,4.24,4.24,4.24,800
1180,93,2019-03-05 12:30:00,4.22,4.2246,4.22,4.2246,300
1181,92,2019-03-05 13:00:00,4.22,4.24,4.22,4.24,903
1182,91,2019-03-05 13:30:00,4.25,4.25,4.25,4.25,4235
1183,90,2019-03-05 14:30:00,4.24,4.24,4.24,4.24,100
1184,89,2019-03-05 15:00:00,4.24,4.32,4.24,4.32,8496
1185,88,2019-03-05 15:30:00,4.32,4.38,4.32,4.38,4604
1186,87,2019-03-05 16:00:00,4.38,4.45,4.2601,4.32,11200
1187,86,2019-03-06 10:00:00,4.21,4.32,4.2,4.25,13400
1188,85,2019-03-06 10:30:00,4.25,4.27,4.23,4.27,1200
1189,84,2019-03-06 11:00:00,4.27,4.33,4.27,4.31,3650
1190,83,2019-03-06 11:30:00,4.3,4.3,4.25,4.28,600
1191,82,2019-03-06 12:00:00,4.28,4.3,4.27,4.27,2700
1192,81,2019-03-06 12:30:00,4.25,4.25,4.18,4.19,3000
1193,80,2019-03-06 13:00:00,4.22,4.25,4.22,4.25,200
1194,79,2019-03-06 13:30:00,4.29,4.3,4.29,4.3,1201
1195,78,2019-03-06 14:00:00,4.315,4.32,4.24,4.24,3300
1196,77,2019-03-06 14:30:00,4.31,4.31,4.31,4.31,200
1197,76,2019-03-06 15:30:00,4.33,4.33,4.33,4.33,600
1198,75,2019-03-06 16:00:00,4.35,4.35,4.275,4.29,1433
1199,74,2019-03-07 10:00:00,4.41,4.41,4.3001,4.31,5700
1200,73,2019-03-07 10:30:00,4.41,4.41,4.3112,4.3112,2100
1201,72,2019-03-07 11:00:00,4.32,4.45,4.32,4.39,4369
1202,71,2019-03-07 11:30:00,4.44,4.45,4.39,4.42,2230
1203,70,2019-03-07 12:00:00,4.42,4.42,4.33,4.39,7300
1204,69,2019-03-07 12:30:00,4.39,4.43,4.39,4.43,900
1205,68,2019-03-07 13:00:00,4.43,4.43,4.41,4.41,300
1206,67,2019-03-07 14:00:00,4.42,4.43,4.42,4.43,3600
1207,66,2019-03-07 14:30:00,4.42,4.43,4.36,4.36,5068
1208,65,2019-03-07 15:00:00,4.43,4.44,4.43,4.44,1432
1209,64,2019-03-07 15:30:00,4.45,4.45,4.34,4.4132,2500
1210,63,2019-03-07 16:00:00,4.45,4.45,4.31,4.31,3237
1211,62,2019-03-07 16:30:00,4.39,4.39,4.39,4.39,5360
1212,61,2019-03-08 10:00:00,4.37,4.37,4.28,4.28,1805
1213,60,2019-03-08 10:30:00,4.21,4.36,4.19,4.28,10152
1214,59,2019-03-08 11:00:00,4.3443,4.3443,4.22,4.3,17128
1215,58,2019-03-08 11:30:00,4.29,4.316,4.29,4.29,2375
1216,57,2019-03-08 12:00:00,4.26,4.27,4.17,4.24,6777
1217,56,2019-03-08 12:30:00,4.26,4.26,4.17,4.18,3700
1218,55,2019-03-08 13:00:00,4.2,4.215,4.15,4.15,1100
1219,54,2019-03-08 13:30:00,4.15,4.17,4.135,4.14,3600
1220,53,2019-03-08 14:00:00,4.135,4.135,4.08,4.08,1595
1221,52,2019-03-08 14:30:00,4.09,4.15,4.09,4.1,900
1222,51,2019-03-08 15:00:00,4.1,4.15,4.08,4.08,1400
1223,50,2019-03-08 15:30:00,4.08,4.21,4.08,4.21,6086
1224,49,2019-03-08 16:00:00,4.21,4.21,4.11,4.1973,8506
1225,48,2019-03-11 10:00:00,4.03,4.24,4.03,4.22,10755
1226,47,2019-03-11 10:30:00,4.2,4.23,4.12,4.12,1348
1227,46,2019-03-11 11:00:00,4.18,4.215,4.1582,4.1582,3413
1228,45,2019-03-11 11:30:00,4.18,4.2,4.18,4.2,2100
1229,44,2019-03-11 12:00:00,4.23,4.23,4.15,4.15,200
1230,43,2019-03-11 12:30:00,4.23,4.24,4.23,4.24,3100
1231,42,2019-03-11 13:00:00,4.15,4.24,4.15,4.22,3180
1232,41,2019-03-11 13:30:00,4.23,4.24,4.21,4.23,3800
1233,40,2019-03-11 14:00:00,4.22,4.23,4.22,4.23,1300
1234,39,2019-03-11 14:30:00,4.23,4.23,4.225,4.23,2600
1235,38,2019-03-11 15:00:00,4.23,4.23,4.23,4.23,1376
1236,37,2019-03-11 15:30:00,4.2424,4.3,4.24,4.3,2240
1237,36,2019-03-11 16:00:00,4.3,4.3,4.21,4.21,1510
1238,35,2019-03-12 10:00:00,4.13,4.21,4.13,4.21,784
1239,34,2019-03-12 10:30:00,4.22,4.3403,4.22,4.3403,2200
1240,33,2019-03-12 11:00:00,4.34,4.34,4.25,4.25,6055
1241,32,2019-03-12 11:30:00,4.28,4.29,4.28,4.29,2122
1242,31,2019-03-12 12:00:00,4.29,4.29,4.23,4.23,2734
1243,30,2019-03-12 12:30:00,4.24,4.25,4.24,4.24,1295
1244,29,2019-03-12 13:00:00,4.24,4.25,4.235,4.235,600
1245,28,2019-03-12 13:30:00,4.24,4.25,4.24,4.25,10497
1246,27,2019-03-12 14:00:00,4.25,4.25,4.25,4.25,700
1247,26,2019-03-12 14:30:00,4.25,4.25,4.22,4.22,4350
1248,25,2019-03-12 15:30:00,4.23,4.25,4.23,4.25,2300
1249,24,2019-03-12 16:00:00,4.249,4.27,4.22,4.27,887
1250,23,2019-03-13 11:00:00,4.2224,4.3,4.2224,4.26,2900
1251,22,2019-03-13 11:30:00,4.27,4.37,4.27,4.35,5862
1252,21,2019-03-13 12:00:00,4.37,4.3727,4.37,4.37,1986
1253,20,2019-03-13 12:30:00,4.38,4.43,4.38,4.43,3961
1254,19,2019-03-13 13:00:00,4.42,4.57,4.42,4.53,9344
1255,18,2019-03-13 13:30:00,4.53,4.53,4.51,4.51,1800
1256,17,2019-03-13 14:00:00,4.55,4.55,4.52,4.52,1200
1257,16,2019-03-13 14:30:00,4.54,4.56,4.5,4.5,3488
1258,15,2019-03-13 15:00:00,4.5,4.51,4.5,4.51,1300
1259,14,2019-03-13 15:30:00,4.52,4.53,4.515,4.53,2500
1260,13,2019-03-13 16:00:00,4.54,4.6,4.47,4.6,4801
1261,12,2019-03-13 17:00:00,4.445,4.445,4.445,4.445,7400
1262,11,2019-03-14 10:00:00,4.52,4.52,4.44,4.47,2800
1263,10,2019-03-14 10:30:00,4.5,4.55,4.26,4.3,15200
1264,9,2019-03-14 11:00:00,4.33,4.33,4.2,4.2,5928
1265,8,2019-03-14 11:30:00,4.2,4.2472,4.17,4.19,11000
1266,7,2019-03-14 12:00:00,4.19,4.2799,4.17,4.17,3600
1267,6,2019-03-14 12:30:00,4.2,4.2,4.2,4.2,100
1268,5,2019-03-14 13:00:00,4.23,4.23,4.16,4.16,1709
1269,4,2019-03-14 13:30:00,4.15,4.15,4.15,4.15,100
1270,3,2019-03-14 14:00:00,4.19,4.25,4.19,4.19,1874
1271,2,2019-03-14 15:00:00,4.21,4.25,4.2,4.22,4300
1272,1,2019-03-14 15:30:00,4.22,4.22,4.22,4.22,400
1273,0,2019-03-14 16:00:00,4.21,4.29,4.19,4.25,10965
1274,252,2019-03-15 10:00:00,4.25,4.41,4.22,4.31,1982
1275,251,2019-03-15 10:30:00,4.3862,4.45,4.25,4.33,9983
1276,250,2019-03-15 11:00:00,4.32,4.32,4.26,4.26,1500
1277,249,2019-03-15 11:30:00,4.28,4.41,4.26,4.26,5240
1278,248,2019-03-15 12:00:00,4.26,4.31,4.26,4.31,2300
1279,247,2019-03-15 13:00:00,4.37,4.4,4.235,4.37,6647
1280,246,2019-03-15 13:30:00,4.37,4.37,4.37,4.37,200
1281,245,2019-03-15 14:00:00,4.39,4.39,4.24,4.28,4858
1282,244,2019-03-15 14:30:00,4.27,4.3,4.27,4.3,1753
1283,243,2019-03-15 15:00:00,4.3,4.31,4.3,4.31,1021
1284,242,2019-03-15 15:30:00,4.32,4.32,4.315,4.32,900
1285,241,2019-03-15 16:00:00,4.32,4.32,4.23,4.23,3000
1286,240,2019-03-18 10:00:00,4.1525,4.1525,4.1525,4.1525,100
1287,239,2019-03-18 10:30:00,4.33,4.33,4.32,4.325,600
1288,238,2019-03-18 11:00:00,4.39,4.39,4.18,4.26,4783
1289,237,2019-03-18 11:30:00,4.2813,4.31,4.28,4.28,853
1290,236,2019-03-18 12:00:00,4.28,4.2801,4.18,4.22,5373
1291,235,2019-03-18 12:30:00,4.24,4.26,4.23,4.24,1700
1292,234,2019-03-18 13:00:00,4.24,4.24,4.155,4.155,1200
1293,233,2019-03-18 14:00:00,4.21,4.275,4.21,4.275,4773
1294,232,2019-03-18 14:30:00,4.28,4.29,4.28,4.29,1200
1295,231,2019-03-18 15:00:00,4.29,4.33,4.195,4.33,2173
1296,230,2019-03-18 15:30:00,4.33,4.33,4.25,4.25,1500
1297,229,2019-03-18 16:00:00,4.3346,4.3346,4.17,4.17,600
1298,228,2019-03-19 10:00:00,4.32,4.34,4.285,4.3285,5601
1299,227,2019-03-19 10:30:00,4.3,4.3,4.2413,4.27,3000
1300,226,2019-03-19 11:00:00,4.23,4.3,4.23,4.25,2534
1301,225,2019-03-19 11:30:00,4.25,4.28,4.25,4.25,2200
1302,224,2019-03-19 12:00:00,4.25,4.29,4.2,4.2,5900
1303,223,2019-03-19 12:30:00,4.26,4.28,4.23,4.24,2000
1304,222,2019-03-19 13:00:00,4.25,4.25,4.23,4.23,3200
1305,221,2019-03-19 13:30:00,4.24,4.25,4.23,4.24,1300
1306,220,2019-03-19 14:00:00,4.24,4.28,4.24,4.25,1500
1307,219,2019-03-19 14:30:00,4.25,4.28,4.22,4.22,2179
1308,218,2019-03-19 15:00:00,4.22,4.25,4.22,4.25,1400
1309,217,2019-03-19 15:30:00,4.26,4.26,4.22,4.24,3000
1310,216,2019-03-19 16:00:00,4.23,4.27,4.17,4.27,2900
1311,215,2019-03-20 10:00:00,4.1,4.27,4.1,4.24,2700
1312,214,2019-03-20 10:30:00,4.24,4.27,4.23,4.23,1700
1313,213,2019-03-20 11:00:00,4.23,4.23,4.2,4.22,2806
1314,212,2019-03-20 11:30:00,4.24,4.24,4.16,4.17,3412
1315,211,2019-03-20 12:00:00,4.2,4.21,4.2,4.21,1600
1316,210,2019-03-20 12:30:00,4.21,4.22,4.2,4.2,3100
1317,209,2019-03-20 13:00:00,4.16,4.16,4.1511,4.1527,1072
1318,208,2019-03-20 13:30:00,4.23,4.23,4.2,4.2,1000
1319,207,2019-03-20 14:00:00,4.2,4.22,4.2,4.22,1000
1320,206,2019-03-20 14:30:00,4.24,4.24,4.23,4.23,1000
1321,205,2019-03-20 15:30:00,4.25,4.25,4.16,4.23,5000
1322,204,2019-03-20 16:00:00,4.17,4.25,4.17,4.2291,733
1323,203,2019-03-21 10:00:00,4.11,4.11,4.1011,4.1025,728
1324,202,2019-03-21 10:30:00,4.2,4.3,4.2,4.29,3100
1325,201,2019-03-21 11:00:00,4.29,4.29,4.24,4.27,2000
1326,200,2019-03-21 11:30:00,4.271,4.271,4.22,4.25,5821
1327,199,2019-03-21 12:00:00,4.225,4.2501,4.225,4.25,1700
1328,198,2019-03-21 12:30:00,4.24,4.3,4.24,4.28,1100
1329,197,2019-03-21 13:00:00,4.28,4.3,4.26,4.26,1000
1330,196,2019-03-21 13:30:00,4.26,4.26,4.26,4.26,2600
1331,195,2019-03-21 14:00:00,4.26,4.3,4.235,4.26,4660
1332,194,2019-03-21 14:30:00,4.25,4.25,4.25,4.25,1400
1333,193,2019-03-21 15:00:00,4.3,4.3,4.26,4.26,5616
1334,192,2019-03-21 15:30:00,4.28,4.28,4.2,4.2,250
1335,191,2019-03-21 16:00:00,4.2999,4.2999,4.2217,4.25,5352
1336,190,2019-03-22 10:00:00,4.32,4.32,4.21,4.21,4285
1337,189,2019-03-22 10:30:00,4.21,4.28,4.2,4.25,3390
1338,188,2019-03-22 11:00:00,4.1735,4.2775,4.13,4.27,4700
1339,187,2019-03-22 11:30:00,4.26,4.26,4.21,4.23,1342
1340,186,2019-03-22 12:00:00,4.23,4.23,4.13,4.13,3600
1341,185,2019-03-22 12:30:00,4.2,4.2,4.2,4.2,1600
1342,184,2019-03-22 13:00:00,4.2,4.23,4.2,4.23,1200
1343,183,2019-03-22 13:30:00,4.23,4.23,4.1,4.14,11500
1344,182,2019-03-22 14:00:00,4.14,4.15,4.14,4.15,1100
1345,181,2019-03-22 14:30:00,4.15,4.15,4.15,4.15,100
1346,180,2019-03-22 15:00:00,4.2189,4.2489,4.18,4.2373,4700
1347,179,2019-03-22 15:30:00,4.23,4.24,4.19,4.19,1600
1348,178,2019-03-22 16:00:00,4.23,4.2489,4.1,4.13,3800
1349,177,2019-03-25 10:00:00,4.05,4.24,4.05,4.14,4410
1350,176,2019-03-25 10:30:00,4.14,4.165,4.1,4.12,2633
1351,175,2019-03-25 11:00:00,4.12,4.12,4.01,4.05,4156
1352,174,2019-03-25 11:30:00,4.0911,4.0911,4.085,4.085,1914
1353,173,2019-03-25 12:00:00,4.1,4.1,4.1,4.1,1100
1354,172,2019-03-25 12:30:00,4.13,4.15,4.09,4.09,3400
1355,171,2019-03-25 13:00:00,4.09,4.11,4.09,4.11,400
1356,170,2019-03-25 13:30:00,4.11,4.115,4.11,4.11,500
1357,169,2019-03-25 14:00:00,4.145,4.145,4.14,4.14,1700
1358,168,2019-03-25 14:30:00,4.14,4.14,4.05,4.08,3200
1359,167,2019-03-25 15:00:00,4.08,4.14,4.055,4.12,1700
1360,166,2019-03-25 15:30:00,4.155,4.155,4.04,4.07,3200
1361,165,2019-03-25 16:00:00,4.06,4.1,4.0,4.0,6338
1362,164,2019-03-26 10:00:00,4.04,4.15,3.9,3.9,5202
1363,163,2019-03-26 10:30:00,3.92,4.1,3.92,4.06,8098
1364,162,2019-03-26 11:00:00,4.055,4.06,4.0,4.05,2500
1365,161,2019-03-26 11:30:00,4.01,4.05,4.01,4.04,2000
1366,160,2019-03-26 12:00:00,3.97,4.01,3.97,4.01,2400
1367,159,2019-03-26 12:30:00,3.98,4.01,3.97,3.97,2514
1368,158,2019-03-26 13:00:00,4.005,4.01,3.97,3.99,3900
1369,157,2019-03-26 13:30:00,4.01,4.01,3.97,3.975,1600
1370,156,2019-03-26 14:00:00,3.97,3.97,3.97,3.97,100
1371,155,2019-03-26 14:30:00,4.01,4.0199,3.96,3.9699,3890
1372,154,2019-03-26 15:00:00,3.985,4.0,3.985,4.0,1531
1373,153,2019-03-26 15:30:00,3.965,3.99,3.965,3.99,1600
1374,152,2019-03-26 16:00:00,3.99,4.03,3.94,3.95,2071
1375,151,2019-03-27 10:30:00,4.01,4.06,3.96,4.03,2400
1376,150,2019-03-27 11:00:00,4.03,4.03,3.93,3.93,4006
1377,149,2019-03-27 11:30:00,3.955,3.96,3.7911,3.7911,4700
1378,148,2019-03-27 12:00:00,3.835,3.85,3.78,3.78,1600
1379,147,2019-03-27 12:30:00,3.78,3.8489,3.75,3.76,5068
1380,146,2019-03-27 13:00:00,3.795,3.82,3.67,3.67,2510
1381,145,2019-03-27 13:30:00,3.74,3.755,3.695,3.71,2300
1382,144,2019-03-27 14:00:00,3.73,3.75,3.67,3.72,6202
1383,143,2019-03-27 14:30:00,3.67,3.67,3.625,3.625,1274
1384,142,2019-03-27 15:00:00,3.655,3.68,3.62,3.62,2900
1385,141,2019-03-27 15:30:00,3.65,3.69,3.62,3.69,4701
1386,140,2019-03-27 16:00:00,3.69,3.73,3.62,3.62,2144
1387,139,2019-03-28 10:00:00,3.7,3.7,3.62,3.66,2000
1388,138,2019-03-28 10:30:00,3.66,3.66,3.6,3.61,3402
1389,137,2019-03-28 11:00:00,3.64,3.64,3.45,3.63,14611
1390,136,2019-03-28 11:30:00,3.64,3.6401,3.46,3.51,8600
1391,135,2019-03-28 12:00:00,3.51,3.51,3.44,3.45,1500
1392,134,2019-03-28 12:30:00,3.51,3.58,3.49,3.565,8030
1393,133,2019-03-28 13:00:00,3.615,3.73,3.615,3.69,2002
1394,132,2019-03-28 13:30:00,3.69,3.69,3.69,3.69,200
1395,131,2019-03-28 14:30:00,3.72,3.78,3.72,3.75,5332
1396,130,2019-03-28 15:00:00,3.75,3.75,3.67,3.67,700
1397,129,2019-03-28 15:30:00,3.69,3.73,3.69,3.73,1900
1398,128,2019-03-28 16:00:00,3.65,3.8,3.59,3.59,6370
1399,127,2019-03-29 10:00:00,3.66,3.7,3.61,3.66,4296
1400,126,2019-03-29 10:30:00,3.7,3.725,3.61,3.65,5800
1401,125,2019-03-29 11:00:00,3.64,3.68,3.565,3.565,6000
1402,124,2019-03-29 11:30:00,3.625,3.695,3.6,3.69,1885
1403,123,2019-03-29 12:00:00,3.68,3.69,3.66,3.66,1900
1404,122,2019-03-29 12:30:00,3.69,3.71,3.6,3.67,3220
1405,121,2019-03-29 13:00:00,3.67,3.69,3.67,3.69,800
1406,120,2019-03-29 13:30:00,3.7,3.73,3.7,3.73,3141
1407,119,2019-03-29 14:00:00,3.785,3.79,3.77,3.77,2700
1408,118,2019-03-29 14:30:00,3.75,3.755,3.63,3.68,8000
1409,117,2019-03-29 15:00:00,3.69,3.73,3.67,3.725,2694
1410,116,2019-03-29 15:30:00,3.74,3.75,3.65,3.745,3286
1411,115,2019-03-29 16:00:00,3.68,3.75,3.61,3.62,8667
1412,114,2019-04-01 10:00:00,3.67,3.8,3.67,3.77,400
1413,113,2019-04-01 10:30:00,3.8,3.8,3.72,3.72,1000
1414,112,2019-04-01 11:30:00,3.77,3.785,3.72,3.785,7683
1415,111,2019-04-01 12:00:00,3.72,3.73,3.625,3.73,1123
1416,110,2019-04-01 12:30:00,3.73,3.74,3.73,3.74,300
1417,109,2019-04-01 13:00:00,3.765,3.79,3.765,3.79,2000
1418,108,2019-04-01 13:30:00,3.715,3.715,3.715,3.715,180
1419,107,2019-04-01 15:00:00,3.71,3.79,3.71,3.79,500
1420,106,2019-04-01 16:00:00,3.71,3.75,3.65,3.71,3372
1421,105,2019-04-02 09:00:00,3.53,3.53,3.53,3.53,200
1422,104,2019-04-02 10:00:00,3.64,3.7799,3.64,3.66,3730
1423,103,2019-04-02 10:30:00,3.73,3.75,3.675,3.675,916
1424,102,2019-04-02 11:30:00,3.71,3.75,3.67,3.75,1800
1425,101,2019-04-02 12:00:00,3.75,3.79,3.67,3.7,14300
1426,100,2019-04-02 12:30:00,3.74,3.74,3.68,3.68,200
1427,99,2019-04-02 13:00:00,3.78,3.86,3.71,3.71,12302
1428,98,2019-04-02 13:30:00,3.84,3.84,3.72,3.72,200
1429,97,2019-04-02 14:30:00,3.72,3.72,3.72,3.72,100
1430,96,2019-04-02 15:00:00,3.84,3.84,3.84,3.84,200
1431,95,2019-04-02 15:30:00,3.84,3.86,3.84,3.86,500
1432,94,2019-04-02 16:00:00,3.76,3.8,3.67,3.67,3700
1433,93,2019-04-03 10:00:00,3.77,3.7926,3.77,3.7926,2107
1434,92,2019-04-03 10:30:00,3.8,3.8,3.8,3.8,100
1435,91,2019-04-03 11:00:00,3.73,3.73,3.55,3.62,5427
1436,90,2019-04-03 11:30:00,3.59,3.59,3.5,3.56,2760
1437,89,2019-04-03 12:00:00,3.53,3.53,3.53,3.53,107
1438,88,2019-04-03 12:30:00,3.58,3.58,3.5,3.5,3582
1439,87,2019-04-03 13:00:00,3.5,3.5477,3.45,3.51,4200
1440,86,2019-04-03 13:30:00,3.55,3.61,3.5477,3.61,750
1441,85,2019-04-03 14:00:00,3.61,3.61,3.61,3.61,500
1442,84,2019-04-03 14:30:00,3.61,3.61,3.55,3.55,560
1443,83,2019-04-03 15:00:00,3.55,3.59,3.55,3.58,614
1444,82,2019-04-03 16:00:00,3.52,3.62,3.5,3.5,1657
1445,81,2019-04-04 10:00:00,3.57,3.57,3.57,3.57,100
1446,80,2019-04-04 10:30:00,3.6299,3.63,3.6299,3.63,1600
1447,79,2019-04-04 11:00:00,3.59,3.63,3.56,3.63,1399
1448,78,2019-04-04 11:30:00,3.615,3.615,3.6,3.6,600
1449,77,2019-04-04 12:00:00,3.6,3.63,3.6,3.63,1800
1450,76,2019-04-04 12:30:00,3.63,3.67,3.58,3.58,2100
1451,75,2019-04-04 13:00:00,3.65,3.66,3.63,3.63,1400
1452,74,2019-04-04 13:30:00,3.65,3.65,3.57,3.57,2400
1453,73,2019-04-04 14:00:00,3.6,3.72,3.6,3.72,2400
1454,72,2019-04-04 14:30:00,3.695,3.77,3.64,3.685,2024
1455,71,2019-04-04 15:30:00,3.74,3.74,3.635,3.635,2400
1456,70,2019-04-04 16:00:00,3.63,3.645,3.63,3.64,1000
1457,69,2019-04-05 10:00:00,3.61,3.68,3.31,3.37,20744
1458,68,2019-04-05 10:30:00,3.34,3.4084,3.24,3.3,12615
1459,67,2019-04-05 11:00:00,3.3,3.32,2.91,3.225,44601
1460,66,2019-04-05 11:30:00,3.25,3.3,3.0701,3.2,12293
1461,65,2019-04-05 12:00:00,3.2,3.285,3.1511,3.19,5401
1462,64,2019-04-05 12:30:00,3.2025,3.3341,3.2025,3.3341,3100
1463,63,2019-04-05 13:00:00,3.33,3.35,3.28,3.28,1750
1464,62,2019-04-05 13:30:00,3.39,3.39,3.37,3.37,400
1465,61,2019-04-05 14:00:00,3.37,3.37,3.34,3.35,1700
1466,60,2019-04-05 14:30:00,3.33,3.3328,3.32,3.32,1200
1467,59,2019-04-05 15:30:00,3.33,3.35,3.33,3.35,1600
1468,58,2019-04-05 16:00:00,3.31,3.31,3.3,3.3,341
1469,57,2019-04-08 10:00:00,3.3,3.6699,3.3,3.47,23869
1470,56,2019-04-08 10:30:00,3.49,3.52,3.49,3.52,813
1471,55,2019-04-08 11:00:00,3.52,3.5389,3.5,3.52,2765
1472,54,2019-04-08 11:30:00,3.51,3.51,3.5011,3.51,1711
1473,53,2019-04-08 12:00:00,3.53,3.58,3.53,3.58,1020
1474,52,2019-04-08 12:30:00,3.58,3.58,3.51,3.5361,1501
1475,51,2019-04-08 13:00:00,3.52,3.5201,3.465,3.465,4825
1476,50,2019-04-08 13:30:00,3.46,3.51,3.46,3.51,2600
1477,49,2019-04-08 14:00:00,3.51,3.51,3.5,3.5,1100
1478,48,2019-04-08 14:30:00,3.5,3.5,3.5,3.5,100
1479,47,2019-04-08 15:00:00,3.5,3.5,3.48,3.48,2200
1480,46,2019-04-08 16:00:00,3.49,3.49,3.45,3.45,200
1481,45,2019-04-09 10:00:00,3.5031,3.5031,3.46,3.46,613
1482,44,2019-04-09 10:30:00,3.42,3.51,3.33,3.5,6091
1483,43,2019-04-09 11:00:00,3.5,3.535,3.415,3.5,3844
1484,42,2019-04-09 11:30:00,3.52,3.52,3.5,3.5,1500
1485,41,2019-04-09 12:00:00,3.5,3.5,3.5,3.5,1800
1486,40,2019-04-09 12:30:00,3.5,3.53,3.5,3.5,3600
1487,39,2019-04-09 13:00:00,3.5,3.5,3.425,3.425,2400
1488,38,2019-04-09 13:30:00,3.51,3.51,3.51,3.51,100
1489,37,2019-04-09 14:30:00,3.52,3.52,3.42,3.49,2782
1490,36,2019-04-09 15:00:00,3.5,3.5,3.49,3.49,1771
1491,35,2019-04-09 15:30:00,3.5,3.5,3.5,3.5,100
1492,34,2019-04-09 16:00:00,3.53,3.53,3.44,3.44,1020
1493,33,2019-04-10 10:00:00,3.45,3.55,3.4,3.53,2848
1494,32,2019-04-10 10:30:00,3.545,3.55,3.545,3.55,900
1495,31,2019-04-10 11:00:00,3.55,3.6,3.55,3.59,1847
1496,30,2019-04-10 11:30:00,3.6,3.6098,3.6,3.6,5170
1497,29,2019-04-10 12:00:00,3.63,3.63,3.555,3.555,700
1498,28,2019-04-10 13:00:00,3.63,3.63,3.54,3.555,2755
1499,27,2019-04-10 13:30:00,3.5936,3.6,3.5936,3.6,500
1500,26,2019-04-10 14:00:00,3.59,3.59,3.59,3.59,100
1501,25,2019-04-10 14:30:00,3.59,3.6,3.515,3.6,2500
1502,24,2019-04-10 15:00:00,3.6242,3.63,3.6,3.63,1450
1503,23,2019-04-10 15:30:00,3.62,3.63,3.565,3.565,800
1504,22,2019-04-10 16:00:00,3.63,3.63,3.46,3.46,1200
1505,21,2019-04-11 10:00:00,3.45,3.62,3.45,3.5,4627
1506,20,2019-04-11 10:30:00,3.51,3.53,3.42,3.51,6828
1507,19,2019-04-11 11:00:00,3.56,3.56,3.5,3.5425,3300
1508,18,2019-04-11 11:30:00,3.54,3.5627,3.54,3.55,2700
1509,17,2019-04-11 12:00:00,3.54,3.54,3.39,3.39,10880
1510,16,2019-04-11 12:30:00,3.46,3.46,3.45,3.45,674
1511,15,2019-04-11 13:00:00,3.47,3.47,3.47,3.47,300
1512,14,2019-04-11 13:30:00,3.47,3.47,3.47,3.47,195
1513,13,2019-04-11 14:00:00,3.49,3.49,3.375,3.41,2000
1514,12,2019-04-11 14:30:00,3.48,3.48,3.34,3.34,3405
1515,11,2019-04-11 15:00:00,3.4552,3.49,3.385,3.48,2893
1516,10,2019-04-11 15:30:00,3.48,3.48,3.38,3.44,2600
1517,9,2019-04-11 16:00:00,3.47,3.49,3.47,3.49,894
1518,8,2019-04-12 10:00:00,3.52,3.52,3.52,3.52,125
1519,7,2019-04-12 10:30:00,3.51,3.52,3.41,3.41,4700
1520,6,2019-04-12 12:00:00,3.47,3.49,3.39,3.407,3330
1521,5,2019-04-12 12:30:00,3.39,3.39,3.39,3.39,100
1522,4,2019-04-12 13:00:00,3.47,3.48,3.395,3.395,300
1523,3,2019-04-12 14:30:00,3.48,3.48,3.48,3.48,200
1524,2,2019-04-12 15:00:00,3.48,3.48,3.48,3.48,400
1525,1,2019-04-12 15:30:00,3.48,3.51,3.48,3.51,3600
1526,0,2019-04-12 16:00:00,3.5,3.5,3.41,3.425,1600
1527,230,2019-04-15 10:00:00,3.45,3.52,3.4,3.52,1100
1528,229,2019-04-15 10:30:00,3.55,3.55,3.51,3.51,1600
1529,228,2019-04-15 11:00:00,3.51,3.51,3.43,3.44,1700
1530,227,2019-04-15 11:30:00,3.44,3.44,3.44,3.44,300
1531,226,2019-04-15 12:00:00,3.44,3.44,3.38,3.3801,3100
1532,225,2019-04-15 12:30:00,3.38,3.38,3.31,3.31,1100
1533,224,2019-04-15 13:00:00,3.32,3.32,3.32,3.32,900
1534,223,2019-04-15 13:30:00,3.32,3.36,3.32,3.32,600
1535,222,2019-04-15 14:00:00,3.37,3.37,3.32,3.32,700
1536,221,2019-04-15 15:00:00,3.36,3.36,3.33,3.33,2200
1537,220,2019-04-15 16:00:00,3.32,3.32,3.32,3.32,100
1538,219,2019-04-16 10:00:00,3.4,3.43,3.3677,3.4,2141
1539,218,2019-04-16 10:30:00,3.44,3.49,3.37,3.49,3733
1540,217,2019-04-16 11:00:00,3.52,3.55,3.42,3.515,4578
1541,216,2019-04-16 11:30:00,3.52,3.56,3.51,3.56,2438
1542,215,2019-04-16 12:00:00,3.56,3.77,3.56,3.625,21525
1543,214,2019-04-16 12:30:00,3.575,3.6521,3.5175,3.5175,4500
1544,213,2019-04-16 13:00:00,3.51,3.54,3.51,3.54,500
1545,212,2019-04-16 13:30:00,3.52,3.5351,3.51,3.51,1312
1546,211,2019-04-16 14:00:00,3.51,3.5424,3.51,3.5424,200
1547,210,2019-04-16 14:30:00,3.51,3.51,3.51,3.51,100
1548,209,2019-04-16 15:00:00,3.52,3.5725,3.51,3.57,1598
1549,208,2019-04-16 15:30:00,3.5845,3.62,3.5175,3.53,600
1550,207,2019-04-16 16:00:00,3.64,3.64,3.53,3.535,359
1551,206,2019-04-17 10:00:00,3.59,3.59,3.54,3.54,500
1552,205,2019-04-17 10:30:00,3.56,3.56,3.56,3.56,400
1553,204,2019-04-17 11:00:00,3.6,3.6,3.53,3.565,7800
1554,203,2019-04-17 11:30:00,3.53,3.55,3.49,3.49,9546
1555,202,2019-04-17 12:00:00,3.5,3.5,3.49,3.49,3632
1556,201,2019-04-17 12:30:00,3.49,3.5,3.49,3.5,2754
1557,200,2019-04-17 13:00:00,3.5,3.5,3.495,3.495,1990
1558,199,2019-04-17 13:30:00,3.49,3.5,3.43,3.43,3500
1559,198,2019-04-17 14:00:00,3.44,3.44,3.41,3.41,1400
1560,197,2019-04-17 14:30:00,3.41,3.43,3.4,3.4,2507
1561,196,2019-04-17 15:00:00,3.4,3.41,3.36,3.36,8197
1562,195,2019-04-17 15:30:00,3.36,3.37,3.2911,3.33,7377
1563,194,2019-04-17 16:00:00,3.34,3.38,3.31,3.38,2020
1564,193,2019-04-18 10:00:00,3.3,3.31,3.285,3.3,4600
1565,192,2019-04-18 10:30:00,3.25,3.32,3.25,3.31,2199
1566,191,2019-04-18 11:00:00,3.28,3.3,3.28,3.3,1600
1567,190,2019-04-18 11:30:00,3.3,3.3,3.28,3.28,700
1568,189,2019-04-18 12:00:00,3.28,3.28,3.28,3.28,900
1569,188,2019-04-18 12:30:00,3.28,3.2939,3.2,3.2462,9730
1570,187,2019-04-18 13:00:00,3.2379,3.25,3.2,3.2,1800
1571,186,2019-04-18 13:30:00,3.2239999999999998,3.23,3.2,3.23,800
1572,185,2019-04-18 14:00:00,3.23,3.23,3.21,3.21,1990
1573,184,2019-04-18 14:30:00,3.24,3.24,3.21,3.21,700
1574,183,2019-04-18 15:00:00,3.21,3.21,3.18,3.195,4839
1575,182,2019-04-18 15:30:00,3.18,3.19,3.15,3.15,3841
1576,181,2019-04-18 16:00:00,3.15,3.18,3.15,3.16,735
1577,180,2019-04-22 10:00:00,3.13,3.13,3.0,3.02,7928
1578,179,2019-04-22 10:30:00,3.02,3.06,3.0060000000000002,3.03,6170
1579,178,2019-04-22 11:00:00,3.03,3.03,3.01,3.01,2300
1580,177,2019-04-22 11:30:00,3.0281,3.0281,3.0,3.0,8479
1581,176,2019-04-22 12:00:00,3.01,3.06,3.0,3.055,13516
1582,175,2019-04-22 12:30:00,3.055,3.07,3.05,3.06,4750
1583,174,2019-04-22 13:00:00,3.05,3.08,3.02,3.02,13012
1584,173,2019-04-22 13:30:00,3.02,3.13,3.02,3.13,3100
1585,172,2019-04-22 14:00:00,3.09,3.1,3.09,3.1,800
1586,171,2019-04-22 14:30:00,3.1,3.1,3.05,3.07,1300
1587,170,2019-04-22 15:00:00,3.07,3.07,3.07,3.07,400
1588,169,2019-04-22 15:30:00,3.07,3.1,3.02,3.02,3200
1589,168,2019-04-22 16:00:00,3.02,3.03,2.96,2.96,5291
1590,167,2019-04-23 10:00:00,2.98,3.08,2.98,3.08,1600
1591,166,2019-04-23 10:30:00,3.11,3.11,3.07,3.07,1700
1592,165,2019-04-23 11:00:00,3.07,3.1,3.05,3.08,3700
1593,164,2019-04-23 11:30:00,3.08,3.1,3.02,3.095,9110
1594,163,2019-04-23 12:00:00,3.1,3.11,3.09,3.095,4284
1595,162,2019-04-23 12:30:00,3.1,3.12,3.095,3.1,3653
1596,161,2019-04-23 13:00:00,3.1,3.12,3.1,3.12,2100
1597,160,2019-04-23 13:30:00,3.12,3.14,3.09,3.095,2731
1598,159,2019-04-23 14:00:00,3.12,3.1235,3.11,3.12,2600
1599,158,2019-04-23 14:30:00,3.12,3.12,3.06,3.06,3597
1600,157,2019-04-23 15:00:00,3.09,3.1,3.08,3.09,1300
1601,156,2019-04-23 15:30:00,3.08,3.105,3.075,3.1,3721
1602,155,2019-04-23 16:00:00,3.1,3.1,3.03,3.09,5907
1603,154,2019-04-24 13:00:00,3.14,3.14,3.14,3.14,100
1604,153,2019-04-24 13:30:00,3.14,3.14,3.14,3.14,200
1605,152,2019-04-24 14:00:00,3.13,3.13,3.055,3.055,300
1606,151,2019-04-24 15:00:00,3.13,3.15,3.08,3.08,10802
1607,150,2019-04-24 15:30:00,3.1,3.14,3.07,3.07,26200
1608,149,2019-04-24 16:00:00,3.07,3.13,3.02,3.05,5407
1609,148,2019-04-25 10:00:00,3.06,3.07,3.01,3.01,11715
1610,147,2019-04-25 10:30:00,3.03,3.05,3.03,3.05,1301
1611,146,2019-04-25 11:00:00,3.03,3.07,3.03,3.06,1569
1612,145,2019-04-25 11:30:00,3.04,3.04,2.91,2.9775,3800
1613,144,2019-04-25 12:00:00,2.9402,2.952,2.91,2.94,2030
1614,143,2019-04-25 12:30:00,2.955,2.955,2.955,2.955,200
1615,142,2019-04-25 13:30:00,2.97,2.97,2.92,2.94,1400
1616,141,2019-04-25 14:00:00,2.94,2.94,2.94,2.94,100
1617,140,2019-04-25 15:00:00,2.98,3.01,2.95,2.955,1600
1618,139,2019-04-25 16:00:00,3.02,3.02,2.96,2.97,1142
1619,138,2019-04-26 10:00:00,3.03,3.03,2.925,2.925,2107
1620,137,2019-04-26 10:30:00,2.98,3.0473,2.98,3.0,9611
1621,136,2019-04-26 11:00:00,2.99,3.0,2.99,3.0,1100
1622,135,2019-04-26 11:30:00,3.0,3.0,2.995,3.0,3900
1623,134,2019-04-26 12:00:00,3.0,3.0,2.99,2.9975,2533
1624,133,2019-04-26 12:30:00,2.99,3.0,2.98,2.98,4763
1625,132,2019-04-26 13:00:00,3.0,3.0,3.0,3.0,1400
1626,131,2019-04-26 13:30:00,3.0,3.0,2.99,2.99,13000
1627,130,2019-04-26 14:00:00,2.995,3.02,2.92,2.97,3500
1628,129,2019-04-26 14:30:00,2.97,2.97,2.93,2.93,200
1629,128,2019-04-26 15:00:00,2.96,2.98,2.96,2.97,1300
1630,127,2019-04-26 15:30:00,3.0,3.0,2.99,2.995,2500
1631,126,2019-04-26 16:00:00,3.0,3.0,2.94,2.94,307
1632,125,2019-04-29 10:00:00,2.98,3.02,2.97,3.01,5600
1633,124,2019-04-29 10:30:00,3.0,3.0,2.965,2.965,900
1634,123,2019-04-29 11:00:00,2.99,2.99,2.99,2.99,600
1635,122,2019-04-29 11:30:00,3.0,3.0,2.99,2.99,3400
1636,121,2019-04-29 12:00:00,2.99,2.99,2.96,2.96,1640
1637,120,2019-04-29 12:30:00,2.99,2.99,2.975,2.975,400
1638,119,2019-04-29 13:00:00,2.97,3.02,2.97,2.99,31558
1639,118,2019-04-29 13:30:00,2.995,3.0,2.99,2.99,1200
1640,117,2019-04-29 14:00:00,2.99,3.0,2.99,2.99,700
1641,116,2019-04-29 14:30:00,2.99,3.0,2.99,3.0,1466
1642,115,2019-04-29 15:00:00,3.0,3.0,2.97,2.97,1400
1643,114,2019-04-29 16:00:00,2.96,2.96,2.96,2.96,128
1644,113,2019-04-30 10:00:00,2.97,3.02,2.97,2.98,2000
1645,112,2019-04-30 10:30:00,2.99,2.99,2.97,2.97,2702
1646,111,2019-04-30 11:00:00,2.97,3.0,2.97,2.995,1367
1647,110,2019-04-30 11:30:00,2.99,2.99,2.985,2.985,1300
1648,109,2019-04-30 12:00:00,2.98,2.98,2.94,2.94,6802
1649,108,2019-04-30 13:00:00,2.96,2.96,2.96,2.96,101
1650,107,2019-04-30 13:30:00,2.97,3.0,2.97,3.0,3779
1651,106,2019-04-30 14:00:00,3.0,3.0,2.99,3.0,600
1652,105,2019-04-30 14:30:00,3.0,3.0,3.0,3.0,400
1653,104,2019-04-30 15:00:00,2.995,3.0,2.98,3.0,3033
1654,103,2019-04-30 15:30:00,2.98,2.99,2.95,2.98,4065
1655,102,2019-04-30 16:00:00,3.0,3.0,2.98,3.0,385
1656,101,2019-05-01 10:30:00,3.0,3.0,3.0,3.0,100
1657,100,2019-05-01 12:30:00,2.95,3.0,2.9406,2.995,3582
1658,99,2019-05-01 13:30:00,3.0,3.0,2.995,2.995,4372
1659,98,2019-05-01 14:00:00,3.0,3.0,2.995,3.0,1700
1660,97,2019-05-01 14:30:00,3.0,3.0,2.995,3.0,1700
1661,96,2019-05-01 15:00:00,3.0,3.0,3.0,3.0,1700
1662,95,2019-05-01 15:30:00,3.0,3.07,3.0,3.07,2018
1663,94,2019-05-01 16:00:00,3.05,3.06,3.05,3.06,633
1664,93,2019-05-02 10:00:00,3.07,3.07,3.06,3.07,5663
1665,92,2019-05-02 10:30:00,3.1,3.15,3.06,3.06,2500
1666,91,2019-05-02 11:00:00,3.06,3.06,3.04,3.04,800
1667,90,2019-05-02 11:30:00,3.07,3.1,3.06,3.06,2100
1668,89,2019-05-02 12:00:00,3.06,3.09,3.06,3.06,1100
1669,88,2019-05-02 12:30:00,3.06,3.06,3.04,3.04,1000
1670,87,2019-05-02 13:00:00,3.05,3.05,2.99,2.99,1100
1671,86,2019-05-02 14:00:00,3.01,3.03,3.0,3.025,31100
1672,85,2019-05-02 14:30:00,3.02,3.02,3.0,3.0,4802
1673,84,2019-05-02 15:00:00,3.0,3.0,3.0,3.0,100
1674,83,2019-05-02 15:30:00,3.015,3.03,3.0025,3.005,2300
1675,82,2019-05-02 16:00:00,3.0,3.0,2.95,2.95,4053
1676,81,2019-05-03 10:00:00,3.04,3.05,2.98,2.98,759
1677,80,2019-05-03 10:30:00,3.03,3.03,3.0,3.03,4001
1678,79,2019-05-03 11:00:00,3.03,3.03,3.0,3.0,2140
1679,78,2019-05-03 11:30:00,3.0,3.0,3.0,3.0,900
1680,77,2019-05-03 12:00:00,3.0,3.0,3.0,3.0,2134
1681,76,2019-05-03 12:30:00,3.0,3.0,3.0,3.0,4745
1682,75,2019-05-03 13:00:00,2.99,2.99,2.99,2.99,2500
1683,74,2019-05-03 13:30:00,2.99,2.99,2.99,2.99,400
1684,73,2019-05-03 14:00:00,2.99,2.99,2.99,2.99,400
1685,72,2019-05-03 14:30:00,2.995,2.995,2.99,2.99,1800
1686,71,2019-05-03 15:30:00,3.0,3.0,3.0,3.0,1600
1687,70,2019-05-03 16:00:00,2.98,2.98,2.98,2.98,100
1688,69,2019-05-03 18:30:00,2.94,2.94,2.94,2.94,100
1689,68,2019-05-06 10:00:00,2.98,2.98,2.89,2.89,6068
1690,67,2019-05-06 10:30:00,2.89,2.9,2.88,2.89,1231
1691,66,2019-05-06 11:00:00,2.9,2.9145,2.835,2.835,3971
1692,65,2019-05-06 11:30:00,2.89,2.9375,2.89,2.905,1872
1693,64,2019-05-06 12:00:00,2.9,2.91,2.9,2.91,200
1694,63,2019-05-06 12:30:00,2.9175,2.93,2.9175,2.93,839
1695,62,2019-05-06 13:30:00,2.94,2.95,2.93,2.95,2596
1696,61,2019-05-06 14:00:00,2.94,2.94,2.94,2.94,500
1697,60,2019-05-06 14:30:00,2.95,2.95,2.94,2.94,2208
1698,59,2019-05-06 15:00:00,2.91,2.91,2.91,2.91,300
1699,58,2019-05-06 15:30:00,2.94,2.94,2.94,2.94,766
1700,57,2019-05-06 16:00:00,2.94,2.9912,2.94,2.97,3181
1701,56,2019-05-07 10:00:00,2.97,2.99,2.955,2.99,1300
1702,55,2019-05-07 10:30:00,3.0,3.0,2.95,2.95,6280
1703,54,2019-05-07 11:30:00,2.95,2.975,2.95,2.95,1810
1704,53,2019-05-07 12:00:00,2.95,2.97,2.95,2.95,1410
1705,52,2019-05-07 12:30:00,2.965,2.98,2.9511,2.9511,717
1706,51,2019-05-07 13:00:00,2.98,2.98,2.965,2.965,1000
1707,50,2019-05-07 13:30:00,2.96,2.98,2.95,2.95,2399
1708,49,2019-05-07 14:00:00,2.91,2.91,2.91,2.91,100
1709,48,2019-05-07 14:30:00,2.98,2.98,2.97,2.97,1630
1710,47,2019-05-07 15:00:00,2.9101,2.95,2.9101,2.94,5871
1711,46,2019-05-07 15:30:00,2.94,2.9549,2.93,2.945,1260
1712,45,2019-05-07 16:00:00,2.96,2.96,2.88,2.95,1577
1713,44,2019-05-08 10:00:00,2.89,2.96,2.89,2.96,2618
1714,43,2019-05-08 10:30:00,2.97,3.0,2.955,2.97,3725
1715,42,2019-05-08 11:00:00,2.985,2.99,2.96,2.96,2100
1716,41,2019-05-08 11:30:00,2.96,2.96,2.96,2.96,400
1717,40,2019-05-08 12:00:00,2.98,2.99,2.96,2.96,2700
1718,39,2019-05-08 12:30:00,2.95,2.95,2.95,2.95,200
1719,38,2019-05-08 14:30:00,2.97,2.97,2.96,2.97,4301
1720,37,2019-05-08 15:00:00,2.96,2.97,2.96,2.96,1000
1721,36,2019-05-08 16:00:00,2.95,2.97,2.95,2.95,820
1722,35,2019-05-09 10:00:00,2.85,2.95,2.82,2.94,6780
1723,34,2019-05-09 10:30:00,2.94,2.94,2.93,2.94,1600
1724,33,2019-05-09 11:00:00,2.93,2.94,2.92,2.94,1000
1725,32,2019-05-09 11:30:00,2.94,2.94,2.9298,2.94,1278
1726,31,2019-05-09 12:00:00,2.94,2.94,2.94,2.94,700
1727,30,2019-05-09 12:30:00,2.94,2.94,2.92,2.92,700
1728,29,2019-05-09 13:00:00,2.95,2.95,2.95,2.95,800
1729,28,2019-05-09 13:30:00,2.965,2.965,2.965,2.965,100
1730,27,2019-05-09 14:00:00,2.96,2.98,2.96,2.97,400
1731,26,2019-05-09 14:30:00,2.98,2.98,2.975,2.98,406
1732,25,2019-05-09 15:00:00,2.9986,3.0,2.975,2.99,3317
1733,24,2019-05-09 15:30:00,2.99,2.99,2.98,2.98,1094
1734,23,2019-05-09 16:00:00,2.98,2.98,2.96,2.97,1743
1735,22,2019-05-10 10:00:00,2.86,2.94,2.86,2.94,540
1736,21,2019-05-10 10:30:00,2.95,2.965,2.95,2.965,800
1737,20,2019-05-10 11:00:00,2.96,2.96,2.96,2.96,500
1738,19,2019-05-10 11:30:00,2.96,2.98,2.96,2.97,1400
1739,18,2019-05-10 12:00:00,2.97,2.98,2.97,2.975,600
1740,17,2019-05-10 12:30:00,2.98,2.99,2.98,2.98,611
1741,16,2019-05-10 13:00:00,3.0,3.0,3.0,3.0,8633
1742,15,2019-05-10 13:30:00,3.03,3.06,3.0,3.05,2700
1743,14,2019-05-10 14:00:00,3.05,3.05,3.03,3.03,1918
1744,13,2019-05-10 14:30:00,3.03,3.03,3.03,3.03,1000
1745,12,2019-05-10 15:00:00,3.02,3.02,3.0,3.015,25900
1746,11,2019-05-10 15:30:00,3.015,3.02,3.0,3.01,2600
1747,10,2019-05-10 16:00:00,3.0,3.0,2.94,2.94,6765
1748,9,2019-05-13 10:00:00,2.87,2.87,2.87,2.87,226
1749,8,2019-05-13 10:30:00,2.87,2.87,2.86,2.86,1470
1750,7,2019-05-13 11:30:00,2.85,2.85,2.85,2.85,205
1751,6,2019-05-13 12:00:00,2.85,2.85,2.84,2.84,1738
1752,5,2019-05-13 12:30:00,2.8301,2.8301,2.8301,2.8301,485
1753,4,2019-05-13 13:00:00,2.8516,2.86,2.8516,2.86,300
1754,3,2019-05-13 14:30:00,2.86,2.86,2.84,2.84,1100
1755,2,2019-05-13 15:00:00,2.86,2.9,2.84,2.9,7702
1756,1,2019-05-13 15:30:00,2.9,2.9,2.87,2.87,1800
1757,0,2019-05-13 16:00:00,2.85,2.98,2.85,2.94,1541
