,index,time,open,high,low,close,volume
0,154,2020-05-08 11:00:00,23.3736000444,23.3826085185,23.363913513099998,23.363913513099998,400
1,153,2020-05-08 11:30:00,23.314027876799997,23.3348539191,23.314027876799997,23.3251673878,900
2,152,2020-05-08 12:00:00,23.3736000444,23.3832865757,23.3736000444,23.3832865757,1217
3,151,2020-05-08 14:00:00,23.262204934299998,23.262204934299998,23.262204934299998,23.262204934299998,200
4,150,2020-05-11 10:00:00,23.2379886061,23.6060767957,23.2379886061,23.577017201799997,2100
5,149,2020-05-11 10:30:00,23.354226981799997,23.3590702474,23.354226981799997,23.354226981799997,423
6,148,2020-05-11 11:00:00,23.2573616687,23.2573616687,23.2573616687,23.2573616687,100
7,147,2020-05-11 11:30:00,23.344540450500002,23.4123461696,23.344540450500002,23.392973107,1000
8,146,2020-05-11 12:00:00,23.3832865757,23.3832865757,23.3832865757,23.3832865757,150
9,145,2020-05-11 14:00:00,23.4220327009,23.4414057635,23.407502904,23.4414057635,990
10,144,2020-05-11 14:30:00,23.392973107,23.4317192322,23.392973107,23.4317192322,500
11,143,2020-05-11 15:00:00,23.4704653574,23.4704653574,23.4704653574,23.4704653574,200
12,142,2020-05-11 16:00:00,23.465622091799997,23.465622091799997,23.465622091799997,23.465622091799997,200
13,141,2020-05-12 10:00:00,23.499524951399998,23.499524951399998,23.480151888800002,23.480151888800002,1900
14,140,2020-05-12 11:00:00,23.480151888800002,23.5867037331,23.4704653574,23.5867037331,2005
15,139,2020-05-12 11:30:00,23.577017201799997,23.5867037331,23.567330670500002,23.5867037331,1000
16,138,2020-05-12 13:30:00,23.412443034899997,23.412443034899997,23.412443034899997,23.412443034899997,200
17,137,2020-05-12 15:00:00,23.515120266799997,23.5700428993,23.499524951399998,23.5700428993,700
18,136,2020-05-12 15:30:00,23.518898014,23.518898014,23.499524951399998,23.510664462399998,1710
19,135,2020-05-12 16:00:00,23.5092114827,23.5092114827,23.5092114827,23.5092114827,800
20,134,2020-05-13 10:00:00,23.2573616687,23.2573616687,22.9861387921,23.102377167800004,1090
21,133,2020-05-13 11:30:00,23.3687567787,23.3687567787,23.247675137399998,23.2864212626,396
22,132,2020-05-13 12:00:00,23.2186155435,23.2186155435,23.2186155435,23.2186155435,200
23,131,2020-05-13 12:30:00,23.150809824299998,23.150809824299998,22.9086465416,22.9110681745,2037
24,130,2020-05-13 13:00:00,22.8718377227,22.8718377227,22.860213885100002,22.860213885100002,1025
25,129,2020-05-13 13:30:00,22.8603107504,22.8640884976,22.860213885100002,22.860213885100002,623
26,128,2020-05-13 15:00:00,22.8699004164,22.8699004164,22.8699004164,22.8699004164,334
27,127,2020-05-14 10:00:00,22.860213885100002,22.860213885100002,22.2163501491,22.2163501491,3664
28,126,2020-05-14 10:30:00,22.2693354754,22.434006507600003,21.9780614789,22.434006507600003,1482
29,125,2020-05-14 11:00:00,22.618050602399997,22.8699004164,22.404946913699998,22.404946913699998,1000
30,124,2020-05-14 13:30:00,22.9377061356,22.9377061356,22.9377061356,22.9377061356,100
31,123,2020-05-14 15:30:00,22.9086465416,22.9086465416,22.9086465416,22.9086465416,100
32,122,2020-05-15 10:30:00,22.957079198200002,23.247675137399998,22.9473926669,23.247675137399998,1212
33,121,2020-05-15 11:00:00,23.141123293000003,23.141123293000003,23.141123293000003,23.141123293000003,329
34,120,2020-05-15 11:30:00,23.053944511199997,23.053944511199997,23.053944511199997,23.053944511199997,500
35,119,2020-05-15 13:30:00,23.053944511199997,23.053944511199997,23.053944511199997,23.053944511199997,167
36,118,2020-05-15 16:00:00,23.053944511199997,23.053944511199997,23.053944511199997,23.053944511199997,318
37,117,2020-05-18 10:00:00,23.392973107,23.392973107,23.392973107,23.392973107,578
38,116,2020-05-18 11:00:00,23.1874249127,23.673882514899997,23.1874249127,23.673882514899997,961
39,115,2020-05-18 11:30:00,23.664195983600003,23.7998074219,23.489838420100003,23.499524951399998,2800
40,114,2020-05-18 12:00:00,23.635136389699998,23.896672735,23.635136389699998,23.896672735,2300
41,113,2020-05-18 12:30:00,23.896672735,23.896672735,23.896672735,23.896672735,100
42,112,2020-05-18 13:00:00,23.896672735,23.896672735,23.7320017027,23.8288670158,1238
43,111,2020-05-18 13:30:00,23.6835690462,23.6835690462,23.6835690462,23.6835690462,100
44,110,2020-05-18 14:00:00,23.7320017027,23.7320017027,23.7320017027,23.7320017027,100
45,109,2020-05-18 14:30:00,23.7320017027,23.7320017027,23.7320017027,23.7320017027,100
46,108,2020-05-18 15:30:00,23.7223151714,23.7223151714,23.7223151714,23.7223151714,100
47,107,2020-05-18 16:00:00,23.7223151714,23.7223151714,23.6932555775,23.6932555775,200
48,106,2020-05-19 10:30:00,23.4764710069,23.5867037331,23.4764710069,23.5867037331,342
49,105,2020-05-19 11:30:00,23.5867037331,23.5867037331,23.5867037331,23.5867037331,1270
50,104,2020-05-19 12:00:00,23.4220327009,23.5867037331,23.4220327009,23.5867037331,350
51,103,2020-05-19 12:30:00,23.548926261,23.548926261,23.548926261,23.548926261,201
52,102,2020-05-19 13:00:00,23.518898014,23.5867037331,23.518898014,23.5867037331,2119
53,101,2020-05-19 15:00:00,23.673882514899997,23.673882514899997,23.673882514899997,23.673882514899997,176
54,100,2020-05-19 15:30:00,23.4510922948,23.4510922948,23.4510922948,23.4510922948,635
55,99,2020-05-20 10:30:00,23.051716609,23.417189435300003,23.051716609,23.417189435300003,500
56,98,2020-05-20 13:00:00,23.2961077939,23.5454391098,23.267048199999998,23.5454391098,1700
57,97,2020-05-20 14:00:00,23.8143372189,23.8143372189,23.8143372189,23.8143372189,125
58,96,2020-05-20 15:00:00,23.741300772800003,23.741300772800003,23.741300772800003,23.741300772800003,250
59,95,2020-05-20 15:30:00,23.7901208906,23.8327416283,23.7901208906,23.8327416283,800
60,94,2020-05-21 10:30:00,23.813271700399998,23.813271700399998,23.813271700399998,23.813271700399998,131
61,93,2020-05-21 12:00:00,23.8094939532,23.8094939532,23.8094939532,23.8094939532,332
62,92,2020-05-21 13:00:00,23.8143372189,23.8143372189,23.8143372189,23.8143372189,528
63,91,2020-05-21 14:00:00,23.5963902644,23.5963902644,23.5867037331,23.5867037331,1151
64,90,2020-05-21 14:30:00,23.877299672399996,23.877299672399996,23.857926609699998,23.857926609699998,317
65,89,2020-05-21 15:30:00,23.974164985399998,23.974164985399998,23.9693217198,23.9693217198,311
66,88,2020-05-21 16:00:00,24.0322841733,24.0322841733,24.0322841733,24.0322841733,474
67,87,2020-05-22 10:00:00,23.2767347313,23.3272015594,23.2767347313,23.3272015594,1100
68,86,2020-05-22 14:00:00,24.0419707046,24.0419707046,24.0419707046,24.0419707046,400
69,85,2020-05-22 16:00:00,24.187268674200002,24.187268674200002,24.100089892399996,24.100089892399996,1136
70,84,2020-05-26 10:00:00,24.2163282681,24.2163282681,24.1291494863,24.1291494863,1040
71,83,2020-05-26 10:30:00,24.1291494863,24.2163282681,24.1291494863,24.2163282681,524
72,82,2020-05-26 11:00:00,24.1527846227,24.210225753400003,24.1527846227,24.210225753400003,915
73,81,2020-05-26 12:30:00,24.119462955,24.235701330700003,23.9838515167,24.235701330700003,2057
74,80,2020-05-26 14:00:00,24.4003723629,24.4003723629,24.4003723629,24.4003723629,100
75,79,2020-05-26 14:30:00,24.3616262377,24.3616262377,24.3616262377,24.3616262377,125
76,78,2020-05-26 15:00:00,24.4003723629,24.4003723629,24.3325666438,24.4003723629,2426
77,77,2020-05-26 15:30:00,24.3435124242,24.3435124242,24.3228801125,24.3403158688,1614
78,76,2020-05-26 16:00:00,24.3228801125,24.3228801125,24.3131935812,24.3131935812,582
79,75,2020-05-27 10:00:00,24.6134760517,24.6134760517,24.2163282681,24.2647609246,900
80,74,2020-05-27 10:30:00,24.3564923761,24.3564923761,24.2647609246,24.2647609246,718
81,73,2020-05-27 11:00:00,24.2647609246,24.2647609246,24.2550743933,24.2647609246,1279
82,72,2020-05-27 11:30:00,24.3228801125,24.3228801125,24.2647609246,24.2647609246,1000
83,71,2020-05-27 12:00:00,24.2550743933,24.2647609246,24.037127438899997,24.260208254899997,2848
84,70,2020-05-27 12:30:00,24.2647609246,24.2647609246,24.124306220700003,24.124306220700003,1800
85,69,2020-05-27 13:00:00,24.2647609246,24.2647609246,24.124306220700003,24.1439698792,2400
86,68,2020-05-27 13:30:00,24.2647609246,24.2647609246,24.138836017600003,24.2647609246,1000
87,67,2020-05-27 14:00:00,24.2647609246,24.2647609246,24.2647609246,24.2647609246,2000
88,66,2020-05-27 14:30:00,24.2647609246,24.2647609246,24.2647609246,24.2647609246,200
89,65,2020-05-27 15:30:00,24.2647609246,24.2647609246,24.2647609246,24.2647609246,552
90,64,2020-05-27 16:00:00,24.3809993003,24.4003723629,24.2647609246,24.4003723629,1972
91,63,2020-05-28 10:00:00,24.5243599637,24.5243599637,24.5243599637,24.5243599637,536
92,62,2020-05-28 11:00:00,24.3616262377,24.3616262377,24.3616262377,24.3616262377,417
93,61,2020-05-28 11:30:00,24.448805019499996,24.448805019499996,24.448805019499996,24.448805019499996,1248
94,60,2020-05-28 12:00:00,24.448805019499996,24.448805019499996,24.3809993003,24.410058894299997,2292
95,59,2020-05-28 12:30:00,24.410058894299997,24.410058894299997,24.410058894299997,24.410058894299997,540
96,58,2020-05-28 13:00:00,24.3616262377,24.371312769,24.3325666438,24.3616262377,982
97,57,2020-05-28 14:00:00,24.3616262377,24.3616262377,24.3616262377,24.3616262377,152
98,56,2020-05-28 14:30:00,24.3616262377,24.4197454256,24.2402540004,24.3131935812,2213
99,55,2020-05-28 15:30:00,24.3131935812,24.3131935812,24.3131935812,24.3131935812,400
100,54,2020-05-28 16:00:00,24.274447455900003,24.274447455900003,24.274447455900003,24.274447455900003,100
101,53,2020-05-29 10:00:00,23.9838515167,24.356879837399998,23.9838515167,24.356879837399998,1200
102,52,2020-05-29 10:30:00,24.3131935812,24.3131935812,24.3131935812,24.3131935812,150
103,51,2020-05-29 11:00:00,24.3809993003,24.3809993003,24.2647609246,24.2647609246,819
104,50,2020-05-29 11:30:00,24.2647609246,24.2647609246,24.2647609246,24.2647609246,119
105,49,2020-05-29 12:30:00,24.2647609246,24.2647609246,24.2647609246,24.2647609246,119
106,48,2020-05-29 13:00:00,23.974164985399998,23.974164985399998,23.664195983600003,23.664195983600003,5689
107,47,2020-05-29 13:30:00,23.875556096700002,23.875556096700002,23.875556096700002,23.875556096700002,100
108,46,2020-05-29 14:00:00,23.974164985399998,23.974164985399998,23.974164985399998,23.974164985399998,200
109,45,2020-05-29 14:30:00,23.974164985399998,23.974164985399998,23.9063592663,23.9063592663,639
110,44,2020-05-29 15:00:00,24.0419707046,24.0419707046,24.0419707046,24.0419707046,200
111,43,2020-05-29 15:30:00,24.0710302985,24.109776423699998,24.0710302985,24.109776423699998,700
112,42,2020-05-29 16:00:00,24.2163282681,25.078429554499998,24.2163282681,25.078429554499998,8484
113,41,2020-06-01 10:00:00,24.4681780821,24.797520146500002,24.4681780821,24.797520146500002,900
114,40,2020-06-01 10:30:00,24.7684605526,24.797520146500002,24.2163282681,24.2163282681,7800
115,39,2020-06-01 11:30:00,24.4197454256,24.4197454256,24.4197454256,24.4197454256,265
116,38,2020-06-01 15:00:00,24.6522221769,24.6522221769,24.6522221769,24.6522221769,200
117,37,2020-06-01 16:00:00,24.9137585222,24.9234450535,24.9137585222,24.9137585222,688
118,36,2020-06-02 10:00:00,24.3035070499,24.3035070499,24.274447455900003,24.274447455900003,500
119,35,2020-06-02 11:00:00,24.6522221769,24.6522221769,24.6522221769,24.6522221769,200
120,34,2020-06-02 11:30:00,24.8268703364,24.8268703364,24.8268703364,24.8268703364,300
121,33,2020-06-02 12:00:00,24.74908749,24.8943854596,24.74908749,24.8943854596,1200
122,32,2020-06-02 12:30:00,24.899228725300002,24.899228725300002,24.899228725300002,24.899228725300002,100
123,31,2020-06-02 14:00:00,24.8604826,24.870169131300003,24.8604826,24.870169131300003,614
124,30,2020-06-02 15:00:00,24.870169131300003,24.870169131300003,24.770882185399998,24.770882185399998,373
125,29,2020-06-02 15:30:00,24.690968302199998,24.690968302199998,24.690968302199998,24.690968302199998,200
126,28,2020-06-02 16:00:00,24.690968302199998,24.690968302199998,24.690968302199998,24.690968302199998,100
127,27,2020-06-03 10:00:00,24.9137585222,25.078429554499998,24.9137585222,25.078429554499998,17400
128,26,2020-06-03 10:30:00,25.000937304,25.000937304,25.000937304,25.000937304,300
129,25,2020-06-03 11:00:00,24.9912507727,25.010623835300002,24.9912507727,25.010623835300002,313
130,24,2020-06-03 12:30:00,25.010623835300002,25.0396834292,24.981564241399997,25.0396834292,1300
131,23,2020-06-03 13:00:00,25.010623835300002,25.0299968979,25.010623835300002,25.0299968979,1377
132,22,2020-06-03 13:30:00,25.0299968979,25.0396834292,25.007717875900003,25.007717875900003,762
133,21,2020-06-03 14:30:00,25.020310366599997,25.020310366599997,25.020310366599997,25.020310366599997,191
134,20,2020-06-03 15:00:00,25.068743023099998,25.068743023099998,25.068743023099998,25.068743023099998,382
135,19,2020-06-03 15:30:00,25.0590564918,25.068743023099998,25.0493699605,25.068743023099998,2165
136,18,2020-06-03 16:00:00,25.0638997575,25.1752948675,25.0590564918,25.1752948675,3506
137,17,2020-06-04 11:30:00,25.010623835300002,25.010623835300002,25.010623835300002,25.010623835300002,848
138,16,2020-06-04 12:00:00,24.971877710100003,24.971877710100003,24.971877710100003,24.971877710100003,200
139,15,2020-06-04 12:30:00,24.9912507727,24.9912507727,24.9912507727,24.9912507727,300
140,14,2020-06-04 13:30:00,25.1752948675,25.1752948675,25.1752948675,25.1752948675,455
141,13,2020-06-04 14:00:00,25.1365487423,25.252787118,25.1365487423,25.2237275241,4154
142,12,2020-06-04 14:30:00,25.2237275241,25.2237275241,25.2237275241,25.2237275241,200
143,11,2020-06-04 15:00:00,25.339965899699997,25.339965899699997,25.339965899699997,25.339965899699997,100
144,10,2020-06-04 15:30:00,25.339965899699997,25.3496524311,25.339965899699997,25.3496524311,400
145,9,2020-06-04 16:00:00,25.3496524311,25.3496524311,25.243100586700002,25.339965899699997,734
146,8,2020-06-05 10:00:00,25.4077716189,25.6111887763,25.398085087600002,25.4807111996,1120
147,7,2020-06-05 11:00:00,25.2410664151,25.2410664151,25.2410664151,25.2410664151,100
148,6,2020-06-05 12:00:00,25.301219774499998,25.330279368400003,25.2891116104,25.3060630402,500
149,5,2020-06-05 13:30:00,25.301219774499998,25.301219774499998,25.301219774499998,25.301219774499998,406
150,4,2020-06-05 14:00:00,25.194667930100003,25.194667930100003,25.194667930100003,25.194667930100003,100
151,3,2020-06-05 14:30:00,25.2334140554,25.2334140554,25.2334140554,25.2334140554,300
152,2,2020-06-05 15:00:00,25.2334140554,25.2334140554,25.2334140554,25.2334140554,300
153,1,2020-06-05 16:00:00,25.2334140554,25.267316914899997,25.2237275241,25.2237275241,1385
154,0,2020-06-05 17:00:00,25.281846711900002,25.281846711900002,25.281846711900002,25.281846711900002,1000
