,index,time,open,high,low,close,volume
0,455,2018-11-15 04:30:00,22.8,22.8,22.79,22.79,1915
1,454,2018-11-15 05:00:00,22.83,22.83,22.79,22.81,3152
2,453,2018-11-15 05:30:00,22.77,22.78,22.77,22.78,1350
3,452,2018-11-15 06:00:00,22.81,22.81,22.78,22.81,774
4,451,2018-11-15 06:30:00,22.83,22.83,22.81,22.81,200
5,450,2018-11-15 07:00:00,22.8,22.8,22.8,22.8,300
6,449,2018-11-15 07:30:00,22.82,22.82,22.82,22.82,300
7,448,2018-11-15 08:00:00,22.84,22.84,22.79,22.79,7108
8,447,2018-11-15 08:30:00,22.8201,22.8299,22.73,22.74,7692
9,446,2018-11-15 09:00:00,22.74,22.76,22.71,22.72,5272
10,445,2018-11-15 09:30:00,22.7,22.7,22.59,22.67,9263
11,444,2018-11-15 10:00:00,22.66,22.81,22.3215,22.3215,1328584
12,443,2018-11-15 10:30:00,22.32,22.41,22.1,22.13,1822563
13,442,2018-11-15 11:00:00,22.135,22.39,22.06,22.37,922136
14,441,2018-11-15 11:30:00,22.37,22.64,22.335,22.4877,925007
15,440,2018-11-15 12:00:00,22.485,22.74,22.4841,22.68,677945
16,439,2018-11-15 12:30:00,22.685,22.75,22.485,22.58,510025
17,438,2018-11-15 13:00:00,22.585,22.585,22.3903,22.425,366775
18,437,2018-11-15 13:30:00,22.43,22.6262,22.34,22.595,487727
19,436,2018-11-15 14:00:00,22.595,22.8,22.59,22.62,600415
20,435,2018-11-15 14:30:00,22.62,22.67,22.4847,22.575,559046
21,434,2018-11-15 15:00:00,22.57,22.7,22.51,22.53,477720
22,433,2018-11-15 15:30:00,22.535,22.58,22.41,22.485,634868
23,432,2018-11-15 16:00:00,22.48,22.62,22.47,22.62,2813245
24,431,2018-11-15 16:30:00,22.62,22.62,22.62,22.62,33804
25,430,2018-11-15 17:00:00,22.62,22.62,22.51,22.52,974
26,429,2018-11-15 17:30:00,22.52,22.52,22.52,22.52,200
27,428,2018-11-15 19:00:00,22.5,22.5,22.5,22.5,1000
28,427,2018-11-16 08:30:00,22.45,22.45,22.45,22.45,620
29,426,2018-11-16 09:00:00,22.45,22.45,22.4,22.4,5769
30,425,2018-11-16 09:30:00,22.41,22.62,22.41,22.62,31627
31,424,2018-11-16 10:00:00,22.49,22.8286,22.33,22.53,667610
32,423,2018-11-16 10:30:00,22.52,22.62,22.405,22.56,433388
33,422,2018-11-16 11:00:00,22.5699,22.669,22.47,22.5499,550106
34,421,2018-11-16 11:30:00,22.55,22.585,22.451999999999998,22.56,455681
35,420,2018-11-16 12:00:00,22.555,22.58,22.3,22.33,1360848
36,419,2018-11-16 12:30:00,22.33,22.418000000000003,22.2721,22.31,362706
37,418,2018-11-16 13:00:00,22.31,22.58,22.2916,22.5336,556999
38,417,2018-11-16 13:30:00,22.54,22.585,22.3331,22.34,264394
39,416,2018-11-16 14:00:00,22.33,22.34,22.19,22.21,942305
40,415,2018-11-16 14:30:00,22.21,22.29,22.12,22.2,553895
41,414,2018-11-16 15:00:00,22.2,22.255,22.14,22.18,618269
42,413,2018-11-16 15:30:00,22.185,22.35,22.185,22.305,707654
43,412,2018-11-16 16:00:00,22.3,22.31,22.2,22.25,1626023
44,411,2018-11-16 16:30:00,22.25,22.25,22.25,22.25,23625
45,410,2018-11-19 04:30:00,22.12,22.12,22.12,22.12,500
46,409,2018-11-19 07:30:00,22.03,22.06,22.03,22.03,1720
47,408,2018-11-19 08:00:00,22.08,22.08,22.08,22.08,656
48,407,2018-11-19 08:30:00,22.11,22.13,22.03,22.13,1380
49,406,2018-11-19 09:00:00,22.15,22.15,22.0101,22.14,3727
50,405,2018-11-19 09:30:00,22.11,22.11,22.04,22.05,1100
51,404,2018-11-19 10:00:00,22.14,22.35,22.1153,22.23,648884
52,403,2018-11-19 10:30:00,22.23,22.23,21.82,22.035,977611
53,402,2018-11-19 11:00:00,22.04,22.3,21.885,22.2,866488
54,401,2018-11-19 11:30:00,22.2,22.24,21.925,21.925,429306
55,400,2018-11-19 12:00:00,21.92,21.97,21.75,21.81,536192
56,399,2018-11-19 12:30:00,21.81,21.8599,21.71,21.81,349731
57,398,2018-11-19 13:00:00,21.8,21.9314,21.65,21.91,697919
58,397,2018-11-19 13:30:00,21.91,21.96,21.8135,21.92,291872
59,396,2018-11-19 14:00:00,21.92,22.06,21.84,22.0437,508707
60,395,2018-11-19 14:30:00,22.045,22.06,21.9308,22.06,324733
61,394,2018-11-19 15:00:00,22.055,22.14,22.01,22.11,298120
62,393,2018-11-19 15:30:00,22.105,22.19,22.0,22.105,462591
63,392,2018-11-19 16:00:00,22.105,22.14,21.9,22.0,1308598
64,391,2018-11-19 16:30:00,22.0,22.0,22.0,22.0,80810
65,390,2018-11-19 17:00:00,21.91,21.91,21.91,21.91,4000
66,389,2018-11-19 19:30:00,22.0,22.0,22.0,22.0,250
67,388,2018-11-20 04:30:00,21.9,21.9,21.61,21.78,18417
68,387,2018-11-20 05:00:00,21.78,21.84,21.75,21.84,1025
69,386,2018-11-20 05:30:00,21.79,21.8,21.78,21.8,1700
70,385,2018-11-20 06:30:00,21.77,21.77,21.7,21.7,2010
71,384,2018-11-20 07:30:00,21.74,21.79,21.7,21.79,1739
72,383,2018-11-20 08:00:00,21.7,21.78,21.7,21.74,2800
73,382,2018-11-20 08:30:00,21.72,21.79,21.71,21.71,2718
74,381,2018-11-20 09:00:00,21.68,21.73,21.6,21.6,14544
75,380,2018-11-20 09:30:00,21.61,21.65,21.51,21.58,41942
76,379,2018-11-20 10:00:00,21.58,21.89,21.58,21.855,1120415
77,378,2018-11-20 10:30:00,21.86,22.085,21.74,22.055,843846
78,377,2018-11-20 11:00:00,22.05,22.13,21.94,22.09,512232
79,376,2018-11-20 11:30:00,22.0985,22.11,21.94,22.01,328557
80,375,2018-11-20 12:00:00,22.01,22.05,21.905,22.03,361371
81,374,2018-11-20 12:30:00,22.03,22.13,21.93,21.99,301979
82,373,2018-11-20 13:00:00,21.985,22.01,21.905,21.92,147636
83,372,2018-11-20 13:30:00,21.915,21.94,21.78,21.875,307340
84,371,2018-11-20 14:00:00,21.875,22.0,21.82,21.885,600835
85,370,2018-11-20 14:30:00,21.88,21.92,21.8,21.835,338570
86,369,2018-11-20 15:00:00,21.835,21.95,21.8,21.855,321522
87,368,2018-11-20 15:30:00,21.86,21.94,21.7546,21.9032,564657
88,367,2018-11-20 16:00:00,21.905,21.92,21.68,21.76,1309195
89,366,2018-11-20 16:30:00,21.77,21.77,21.7,21.7,47030
90,365,2018-11-20 18:00:00,21.77,21.77,21.77,21.77,100
91,364,2018-11-21 05:30:00,21.88,21.89,21.87,21.87,498
92,363,2018-11-21 06:00:00,21.84,21.84,21.84,21.84,500
93,362,2018-11-21 08:00:00,21.93,21.97,21.93,21.97,500
94,361,2018-11-21 08:30:00,21.87,22.0,21.87,21.99,2000
95,360,2018-11-21 09:00:00,21.91,21.96,21.9,21.91,7578
96,359,2018-11-21 09:30:00,21.91,21.94,21.83,21.9,4206
97,358,2018-11-21 10:00:00,21.92,22.28,21.9,22.21,608907
98,357,2018-11-21 10:30:00,22.219,22.28,21.98,22.255,1184129
99,356,2018-11-21 11:00:00,22.26,22.26,22.1,22.14,289191
100,355,2018-11-21 11:30:00,22.13,22.22,22.04,22.12,277969
101,354,2018-11-21 12:00:00,22.13,22.2,22.1,22.115,160619
102,353,2018-11-21 12:30:00,22.11,22.16,22.01,22.0999,171300
103,352,2018-11-21 13:00:00,22.1,22.1,22.02,22.025,108623
104,351,2018-11-21 13:30:00,22.02,22.0202,21.93,21.94,159658
105,350,2018-11-21 14:00:00,21.945,22.01,21.94,21.99,127833
106,349,2018-11-21 14:30:00,21.98,21.99,21.92,21.9499,177419
107,348,2018-11-21 15:00:00,21.96,22.0,21.92,21.94,193959
108,347,2018-11-21 15:30:00,21.94,22.04,21.94,22.03,580412
109,346,2018-11-21 16:00:00,22.02,22.05,21.955,22.04,704564
110,345,2018-11-21 16:30:00,22.04,22.0401,22.04,22.0401,43181
111,344,2018-11-21 18:30:00,22.09,22.09,22.09,22.09,100
112,343,2018-11-21 19:00:00,22.09,22.09,22.09,22.09,100
113,342,2018-11-23 04:30:00,22.02,22.02,22.02,22.02,1000
114,341,2018-11-23 07:30:00,22.0,22.0,22.0,22.0,100
115,340,2018-11-23 08:30:00,22.0,22.0,21.87,21.87,2934
116,339,2018-11-23 09:00:00,21.89,21.89,21.87,21.87,766
117,338,2018-11-23 09:30:00,21.81,21.99,21.6732,21.72,1685
118,337,2018-11-23 10:00:00,21.87,22.09,21.83,22.02,307263
119,336,2018-11-23 10:30:00,22.025,22.15,22.025,22.13,163172
120,335,2018-11-23 11:00:00,22.13,22.21,22.0601,22.13,187630
121,334,2018-11-23 11:30:00,22.14,22.28,22.135,22.25,235437
122,333,2018-11-23 12:00:00,22.245,22.25,22.128,22.13,138742
123,332,2018-11-23 12:30:00,22.13,22.15,22.04,22.05,122285
124,331,2018-11-23 13:00:00,22.045,22.08,21.93,21.95,316363
125,330,2018-11-23 13:30:00,21.94,21.94,21.94,21.94,56684
126,329,2018-11-26 07:00:00,22.09,22.09,22.08,22.08,1000
127,328,2018-11-26 07:30:00,22.1,22.1,22.1,22.1,500
128,327,2018-11-26 08:00:00,22.15,22.2,22.15,22.19,1800
129,326,2018-11-26 08:30:00,22.18,22.18,22.11,22.11,1415
130,325,2018-11-26 09:00:00,22.15,22.17,22.11,22.15,2563
131,324,2018-11-26 09:30:00,22.17,22.21,22.07,22.08,10928
132,323,2018-11-26 10:00:00,22.07,22.27,21.9201,22.265,526082
133,322,2018-11-26 10:30:00,22.26,22.29,22.07,22.115,303297
134,321,2018-11-26 11:00:00,22.115,22.195,21.99,22.15,306058
135,320,2018-11-26 11:30:00,22.16,22.19,22.1,22.1028,186177
136,319,2018-11-26 12:00:00,22.105,22.105,21.92,21.95,392103
137,318,2018-11-26 12:30:00,21.95,21.955,21.77,21.84,315285
138,317,2018-11-26 13:00:00,21.845,21.85,21.7,21.835,325867
139,316,2018-11-26 13:30:00,21.835,21.85,21.75,21.76,314098
140,315,2018-11-26 14:00:00,21.765,21.84,21.71,21.787,352102
141,314,2018-11-26 14:30:00,21.785,21.825,21.71,21.775,606802
142,313,2018-11-26 15:00:00,21.775,21.83,21.73,21.79,321929
143,312,2018-11-26 15:30:00,21.8,21.855,21.8,21.805,315579
144,311,2018-11-26 16:00:00,21.81,21.85,21.79,21.85,1054195
145,310,2018-11-26 16:30:00,21.86,21.92,21.8,21.85,2030647
146,309,2018-11-27 04:30:00,21.81,21.81,21.81,21.81,200
147,308,2018-11-27 05:00:00,21.86,21.86,21.86,21.86,699
148,307,2018-11-27 05:30:00,21.81,21.87,21.81,21.82,4584
149,306,2018-11-27 06:00:00,21.79,21.79,21.78,21.78,3695
150,305,2018-11-27 07:00:00,21.78,21.78,21.75,21.75,2900
151,304,2018-11-27 07:30:00,21.75,21.75,21.75,21.75,9992
152,303,2018-11-27 08:00:00,21.78,21.78,21.78,21.78,125
153,302,2018-11-27 08:30:00,21.74,21.74,21.74,21.74,1800
154,301,2018-11-27 09:00:00,21.7,21.7,21.7,21.7,600
155,300,2018-11-27 09:30:00,21.77,21.9,21.77,21.9,81785
156,299,2018-11-27 10:00:00,21.85,21.87,21.54,21.55,1068940
157,298,2018-11-27 10:30:00,21.555,21.635,21.47,21.5201,864226
158,297,2018-11-27 11:00:00,21.51,21.65,21.42,21.61,643060
159,296,2018-11-27 11:30:00,21.6,21.66,21.58,21.63,438251
160,295,2018-11-27 12:00:00,21.62,21.74,21.6,21.7101,390696
161,294,2018-11-27 12:30:00,21.715,21.72,21.54,21.56,369818
162,293,2018-11-27 13:00:00,21.56,21.66,21.55,21.5905,207663
163,292,2018-11-27 13:30:00,21.595,21.68,21.56,21.66,250367
164,291,2018-11-27 14:00:00,21.66,21.885,21.66,21.87,995002
165,290,2018-11-27 14:30:00,21.875,21.875,21.76,21.8053,383417
166,289,2018-11-27 15:00:00,21.81,21.84,21.75,21.7936,552050
167,288,2018-11-27 15:30:00,21.79,21.82,21.71,21.795,361498
168,287,2018-11-27 16:00:00,21.795,21.82,21.72,21.8,3529149
169,286,2018-11-27 16:30:00,21.8,21.8,21.7,21.7,75124
170,285,2018-11-27 17:00:00,21.75,21.75,21.75,21.75,250
171,284,2018-11-28 05:00:00,21.69,21.69,21.69,21.69,800
172,283,2018-11-28 06:00:00,21.67,21.72,21.67,21.72,3071
173,282,2018-11-28 06:30:00,21.69,21.7,21.69,21.7,1675
174,281,2018-11-28 08:00:00,21.74,21.75,21.74,21.75,2256
175,280,2018-11-28 08:30:00,21.78,21.78,21.66,21.66,4144
176,279,2018-11-28 09:00:00,21.75,21.78,21.75,21.78,874
177,278,2018-11-28 09:30:00,21.8,21.8,21.77,21.78,1794
178,277,2018-11-28 10:00:00,21.8,21.86,21.69,21.76,623240
179,276,2018-11-28 10:30:00,21.76,21.8,21.58,21.6,778764
180,275,2018-11-28 11:00:00,21.6,21.6,21.48,21.55,510020
181,274,2018-11-28 11:30:00,21.5405,21.59,21.49,21.53,425279
182,273,2018-11-28 12:00:00,21.52,21.64,21.465,21.63,312739
183,272,2018-11-28 12:30:00,21.63,21.78,21.63,21.775,472129
184,271,2018-11-28 13:00:00,21.78,21.82,21.71,21.73,473437
185,270,2018-11-28 13:30:00,21.74,21.75,21.58,21.7,410871
186,269,2018-11-28 14:00:00,21.69,21.77,21.69,21.74,238753
187,268,2018-11-28 14:30:00,21.745,21.775,21.7,21.73,321572
188,267,2018-11-28 15:00:00,21.73,21.77,21.71,21.74,235902
189,266,2018-11-28 15:30:00,21.74,21.8,21.725,21.785,444597
190,265,2018-11-28 16:00:00,21.785,21.8799,21.7648,21.84,2830253
191,264,2018-11-28 16:30:00,21.84,22.0,21.55,22.0,372908
192,263,2018-11-28 17:00:00,21.85,21.85,21.85,21.85,300
193,262,2018-11-28 18:00:00,21.79,21.79,21.79,21.79,100
194,261,2018-11-28 19:00:00,21.98,21.98,21.98,21.98,1000
195,260,2018-11-29 04:30:00,21.75,21.75,21.75,21.75,190
196,259,2018-11-29 07:00:00,21.72,21.72,21.72,21.72,4000
197,258,2018-11-29 07:30:00,21.72,21.72,21.72,21.72,190
198,257,2018-11-29 08:30:00,21.78,21.78,21.73,21.73,3600
199,256,2018-11-29 09:00:00,21.74,21.75,21.66,21.68,11131
200,255,2018-11-29 09:30:00,21.7,21.79,21.7,21.79,10677
201,254,2018-11-29 10:00:00,21.78,22.0198,21.76,21.78,729264
202,253,2018-11-29 10:30:00,21.7799,21.88,21.77,21.785,395560
203,252,2018-11-29 11:00:00,21.7832,21.93,21.76,21.8227,403083
204,251,2018-11-29 11:30:00,21.825,21.85,21.73,21.83,527780
205,250,2018-11-29 12:00:00,21.835,21.97,21.81,21.955,612542
206,249,2018-11-29 12:30:00,21.955,21.99,21.8,21.82,536162
207,248,2018-11-29 13:00:00,21.82,21.88,21.81,21.86,861646
208,247,2018-11-29 13:30:00,21.86,21.93,21.85,21.88,388544
209,246,2018-11-29 14:00:00,21.88,21.92,21.83,21.87,2019679
210,245,2018-11-29 14:30:00,21.87,21.975,21.84,21.94,602456
211,244,2018-11-29 15:00:00,21.94,21.97,21.88,21.95,1073975
212,243,2018-11-29 15:30:00,21.96,22.02,21.84,21.875,706883
213,242,2018-11-29 16:00:00,21.87,21.91,21.82,21.91,1659228
214,241,2018-11-29 16:30:00,21.9,21.91,21.9,21.91,71408
215,240,2018-11-30 09:30:00,21.8,21.8,21.8,21.8,505
216,239,2018-11-30 10:00:00,21.89,21.96,21.67,21.79,562453
217,238,2018-11-30 10:30:00,21.7846,21.9,21.74,21.855,266614
218,237,2018-11-30 11:00:00,21.86,21.96,21.79,21.835,268586
219,236,2018-11-30 11:30:00,21.825,21.88,21.735,21.8277,251019
220,235,2018-11-30 12:00:00,21.82,21.88,21.795,21.805,197556
221,234,2018-11-30 12:30:00,21.805,21.89,21.795,21.81,166927
222,233,2018-11-30 13:00:00,21.805,21.835,21.795,21.81,144489
223,232,2018-11-30 13:30:00,21.805,21.85,21.79,21.8,223703
224,231,2018-11-30 14:00:00,21.8,21.845,21.72,21.735,1648916
225,230,2018-11-30 14:30:00,21.735,21.75,21.6,21.63,248174
226,229,2018-11-30 15:00:00,21.63,21.66,21.575,21.575,329090
227,228,2018-11-30 15:30:00,21.58,21.675,21.56,21.62,288985
228,227,2018-11-30 16:00:00,21.61,21.64,21.53,21.55,1178688
229,226,2018-11-30 16:30:00,21.59,21.59,21.54,21.54,151415
230,225,2018-11-30 19:30:00,21.53,21.55,21.53,21.55,1350
231,224,2018-12-03 06:30:00,21.87,21.92,21.85,21.88,4483
232,223,2018-12-03 07:30:00,21.85,21.9,21.84,21.85,4650
233,222,2018-12-03 08:00:00,21.85,21.88,21.85,21.88,1200
234,221,2018-12-03 08:30:00,21.8799,21.91,21.85,21.9,6671
235,220,2018-12-03 09:00:00,21.89,21.91,21.89,21.9,4066
236,219,2018-12-03 09:30:00,21.91,21.91,21.85,21.85,3562
237,218,2018-12-03 10:00:00,21.89,22.02,21.7,21.83,2004293
238,217,2018-12-03 10:30:00,21.84,21.96,21.695,21.77,607535
239,216,2018-12-03 11:00:00,21.77,21.795,21.66,21.665,406157
240,215,2018-12-03 11:30:00,21.66,21.695999999999998,21.6,21.66,470353
241,214,2018-12-03 12:00:00,21.67,21.67,21.58,21.625,420232
242,213,2018-12-03 12:30:00,21.63,21.74,21.625,21.665,391526
243,212,2018-12-03 13:00:00,21.665,21.74,21.66,21.715,387380
244,211,2018-12-03 13:30:00,21.715,21.74,21.7,21.715,227716
245,210,2018-12-03 14:00:00,21.71,21.72,21.61,21.635,326392
246,209,2018-12-03 14:30:00,21.64,21.66,21.52,21.5345,576433
247,208,2018-12-03 15:00:00,21.54,21.55,21.48,21.54,414818
248,207,2018-12-03 15:30:00,21.545,21.59,21.5,21.5499,451383
249,206,2018-12-03 16:00:00,21.545,21.6,21.52,21.585,1052794
250,205,2018-12-03 16:30:00,21.59,21.63,21.51,21.63,45899
251,204,2018-12-03 17:00:00,21.63,21.63,21.59,21.59,999
252,203,2018-12-03 20:00:00,21.6,21.6,21.6,21.6,125
253,202,2018-12-04 04:30:00,21.37,21.4,21.37,21.39,2267
254,201,2018-12-04 05:00:00,21.39,21.39,21.39,21.39,300
255,200,2018-12-04 05:30:00,21.4,21.47,21.4,21.47,5040
256,199,2018-12-04 07:00:00,21.43,21.43,21.43,21.43,360
257,198,2018-12-04 07:30:00,21.43,21.46,21.43,21.44,3016
258,197,2018-12-04 08:00:00,21.43,21.43,21.43,21.43,2226
259,196,2018-12-04 08:30:00,21.43,21.5,21.43,21.49,7414
260,195,2018-12-04 09:00:00,21.49,21.49,21.49,21.49,200
261,194,2018-12-04 09:30:00,21.5,21.5,21.45,21.45,1750
262,193,2018-12-04 10:00:00,21.52,21.565,21.23,21.49,1731328
263,192,2018-12-04 10:30:00,21.48,21.5,21.33,21.43,491361
264,191,2018-12-04 11:00:00,21.43,21.49,21.37,21.44,388332
265,190,2018-12-04 11:30:00,21.44,21.46,21.37,21.39,414144
266,189,2018-12-04 12:00:00,21.385,21.5,21.29,21.29,549580
267,188,2018-12-04 12:30:00,21.295,21.295,20.965,21.02,944906
268,187,2018-12-04 13:00:00,21.03,21.08,20.89,20.99,712273
269,186,2018-12-04 13:30:00,20.99,21.025,20.855,20.889,786721
270,185,2018-12-04 14:00:00,20.89,20.98,20.84,20.9,567426
271,184,2018-12-04 14:30:00,20.9,20.975,20.75,20.77,582784
272,183,2018-12-04 15:00:00,20.775,20.915,20.775,20.79,543080
273,182,2018-12-04 15:30:00,20.795,20.795,20.585,20.66,1416935
274,181,2018-12-04 16:00:00,20.655,20.72,20.53,20.56,2189497
275,180,2018-12-04 16:30:00,20.55,20.6,20.54,20.6,76525
276,179,2018-12-04 17:30:00,20.62,20.62,20.55,20.62,1054
277,178,2018-12-04 20:00:00,20.7,20.76,20.7,20.76,959
278,177,2018-12-06 04:30:00,20.53,20.53,20.47,20.47,9089
279,176,2018-12-06 05:00:00,20.45,20.45,20.35,20.35,3184
280,175,2018-12-06 05:30:00,20.4,20.4,20.38,20.38,4141
281,174,2018-12-06 06:00:00,20.36,20.36,20.36,20.36,1000
282,173,2018-12-06 06:30:00,20.47,20.47,20.47,20.47,950
283,172,2018-12-06 08:30:00,20.4201,20.46,20.42,20.42,6859
284,171,2018-12-06 09:30:00,20.39,20.43,20.35,20.35,23937
285,170,2018-12-06 10:00:00,20.34,20.34,19.7,19.8599,2224906
286,169,2018-12-06 10:30:00,19.85,20.01,19.84,19.865,1545439
287,168,2018-12-06 11:00:00,19.865,19.89,19.63,19.6566,2201692
288,167,2018-12-06 11:30:00,19.66,19.75,19.42,19.46,1926744
289,166,2018-12-06 12:00:00,19.46,19.8,19.4501,19.66,1240360
290,165,2018-12-06 12:30:00,19.6501,19.92,19.6,19.91,1129636
291,164,2018-12-06 13:00:00,19.92,19.98,19.87,19.96,516899
292,163,2018-12-06 13:30:00,19.9501,19.985,19.8,19.88,672665
293,162,2018-12-06 14:00:00,19.88,20.089000000000002,19.75,20.07,593020
294,161,2018-12-06 14:30:00,20.07,20.085,19.89,19.995,931312
295,160,2018-12-06 15:00:00,20.0,20.08,19.85,20.02,1002022
296,159,2018-12-06 15:30:00,20.025,20.15,19.99,20.12,560422
297,158,2018-12-06 16:00:00,20.11,20.3,20.1,20.27,1938652
298,157,2018-12-06 16:30:00,20.26,20.2701,20.2,20.2,115947
299,156,2018-12-06 17:00:00,20.2001,20.2001,20.2,20.2,400
300,155,2018-12-06 17:30:00,20.21,20.21,20.21,20.21,800
301,154,2018-12-06 18:00:00,20.02,20.02,20.02,20.02,100
302,153,2018-12-06 19:00:00,20.08,20.08,20.08,20.08,1500
303,152,2018-12-06 19:30:00,20.2,20.2,20.2,20.2,100
304,151,2018-12-06 20:00:00,20.21,20.21,20.21,20.21,125
305,150,2018-12-07 10:00:00,20.19,20.33,20.065,20.1166,954405
306,149,2018-12-07 10:30:00,20.11,20.11,19.8328,19.92,787208
307,148,2018-12-07 11:00:00,19.92,19.925,19.63,19.75,764660
308,147,2018-12-07 11:30:00,19.74,19.75,19.64,19.72,780243
309,146,2018-12-07 12:00:00,19.71,19.78,19.62,19.63,595267
310,145,2018-12-07 12:30:00,19.63,19.66,19.53,19.54,381546
311,144,2018-12-07 13:00:00,19.54,19.67,19.5,19.65,499561
312,143,2018-12-07 13:30:00,19.64,19.69,19.535,19.62,447670
313,142,2018-12-07 14:00:00,19.61,19.62,19.51,19.5201,300770
314,141,2018-12-07 14:30:00,19.52,19.57,19.44,19.52,515437
315,140,2018-12-07 15:00:00,19.53,19.56,19.37,19.4,534354
316,139,2018-12-07 15:30:00,19.4,19.5,19.38,19.485,645142
317,138,2018-12-07 16:00:00,19.48,19.59,19.4,19.415,1426771
318,137,2018-12-07 16:30:00,19.41,19.6,19.41,19.6,47497
319,136,2018-12-07 17:00:00,19.54,19.54,19.54,19.54,200
320,135,2018-12-07 17:30:00,19.45,19.45,19.45,19.45,2000
321,134,2018-12-07 19:00:00,19.45,19.45,19.45,19.45,2948
322,133,2018-12-07 20:00:00,19.45,19.45,19.45,19.45,112
323,132,2018-12-10 04:30:00,18.4,18.72,18.35,18.72,16200
324,131,2018-12-10 05:00:00,18.72,18.92,18.72,18.82,3800
325,130,2018-12-10 05:30:00,18.84,18.94,18.84,18.86,9367
326,129,2018-12-10 06:00:00,18.84,18.9,18.84,18.9,1200
327,128,2018-12-10 06:30:00,18.91,19.01,18.86,18.86,8422
328,127,2018-12-10 07:00:00,18.88,18.9,18.79,18.79,5892
329,126,2018-12-10 07:30:00,18.83,18.85,18.75,18.75,14173
330,125,2018-12-10 08:00:00,18.73,18.9,18.72,18.85,20087
331,124,2018-12-10 08:30:00,18.8001,18.98,18.75,18.98,45387
332,123,2018-12-10 09:00:00,18.97,19.19,18.97,19.05,25716
333,122,2018-12-10 09:30:00,19.08,19.11,18.95,19.0,18334
334,121,2018-12-10 10:00:00,18.95,18.95,18.16,18.18,3439599
335,120,2018-12-10 10:30:00,18.18,18.58,18.17,18.435,2305525
336,119,2018-12-10 11:00:00,18.43,18.62,18.34,18.465,2125680
337,118,2018-12-10 11:30:00,18.4694,18.47,18.2729,18.3,1313226
338,117,2018-12-10 12:00:00,18.295,18.45,18.16,18.17,737760
339,116,2018-12-10 12:30:00,18.165,18.17,17.9,17.984,1385296
340,115,2018-12-10 13:00:00,17.98,18.09,17.86,17.975,1199518
341,114,2018-12-10 13:30:00,17.975,18.12,17.9,17.905,752176
342,113,2018-12-10 14:00:00,17.9,18.36,17.83,18.2834,1369111
343,112,2018-12-10 14:30:00,18.28,18.3675,18.23,18.285999999999998,590673
344,111,2018-12-10 15:00:00,18.29,18.52,18.29,18.425,1146089
345,110,2018-12-10 15:30:00,18.425,18.5,18.32,18.445,1085488
346,109,2018-12-10 16:00:00,18.45,18.58,18.44,18.45,3655424
347,108,2018-12-10 16:30:00,18.44,18.46,18.44,18.44,1724471
348,107,2018-12-10 17:00:00,18.4701,18.5,18.4701,18.5,762
349,106,2018-12-10 17:30:00,18.46,18.46,18.45,18.46,3460
350,105,2018-12-10 18:00:00,18.4899,18.4899,18.45,18.45,1750
351,104,2018-12-10 18:30:00,18.45,18.45,18.45,18.45,250
352,103,2018-12-10 19:30:00,18.45,18.45,18.45,18.45,3500
353,102,2018-12-10 20:00:00,18.45,18.48,18.45,18.48,700
354,101,2018-12-11 04:30:00,18.35,18.38,18.35,18.38,1695
355,100,2018-12-11 05:00:00,18.38,18.39,18.38,18.39,658
356,99,2018-12-11 05:30:00,18.4,18.4,18.4,18.4,200
357,98,2018-12-11 06:00:00,18.44,18.44,18.42,18.42,1450
358,97,2018-12-11 06:30:00,18.47,18.47,18.46,18.46,722
359,96,2018-12-11 07:00:00,18.48,18.48,18.44,18.47,2626
360,95,2018-12-11 07:30:00,18.47,18.65,18.47,18.63,15635
361,94,2018-12-11 08:00:00,18.61,18.64,18.61,18.62,3562
362,93,2018-12-11 08:30:00,18.58,18.69,18.5201,18.67,27013
363,92,2018-12-11 09:00:00,18.66,18.75,18.66,18.75,14073
364,91,2018-12-11 09:30:00,18.7201,18.75,18.71,18.71,10478
365,90,2018-12-11 10:00:00,18.69,18.69,18.38,18.59,1752338
366,89,2018-12-11 10:30:00,18.585,18.6,18.385,18.5,1422233
367,88,2018-12-11 11:00:00,18.505,18.54,18.43,18.515,1038606
368,87,2018-12-11 11:30:00,18.515,18.52,18.37,18.405,839597
369,86,2018-12-11 12:00:00,18.4,18.42,18.29,18.36,824889
370,85,2018-12-11 12:30:00,18.36,18.385,18.21,18.26,809546
371,84,2018-12-11 13:00:00,18.25,18.42,18.17,18.34,981915
372,83,2018-12-11 13:30:00,18.34,18.405,18.25,18.36,742450
373,82,2018-12-11 14:00:00,18.35,18.42,18.31,18.355,896310
374,81,2018-12-11 14:30:00,18.35,18.58,18.28,18.55,1397720
375,80,2018-12-11 15:00:00,18.55,18.57,18.43,18.565,873210
376,79,2018-12-11 15:30:00,18.57,18.69,18.52,18.57,856542
377,78,2018-12-11 16:00:00,18.575,18.65,18.515,18.53,1816870
378,77,2018-12-11 16:30:00,18.54,18.54,18.51,18.52,10369
379,76,2018-12-11 17:00:00,18.52,18.52,18.52,18.52,149
380,75,2018-12-11 17:30:00,18.51,18.52,18.51,18.52,124356
381,74,2018-12-12 05:00:00,18.79,18.79,18.79,18.79,700
382,73,2018-12-12 05:30:00,18.85,18.85,18.77,18.77,1243
383,72,2018-12-12 06:00:00,18.79,18.8,18.79,18.8,500
384,71,2018-12-12 06:30:00,18.78,18.78,18.75,18.78,1750
385,70,2018-12-12 07:00:00,18.72,18.74,18.72,18.73,4051
386,69,2018-12-12 07:30:00,18.73,18.73,18.66,18.66,2429
387,68,2018-12-12 08:00:00,18.71,18.71,18.52,18.6,55375
388,67,2018-12-12 08:30:00,18.65,18.65,18.59,18.65,7200
389,66,2018-12-12 09:00:00,18.64,18.74,18.6,18.6,20259
390,65,2018-12-12 09:30:00,18.72,18.76,18.61,18.75,17350
391,64,2018-12-12 10:00:00,18.76,19.04,18.76,19.02,1797422
392,63,2018-12-12 10:30:00,19.02,19.08,18.96,18.995,1397142
393,62,2018-12-12 11:00:00,18.99,19.335,18.99,19.3,1193746
394,61,2018-12-12 11:30:00,19.3,19.34,19.1,19.12,806494
395,60,2018-12-12 12:00:00,19.12,19.16,19.02,19.12,454825
396,59,2018-12-12 12:30:00,19.12,19.155,19.04,19.09,478935
397,58,2018-12-12 13:00:00,19.09,19.13,19.01,19.12,539631
398,57,2018-12-12 13:30:00,19.12,19.2,19.11,19.135,561282
399,56,2018-12-12 14:00:00,19.14,19.14,18.96,19.03,583376
400,55,2018-12-12 14:30:00,19.03,19.065,18.935,18.96,474922
401,54,2018-12-12 15:00:00,18.96,19.02,18.92,18.98,661574
402,53,2018-12-12 15:30:00,18.975,19.04,18.93,19.0001,729064
403,52,2018-12-12 16:00:00,19.005,19.05,18.965,18.99,1817823
404,51,2018-12-12 16:30:00,18.99,18.99,18.99,18.99,74527
405,50,2018-12-12 17:00:00,19.03,19.03,19.03,19.03,400
406,49,2018-12-12 19:30:00,19.0,19.0,19.0,19.0,100
407,48,2018-12-12 20:00:00,18.9,18.9,18.9,18.9,400
408,47,2018-12-13 04:30:00,19.03,19.03,19.03,19.03,518
409,46,2018-12-13 05:30:00,18.97,18.97,18.97,18.97,400
410,45,2018-12-13 06:00:00,19.0,19.0,19.0,19.0,100
411,44,2018-12-13 06:30:00,18.99,18.99,18.96,18.96,1054
412,43,2018-12-13 07:00:00,18.97,18.97,18.97,18.97,100
413,42,2018-12-13 07:30:00,18.98,19.0,18.98,19.0,5000
414,41,2018-12-13 08:00:00,19.0,19.0,19.0,19.0,241
415,40,2018-12-13 08:30:00,18.93,18.97,18.93,18.97,1100
416,39,2018-12-13 09:00:00,18.98,19.01,18.98,19.01,7274
417,38,2018-12-13 09:30:00,19.04,19.05,19.0399,19.05,8961
418,37,2018-12-13 10:00:00,19.05,19.24,19.03,19.141,1446694
419,36,2018-12-13 10:30:00,19.145,19.29,19.1,19.11,850489
420,35,2018-12-13 11:00:00,19.11,19.16,19.03,19.11,684993
421,34,2018-12-13 11:30:00,19.11,19.19,19.09,19.1425,747659
422,33,2018-12-13 12:00:00,19.14,19.29,19.11,19.26,527346
423,32,2018-12-13 12:30:00,19.25,19.27,19.08,19.11,564163
424,31,2018-12-13 13:00:00,19.1066,19.18,19.08,19.11,323592
425,30,2018-12-13 13:30:00,19.105,19.12,19.05,19.1,312934
426,29,2018-12-13 14:00:00,19.1,19.16,19.01,19.0237,494590
427,28,2018-12-13 14:30:00,19.0236,19.04,18.94,19.04,543052
428,27,2018-12-13 15:00:00,19.04,19.06,18.965,19.06,447669
429,26,2018-12-13 15:30:00,19.06,19.15,19.03,19.07,469212
430,25,2018-12-13 16:00:00,19.07,19.11,19.02,19.02,1077399
431,24,2018-12-13 16:30:00,19.02,19.03,19.02,19.03,49663
432,23,2018-12-13 17:30:00,19.02,19.02,19.02,19.02,250
433,22,2018-12-13 18:00:00,19.05,19.05,19.05,19.05,100
434,21,2018-12-14 08:00:00,18.86,18.86,18.86,18.86,1000
435,20,2018-12-14 08:30:00,18.85,18.86,18.85,18.86,3500
436,19,2018-12-14 09:30:00,18.87,18.87,18.86,18.86,9245
437,18,2018-12-14 10:00:00,18.86,19.06,18.832,19.03,879559
438,17,2018-12-14 10:30:00,19.04,19.16,18.94,19.0,772483
439,16,2018-12-14 11:00:00,19.0,19.025,18.92,18.971,618787
440,15,2018-12-14 11:30:00,18.97,19.01,18.92,18.92,322051
441,14,2018-12-14 12:00:00,18.915,18.94,18.72,18.72,546415
442,13,2018-12-14 12:30:00,18.725,18.81,18.705,18.776,400939
443,12,2018-12-14 13:00:00,18.775,18.815,18.55,18.555,581305
444,11,2018-12-14 13:30:00,18.5522,18.68,18.545,18.65,434956
445,10,2018-12-14 14:00:00,18.65,18.66,18.45,18.53,654359
446,9,2018-12-14 14:30:00,18.54,18.59,18.45,18.49,497171
447,8,2018-12-14 15:00:00,18.49,18.49,18.28,18.37,878911
448,7,2018-12-14 15:30:00,18.37,18.5,18.365,18.41,385026
449,6,2018-12-14 16:00:00,18.415,18.51,18.37,18.46,2139762
450,5,2018-12-14 16:30:00,18.46,18.55,18.46,18.55,73605
451,4,2018-12-14 17:00:00,18.4601,18.5001,18.4601,18.5,2111
452,3,2018-12-14 17:30:00,18.47,18.47,18.47,18.47,500
453,2,2018-12-14 18:30:00,18.54,18.54,18.46,18.46,3170
454,1,2018-12-14 19:00:00,18.47,18.47,18.47,18.47,300
455,0,2018-12-14 20:00:00,18.54,18.6,18.54,18.6,396
456,469,2018-12-17 04:30:00,18.54,18.54,18.54,18.54,600
457,468,2018-12-17 05:00:00,18.49,18.49,18.49,18.49,300
458,467,2018-12-17 05:30:00,18.54,18.54,18.54,18.54,1078
459,466,2018-12-17 06:00:00,18.56,18.56,18.55,18.55,5000
460,465,2018-12-17 06:30:00,18.55,18.55,18.54,18.54,7292
461,464,2018-12-17 07:00:00,18.53,18.53,18.5,18.5,798
462,463,2018-12-17 07:30:00,18.51,18.51,18.49,18.49,500
463,462,2018-12-17 08:00:00,18.5,18.5,18.5,18.5,8000
464,461,2018-12-17 08:30:00,18.5,18.78,18.48,18.67,73109
465,460,2018-12-17 09:00:00,18.61,18.61,18.56,18.57,10327
466,459,2018-12-17 09:30:00,18.57,18.58,18.44,18.44,20938
467,458,2018-12-17 10:00:00,18.45,18.45,17.97,18.08,1558175
468,457,2018-12-17 10:30:00,18.0801,18.13,17.73,17.81,1950470
469,456,2018-12-17 11:00:00,17.815,17.87,17.65,17.8215,1217460
470,455,2018-12-17 11:30:00,17.8251,18.04,17.825,18.015,1028856
471,454,2018-12-17 12:00:00,18.02,18.05,17.86,17.95,1505913
472,453,2018-12-17 12:30:00,17.94,17.94,17.74,17.76,627848
473,452,2018-12-17 13:00:00,17.75,17.82,17.72,17.725,751635
474,451,2018-12-17 13:30:00,17.72,17.9101,17.67,17.86,781864
475,450,2018-12-17 14:00:00,17.86,17.87,17.7,17.79,524725
476,449,2018-12-17 14:30:00,17.79,17.815,17.685,17.805,600299
477,448,2018-12-17 15:00:00,17.81,17.93,17.79,17.9,818804
478,447,2018-12-17 15:30:00,17.905,17.93,17.825,17.85,784393
479,446,2018-12-17 16:00:00,17.85,17.855,17.6,17.655,2806237
480,445,2018-12-17 16:30:00,17.65,17.67,17.65,17.65,977418
481,444,2018-12-17 17:00:00,17.6,17.82,17.6,17.82,1743
482,443,2018-12-17 18:00:00,17.77,17.77,17.77,17.77,5000
483,442,2018-12-17 18:30:00,17.76,17.76,17.76,17.76,1650
484,441,2018-12-17 19:00:00,17.76,17.76,17.76,17.76,500
485,440,2018-12-17 20:00:00,17.68,17.76,17.68,17.76,2000
486,439,2018-12-18 04:30:00,17.72,17.74,17.68,17.68,4745
487,438,2018-12-18 05:30:00,17.71,17.71,17.7,17.7,790
488,437,2018-12-18 06:00:00,17.68,17.69,17.68,17.69,4000
489,436,2018-12-18 06:30:00,17.69,17.69,17.69,17.69,100
490,435,2018-12-18 07:00:00,17.68,17.68,17.68,17.68,235
491,434,2018-12-18 07:30:00,17.65,17.73,17.65,17.73,5551
492,433,2018-12-18 08:00:00,17.75,17.84,17.75,17.84,16006
493,432,2018-12-18 08:30:00,17.8499,17.85,17.7001,17.8,6100
494,431,2018-12-18 09:00:00,17.79,17.83,17.76,17.79,7808
495,430,2018-12-18 09:30:00,17.72,17.76,17.65,17.71,34545
496,429,2018-12-18 10:00:00,17.71,17.93,17.63,17.875,1507983
497,428,2018-12-18 10:30:00,17.865,17.94,17.575,17.62,1267405
498,427,2018-12-18 11:00:00,17.615,17.65,17.43,17.43,883542
499,426,2018-12-18 11:30:00,17.44,17.49,17.31,17.41,1055977
500,425,2018-12-18 12:00:00,17.415,17.42,17.25,17.28,704583
501,424,2018-12-18 12:30:00,17.28,17.55,17.28,17.5,616649
502,423,2018-12-18 13:00:00,17.5,17.53,17.41,17.43,483020
503,422,2018-12-18 13:30:00,17.44,17.5,17.37,17.3889,330963
504,421,2018-12-18 14:00:00,17.38,17.42,17.31,17.335,587168
505,420,2018-12-18 14:30:00,17.34,17.41,17.3,17.3723,639162
506,419,2018-12-18 15:00:00,17.375,17.38,17.12,17.12,829822
507,418,2018-12-18 15:30:00,17.12,17.19,17.1,17.13,1085015
508,417,2018-12-18 16:00:00,17.135,17.15,17.0,17.01,2586325
509,416,2018-12-18 16:30:00,17.03,17.17,17.01,17.17,113375
510,415,2018-12-18 17:00:00,17.03,17.16,17.03,17.16,1094
511,414,2018-12-18 18:00:00,17.01,17.05,17.01,17.05,4088
512,413,2018-12-18 18:30:00,17.05,17.05,17.05,17.05,789
513,412,2018-12-18 19:00:00,17.05,17.05,17.05,17.05,211
514,411,2018-12-18 19:30:00,17.15,17.15,17.15,17.15,500
515,410,2018-12-19 04:30:00,17.16,17.16,17.15,17.16,6815
516,409,2018-12-19 05:00:00,17.18,17.3,17.18,17.26,10550
517,408,2018-12-19 05:30:00,17.28,17.28,17.28,17.28,1000
518,407,2018-12-19 06:00:00,17.23,17.24,17.23,17.24,1050
519,406,2018-12-19 06:30:00,17.25,17.25,17.24,17.24,800
520,405,2018-12-19 07:00:00,17.24,17.27,17.24,17.27,3083
521,404,2018-12-19 07:30:00,17.25,17.26,17.23,17.26,5991
522,403,2018-12-19 08:00:00,17.26,17.28,17.26,17.28,2630
523,402,2018-12-19 08:30:00,17.2699,17.28,17.22,17.23,35794
524,401,2018-12-19 09:00:00,17.2,17.22,17.18,17.18,23728
525,400,2018-12-19 09:30:00,17.17,17.28,17.16,17.22,36335
526,399,2018-12-19 10:00:00,17.17,17.19,16.8,17.08,2273827
527,398,2018-12-19 10:30:00,17.076,17.3,17.075,17.18,1091562
528,397,2018-12-19 11:00:00,17.18,17.185,17.01,17.02,741880
529,396,2018-12-19 11:30:00,17.02,17.03,16.75,16.77,941036
530,395,2018-12-19 12:00:00,16.775,16.9377,16.755,16.935,859413
531,394,2018-12-19 12:30:00,16.9399,17.06,16.91,16.975,499240
532,393,2018-12-19 13:00:00,16.9702,17.005,16.86,16.86,494471
533,392,2018-12-19 13:30:00,16.86,16.86,16.66,16.7337,1555775
534,391,2018-12-19 14:00:00,16.735,16.77,16.58,16.76,1460317
535,390,2018-12-19 14:30:00,16.73,16.75,16.39,16.65,1822168
536,389,2018-12-19 15:00:00,16.65,16.655,16.25,16.315,1629527
537,388,2018-12-19 15:30:00,16.31,16.33,16.11,16.17,2866079
538,387,2018-12-19 16:00:00,16.16,16.35,16.1,16.3,3881952
539,386,2018-12-19 16:30:00,16.3,16.39,16.21,16.3,367048
540,385,2018-12-19 17:00:00,16.25,16.3,16.25,16.3,350
541,384,2018-12-19 17:30:00,16.3,16.3,16.3,16.3,500
542,383,2018-12-19 18:00:00,16.3,16.3,16.3,16.3,100
543,382,2018-12-19 18:30:00,16.25,16.3,16.25,16.3,1550
544,381,2018-12-19 19:00:00,16.3,16.3,16.3,16.3,6923
545,380,2018-12-19 19:30:00,16.38,16.38,16.38,16.38,2557
546,379,2018-12-20 04:30:00,16.33,16.39,16.33,16.38,15610
547,378,2018-12-20 05:00:00,16.42,16.42,16.4,16.42,4416
548,377,2018-12-20 05:30:00,16.41,16.41,16.34,16.39,25226
549,376,2018-12-20 06:00:00,16.39,16.39,16.38,16.39,6059
550,375,2018-12-20 06:30:00,16.4,16.41,16.4,16.41,2951
551,374,2018-12-20 07:00:00,16.44,16.44,16.42,16.42,3910
552,373,2018-12-20 07:30:00,16.42,16.44,16.42,16.42,4692
553,372,2018-12-20 08:00:00,16.42,16.42,16.4,16.4,7354
554,371,2018-12-20 08:30:00,16.4499,16.4499,16.32,16.32,15958
555,370,2018-12-20 09:00:00,16.32,16.39,16.28,16.28,7928
556,369,2018-12-20 09:30:00,16.3,16.32,16.26,16.2601,28567
557,368,2018-12-20 10:00:00,16.25,16.53,16.16,16.525,2579546
558,367,2018-12-20 10:30:00,16.515,16.63,16.26,16.3599,1060845
559,366,2018-12-20 11:00:00,16.36,16.4,16.225,16.26,1042488
560,365,2018-12-20 11:30:00,16.26,16.29,15.93,15.96,1673613
561,364,2018-12-20 12:00:00,15.96,15.9609,15.75,15.78,1440547
562,363,2018-12-20 12:30:00,15.79,15.88,15.72,15.8667,1353262
563,362,2018-12-20 13:00:00,15.86,15.9,15.61,15.7,1526210
564,361,2018-12-20 13:30:00,15.71,15.78,15.66,15.775,807739
565,360,2018-12-20 14:00:00,15.77,15.79,15.62,15.64,765699
566,359,2018-12-20 14:30:00,15.63,15.67,15.56,15.655,1647608
567,358,2018-12-20 15:00:00,15.65,15.85,15.63,15.835,1145487
568,357,2018-12-20 15:30:00,15.83,15.92,15.75,15.82,939900
569,356,2018-12-20 16:00:00,15.82,15.979000000000001,15.82,15.89,2744717
570,355,2018-12-20 16:30:00,15.89,16.0,15.8107,16.0,180285
571,354,2018-12-20 17:00:00,15.93,16.05,15.93,16.05,500
572,353,2018-12-20 17:30:00,16.05,16.05,16.05,16.05,400
573,352,2018-12-20 18:30:00,16.0,16.0,16.0,16.0,250562
574,351,2018-12-20 19:00:00,15.9,15.9,15.81,15.81,1000
575,350,2018-12-20 19:30:00,16.0,16.0,15.88,15.89,1500
576,349,2018-12-20 20:00:00,15.82,15.82,15.65,15.65,11680
577,348,2018-12-21 08:30:00,15.9,15.96,15.9,15.9599,6040
578,347,2018-12-21 09:00:00,15.93,15.97,15.93,15.97,5465
579,346,2018-12-21 09:30:00,15.9401,15.97,15.9,15.9,7612
580,345,2018-12-21 10:00:00,15.86,15.86,15.45,15.5033,1828535
581,344,2018-12-21 10:30:00,15.5,15.51,15.26,15.415,2640735
582,343,2018-12-21 11:00:00,15.41,15.42,15.25,15.2932,1062715
583,342,2018-12-21 11:30:00,15.29,15.29,15.05,15.1975,1556315
584,341,2018-12-21 12:00:00,15.19,15.22,15.065,15.075,1090439
585,340,2018-12-21 12:30:00,15.08,15.095,14.88,14.9501,1444104
586,339,2018-12-21 13:00:00,14.9562,15.01,14.78,14.8,1594776
587,338,2018-12-21 13:30:00,14.8,15.04,14.8,15.03,999862
588,337,2018-12-21 14:00:00,15.03,15.17,15.015,15.135,830580
589,336,2018-12-21 14:30:00,15.14,15.18,15.06,15.115,985515
590,335,2018-12-21 15:00:00,15.115,15.28,15.065,15.1201,2192500
591,334,2018-12-21 15:30:00,15.125,15.23,15.03,15.1,2052834
592,333,2018-12-21 16:00:00,15.1,15.14,15.01,15.1,3882598
593,332,2018-12-21 16:30:00,15.1,15.11,15.0101,15.0999,61848
594,331,2018-12-21 17:00:00,15.1,15.2,15.08,15.2,726
595,330,2018-12-21 18:00:00,15.18,15.18,15.18,15.18,550
596,329,2018-12-21 19:30:00,15.17,15.17,15.17,15.17,1000
597,328,2018-12-21 20:00:00,15.16,15.16,15.08,15.08,2120
598,327,2018-12-24 04:30:00,15.05,15.05,15.05,15.05,100
599,326,2018-12-24 06:00:00,15.07,15.07,15.04,15.04,7174
600,325,2018-12-24 07:30:00,15.12,15.12,14.84,14.84,1040
601,324,2018-12-24 08:00:00,14.85,14.85,14.71,14.71,5480
602,323,2018-12-24 08:30:00,14.82,15.05,14.6401,14.89,21389
603,322,2018-12-24 09:00:00,14.8,14.85,14.76,14.84,22012
604,321,2018-12-24 09:30:00,14.84,14.94,14.84,14.91,24244
605,320,2018-12-24 10:00:00,14.88,14.96,14.73,14.795,3248500
606,319,2018-12-24 10:30:00,14.79,14.87,14.65,14.795,1746241
607,318,2018-12-24 11:00:00,14.8,14.94,14.79,14.855,1056088
608,317,2018-12-24 11:30:00,14.86,14.91,14.73,14.875,909219
609,316,2018-12-24 12:00:00,14.875,14.89,14.7532,14.81,1267392
610,315,2018-12-24 12:30:00,14.81,14.885,14.79,14.8107,932413
611,314,2018-12-24 13:00:00,14.82,14.85,14.59,14.63,1879461
612,313,2018-12-24 13:30:00,14.59,14.59,14.59,14.59,252073
613,312,2018-12-24 17:00:00,14.6299,14.6299,14.58,14.58,475
614,311,2018-12-26 04:30:00,14.76,14.99,14.76,14.99,200
615,310,2018-12-26 05:00:00,14.85,15.04,14.85,14.92,6437
616,309,2018-12-26 05:30:00,14.92,15.0,14.91,14.91,8383
617,308,2018-12-26 06:00:00,14.92,14.92,14.88,14.88,1482
618,307,2018-12-26 06:30:00,14.92,14.92,14.92,14.92,400
619,306,2018-12-26 07:00:00,14.9,15.07,14.9,15.0,9003
620,305,2018-12-26 07:30:00,14.92,14.94,14.9,14.91,8038
621,304,2018-12-26 08:00:00,14.95,14.95,14.91,14.95,25895
622,303,2018-12-26 08:30:00,14.9499,15.27,14.9,15.26,36128
623,302,2018-12-26 09:00:00,15.24,15.36,15.21,15.21,41044
624,301,2018-12-26 09:30:00,15.21,15.25,15.05,15.07,70877
625,300,2018-12-26 10:00:00,15.06,15.13,14.85,14.905,2462405
626,299,2018-12-26 10:30:00,14.9,14.945,14.72,14.8415,1225321
627,298,2018-12-26 11:00:00,14.845,14.9,14.75,14.785,958053
628,297,2018-12-26 11:30:00,14.79,14.99,14.77,14.99,691202
629,296,2018-12-26 12:00:00,14.98,15.15,14.95,15.14,1117067
630,295,2018-12-26 12:30:00,15.1365,15.33,15.13,15.22,1395028
631,294,2018-12-26 13:00:00,15.23,15.415,15.2135,15.395,963623
632,293,2018-12-26 13:30:00,15.4,15.4192,15.26,15.3099,721065
633,292,2018-12-26 14:00:00,15.31,15.46,15.29,15.455,605641
634,291,2018-12-26 14:30:00,15.46,15.4699,15.35,15.415,863339
635,290,2018-12-26 15:00:00,15.415,15.55,15.41,15.55,1219265
636,289,2018-12-26 15:30:00,15.545,15.58,15.485,15.575,1443135
637,288,2018-12-26 16:00:00,15.575,15.87,15.51,15.82,3670187
638,287,2018-12-26 16:30:00,15.78,15.84,15.75,15.83,21282
639,286,2018-12-26 17:00:00,15.83,15.84,15.83,15.83,2909
640,285,2018-12-26 17:30:00,15.83,15.99,15.77,15.84,2564
641,284,2018-12-26 18:00:00,15.83,15.9,15.8,15.9,1947
642,283,2018-12-26 18:30:00,15.8,15.88,15.75,15.75,2790
643,282,2018-12-26 19:00:00,15.75,15.75,15.65,15.7,2900
644,281,2018-12-26 19:30:00,15.71,15.88,15.71,15.88,1200
645,280,2018-12-26 20:00:00,15.88,15.88,15.72,15.72,1300
646,279,2018-12-27 04:30:00,15.78,15.78,15.56,15.62,6234
647,278,2018-12-27 05:30:00,15.46,15.5,15.45,15.5,2381
648,277,2018-12-27 06:00:00,15.46,15.46,15.46,15.46,675
649,276,2018-12-27 07:00:00,15.52,15.52,15.52,15.52,370
650,275,2018-12-27 07:30:00,15.46,15.46,15.34,15.34,6890
651,274,2018-12-27 08:00:00,15.35,15.43,15.35,15.42,1965
652,273,2018-12-27 08:30:00,15.38,15.53,15.31,15.49,5816
653,272,2018-12-27 09:00:00,15.43,15.5,15.43,15.48,1750
654,271,2018-12-27 09:30:00,15.47,15.5,15.41,15.46,23918
655,270,2018-12-27 10:00:00,15.46,15.53,15.2201,15.33,1097664
656,269,2018-12-27 10:30:00,15.34,15.3999,15.18,15.28,730433
657,268,2018-12-27 11:00:00,15.28,15.35,15.15,15.199000000000002,626538
658,267,2018-12-27 11:30:00,15.1936,15.29,15.11,15.24,466301
659,266,2018-12-27 12:00:00,15.25,15.34,15.13,15.32,643766
660,265,2018-12-27 12:30:00,15.31,15.325,15.13,15.155,362001
661,264,2018-12-27 13:00:00,15.15,15.19,15.13,15.185,317162
662,263,2018-12-27 13:30:00,15.18,15.225,15.12,15.128,365450
663,262,2018-12-27 14:00:00,15.12,15.19,15.05,15.0554,650143
664,261,2018-12-27 14:30:00,15.055,15.11,15.0,15.04,576271
665,260,2018-12-27 15:00:00,15.04,15.26,15.01,15.26,728180
666,259,2018-12-27 15:30:00,15.255,15.44,15.145,15.41,3263809
667,258,2018-12-27 16:00:00,15.42,15.65,15.415,15.64,1543961
668,257,2018-12-27 16:30:00,15.64,15.68,15.62,15.68,103251
669,256,2018-12-27 17:00:00,15.65,15.65,15.65,15.65,400
670,255,2018-12-27 17:30:00,15.65,15.65,15.65,15.65,301
671,254,2018-12-27 18:00:00,15.65,15.67,15.65,15.67,500
672,253,2018-12-27 18:30:00,15.65,15.65,15.65,15.65,200
673,252,2018-12-28 05:00:00,15.87,15.87,15.87,15.87,300
674,251,2018-12-28 06:30:00,15.88,15.88,15.87,15.87,874
675,250,2018-12-28 07:30:00,15.8,15.8,15.8,15.8,896
676,249,2018-12-28 08:00:00,15.8,15.89,15.76,15.89,8678
677,248,2018-12-28 08:30:00,15.8399,15.85,15.78,15.78,2218
678,247,2018-12-28 09:00:00,15.7,15.72,15.7,15.72,1000
679,246,2018-12-28 09:30:00,15.7899,15.7899,15.72,15.72,3549
680,245,2018-12-28 10:00:00,15.7,15.84,15.57,15.84,1338464
681,244,2018-12-28 10:30:00,15.84,15.860999999999999,15.57,15.59,1091905
682,243,2018-12-28 11:00:00,15.59,15.69,15.5,15.67,826078
683,242,2018-12-28 11:30:00,15.67,15.79,15.62,15.77,1186213
684,241,2018-12-28 12:00:00,15.76,15.79,15.6761,15.69,615463
685,240,2018-12-28 12:30:00,15.69,15.72,15.57,15.6,643849
686,239,2018-12-28 13:00:00,15.6,15.63,15.54,15.555,397436
687,238,2018-12-28 13:30:00,15.555,15.64,15.555,15.61,721695
688,237,2018-12-28 14:00:00,15.6108,15.63,15.54,15.61,673777
689,236,2018-12-28 14:30:00,15.62,15.79,15.61,15.73,528232
690,235,2018-12-28 15:00:00,15.73,15.895,15.72,15.84,633914
691,234,2018-12-28 15:30:00,15.835,15.84,15.68,15.7001,785519
692,233,2018-12-28 16:00:00,15.7,15.73,15.63,15.7,1308165
693,232,2018-12-28 16:30:00,15.69,15.69,15.69,15.69,5727
694,231,2018-12-28 17:00:00,15.67,15.67,15.63,15.67,3247
695,230,2018-12-28 17:30:00,15.75,15.75,15.75,15.75,360
696,229,2018-12-28 18:30:00,15.63,15.63,15.63,15.63,150
697,228,2018-12-31 05:30:00,15.86,15.86,15.86,15.86,676
698,227,2018-12-31 06:30:00,15.84,15.86,15.84,15.86,607
699,226,2018-12-31 07:30:00,15.92,15.96,15.86,15.86,4813
700,225,2018-12-31 08:00:00,15.88,15.89,15.88,15.89,1736
701,224,2018-12-31 08:30:00,15.9,15.9,15.84,15.85,9582
702,223,2018-12-31 09:00:00,15.85,15.86,15.81,15.83,5663
703,222,2018-12-31 09:30:00,15.81,15.8101,15.78,15.78,22399
704,221,2018-12-31 10:00:00,15.76,15.83,15.68,15.74,802561
705,220,2018-12-31 10:30:00,15.75,15.7892,15.56,15.57,791367
706,219,2018-12-31 11:00:00,15.56,15.56,15.465,15.47,444145
707,218,2018-12-31 11:30:00,15.475,15.5099,15.35,15.465,725626
708,217,2018-12-31 12:00:00,15.47,15.54,15.44,15.5137,430938
709,216,2018-12-31 12:30:00,15.52,15.55,15.46,15.51,354466
710,215,2018-12-31 13:00:00,15.52,15.545,15.44,15.48,451213
711,214,2018-12-31 13:30:00,15.475,15.55,15.4637,15.53,359495
712,213,2018-12-31 14:00:00,15.525,15.54,15.44,15.44,278888
713,212,2018-12-31 14:30:00,15.445,15.455,15.37,15.385,486046
714,211,2018-12-31 15:00:00,15.38,15.43,15.35,15.35,524342
715,210,2018-12-31 15:30:00,15.35,15.43,15.34,15.39,811320
716,209,2018-12-31 16:00:00,15.39,15.49,15.38,15.42,1625135
717,208,2018-12-31 16:30:00,15.42,15.4201,15.42,15.4201,71678
718,207,2018-12-31 18:30:00,15.47,15.48,15.4,15.4,1325
719,206,2018-12-31 19:30:00,15.42,15.42,15.42,15.42,100
720,205,2018-12-31 20:00:00,15.42,15.47,15.42,15.47,800
721,204,2019-01-02 04:30:00,15.14,15.24,15.14,15.24,10545
722,203,2019-01-02 05:30:00,15.25,15.25,15.22,15.22,2400
723,202,2019-01-02 06:00:00,15.16,15.16,15.1,15.1,1345
724,201,2019-01-02 06:30:00,15.11,15.11,15.11,15.11,200
725,200,2019-01-02 07:30:00,15.17,15.19,15.15,15.16,10753
726,199,2019-01-02 08:00:00,15.21,15.24,15.21,15.23,18542
727,198,2019-01-02 08:30:00,15.25,15.25,15.1,15.1,9076
728,197,2019-01-02 09:00:00,15.1301,15.16,15.1301,15.16,11488
729,196,2019-01-02 09:30:00,15.16,15.25,15.16,15.25,12969
730,195,2019-01-02 10:00:00,15.24,15.42,15.2,15.2834,1068492
731,194,2019-01-02 10:30:00,15.28,15.565,15.25,15.51,721213
732,193,2019-01-02 11:00:00,15.51,15.79,15.47,15.775,531062
733,192,2019-01-02 11:30:00,15.775,15.82,15.68,15.73,534493
734,191,2019-01-02 12:00:00,15.73,15.9,15.7,15.865,379034
735,190,2019-01-02 12:30:00,15.86,15.93,15.84,15.91,377777
736,189,2019-01-02 13:00:00,15.905,15.99,15.9,15.98,285342
737,188,2019-01-02 13:30:00,15.985,16.05,15.97,15.97,407555
738,187,2019-01-02 14:00:00,15.97,16.02,15.875,15.94,370703
739,186,2019-01-02 14:30:00,15.935,15.94,15.835,15.895,281924
740,185,2019-01-02 15:00:00,15.9,15.96,15.74,15.79,998016
741,184,2019-01-02 15:30:00,15.78,15.83,15.68,15.77,437903
742,183,2019-01-02 16:00:00,15.76,15.85,15.72,15.85,965769
743,182,2019-01-02 16:30:00,15.85,15.85,15.85,15.85,5631
744,181,2019-01-02 17:00:00,15.71,15.71,15.71,15.71,1000
745,180,2019-01-02 17:30:00,15.71,15.71,15.67,15.67,8204
746,179,2019-01-02 18:00:00,15.6701,15.6701,15.67,15.67,2100
747,178,2019-01-02 18:30:00,15.61,15.61,15.3,15.59,14015
748,177,2019-01-02 19:00:00,15.53,15.53,15.53,15.53,1370
749,176,2019-01-02 19:30:00,15.6,15.6,15.6,15.6,300
750,175,2019-01-02 20:00:00,15.54,15.54,15.5,15.5,2200
751,174,2019-01-03 04:30:00,15.65,15.65,15.65,15.65,100
752,173,2019-01-03 05:00:00,15.65,15.65,15.65,15.65,1000
753,172,2019-01-03 06:30:00,15.69,15.95,15.68,15.9,122766
754,171,2019-01-03 07:00:00,15.95,16.0,15.9,15.96,42803
755,170,2019-01-03 07:30:00,15.92,16.11,15.92,16.08,36802
756,169,2019-01-03 08:00:00,16.09,16.2,16.08,16.2,90209
757,168,2019-01-03 08:30:00,16.0099,16.26,15.96,16.2,144797
758,167,2019-01-03 09:00:00,16.2,16.34,16.2,16.25,63988
759,166,2019-01-03 09:30:00,16.29,16.44,16.22,16.42,58632
760,165,2019-01-03 10:00:00,16.42,16.7,16.23,16.5,3164596
761,164,2019-01-03 10:30:00,16.49,16.52,16.28,16.4399,1077679
762,163,2019-01-03 11:00:00,16.43,16.59,16.25,16.5652,743736
763,162,2019-01-03 11:30:00,16.565,16.74,16.5556,16.615,847627
764,161,2019-01-03 12:00:00,16.62,16.8,16.5315,16.73,1285952
765,160,2019-01-03 12:30:00,16.72,16.75,16.6,16.67,840453
766,159,2019-01-03 13:00:00,16.67,16.84,16.6,16.805,579533
767,158,2019-01-03 13:30:00,16.8,16.805,16.63,16.635,615345
768,157,2019-01-03 14:00:00,16.63,16.715,16.5739,16.61,656525
769,156,2019-01-03 14:30:00,16.605,16.72,16.53,16.71,731165
770,155,2019-01-03 15:00:00,16.71,16.73,16.65,16.705,873758
771,154,2019-01-03 15:30:00,16.705,16.73,16.575,16.62,712637
772,153,2019-01-03 16:00:00,16.615,16.64,16.49,16.49,1718328
773,152,2019-01-03 16:30:00,16.5,16.55,16.49,16.55,53279
774,151,2019-01-03 17:00:00,16.56,16.56,16.56,16.56,599
775,150,2019-01-03 17:30:00,16.55,16.55,16.55,16.55,190
776,149,2019-01-03 18:00:00,16.59,16.59,16.5,16.5,4505
777,148,2019-01-03 19:30:00,16.51,16.51,16.5,16.5,500
778,147,2019-01-03 20:00:00,16.5,16.72,16.5,16.72,660
779,146,2019-01-04 07:00:00,16.78,16.78,16.78,16.78,200
780,145,2019-01-04 07:30:00,16.78,16.78,16.73,16.73,400
781,144,2019-01-04 08:00:00,16.71,16.76,16.71,16.74,1475
782,143,2019-01-04 08:30:00,16.7899,16.85,16.73,16.75,6921
783,142,2019-01-04 09:00:00,16.75,16.84,16.75,16.8,1636
784,141,2019-01-04 09:30:00,16.8,16.832,16.76,16.832,6071
785,140,2019-01-04 10:00:00,16.82,17.06,16.67,17.043,1531709
786,139,2019-01-04 10:30:00,17.05,17.23,17.01,17.2101,1038532
787,138,2019-01-04 11:00:00,17.22,17.27,17.125,17.27,606978
788,137,2019-01-04 11:30:00,17.26,17.3566,17.23,17.3,802323
789,136,2019-01-04 12:00:00,17.29,17.41,17.23,17.4,827112
790,135,2019-01-04 12:30:00,17.4,17.49,17.36,17.385,581714
791,134,2019-01-04 13:00:00,17.39,17.4,17.3,17.36,490396
792,133,2019-01-04 13:30:00,17.3657,17.51,17.3608,17.45,758303
793,132,2019-01-04 14:00:00,17.45,17.465,17.32,17.3951,487611
794,131,2019-01-04 14:30:00,17.4,17.41,17.27,17.37,475373
795,130,2019-01-04 15:00:00,17.37,17.38,17.31,17.31,251515
796,129,2019-01-04 15:30:00,17.32,17.42,17.29,17.3,609865
797,128,2019-01-04 16:00:00,17.3,17.39,17.27,17.39,1833275
798,127,2019-01-04 16:30:00,17.38,17.38,17.37,17.38,312620
799,126,2019-01-04 17:00:00,17.44,17.44,17.2801,17.2801,6505
800,125,2019-01-04 18:30:00,17.45,17.45,17.45,17.45,499
801,124,2019-01-04 19:00:00,17.4,17.4,17.35,17.35,300
802,123,2019-01-07 04:30:00,17.5,17.5,17.39,17.45,6618
803,122,2019-01-07 05:00:00,17.4,17.4,17.35,17.35,525
804,121,2019-01-07 06:30:00,17.28,17.33,17.28,17.33,2664
805,120,2019-01-07 07:00:00,17.28,17.29,17.26,17.26,878
806,119,2019-01-07 07:30:00,17.29,17.31,17.29,17.31,2100
807,118,2019-01-07 08:00:00,17.31,17.37,17.31,17.37,2601
808,117,2019-01-07 08:30:00,17.39,17.46,17.2999,17.44,2254
809,116,2019-01-07 09:00:00,17.49,17.63,17.49,17.6,22515
810,115,2019-01-07 09:30:00,17.58,17.6155,17.52,17.54,21361
811,114,2019-01-07 10:00:00,17.53,17.58,17.19,17.56,1072233
812,113,2019-01-07 10:30:00,17.56,17.59,17.48,17.54,750625
813,112,2019-01-07 11:00:00,17.54,17.64,17.52,17.55,838338
814,111,2019-01-07 11:30:00,17.54,17.77,17.54,17.755,647173
815,110,2019-01-07 12:00:00,17.759,17.85,17.71,17.84,432987
816,109,2019-01-07 12:30:00,17.83,18.005,17.76,17.975,862103
817,108,2019-01-07 13:00:00,17.975,18.3,17.93,18.24,1992625
818,107,2019-01-07 13:30:00,18.24,18.29,18.125,18.18,1189382
819,106,2019-01-07 14:00:00,18.17,18.17,17.92,17.95,646046
820,105,2019-01-07 14:30:00,17.955,17.97,17.78,17.795,1480355
821,104,2019-01-07 15:00:00,17.795,17.8,17.675,17.7,550913
822,103,2019-01-07 15:30:00,17.705,17.72,17.65,17.67,705200
823,102,2019-01-07 16:00:00,17.67,17.715,17.66,17.685,1485206
824,101,2019-01-07 16:30:00,17.67,17.7,17.61,17.7,142180
825,100,2019-01-07 17:00:00,17.7,17.75,17.7,17.75,1131
826,99,2019-01-07 17:30:00,17.72,17.72,17.72,17.72,469
827,98,2019-01-07 18:00:00,17.7,17.7,17.7,17.7,100
828,97,2019-01-07 18:30:00,17.77,17.77,17.77,17.77,100
829,96,2019-01-07 19:00:00,17.77,17.77,17.77,17.77,500
830,95,2019-01-07 20:00:00,17.77,17.77,17.77,17.77,290
831,94,2019-01-08 05:00:00,17.78,17.78,17.75,17.75,700
832,93,2019-01-08 06:00:00,17.73,17.75,17.73,17.75,1800
833,92,2019-01-08 07:00:00,17.78,17.78,17.78,17.78,800
834,91,2019-01-08 07:30:00,17.79,17.79,17.79,17.79,500
835,90,2019-01-08 08:00:00,17.75,17.77,17.75,17.77,3400
836,89,2019-01-08 08:30:00,17.78,17.79,17.75,17.75,17128
837,88,2019-01-08 09:00:00,17.78,17.85,17.75,17.85,20602
838,87,2019-01-08 09:30:00,17.85,17.89,17.81,17.81,14640
839,86,2019-01-08 10:00:00,17.84,17.87,17.695,17.78,1595242
840,85,2019-01-08 10:30:00,17.7875,17.815,17.59,17.635,1375122
841,84,2019-01-08 11:00:00,17.63,17.66,17.15,17.29,1230095
842,83,2019-01-08 11:30:00,17.285,17.495,17.26,17.46,803251
843,82,2019-01-08 12:00:00,17.47,17.65,17.4,17.65,822092
844,81,2019-01-08 12:30:00,17.65,17.725,17.57,17.64,571762
845,80,2019-01-08 13:00:00,17.64,17.68,17.51,17.57,528358
846,79,2019-01-08 13:30:00,17.57,17.71,17.555,17.68,461665
847,78,2019-01-08 14:00:00,17.685,17.725,17.62,17.68,404165
848,77,2019-01-08 14:30:00,17.685,17.72,17.64,17.69,347668
849,76,2019-01-08 15:00:00,17.69,17.7,17.63,17.65,414949
850,75,2019-01-08 15:30:00,17.66,17.755,17.64,17.75,422667
851,74,2019-01-08 16:00:00,17.75,17.755,17.67,17.69,1464147
852,73,2019-01-08 16:30:00,17.68,17.7,17.5975,17.5975,24918
853,72,2019-01-08 17:00:00,17.7,17.8,17.7,17.8,35861
854,71,2019-01-09 04:30:00,17.69,17.69,17.69,17.69,850
855,70,2019-01-09 05:00:00,17.69,17.69,17.69,17.69,100
856,69,2019-01-09 07:30:00,17.66,17.66,17.64,17.64,5324
857,68,2019-01-09 08:00:00,17.62,17.62,17.53,17.53,3784
858,67,2019-01-09 08:30:00,17.58,17.59,17.57,17.59,8963
859,66,2019-01-09 09:00:00,17.56,17.7,17.56,17.68,16858
860,65,2019-01-09 09:30:00,17.69,17.74,17.67,17.74,20179
861,64,2019-01-09 10:00:00,17.75,17.9,17.53,17.55,1061727
862,63,2019-01-09 10:30:00,17.55,17.705,17.54,17.64,398725
863,62,2019-01-09 11:00:00,17.64,17.71,17.56,17.68,537566
864,61,2019-01-09 11:30:00,17.67,17.715,17.64,17.66,396377
865,60,2019-01-09 12:00:00,17.67,17.8671,17.655,17.8,379594
866,59,2019-01-09 12:30:00,17.79,17.93,17.78,17.91,531388
867,58,2019-01-09 13:00:00,17.9168,17.98,17.87,17.93,373586
868,57,2019-01-09 13:30:00,17.93,17.97,17.89,17.945,358821
869,56,2019-01-09 14:00:00,17.95,18.08,17.945,18.065,825632
870,55,2019-01-09 14:30:00,18.06,18.22,18.05,18.07,792038
871,54,2019-01-09 15:00:00,18.07,18.21,18.03,18.2,621063
872,53,2019-01-09 15:30:00,18.2,18.23,18.15,18.215,880742
873,52,2019-01-09 16:00:00,18.215,18.23,17.955,17.96,1486225
874,51,2019-01-09 16:30:00,17.96,18.02,17.96,18.02,108080
875,50,2019-01-09 17:00:00,18.02,18.14,18.01,18.14,1500
876,49,2019-01-09 18:00:00,18.0,18.0,18.0,18.0,100
877,48,2019-01-09 19:00:00,18.13,18.13,18.13,18.13,300
878,47,2019-01-09 19:30:00,18.0,18.0,17.96,17.96,2340
879,46,2019-01-10 04:30:00,17.6,17.8,17.6,17.8,2100
880,45,2019-01-10 05:00:00,17.8,17.8,17.79,17.79,433
881,44,2019-01-10 05:30:00,17.85,17.9,17.85,17.9,1100
882,43,2019-01-10 06:00:00,17.86,17.86,17.85,17.85,600
883,42,2019-01-10 07:00:00,17.82,17.82,17.79,17.8,4320
884,41,2019-01-10 07:30:00,17.82,17.84,17.79,17.84,8802
885,40,2019-01-10 08:00:00,17.85,17.85,17.85,17.85,425
886,39,2019-01-10 08:30:00,17.82,17.87,17.8,17.83,3884
887,38,2019-01-10 09:00:00,17.87,17.9,17.81,17.81,10866
888,37,2019-01-10 09:30:00,17.84,17.86,17.81,17.85,9670
889,36,2019-01-10 10:00:00,17.9,17.9119,17.6601,17.735,945941
890,35,2019-01-10 10:30:00,17.73,17.97,17.67,17.96,921772
891,34,2019-01-10 11:00:00,17.96,18.05,17.87,17.9771,472978
892,33,2019-01-10 11:30:00,17.98,18.07,17.95,18.02,496209
893,32,2019-01-10 12:00:00,18.02,18.15,17.985,18.115,650618
894,31,2019-01-10 12:30:00,18.12,18.12,17.97,18.025,254827
895,30,2019-01-10 13:00:00,18.03,18.12,17.995,18.08,418838
896,29,2019-01-10 13:30:00,18.075,18.09,17.92,17.96,484306
897,28,2019-01-10 14:00:00,17.97,17.97,17.86,17.915,349868
898,27,2019-01-10 14:30:00,17.915,18.07,17.915,18.055,369587
899,26,2019-01-10 15:00:00,18.05,18.06,17.945,17.97,271453
900,25,2019-01-10 15:30:00,17.965,18.1,17.965,18.1,383318
901,24,2019-01-10 16:00:00,18.1,18.17,18.05,18.16,1309388
902,23,2019-01-10 16:30:00,18.19,18.9,18.17,18.2,116003
903,22,2019-01-10 17:00:00,18.1,18.1,18.1,18.1,600
904,21,2019-01-10 18:00:00,18.16,18.16,18.16,18.16,200
905,20,2019-01-10 20:00:00,18.17,18.17,18.17,18.17,100
906,19,2019-01-11 08:00:00,18.06,18.06,18.06,18.06,100
907,18,2019-01-11 09:00:00,18.1001,18.1001,18.1001,18.1001,250
908,17,2019-01-11 09:30:00,18.1,18.2,18.1,18.2,5005
909,16,2019-01-11 10:00:00,18.21,18.36,18.1301,18.215,786670
910,15,2019-01-11 10:30:00,18.21,18.425,18.16,18.25,671492
911,14,2019-01-11 11:00:00,18.255,18.35,18.15,18.3426,1262047
912,13,2019-01-11 11:30:00,18.345,18.45,18.285,18.405,727986
913,12,2019-01-11 12:00:00,18.4,18.52,18.39,18.455,520320
914,11,2019-01-11 12:30:00,18.455,18.455,18.345,18.375,365170
915,10,2019-01-11 13:00:00,18.375,18.53,18.36,18.515,366495
916,9,2019-01-11 13:30:00,18.505,18.515,18.43,18.43,333076
917,8,2019-01-11 14:00:00,18.435,18.44,18.335,18.42,376767
918,7,2019-01-11 14:30:00,18.43,18.5,18.41,18.485,295892
919,6,2019-01-11 15:00:00,18.485,18.495,18.38,18.39,339497
920,5,2019-01-11 15:30:00,18.4,18.46,18.39,18.442,692318
921,4,2019-01-11 16:00:00,18.445,18.52,18.43,18.43,1555796
922,3,2019-01-11 16:30:00,18.45,18.45,18.45,18.45,38966
923,2,2019-01-11 17:00:00,18.5,18.5,18.5,18.5,100
924,1,2019-01-11 17:30:00,18.4997,18.5,18.45,18.45,16511
925,0,2019-01-11 19:00:00,18.4599,18.4599,18.4599,18.4599,1000
