,index,time,open,high,low,close,volume
0,479,2020-09-08 04:30:00,9.22,9.24,9.21,9.21,12765
1,478,2020-09-08 05:00:00,9.13,9.13,9.13,9.13,1900
2,477,2020-09-08 05:30:00,9.13,9.17,9.0,9.15,32168
3,476,2020-09-08 06:00:00,9.16,9.16,9.12,9.15,25670
4,475,2020-09-08 06:30:00,9.14,9.17,9.14,9.17,10190
5,474,2020-09-08 07:30:00,9.14,9.14,9.09,9.11,6090
6,473,2020-09-08 08:00:00,9.06,9.06,9.0,9.0,1600
7,472,2020-09-08 08:30:00,9.14,9.14,8.96,9.01,17534
8,471,2020-09-08 09:00:00,9.0,9.01,8.93,9.01,13087
9,470,2020-09-08 09:30:00,8.999,9.07,8.95,8.98,32619
10,469,2020-09-08 10:00:00,9.03,9.1,8.945,9.095,952231
11,468,2020-09-08 10:30:00,9.09,9.095,8.94,8.98,1233041
12,467,2020-09-08 11:00:00,8.98,9.0,8.85,8.88,1135499
13,466,2020-09-08 11:30:00,8.88,8.93,8.86,8.9,503326
14,465,2020-09-08 12:00:00,8.9,8.92,8.85,8.905,563508
15,464,2020-09-08 12:30:00,8.9,8.915,8.855,8.865,499052
16,463,2020-09-08 13:00:00,8.865,8.9,8.86,8.8799,393920
17,462,2020-09-08 13:30:00,8.875,8.98,8.86,8.965,718900
18,461,2020-09-08 14:00:00,8.96,9.005,8.92,8.92,796894
19,460,2020-09-08 14:30:00,8.925,8.94,8.855,8.865,407247
20,459,2020-09-08 15:00:00,8.86,8.88,8.845,8.875,643741
21,458,2020-09-08 15:30:00,8.875,8.89,8.81,8.885,724528
22,457,2020-09-08 16:00:00,8.885,8.905,8.85,8.88,1519566
23,456,2020-09-08 16:30:00,8.88,8.98,8.86,8.86,17874
24,455,2020-09-08 17:30:00,8.88,8.88,8.88,8.88,220
25,454,2020-09-08 18:00:00,8.88,8.96,8.86,8.86,1696
26,453,2020-09-08 18:30:00,8.86,8.86,8.86,8.86,500
27,452,2020-09-08 19:00:00,8.81,8.81,8.8,8.8,5842
28,451,2020-09-08 19:30:00,8.81,8.81,8.81,8.81,500
29,450,2020-09-08 20:00:00,8.85,8.85,8.85,8.85,300
30,449,2020-09-09 04:30:00,8.85,8.86,8.85,8.85,1277
31,448,2020-09-09 05:00:00,8.85,8.85,8.84,8.84,1554
32,447,2020-09-09 05:30:00,8.82,8.84,8.82,8.84,11898
33,446,2020-09-09 06:00:00,8.85,8.86,8.85,8.85,6031
34,445,2020-09-09 06:30:00,8.85,8.89,8.85,8.89,1597
35,444,2020-09-09 07:00:00,8.86,8.86,8.86,8.86,2500
36,443,2020-09-09 07:30:00,8.84,8.86,8.84,8.86,1150
37,442,2020-09-09 08:00:00,8.87,8.87,8.87,8.87,450
38,441,2020-09-09 08:30:00,8.8405,8.94,8.8405,8.91,23328
39,440,2020-09-09 09:00:00,8.92,8.94,8.92,8.93,9304
40,439,2020-09-09 09:30:00,8.94,8.98,8.92,8.97,25667
41,438,2020-09-09 10:00:00,8.96,9.005,8.81,8.9799,1523855
42,437,2020-09-09 10:30:00,8.975,9.045,8.95,8.95,423971
43,436,2020-09-09 11:00:00,8.96,8.9898,8.92,8.96,245054
44,435,2020-09-09 11:30:00,8.96,8.99,8.93,8.97,310418
45,434,2020-09-09 12:00:00,8.975,8.988,8.94,8.95,247328
46,433,2020-09-09 12:30:00,8.9552,8.96,8.92,8.92,208814
47,432,2020-09-09 13:00:00,8.92,8.96,8.915,8.93,427237
48,431,2020-09-09 13:30:00,8.935,8.9656,8.93,8.9457,244781
49,430,2020-09-09 14:00:00,8.95,9.005,8.94,8.99,340290
50,429,2020-09-09 14:30:00,8.98,9.0,8.9046,8.9217,358441
51,428,2020-09-09 15:00:00,8.925,8.94,8.9,8.91,240654
52,427,2020-09-09 15:30:00,8.91,8.95,8.9,8.93,352254
53,426,2020-09-09 16:00:00,8.935,8.935,8.87,8.88,1463211
54,425,2020-09-09 16:30:00,8.88,8.8801,8.88,8.88,29637
55,424,2020-09-09 19:00:00,8.89,8.95,8.89,8.95,700
56,423,2020-09-10 04:30:00,8.8,8.8,8.67,8.68,7435
57,422,2020-09-10 05:30:00,8.75,8.75,8.72,8.72,4493
58,421,2020-09-10 06:00:00,8.73,8.73,8.73,8.73,900
59,420,2020-09-10 06:30:00,8.78,8.78,8.78,8.78,800
60,419,2020-09-10 07:00:00,8.75,8.75,8.66,8.66,8840
61,418,2020-09-10 07:30:00,8.68,8.72,8.68,8.68,30754
62,417,2020-09-10 08:00:00,8.71,8.78,8.7,8.7,49921
63,416,2020-09-10 08:30:00,8.7,8.78,8.68,8.77,23343
64,415,2020-09-10 09:00:00,8.78,8.82,8.77,8.81,13566
65,414,2020-09-10 09:30:00,8.8,8.83,8.79,8.83,7462
66,413,2020-09-10 10:00:00,8.8,8.91,8.68,8.89,1350079
67,412,2020-09-10 10:30:00,8.886000000000001,8.91,8.802,8.83,418165
68,411,2020-09-10 11:00:00,8.83,8.87,8.77,8.7854,286379
69,410,2020-09-10 11:30:00,8.79,8.83,8.77,8.815,407414
70,409,2020-09-10 12:00:00,8.81,8.815,8.7348,8.785,587364
71,408,2020-09-10 12:30:00,8.785,8.825,8.78,8.815,337554
72,407,2020-09-10 13:00:00,8.81,8.83,8.76,8.8,218494
73,406,2020-09-10 13:30:00,8.8008,8.85,8.79,8.805,300418
74,405,2020-09-10 14:00:00,8.8,8.825,8.77,8.775,195695
75,404,2020-09-10 14:30:00,8.77,8.7901,8.75,8.755,222620
76,403,2020-09-10 15:00:00,8.76,8.795,8.75,8.79,261074
77,402,2020-09-10 15:30:00,8.79,8.81,8.715,8.75,438057
78,401,2020-09-10 16:00:00,8.75,8.78,8.73,8.76,923364
79,400,2020-09-10 16:30:00,8.76,8.8,8.75,8.76,11849
80,399,2020-09-10 18:30:00,8.76,8.76,8.76,8.76,972
81,398,2020-09-10 19:00:00,8.72,8.72,8.7,8.7,830
82,397,2020-09-10 20:00:00,8.76,8.76,8.75,8.75,610
83,396,2020-09-11 08:30:00,8.8001,8.86,8.8,8.86,4065
84,395,2020-09-11 09:00:00,8.83,8.83,8.83,8.83,100
85,394,2020-09-11 09:30:00,8.8499,8.85,8.74,8.85,9272
86,393,2020-09-11 10:00:00,8.84,8.85,8.74,8.825,666701
87,392,2020-09-11 10:30:00,8.828,8.87,8.75,8.775,463063
88,391,2020-09-11 11:00:00,8.78,8.86,8.725,8.805,432301
89,390,2020-09-11 11:30:00,8.81,8.85,8.77,8.795,405088
90,389,2020-09-11 12:00:00,8.795,8.81,8.76,8.785,164310
91,388,2020-09-11 12:30:00,8.78,8.86,8.77,8.845,185125
92,387,2020-09-11 13:00:00,8.84,8.845,8.805,8.815,161524
93,386,2020-09-11 13:30:00,8.815,8.82,8.755,8.765,167744
94,385,2020-09-11 14:00:00,8.76,8.77,8.71,8.715,246713
95,384,2020-09-11 14:30:00,8.72,8.74,8.7,8.72,323393
96,383,2020-09-11 15:00:00,8.72,8.74,8.7,8.71,285285
97,382,2020-09-11 15:30:00,8.71,8.725,8.65,8.72,763577
98,381,2020-09-11 16:00:00,8.725,8.8,8.685,8.79,1717972
99,380,2020-09-11 16:30:00,8.79,8.79,8.66,8.79,29563
100,379,2020-09-11 18:30:00,8.77,8.77,8.77,8.77,120
101,378,2020-09-11 19:00:00,8.75,8.75,8.75,8.75,796
102,377,2020-09-11 20:00:00,8.75,8.75,8.75,8.75,200
103,376,2020-09-14 04:30:00,8.91,8.96,8.91,8.94,5067
104,375,2020-09-14 05:00:00,8.91,8.91,8.88,8.88,10073
105,374,2020-09-14 05:30:00,8.9,8.9,8.9,8.9,1000
106,373,2020-09-14 06:00:00,8.89,8.89,8.87,8.87,14436
107,372,2020-09-14 06:30:00,8.85,8.85,8.85,8.85,1421
108,371,2020-09-14 07:00:00,8.85,8.9,8.85,8.9,4200
109,370,2020-09-14 07:30:00,8.9,8.92,8.9,8.92,1562
110,369,2020-09-14 08:00:00,8.92,8.92,8.92,8.92,2601
111,368,2020-09-14 08:30:00,8.91,8.92,8.88,8.89,7943
112,367,2020-09-14 09:00:00,8.88,8.9,8.88,8.89,1738
113,366,2020-09-14 09:30:00,8.88,8.9,8.88,8.89,825
114,365,2020-09-14 10:00:00,8.88,9.02,8.88,8.9874,880164
115,364,2020-09-14 10:30:00,8.99,9.16,8.985,9.1072,1140425
116,363,2020-09-14 11:00:00,9.11,9.14,9.042,9.075,470826
117,362,2020-09-14 11:30:00,9.075,9.1,9.04,9.081,318541
118,361,2020-09-14 12:00:00,9.09,9.1188,9.06,9.0663,222647
119,360,2020-09-14 12:30:00,9.06,9.12,9.06,9.095,325838
120,359,2020-09-14 13:00:00,9.095,9.12,9.0702,9.11,246696
121,358,2020-09-14 13:30:00,9.105,9.12,9.04,9.068,294657
122,357,2020-09-14 14:00:00,9.07,9.11,9.04,9.1098,273303
123,356,2020-09-14 14:30:00,9.11,9.16,9.102,9.135,392852
124,355,2020-09-14 15:00:00,9.135,9.14,9.1,9.125,326760
125,354,2020-09-14 15:30:00,9.125,9.13,9.06,9.115,360335
126,353,2020-09-14 16:00:00,9.12,9.14,9.08,9.085,1077123
127,352,2020-09-14 16:30:00,9.09,9.1,9.09,9.1,26539
128,351,2020-09-14 17:00:00,9.1,9.1,9.1,9.1,1300
129,350,2020-09-14 18:00:00,9.0999,9.1,9.0999,9.1,200
130,349,2020-09-14 18:30:00,9.13,9.13,9.13,9.13,1001
131,348,2020-09-14 20:00:00,9.13,9.16,9.13,9.16,2960
132,347,2020-09-15 07:00:00,9.16,9.16,9.16,9.16,2662
133,346,2020-09-15 07:30:00,9.15,9.15,9.15,9.15,5634
134,345,2020-09-15 08:00:00,9.18,9.18,9.08,9.11,11718
135,344,2020-09-15 08:30:00,9.1799,9.18,9.09,9.17,15060
136,343,2020-09-15 09:00:00,9.15,9.1699,9.15,9.16,1624
137,342,2020-09-15 09:30:00,9.1699,9.21,9.1699,9.21,8215
138,341,2020-09-15 10:00:00,9.2,9.3099,9.14,9.15,888897
139,340,2020-09-15 10:30:00,9.15,9.15,9.06,9.105,363763
140,339,2020-09-15 11:00:00,9.1086,9.14,9.07,9.11,244601
141,338,2020-09-15 11:30:00,9.11,9.14,9.07,9.12,563371
142,337,2020-09-15 12:00:00,9.12,9.18,9.115,9.17,330873
143,336,2020-09-15 12:30:00,9.1699,9.19,9.081,9.15,359705
144,335,2020-09-15 13:00:00,9.15,9.1701,9.1419,9.1626,112693
145,334,2020-09-15 13:30:00,9.1645,9.23,9.155,9.195,423844
146,333,2020-09-15 14:00:00,9.195,9.27,9.19,9.24,352928
147,332,2020-09-15 14:30:00,9.235,9.2473,9.21,9.225,150589
148,331,2020-09-15 15:00:00,9.23,9.23,9.2,9.205,147093
149,330,2020-09-15 15:30:00,9.21,9.21,9.14,9.165,224622
150,329,2020-09-15 16:00:00,9.165,9.18,9.12,9.17,678097
151,328,2020-09-15 16:30:00,9.16,9.16,9.11,9.16,77670
152,327,2020-09-15 17:00:00,9.22,9.31,9.11,9.29,9800
153,326,2020-09-15 18:00:00,9.28,9.28,9.1001,9.1001,2759
154,325,2020-09-15 18:30:00,9.15,9.15,9.15,9.15,201
155,324,2020-09-15 19:30:00,9.16,9.16,9.16,9.16,1094
156,323,2020-09-16 04:30:00,9.28,9.28,9.28,9.28,200
157,322,2020-09-16 07:30:00,9.11,9.11,9.1,9.1,2100
158,321,2020-09-16 08:00:00,9.1,9.1,9.1,9.1,1200
159,320,2020-09-16 08:30:00,9.11,9.12,9.08,9.1,5069
160,319,2020-09-16 09:00:00,9.11,9.15,9.1,9.12,13393
161,318,2020-09-16 09:30:00,9.12,9.16,9.11,9.11,3157
162,317,2020-09-16 10:00:00,9.11,9.2,9.11,9.165,415357
163,316,2020-09-16 10:30:00,9.17,9.3081,9.15,9.3057,590740
164,315,2020-09-16 11:00:00,9.305,9.39,9.2837,9.3299,626571
165,314,2020-09-16 11:30:00,9.32,9.3669,9.26,9.28,388237
166,313,2020-09-16 12:00:00,9.28,9.3,9.22,9.235,279476
167,312,2020-09-16 12:30:00,9.235,9.255,9.2,9.24,314385
168,311,2020-09-16 13:00:00,9.24,9.2598,9.21,9.22,196589
169,310,2020-09-16 13:30:00,9.225,9.23,9.18,9.205,290028
170,309,2020-09-16 14:00:00,9.2073,9.27,9.19,9.22,404639
171,308,2020-09-16 14:30:00,9.22,9.3,9.21,9.29,236162
172,307,2020-09-16 15:00:00,9.2929,9.31,9.23,9.25,272295
173,306,2020-09-16 15:30:00,9.255,9.27,9.17,9.17,416782
174,305,2020-09-16 16:00:00,9.175,9.22,9.15,9.19,915775
175,304,2020-09-16 16:30:00,9.19,9.248,9.19,9.248,91815
176,303,2020-09-16 17:00:00,9.19,9.2,9.19,9.2,971
177,302,2020-09-16 17:30:00,9.2,9.31,9.2,9.29,1558
178,301,2020-09-16 18:00:00,9.29,9.29,9.29,9.29,250
179,300,2020-09-16 19:00:00,9.28,9.28,9.28,9.28,311
180,299,2020-09-16 19:30:00,9.28,9.28,9.28,9.28,100
181,298,2020-09-17 04:30:00,9.0,9.03,9.0,9.01,17497
182,297,2020-09-17 05:00:00,9.0,9.0,8.97,8.97,2642
183,296,2020-09-17 05:30:00,8.97,9.0,8.97,9.0,3560
184,295,2020-09-17 06:00:00,8.97,8.97,8.97,8.97,1100
185,294,2020-09-17 06:30:00,8.98,8.98,8.94,8.94,220
186,293,2020-09-17 07:00:00,8.97,8.99,8.93,8.93,5104
187,292,2020-09-17 07:30:00,8.97,8.97,8.95,8.95,14604
188,291,2020-09-17 08:00:00,8.95,8.97,8.95,8.96,7828
189,290,2020-09-17 08:30:00,8.9501,8.98,8.9,8.93,13876
190,289,2020-09-17 09:00:00,8.94,9.0,8.93,9.0,24164
191,288,2020-09-17 09:30:00,8.99,9.02,8.96,9.01,26404
192,287,2020-09-17 10:00:00,9.01,9.2,8.95,9.165,917561
193,286,2020-09-17 10:30:00,9.165,9.265,9.13,9.22,366851
194,285,2020-09-17 11:00:00,9.2201,9.225,9.165,9.17,309489
195,284,2020-09-17 11:30:00,9.17,9.28,9.17,9.26,245268
196,283,2020-09-17 12:00:00,9.2582,9.28,9.22,9.25,282520
197,282,2020-09-17 12:30:00,9.26,9.26,9.15,9.18,188768
198,281,2020-09-17 13:00:00,9.1729,9.24,9.17,9.24,189327
199,280,2020-09-17 13:30:00,9.235,9.25,9.18,9.1914,228757
200,279,2020-09-17 14:00:00,9.19,9.25,9.185,9.235,183510
201,278,2020-09-17 14:30:00,9.2384,9.26,9.23,9.23,128413
202,277,2020-09-17 15:00:00,9.2318,9.26,9.205,9.255,218275
203,276,2020-09-17 15:30:00,9.26,9.29,9.235,9.285,296536
204,275,2020-09-17 16:00:00,9.285,9.32,9.23,9.28,1072100
205,274,2020-09-17 16:30:00,9.29,9.29,9.19,9.28,103092
206,273,2020-09-17 17:30:00,9.2803,9.2803,9.28,9.28,1407
207,272,2020-09-17 19:00:00,9.33,9.33,9.3,9.3,312
208,271,2020-09-18 07:00:00,9.41,9.43,9.41,9.43,550
209,270,2020-09-18 08:30:00,9.3,9.35,9.2699,9.2699,2300
210,269,2020-09-18 09:00:00,9.27,9.27,9.229,9.229,1056
211,268,2020-09-18 09:30:00,9.26,9.35,9.26,9.35,4057
212,267,2020-09-18 10:00:00,9.35,9.4,9.3,9.36,600593
213,266,2020-09-18 10:30:00,9.36,9.405,9.33,9.39,257342
214,265,2020-09-18 11:00:00,9.38,9.41,9.35,9.375,381040
215,264,2020-09-18 11:30:00,9.38,9.43,9.37,9.3915,351365
216,263,2020-09-18 12:00:00,9.4,9.43,9.37,9.41,306173
217,262,2020-09-18 12:30:00,9.41,9.43,9.36,9.3628,263232
218,261,2020-09-18 13:00:00,9.365,9.369,9.32,9.3223,294943
219,260,2020-09-18 13:30:00,9.3266,9.33,9.26,9.27,316239
220,259,2020-09-18 14:00:00,9.27,9.34,9.2501,9.34,341781
221,258,2020-09-18 14:30:00,9.34,9.38,9.31,9.3582,241501
222,257,2020-09-18 15:00:00,9.355,9.395,9.35,9.39,186929
223,256,2020-09-18 15:30:00,9.39,9.44,9.385,9.4282,463299
224,255,2020-09-18 16:00:00,9.425,9.51,9.39,9.49,1200776
225,254,2020-09-18 16:30:00,9.48,9.51,9.48,9.51,87990
226,253,2020-09-18 17:00:00,9.48,9.51,9.48,9.48,400
227,252,2020-09-18 17:30:00,9.51,9.51,9.51,9.51,400
228,251,2020-09-18 18:00:00,9.5,9.5,9.5,9.5,150
229,250,2020-09-18 18:30:00,9.48,9.48,9.48,9.48,675
230,249,2020-09-18 19:00:00,9.47,9.47,9.42,9.42,1720
231,248,2020-09-18 20:00:00,9.48,9.48,9.48,9.48,700
232,247,2020-09-21 04:30:00,9.6,9.6,9.3,9.3,2788
233,246,2020-09-21 05:30:00,9.27,9.27,9.27,9.27,1600
234,245,2020-09-21 06:00:00,9.26,9.26,9.25,9.25,350
235,244,2020-09-21 06:30:00,9.24,9.24,9.22,9.22,11690
236,243,2020-09-21 07:30:00,9.27,9.3,9.27,9.28,1516
237,242,2020-09-21 08:00:00,9.28,9.28,9.27,9.27,4405
238,241,2020-09-21 08:30:00,9.27,9.3,9.25,9.25,18510
239,240,2020-09-21 09:00:00,9.18,9.27,9.18,9.2601,4620
240,239,2020-09-21 09:30:00,9.26,9.28,9.25,9.25,9311
241,238,2020-09-21 10:00:00,9.25,9.28,8.96,9.09,1732343
242,237,2020-09-21 10:30:00,9.09,9.12,8.9,8.915,2208867
243,236,2020-09-21 11:00:00,8.915,8.9599,8.87,8.935,1759599
244,235,2020-09-21 11:30:00,8.93,9.0,8.92,8.945,974573
245,234,2020-09-21 12:00:00,8.945,8.965,8.89,8.89,736368
246,233,2020-09-21 12:30:00,8.8971,8.96,8.88,8.945,540937
247,232,2020-09-21 13:00:00,8.9428,8.9599,8.9,8.9099,573749
248,231,2020-09-21 13:30:00,8.91,8.94,8.88,8.93,505568
249,230,2020-09-21 14:00:00,8.935,8.96,8.835,8.85,756170
250,229,2020-09-21 14:30:00,8.85,8.87,8.82,8.835,899949
251,228,2020-09-21 15:00:00,8.83,8.895,8.82,8.87,633365
252,227,2020-09-21 15:30:00,8.88,8.94,8.8755,8.925,682231
253,226,2020-09-21 16:00:00,8.93,8.96,8.92,8.94,1608716
254,225,2020-09-21 16:30:00,8.95,9.0,8.9,8.95,125269
255,224,2020-09-21 17:00:00,8.95,8.9501,8.92,8.95,3594
256,223,2020-09-21 17:30:00,8.9401,8.95,8.94,8.94,4005
257,222,2020-09-21 18:00:00,8.94,8.94,8.94,8.94,220
258,221,2020-09-21 19:00:00,8.94,8.94,8.94,8.94,300
259,220,2020-09-21 20:00:00,8.94,8.94,8.9399,8.94,4020
260,219,2020-09-22 06:30:00,9.0,9.0,9.0,9.0,1000
261,218,2020-09-22 07:30:00,9.08,9.08,9.05,9.05,6380
262,217,2020-09-22 08:00:00,9.06,9.07,9.04,9.07,4979
263,216,2020-09-22 08:30:00,9.07,9.0701,8.98,8.98,29976
264,215,2020-09-22 09:00:00,9.0,9.03,8.98,9.03,5460
265,214,2020-09-22 09:30:00,9.01,9.03,9.01,9.03,7100
266,213,2020-09-22 10:00:00,9.02,9.0869,8.905,9.01,895702
267,212,2020-09-22 10:30:00,9.01,9.02,8.895,8.965,420539
268,211,2020-09-22 11:00:00,8.97,8.9899,8.82,8.82,1119327
269,210,2020-09-22 11:30:00,8.825,8.87,8.79,8.87,1011116
270,209,2020-09-22 12:00:00,8.87,8.885,8.82,8.87,334362
271,208,2020-09-22 12:30:00,8.87,8.92,8.835,8.9131,275300
272,207,2020-09-22 13:00:00,8.92,8.92,8.86,8.875,213617
273,206,2020-09-22 13:30:00,8.88,8.93,8.87,8.915,167501
274,205,2020-09-22 14:00:00,8.91,8.92,8.88,8.895,279157
275,204,2020-09-22 14:30:00,8.9,8.94,8.885,8.925,1347765
276,203,2020-09-22 15:00:00,8.93,8.95,8.915,8.925,285003
277,202,2020-09-22 15:30:00,8.925,8.96,8.9101,8.935,246968
278,201,2020-09-22 16:00:00,8.935,8.935,8.845,8.85,1891019
279,200,2020-09-22 16:30:00,8.85,8.9,8.84,8.84,16082
280,199,2020-09-22 17:30:00,8.91,8.92,8.91,8.92,2500
281,198,2020-09-22 18:00:00,8.84,8.85,8.84,8.85,2500
282,197,2020-09-22 18:30:00,8.86,8.86,8.86,8.86,511
283,196,2020-09-22 19:00:00,8.92,8.92,8.84,8.84,3726
284,195,2020-09-22 19:30:00,8.84,8.84,8.84,8.84,900
285,194,2020-09-22 20:00:00,8.84,8.84,8.82,8.82,22600
286,193,2020-09-23 04:30:00,8.87,8.87,8.82,8.82,928
287,192,2020-09-23 07:00:00,8.78,8.79,8.71,8.71,9008
288,191,2020-09-23 07:30:00,8.76,8.79,8.74,8.74,30504
289,190,2020-09-23 08:00:00,8.74,8.76,8.7,8.71,10007
290,189,2020-09-23 08:30:00,8.7799,8.79,8.7,8.76,8174
291,188,2020-09-23 09:00:00,8.78,8.8,8.76,8.79,9507
292,187,2020-09-23 09:30:00,8.78,8.86,8.78,8.83,23586
293,186,2020-09-23 10:00:00,8.83,9.08,8.83,9.01,1055047
294,185,2020-09-23 10:30:00,9.0082,9.025,8.94,8.995,297978
295,184,2020-09-23 11:00:00,8.995,9.01,8.88,8.9057,1561653
296,183,2020-09-23 11:30:00,8.91,8.95,8.87,8.871,738249
297,182,2020-09-23 12:00:00,8.875,8.875,8.76,8.77,477474
298,181,2020-09-23 12:30:00,8.77,8.8,8.75,8.79,364987
299,180,2020-09-23 13:00:00,8.785,8.805,8.75,8.755,300641
300,179,2020-09-23 13:30:00,8.76,8.78,8.73,8.755,402689
301,178,2020-09-23 14:00:00,8.7599,8.785,8.745,8.755,274771
302,177,2020-09-23 14:30:00,8.755,8.78,8.7,8.7,547443
303,176,2020-09-23 15:00:00,8.7,8.72,8.62,8.633,1287968
304,175,2020-09-23 15:30:00,8.6399,8.66,8.6144,8.65,1011020
305,174,2020-09-23 16:00:00,8.645,8.7,8.64,8.65,2175681
306,173,2020-09-23 16:30:00,8.64,8.64,8.64,8.64,7915
307,172,2020-09-23 17:00:00,8.6601,8.6601,8.64,8.64,1793
308,171,2020-09-23 17:30:00,8.7,8.7,8.64,8.64,870
309,170,2020-09-23 18:00:00,8.64,8.69,8.64,8.65,2125
310,169,2020-09-23 18:30:00,8.67,8.67,8.64,8.64,750
311,168,2020-09-23 19:00:00,8.68,8.68,8.67,8.67,608
312,167,2020-09-23 20:00:00,8.64,8.69,8.64,8.69,4972
313,166,2020-09-24 05:00:00,8.67,8.67,8.67,8.67,500
314,165,2020-09-24 05:30:00,8.64,8.64,8.64,8.64,500
315,164,2020-09-24 06:00:00,8.64,8.64,8.64,8.64,500
316,163,2020-09-24 07:30:00,8.64,8.64,8.6,8.6,2941
317,162,2020-09-24 08:00:00,8.63,8.64,8.59,8.59,1480
318,161,2020-09-24 08:30:00,8.5999,8.63,8.56,8.5701,6288
319,160,2020-09-24 09:00:00,8.5801,8.5801,8.49,8.5,67010
320,159,2020-09-24 09:30:00,8.5,8.56,8.5,8.54,6384
321,158,2020-09-24 10:00:00,8.54,8.64,8.46,8.55,1440417
322,157,2020-09-24 10:30:00,8.555,8.665,8.54,8.55,519639
323,156,2020-09-24 11:00:00,8.55,8.6255,8.51,8.61,421695
324,155,2020-09-24 11:30:00,8.605,8.6082,8.5,8.545,425554
325,154,2020-09-24 12:00:00,8.545,8.62,8.54,8.595,347771
326,153,2020-09-24 12:30:00,8.5999,8.69,8.59,8.675,649822
327,152,2020-09-24 13:00:00,8.68,8.68,8.59,8.635,335263
328,151,2020-09-24 13:30:00,8.6382,8.71,8.6382,8.68,314512
329,150,2020-09-24 14:00:00,8.68,8.72,8.662,8.665,352357
330,149,2020-09-24 14:30:00,8.665,8.67,8.62,8.62,171215
331,148,2020-09-24 15:00:00,8.62,8.64,8.585,8.585,393469
332,147,2020-09-24 15:30:00,8.59,8.61,8.5515,8.565,359395
333,146,2020-09-24 16:00:00,8.56,8.618,8.5525,8.57,1070104
334,145,2020-09-24 16:30:00,8.57,8.64,8.57,8.64,15564
335,144,2020-09-24 17:00:00,8.78,8.78,8.7099,8.7099,350
336,143,2020-09-24 20:00:00,8.71,8.71,8.71,8.71,2995
337,142,2020-09-25 06:30:00,8.71,8.71,8.71,8.71,478
338,141,2020-09-25 08:30:00,8.7099,8.71,8.57,8.57,2188
339,140,2020-09-25 09:00:00,8.58,8.58,8.58,8.58,600
340,139,2020-09-25 09:30:00,8.58,8.58,8.58,8.58,420
341,138,2020-09-25 10:00:00,8.56,8.685,8.56,8.655,346740
342,137,2020-09-25 10:30:00,8.6599,8.72,8.62,8.69,239762
343,136,2020-09-25 11:00:00,8.695,8.7,8.64,8.645,218275
344,135,2020-09-25 11:30:00,8.65,8.65,8.59,8.61,230253
345,134,2020-09-25 12:00:00,8.61,8.62,8.59,8.605,169455
346,133,2020-09-25 12:30:00,8.6,8.645,8.6,8.61,183825
347,132,2020-09-25 13:00:00,8.615,8.64,8.595,8.6381,132280
348,131,2020-09-25 13:30:00,8.63,8.6758,8.63,8.66,167463
349,130,2020-09-25 14:00:00,8.66,8.6799,8.645,8.65,172835
350,129,2020-09-25 14:30:00,8.655,8.69,8.65,8.68,197252
351,128,2020-09-25 15:00:00,8.6799,8.7,8.66,8.695,236001
352,127,2020-09-25 15:30:00,8.695,8.76,8.69,8.745,600102
353,126,2020-09-25 16:00:00,8.74,8.75,8.68,8.725,1122067
354,125,2020-09-25 16:30:00,8.72,8.72,8.7,8.7,60084
355,124,2020-09-25 17:00:00,8.728,8.728,8.72,8.72,305
356,123,2020-09-28 08:30:00,8.8,8.88,8.8,8.88,1200
357,122,2020-09-28 09:30:00,8.85,8.88,8.82,8.82,12134
358,121,2020-09-28 10:00:00,8.8,8.88,8.73,8.74,712173
359,120,2020-09-28 10:30:00,8.7401,8.825,8.7,8.81,463807
360,119,2020-09-28 11:00:00,8.8101,8.86,8.78,8.85,347094
361,118,2020-09-28 11:30:00,8.86,8.86,8.795,8.825,170138
362,117,2020-09-28 12:00:00,8.825,8.8494,8.76,8.79,323017
363,116,2020-09-28 12:30:00,8.785,8.84,8.785,8.835,151977
364,115,2020-09-28 13:00:00,8.84,8.87,8.825,8.855,265676
365,114,2020-09-28 13:30:00,8.85,8.86,8.83,8.849,144951
366,113,2020-09-28 14:00:00,8.85,8.86,8.825,8.835,125777
367,112,2020-09-28 14:30:00,8.835,8.845,8.815,8.835,146839
368,111,2020-09-28 15:00:00,8.835,8.87,8.83,8.85,163538
369,110,2020-09-28 15:30:00,8.85,8.85,8.81,8.8325,281024
370,109,2020-09-28 16:00:00,8.835,8.8375,8.8,8.81,775692
371,108,2020-09-28 16:30:00,8.8,8.81,8.8,8.81,26758
372,107,2020-09-28 17:00:00,8.81,8.87,8.81,8.87,1800
373,106,2020-09-28 18:00:00,8.82,8.82,8.82,8.82,300
374,105,2020-09-28 20:00:00,8.87,8.88,8.87,8.88,1195
375,104,2020-09-29 04:30:00,8.79,8.79,8.79,8.79,142
376,103,2020-09-29 07:30:00,8.87,8.89,8.87,8.89,3239
377,102,2020-09-29 08:30:00,8.8401,8.86,8.8401,8.85,664
378,101,2020-09-29 09:00:00,8.86,8.87,8.86,8.86,1246
379,100,2020-09-29 09:30:00,8.84,8.84,8.76,8.8,11650
380,99,2020-09-29 10:00:00,8.79,8.86,8.705,8.79,1076332
381,98,2020-09-29 10:30:00,8.79,8.885,8.79,8.79,626207
382,97,2020-09-29 11:00:00,8.79,8.795,8.76,8.79,244774
383,96,2020-09-29 11:30:00,8.785,8.85,8.7701,8.835,364347
384,95,2020-09-29 12:00:00,8.835,8.85,8.8,8.835,286021
385,94,2020-09-29 12:30:00,8.835,8.84,8.8019,8.815,180680
386,93,2020-09-29 13:00:00,8.8181,8.83,8.8,8.82,130827
387,92,2020-09-29 13:30:00,8.825,8.83,8.79,8.8119,133505
388,91,2020-09-29 14:00:00,8.815,8.87,8.815,8.87,181551
389,90,2020-09-29 14:30:00,8.865,8.87,8.83,8.85,200175
390,89,2020-09-29 15:00:00,8.85,8.855,8.82,8.82,121984
391,88,2020-09-29 15:30:00,8.83,8.84,8.815,8.825,166268
392,87,2020-09-29 16:00:00,8.825,8.855,8.82,8.845,739400
393,86,2020-09-29 16:30:00,8.85,8.86,8.85,8.85,87314
394,85,2020-09-29 17:00:00,8.81,8.81,8.81,8.81,310
395,84,2020-09-29 17:30:00,8.8798,8.8798,8.8798,8.8798,500
396,83,2020-09-29 18:00:00,8.81,8.9,8.73,8.85,4348
397,82,2020-09-29 18:30:00,8.85,8.85,8.85,8.85,414
398,81,2020-09-29 19:00:00,8.88,8.88,8.88,8.88,989
399,80,2020-09-29 20:00:00,8.87,8.87,8.87,8.87,225
400,79,2020-09-30 04:30:00,8.76,8.77,8.76,8.77,1800
401,78,2020-09-30 05:00:00,8.78,8.78,8.78,8.78,808
402,77,2020-09-30 05:30:00,8.81,8.81,8.81,8.81,137
403,76,2020-09-30 06:00:00,8.81,8.81,8.79,8.79,1726
404,75,2020-09-30 06:30:00,8.8,8.8,8.8,8.8,800
405,74,2020-09-30 07:30:00,8.81,8.82,8.81,8.81,4245
406,73,2020-09-30 08:00:00,8.83,8.83,8.79,8.79,2210
407,72,2020-09-30 08:30:00,8.81,8.87,8.81,8.83,8855
408,71,2020-09-30 09:00:00,8.8699,8.92,8.86,8.91,5717
409,70,2020-09-30 09:30:00,8.86,8.95,8.86,8.92,16130
410,69,2020-09-30 10:00:00,8.94,9.1,8.89,9.075,795261
411,68,2020-09-30 10:30:00,9.07,9.075,9.0,9.005,527171
412,67,2020-09-30 11:00:00,9.01,9.12,9.01,9.1,421694
413,66,2020-09-30 11:30:00,9.095,9.17,9.08,9.155,313272
414,65,2020-09-30 12:00:00,9.15,9.1975,9.09,9.095,709301
415,64,2020-09-30 12:30:00,9.095,9.12,9.07,9.095,355410
416,63,2020-09-30 13:00:00,9.09,9.12,9.04,9.06,460210
417,62,2020-09-30 13:30:00,9.0631,9.07,9.03,9.05,535471
418,61,2020-09-30 14:00:00,9.0524,9.08,9.03,9.05,180224
419,60,2020-09-30 14:30:00,9.05,9.085,9.02,9.045,272072
420,59,2020-09-30 15:00:00,9.04,9.06,8.991,9.035,290521
421,58,2020-09-30 15:30:00,9.04,9.05,8.94,8.985,362122
422,57,2020-09-30 16:00:00,8.98,9.07,8.94,9.0,1810961
423,56,2020-09-30 16:30:00,9.01,9.1,9.01,9.05,1394414
424,55,2020-09-30 17:00:00,9.05,9.05,9.02,9.02,2288
425,54,2020-09-30 17:30:00,9.08,9.08,9.02,9.02,268
426,53,2020-09-30 20:00:00,9.02,9.02,9.02,9.02,1500
427,52,2020-10-01 04:30:00,9.02,9.02,9.02,9.02,400
428,51,2020-10-01 05:30:00,8.96,8.96,8.96,8.96,300
429,50,2020-10-01 06:30:00,8.99,8.99,8.98,8.98,3570
430,49,2020-10-01 07:30:00,9.01,9.01,9.01,9.01,100
431,48,2020-10-01 08:00:00,9.02,9.02,9.02,9.02,3955
432,47,2020-10-01 08:30:00,9.02,9.07,9.02,9.06,4650
433,46,2020-10-01 09:00:00,9.05,9.05,9.03,9.05,6021
434,45,2020-10-01 09:30:00,9.05,9.07,9.05,9.05,7641
435,44,2020-10-01 10:00:00,9.06,9.23,9.02,9.1726,921835
436,43,2020-10-01 10:30:00,9.17,9.27,9.09,9.18,953129
437,42,2020-10-01 11:00:00,9.185,9.22,9.055,9.065,733169
438,41,2020-10-01 11:30:00,9.07,9.075,9.02,9.045,294227
439,40,2020-10-01 12:00:00,9.05,9.065,9.015,9.035,327925
440,39,2020-10-01 12:30:00,9.035,9.035,8.95,8.96,304700
441,38,2020-10-01 13:00:00,8.965,9.029,8.965,8.99,180947
442,37,2020-10-01 13:30:00,8.995,9.05,8.99,9.038,149563
443,36,2020-10-01 14:00:00,9.0382,9.075,9.03,9.06,257056
444,35,2020-10-01 14:30:00,9.06,9.08,9.0121,9.08,201661
445,34,2020-10-01 15:00:00,9.07,9.09,9.045,9.055,155738
446,33,2020-10-01 15:30:00,9.055,9.07,9.015,9.025,212100
447,32,2020-10-01 16:00:00,9.025,9.07,9.01,9.06,535916
448,31,2020-10-01 16:30:00,9.07,9.07,9.07,9.07,31675
449,30,2020-10-01 17:00:00,9.08,9.08,9.08,9.08,200
450,29,2020-10-01 17:30:00,9.07,9.09,9.07,9.09,250
451,28,2020-10-01 18:30:00,9.09,9.09,9.09,9.09,400
452,27,2020-10-01 19:30:00,9.07,9.07,9.07,9.07,500
453,26,2020-10-02 04:30:00,9.0,9.0,8.95,8.95,1822
454,25,2020-10-02 05:00:00,8.93,8.93,8.93,8.93,200
455,24,2020-10-02 06:30:00,8.91,8.91,8.91,8.91,2400
456,23,2020-10-02 07:30:00,8.92,8.92,8.9,8.91,1010
457,22,2020-10-02 08:00:00,8.89,8.89,8.87,8.87,350
458,21,2020-10-02 08:30:00,8.8701,8.9798,8.81,8.9,10813
459,20,2020-10-02 09:00:00,8.88,8.9,8.85,8.85,14649
460,19,2020-10-02 09:30:00,8.85,8.87,8.79,8.84,30416
461,18,2020-10-02 10:00:00,8.83,9.03,8.811,8.945,961605
462,17,2020-10-02 10:30:00,8.945,9.0325,8.93,8.94,299187
463,16,2020-10-02 11:00:00,8.93,8.94,8.88,8.9039,125792
464,15,2020-10-02 11:30:00,8.9,8.9,8.835,8.87,571159
465,14,2020-10-02 12:00:00,8.87,8.93,8.855,8.8576,322678
466,13,2020-10-02 12:30:00,8.855,9.0099,8.85,9.005,356273
467,12,2020-10-02 13:00:00,9.0088,9.06,8.99,9.05,255040
468,11,2020-10-02 13:30:00,9.041,9.05,9.0,9.0219,168932
469,10,2020-10-02 14:00:00,9.02,9.035,8.975,8.984,126481
470,9,2020-10-02 14:30:00,8.985,9.05,8.98,9.045,153106
471,8,2020-10-02 15:00:00,9.045,9.05,9.015,9.0266,150149
472,7,2020-10-02 15:30:00,9.03,9.045,9.0,9.035,159161
473,6,2020-10-02 16:00:00,9.035,9.07,9.01,9.01,529198
474,5,2020-10-02 16:30:00,9.02,9.02,9.0,9.0,53741
475,4,2020-10-02 17:00:00,9.01,9.04,9.01,9.04,522
476,3,2020-10-02 17:30:00,9.02,9.02,9.02,9.02,110
477,2,2020-10-02 18:00:00,9.02,9.02,9.0,9.0,2219
478,1,2020-10-02 19:00:00,9.0,9.0,9.0,9.0,113
479,0,2020-10-02 20:00:00,9.0,9.0,9.0,9.0,240
