,index,time,open,high,low,close,volume
0,480,2020-08-06 07:00:00,53.6,53.6,53.6,53.6,100
1,479,2020-08-06 07:30:00,54.02,54.02,53.5,53.5,755
2,478,2020-08-06 09:00:00,53.99,53.99,53.9599,53.9599,255
3,477,2020-08-06 09:30:00,53.7,53.7,53.21,53.39,1283
4,476,2020-08-06 10:00:00,53.21,53.83,53.19,53.66,939439
5,475,2020-08-06 10:30:00,53.67,53.77,53.48,53.678000000000004,253794
6,474,2020-08-06 11:00:00,53.69,53.78,53.54,53.69,368898
7,473,2020-08-06 11:30:00,53.69,53.99,53.6,53.88,644458
8,472,2020-08-06 12:00:00,53.8674,53.9,53.5301,53.585,429968
9,471,2020-08-06 12:30:00,53.59,53.61,53.35,53.56,300238
10,470,2020-08-06 13:00:00,53.56,53.7,53.53,53.655,269370
11,469,2020-08-06 13:30:00,53.65,53.68,53.44,53.545,408301
12,468,2020-08-06 14:00:00,53.54,53.55,53.08,53.13,209273
13,467,2020-08-06 14:30:00,53.14,53.45,53.1295,53.37,215466
14,466,2020-08-06 15:00:00,53.37,53.46,53.3,53.315,192467
15,465,2020-08-06 15:30:00,53.32,53.425,53.23,53.235,384177
16,464,2020-08-06 16:00:00,53.24,53.56,53.24,53.4,1416100
17,463,2020-08-06 16:30:00,53.41,53.99,53.41,53.99,284107
18,462,2020-08-06 17:00:00,53.41,53.41,53.4002,53.4002,2736
19,461,2020-08-06 19:00:00,53.4,53.4,53.4,53.4,250
20,460,2020-08-07 07:30:00,53.06,53.06,53.06,53.06,103
21,459,2020-08-07 09:00:00,53.48,53.48,53.48,53.48,1000
22,458,2020-08-07 09:30:00,53.49,53.56,53.49,53.56,1428
23,457,2020-08-07 10:00:00,53.58,53.89,53.3,53.53,574054
24,456,2020-08-07 10:30:00,53.525,54.14,53.51,54.09,763837
25,455,2020-08-07 11:00:00,54.095,54.23,54.0085,54.055,348511
26,454,2020-08-07 11:30:00,54.055,54.565,54.04,54.54,526393
27,453,2020-08-07 12:00:00,54.5367,55.04,54.52,55.01,562096
28,452,2020-08-07 12:30:00,55.02,55.13,54.84,55.12,326487
29,451,2020-08-07 13:00:00,55.115,55.53,55.11,55.455,372994
30,450,2020-08-07 13:30:00,55.455,55.55,55.35,55.52,414934
31,449,2020-08-07 14:00:00,55.51,55.73,55.44,55.47,286436
32,448,2020-08-07 14:30:00,55.47,55.56,55.21,55.225,374086
33,447,2020-08-07 15:00:00,55.22,55.62,55.17,55.5887,393058
34,446,2020-08-07 15:30:00,55.58,55.756,55.44,55.605,625011
35,445,2020-08-07 16:00:00,55.604,55.615,55.38,55.45,1316509
36,444,2020-08-07 16:30:00,55.45,55.45,55.45,55.45,46243
37,443,2020-08-07 18:00:00,55.42,55.42,55.42,55.42,100
38,442,2020-08-07 18:30:00,55.42,55.45,55.42,55.45,400
39,441,2020-08-07 19:00:00,55.45,55.45,55.45,55.45,398
40,440,2020-08-10 07:30:00,55.01,55.01,55.01,55.01,250
41,439,2020-08-10 09:00:00,55.7,55.75,55.7,55.75,300
42,438,2020-08-10 09:30:00,55.75,55.75,55.75,55.75,250
43,437,2020-08-10 10:00:00,55.74,56.2826,55.55,55.78,607361
44,436,2020-08-10 10:30:00,55.78,55.93,55.68,55.86,407757
45,435,2020-08-10 11:00:00,55.87,56.11,55.7,55.72,431864
46,434,2020-08-10 11:30:00,55.7,56.285,55.67,56.22,311081
47,433,2020-08-10 12:00:00,56.21,56.34,56.05,56.2526,209649
48,432,2020-08-10 12:30:00,56.26,56.35,56.181999999999995,56.215,303264
49,431,2020-08-10 13:00:00,56.225,56.47,56.18,56.4,183490
50,430,2020-08-10 13:30:00,56.405,56.42,56.02,56.16,174486
51,429,2020-08-10 14:00:00,56.15,56.31,56.1,56.1212,190142
52,428,2020-08-10 14:30:00,56.12,56.155,56.03,56.14,228013
53,427,2020-08-10 15:00:00,56.14,56.145,56.0,56.08,296342
54,426,2020-08-10 15:30:00,56.08,56.3199,56.07,56.23,349749
55,425,2020-08-10 16:00:00,56.23,56.57,56.145,56.53,1024787
56,424,2020-08-10 16:30:00,56.52,56.52,56.52,56.52,59875
57,423,2020-08-10 17:00:00,56.62,56.62,56.62,56.62,690
58,422,2020-08-10 17:30:00,56.22,56.52,56.22,56.52,1300
59,421,2020-08-10 18:00:00,56.28,56.28,56.28,56.28,300
60,420,2020-08-10 18:30:00,56.6,56.6,56.46,56.46,600
61,419,2020-08-10 19:00:00,56.3,56.3,56.3,56.3,100
62,418,2020-08-10 19:30:00,56.52,56.52,56.3,56.3,900
63,417,2020-08-11 05:30:00,56.95,56.95,56.95,56.95,200
64,416,2020-08-11 07:30:00,56.97,57.0,56.97,56.99,1342
65,415,2020-08-11 08:30:00,57.16,57.49,56.95,57.49,4028
66,414,2020-08-11 09:00:00,57.12,57.5,57.12,57.5,1570
67,413,2020-08-11 09:30:00,57.3,57.31,57.24,57.31,2828
68,412,2020-08-11 10:00:00,57.32,58.06,57.16,57.18,1041814
69,411,2020-08-11 10:30:00,57.16,57.3925,56.67,57.38,690104
70,410,2020-08-11 11:00:00,57.38,57.685,57.355,57.615,424237
71,409,2020-08-11 11:30:00,57.62,57.82,57.46,57.62,398577
72,408,2020-08-11 12:00:00,57.615,57.91,57.595,57.685,336042
73,407,2020-08-11 12:30:00,57.7,58.02,57.59,58.01,327975
74,406,2020-08-11 13:00:00,58.0,58.2,57.9,57.99,531579
75,405,2020-08-11 13:30:00,57.99,58.245,57.86,58.24,404932
76,404,2020-08-11 14:00:00,58.24,58.2774,58.1,58.27,306916
77,403,2020-08-11 14:30:00,58.27,58.44,58.22,58.255,332994
78,402,2020-08-11 15:00:00,58.255,58.295,58.1,58.25,335736
79,401,2020-08-11 15:30:00,58.25,58.27,57.46,57.87,772088
80,400,2020-08-11 16:00:00,57.86,57.86,57.445,57.52,1231300
81,399,2020-08-11 16:30:00,57.51,58.08,57.51,58.08,79609
82,398,2020-08-11 18:30:00,57.92,57.94,57.92,57.94,250
83,397,2020-08-12 08:30:00,58.3,58.5,58.3,58.5,1804
84,396,2020-08-12 09:00:00,58.65,58.65,58.5011,58.5011,206
85,395,2020-08-12 09:30:00,58.67,58.67,58.0,58.0,300
86,394,2020-08-12 10:00:00,57.78,58.09,56.98,57.2,754212
87,393,2020-08-12 10:30:00,57.19,57.4,56.97,57.26,241900
88,392,2020-08-12 11:00:00,57.26,57.3,56.96,56.98,280217
89,391,2020-08-12 11:30:00,56.96,57.06,56.58,56.88,361770
90,390,2020-08-12 12:00:00,56.88,57.14,56.86,57.071000000000005,217445
91,389,2020-08-12 12:30:00,57.07,57.24,57.02,57.235,205193
92,388,2020-08-12 13:00:00,57.24,57.72,57.235,57.58,306530
93,387,2020-08-12 13:30:00,57.585,57.605,57.34,57.39,146630
94,386,2020-08-12 14:00:00,57.39,57.73,57.386,57.715,170332
95,385,2020-08-12 14:30:00,57.715,57.79,57.62,57.76,164094
96,384,2020-08-12 15:00:00,57.76,57.81,57.6687,57.71,291040
97,383,2020-08-12 15:30:00,57.72,57.93,57.68,57.885,268498
98,382,2020-08-12 16:00:00,57.89,57.905,57.72,57.74,1146925
99,381,2020-08-12 16:30:00,57.6,57.73,57.6,57.73,70559
100,380,2020-08-12 17:30:00,57.73,57.73,57.73,57.73,299
101,379,2020-08-12 20:00:00,57.53,57.53,57.53,57.53,500
102,378,2020-08-13 08:30:00,57.73,57.73,57.73,57.73,651
103,377,2020-08-13 10:00:00,57.37,57.61,57.06,57.42,429318
104,376,2020-08-13 10:30:00,57.42,57.46,56.68,56.68,382323
105,375,2020-08-13 11:00:00,56.6684,57.0739,56.665,57.0,414156
106,374,2020-08-13 11:30:00,57.0,57.26,56.905,57.26,250020
107,373,2020-08-13 12:00:00,57.265,57.38,57.04,57.26,329857
108,372,2020-08-13 12:30:00,57.24,57.31,57.045,57.17,192253
109,371,2020-08-13 13:00:00,57.175,57.32,57.13,57.31,158463
110,370,2020-08-13 13:30:00,57.315,57.37,57.1,57.23,132514
111,369,2020-08-13 14:00:00,57.225,57.3,57.05,57.28,174514
112,368,2020-08-13 14:30:00,57.2959,57.465,57.25,57.42,162398
113,367,2020-08-13 15:00:00,57.41,57.43,57.05,57.165,184513
114,366,2020-08-13 15:30:00,57.165,57.27,57.1,57.19,286259
115,365,2020-08-13 16:00:00,57.2,57.34,57.09,57.11,685426
116,364,2020-08-13 16:30:00,57.11,57.16,57.11,57.16,58732
117,363,2020-08-13 17:00:00,57.16,57.45,57.16,57.45,951
118,362,2020-08-13 18:00:00,57.18,57.25,57.18,57.25,205
119,361,2020-08-13 18:30:00,57.3,57.3,57.16,57.16,427
120,360,2020-08-13 19:30:00,57.21,57.2101,57.21,57.2101,600
121,359,2020-08-13 20:00:00,57.2101,57.2101,57.2101,57.2101,130
122,358,2020-08-14 09:00:00,57.24,57.24,56.37,57.2399,1295
123,357,2020-08-14 09:30:00,57.15,57.15,57.0,57.0,603
124,356,2020-08-14 10:00:00,57.05,57.38,56.68,57.35,573254
125,355,2020-08-14 10:30:00,57.34,57.77,57.25,57.72,357640
126,354,2020-08-14 11:00:00,57.72,57.9438,57.57,57.73,287325
127,353,2020-08-14 11:30:00,57.72,57.94,57.59,57.88,157754
128,352,2020-08-14 12:00:00,57.9,58.05,57.81,57.99,206836
129,351,2020-08-14 12:30:00,57.99,58.135,57.32,58.02,248061
130,350,2020-08-14 13:00:00,58.04,58.06,57.855,57.9,201557
131,349,2020-08-14 13:30:00,57.89,58.01,57.84,57.935,180785
132,348,2020-08-14 14:00:00,57.94,58.21,57.87,58.21,324374
133,347,2020-08-14 14:30:00,58.19,58.35,58.15,58.225,348862
134,346,2020-08-14 15:00:00,58.22,58.28,57.955,57.965,328652
135,345,2020-08-14 15:30:00,57.965,58.07,57.88,58.02,346438
136,344,2020-08-14 16:00:00,58.015,58.05,57.76,57.87,803479
137,343,2020-08-14 16:30:00,57.87,58.11,57.87,58.11,91226
138,342,2020-08-14 17:00:00,57.86,57.86,57.86,57.86,900
139,341,2020-08-14 17:30:00,57.8002,57.87,57.8002,57.86,558
140,340,2020-08-14 18:00:00,57.87,57.87,57.8,57.8,8387
141,339,2020-08-14 18:30:00,57.83,58.05,57.83,58.0,9883
142,338,2020-08-14 19:00:00,57.95,57.95,57.95,57.95,100
143,337,2020-08-17 06:30:00,58.57,58.57,58.57,58.57,100
144,336,2020-08-17 07:00:00,58.31,58.31,58.3,58.3,509
145,335,2020-08-17 07:30:00,58.35,58.8,58.35,58.7,2914
146,334,2020-08-17 08:00:00,58.75,58.75,58.75,58.75,1000
147,333,2020-08-17 08:30:00,58.75,58.8844,58.35,58.84,4426
148,332,2020-08-17 09:00:00,58.9,58.9,58.71,58.71,990
149,331,2020-08-17 09:30:00,58.75,59.08,58.6,59.08,3292
150,330,2020-08-17 10:00:00,59.0,59.02,57.93,57.94,1111871
151,329,2020-08-17 10:30:00,57.96,58.49,57.71,58.48,454074
152,328,2020-08-17 11:00:00,58.46,58.54,58.24,58.5038,437024
153,327,2020-08-17 11:30:00,58.51,59.31,58.445,59.26,539822
154,326,2020-08-17 12:00:00,59.265,59.54,59.01,59.03,795647
155,325,2020-08-17 12:30:00,59.03,59.24,58.905,59.0,503069
156,324,2020-08-17 13:00:00,59.0,59.47,59.0,59.403999999999996,372527
157,323,2020-08-17 13:30:00,59.405,59.43,59.17,59.21,229836
158,322,2020-08-17 14:00:00,59.2,59.36,59.175,59.34,256111
159,321,2020-08-17 14:30:00,59.35,59.51,59.21,59.315,393618
160,320,2020-08-17 15:00:00,59.3199,59.42,59.28,59.335,296179
161,319,2020-08-17 15:30:00,59.33,59.46,59.235,59.245,561478
162,318,2020-08-17 16:00:00,59.245,59.48,59.105,59.43,1662685
163,317,2020-08-17 16:30:00,59.41,59.55,59.41,59.55,64093
164,316,2020-08-17 17:00:00,59.55,59.65,59.43,59.43,584
165,315,2020-08-17 17:30:00,59.4,59.63,59.4,59.63,721
166,314,2020-08-17 18:00:00,59.62,59.68,59.45,59.45,1662
167,313,2020-08-17 18:30:00,59.41,59.6899,59.41,59.6899,935
168,312,2020-08-17 19:00:00,59.67,59.67,59.55,59.55,424
169,311,2020-08-17 19:30:00,59.7,59.7,59.7,59.7,1000
170,310,2020-08-17 20:00:00,59.7,59.7,59.7,59.7,200
171,309,2020-08-18 07:30:00,59.85,60.0,59.85,60.0,2367
172,308,2020-08-18 08:00:00,60.05,60.05,59.45,59.45,3233
173,307,2020-08-18 08:30:00,60.0,60.06,59.44,59.44,10642
174,306,2020-08-18 09:00:00,59.4502,59.51,59.4,59.46,8509
175,305,2020-08-18 09:30:00,59.36,59.36,59.0,59.0,8194
176,304,2020-08-18 10:00:00,59.01,59.01,58.2205,58.585,796456
177,303,2020-08-18 10:30:00,58.58,58.66,57.98,58.01,610255
178,302,2020-08-18 11:00:00,58.01,58.1291,57.81,57.96,401005
179,301,2020-08-18 11:30:00,57.95,58.31,57.93,58.24,315437
180,300,2020-08-18 12:00:00,58.24,58.34,58.0322,58.05,374439
181,299,2020-08-18 12:30:00,58.05,58.1,57.765,58.04,295324
182,298,2020-08-18 13:00:00,58.045,58.09,57.96,58.035,291592
183,297,2020-08-18 13:30:00,58.04,58.04,57.88,57.985,376582
184,296,2020-08-18 14:00:00,57.985,58.0,57.64,57.655,678303
185,295,2020-08-18 14:30:00,57.65,57.9,57.56,57.69,626313
186,294,2020-08-18 15:00:00,57.7,57.72,57.55,57.625,532794
187,293,2020-08-18 15:30:00,57.625,57.71,57.54,57.665,651910
188,292,2020-08-18 16:00:00,57.66,57.69,57.37,57.47,1383093
189,291,2020-08-18 16:30:00,57.5,57.85,57.45,57.45,84629
190,290,2020-08-18 17:00:00,57.6,57.6,57.5,57.6,2803
191,289,2020-08-18 17:30:00,57.6,57.61,57.45,57.45,4586
192,288,2020-08-18 18:00:00,57.55,57.55,57.4,57.5,2279
193,287,2020-08-18 18:30:00,57.49,57.49,57.24,57.3,2206
194,286,2020-08-18 19:00:00,57.35,57.35,57.35,57.35,4539
195,285,2020-08-18 20:00:00,57.42,57.42,57.36,57.38,3856
196,284,2020-08-19 04:30:00,57.56,57.56,57.56,57.56,500
197,283,2020-08-19 07:00:00,57.45,57.45,57.45,57.45,204
198,282,2020-08-19 07:30:00,57.98,58.17,57.75,58.17,3652
199,281,2020-08-19 08:00:00,57.95,59.0,53.65,54.0,137350
200,280,2020-08-19 08:30:00,57.4155,58.57,53.8,54.6,439361
201,279,2020-08-19 09:00:00,54.59,54.81,54.4,54.4,73041
202,278,2020-08-19 09:30:00,54.42,54.69,54.0,54.0,209937
203,277,2020-08-19 10:00:00,54.01,54.75,52.24,52.84,7574804
204,276,2020-08-19 10:30:00,52.85,53.45,52.55,52.95,3511262
205,275,2020-08-19 11:00:00,52.96,53.93,52.96,53.44,1905025
206,274,2020-08-19 11:30:00,53.44,54.48,53.39,54.46,1999111
207,273,2020-08-19 12:00:00,54.46,54.58,53.61,53.92,1677821
208,272,2020-08-19 12:30:00,53.915,54.17,53.52,54.03,1146548
209,271,2020-08-19 13:00:00,54.04,54.31,53.81,54.05,712267
210,270,2020-08-19 13:30:00,54.055,54.75,54.04,54.46,976249
211,269,2020-08-19 14:00:00,54.465,54.81,54.39,54.725,809525
212,268,2020-08-19 14:30:00,54.725,54.79,54.1215,54.22,1175186
213,267,2020-08-19 15:00:00,54.2222,54.3,53.95,54.1892,3715525
214,266,2020-08-19 15:30:00,54.185,54.45,54.0,54.385,1423671
215,265,2020-08-19 16:00:00,54.39,54.7,54.21,54.39,2749664
216,264,2020-08-19 16:30:00,54.36,54.36,54.25,54.36,132007
217,263,2020-08-19 18:00:00,54.2501,54.36,54.25,54.35,2430
218,262,2020-08-19 18:30:00,54.36,54.59,54.36,54.5,7117
219,261,2020-08-19 19:00:00,54.5,54.58,54.5,54.5,2996
220,260,2020-08-19 19:30:00,54.5,54.5,54.36,54.36,679
221,259,2020-08-19 20:00:00,54.36,54.6,54.31,54.31,3507
222,258,2020-08-20 07:30:00,54.4,54.4,54.4,54.4,100
223,257,2020-08-20 08:30:00,54.35,54.35,54.35,54.35,308
224,256,2020-08-20 09:00:00,54.2,54.2,53.92,53.93,2407
225,255,2020-08-20 09:30:00,53.88,53.88,53.11,53.45,12998
226,254,2020-08-20 10:00:00,53.37,53.66,52.5,53.305,2393739
227,253,2020-08-20 10:30:00,53.3,53.4,53.05,53.1,874744
228,252,2020-08-20 11:00:00,53.105,53.105,52.565,52.57,1005201
229,251,2020-08-20 11:30:00,52.5624,52.84,52.305,52.355,1122893
230,250,2020-08-20 12:00:00,52.36,52.8497,52.325,52.785,793175
231,249,2020-08-20 12:30:00,52.775,52.92,52.61,52.68,895943
232,248,2020-08-20 13:00:00,52.675,52.695,52.31,52.31,1137637
233,247,2020-08-20 13:30:00,52.31,52.65,52.22,52.6,1230771
234,246,2020-08-20 14:00:00,52.605,52.62,52.35,52.5142,793023
235,245,2020-08-20 14:30:00,52.52,52.615,52.4,52.45,832944
236,244,2020-08-20 15:00:00,52.45,52.4913,52.115,52.13,761435
237,243,2020-08-20 15:30:00,52.125,52.17,51.795,51.8,1602349
238,242,2020-08-20 16:00:00,51.805,51.865,51.53,51.64,3070056
239,241,2020-08-20 16:30:00,51.7,51.81,51.65,51.75,73956
240,240,2020-08-20 17:00:00,51.7502,51.86,51.75,51.86,4302
241,239,2020-08-20 17:30:00,51.88,51.9,51.8,51.9,3269
242,238,2020-08-20 18:00:00,51.88,51.9,51.75,51.85,64379
243,237,2020-08-20 18:30:00,51.9,51.91,51.88,51.9,1386
244,236,2020-08-20 19:00:00,51.97,51.97,51.85,51.85,1355
245,235,2020-08-20 19:30:00,51.95,51.95,51.95,51.95,250
246,234,2020-08-20 20:00:00,51.97,51.97,51.8801,51.8801,2092
247,233,2020-08-21 04:30:00,51.95,51.95,51.95,51.95,200
248,232,2020-08-21 05:30:00,51.95,51.95,51.95,51.95,280
249,231,2020-08-21 07:30:00,51.64,52.0,51.56,51.95,3775
250,230,2020-08-21 08:00:00,51.9,52.0,51.9,51.9,997
251,229,2020-08-21 08:30:00,51.9,52.1,51.56,51.65,4845
252,228,2020-08-21 09:00:00,51.8,52.0691,51.8,52.0691,495
253,227,2020-08-21 09:30:00,52.01,52.1,51.8,51.96,6054
254,226,2020-08-21 10:00:00,51.98,53.015,51.86,52.98,3018180
255,225,2020-08-21 10:30:00,52.98,53.24,52.5,52.755,1197808
256,224,2020-08-21 11:00:00,52.74,52.96,52.25,52.265,854250
257,223,2020-08-21 11:30:00,52.27,52.435,52.2,52.35,1201579
258,222,2020-08-21 12:00:00,52.35,52.415,52.0274,52.17,574284
259,221,2020-08-21 12:30:00,52.166000000000004,52.27,52.0,52.175,384281
260,220,2020-08-21 13:00:00,52.175,52.28,52.07,52.11,403626
261,219,2020-08-21 13:30:00,52.11,52.16,52.015,52.02,495197
262,218,2020-08-21 14:00:00,52.015,52.035,51.79,51.81,472257
263,217,2020-08-21 14:30:00,51.82,52.0,51.72,51.99,709978
264,216,2020-08-21 15:00:00,51.995,52.06,51.74,51.94,625788
265,215,2020-08-21 15:30:00,51.94,51.98,51.7,51.765,838048
266,214,2020-08-21 16:00:00,51.76,51.83,51.6513,51.68,1726136
267,213,2020-08-21 16:30:00,51.66,51.8,51.65,51.65,94133
268,212,2020-08-21 17:00:00,51.65,51.68,51.65,51.68,418
269,211,2020-08-21 17:30:00,51.7899,51.79,51.72,51.72,790
270,210,2020-08-21 18:00:00,51.79,51.79,51.76,51.76,2703
271,209,2020-08-21 18:30:00,51.79,51.79,51.79,51.79,200
272,208,2020-08-21 19:00:00,51.79,51.99,51.79,51.8,3104
273,207,2020-08-21 20:00:00,51.77,51.77,51.77,51.77,100
274,206,2020-08-24 04:30:00,52.25,52.25,52.22,52.22,450
275,205,2020-08-24 06:30:00,52.25,52.25,52.25,52.25,701
276,204,2020-08-24 07:30:00,52.35,52.4,52.26,52.4,2702
277,203,2020-08-24 08:00:00,52.3,52.3,52.3,52.3,200
278,202,2020-08-24 08:30:00,52.1,52.61,52.1,52.3699,2261
279,201,2020-08-24 09:00:00,52.2,52.2999,52.17,52.17,828
280,200,2020-08-24 09:30:00,52.13,52.15,51.51,51.52,13328
281,199,2020-08-24 10:00:00,51.52,53.2,51.52,53.085,2416764
282,198,2020-08-24 10:30:00,53.1,53.22,52.94,52.995,1040821
283,197,2020-08-24 11:00:00,52.995,53.29,52.92,53.25,929921
284,196,2020-08-24 11:30:00,53.26,53.49,53.07,53.21,717009
285,195,2020-08-24 12:00:00,53.2,53.45,53.095,53.105,366176
286,194,2020-08-24 12:30:00,53.1,53.33,53.0835,53.32,303003
287,193,2020-08-24 13:00:00,53.32,53.34,52.845,52.86,407679
288,192,2020-08-24 13:30:00,52.851000000000006,52.9044,52.61,52.8702,694212
289,191,2020-08-24 14:00:00,52.88,53.09,52.87,52.99,541568
290,190,2020-08-24 14:30:00,52.98,53.06,52.89,53.005,908737
291,189,2020-08-24 15:00:00,53.0,53.025,52.83,53.0,526467
292,188,2020-08-24 15:30:00,52.995,53.17,52.96,53.135,744421
293,187,2020-08-24 16:00:00,53.135,53.46,53.135,53.42,1421118
294,186,2020-08-24 16:30:00,53.41,53.43,52.0,52.86,192788
295,185,2020-08-24 17:30:00,52.815,52.815,52.815,52.815,200
296,184,2020-08-24 18:00:00,53.0,53.0,52.82,52.82,679
297,183,2020-08-24 18:30:00,53.0,53.0,53.0,53.0,283
298,182,2020-08-24 19:30:00,52.99,52.99,52.99,52.99,100
299,181,2020-08-24 20:00:00,53.23,53.23,53.23,53.23,200
300,180,2020-08-25 07:30:00,53.25,53.25,53.25,53.25,300
301,179,2020-08-25 08:00:00,53.19,53.25,53.14,53.14,1100
302,178,2020-08-25 08:30:00,53.23,53.25,53.0,53.0,501
303,177,2020-08-25 09:00:00,53.0099,53.0099,53.0,53.0,386
304,176,2020-08-25 09:30:00,53.02,53.16,52.83,52.95,2050
305,175,2020-08-25 10:00:00,53.18,53.7,53.05,53.175,1290898
306,174,2020-08-25 10:30:00,53.175,53.59,53.09,53.5313,750093
307,173,2020-08-25 11:00:00,53.535,53.905,53.425,53.87,675114
308,172,2020-08-25 11:30:00,53.87,53.96,53.64,53.65,539224
309,171,2020-08-25 12:00:00,53.63,53.65,53.4,53.515,315075
310,170,2020-08-25 12:30:00,53.52,53.605,53.435,53.56,233464
311,169,2020-08-25 13:00:00,53.56,53.63,53.48,53.5801,243007
312,168,2020-08-25 13:30:00,53.58,53.615,53.45,53.565,210912
313,167,2020-08-25 14:00:00,53.56,53.65,53.49,53.5,188141
314,166,2020-08-25 14:30:00,53.505,53.55,53.35,53.385,272844
315,165,2020-08-25 15:00:00,53.3883,53.51,53.34,53.425,347926
316,164,2020-08-25 15:30:00,53.43,53.43,53.26,53.305,507977
317,163,2020-08-25 16:00:00,53.305,53.43,53.13,53.16,1617507
318,162,2020-08-25 16:30:00,53.16,53.17,53.16,53.17,148950
319,161,2020-08-25 17:00:00,53.15,53.16,53.1402,53.16,3104
320,160,2020-08-25 19:30:00,53.02,53.02,53.02,53.02,200
321,159,2020-08-26 08:00:00,53.1,53.5,53.1,53.5,1150
322,158,2020-08-26 09:00:00,53.3,53.4539,53.3,53.4539,1700
323,157,2020-08-26 09:30:00,53.2,53.4524,52.74,52.74,4102
324,156,2020-08-26 10:00:00,53.02,53.795,52.82,53.65,1149133
325,155,2020-08-26 10:30:00,53.65,53.71,53.37,53.54,445719
326,154,2020-08-26 11:00:00,53.54,53.65,53.31,53.33,558873
327,153,2020-08-26 11:30:00,53.33,53.41,53.23,53.3,423592
328,152,2020-08-26 12:00:00,53.3,53.31,53.21,53.2901,356750
329,151,2020-08-26 12:30:00,53.29,53.3,53.105,53.105,264133
330,150,2020-08-26 13:00:00,53.12,53.3,53.06,53.23,511279
331,149,2020-08-26 13:30:00,53.2383,53.275,53.16,53.235,357281
332,148,2020-08-26 14:00:00,53.24,53.29,53.21,53.23,234276
333,147,2020-08-26 14:30:00,53.23,53.28,53.165,53.235,340269
334,146,2020-08-26 15:00:00,53.23,53.26,53.17,53.17,500683
335,145,2020-08-26 15:30:00,53.17,53.42,53.14,53.37,629130
336,144,2020-08-26 16:00:00,53.36,53.43,53.23,53.27,1018796
337,143,2020-08-26 16:30:00,53.26,53.26,53.26,53.26,768734
338,142,2020-08-26 17:00:00,53.0,53.0,53.0,53.0,500
339,141,2020-08-26 18:00:00,53.29,53.48,53.29,53.48,5804
340,140,2020-08-26 19:00:00,53.03,53.03,53.03,53.03,186
341,139,2020-08-26 19:30:00,53.01,53.01,53.01,53.01,100
342,138,2020-08-27 08:30:00,53.2472,53.2472,52.75,52.75,842
343,137,2020-08-27 09:00:00,53.17,53.25,53.16,53.25,1087
344,136,2020-08-27 09:30:00,53.2,53.68,53.18,53.65,6664
345,135,2020-08-27 10:00:00,53.71,54.41,53.547,54.34,1333650
346,134,2020-08-27 10:30:00,54.33,54.46,53.935,54.19,1018461
347,133,2020-08-27 11:00:00,54.2,54.43,53.94,53.94,524267
348,132,2020-08-27 11:30:00,53.95,53.985,53.7,53.81,427518
349,131,2020-08-27 12:00:00,53.81,54.0,53.77,53.79,272614
350,130,2020-08-27 12:30:00,53.79,53.83,53.7,53.735,393668
351,129,2020-08-27 13:00:00,53.74,53.77,53.49,53.59,364118
352,128,2020-08-27 13:30:00,53.585,53.94,53.55,53.925,272938
353,127,2020-08-27 14:00:00,53.93,54.07,53.81,53.96,259310
354,126,2020-08-27 14:30:00,53.96,54.095,53.9,54.005,276590
355,125,2020-08-27 15:00:00,54.01,54.035,53.67,53.69,465325
356,124,2020-08-27 15:30:00,53.69,53.81,53.62,53.77,513777
357,123,2020-08-27 16:00:00,53.76,53.83,53.65,53.68,968924
358,122,2020-08-27 16:30:00,53.67,53.67,53.67,53.67,47010
359,121,2020-08-27 17:00:00,53.5,53.5,53.5,53.5,100
360,120,2020-08-28 08:30:00,54.0,54.0,54.0,54.0,240
361,119,2020-08-28 10:00:00,53.79,54.1099,53.52,53.94,471603
362,118,2020-08-28 10:30:00,53.96,54.05,53.7,53.72,340610
363,117,2020-08-28 11:00:00,53.74,53.93,53.65,53.78,267094
364,116,2020-08-28 11:30:00,53.7933,54.1,53.76,54.0541,345374
365,115,2020-08-28 12:00:00,54.051,54.09,53.9707,54.07,531941
366,114,2020-08-28 12:30:00,54.075,54.33,54.07,54.1802,292721
367,113,2020-08-28 13:00:00,54.185,54.185,54.065,54.125,332406
368,112,2020-08-28 13:30:00,54.12,54.26,54.09,54.16,205680
369,111,2020-08-28 14:00:00,54.1667,54.255,54.135,54.255,269760
370,110,2020-08-28 14:30:00,54.255,54.47,54.23,54.44,500125
371,109,2020-08-28 15:00:00,54.44,54.995,54.435,54.91,440853
372,108,2020-08-28 15:30:00,54.915,55.23,54.83,55.17,496307
373,107,2020-08-28 16:00:00,55.165,55.205,54.97,55.09,1072510
374,106,2020-08-28 16:30:00,55.09,55.09,55.09,55.09,54569
375,105,2020-08-28 17:00:00,54.94,55.01,54.94,55.0,743
376,104,2020-08-28 17:30:00,55.01,55.01,55.01,55.01,250
377,103,2020-08-31 09:00:00,55.01,55.01,55.0,55.0,410
378,102,2020-08-31 09:30:00,55.03,55.21,55.03,55.21,1670
379,101,2020-08-31 10:00:00,55.14,55.83,55.08,55.61,1186896
380,100,2020-08-31 10:30:00,55.6,55.75,55.065,55.065,794345
381,99,2020-08-31 11:00:00,55.07,55.185,54.86,54.98,601607
382,98,2020-08-31 11:30:00,54.98,55.135,54.83,54.93,354511
383,97,2020-08-31 12:00:00,54.92,55.19,54.885,55.095,294575
384,96,2020-08-31 12:30:00,55.0944,55.32,55.0847,55.12,331216
385,95,2020-08-31 13:00:00,55.11,55.155,55.02,55.11,280602
386,94,2020-08-31 13:30:00,55.115,55.13,54.945,55.02,176284
387,93,2020-08-31 14:00:00,55.02,55.09,54.995,55.043,146364
388,92,2020-08-31 14:30:00,55.04,55.105,54.98,55.04,237894
389,91,2020-08-31 15:00:00,55.04,55.1,54.94,55.06,269997
390,90,2020-08-31 15:30:00,55.05,55.06,54.755,54.86,487214
391,89,2020-08-31 16:00:00,54.855,55.13,54.77,54.77,1222938
392,88,2020-08-31 16:30:00,54.79,54.79,54.79,54.79,84244
393,87,2020-08-31 17:30:00,54.43,54.43,54.43,54.43,200
394,86,2020-08-31 18:30:00,54.05,54.05,54.05,54.05,202
395,85,2020-08-31 19:00:00,54.6,54.6,54.6,54.6,100
396,84,2020-09-01 07:30:00,54.8,54.8,54.8,54.8,200
397,83,2020-09-01 08:30:00,55.31,55.31,55.31,55.31,502
398,82,2020-09-01 09:00:00,55.0,55.0,54.82,54.82,1906
399,81,2020-09-01 09:30:00,54.8,54.8,54.36,54.36,6289
400,80,2020-09-01 10:00:00,54.59,54.73,53.91,54.515,948793
401,79,2020-09-01 10:30:00,54.51,54.76,54.32,54.65,392698
402,78,2020-09-01 11:00:00,54.65,54.78,54.5,54.69,331760
403,77,2020-09-01 11:30:00,54.7,55.145,54.63,54.83,433153
404,76,2020-09-01 12:00:00,54.82,55.07,54.815,54.96,304826
405,75,2020-09-01 12:30:00,54.96,55.08,54.82,55.07,243300
406,74,2020-09-01 13:00:00,55.075,55.1,54.96,55.055,215734
407,73,2020-09-01 13:30:00,55.06,55.14,54.96,54.965,179441
408,72,2020-09-01 14:00:00,54.97,55.18,54.94,55.145,296844
409,71,2020-09-01 14:30:00,55.145,55.26,55.08,55.14,345328
410,70,2020-09-01 15:00:00,55.13,55.205,55.073,55.125,278282
411,69,2020-09-01 15:30:00,55.12,55.24,55.055,55.2,427244
412,68,2020-09-01 16:00:00,55.195,55.28,55.1,55.27,1090444
413,67,2020-09-01 16:30:00,55.27,55.35,55.27,55.35,69233
414,66,2020-09-01 17:30:00,55.25,55.25,55.2,55.2,900
415,65,2020-09-01 18:00:00,55.05,55.05,55.05,55.05,367
416,64,2020-09-02 08:00:00,55.5,55.5,55.5,55.5,200
417,63,2020-09-02 08:30:00,55.62,55.62,55.3201,55.36,1838
418,62,2020-09-02 09:30:00,55.45,55.55,55.45,55.55,1201
419,61,2020-09-02 10:00:00,55.4,56.075,55.39,55.61,886681
420,60,2020-09-02 10:30:00,55.6,55.72,55.43,55.46,850272
421,59,2020-09-02 11:00:00,55.46,55.575,55.26,55.515,642167
422,58,2020-09-02 11:30:00,55.52,55.65,55.38,55.53,697182
423,57,2020-09-02 12:00:00,55.525,55.58,55.4,55.4902,332204
424,56,2020-09-02 12:30:00,55.5,55.92,55.45,55.9,1082851
425,55,2020-09-02 13:00:00,55.895,56.2,55.775,55.835,412554
426,54,2020-09-02 13:30:00,55.83,56.54,55.775,56.495,673635
427,53,2020-09-02 14:00:00,56.495,56.715,56.38,56.4664,570876
428,52,2020-09-02 14:30:00,56.455,56.485,56.09,56.258,788916
429,51,2020-09-02 15:00:00,56.2405,56.54,56.2144,56.465,326092
430,50,2020-09-02 15:30:00,56.46,56.66,56.39,56.62,464710
431,49,2020-09-02 16:00:00,56.605,56.91,56.5,56.73,1226400
432,48,2020-09-02 16:30:00,56.73,56.73,56.0,56.0,156443
433,47,2020-09-02 17:00:00,56.73,56.73,56.21,56.21,7024
434,46,2020-09-02 17:30:00,56.4,56.4,56.4,56.4,100
435,45,2020-09-02 18:00:00,56.28,56.28,56.28,56.28,1800
436,44,2020-09-02 19:00:00,56.59,56.6,56.59,56.6,700
437,43,2020-09-02 19:30:00,56.6,56.69,56.6,56.69,650
438,42,2020-09-02 20:00:00,56.7,56.7,56.7,56.7,325
439,41,2020-09-03 05:00:00,56.5,56.5,56.5,56.5,351
440,40,2020-09-03 08:30:00,56.25,56.25,55.86,55.86,348
441,39,2020-09-03 09:00:00,56.4,56.4,56.4,56.4,100
442,38,2020-09-03 09:30:00,56.17,57.08,56.17,57.08,12394
443,37,2020-09-03 10:00:00,57.01,57.05,56.33,56.74,723366
444,36,2020-09-03 10:30:00,56.73,56.8,56.28,56.5,453943
445,35,2020-09-03 11:00:00,56.52,56.71,56.12,56.29,501504
446,34,2020-09-03 11:30:00,56.28,56.32,55.471000000000004,55.8401,613695
447,33,2020-09-03 12:00:00,55.84,56.2713,55.75,56.05,313075
448,32,2020-09-03 12:30:00,56.05,56.28,55.998999999999995,56.19,487455
449,31,2020-09-03 13:00:00,56.19,56.19,55.895,56.02,406507
450,30,2020-09-03 13:30:00,56.02,56.27,55.81,56.17,385135
451,29,2020-09-03 14:00:00,56.16,56.16,55.81,55.97,320760
452,28,2020-09-03 14:30:00,55.945,56.11,55.86,55.905,372261
453,27,2020-09-03 15:00:00,55.9,56.06,55.44,55.46,515775
454,26,2020-09-03 15:30:00,55.465,55.65,55.25,55.31,599958
455,25,2020-09-03 16:00:00,55.3,55.66,55.18,55.53,1327722
456,24,2020-09-03 16:30:00,55.52,55.55,55.52,55.52,81997
457,23,2020-09-03 17:00:00,55.52,55.89,55.22,55.5,5568
458,22,2020-09-03 17:30:00,55.42,55.42,55.4,55.4,700
459,21,2020-09-03 18:30:00,55.03,55.03,55.0,55.0,372
460,20,2020-09-03 19:30:00,55.07,55.07,55.07,55.07,300
461,19,2020-09-03 20:00:00,55.0001,55.0001,54.62,54.62,355
462,18,2020-09-04 06:00:00,56.13,56.13,56.13,56.13,392
463,17,2020-09-04 08:30:00,56.13,56.13,55.98,55.98,1589
464,16,2020-09-04 09:00:00,55.0801,55.75,55.0801,55.67,1050
465,15,2020-09-04 09:30:00,55.83,55.95,55.8,55.8,3836
466,14,2020-09-04 10:00:00,55.89,56.07,55.17100000000001,55.39,564499
467,13,2020-09-04 10:30:00,55.39,55.51,54.81,54.85,442361
468,12,2020-09-04 11:00:00,54.83,54.97,54.21,54.938,614372
469,11,2020-09-04 11:30:00,54.95,54.99,54.46,54.66,514601
470,10,2020-09-04 12:00:00,54.65,55.005,54.43,54.96,446140
471,9,2020-09-04 12:30:00,54.95,55.39,54.93,55.34,656667
472,8,2020-09-04 13:00:00,55.325,55.585,55.19,55.575,337993
473,7,2020-09-04 13:30:00,55.56,55.58,55.25,55.275,294951
474,6,2020-09-04 14:00:00,55.25,55.4,55.135,55.39,251870
475,5,2020-09-04 14:30:00,55.38,55.41,55.155,55.275,257544
476,4,2020-09-04 15:00:00,55.27,55.6,55.19,55.43,341832
477,3,2020-09-04 15:30:00,55.435,55.485,55.15,55.39,573831
478,2,2020-09-04 16:00:00,55.375,55.375,55.06,55.17,980001
479,1,2020-09-04 16:30:00,55.18,55.18,55.18,55.18,75436
480,0,2020-09-04 17:00:00,55.46,55.46,55.46,55.46,200
481,350,2020-09-08 04:30:00,56.0,56.0,56.0,56.0,100
482,349,2020-09-08 07:30:00,55.46,55.46,55.0,55.0,707
483,348,2020-09-08 08:30:00,54.57,54.57,54.27,54.2701,1100
484,347,2020-09-08 10:00:00,54.65,55.08,54.39,54.84,599635
485,346,2020-09-08 10:30:00,54.84,55.35,54.54,55.25,535813
486,345,2020-09-08 11:00:00,55.21,55.47,55.02,55.2,588828
487,344,2020-09-08 11:30:00,55.22,55.43,55.06,55.075,276380
488,343,2020-09-08 12:00:00,55.0643,55.35,54.99,55.27,387721
489,342,2020-09-08 12:30:00,55.2661,55.515,55.175,55.4623,363568
490,341,2020-09-08 13:00:00,55.47,55.7,55.45,55.51,290574
491,340,2020-09-08 13:30:00,55.51,55.6,55.42,55.48,282069
492,339,2020-09-08 14:00:00,55.46,55.59,55.405,55.405,346507
493,338,2020-09-08 14:30:00,55.41,55.57,55.28,55.49,698153
494,337,2020-09-08 15:00:00,55.4885,55.4885,55.05,55.34,800817
495,336,2020-09-08 15:30:00,55.33,55.42,55.04,55.4,616025
496,335,2020-09-08 16:00:00,55.4,55.485,55.21,55.3,969875
497,334,2020-09-08 16:30:00,55.3,55.3,55.3,55.3,333398
498,333,2020-09-08 17:00:00,55.32,55.32,55.02,55.02,700
499,332,2020-09-08 17:30:00,55.3,55.3,55.3,55.3,20787
500,331,2020-09-08 19:00:00,54.45,54.45,54.27,54.27,819
501,330,2020-09-08 20:00:00,55.08,55.08,55.08,55.08,300
502,329,2020-09-09 07:30:00,55.5,55.5,55.5,55.5,105
503,328,2020-09-09 09:30:00,55.19,55.19,54.99,54.99,1851
504,327,2020-09-09 10:00:00,55.08,55.31,54.795,55.09,822884
505,326,2020-09-09 10:30:00,55.095,55.11,54.77,54.77,516730
506,325,2020-09-09 11:00:00,54.765,54.96,54.67,54.74,467362
507,324,2020-09-09 11:30:00,54.75,54.9855,54.56,54.65,540914
508,323,2020-09-09 12:00:00,54.65,54.76,54.46,54.585,597244
509,322,2020-09-09 12:30:00,54.59,54.89,54.58,54.89,325892
510,321,2020-09-09 13:00:00,54.89,54.91,54.72,54.795,330239
511,320,2020-09-09 13:30:00,54.8,55.23,54.8,55.085,424054
512,319,2020-09-09 14:00:00,55.09,55.185,54.98,55.13,269299
513,318,2020-09-09 14:30:00,55.14,55.245,55.015,55.025,282543
514,317,2020-09-09 15:00:00,55.03,55.215,55.02,55.18,336422
515,316,2020-09-09 15:30:00,55.185,55.32,55.14,55.19,341966
516,315,2020-09-09 16:00:00,55.185,55.29,54.74,54.77,1085497
517,314,2020-09-09 16:30:00,54.74,54.76,54.74,54.76,111711
518,313,2020-09-09 18:00:00,54.77,54.77,54.77,54.77,192
519,312,2020-09-10 08:30:00,54.69,54.69,54.69,54.69,100
520,311,2020-09-10 09:00:00,54.75,54.9,54.75,54.9,200
521,310,2020-09-10 09:30:00,54.55,54.55,54.55,54.55,208
522,309,2020-09-10 10:00:00,55.04,55.57,54.99,55.21,693428
523,308,2020-09-10 10:30:00,55.21,55.445,54.935,55.0576,1027338
524,307,2020-09-10 11:00:00,55.05,55.3,54.7,54.72,367397
525,306,2020-09-10 11:30:00,54.72,55.21,54.6,55.21,343404
526,305,2020-09-10 12:00:00,55.215,55.27,54.98,55.03,263041
527,304,2020-09-10 12:30:00,55.02,55.19,54.96,55.12,870917
528,303,2020-09-10 13:00:00,55.125,55.22,54.7,54.93,201306
529,302,2020-09-10 13:30:00,54.94,55.255,54.9,55.125,221504
530,301,2020-09-10 14:00:00,55.1315,55.3,54.955,55.02,210544
531,300,2020-09-10 14:30:00,55.01,55.06,54.36,54.37,277009
532,299,2020-09-10 15:00:00,54.375,54.635,54.33,54.532,301638
533,298,2020-09-10 15:30:00,54.53,54.545,53.92,54.155,401181
534,297,2020-09-10 16:00:00,54.14,54.46,54.04,54.1,1152578
535,296,2020-09-10 16:30:00,54.22,54.22,54.11,54.11,1159577
536,295,2020-09-11 09:00:00,54.25,54.25,54.25,54.25,1700
537,294,2020-09-11 09:30:00,54.25,54.28,54.25,54.28,530
538,293,2020-09-11 10:00:00,54.52,54.565,54.12,54.17,388030
539,292,2020-09-11 10:30:00,54.16,54.58,54.1,54.47,275887
540,291,2020-09-11 11:00:00,54.5,54.74,54.41,54.56,262966
541,290,2020-09-11 11:30:00,54.56,54.76,54.56,54.6,498864
542,289,2020-09-11 12:00:00,54.6,54.63,54.3,54.315,293550
543,288,2020-09-11 12:30:00,54.31,54.47,54.26,54.31,160954
544,287,2020-09-11 13:00:00,54.31,54.35,53.92,53.99,323900
545,286,2020-09-11 13:30:00,53.995,54.0355,53.585,53.65,305137
546,285,2020-09-11 14:00:00,53.645,53.9,53.5775,53.63,450173
547,284,2020-09-11 14:30:00,53.64,53.86,53.55,53.79,215831
548,283,2020-09-11 15:00:00,53.79,54.13,53.79,54.13,273479
549,282,2020-09-11 15:30:00,54.12,54.28,53.88,54.27,327712
550,281,2020-09-11 16:00:00,54.27,54.43,54.11,54.13,679330
551,280,2020-09-11 16:30:00,54.15,54.15,54.14,54.14,73555
552,279,2020-09-11 17:00:00,54.15,54.15,54.15,54.15,7817
553,278,2020-09-14 07:30:00,54.5,54.5,54.15,54.44,646
554,277,2020-09-14 09:30:00,54.41,54.6,54.27,54.6,1032
555,276,2020-09-14 10:00:00,54.71,55.215,54.53,55.21,548900
556,275,2020-09-14 10:30:00,55.22,55.35,55.04,55.13,273427
557,274,2020-09-14 11:00:00,55.13,55.4,55.105,55.3307,237192
558,273,2020-09-14 11:30:00,55.34,55.51,55.272,55.39,256153
559,272,2020-09-14 12:00:00,55.39,55.43,55.26,55.29,246179
560,271,2020-09-14 12:30:00,55.28,55.52,55.27,55.415,232560
561,270,2020-09-14 13:00:00,55.415,55.54,55.295,55.52,183309
562,269,2020-09-14 13:30:00,55.52,55.65,55.48,55.505,247875
563,268,2020-09-14 14:00:00,55.52,55.58,55.355,55.525,199296
564,267,2020-09-14 14:30:00,55.525,55.615,55.485,55.56,224459
565,266,2020-09-14 15:00:00,55.57,55.67,55.49,55.59,274079
566,265,2020-09-14 15:30:00,55.59,55.62,55.301,55.46,301626
567,264,2020-09-14 16:00:00,55.46,55.65,55.4,55.47,626319
568,263,2020-09-14 16:30:00,55.47,55.47,55.47,55.47,266556
569,262,2020-09-14 17:00:00,55.47,55.47,55.47,55.47,100
570,261,2020-09-14 19:00:00,55.7,55.75,55.68,55.75,712
571,260,2020-09-15 07:30:00,56.19,56.2,56.0,56.0,3305
572,259,2020-09-15 08:30:00,55.82,55.82,55.8,55.8,650
573,258,2020-09-15 09:30:00,55.9801,56.26,55.9801,56.26,2883
574,257,2020-09-15 10:00:00,56.26,56.79,56.06,56.13,834838
575,256,2020-09-15 10:30:00,56.1211,56.135,55.88,55.96,296899
576,255,2020-09-15 11:00:00,55.94,56.38,55.82,56.33,286190
577,254,2020-09-15 11:30:00,56.32,56.71,56.21,56.43,492482
578,253,2020-09-15 12:00:00,56.42,56.7657,56.34,56.45,543747
579,252,2020-09-15 12:30:00,56.44,56.83,56.44,56.68,343004
580,251,2020-09-15 13:00:00,56.6806,56.77,56.57,56.75,302253
581,250,2020-09-15 13:30:00,56.75,57.06,56.74,56.9,454824
582,249,2020-09-15 14:00:00,56.9,56.94,56.7,56.76,276398
583,248,2020-09-15 14:30:00,56.77,57.0,56.74,56.85,784507
584,247,2020-09-15 15:00:00,56.86,57.215,56.845,57.1289,398774
585,246,2020-09-15 15:30:00,57.125,57.245,56.82,56.83,482534
586,245,2020-09-15 16:00:00,56.82,56.97,56.675,56.86,1307673
587,244,2020-09-15 16:30:00,56.86,56.86,56.8,56.8,38625
588,243,2020-09-15 17:00:00,56.86,56.86,56.86,56.86,2786
589,242,2020-09-16 07:30:00,57.59,57.59,57.04,57.04,484
590,241,2020-09-16 10:00:00,57.23,57.39,56.93,57.14,498281
591,240,2020-09-16 10:30:00,57.14,57.595,57.12,57.24,422812
592,239,2020-09-16 11:00:00,57.24,57.25,56.92,57.055,279950
593,238,2020-09-16 11:30:00,57.05,57.475,57.035,57.38,262831
594,237,2020-09-16 12:00:00,57.38,57.515,57.34,57.5,193055
595,236,2020-09-16 12:30:00,57.5,57.545,57.33,57.39,253776
596,235,2020-09-16 13:00:00,57.39,57.72,57.355,57.687,187083
597,234,2020-09-16 13:30:00,57.685,57.685,57.43,57.47,396150
598,233,2020-09-16 14:00:00,57.47,57.83,57.36,57.73,248886
599,232,2020-09-16 14:30:00,57.71,58.089,57.625,57.87,290140
600,231,2020-09-16 15:00:00,57.87,58.15,57.74,58.07,349542
601,230,2020-09-16 15:30:00,58.06,58.09,57.67,57.7,383655
602,229,2020-09-16 16:00:00,57.68,57.74,57.28,57.32,941226
603,228,2020-09-16 16:30:00,57.5036,57.5036,57.32,57.32,117687
604,227,2020-09-16 17:00:00,57.32,57.32,57.32,57.32,5890
605,226,2020-09-16 18:30:00,57.35,57.35,57.35,57.35,106
606,225,2020-09-17 08:00:00,56.85,56.85,56.85,56.85,172
607,224,2020-09-17 08:30:00,56.31,56.5,56.31,56.5,285
608,223,2020-09-17 09:00:00,56.73,56.73,56.73,56.73,120
609,222,2020-09-17 09:30:00,56.3001,56.3001,56.3,56.3,2275
610,221,2020-09-17 10:00:00,56.59,57.19,56.4,56.81,487258
611,220,2020-09-17 10:30:00,56.82,56.94,56.47,56.59,253181
612,219,2020-09-17 11:00:00,56.59,56.74,56.5,56.54,234273
613,218,2020-09-17 11:30:00,56.55,56.77,56.49,56.5,214582
614,217,2020-09-17 12:00:00,56.49,56.6,56.16,56.25,271719
615,216,2020-09-17 12:30:00,56.25,56.29,55.75,55.893,249142
616,215,2020-09-17 13:00:00,55.86,56.08,55.64,56.08,278712
617,214,2020-09-17 13:30:00,56.06,56.08,55.81,55.85,142069
618,213,2020-09-17 14:00:00,55.84,56.15,55.81,56.05,189235
619,212,2020-09-17 14:30:00,56.06,56.225,55.895,55.9,207806
620,211,2020-09-17 15:00:00,55.9,55.9,55.69,55.69,231907
621,210,2020-09-17 15:30:00,55.69,55.84,55.505,55.63,281828
622,209,2020-09-17 16:00:00,55.61,56.03,55.58,55.95,830729
623,208,2020-09-17 16:30:00,55.94,57.32,55.94,57.32,132748
624,207,2020-09-17 17:00:00,55.8,55.8,55.8,55.8,106
625,206,2020-09-18 09:00:00,55.92,55.94,55.92,55.94,1100
626,205,2020-09-18 09:30:00,55.97,55.97,55.95,55.95,2980
627,204,2020-09-18 10:00:00,55.72,56.63,55.72,56.19,2035869
628,203,2020-09-18 10:30:00,56.2,56.74,56.18,56.67,312353
629,202,2020-09-18 11:00:00,56.67,56.67,56.26,56.31,161562
630,201,2020-09-18 11:30:00,56.33,56.52,56.2831,56.32,251109
631,200,2020-09-18 12:00:00,56.33,56.35,56.03,56.25,196607
632,199,2020-09-18 12:30:00,56.26,56.29,56.01,56.09,167748
633,198,2020-09-18 13:00:00,56.085,56.085,55.82,55.95,200646
634,197,2020-09-18 13:30:00,55.95,56.04,55.66,55.665,234483
635,196,2020-09-18 14:00:00,55.65,55.98,55.47,55.87,374449
636,195,2020-09-18 14:30:00,55.87,55.87,55.61,55.6929,231274
637,194,2020-09-18 15:00:00,55.69,55.975,55.63,55.97,241067
638,193,2020-09-18 15:30:00,55.98,56.19,55.88,56.19,270488
639,192,2020-09-18 16:00:00,56.19,56.29,55.985,56.0,920532
640,191,2020-09-18 16:30:00,56.02,56.0217,56.02,56.0217,237333
641,190,2020-09-18 17:00:00,56.02,56.024202,56.02,56.024202,8031
642,189,2020-09-18 18:30:00,56.04,56.04,56.04,56.04,177
643,188,2020-09-21 05:00:00,55.0,55.0,55.0,55.0,306
644,187,2020-09-21 06:00:00,54.43,54.43,54.43,54.43,399
645,186,2020-09-21 07:30:00,55.03,55.03,55.03,55.03,265
646,185,2020-09-21 08:30:00,55.0,55.01,55.0,55.01,1079
647,184,2020-09-21 09:00:00,54.3616,54.3616,54.3616,54.3616,725
648,183,2020-09-21 09:30:00,54.94,54.95,54.94,54.95,653
649,182,2020-09-21 10:00:00,55.16,55.16,53.98,54.16,627250
650,181,2020-09-21 10:30:00,54.14,54.17,53.59,53.74,865374
651,180,2020-09-21 11:00:00,53.74,54.08,53.47,54.01,485237
652,179,2020-09-21 11:30:00,54.01,54.15,53.5789,53.73,560251
653,178,2020-09-21 12:00:00,53.72,54.09,53.68,54.055,338951
654,177,2020-09-21 12:30:00,54.04,54.35,53.97,53.99,499603
655,176,2020-09-21 13:00:00,53.99,55.01,53.875,53.91,288901
656,175,2020-09-21 13:30:00,53.92,54.02,53.795,53.91,259478
657,174,2020-09-21 14:00:00,53.91,53.99,53.67,53.75,270618
658,173,2020-09-21 14:30:00,53.73,53.81,53.565,53.645,264332
659,172,2020-09-21 15:00:00,53.64,53.72,53.35,53.66,449925
660,171,2020-09-21 15:30:00,53.665,53.95,53.64,53.83,348590
661,170,2020-09-21 16:00:00,53.835,54.18,53.73,54.17,1317505
662,169,2020-09-21 16:30:00,54.17,54.17,54.17,54.17,431104
663,168,2020-09-21 17:30:00,54.26,54.5,54.26,54.5,1000
664,167,2020-09-22 09:30:00,54.23,54.27,54.23,54.26,1080
665,166,2020-09-22 10:00:00,54.17,54.61,53.93,53.95,501982
666,165,2020-09-22 10:30:00,53.935,54.08,53.78,53.85,424466
667,164,2020-09-22 11:00:00,53.85,53.885,53.35,53.36,293631
668,163,2020-09-22 11:30:00,53.35,53.51,53.29,53.34,387043
669,162,2020-09-22 12:00:00,53.35,53.9,53.242,53.89,393569
670,161,2020-09-22 12:30:00,53.895,54.03,53.83,53.995,271809
671,160,2020-09-22 13:00:00,54.0,54.03,53.88,53.895,240999
672,159,2020-09-22 13:30:00,53.895,53.94,53.785,53.835,202343
673,158,2020-09-22 14:00:00,53.825,53.86,53.68,53.845,198968
674,157,2020-09-22 14:30:00,53.85,53.92,53.64,53.72,307901
675,156,2020-09-22 15:00:00,53.725,53.8,53.65,53.695,320250
676,155,2020-09-22 15:30:00,53.69,53.77,53.475,53.755,505310
677,154,2020-09-22 16:00:00,53.755,53.955,53.68,53.88,1200253
678,153,2020-09-22 16:30:00,53.88,53.88,53.88,53.88,62837
679,152,2020-09-22 17:00:00,53.9,53.9,53.9,53.9,150
680,151,2020-09-22 18:00:00,53.9,53.9,53.9,53.9,394
681,150,2020-09-22 18:30:00,53.55,53.55,53.55,53.55,500
682,149,2020-09-23 07:30:00,54.4,54.4,54.4,54.4,100
683,148,2020-09-23 08:00:00,54.16,54.16,53.36,53.38,1704
684,147,2020-09-23 08:30:00,53.721000000000004,53.95,53.721000000000004,53.95,823
685,146,2020-09-23 09:30:00,53.8936,54.4,53.8936,54.4,5205
686,145,2020-09-23 10:00:00,54.44,54.91,53.87,53.94,705749
687,144,2020-09-23 10:30:00,53.94,53.99,53.74100000000001,53.84,341621
688,143,2020-09-23 11:00:00,53.83,54.175,53.63,53.985,445837
689,142,2020-09-23 11:30:00,53.98,54.04,53.81,53.84,279484
690,141,2020-09-23 12:00:00,53.85,54.105,53.79,53.89,190860
691,140,2020-09-23 12:30:00,53.88,54.02,53.74,53.93,269671
692,139,2020-09-23 13:00:00,53.945,54.01,53.775,54.01,246135
693,138,2020-09-23 13:30:00,54.01,54.24,53.9246,54.13,230472
694,137,2020-09-23 14:00:00,54.1341,54.2,53.94,53.97,251647
695,136,2020-09-23 14:30:00,53.97,53.97,53.33,53.38,350779
696,135,2020-09-23 15:00:00,53.38,53.435,53.15,53.165,327843
697,134,2020-09-23 15:30:00,53.17,53.26,52.95,53.105,432069
698,133,2020-09-23 16:00:00,53.11,53.15,52.71,52.86,906213
699,132,2020-09-23 16:30:00,52.87,52.87,52.87,52.87,409141
700,131,2020-09-23 17:00:00,52.87,52.87,52.87,52.87,200
701,130,2020-09-23 18:30:00,52.8,52.8,52.8,52.8,200
702,129,2020-09-23 19:00:00,52.6,52.6,52.53,52.53,925
703,128,2020-09-23 20:00:00,52.79,52.84,52.79,52.84,670
704,127,2020-09-24 09:00:00,52.78,52.78,52.52,52.53,2472
705,126,2020-09-24 09:30:00,52.53,52.79,52.51,52.79,2086
706,125,2020-09-24 10:00:00,52.57,52.67,51.8,52.19,549981
707,124,2020-09-24 10:30:00,52.2,52.69,52.2,52.325,441526
708,123,2020-09-24 11:00:00,52.335,52.4,52.13,52.255,253089
709,122,2020-09-24 11:30:00,52.26,52.2807,51.92,52.18,220027
710,121,2020-09-24 12:00:00,52.19,52.6,52.13,52.58,219259
711,120,2020-09-24 12:30:00,52.585,52.885,52.585,52.78,290524
712,119,2020-09-24 13:00:00,52.775,52.95,52.56,52.93,157648
713,118,2020-09-24 13:30:00,52.92,53.45,52.92,53.39,247691
714,117,2020-09-24 14:00:00,53.39,53.54,53.27,53.28,279340
715,116,2020-09-24 14:30:00,53.29,53.365,53.0,53.11,175340
716,115,2020-09-24 15:00:00,53.12,53.315,52.84,52.8669,255513
717,114,2020-09-24 15:30:00,52.88,52.965,52.56,52.715,463068
718,113,2020-09-24 16:00:00,52.715,52.88,52.61,52.82,658871
719,112,2020-09-24 16:30:00,52.83,52.83,52.83,52.83,55190
720,111,2020-09-24 19:30:00,52.96,52.96,52.96,52.96,1000
721,110,2020-09-25 09:30:00,52.77,52.77,52.46,52.46,4806
722,109,2020-09-25 10:00:00,52.46,52.83,52.24,52.455,649537
723,108,2020-09-25 10:30:00,52.455,52.588,52.16,52.36,466454
724,107,2020-09-25 11:00:00,52.36,52.56,52.13,52.45,426318
725,106,2020-09-25 11:30:00,52.46,52.59,52.34,52.51,264331
726,105,2020-09-25 12:00:00,52.52,52.55,52.28,52.29,229633
727,104,2020-09-25 12:30:00,52.3,52.36,52.2,52.2,542452
728,103,2020-09-25 13:00:00,52.21,52.4,52.11,52.37,575490
729,102,2020-09-25 13:30:00,52.38,52.77,52.33,52.71,333982
730,101,2020-09-25 14:00:00,52.705,52.83,52.622,52.825,254691
731,100,2020-09-25 14:30:00,52.82,53.12,52.82,53.01,334802
732,99,2020-09-25 15:00:00,53.02,53.11,52.84,53.11,263650
733,98,2020-09-25 15:30:00,53.1,53.4,53.095,53.38,312167
734,97,2020-09-25 16:00:00,53.37,53.38,53.115,53.19,768080
735,96,2020-09-25 16:30:00,53.19,53.19,53.18,53.18,103550
736,95,2020-09-25 18:00:00,52.85,52.89,52.85,52.89,520
737,94,2020-09-28 07:30:00,53.68,53.68,53.68,53.68,479
738,93,2020-09-28 08:30:00,53.77,53.84,53.77,53.84,1022
739,92,2020-09-28 09:30:00,53.5,54.01,53.5,54.01,2843
740,91,2020-09-28 10:00:00,54.06,54.65,54.01,54.64,760457
741,90,2020-09-28 10:30:00,54.64,55.0,54.56,54.895,321527
742,89,2020-09-28 11:00:00,54.91,55.26,54.86,55.145,389700
743,88,2020-09-28 11:30:00,55.153999999999996,55.445,54.96,55.32,492153
744,87,2020-09-28 12:00:00,55.31,55.5,55.175,55.39,300183
745,86,2020-09-28 12:30:00,55.38,55.675,55.29,55.58,274393
746,85,2020-09-28 13:00:00,55.58,55.635,55.46,55.545,264725
747,84,2020-09-28 13:30:00,55.55,55.8,55.525,55.79,309090
748,83,2020-09-28 14:00:00,55.8,55.81,55.53,55.605,312156
749,82,2020-09-28 14:30:00,55.61,55.88,55.6,55.8,428891
750,81,2020-09-28 15:00:00,55.77,55.84,55.645,55.77,471218
751,80,2020-09-28 15:30:00,55.77,55.88,55.7,55.79,583037
752,79,2020-09-28 16:00:00,55.785,55.81,55.43,55.62,1550269
753,78,2020-09-28 16:30:00,55.321000000000005,55.6,55.321000000000005,55.6,433736
754,77,2020-09-28 19:00:00,55.6,55.6,55.6,55.6,200
755,76,2020-09-29 07:30:00,56.0,56.0,55.8,55.8,1293
756,75,2020-09-29 08:30:00,55.6,55.6,54.28,54.28,908
757,74,2020-09-29 09:30:00,54.7,54.75,54.46,54.5,2664
758,73,2020-09-29 10:00:00,55.01,55.19,54.32,54.35,934659
759,72,2020-09-29 10:30:00,54.345,54.62,54.28,54.35,400410
760,71,2020-09-29 11:00:00,54.35,54.37,54.075,54.08,351680
761,70,2020-09-29 11:30:00,54.07,54.07,53.75,53.94,341063
762,69,2020-09-29 12:00:00,53.93,54.035,53.62,53.725,352871
763,68,2020-09-29 12:30:00,53.725,53.9498,53.705,53.835,329168
764,67,2020-09-29 13:00:00,53.83,54.01,53.765,54.01,262516
765,66,2020-09-29 13:30:00,54.015,54.435,53.93,54.43,340324
766,65,2020-09-29 14:00:00,54.425,54.655,54.38,54.64,423821
767,64,2020-09-29 14:30:00,54.65,54.84,54.565,54.7422,470184
768,63,2020-09-29 15:00:00,54.75,54.86,54.4,54.43,420627
769,62,2020-09-29 15:30:00,54.44,54.5,54.24,54.345,828163
770,61,2020-09-29 16:00:00,54.35,54.3882,54.12,54.15,611997
771,60,2020-09-29 16:30:00,54.16,54.16,54.16,54.16,59918
772,59,2020-09-29 17:30:00,54.1,54.1,54.1,54.1,600
773,58,2020-09-30 08:30:00,54.15,54.15,54.15,54.15,110
774,57,2020-09-30 10:00:00,54.62,55.47,54.5799,55.46,409508
775,56,2020-09-30 10:30:00,55.44,55.87,55.41,55.75,323536
776,55,2020-09-30 11:00:00,55.77,56.06,55.76,55.8901,332774
777,54,2020-09-30 11:30:00,55.89,56.18,55.56,55.99,399896
778,53,2020-09-30 12:00:00,55.98,56.105,55.89,56.08,329277
779,52,2020-09-30 12:30:00,56.09,56.215,55.94,55.9411,238813
780,51,2020-09-30 13:00:00,55.9452,56.14,55.88,56.085,210884
781,50,2020-09-30 13:30:00,56.08,56.125,55.905,56.105,179568
782,49,2020-09-30 14:00:00,56.11,56.565,56.1,56.46,420786
783,48,2020-09-30 14:30:00,56.455,56.575,55.97,56.155,461099
784,47,2020-09-30 15:00:00,56.15,56.155,55.6499,55.98,340450
785,46,2020-09-30 15:30:00,55.97,55.99,55.33,55.61,407382
786,45,2020-09-30 16:00:00,55.595,55.89,55.46,55.64,844918
787,44,2020-09-30 16:30:00,55.65,55.65,55.33,55.33,126686
788,43,2020-09-30 17:30:00,55.45,55.45,55.4,55.4,1028
789,42,2020-09-30 19:00:00,55.65,55.65,55.65,55.65,250
790,41,2020-10-01 07:30:00,55.95,56.0,55.95,56.0,300
791,40,2020-10-01 08:30:00,56.0,56.2,55.65,56.2,8831
792,39,2020-10-01 09:00:00,56.0,56.0,56.0,56.0,200
793,38,2020-10-01 09:30:00,56.1,56.1,56.0,56.0,1057
794,37,2020-10-01 10:00:00,56.02,57.16,55.89,56.48,1085874
795,36,2020-10-01 10:30:00,56.47,56.73,56.26,56.46,479397
796,35,2020-10-01 11:00:00,56.48,56.925,56.39,56.73,363904
797,34,2020-10-01 11:30:00,56.73,57.145,56.64,56.99,427000
798,33,2020-10-01 12:00:00,57.0,57.38,57.0,57.165,385641
799,32,2020-10-01 12:30:00,57.16,57.345,57.01,57.3,226616
800,31,2020-10-01 13:00:00,57.3,57.385,57.05,57.085,211997
801,30,2020-10-01 13:30:00,57.09,57.19,57.0,57.005,200632
802,29,2020-10-01 14:00:00,57.01,57.1011,56.76,56.82,326336
803,28,2020-10-01 14:30:00,56.83,56.97,56.52,56.97,496681
804,27,2020-10-01 15:00:00,56.97,57.02,56.76,56.77,265176
805,26,2020-10-01 15:30:00,56.78,56.945,56.6,56.72,255072
806,25,2020-10-01 16:00:00,56.71,57.09,56.64,57.07,849056
807,24,2020-10-01 16:30:00,57.08,57.08,57.08,57.08,117832
808,23,2020-10-01 17:00:00,57.1,57.1,57.1,57.1,193
809,22,2020-10-01 17:30:00,57.01,57.01,57.01,57.01,100
810,21,2020-10-01 20:00:00,57.0,57.0,57.0,57.0,347
811,20,2020-10-02 04:30:00,55.5,55.67,55.5,55.67,720
812,19,2020-10-02 07:30:00,56.25,56.25,56.25,56.25,208
813,18,2020-10-02 08:00:00,56.0,56.02,55.75,55.75,742
814,17,2020-10-02 08:30:00,56.0001,56.71,55.75,56.12,3526
815,16,2020-10-02 09:00:00,56.14,56.14,56.0,56.0,2791
816,15,2020-10-02 09:30:00,55.73,55.73,55.73,55.73,400
817,14,2020-10-02 10:00:00,55.62,56.29,55.58,56.27,562342
818,13,2020-10-02 10:30:00,56.27,56.71,56.27,56.6,293013
819,12,2020-10-02 11:00:00,56.59,56.69,56.35,56.48,206365
820,11,2020-10-02 11:30:00,56.46,56.87,56.3801,56.83,240271
821,10,2020-10-02 12:00:00,56.82,56.99,56.64,56.91,245547
822,9,2020-10-02 12:30:00,56.905,57.77,56.89,57.41,410087
823,8,2020-10-02 13:00:00,57.42,57.62,57.325,57.52,205695
824,7,2020-10-02 13:30:00,57.52,57.6,57.28,57.43,226270
825,6,2020-10-02 14:00:00,57.46,57.46,56.92,56.92,257224
826,5,2020-10-02 14:30:00,56.93,57.47,56.9296,57.3455,207207
827,4,2020-10-02 15:00:00,57.36,57.53,57.19,57.275,192181
828,3,2020-10-02 15:30:00,57.29,57.64,57.245,57.64,241776
829,2,2020-10-02 16:00:00,57.64,57.81,57.61,57.64,814121
830,1,2020-10-02 16:30:00,57.63,57.63,57.46,57.46,59121
831,0,2020-10-02 18:00:00,56.41,56.41,56.41,56.41,430
