,index,time,open,high,low,close,volume
0,264,2020-07-07 10:00:00,10.28,10.3,10.28,10.3,95055
1,263,2020-07-07 10:30:00,10.3,10.34,10.26,10.3,12786
2,262,2020-07-07 11:00:00,10.3,10.3,10.25,10.25,620
3,261,2020-07-07 11:30:00,10.254000000000001,10.34,10.254000000000001,10.32,2750
4,260,2020-07-07 12:00:00,10.3,10.3,10.235,10.25,146350
5,259,2020-07-07 12:30:00,10.235,10.235,10.235,10.235,100
6,258,2020-07-07 13:00:00,10.235,10.235,10.235,10.235,100
7,257,2020-07-07 13:30:00,10.25,10.25,10.25,10.25,100
8,256,2020-07-07 14:30:00,10.24,10.24,10.24,10.24,600
9,255,2020-07-07 15:00:00,10.245,10.25,10.24,10.2404,1050
10,254,2020-07-07 15:30:00,10.2301,10.25,10.2301,10.25,3384
11,253,2020-07-07 16:00:00,10.25,10.25,10.23,10.24,2742
12,252,2020-07-08 09:30:00,10.21,10.21,10.21,10.21,100
13,251,2020-07-08 10:00:00,10.22,10.29,10.1701,10.1801,3750
14,250,2020-07-08 10:30:00,10.1824,10.27,10.1824,10.27,219
15,249,2020-07-08 11:30:00,10.23,10.23,10.23,10.23,390
16,248,2020-07-08 12:00:00,10.2,10.2055,10.2,10.2055,475
17,247,2020-07-08 12:30:00,10.2027,10.27,10.2,10.2266,6473
18,246,2020-07-08 13:00:00,10.2,10.25,10.2,10.2,5200
19,245,2020-07-08 13:30:00,10.2112,10.2112,10.2112,10.2112,100
20,244,2020-07-08 15:00:00,10.2,10.23,10.2,10.23,2931
21,243,2020-07-08 16:00:00,10.2,10.27,10.2,10.25,6721
22,242,2020-07-09 10:00:00,10.26,10.3,10.2301,10.2301,985
23,241,2020-07-09 10:30:00,10.27,10.35,10.27,10.325,8472
24,240,2020-07-09 11:00:00,10.35,10.35,10.34,10.345,6549
25,239,2020-07-09 11:30:00,10.3438,10.3438,10.34,10.3415,3100
26,238,2020-07-09 12:00:00,10.34,10.36,10.34,10.36,22450
27,237,2020-07-09 12:30:00,10.38,10.4,10.36,10.37,9015
28,236,2020-07-09 13:00:00,10.36,10.38,10.36,10.38,22695
29,235,2020-07-09 13:30:00,10.3801,10.39,10.3801,10.3801,2000
30,234,2020-07-09 14:00:00,10.3801,10.43,10.38,10.43,22218
31,233,2020-07-09 14:30:00,10.42,10.44,10.39,10.415,9349
32,232,2020-07-09 15:00:00,10.4272,10.44,10.42,10.4381,17083
33,231,2020-07-09 15:30:00,10.43,10.44,10.41,10.44,7198
34,230,2020-07-09 16:00:00,10.4399,10.45,10.425999999999998,10.43,16647
35,229,2020-07-09 16:30:00,10.43,10.43,10.4299,10.4299,2615
36,228,2020-07-09 17:00:00,10.4299,10.4299,10.4299,10.4299,100
37,227,2020-07-09 18:00:00,10.4,10.4,10.4,10.4,150
38,226,2020-07-10 08:30:00,10.4301,10.4301,10.4301,10.4301,100
39,225,2020-07-10 09:30:00,10.43,10.43,10.43,10.43,100
40,224,2020-07-10 10:00:00,10.5,10.5027,10.38,10.444,14299
41,223,2020-07-10 10:30:00,10.42,10.45,10.42,10.45,23448
42,222,2020-07-10 11:00:00,10.475,10.49,10.4454,10.47,4726
43,221,2020-07-10 11:30:00,10.47,10.47,10.45,10.45,28398
44,220,2020-07-10 12:00:00,10.45,10.46,10.41,10.42,65067
45,219,2020-07-10 12:30:00,10.4284,10.45,10.4284,10.45,8250
46,218,2020-07-10 13:00:00,10.44,10.45,10.44,10.445,1500
47,217,2020-07-10 13:30:00,10.4499,10.4499,10.4499,10.4499,1000
48,216,2020-07-10 14:00:00,10.45,10.45,10.445,10.445,3200
49,215,2020-07-10 14:30:00,10.4435,10.45,10.4435,10.45,5800
50,214,2020-07-10 15:00:00,10.44,10.45,10.44,10.445,2150
51,213,2020-07-10 15:30:00,10.445,10.45,10.445,10.45,3000
52,212,2020-07-10 16:00:00,10.445,10.55,10.445,10.51,117021
53,211,2020-07-10 16:30:00,10.54,10.54,10.54,10.54,50000
54,210,2020-07-13 08:00:00,10.68,10.68,10.68,10.68,100
55,209,2020-07-13 10:00:00,10.68,10.73,10.55,10.59,21254
56,208,2020-07-13 10:30:00,10.59,10.6,10.59,10.6,7770
57,207,2020-07-13 11:00:00,10.6,10.6,10.595,10.6,1001
58,206,2020-07-13 11:30:00,10.6,10.6,10.5999,10.6,575
59,205,2020-07-13 12:00:00,10.6,10.6,10.5901,10.6,4760
60,204,2020-07-13 12:30:00,10.595,10.6,10.59,10.59,2505
61,203,2020-07-13 13:00:00,10.59,10.6,10.56,10.56,49360
62,202,2020-07-13 13:30:00,10.59,10.59,10.565,10.575,105700
63,201,2020-07-13 14:00:00,10.59,10.59,10.575,10.575,3700
64,200,2020-07-13 14:30:00,10.57,10.57,10.51,10.55,10952
65,199,2020-07-13 15:00:00,10.555,10.555,10.525,10.5306,1499
66,198,2020-07-13 15:30:00,10.54,10.54,10.5001,10.5101,2952
67,197,2020-07-13 16:00:00,10.51,10.525,10.48,10.48,6996
68,196,2020-07-14 09:00:00,10.44,10.44,10.44,10.44,500
69,195,2020-07-14 10:00:00,10.5,10.5102,10.5,10.5,75549
70,194,2020-07-14 10:30:00,10.5,10.54,10.45,10.5,7652
71,193,2020-07-14 11:00:00,10.5,10.52,10.5,10.52,30559
72,192,2020-07-14 11:30:00,10.52,10.52,10.45,10.45,43177
73,191,2020-07-14 12:00:00,10.4496,10.4496,10.44,10.44,350
74,190,2020-07-14 12:30:00,10.4373,10.5,10.4373,10.49,8150
75,189,2020-07-14 13:00:00,10.5,10.53,10.49,10.49,4210
76,188,2020-07-14 13:30:00,10.485,10.5,10.48,10.5,36816
77,187,2020-07-14 14:00:00,10.52,10.52,10.5,10.5,834
78,186,2020-07-14 14:30:00,10.52,10.52,10.5,10.5,84987
79,185,2020-07-14 15:00:00,10.5141,10.54,10.5125,10.5288,13069
80,184,2020-07-14 16:00:00,10.5399,10.5399,10.5399,10.5399,100
81,183,2020-07-14 17:00:00,10.5498,10.5498,10.5498,10.5498,200
82,182,2020-07-15 09:30:00,10.75,10.75,10.5,10.5,2000
83,181,2020-07-15 10:00:00,10.5,10.5,10.5,10.5,301
84,180,2020-07-15 10:30:00,10.565,10.565,10.52,10.52,900
85,179,2020-07-15 11:00:00,10.5201,10.56,10.52,10.56,5360
86,178,2020-07-15 11:30:00,10.54,10.54,10.525,10.54,1283
87,177,2020-07-15 12:00:00,10.54,10.55,10.54,10.55,1127
88,176,2020-07-15 12:30:00,10.52,10.55,10.52,10.55,1200
89,175,2020-07-15 13:00:00,10.55,10.6,10.55,10.6,55335
90,174,2020-07-15 13:30:00,10.6,10.62,10.5833,10.5833,7099
91,173,2020-07-15 14:00:00,10.555,10.555,10.555,10.555,8300
92,172,2020-07-15 14:30:00,10.54,10.54,10.505,10.505,5783
93,171,2020-07-15 15:30:00,10.505,10.505,10.5,10.505,20396
94,170,2020-07-15 16:00:00,10.5,10.5,10.5,10.5,306
95,169,2020-07-16 10:00:00,10.64,10.64,10.6,10.6,7338
96,168,2020-07-16 10:30:00,10.58,10.58,10.58,10.58,1010
97,167,2020-07-16 11:00:00,10.58,10.58,10.58,10.58,600
98,166,2020-07-16 11:30:00,10.59,10.59,10.585,10.585,755
99,165,2020-07-16 12:00:00,10.58,10.5801,10.58,10.58,4391
100,164,2020-07-16 12:30:00,10.545,10.56,10.545,10.56,864
101,163,2020-07-16 13:00:00,10.58,10.58,10.58,10.58,120
102,162,2020-07-16 14:00:00,10.545,10.58,10.545,10.58,200
103,161,2020-07-16 14:30:00,10.5781,10.5781,10.56,10.56,480
104,160,2020-07-16 15:00:00,10.55,10.55,10.55,10.55,21259
105,159,2020-07-16 15:30:00,10.55,10.55,10.55,10.55,1100
106,158,2020-07-16 16:00:00,10.55,10.58,10.55,10.57,5031
107,157,2020-07-17 10:00:00,10.63,10.72,10.6101,10.6465,14658
108,156,2020-07-17 10:30:00,10.63,10.6393,10.63,10.6393,254
109,155,2020-07-17 11:00:00,10.61,10.61,10.591,10.591,917
110,154,2020-07-17 11:30:00,10.5805,10.6,10.5701,10.5981,4405
111,153,2020-07-17 12:00:00,10.6,10.63,10.6,10.61,1101
112,152,2020-07-17 13:00:00,10.6,10.605,10.6,10.6,35588
113,151,2020-07-17 13:30:00,10.61,10.61,10.61,10.61,227
114,150,2020-07-17 14:00:00,10.56,10.5614,10.56,10.5614,1000
115,149,2020-07-17 14:30:00,10.5601,10.5601,10.5601,10.5601,400
116,148,2020-07-17 15:30:00,10.58,10.59,10.575,10.575,15551
117,147,2020-07-17 16:00:00,10.575,10.6,10.575,10.6,15371
118,146,2020-07-17 17:30:00,10.63,10.63,10.63,10.63,100
119,145,2020-07-20 08:30:00,10.56,10.56,10.56,10.56,390
120,144,2020-07-20 10:00:00,10.6,10.67,10.6,10.6093,2847
121,143,2020-07-20 10:30:00,10.6492,10.65,10.6,10.65,14204
122,142,2020-07-20 11:00:00,10.6499,10.65,10.63,10.63,2562
123,141,2020-07-20 11:30:00,10.63,10.63,10.6258,10.63,1884
124,140,2020-07-20 12:00:00,10.62,10.62,10.6002,10.6002,5297
125,139,2020-07-20 12:30:00,10.604000000000001,10.605,10.604000000000001,10.605,716
126,138,2020-07-20 13:30:00,10.6066,10.6099,10.6,10.605,1432
127,137,2020-07-20 14:00:00,10.605,10.61,10.605,10.61,311
128,136,2020-07-20 14:30:00,10.605,10.605,10.605,10.605,116
129,135,2020-07-20 15:00:00,10.605,10.61,10.6,10.6,3401
130,134,2020-07-20 15:30:00,10.605,10.605,10.605,10.605,400
131,133,2020-07-20 16:00:00,10.605,10.605,10.59,10.6,2672
132,132,2020-07-21 10:30:00,10.59,10.6,10.5582,10.58,4074
133,131,2020-07-21 11:00:00,10.5722,10.6,10.5722,10.6,500
134,130,2020-07-21 11:30:00,10.59,10.6,10.5801,10.5801,1900
135,129,2020-07-21 12:00:00,10.5801,10.6,10.5801,10.6,11979
136,128,2020-07-21 12:30:00,10.6,10.6,10.5803,10.6,2430
137,127,2020-07-21 13:00:00,10.6,10.6,10.6,10.6,516
138,126,2020-07-21 13:30:00,10.6,10.6,10.6,10.6,404
139,125,2020-07-21 14:00:00,10.6,10.6,10.58,10.6,3209
140,124,2020-07-21 14:30:00,10.59,10.59,10.59,10.59,100
141,123,2020-07-21 15:00:00,10.58,10.6,10.58,10.58,2207
142,122,2020-07-21 15:30:00,10.57,10.58,10.57,10.58,2357
143,121,2020-07-21 16:00:00,10.58,10.58,10.55,10.58,10051
144,120,2020-07-22 09:00:00,10.58,10.58,10.58,10.58,767
145,119,2020-07-22 10:00:00,10.53,10.62,10.51,10.58,7813
146,118,2020-07-22 10:30:00,10.5316,10.56,10.53,10.5327,2086
147,117,2020-07-22 11:00:00,10.55,10.59,10.5,10.51,11697
148,116,2020-07-22 11:30:00,10.5106,10.58,10.5106,10.555,1398
149,115,2020-07-22 12:00:00,10.555,10.555,10.53,10.5307,3560
150,114,2020-07-22 12:30:00,10.55,10.59,10.55,10.555,6820
151,113,2020-07-22 13:00:00,10.555,10.555,10.555,10.555,224
152,112,2020-07-22 13:30:00,10.555,10.56,10.555,10.56,200
153,111,2020-07-22 14:00:00,10.55,10.55,10.5301,10.55,400
154,110,2020-07-22 14:30:00,10.55,10.55,10.55,10.55,399
155,109,2020-07-22 15:00:00,10.555,10.555,10.53,10.53,310
156,108,2020-07-22 15:30:00,10.56,10.56,10.5,10.5,10750
157,107,2020-07-22 16:00:00,10.48,10.53,10.46,10.47,26725
158,106,2020-07-22 17:00:00,10.3,10.32,10.3,10.32,550
159,105,2020-07-23 10:00:00,10.555,10.555,10.5,10.55,1800
160,104,2020-07-23 10:30:00,10.49,10.525,10.49,10.515,6106
161,103,2020-07-23 11:00:00,10.515,10.515,10.4973,10.5,5294
162,102,2020-07-23 11:30:00,10.5,10.5001,10.49,10.4901,3626
163,101,2020-07-23 12:00:00,10.499,10.53,10.499,10.53,2345
164,100,2020-07-23 12:30:00,10.53,10.53,10.53,10.53,100
165,99,2020-07-23 13:00:00,10.53,10.53,10.53,10.53,100
166,98,2020-07-23 13:30:00,10.53,10.53,10.49,10.49,5170
167,97,2020-07-23 14:00:00,10.525,10.525,10.525,10.525,624
168,96,2020-07-23 14:30:00,10.525,10.525,10.49,10.52,2647
169,95,2020-07-23 15:00:00,10.49,10.4961,10.49,10.4961,2232
170,94,2020-07-23 15:30:00,10.495,10.495,10.49,10.49,523
171,93,2020-07-23 16:00:00,10.5,10.5,10.5,10.5,410
172,92,2020-07-24 10:00:00,10.45,10.45,10.43,10.44,1234
173,91,2020-07-24 10:30:00,10.4462,10.4462,10.4,10.4,1040
174,90,2020-07-24 11:00:00,10.44,10.44,10.44,10.44,300
175,89,2020-07-24 11:30:00,10.42,10.4499,10.42,10.4499,206
176,88,2020-07-24 12:00:00,10.4499,10.4499,10.4499,10.4499,100
177,87,2020-07-24 13:00:00,10.41,10.45,10.41,10.41,3300
178,86,2020-07-24 13:30:00,10.41,10.41,10.41,10.41,300
179,85,2020-07-24 14:00:00,10.43,10.43,10.41,10.41,2810
180,84,2020-07-24 14:30:00,10.42,10.435,10.42,10.435,560
181,83,2020-07-24 15:00:00,10.42,10.42,10.42,10.42,300
182,82,2020-07-24 15:30:00,10.42,10.42,10.42,10.42,507
183,81,2020-07-24 16:00:00,10.42,10.43,10.42,10.43,756
184,80,2020-07-27 10:00:00,10.41,10.4247,10.4,10.41,1172
185,79,2020-07-27 10:30:00,10.46,10.46,10.46,10.46,100
186,78,2020-07-27 11:00:00,10.41,10.41,10.41,10.41,220
187,77,2020-07-27 11:30:00,10.465,10.51,10.465,10.51,200
188,76,2020-07-27 12:00:00,10.51,10.55,10.51,10.54,602
189,75,2020-07-27 12:30:00,10.54,10.54,10.5112,10.54,950
190,74,2020-07-27 13:00:00,10.54,10.54,10.54,10.54,500
191,73,2020-07-27 13:30:00,10.54,10.54,10.54,10.54,600
192,72,2020-07-27 14:00:00,10.54,10.54,10.54,10.54,600
193,71,2020-07-27 14:30:00,10.54,10.54,10.517000000000001,10.54,1200
194,70,2020-07-27 15:00:00,10.54,10.54,10.51,10.54,1000
195,69,2020-07-27 15:30:00,10.54,10.54,10.54,10.54,800
196,68,2020-07-27 16:00:00,10.54,10.55,10.5102,10.55,4670
197,67,2020-07-28 10:30:00,10.4827,10.5,10.4827,10.5,726
198,66,2020-07-28 11:00:00,10.4884,10.4884,10.4884,10.4884,310
199,65,2020-07-28 11:30:00,10.4965,10.5,10.475,10.5,1761
200,64,2020-07-28 12:00:00,10.505999999999998,10.505999999999998,10.505999999999998,10.505999999999998,250
201,63,2020-07-28 12:30:00,10.5,10.5,10.5,10.5,222
202,62,2020-07-28 13:00:00,10.52,10.54,10.52,10.54,730
203,61,2020-07-28 13:30:00,10.54,10.54,10.54,10.54,200
204,60,2020-07-28 15:00:00,10.52,10.53,10.52,10.53,720
205,59,2020-07-28 15:30:00,10.5001,10.5001,10.5001,10.5001,237
206,58,2020-07-28 16:00:00,10.5,10.53,10.46,10.46,7151
207,57,2020-07-29 07:30:00,10.32,10.32,10.31,10.31,500
208,56,2020-07-29 10:00:00,10.52,10.52,10.52,10.52,220
209,55,2020-07-29 10:30:00,10.43,10.43,10.43,10.43,100
210,54,2020-07-29 11:00:00,10.48,10.48,10.48,10.48,528
211,53,2020-07-29 11:30:00,10.52,10.52,10.45,10.45,200
212,52,2020-07-29 12:00:00,10.46,10.46,10.46,10.46,125
213,51,2020-07-29 13:00:00,10.48,10.48,10.48,10.48,100
214,50,2020-07-29 13:30:00,10.48,10.48,10.48,10.48,351
215,49,2020-07-29 15:00:00,10.45,10.45,10.45,10.45,100
216,48,2020-07-29 15:30:00,10.45,10.45,10.45,10.45,1822
217,47,2020-07-29 16:00:00,10.45,10.51,10.45,10.51,23107
218,46,2020-07-30 10:00:00,10.42,10.457,10.4,10.405,3514
219,45,2020-07-30 11:00:00,10.44,10.44,10.37,10.37,6591
220,44,2020-07-30 12:00:00,10.44,10.44,10.44,10.44,647
221,43,2020-07-30 12:30:00,10.44,10.46,10.42,10.46,100627
222,42,2020-07-30 13:00:00,10.42,10.43,10.42,10.43,300
223,41,2020-07-30 13:30:00,10.42,10.43,10.42,10.42,1511
224,40,2020-07-30 14:00:00,10.42,10.42,10.42,10.42,420
225,39,2020-07-30 14:30:00,10.425,10.425,10.395,10.4,35417
226,38,2020-07-30 15:00:00,10.4,10.4,10.4,10.4,400
227,37,2020-07-30 16:00:00,10.395,10.4,10.35,10.38,18904
228,36,2020-07-31 10:00:00,10.43,10.43,10.38,10.38,400
229,35,2020-07-31 10:30:00,10.38,10.38,10.37,10.37,15580
230,34,2020-07-31 11:00:00,10.37,10.38,10.35,10.35,84962
231,33,2020-07-31 11:30:00,10.33,10.33,10.3201,10.3201,200
232,32,2020-07-31 12:00:00,10.32,10.35,10.27,10.35,103289
233,31,2020-07-31 13:00:00,10.315,10.35,10.3,10.3,10194
234,30,2020-07-31 13:30:00,10.28,10.28,10.27,10.27,3880
235,29,2020-07-31 14:00:00,10.28,10.28,10.27,10.27,250
236,28,2020-07-31 14:30:00,10.27,10.2829,10.26,10.26,1990
237,27,2020-07-31 15:00:00,10.26,10.27,10.26,10.27,1500
238,26,2020-07-31 15:30:00,10.26,10.275,10.25,10.26,607
239,25,2020-07-31 16:00:00,10.25,10.33,10.25,10.25,1939
240,24,2020-07-31 17:00:00,10.21,10.21,10.21,10.21,100
241,23,2020-08-03 10:00:00,10.3,10.35,10.3,10.35,493
242,22,2020-08-03 10:30:00,10.31,10.32,10.31,10.32,1007
243,21,2020-08-03 11:00:00,10.3,10.31,10.295,10.295,1111
244,20,2020-08-03 11:30:00,10.28,10.29,10.28,10.29,23878
245,19,2020-08-03 12:00:00,10.29,10.29,10.29,10.29,300
246,18,2020-08-03 12:30:00,10.29,10.29,10.29,10.29,25849
247,17,2020-08-03 14:00:00,10.3,10.31,10.3,10.31,2107
248,16,2020-08-03 15:00:00,10.26,10.26,10.26,10.26,100
249,15,2020-08-03 15:30:00,10.3,10.3,10.26,10.2829,16952
250,14,2020-08-03 16:00:00,10.285,10.3,10.27,10.28,13809
251,13,2020-08-04 10:00:00,10.33,10.33,10.33,10.33,700
252,12,2020-08-04 14:00:00,10.26,10.26,10.25,10.2501,1912
253,11,2020-08-04 14:30:00,10.28,10.28,10.28,10.28,100
254,10,2020-08-04 15:00:00,10.28,10.28,10.28,10.28,500
255,9,2020-08-04 15:30:00,10.2799,10.28,10.27,10.27,5268
256,8,2020-08-04 16:00:00,10.275,10.315,10.27,10.315,6939
257,7,2020-08-05 10:00:00,10.27,10.27,10.27,10.27,200
258,6,2020-08-05 10:30:00,10.35,10.35,10.28,10.28,950
259,5,2020-08-05 11:00:00,10.287,10.38,10.287,10.38,2225
260,4,2020-08-05 12:00:00,10.305,10.305,10.305,10.305,200
261,3,2020-08-05 14:00:00,10.27,10.27,10.27,10.27,1000
262,2,2020-08-05 14:30:00,10.305,10.305,10.23,10.23,20801
263,1,2020-08-05 15:30:00,10.25,10.2749,10.25,10.2749,200
264,0,2020-08-05 16:00:00,10.28,10.28,10.25,10.25,300
265,336,2020-08-06 10:00:00,10.25,10.26,10.25,10.26,507
266,335,2020-08-06 10:30:00,10.27,10.27,10.25,10.25,1105
267,334,2020-08-06 11:00:00,10.2678,10.2678,10.25,10.255,1505
268,333,2020-08-06 11:30:00,10.2545,10.2545,10.25,10.25,200
269,332,2020-08-06 13:30:00,10.2673,10.27,10.25,10.2546,2802
270,331,2020-08-06 14:00:00,10.25,10.2501,10.25,10.2501,1000
271,330,2020-08-06 16:00:00,10.25,10.27,10.25,10.27,1000
272,329,2020-08-07 10:00:00,10.26,10.26,10.26,10.26,200
273,328,2020-08-07 11:30:00,10.26,10.26,10.26,10.26,5059
274,327,2020-08-07 12:00:00,10.275,10.275,10.275,10.275,100
275,326,2020-08-07 12:30:00,10.26,10.26,10.25,10.25,222020
276,325,2020-08-07 13:00:00,10.25,10.25,10.2478,10.2478,3400
277,324,2020-08-07 14:00:00,10.24,10.2436,10.24,10.2436,935
278,323,2020-08-07 14:30:00,10.255,10.255,10.255,10.255,300
279,322,2020-08-07 15:00:00,10.2699,10.2699,10.255,10.255,9731
280,321,2020-08-07 15:30:00,10.255,10.255,10.255,10.255,20034
281,320,2020-08-07 16:00:00,10.24,10.27,10.23,10.23,415656
282,319,2020-08-10 10:00:00,10.28,10.28,10.25,10.25,600
283,318,2020-08-10 10:30:00,10.25,10.2773,10.25,10.2773,501
284,317,2020-08-10 11:00:00,10.23,10.2505,10.23,10.2505,2516
285,316,2020-08-10 12:00:00,10.26,10.26,10.26,10.26,200
286,315,2020-08-10 12:30:00,10.23,10.23,10.22,10.22,52482
287,314,2020-08-10 13:00:00,10.25,10.26,10.25,10.26,1190
288,313,2020-08-10 15:00:00,10.24,10.2498,10.24,10.244000000000002,3032
289,312,2020-08-10 15:30:00,10.25,10.25,10.24,10.25,4070
290,311,2020-08-10 16:00:00,10.245,10.25,10.24,10.24,2822
291,310,2020-08-11 10:00:00,10.25,10.25,10.25,10.25,200
292,309,2020-08-11 11:30:00,10.2501,10.2501,10.2501,10.2501,300
293,308,2020-08-11 12:00:00,10.2501,10.27,10.25,10.25,13004
294,307,2020-08-11 13:00:00,10.2448,10.2448,10.2448,10.2448,100
295,306,2020-08-11 14:30:00,10.2499,10.25,10.24,10.24,51900
296,305,2020-08-11 15:00:00,10.25,10.25,10.23,10.25,500
297,304,2020-08-11 15:30:00,10.25,10.25,10.25,10.25,400
298,303,2020-08-11 16:00:00,10.25,10.25,10.23,10.25,5387
299,302,2020-08-12 08:30:00,10.27,10.27,10.27,10.27,100
300,301,2020-08-12 10:00:00,10.22,10.25,10.22,10.25,15400
301,300,2020-08-12 10:30:00,10.2372,10.2372,10.2372,10.2372,500
302,299,2020-08-12 11:30:00,10.22,10.22,10.22,10.22,100
303,298,2020-08-12 13:00:00,10.2434,10.2434,10.22,10.235,2732
304,297,2020-08-12 14:00:00,10.25,10.25,10.23,10.25,15159
305,296,2020-08-12 16:00:00,10.23,10.23,10.22,10.22,10182
306,295,2020-08-13 10:00:00,10.234,10.234,10.225,10.225,450
307,294,2020-08-13 11:00:00,10.225,10.225,10.225,10.225,500
308,293,2020-08-13 12:00:00,10.2201,10.23,10.2201,10.23,2633
309,292,2020-08-13 13:30:00,10.22,10.225,10.22,10.225,4429
310,291,2020-08-13 14:00:00,10.22,10.22,10.22,10.22,96864
311,290,2020-08-13 15:00:00,10.22,10.22,10.22,10.22,1100
312,289,2020-08-13 16:00:00,10.2208,10.2208,10.21,10.21,300
313,288,2020-08-14 10:00:00,10.22,10.255,10.22,10.22,5460
314,287,2020-08-14 10:30:00,10.21,10.22,10.21,10.22,101112
315,286,2020-08-14 12:30:00,10.22,10.22,10.21,10.2164,3590
316,285,2020-08-14 13:00:00,10.215,10.215,10.21,10.21,200
317,284,2020-08-14 13:30:00,10.21,10.2191,10.21,10.21,23124
318,283,2020-08-14 14:00:00,10.2199,10.22,10.2,10.2041,26119
319,282,2020-08-14 15:00:00,10.207,10.207,10.2,10.2001,474
320,281,2020-08-14 16:00:00,10.19,10.1978,10.18,10.18,500
321,280,2020-08-17 10:00:00,10.2,10.2,10.2,10.2,100
322,279,2020-08-17 10:30:00,10.205,10.205,10.205,10.205,483
323,278,2020-08-17 11:00:00,10.21,10.21,10.21,10.21,132468
324,277,2020-08-17 12:30:00,10.2,10.225,10.18,10.18,325956
325,276,2020-08-17 13:30:00,10.2,10.2,10.19,10.1901,15120
326,275,2020-08-17 14:00:00,10.19,10.19,10.19,10.19,200
327,274,2020-08-17 14:30:00,10.19,10.195,10.19,10.195,1120
328,273,2020-08-17 15:00:00,10.19,10.19,10.15,10.18,45620
329,272,2020-08-17 15:30:00,10.19,10.21,10.18,10.21,14923
330,271,2020-08-17 16:00:00,10.2,10.25,10.2,10.24,9630
331,270,2020-08-17 16:30:00,10.44,10.44,10.44,10.44,557
332,269,2020-08-17 17:00:00,10.44,10.44,10.44,10.44,400
333,268,2020-08-17 17:30:00,10.42,10.42,10.42,10.42,100
334,267,2020-08-18 10:00:00,10.26,10.26,10.1962,10.2,6786
335,266,2020-08-18 10:30:00,10.185,10.2,10.185,10.2,3720
336,265,2020-08-18 11:00:00,10.176,10.176,10.176,10.176,1000
337,264,2020-08-18 12:00:00,10.19,10.19,10.18,10.18,1602
338,263,2020-08-18 12:30:00,10.19,10.2,10.18,10.19,154413
339,262,2020-08-18 13:00:00,10.18,10.1899,10.17,10.17,4400
340,261,2020-08-18 13:30:00,10.16,10.16,10.14,10.14,1213
341,260,2020-08-18 14:00:00,10.1599,10.17,10.1599,10.1699,1850
342,259,2020-08-18 14:30:00,10.1699,10.17,10.1699,10.17,1968
343,258,2020-08-18 15:00:00,10.17,10.17,10.1699,10.17,1095
344,257,2020-08-18 15:30:00,10.17,10.17,10.1699,10.17,3300
345,256,2020-08-18 16:00:00,10.17,10.17,10.165,10.17,10658
346,255,2020-08-19 10:00:00,10.15,10.15,10.1301,10.1301,500
347,254,2020-08-19 10:30:00,10.1455,10.1455,10.1455,10.1455,2000
348,253,2020-08-19 11:00:00,10.145,10.15,10.145,10.15,322
349,252,2020-08-19 13:00:00,10.145,10.145,10.14,10.145,1719
350,251,2020-08-19 13:30:00,10.14,10.14,10.14,10.14,2530
351,250,2020-08-19 14:00:00,10.145,10.145,10.14,10.14,5748
352,249,2020-08-19 14:30:00,10.142999999999999,10.142999999999999,10.14,10.14,2412
353,248,2020-08-19 15:00:00,10.15,10.15,10.14,10.14,4727
354,247,2020-08-19 15:30:00,10.15,10.15,10.13,10.14,2714
355,246,2020-08-19 16:00:00,10.14,10.14,10.13,10.13,5007
356,245,2020-08-20 10:00:00,10.15,10.15,10.1,10.1,10658
357,244,2020-08-20 13:00:00,10.15,10.15,10.15,10.15,100
358,243,2020-08-20 14:00:00,10.11,10.1101,10.11,10.1101,300
359,242,2020-08-20 15:30:00,10.15,10.15,10.15,10.15,200
360,241,2020-08-20 16:00:00,10.11,10.12,10.1,10.12,10148
361,240,2020-08-21 10:00:00,10.1,10.1035,10.1,10.1027,650
362,239,2020-08-21 10:30:00,10.1,10.101,10.1,10.1,1218
363,238,2020-08-21 12:00:00,10.1,10.1,10.097999999999999,10.097999999999999,200
364,237,2020-08-21 15:30:00,10.0883,10.12,10.08,10.12,4740
365,236,2020-08-21 16:00:00,10.11,10.11,10.11,10.11,150
366,235,2020-08-21 16:30:00,10.1,10.1,10.1,10.1,200
367,234,2020-08-24 10:00:00,10.11,10.1473,10.08,10.08,5590
368,233,2020-08-24 10:30:00,10.1,10.1,10.1,10.1,417
369,232,2020-08-24 11:00:00,10.1199,10.1199,10.1101,10.1101,311
370,231,2020-08-24 11:30:00,10.1173,10.1173,10.1173,10.1173,100
371,230,2020-08-24 12:00:00,10.11,10.11,10.11,10.11,706
372,229,2020-08-24 12:30:00,10.1073,10.1089,10.1073,10.1073,800
373,228,2020-08-24 13:30:00,10.11,10.11,10.11,10.11,800
374,227,2020-08-24 14:00:00,10.105,10.105,10.105,10.105,300
375,226,2020-08-24 14:30:00,10.1099,10.1099,10.105,10.105,2320
376,225,2020-08-24 15:00:00,10.11,10.12,10.11,10.12,8580
377,224,2020-08-24 15:30:00,10.115,10.1199,10.115,10.1199,208
378,223,2020-08-24 16:00:00,10.11,10.11,10.11,10.11,100
379,222,2020-08-25 10:00:00,10.1527,10.1527,10.15,10.15,601
380,221,2020-08-25 10:30:00,10.16,10.16,10.16,10.16,500
381,220,2020-08-25 11:00:00,10.12,10.12,10.12,10.12,328
382,219,2020-08-25 12:00:00,10.16,10.16,10.1536,10.1536,2000
383,218,2020-08-25 12:30:00,10.15,10.15,10.15,10.15,100
384,217,2020-08-25 13:00:00,10.15,10.16,10.15,10.16,1055
385,216,2020-08-25 13:30:00,10.155,10.155,10.15,10.15,500
386,215,2020-08-25 14:00:00,10.16,10.16,10.15,10.15,984
387,214,2020-08-25 14:30:00,10.1462,10.1462,10.14,10.14,290
388,213,2020-08-25 15:00:00,10.1366,10.1435,10.1366,10.1435,2000
389,212,2020-08-25 15:30:00,10.14,10.15,10.13,10.15,7687
390,211,2020-08-25 16:00:00,10.15,10.15,10.14,10.14,1493
391,210,2020-08-26 07:30:00,10.16,11.48,10.16,10.9,210825
392,209,2020-08-26 08:00:00,10.9,10.94,10.6,10.75,418979
393,208,2020-08-26 08:30:00,11.2,11.9899,10.18,10.9,2030426
394,207,2020-08-26 09:00:00,10.89,10.9,10.75,10.78,1246166
395,206,2020-08-26 09:30:00,10.78,10.98,10.749,10.93,2254496
396,205,2020-08-26 10:00:00,10.95,11.29,10.89,11.2497,5527537
397,204,2020-08-26 10:30:00,11.25,11.44,11.16,11.39,1501965
398,203,2020-08-26 11:00:00,11.3967,11.45,11.2,11.34,701815
399,202,2020-08-26 11:30:00,11.34,11.59,11.305,11.5899,945746
400,201,2020-08-26 12:00:00,11.58,11.65,11.49,11.642999999999999,447614
401,200,2020-08-26 12:30:00,11.64,11.69,11.54,11.67,434229
402,199,2020-08-26 13:00:00,11.68,11.68,11.35,11.485,562405
403,198,2020-08-26 13:30:00,11.4801,11.4899,11.11,11.27,364647
404,197,2020-08-26 14:00:00,11.2511,11.34,11.14,11.22,301757
405,196,2020-08-26 14:30:00,11.25,11.49,11.2,11.4,527512
406,195,2020-08-26 15:00:00,11.35,11.44,11.15,11.2,233712
407,194,2020-08-26 15:30:00,11.18,11.33,11.1,11.28,721127
408,193,2020-08-26 16:00:00,11.2563,11.31,11.15,11.23,1302628
409,192,2020-08-26 16:30:00,11.26,11.38,11.102,11.3,76559
410,191,2020-08-26 17:00:00,11.32,11.33,11.16,11.29,14131
411,190,2020-08-26 17:30:00,11.24,11.33,11.17,11.17,15692
412,189,2020-08-26 18:00:00,11.17,11.3,11.17,11.24,5819
413,188,2020-08-26 18:30:00,11.26,11.26,11.25,11.25,5800
414,187,2020-08-26 19:00:00,11.25,11.25,11.18,11.25,4118
415,186,2020-08-26 19:30:00,11.25,11.3,11.24,11.3,9507
416,185,2020-08-26 20:00:00,11.28,11.29,11.24,11.24,3887
417,184,2020-08-27 06:30:00,11.23,11.23,11.23,11.23,1209
418,183,2020-08-27 07:00:00,11.23,11.23,11.23,11.23,200
419,182,2020-08-27 07:30:00,11.23,11.23,11.2,11.2,5607
420,181,2020-08-27 08:00:00,11.2,11.26,11.2,11.2,9506
421,180,2020-08-27 08:30:00,11.1999,11.29,11.13,11.29,13594
422,179,2020-08-27 09:00:00,11.29,11.29,11.16,11.23,38921
423,178,2020-08-27 09:30:00,11.23,11.28,11.21,11.24,47299
424,177,2020-08-27 10:00:00,11.26,11.29,10.7,10.85,1094578
425,176,2020-08-27 10:30:00,10.8717,11.05,10.85,11.045,565187
426,175,2020-08-27 11:00:00,11.0455,11.09,10.98,11.005,259146
427,174,2020-08-27 11:30:00,11.005,11.0499,11.0,11.01,83893
428,173,2020-08-27 12:00:00,11.01,11.05,10.95,10.99,215989
429,172,2020-08-27 12:30:00,10.99,11.02,10.95,10.99,214264
430,171,2020-08-27 13:00:00,10.99,11.05,10.95,11.02,192439
431,170,2020-08-27 13:30:00,11.01,11.06,11.01,11.06,396601
432,169,2020-08-27 14:00:00,11.07,11.1387,11.05,11.125,480838
433,168,2020-08-27 14:30:00,11.13,11.19,11.095,11.19,127847
434,167,2020-08-27 15:00:00,11.19,11.19,11.12,11.145,80203
435,166,2020-08-27 15:30:00,11.14,11.22,11.13,11.205,471686
436,165,2020-08-27 16:00:00,11.22,11.28,11.06,11.09,303320
437,164,2020-08-27 16:30:00,11.1,11.13,11.1,11.12,4707
438,163,2020-08-27 17:30:00,11.14,11.14,11.14,11.14,1787
439,162,2020-08-27 18:00:00,11.2,11.2,11.2,11.2,422
440,161,2020-08-27 18:30:00,11.2,11.21,11.2,11.21,2579
441,160,2020-08-27 19:00:00,11.22,11.22,11.2,11.2,521
442,159,2020-08-27 19:30:00,11.2,11.2,11.2,11.2,100
443,158,2020-08-27 20:00:00,11.29,11.29,11.2,11.23,4137
444,157,2020-08-28 08:30:00,11.1202,11.29,11.1202,11.25,2080
445,156,2020-08-28 09:00:00,11.2,11.2,11.2,11.2,1409
446,155,2020-08-28 09:30:00,11.19,11.25,11.17,11.25,16896
447,154,2020-08-28 10:00:00,11.26,11.34,11.2,11.3085,407602
448,153,2020-08-28 10:30:00,11.31,11.35,11.25,11.3001,533795
449,152,2020-08-28 11:00:00,11.305,11.31,11.2,11.21,83766
450,151,2020-08-28 11:30:00,11.21,11.25,11.1,11.1501,171973
451,150,2020-08-28 12:00:00,11.15,11.19,11.01,11.105,217705
452,149,2020-08-28 12:30:00,11.1,11.12,11.0,11.0399,97551
453,148,2020-08-28 13:00:00,11.04,11.05,11.0,11.02,56168
454,147,2020-08-28 13:30:00,11.02,11.09,11.0,11.0501,70458
455,146,2020-08-28 14:00:00,11.055,11.06,11.045,11.055,125113
456,145,2020-08-28 14:30:00,11.055,11.08,11.05,11.075,87530
457,144,2020-08-28 15:00:00,11.075,11.25,11.07,11.18,184468
458,143,2020-08-28 15:30:00,11.185,11.2,11.075,11.1601,135730
459,142,2020-08-28 16:00:00,11.175,11.2,11.06,11.11,189013
460,141,2020-08-28 17:00:00,11.12,11.15,11.1,11.15,1035
461,140,2020-08-28 17:30:00,11.15,11.19,11.12,11.19,2506
462,139,2020-08-28 18:00:00,11.18,11.19,11.18,11.19,850
463,138,2020-08-28 18:30:00,11.2,11.25,11.1,11.1,3322
464,137,2020-08-28 19:00:00,11.25,11.25,11.25,11.25,100
465,136,2020-08-28 19:30:00,11.25,11.25,11.25,11.25,100
466,135,2020-08-28 20:00:00,11.28,11.4,11.28,11.4,1300
467,134,2020-08-31 04:30:00,11.5,11.5,11.5,11.5,200
468,133,2020-08-31 05:00:00,11.5,11.5,11.5,11.5,1300
469,132,2020-08-31 05:30:00,11.5,11.5,11.5,11.5,300
470,131,2020-08-31 06:30:00,11.45,11.5,11.45,11.5,333
471,130,2020-08-31 07:30:00,11.16,11.4,11.16,11.18,2001
472,129,2020-08-31 08:00:00,11.3,11.3,11.3,11.3,310
473,128,2020-08-31 08:30:00,11.18,11.45,11.1799,11.2,6872
474,127,2020-08-31 09:00:00,11.25,11.28,11.2499,11.2499,4191
475,126,2020-08-31 09:30:00,11.25,11.25,11.17,11.2,21427
476,125,2020-08-31 10:00:00,11.21,11.32,11.1953,11.22,238282
477,124,2020-08-31 10:30:00,11.23,11.25,11.21,11.24,57746
478,123,2020-08-31 11:00:00,11.24,11.245,11.12,11.13,174997
479,122,2020-08-31 11:30:00,11.135,11.2,11.1201,11.2,79478
480,121,2020-08-31 12:00:00,11.195,11.2,11.16,11.17,38927
481,120,2020-08-31 12:30:00,11.17,11.54,11.16,11.3874,812370
482,119,2020-08-31 13:00:00,11.3823,11.45,11.36,11.4,145742
483,118,2020-08-31 13:30:00,11.4,11.42,11.36,11.4,128914
484,117,2020-08-31 14:00:00,11.4,11.47,11.4,11.432,160135
485,116,2020-08-31 14:30:00,11.435,11.45,11.38,11.4,81006
486,115,2020-08-31 15:00:00,11.4,11.43,11.29,11.4,110769
487,114,2020-08-31 15:30:00,11.4,11.4,11.3,11.3,58008
488,113,2020-08-31 16:00:00,11.31,11.33,11.18,11.2,150758
489,112,2020-08-31 16:30:00,11.25,11.28,11.25,11.25,1098
490,111,2020-08-31 17:00:00,11.2899,11.4,11.26,11.4,1630
491,110,2020-08-31 17:30:00,11.39,11.39,11.3698,11.39,2639
492,109,2020-08-31 18:00:00,11.39,11.39,11.35,11.3899,3570
493,108,2020-08-31 18:30:00,11.38,11.38,11.37,11.38,1345
494,107,2020-08-31 19:00:00,11.36,11.38,11.36,11.38,300
495,106,2020-08-31 19:30:00,11.33,11.38,11.33,11.38,550
496,105,2020-08-31 20:00:00,11.38,11.39,11.37,11.39,3871
497,104,2020-09-01 07:30:00,11.5,11.5,11.4,11.4,2300
498,103,2020-09-01 08:00:00,11.38,11.4,11.38,11.4,3250
499,102,2020-09-01 08:30:00,11.38,11.4,11.32,11.35,15984
500,101,2020-09-01 09:00:00,11.35,11.42,11.35,11.38,4952
501,100,2020-09-01 09:30:00,11.394,11.4,11.35,11.4,14258
502,99,2020-09-01 10:00:00,11.4,11.45,11.35,11.4,202191
503,98,2020-09-01 10:30:00,11.41,11.43,11.4,11.415,192596
504,97,2020-09-01 11:00:00,11.42,11.42,11.4,11.415,100459
505,96,2020-09-01 11:30:00,11.415,11.415,11.25,11.31,110462
506,95,2020-09-01 12:00:00,11.29,11.35,11.29,11.345,31707
507,94,2020-09-01 12:30:00,11.35,11.42,11.34,11.405,51174
508,93,2020-09-01 13:00:00,11.41,11.42,11.4,11.4,70938
509,92,2020-09-01 13:30:00,11.41,11.41,11.39,11.405,52424
510,91,2020-09-01 14:00:00,11.405,11.41,11.39,11.395,64393
511,90,2020-09-01 14:30:00,11.4,11.42,11.38,11.39,60846
512,89,2020-09-01 15:00:00,11.385,11.4,11.37,11.3892,50126
513,88,2020-09-01 15:30:00,11.3802,11.42,11.31,11.4,221575
514,87,2020-09-01 16:00:00,11.395,11.44,11.395,11.43,326388
515,86,2020-09-01 16:30:00,11.44,11.44,11.4,11.42,6575
516,85,2020-09-01 17:00:00,11.42,11.42,11.41,11.42,2682
517,84,2020-09-01 17:30:00,11.42,11.42,11.35,11.4198,2516
518,83,2020-09-01 18:00:00,11.42,11.49,11.42,11.49,2256
519,82,2020-09-01 18:30:00,11.64,11.64,11.6,11.6,3630
520,81,2020-09-01 19:00:00,11.6,11.74,11.6,11.74,9435
521,80,2020-09-01 19:30:00,11.75,11.97,11.75,11.85,7212
522,79,2020-09-01 20:00:00,11.85,11.87,11.75,11.84,5766
523,78,2020-09-02 04:30:00,11.65,11.65,11.65,11.65,265
524,77,2020-09-02 07:00:00,11.6,11.6,11.6,11.6,700
525,76,2020-09-02 07:30:00,11.6,11.65,11.6,11.65,7137
526,75,2020-09-02 08:00:00,11.85,11.85,11.77,11.77,1448
527,74,2020-09-02 08:30:00,11.5999,11.8499,11.5999,11.7,32163
528,73,2020-09-02 09:00:00,11.7,11.7,11.67,11.6999,12830
529,72,2020-09-02 09:30:00,11.7,11.7,11.52,11.54,30132
530,71,2020-09-02 10:00:00,11.54,11.74,11.5,11.605,637133
531,70,2020-09-02 10:30:00,11.605,11.67,11.6,11.65,230835
532,69,2020-09-02 11:00:00,11.64,11.94,11.55,11.9,1067369
533,68,2020-09-02 11:30:00,11.9,12.25,11.85,12.2393,738833
534,67,2020-09-02 12:00:00,12.23,12.43,12.15,12.2048,565650
535,66,2020-09-02 12:30:00,12.21,12.44,12.15,12.165,437494
536,65,2020-09-02 13:00:00,12.1527,12.44,12.15,12.44,225491
537,64,2020-09-02 13:30:00,12.44,12.5,12.36,12.495,286252
538,63,2020-09-02 14:00:00,12.49,12.5,12.23,12.2732,172855
539,62,2020-09-02 14:30:00,12.295,12.45,12.2,12.32,190836
540,61,2020-09-02 15:00:00,12.36,12.5,12.3,12.34,158777
541,60,2020-09-02 15:30:00,12.34,12.54,12.31,12.51,219359
542,59,2020-09-02 16:00:00,12.52,12.6,12.17,12.25,295397
543,58,2020-09-02 16:30:00,12.3,12.4,12.2,12.2,18753
544,57,2020-09-02 17:00:00,12.19,12.19,12.12,12.17,2240
545,56,2020-09-02 17:30:00,12.17,12.2,12.17,12.2,1141
546,55,2020-09-02 18:00:00,12.2,12.2,12.06,12.06,4400
547,54,2020-09-02 18:30:00,12.15,12.15,12.15,12.15,100
548,53,2020-09-02 19:30:00,12.17,12.17,12.17,12.17,335
549,52,2020-09-02 20:00:00,12.17,12.3,12.17,12.22,3521
550,51,2020-09-03 07:30:00,12.2,12.25,12.1,12.1,24718
551,50,2020-09-03 08:00:00,12.1,12.11,11.99,12.0,6830
552,49,2020-09-03 08:30:00,12.2782,12.2782,11.85,12.0,21325
553,48,2020-09-03 09:00:00,12.1,12.1,11.95,12.1,6866
554,47,2020-09-03 09:30:00,12.1,12.18,12.0,12.18,11904
555,46,2020-09-03 10:00:00,12.02,12.29,12.01,12.23,256565
556,45,2020-09-03 10:30:00,12.237,12.29,12.02,12.25,199634
557,44,2020-09-03 11:00:00,12.25,12.29,11.7252,11.7536,270138
558,43,2020-09-03 11:30:00,11.751,11.79,11.56,11.64,197306
559,42,2020-09-03 12:00:00,11.62,11.82,11.56,11.8145,241424
560,41,2020-09-03 12:30:00,11.81,11.99,11.81,11.8599,113215
561,40,2020-09-03 13:00:00,11.8401,11.86,11.69,11.7199,148988
562,39,2020-09-03 13:30:00,11.71,11.82,11.6,11.72,133431
563,38,2020-09-03 14:00:00,11.72,11.73,11.65,11.655,60790
564,37,2020-09-03 14:30:00,11.65,11.69,11.57,11.64,97373
565,36,2020-09-03 15:00:00,11.63,11.69,11.6,11.675999999999998,62559
566,35,2020-09-03 15:30:00,11.6849,11.8,11.63,11.67,111480
567,34,2020-09-03 16:00:00,11.66,11.77,11.65,11.74,113045
568,33,2020-09-03 16:30:00,11.7559,11.7559,11.7,11.7,500
569,32,2020-09-03 17:00:00,11.65,11.65,11.65,11.65,403
570,31,2020-09-03 17:30:00,11.64,11.73,11.64,11.7,1312
571,30,2020-09-03 18:00:00,11.65,11.65,11.65,11.65,701
572,29,2020-09-03 18:30:00,12.0,12.0,11.92,11.95,1400
573,28,2020-09-03 19:00:00,11.72,11.72,11.6,11.6,2884
574,27,2020-09-03 19:30:00,11.66,11.66,11.66,11.66,460
575,26,2020-09-03 20:00:00,11.66,11.8,11.66,11.66,9792
576,25,2020-09-04 06:30:00,11.58,11.58,11.58,11.58,700
577,24,2020-09-04 07:30:00,11.75,11.75,11.7,11.7,1100
578,23,2020-09-04 08:00:00,11.7,11.7,11.7,11.7,350
579,22,2020-09-04 08:30:00,11.6701,11.97,11.6701,11.97,1940
580,21,2020-09-04 09:00:00,11.9,11.9,11.7601,11.8,4270
581,20,2020-09-04 09:30:00,11.84,11.98,11.76,11.95,56108
582,19,2020-09-04 10:00:00,11.84,11.99,11.59,11.6,245291
583,18,2020-09-04 10:30:00,11.595,11.66,11.4,11.455,263532
584,17,2020-09-04 11:00:00,11.49,11.5,11.21,11.4137,163824
585,16,2020-09-04 11:30:00,11.445,11.47,11.3,11.43,125605
586,15,2020-09-04 12:00:00,11.43,11.48,11.35,11.44,51039
587,14,2020-09-04 12:30:00,11.4465,11.5,11.3975,11.46,73073
588,13,2020-09-04 13:00:00,11.455,11.64,11.455,11.51,59763
589,12,2020-09-04 13:30:00,11.51,11.58,11.5,11.54,22008
590,11,2020-09-04 14:00:00,11.55,11.6,11.52,11.6,22365
591,10,2020-09-04 14:30:00,11.58,11.7,11.56,11.67,66629
592,9,2020-09-04 15:00:00,11.68,11.75,11.67,11.725,38112
593,8,2020-09-04 15:30:00,11.71,11.77,11.61,11.74,90210
594,7,2020-09-04 16:00:00,11.74,11.77,11.56,11.68,62588
595,6,2020-09-04 16:30:00,11.68,11.75,11.68,11.75,100500
596,5,2020-09-04 17:00:00,11.7,11.7,11.7,11.7,200
597,4,2020-09-04 17:30:00,11.7414,11.75,11.7414,11.75,500
598,3,2020-09-04 18:00:00,11.75,11.77,11.75,11.77,1620
599,2,2020-09-04 18:30:00,11.7,11.7,11.7,11.7,111
600,1,2020-09-04 19:00:00,11.68,11.68,11.66,11.66,415
601,0,2020-09-04 20:00:00,11.69,11.79,11.69,11.79,200
602,491,2020-09-08 07:00:00,11.25,11.25,11.25,11.25,1000
603,490,2020-09-08 07:30:00,11.85,11.9,11.55,11.55,3694
604,489,2020-09-08 08:00:00,11.6,11.6,11.5,11.5,1750
605,488,2020-09-08 08:30:00,11.8999,11.8999,11.46,11.55,6901
606,487,2020-09-08 09:00:00,11.48,11.6,11.43,11.5,8971
607,486,2020-09-08 09:30:00,11.48,11.5,11.45,11.5,7986
608,485,2020-09-08 10:00:00,11.6,11.75,11.481,11.69,195736
609,484,2020-09-08 10:30:00,11.713,11.713,11.65,11.68,130139
610,483,2020-09-08 11:00:00,11.68,11.68,11.57,11.65,58547
611,482,2020-09-08 11:30:00,11.645,11.65,11.54,11.54,29874
612,481,2020-09-08 12:00:00,11.53,11.56,11.5,11.5489,45779
613,480,2020-09-08 12:30:00,11.545,11.55,11.4401,11.4565,136575
614,479,2020-09-08 13:00:00,11.45,11.52,11.43,11.52,80231
615,478,2020-09-08 13:30:00,11.5137,11.52,11.51,11.51,36274
616,477,2020-09-08 14:00:00,11.51,11.59,11.51,11.55,52748
617,476,2020-09-08 14:30:00,11.56,11.56,11.43,11.4585,147409
618,475,2020-09-08 15:00:00,11.45,11.47,11.35,11.45,67592
619,474,2020-09-08 15:30:00,11.45,11.45,11.2901,11.41,84918
620,473,2020-09-08 16:00:00,11.415,11.42,11.35,11.42,57471
621,472,2020-09-08 16:30:00,11.45,11.45,11.3,11.3,300
622,471,2020-09-08 17:30:00,11.4,11.4,11.4,11.4,200
623,470,2020-09-08 18:00:00,11.4,11.4,11.4,11.4,2303
624,469,2020-09-08 18:30:00,11.3,11.4,11.3,11.3,368
625,468,2020-09-08 19:00:00,11.3,11.3001,11.3,11.3001,432
626,467,2020-09-08 20:00:00,11.84,11.84,11.84,11.84,252
627,466,2020-09-09 06:00:00,11.41,11.48,11.41,11.48,1344
628,465,2020-09-09 07:30:00,11.7,11.7,11.6,11.6,200
629,464,2020-09-09 08:00:00,11.69,11.69,11.69,11.69,100
630,463,2020-09-09 08:30:00,11.6899,11.6899,11.68,11.68,1744
631,462,2020-09-09 09:00:00,11.62,11.65,11.6,11.6,500
632,461,2020-09-09 09:30:00,11.59,11.6,11.59,11.6,8996
633,460,2020-09-09 10:00:00,11.59,11.6,11.3059,11.505,185268
634,459,2020-09-09 10:30:00,11.5101,11.55,11.4,11.45,78501
635,458,2020-09-09 11:00:00,11.4559,11.54,11.42,11.48,63674
636,457,2020-09-09 11:30:00,11.48,11.5,11.4,11.43,63691
637,456,2020-09-09 12:00:00,11.42,11.45,11.4,11.44,51542
638,455,2020-09-09 12:30:00,11.435,11.45,11.41,11.44,27124
639,454,2020-09-09 13:00:00,11.43,11.45,11.4,11.4161,27994
640,453,2020-09-09 13:30:00,11.41,11.43,11.4,11.4033,47216
641,452,2020-09-09 14:00:00,11.4042,11.5,11.4,11.4466,37206
642,451,2020-09-09 14:30:00,11.44,11.65,11.44,11.635,52232
643,450,2020-09-09 15:00:00,11.635,11.65,11.485,11.485,31221
644,449,2020-09-09 15:30:00,11.4999,11.51,11.41,11.42,58562
645,448,2020-09-09 16:00:00,11.435,11.52,11.39,11.39,51458
646,447,2020-09-09 16:30:00,11.4,11.4,11.4,11.4,300
647,446,2020-09-09 17:00:00,11.41,11.41,11.36,11.4,1528
648,445,2020-09-09 18:00:00,11.54,11.68,11.54,11.63,3228
649,444,2020-09-09 19:30:00,11.65,11.7,11.65,11.7,1700
650,443,2020-09-10 04:30:00,11.63,11.63,11.63,11.63,500
651,442,2020-09-10 07:30:00,11.67,11.67,11.4,11.4,489
652,441,2020-09-10 08:30:00,11.7,11.7,11.6299,11.6299,1099
653,440,2020-09-10 09:00:00,11.52,11.52,11.52,11.52,203
654,439,2020-09-10 09:30:00,11.6,11.6,11.51,11.55,1554
655,438,2020-09-10 10:00:00,11.5,11.59,11.46,11.59,223186
656,437,2020-09-10 10:30:00,11.5826,11.8,11.54,11.745,259128
657,436,2020-09-10 11:00:00,11.745,11.85,11.6,11.61,160874
658,435,2020-09-10 11:30:00,11.6,11.6593,11.48,11.59,127335
659,434,2020-09-10 12:00:00,11.5873,11.7,11.55,11.59,59430
660,433,2020-09-10 12:30:00,11.59,11.6,11.49,11.53,86424
661,432,2020-09-10 13:00:00,11.53,11.54,11.46,11.5,53406
662,431,2020-09-10 13:30:00,11.485,11.64,11.482999999999999,11.6109,96052
663,430,2020-09-10 14:00:00,11.64,11.74,11.624,11.66,69715
664,429,2020-09-10 14:30:00,11.66,11.75,11.56,11.6302,91703
665,428,2020-09-10 15:00:00,11.65,11.77,11.55,11.65,97695
666,427,2020-09-10 15:30:00,11.6301,11.69,11.53,11.6004,104013
667,426,2020-09-10 16:00:00,11.6,11.63,11.47,11.48,69742
668,425,2020-09-10 17:00:00,11.6498,11.6498,11.6498,11.6498,100
669,424,2020-09-10 17:30:00,11.65,11.65,11.55,11.55,10120
670,423,2020-09-10 18:00:00,11.65,11.65,11.65,11.65,5000
671,422,2020-09-10 18:30:00,11.65,11.65,11.65,11.65,200
672,421,2020-09-10 19:30:00,11.6499,11.6499,11.56,11.56,600
673,420,2020-09-11 08:30:00,11.6999,11.6999,11.6,11.66,2200
674,419,2020-09-11 09:00:00,11.56,11.6,11.56,11.6,499
675,418,2020-09-11 09:30:00,11.5802,11.66,11.54,11.66,5505
676,417,2020-09-11 10:00:00,11.7,11.75,11.5988,11.6832,183533
677,416,2020-09-11 10:30:00,11.68,11.74,11.66,11.6797,70004
678,415,2020-09-11 11:00:00,11.71,11.9,11.672,11.9,205940
679,414,2020-09-11 11:30:00,11.92,11.94,11.75,11.8,299352
680,413,2020-09-11 12:00:00,11.805,11.9,11.7303,11.84,345635
681,412,2020-09-11 12:30:00,11.85,12.2,11.85,12.12,260715
682,411,2020-09-11 13:00:00,12.125,12.2,12.02,12.04,390154
683,410,2020-09-11 13:30:00,12.06,12.39,12.02,12.06,273910
684,409,2020-09-11 14:00:00,12.07,12.25,12.05,12.1399,109893
685,408,2020-09-11 14:30:00,12.125,12.19,12.09,12.16,127931
686,407,2020-09-11 15:00:00,12.19,12.2,12.08,12.1038,171908
687,406,2020-09-11 15:30:00,12.1,12.24,12.04,12.1603,129692
688,405,2020-09-11 16:00:00,12.175,12.54,12.16,12.48,272569
689,404,2020-09-11 16:30:00,12.59,12.59,12.1,12.16,14640
690,403,2020-09-11 17:00:00,12.4,12.4,12.2,12.39,1830
691,402,2020-09-11 17:30:00,12.4,12.4,12.22,12.22,485
692,401,2020-09-11 18:00:00,12.35,12.35,12.3,12.3,3308
693,400,2020-09-11 18:30:00,12.23,12.39,12.2,12.38,3039
694,399,2020-09-11 19:00:00,12.23,12.4,12.23,12.39,2062
695,398,2020-09-11 19:30:00,12.38,12.4,12.38,12.39,2315
696,397,2020-09-11 20:00:00,12.39,12.39,12.39,12.39,975
697,396,2020-09-14 04:30:00,12.7,12.7,12.6,12.6,1301
698,395,2020-09-14 05:00:00,12.57,12.57,12.57,12.57,800
699,394,2020-09-14 06:00:00,12.64,12.75,12.64,12.75,4339
700,393,2020-09-14 06:30:00,12.95,12.95,12.71,12.71,650
701,392,2020-09-14 07:00:00,12.95,12.95,12.95,12.95,100
702,391,2020-09-14 07:30:00,12.95,13.09,12.91,13.0,20542
703,390,2020-09-14 08:00:00,13.0,13.0,12.97,13.0,4713
704,389,2020-09-14 08:30:00,13.0899,13.0999,12.8001,12.94,20684
705,388,2020-09-14 09:00:00,12.9999,13.0,12.85,12.85,13833
706,387,2020-09-14 09:30:00,12.85,12.98,12.75,12.9,39987
707,386,2020-09-14 10:00:00,12.98,12.99,12.8,12.98,759240
708,385,2020-09-14 10:30:00,12.97,12.98,12.67,12.75,292398
709,384,2020-09-14 11:00:00,12.7456,12.75,12.6,12.635,137397
710,383,2020-09-14 11:30:00,12.635,12.65,12.35,12.35,166447
711,382,2020-09-14 12:00:00,12.35,12.6299,12.2,12.625,165769
712,381,2020-09-14 12:30:00,12.626,12.68,12.43,12.4762,68891
713,380,2020-09-14 13:00:00,12.465,12.47,12.26,12.35,155103
714,379,2020-09-14 13:30:00,12.3699,12.5,12.33,12.45,114596
715,378,2020-09-14 14:00:00,12.45,12.4771,12.21,12.34,122330
716,377,2020-09-14 14:30:00,12.3495,12.35,12.05,12.24,183727
717,376,2020-09-14 15:00:00,12.235,12.28,12.045,12.07,304585
718,375,2020-09-14 15:30:00,12.06,12.22,11.94,12.2,288641
719,374,2020-09-14 16:00:00,12.2,12.21,12.04,12.04,220920
720,373,2020-09-14 16:30:00,12.17,12.17,12.13,12.1598,2613
721,372,2020-09-14 17:00:00,12.15,12.15,12.1298,12.13,7988
722,371,2020-09-14 17:30:00,12.13,12.17,12.13,12.1698,2721
723,370,2020-09-14 18:00:00,12.17,12.17,12.15,12.15,320
724,369,2020-09-14 18:30:00,12.1599,12.17,12.1599,12.17,1355
725,368,2020-09-14 19:00:00,12.17,12.17,12.17,12.17,104
726,367,2020-09-14 19:30:00,12.22,12.22,12.1,12.1,1446
727,366,2020-09-14 20:00:00,12.18,12.25,12.18,12.22,1913
728,365,2020-09-15 06:30:00,12.33,12.33,12.33,12.33,100
729,364,2020-09-15 07:30:00,12.09,12.31,12.09,12.3,4511
730,363,2020-09-15 08:00:00,12.33,12.39,12.33,12.33,5964
731,362,2020-09-15 08:30:00,12.35,12.49,12.07,12.4,52668
732,361,2020-09-15 09:00:00,12.39,12.44,12.35,12.35,14757
733,360,2020-09-15 09:30:00,12.35,12.45,12.35,12.37,19587
734,359,2020-09-15 10:00:00,12.42,12.57,12.350999999999999,12.4399,313406
735,358,2020-09-15 10:30:00,12.4001,12.42,12.12,12.12,191452
736,357,2020-09-15 11:00:00,12.135,12.427999999999999,12.13,12.4057,137410
737,356,2020-09-15 11:30:00,12.414000000000001,12.5,12.4,12.42,92830
738,355,2020-09-15 12:00:00,12.415,12.43,12.38,12.3922,53620
739,354,2020-09-15 12:30:00,12.3999,12.4,12.3,12.300999999999998,68653
740,353,2020-09-15 13:00:00,12.35,12.4,12.31,12.345,41351
741,352,2020-09-15 13:30:00,12.36,12.36,12.25,12.27,32695
742,351,2020-09-15 14:00:00,12.27,12.36,12.25,12.3574,38174
743,350,2020-09-15 14:30:00,12.355,12.355,12.18,12.25,81644
744,349,2020-09-15 15:00:00,12.235,12.3462,12.2,12.26,125726
745,348,2020-09-15 15:30:00,12.265,12.36,12.245,12.33,114447
746,347,2020-09-15 16:00:00,12.335,12.35,12.27,12.35,80920
747,346,2020-09-15 16:30:00,12.3898,12.39,12.37,12.37,768
748,345,2020-09-15 17:00:00,12.35,12.49,12.35,12.49,5577
749,344,2020-09-15 17:30:00,12.48,12.48,12.48,12.48,548
750,343,2020-09-15 18:00:00,12.49,12.49,12.35,12.46,1262
751,342,2020-09-15 18:30:00,12.49,12.49,12.49,12.49,500
752,341,2020-09-15 19:30:00,12.48,12.49,12.48,12.49,1200
753,340,2020-09-15 20:00:00,12.49,12.54,12.49,12.54,2029
754,339,2020-09-16 06:00:00,12.44,12.44,12.44,12.44,300
755,338,2020-09-16 07:00:00,12.7,12.7,12.7,12.7,113
756,337,2020-09-16 07:30:00,12.45,12.45,12.44,12.44,540
757,336,2020-09-16 08:30:00,12.4412,12.6008,12.43,12.44,5226
758,335,2020-09-16 09:00:00,12.57,12.57,12.44,12.55,1930
759,334,2020-09-16 09:30:00,12.5,12.5196,12.44,12.5196,6684
760,333,2020-09-16 10:00:00,12.5,12.5,12.42,12.435,185869
761,332,2020-09-16 10:30:00,12.44,12.5,12.15,12.365,161080
762,331,2020-09-16 11:00:00,12.395,12.4,12.22,12.28,43431
763,330,2020-09-16 11:30:00,12.265,12.44,12.265,12.3001,68968
764,329,2020-09-16 12:00:00,12.285,12.31,12.26,12.29,33976
765,328,2020-09-16 12:30:00,12.3,12.33,12.22,12.33,41125
766,327,2020-09-16 13:00:00,12.38,12.42,12.27,12.3315,32684
767,326,2020-09-16 13:30:00,12.33,12.4,12.2701,12.38,20141
768,325,2020-09-16 14:00:00,12.4,12.4,12.34,12.35,39140
769,324,2020-09-16 14:30:00,12.365,12.43,12.3257,12.41,42607
770,323,2020-09-16 15:00:00,12.4,12.43,12.34,12.3706,65825
771,322,2020-09-16 15:30:00,12.35,12.39,12.22,12.23,35844
772,321,2020-09-16 16:00:00,12.25,12.25,12.1301,12.15,81342
773,320,2020-09-16 16:30:00,12.3,12.59,12.3,12.4,15479
774,319,2020-09-16 17:00:00,12.25,12.39,12.25,12.39,3826
775,318,2020-09-16 17:30:00,12.39,12.39,12.27,12.3,2134
776,317,2020-09-16 18:00:00,12.3,12.3,12.3,12.3,740
777,316,2020-09-16 18:30:00,12.31,12.31,12.31,12.31,1999
778,315,2020-09-16 19:00:00,12.4,12.4,12.3,12.3,967
779,314,2020-09-16 19:30:00,12.3,12.39,12.25,12.39,1420
780,313,2020-09-17 05:00:00,12.1,12.1,12.09,12.09,1000
781,312,2020-09-17 07:30:00,12.25,12.25,12.25,12.25,315
782,311,2020-09-17 08:00:00,12.17,12.17,12.15,12.15,2229
783,310,2020-09-17 08:30:00,12.25,12.3,12.15,12.16,6428
784,309,2020-09-17 09:00:00,12.18,12.26,12.14,12.24,5459
785,308,2020-09-17 09:30:00,12.1999,12.1999,12.15,12.18,9361
786,307,2020-09-17 10:00:00,12.18,12.2616,12.13,12.23,200606
787,306,2020-09-17 10:30:00,12.23,12.8,12.23,12.57,452700
788,305,2020-09-17 11:00:00,12.57,12.6599,12.53,12.62,133195
789,304,2020-09-17 11:30:00,12.625,12.65,12.37,12.54,97183
790,303,2020-09-17 12:00:00,12.52,12.59,12.4607,12.5,94927
791,302,2020-09-17 12:30:00,12.5,12.55,12.45,12.53,63959
792,301,2020-09-17 13:00:00,12.53,12.53,12.37,12.37,40322
793,300,2020-09-17 13:30:00,12.37,12.3919,12.22,12.235,83094
794,299,2020-09-17 14:00:00,12.235,12.365,12.23,12.33,54240
795,298,2020-09-17 14:30:00,12.31,12.43,12.2812,12.4,39907
796,297,2020-09-17 15:00:00,12.4,12.45,12.26,12.34,72268
797,296,2020-09-17 15:30:00,12.34,12.46,12.3,12.4,27745
798,295,2020-09-17 16:00:00,12.36,12.43,12.31,12.35,70629
799,294,2020-09-17 16:30:00,12.31,12.36,12.3,12.35,1933
800,293,2020-09-17 17:00:00,12.35,12.36,12.35,12.36,200
801,292,2020-09-17 17:30:00,12.36,12.36,12.3,12.3,500
802,291,2020-09-18 07:00:00,12.18,12.18,12.1,12.1,395
803,290,2020-09-18 07:30:00,12.56,12.6,12.25,12.25,4019
804,289,2020-09-18 08:30:00,12.38,12.53,12.38,12.5,4631
805,288,2020-09-18 09:00:00,12.45,12.45,12.36,12.36,1781
806,287,2020-09-18 09:30:00,12.31,12.42,12.2508,12.42,8581
807,286,2020-09-18 10:00:00,12.49,12.5,12.3,12.4482,135968
808,285,2020-09-18 10:30:00,12.4499,12.45,12.26,12.31,52547
809,284,2020-09-18 11:00:00,12.31,12.3998,11.61,12.06,339224
810,283,2020-09-18 11:30:00,12.062000000000001,12.19,11.95,12.18,133773
811,282,2020-09-18 12:00:00,12.16,12.18,12.095,12.16,44552
812,281,2020-09-18 12:30:00,12.16,12.2,12.04,12.05,40645
813,280,2020-09-18 13:00:00,12.065,12.1,12.04,12.08,29182
814,279,2020-09-18 13:30:00,12.07,12.1314,12.02,12.11,24568
815,278,2020-09-18 14:00:00,12.11,12.1183,12.0,12.04,45518
816,277,2020-09-18 14:30:00,12.04,12.19,12.04,12.16,39660
817,276,2020-09-18 15:00:00,12.17,12.21,12.12,12.16,36366
818,275,2020-09-18 15:30:00,12.165,12.3,12.165,12.25,57891
819,274,2020-09-18 16:00:00,12.25,12.27,12.07,12.19,71476
820,273,2020-09-18 16:30:00,12.1795,12.19,12.1795,12.19,727
821,272,2020-09-18 17:00:00,12.19,12.19,12.19,12.19,400
822,271,2020-09-18 17:30:00,12.18,12.18,12.18,12.18,2000
823,270,2020-09-18 18:00:00,12.14,12.19,12.14,12.15,1052
824,269,2020-09-18 19:00:00,12.15,12.2,12.15,12.2,300
825,268,2020-09-18 19:30:00,12.09,12.2,12.07,12.2,1493
826,267,2020-09-18 20:00:00,12.2,12.21,12.2,12.21,611
827,266,2020-09-21 04:30:00,12.05,12.25,12.05,12.25,1300
828,265,2020-09-21 06:00:00,12.18,12.18,12.18,12.18,100
829,264,2020-09-21 06:30:00,12.45,12.45,12.01,12.01,730
830,263,2020-09-21 07:30:00,12.29,12.29,11.96,12.05,5280
831,262,2020-09-21 08:30:00,12.05,12.29,12.01,12.1,9090
832,261,2020-09-21 09:00:00,12.2,12.2,12.05,12.18,2292
833,260,2020-09-21 09:30:00,12.16,12.18,12.07,12.07,3139
834,259,2020-09-21 10:00:00,12.19,12.19,11.73,11.78,266781
835,258,2020-09-21 10:30:00,11.7751,11.81,11.56,11.6212,404506
836,257,2020-09-21 11:00:00,11.625,11.66,11.32,11.43,460642
837,256,2020-09-21 11:30:00,11.47,11.7,11.455,11.6,376967
838,255,2020-09-21 12:00:00,11.57,11.75,11.56,11.7498,118964
839,254,2020-09-21 12:30:00,11.745,11.77,11.54,11.6,65923
840,253,2020-09-21 13:00:00,11.6,11.68,11.51,11.55,81823
841,252,2020-09-21 13:30:00,11.56,11.65,11.53,11.6392,88099
842,251,2020-09-21 14:00:00,11.63,11.635,11.42,11.5103,211725
843,250,2020-09-21 14:30:00,11.5125,11.59,11.46,11.555,103415
844,249,2020-09-21 15:00:00,11.56,11.5699,11.5,11.555,50773
845,248,2020-09-21 15:30:00,11.555,11.6,11.5318,11.545,108124
846,247,2020-09-21 16:00:00,11.54,11.58,11.48,11.5,183192
847,246,2020-09-21 16:30:00,11.52,11.7,11.5,11.57,7073
848,245,2020-09-21 17:00:00,11.69,11.69,11.57,11.68,2767
849,244,2020-09-21 17:30:00,11.68,11.69,11.6,11.69,3546
850,243,2020-09-21 18:00:00,11.62,11.69,11.58,11.69,1923
851,242,2020-09-21 18:30:00,11.6899,11.6899,11.63,11.68,2898
852,241,2020-09-21 19:00:00,11.68,11.68,11.68,11.68,700
853,240,2020-09-21 19:30:00,11.65,11.68,11.63,11.63,840
854,239,2020-09-21 20:00:00,11.68,11.7,11.68,11.7,3074
855,238,2020-09-22 06:30:00,11.68,11.68,11.68,11.68,151
856,237,2020-09-22 07:00:00,11.7,11.8,11.7,11.8,200
857,236,2020-09-22 07:30:00,11.62,11.8,11.62,11.8,310
858,235,2020-09-22 08:30:00,11.7,11.8,11.68,11.7499,8108
859,234,2020-09-22 09:00:00,11.69,11.69,11.58,11.65,5700
860,233,2020-09-22 09:30:00,11.61,11.65,11.52,11.63,20050
861,232,2020-09-22 10:00:00,11.64,11.85,11.51,11.55,231676
862,231,2020-09-22 10:30:00,11.54,11.64,11.47,11.505,117572
863,230,2020-09-22 11:00:00,11.5,11.8,11.5,11.63,93906
864,229,2020-09-22 11:30:00,11.7199,11.7199,11.47,11.485,96236
865,228,2020-09-22 12:00:00,11.4855,11.55,11.4,11.53,111742
866,227,2020-09-22 12:30:00,11.53,11.56,11.44,11.455,58416
867,226,2020-09-22 13:00:00,11.48,11.53,11.43,11.43,42355
868,225,2020-09-22 13:30:00,11.43,11.46,11.3,11.38,136590
869,224,2020-09-22 14:00:00,11.37,11.405,11.35,11.39,59556
870,223,2020-09-22 14:30:00,11.395,11.4,11.335,11.335,57600
871,222,2020-09-22 15:00:00,11.33,11.37,11.31,11.34,53208
872,221,2020-09-22 15:30:00,11.35,11.4,11.34,11.345,121257
873,220,2020-09-22 16:00:00,11.35,11.42,11.33,11.34,127705
874,219,2020-09-22 16:30:00,11.3398,11.4,11.31,11.4,1769
875,218,2020-09-22 17:00:00,11.33,11.39,11.32,11.3898,3030
876,217,2020-09-22 17:30:00,11.39,11.39,11.32,11.32,2828
877,216,2020-09-22 18:00:00,11.32,11.39,11.32,11.39,2127
878,215,2020-09-22 18:30:00,11.35,11.38,11.3,11.38,2110
879,214,2020-09-22 19:00:00,11.39,11.39,11.32,11.38,3200
880,213,2020-09-22 19:30:00,11.36,11.36,11.3,11.3,1990
881,212,2020-09-22 20:00:00,11.35,11.35,11.3,11.3,665
882,211,2020-09-23 04:30:00,11.5,11.5,11.5,11.5,100
883,210,2020-09-23 06:00:00,11.64,11.64,11.64,11.64,200
884,209,2020-09-23 07:30:00,11.45,11.45,11.45,11.45,201
885,208,2020-09-23 08:00:00,11.5,11.5,11.42,11.42,300
886,207,2020-09-23 08:30:00,11.3801,11.5999,11.37,11.48,8505
887,206,2020-09-23 09:00:00,11.45,11.5,11.4,11.44,2469
888,205,2020-09-23 09:30:00,11.4,11.43,11.3,11.36,13652
889,204,2020-09-23 10:00:00,11.39,11.6857,11.26,11.2909,200076
890,203,2020-09-23 10:30:00,11.2804,11.37,10.93,11.22,327497
891,202,2020-09-23 11:00:00,11.215,11.43,11.05,11.43,180734
892,201,2020-09-23 11:30:00,11.43,11.45,11.17,11.17,85588
893,200,2020-09-23 12:00:00,11.1719,11.185,10.9,10.93,242239
894,199,2020-09-23 12:30:00,10.9255,11.19,10.91,11.06,221524
895,198,2020-09-23 13:00:00,11.062000000000001,11.145999999999999,10.89,11.0417,266206
896,197,2020-09-23 13:30:00,11.065,11.09,11.0,11.0,95901
897,196,2020-09-23 14:00:00,11.0,11.05,11.0,11.01,64625
898,195,2020-09-23 14:30:00,11.02,11.02,10.86,10.9334,77729
899,194,2020-09-23 15:00:00,10.935,11.0,10.86,10.905,111392
900,193,2020-09-23 15:30:00,10.91,11.02,10.87,11.02,199442
901,192,2020-09-23 16:00:00,11.015,11.05,10.9,11.0201,96228
902,191,2020-09-23 16:30:00,11.05,11.08,10.9,11.0,33032
903,190,2020-09-23 17:00:00,10.96,10.96,10.96,10.96,414
904,189,2020-09-23 17:30:00,11.02,11.0798,10.96,10.96,2955
905,188,2020-09-23 18:00:00,11.08,11.1,10.98,11.1,738
906,187,2020-09-23 18:30:00,10.99,11.15,10.97,10.98,4815
907,186,2020-09-23 19:30:00,11.11,11.11,11.0,11.0,657
908,185,2020-09-23 20:00:00,10.96,11.15,10.95,11.15,559
909,184,2020-09-24 04:30:00,11.15,11.15,11.0,11.0,913
910,183,2020-09-24 07:30:00,11.09,11.2,11.09,11.2,1696
911,182,2020-09-24 08:00:00,11.1,11.1,11.0,11.1,6614
912,181,2020-09-24 08:30:00,11.21,11.21,10.91,10.9126,4444
913,180,2020-09-24 09:00:00,10.91,10.95,10.8102,10.8102,10494
914,179,2020-09-24 09:30:00,10.9,10.9,10.6,10.75,53423
915,178,2020-09-24 10:00:00,10.76,10.98,10.6,10.81,432145
916,177,2020-09-24 10:30:00,10.81,11.15,10.76,10.94,286519
917,176,2020-09-24 11:00:00,10.9,10.97,10.85,10.97,223681
918,175,2020-09-24 11:30:00,10.96,11.0,10.9,10.9769,92515
919,174,2020-09-24 12:00:00,10.9899,11.0,10.945,10.99,89223
920,173,2020-09-24 12:30:00,11.0,11.15,10.9818,11.1434,138948
921,172,2020-09-24 13:00:00,11.1494,11.23,11.1,11.165,79899
922,171,2020-09-24 13:30:00,11.1568,11.19,11.1,11.1498,46418
923,170,2020-09-24 14:00:00,11.14,11.14,11.03,11.04,94315
924,169,2020-09-24 14:30:00,11.03,11.03,10.9,10.9,113070
925,168,2020-09-24 15:00:00,10.9,11.02,10.89,10.9202,114864
926,167,2020-09-24 15:30:00,10.93,10.9562,10.86,10.905,40117
927,166,2020-09-24 16:00:00,10.9,10.905,10.84,10.85,69727
928,165,2020-09-24 16:30:00,10.91,10.91,10.91,10.91,1451
929,164,2020-09-24 17:00:00,10.91,10.91,10.87,10.91,2944
930,163,2020-09-24 17:30:00,10.91,10.91,10.91,10.91,230
931,162,2020-09-24 18:00:00,10.9099,10.9099,10.88,10.88,1100
932,161,2020-09-24 18:30:00,10.88,10.91,10.85,10.85,500
933,160,2020-09-24 19:00:00,10.91,10.91,10.87,10.9,590
934,159,2020-09-24 19:30:00,10.91,10.91,10.91,10.91,105
935,158,2020-09-24 20:00:00,10.9099,10.91,10.9099,10.91,848
936,157,2020-09-25 04:30:00,10.95,10.95,10.95,10.95,125
937,156,2020-09-25 06:30:00,10.97,10.97,10.95,10.95,300
938,155,2020-09-25 07:00:00,10.95,10.95,10.95,10.95,795
939,154,2020-09-25 07:30:00,11.0,11.0,11.0,11.0,454
940,153,2020-09-25 08:00:00,10.99,10.99,10.99,10.99,1000
941,152,2020-09-25 08:30:00,10.9006,11.0,10.89,10.99,2283
942,151,2020-09-25 09:00:00,10.98,10.98,10.98,10.98,200
943,150,2020-09-25 09:30:00,10.99,10.99,10.9199,10.97,3368
944,149,2020-09-25 10:00:00,10.95,11.18,10.9099,11.1,136537
945,148,2020-09-25 10:30:00,11.1,11.11,11.03,11.07,46630
946,147,2020-09-25 11:00:00,11.08,11.08,10.9701,10.99,55841
947,146,2020-09-25 11:30:00,11.0,11.0102,10.9,10.92,48276
948,145,2020-09-25 12:00:00,10.92,10.96,10.85,10.93,866995
949,144,2020-09-25 12:30:00,10.9277,10.96,10.9,10.9346,127945
950,143,2020-09-25 13:00:00,10.94,10.94,10.85,10.91,64767
951,142,2020-09-25 13:30:00,10.89,10.96,10.88,10.94,252496
952,141,2020-09-25 14:00:00,10.93,10.97,10.88,10.95,186431
953,140,2020-09-25 14:30:00,10.95,10.99,10.9102,10.95,56192
954,139,2020-09-25 15:00:00,10.95,11.07,10.95,11.01,43203
955,138,2020-09-25 15:30:00,11.04,11.06,10.97,11.06,44719
956,137,2020-09-25 16:00:00,11.06,11.1,11.0,11.08,92721
957,136,2020-09-25 16:30:00,11.0999,11.1498,11.07,11.1498,5421
958,135,2020-09-25 17:00:00,11.14,11.14,11.14,11.14,3310
959,134,2020-09-25 17:30:00,11.0802,11.14,11.08,11.12,3959
960,133,2020-09-25 18:30:00,11.08,11.08,11.08,11.08,151
961,132,2020-09-25 19:00:00,11.14,11.14,11.08,11.13,1101
962,131,2020-09-25 19:30:00,11.13,11.13,11.13,11.13,186
963,130,2020-09-25 20:00:00,11.14,11.14,11.0,11.0,7825
964,129,2020-09-28 05:00:00,11.15,11.35,11.15,11.35,1995
965,128,2020-09-28 07:30:00,11.42,11.42,11.28,11.29,6892
966,127,2020-09-28 08:00:00,11.29,11.3,11.25,11.25,1250
967,126,2020-09-28 08:30:00,11.31,11.4,11.26,11.3,12847
968,125,2020-09-28 09:00:00,11.3,11.3,11.27,11.2992,3118
969,124,2020-09-28 09:30:00,11.29,11.3,11.18,11.18,11125
970,123,2020-09-28 10:00:00,11.24,11.28,11.15,11.2,208755
971,122,2020-09-28 10:30:00,11.19,11.22,11.05,11.1,79378
972,121,2020-09-28 11:00:00,11.05,11.1376,10.97,11.0,124146
973,120,2020-09-28 11:30:00,11.02,11.19,11.02,11.17,50981
974,119,2020-09-28 12:00:00,11.18,11.2,11.16,11.17,77868
975,118,2020-09-28 12:30:00,11.17,11.2,11.1,11.12,157225
976,117,2020-09-28 13:00:00,11.115,11.14,11.0901,11.1,241090
977,116,2020-09-28 13:30:00,11.115,11.2,11.1,11.18,56653
978,115,2020-09-28 14:00:00,11.1701,11.2,11.11,11.1301,52104
979,114,2020-09-28 14:30:00,11.14,11.15,11.0601,11.07,40493
980,113,2020-09-28 15:00:00,11.07,11.09,11.03,11.045,51740
981,112,2020-09-28 15:30:00,11.05,11.18,11.0446,11.1,57901
982,111,2020-09-28 16:00:00,11.1,11.1299,11.0,11.11,114462
983,110,2020-09-28 16:30:00,11.1099,11.1099,11.1099,11.1099,3010
984,109,2020-09-28 17:00:00,11.13,11.15,11.13,11.1498,1300
985,108,2020-09-28 17:30:00,11.1498,11.15,11.1498,11.15,500
986,107,2020-09-28 18:00:00,11.19,11.19,11.1501,11.1501,600
987,106,2020-09-28 19:30:00,11.2499,11.2499,11.2499,11.2499,400
988,105,2020-09-28 20:00:00,11.06,11.06,11.06,11.06,282
989,104,2020-09-29 07:00:00,11.13,11.13,11.13,11.13,138
990,103,2020-09-29 07:30:00,11.2,11.2,11.2,11.2,100
991,102,2020-09-29 08:00:00,11.11,11.2,11.0,11.0,2285
992,101,2020-09-29 08:30:00,11.2,11.2,11.15,11.15,1983
993,100,2020-09-29 09:00:00,11.13,11.15,11.13,11.15,810
994,99,2020-09-29 09:30:00,11.145999999999999,11.15,11.1,11.15,1816
995,98,2020-09-29 10:00:00,11.09,11.13,10.995,11.02,122718
996,97,2020-09-29 10:30:00,11.065,11.2,11.02,11.0713,74535
997,96,2020-09-29 11:00:00,11.09,11.1339,11.06,11.11,42860
998,95,2020-09-29 11:30:00,11.11,11.11,11.02,11.085,41646
999,94,2020-09-29 12:00:00,11.0899,11.1,11.06,11.065,29258
1000,93,2020-09-29 12:30:00,11.08,11.0999,10.99,11.0699,45298
1001,92,2020-09-29 13:00:00,11.0542,11.1,11.0227,11.035,20466
1002,91,2020-09-29 13:30:00,11.04,11.05,10.9,11.035,97501
1003,90,2020-09-29 14:00:00,11.03,11.14,11.0,11.109000000000002,32500
1004,89,2020-09-29 14:30:00,11.1068,11.13,11.02,11.04,48284
1005,88,2020-09-29 15:00:00,11.07,11.12,11.06,11.1,41104
1006,87,2020-09-29 15:30:00,11.1,11.1083,11.02,11.02,39359
1007,86,2020-09-29 16:00:00,11.02,11.03,10.96,10.98,87827
1008,85,2020-09-29 16:30:00,10.99,11.0,10.99,11.0,382
1009,84,2020-09-29 17:00:00,11.1,11.1,11.0002,11.07,1010
1010,83,2020-09-29 17:30:00,11.08,11.1,11.0202,11.0202,1950
1011,82,2020-09-29 18:00:00,11.06,11.06,11.06,11.06,500
1012,81,2020-09-29 19:00:00,11.07,11.07,11.02,11.02,894
1013,80,2020-09-29 19:30:00,11.02,11.06,11.02,11.05,405
1014,79,2020-09-29 20:00:00,11.02,11.07,11.02,11.07,2506
1015,78,2020-09-30 07:00:00,10.96,10.96,10.96,10.96,449
1016,77,2020-09-30 08:30:00,10.99,11.09,10.99,11.0,2202
1017,76,2020-09-30 09:00:00,11.0,11.09,11.0,11.0,6532
1018,75,2020-09-30 09:30:00,11.06,11.06,10.99,11.03,1625
1019,74,2020-09-30 10:00:00,11.0,11.18,11.0,11.07,199449
1020,73,2020-09-30 10:30:00,11.1,11.1,11.06,11.06,46109
1021,72,2020-09-30 11:00:00,11.0698,11.0698,10.97,11.0,70903
1022,71,2020-09-30 11:30:00,11.0,11.0,10.98,10.9924,43445
1023,70,2020-09-30 12:00:00,10.99,11.03,10.98,11.02,58561
1024,69,2020-09-30 12:30:00,11.0162,11.025,10.98,10.99,25069
1025,68,2020-09-30 13:00:00,10.97,11.0,10.92,10.98,58947
1026,67,2020-09-30 13:30:00,10.98,10.98,10.88,10.9464,45125
1027,66,2020-09-30 14:00:00,10.9499,11.03,10.93,11.0,60658
1028,65,2020-09-30 14:30:00,10.99,11.0,10.9,10.92,33099
1029,64,2020-09-30 15:00:00,10.9262,10.99,10.85,10.984000000000002,61315
1030,63,2020-09-30 15:30:00,11.0,11.0,10.88,10.9464,45212
1031,62,2020-09-30 16:00:00,10.92,10.99,10.88,10.9,60590
1032,61,2020-09-30 16:30:00,10.8,10.9,10.8,10.9,23919
1033,60,2020-09-30 17:00:00,10.8725,10.8999,10.87,10.89,660
1034,59,2020-09-30 17:30:00,10.88,10.88,10.85,10.85,4085
1035,58,2020-09-30 18:00:00,10.8999,10.9,10.8985,10.9,575
1036,57,2020-09-30 18:30:00,10.88,10.88,10.88,10.88,200
1037,56,2020-09-30 19:00:00,10.87,10.87,10.87,10.87,100
1038,55,2020-09-30 20:00:00,10.95,10.98,10.95,10.98,819
1039,54,2020-10-01 08:00:00,11.0,11.09,11.0,11.09,1400
1040,53,2020-10-01 08:30:00,10.98,11.1,10.98,11.0,8710
1041,52,2020-10-01 09:00:00,11.08,11.08,11.0,11.0,3010
1042,51,2020-10-01 09:30:00,10.9999,11.0,10.9999,11.0,2537
1043,50,2020-10-01 10:00:00,11.02,11.07,10.8284,10.885,104853
1044,49,2020-10-01 10:30:00,10.88,10.93,10.81,10.9,66770
1045,48,2020-10-01 11:00:00,10.91,10.92,10.82,10.82,68823
1046,47,2020-10-01 11:30:00,10.83,10.86,10.76,10.855,70358
1047,46,2020-10-01 12:00:00,10.855,10.87,10.8301,10.84,49018
1048,45,2020-10-01 12:30:00,10.84,10.86,10.8244,10.86,26120
1049,44,2020-10-01 13:00:00,10.85,10.9,10.835,10.84,37794
1050,43,2020-10-01 13:30:00,10.8464,10.89,10.84,10.885,14026
1051,42,2020-10-01 14:00:00,10.88,10.9757,10.85,10.95,32586
1052,41,2020-10-01 14:30:00,10.9289,10.99,10.87,10.94,37296
1053,40,2020-10-01 15:00:00,10.91,10.98,10.8636,10.87,49056
1054,39,2020-10-01 15:30:00,10.9,10.9098,10.83,10.845,32104
1055,38,2020-10-01 16:00:00,10.85,10.95,10.84,10.91,93239
1056,37,2020-10-01 16:30:00,10.9,10.9,10.9,10.9,2511
1057,36,2020-10-01 17:00:00,10.89,10.9998,10.89,10.9998,2103
1058,35,2020-10-01 17:30:00,10.9,10.9998,10.9,10.9998,300
1059,34,2020-10-01 18:00:00,10.92,10.92,10.92,10.92,600
1060,33,2020-10-01 18:30:00,10.92,10.92,10.92,10.92,150
1061,32,2020-10-01 19:00:00,10.99,10.99,10.91,10.91,1173
1062,31,2020-10-01 19:30:00,10.96,10.96,10.96,10.96,100
1063,30,2020-10-01 20:00:00,10.9,10.9,10.9,10.9,3834
1064,29,2020-10-02 04:30:00,10.79,10.79,10.79,10.79,100
1065,28,2020-10-02 05:00:00,10.77,10.77,10.77,10.77,100
1066,27,2020-10-02 05:30:00,10.77,10.77,10.77,10.77,100
1067,26,2020-10-02 06:30:00,10.7,10.7,10.7,10.7,200
1068,25,2020-10-02 07:00:00,10.63,10.63,10.63,10.63,600
1069,24,2020-10-02 07:30:00,10.75,10.79,10.6,10.75,7450
1070,23,2020-10-02 08:00:00,10.79,10.79,10.69,10.69,6128
1071,22,2020-10-02 08:30:00,10.64,10.755,10.57,10.7,14460
1072,21,2020-10-02 09:00:00,10.71,10.9,10.65,10.7,9332
1073,20,2020-10-02 09:30:00,10.68,10.68,10.6,10.63,16887
1074,19,2020-10-02 10:00:00,10.65,10.8,10.65,10.7696,149840
1075,18,2020-10-02 10:30:00,10.76,10.87,10.73,10.81,86370
1076,17,2020-10-02 11:00:00,10.81,10.85,10.74,10.81,56428
1077,16,2020-10-02 11:30:00,10.8201,10.94,10.815,10.882,17369
1078,15,2020-10-02 12:00:00,10.865,10.88,10.83,10.83,13234
1079,14,2020-10-02 12:30:00,10.845,10.86,10.79,10.82,32760
1080,13,2020-10-02 13:00:00,10.8,11.0,10.78,10.93,54789
1081,12,2020-10-02 13:30:00,10.9323,10.98,10.9,10.94,22638
1082,11,2020-10-02 14:00:00,10.9258,10.95,10.82,10.87,15515
1083,10,2020-10-02 14:30:00,10.87,10.89,10.83,10.876,12294
1084,9,2020-10-02 15:00:00,10.84,10.91,10.84,10.86,12354
1085,8,2020-10-02 15:30:00,10.87,10.87,10.82,10.82,22185
1086,7,2020-10-02 16:00:00,10.82,10.9499,10.82,10.9,62007
1087,6,2020-10-02 16:30:00,10.94,10.94,10.8,10.85,2589
1088,5,2020-10-02 17:00:00,10.9,10.9,10.81,10.81,1835
1089,4,2020-10-02 17:30:00,10.8102,10.8102,10.66,10.66,7886
1090,3,2020-10-02 18:00:00,10.7,10.87,10.7,10.87,2963
1091,2,2020-10-02 19:00:00,10.75,10.75,10.7,10.7,425
1092,1,2020-10-02 19:30:00,10.86,10.93,10.86,10.93,1800
1093,0,2020-10-02 20:00:00,10.75,10.75,10.75,10.75,200
