,index,time,open,high,low,close,volume
0,336,2020-05-08 08:30:00,115.0,115.0,114.5,114.5,313
1,335,2020-05-08 09:30:00,115.5,115.5,115.5,115.5,100
2,334,2020-05-08 10:00:00,115.16,115.66,113.5,115.265,94522
3,333,2020-05-08 10:30:00,115.265,117.48,115.265,116.725,115273
4,332,2020-05-08 11:00:00,116.7,117.01,116.06,116.82,52675
5,331,2020-05-08 11:30:00,116.79,118.32,116.37,118.275,60888
6,330,2020-05-08 12:00:00,118.35,118.97,118.29,118.8455,79392
7,329,2020-05-08 12:30:00,118.865,118.92,117.71,117.76,40608
8,328,2020-05-08 13:00:00,117.79,118.16,117.63,117.63,25412
9,327,2020-05-08 13:30:00,117.64,118.16,117.5,118.16,22348
10,326,2020-05-08 14:00:00,118.17,118.37,117.69,118.25,33517
11,325,2020-05-08 14:30:00,118.28,118.53,118.2,118.49,36116
12,324,2020-05-08 15:00:00,118.5,119.14,118.48,119.05,44680
13,323,2020-05-08 15:30:00,119.065,119.35,118.8,119.17,63938
14,322,2020-05-08 16:00:00,119.22,119.78,119.1,119.47,172088
15,321,2020-05-08 16:30:00,119.58,119.8,119.58,119.8,9785
16,320,2020-05-11 08:30:00,121.5,121.5,117.0,117.0,989
17,319,2020-05-11 09:00:00,117.25,117.25,117.25,117.25,199
18,318,2020-05-11 09:30:00,117.0,117.0,117.0,117.0,200
19,317,2020-05-11 10:00:00,117.08,117.25,115.19,115.415,120333
20,316,2020-05-11 10:30:00,115.415,115.92,114.8,115.8,90910
21,315,2020-05-11 11:00:00,115.837,116.76,115.61,115.84,72396
22,314,2020-05-11 11:30:00,115.84,116.18,115.01,115.48,60862
23,313,2020-05-11 12:00:00,115.51,117.0,115.51,116.955,48907
24,312,2020-05-11 12:30:00,117.0,117.81,116.66,117.81,36264
25,311,2020-05-11 13:00:00,117.77,118.4,117.28,118.4,42450
26,310,2020-05-11 13:30:00,118.41,119.03,118.25,118.59,51562
27,309,2020-05-11 14:00:00,118.675,118.78,118.0212,118.0277,19019
28,308,2020-05-11 14:30:00,118.05,118.07,117.47,117.57,21476
29,307,2020-05-11 15:00:00,117.62,118.1999,117.55,117.71,28030
30,306,2020-05-11 15:30:00,117.63,117.96,117.44,117.645,43955
31,305,2020-05-11 16:00:00,117.64,117.685,116.47,116.59,141778
32,304,2020-05-11 16:30:00,116.52,116.52,116.52,116.52,8277
33,303,2020-05-11 17:30:00,116.6,116.6,116.6,116.6,100
34,302,2020-05-12 08:30:00,116.82,116.82,113.9,113.9,3167
35,301,2020-05-12 09:00:00,116.49,116.49,114.78,114.78,963
36,300,2020-05-12 10:00:00,117.12,117.3,114.5,115.0,116482
37,299,2020-05-12 10:30:00,115.2,116.01,114.705,114.885,40995
38,298,2020-05-12 11:00:00,115.07,115.6,114.5701,114.93,27988
39,297,2020-05-12 11:30:00,114.8663,115.0983,114.59,114.7,31063
40,296,2020-05-12 12:00:00,114.75,115.35,114.61,115.3,30251
41,295,2020-05-12 12:30:00,115.37,115.65,115.11,115.51,44692
42,294,2020-05-12 13:00:00,115.5,116.49,115.35,116.22,44964
43,293,2020-05-12 13:30:00,116.19,116.19,115.065,115.065,65235
44,292,2020-05-12 14:00:00,115.065,115.415,114.9401,115.245,38435
45,291,2020-05-12 14:30:00,115.28,115.34,113.91,113.985,62873
46,290,2020-05-12 15:00:00,114.02,114.13,113.4,113.75,37449
47,289,2020-05-12 15:30:00,113.66,113.9,112.19,112.21,89878
48,288,2020-05-12 16:00:00,112.17,112.27,110.08,110.18,237766
49,287,2020-05-12 16:30:00,110.18,110.18,110.0,110.18,70426
50,286,2020-05-12 19:00:00,109.5,109.5,109.5,109.5,152
51,285,2020-05-12 19:30:00,109.5,109.5,109.5,109.5,486
52,284,2020-05-12 20:00:00,109.01,109.01,109.01,109.01,209
53,283,2020-05-13 08:30:00,111.5,111.7,111.5,111.7,660
54,282,2020-05-13 09:00:00,112.0,112.0,111.5,111.5,315
55,281,2020-05-13 09:30:00,110.0,111.5,110.0,111.5,400
56,280,2020-05-13 10:00:00,109.95,111.05,108.44,109.89,184033
57,279,2020-05-13 10:30:00,109.89,110.82,109.44,110.37,126154
58,278,2020-05-13 11:00:00,110.48,111.15,109.39,109.39,99645
59,277,2020-05-13 11:30:00,109.41799999999999,109.91,108.025,108.11,94621
60,276,2020-05-13 12:00:00,108.23,108.65,107.19,107.58,47267
61,275,2020-05-13 12:30:00,107.55,108.23899999999999,106.5,107.54,76064
62,274,2020-05-13 13:00:00,107.68,108.1161,107.12,107.57,48779
63,273,2020-05-13 13:30:00,107.75,108.44,107.08,108.11,45387
64,272,2020-05-13 14:00:00,108.12,108.3,107.54,107.77,34627
65,271,2020-05-13 14:30:00,107.67,108.42,107.117,107.895,37663
66,270,2020-05-13 15:00:00,107.97,108.27,107.31,107.31,37269
67,269,2020-05-13 15:30:00,107.49,108.13,107.17,107.525,64307
68,268,2020-05-13 16:00:00,107.47,109.02,107.4,108.81,203629
69,267,2020-05-13 16:30:00,108.77,108.77,108.77,108.77,21605
70,266,2020-05-13 19:00:00,109.25,109.25,109.25,109.25,100
71,265,2020-05-14 04:30:00,109.68,109.68,109.26,109.26,1100
72,264,2020-05-14 08:00:00,109.8,109.8,109.75,109.75,560
73,263,2020-05-14 08:30:00,109.5,109.5,107.99,108.0,2462
74,262,2020-05-14 09:30:00,107.95,108.49,107.95,108.49,660
75,261,2020-05-14 10:00:00,107.3,107.5,105.75,105.915,225951
76,260,2020-05-14 10:30:00,105.88,107.68,105.26,107.16,132984
77,259,2020-05-14 11:00:00,107.245,115.19,107.245,114.48,224115
78,258,2020-05-14 11:30:00,114.29,115.97,113.13,113.83,208001
79,257,2020-05-14 12:00:00,113.83,114.19,111.77,113.43,120283
80,256,2020-05-14 12:30:00,113.31,114.0489,113.0362,113.28,41365
81,255,2020-05-14 13:00:00,113.36,114.15,112.89,113.56,72852
82,254,2020-05-14 13:30:00,113.5,114.14,112.7,114.11,33506
83,253,2020-05-14 14:00:00,114.08,114.2,112.71,112.71,50585
84,252,2020-05-14 14:30:00,112.62,113.5935,112.3547,113.245,55303
85,251,2020-05-14 15:00:00,113.3,113.56,112.27,113.42,52708
86,250,2020-05-14 15:30:00,113.33,114.26,113.26,114.11,82676
87,249,2020-05-14 16:00:00,114.115,116.24,113.8,116.05,315247
88,248,2020-05-14 16:30:00,116.06,116.06,116.04,116.06,8949
89,247,2020-05-14 17:00:00,116.0,116.01,116.0,116.01,644
90,246,2020-05-14 20:00:00,116.24,117.0,116.24,117.0,507
91,245,2020-05-15 10:00:00,114.51,115.58,113.33,114.92,142835
92,244,2020-05-15 10:30:00,114.94,117.15,114.44,116.99,163329
93,243,2020-05-15 11:00:00,117.03,117.93,116.44,116.93,105952
94,242,2020-05-15 11:30:00,116.7,117.57,116.09,117.36,56259
95,241,2020-05-15 12:00:00,117.28,117.495,116.085,116.54,61506
96,240,2020-05-15 12:30:00,116.395,117.45,116.395,117.21,45694
97,239,2020-05-15 13:00:00,117.23,117.42,116.31,116.42,31027
98,238,2020-05-15 13:30:00,116.53,116.87,116.072,116.71,30680
99,237,2020-05-15 14:00:00,116.57,117.3,116.3,117.17,45754
100,236,2020-05-15 14:30:00,117.18,118.5,117.14,118.24,66090
101,235,2020-05-15 15:00:00,118.25,118.25,117.13,117.23,51983
102,234,2020-05-15 15:30:00,117.25,118.1,117.195,117.95,88066
103,233,2020-05-15 16:00:00,117.96,118.95,117.46,118.67,495600
104,232,2020-05-15 16:30:00,118.57,118.57,118.57,118.57,8868
105,231,2020-05-15 17:30:00,118.72,118.72,118.72,118.72,985
106,230,2020-05-15 18:30:00,118.56,118.56,118.56,118.56,500
107,229,2020-05-18 07:30:00,119.77,121.0,119.77,121.0,400
108,228,2020-05-18 08:00:00,121.9,121.9,121.9,121.9,200
109,227,2020-05-18 08:30:00,120.76,120.76,120.76,120.76,310
110,226,2020-05-18 09:00:00,124.02,124.02,124.02,124.02,152
111,225,2020-05-18 09:30:00,124.0,126.0,124.0,126.0,2900
112,224,2020-05-18 10:00:00,126.3,131.65,125.12,129.6099,498561
113,223,2020-05-18 10:30:00,129.5155,130.25,128.79,129.91,232167
114,222,2020-05-18 11:00:00,129.89,130.89,128.74,130.55,190111
115,221,2020-05-18 11:30:00,130.535,132.95,130.2818,132.86,198935
116,220,2020-05-18 12:00:00,132.89,133.01,131.64,132.04,210930
117,219,2020-05-18 12:30:00,131.93,131.98,129.93,130.16,89517
118,218,2020-05-18 13:00:00,130.16,130.35,129.11,129.92,63551
119,217,2020-05-18 13:30:00,129.975,130.49,129.71,130.48,85026
120,216,2020-05-18 14:00:00,130.44,130.535,129.08,129.11,52911
121,215,2020-05-18 14:30:00,129.18,129.3,127.0401,127.74,120319
122,214,2020-05-18 15:00:00,127.7,128.62,127.7,128.565,65148
123,213,2020-05-18 15:30:00,128.56,129.23,128.52100000000002,129.23,70279
124,212,2020-05-18 16:00:00,129.17,130.785,129.11,129.32,365858
125,211,2020-05-18 16:30:00,129.33,129.33,129.21,129.33,106732
126,210,2020-05-18 18:30:00,129.33,129.33,129.33,129.33,247
127,209,2020-05-19 08:30:00,128.75,128.75,128.75,128.75,100
128,208,2020-05-19 09:30:00,128.76,128.76,128.76,128.76,100
129,207,2020-05-19 10:00:00,128.01,129.46,126.3,127.96,139696
130,206,2020-05-19 10:30:00,127.96,128.96,126.95,127.4,92992
131,205,2020-05-19 11:00:00,127.61,127.92,126.11,127.5,53481
132,204,2020-05-19 11:30:00,127.43,128.52,127.04,128.06,72763
133,203,2020-05-19 12:00:00,127.93,128.6,127.84,128.44,88363
134,202,2020-05-19 12:30:00,128.51,129.09,128.39,128.7,59209
135,201,2020-05-19 13:00:00,128.71,128.88,128.4,128.54,30966
136,200,2020-05-19 13:30:00,128.59,128.94,127.96,128.11,53107
137,199,2020-05-19 14:00:00,127.96,128.44,127.75,127.835,34711
138,198,2020-05-19 14:30:00,127.7961,128.48,127.56,128.31,35270
139,197,2020-05-19 15:00:00,128.35,128.6,126.3914,126.7,97773
140,196,2020-05-19 15:30:00,126.62,128.32,126.58,127.54,62267
141,195,2020-05-19 16:00:00,127.46,127.555,124.6,124.64,237118
142,194,2020-05-19 16:30:00,124.75,124.75,124.59,124.59,25546
143,193,2020-05-20 08:30:00,126.02,126.02,126.02,126.02,1000
144,192,2020-05-20 09:30:00,128.72,128.72,128.72,128.72,102
145,191,2020-05-20 10:00:00,128.46,129.58,128.09,129.05,102267
146,190,2020-05-20 10:30:00,129.245,129.58,128.11,128.98,82853
147,189,2020-05-20 11:00:00,129.04,129.22,128.37,128.5,62724
148,188,2020-05-20 11:30:00,128.52,128.99,127.5,128.9582,66860
149,187,2020-05-20 12:00:00,128.94,129.2,127.73,127.99,113138
150,186,2020-05-20 12:30:00,128.04,128.3,127.385,128.3,54422
151,185,2020-05-20 13:00:00,128.35,128.49,127.85,128.215,40987
152,184,2020-05-20 13:30:00,128.27,128.2853,127.47,127.54,52861
153,183,2020-05-20 14:00:00,127.53,127.88,127.175,127.21,43979
154,182,2020-05-20 14:30:00,127.2354,127.34,126.05,126.87,98399
155,181,2020-05-20 15:00:00,126.86,128.74,126.73,128.46,97948
156,180,2020-05-20 15:30:00,128.46,128.7,128.07,128.7,100694
157,179,2020-05-20 16:00:00,128.7,128.75,127.375,128.02,204514
158,178,2020-05-20 16:30:00,128.02,128.02,128.02,128.02,33333
159,177,2020-05-21 10:00:00,128.42,129.87,128.12,129.22,45951
160,176,2020-05-21 10:30:00,129.58,129.89,128.93,129.22,66538
161,175,2020-05-21 11:00:00,129.12,129.12,127.56,127.93,35883
162,174,2020-05-21 11:30:00,127.84,127.84,126.2468,126.92,49017
163,173,2020-05-21 12:00:00,126.98,128.13,126.98,127.52,27565
164,172,2020-05-21 12:30:00,127.52,128.52,127.52,128.16,25540
165,171,2020-05-21 13:00:00,128.08,128.32,127.53,127.675,40772
166,170,2020-05-21 13:30:00,127.76,128.29,127.66,128.14,24869
167,169,2020-05-21 14:00:00,128.17,128.37,127.96,128.18,18068
168,168,2020-05-21 14:30:00,128.175,128.4,127.711,128.12,41004
169,167,2020-05-21 15:00:00,128.15,128.29,127.28,127.47,26967
170,166,2020-05-21 15:30:00,127.39,128.15,127.39,127.99,31453
171,165,2020-05-21 16:00:00,127.94,128.09,127.47,127.72,134469
172,164,2020-05-21 16:30:00,127.72,127.8,127.72,127.8,31631
173,163,2020-05-22 10:00:00,127.76,128.43,127.61,127.99,59889
174,162,2020-05-22 10:30:00,128.16,128.18,126.62,128.095,41914
175,161,2020-05-22 11:00:00,128.19,128.395,126.57,126.8,32722
176,160,2020-05-22 11:30:00,126.6601,127.81,126.6601,127.525,33641
177,159,2020-05-22 12:00:00,127.8,128.48,127.51,128.17,35979
178,158,2020-05-22 12:30:00,128.17,128.715,128.02,128.55,54219
179,157,2020-05-22 13:00:00,128.56,129.37,128.51,129.35,32661
180,156,2020-05-22 13:30:00,129.36,129.4,128.7601,129.15,31328
181,155,2020-05-22 14:00:00,129.24,130.165,128.92,130.16,44658
182,154,2020-05-22 14:30:00,130.23,131.2,130.06,131.04,118732
183,153,2020-05-22 15:00:00,131.08,131.61,130.8901,131.4,94364
184,152,2020-05-22 15:30:00,131.38,131.5912,130.45,130.65,77847
185,151,2020-05-22 16:00:00,130.72,131.02,130.06,130.56,195019
186,150,2020-05-22 16:30:00,130.56,130.56,130.56,130.56,7248
187,149,2020-05-26 08:00:00,135.01,135.01,133.05,133.05,2200
188,148,2020-05-26 09:30:00,134.0,134.0,133.9,134.0,2455
189,147,2020-05-26 10:00:00,135.5,138.0,135.25,137.0,295328
190,146,2020-05-26 10:30:00,136.81,138.5,136.06,138.5,130989
191,145,2020-05-26 11:00:00,138.5938,139.785,138.29,139.455,124521
192,144,2020-05-26 11:30:00,139.415,139.74,137.8781,138.26,134673
193,143,2020-05-26 12:00:00,138.25799999999998,138.36,137.76,138.28,55235
194,142,2020-05-26 12:30:00,138.28,138.91,137.89,138.82,44967
195,141,2020-05-26 13:00:00,138.85,140.4,138.85,139.88,93250
196,140,2020-05-26 13:30:00,139.86,140.1688,139.6183,139.9,44382
197,139,2020-05-26 14:00:00,139.86,139.99,139.08,139.29,39943
198,138,2020-05-26 14:30:00,139.19,140.1,139.019,139.91,51569
199,137,2020-05-26 15:00:00,139.86,140.26,139.43,140.09,53115
200,136,2020-05-26 15:30:00,140.14,140.14,139.36,139.685,100940
201,135,2020-05-26 16:00:00,139.68,139.7,136.94,137.18,363212
202,134,2020-05-26 16:30:00,137.17,137.17,137.17,137.17,39086
203,133,2020-05-27 07:30:00,139.55,139.55,139.55,139.55,100
204,132,2020-05-27 09:00:00,141.0,141.0,141.0,141.0,515
205,131,2020-05-27 09:30:00,141.0,141.05,141.0,141.05,352
206,130,2020-05-27 10:00:00,141.63,143.41,141.285,143.2,360809
207,129,2020-05-27 10:30:00,143.05,143.7,141.71,142.27,297438
208,128,2020-05-27 11:00:00,142.215,142.215,137.4,139.13,239135
209,127,2020-05-27 11:30:00,139.125,140.49,138.91,140.49,136973
210,126,2020-05-27 12:00:00,140.46,140.56,139.02,139.72,68720
211,125,2020-05-27 12:30:00,139.685,139.73,138.89,139.075,117350
212,124,2020-05-27 13:00:00,139.08,139.08,137.88,137.93,107445
213,123,2020-05-27 13:30:00,137.98,139.04,137.26,139.02,102988
214,122,2020-05-27 14:00:00,138.99,140.33,138.9789,140.27,55647
215,121,2020-05-27 14:30:00,140.22,140.97,140.22,140.482,53653
216,120,2020-05-27 15:00:00,140.5,140.59,140.12,140.48,76471
217,119,2020-05-27 15:30:00,140.42,140.99,140.37,140.81,83635
218,118,2020-05-27 16:00:00,140.79,141.11,140.15,140.49,373438
219,117,2020-05-27 16:30:00,140.48,140.48,140.48,140.48,6424
220,116,2020-05-28 08:30:00,141.01,141.01,141.0,141.0,951
221,115,2020-05-28 09:00:00,141.0,141.8899,140.7,141.8899,950
222,114,2020-05-28 09:30:00,141.89,141.89,141.89,141.89,1113
223,113,2020-05-28 10:00:00,142.11,142.11,136.7638,139.0,249308
224,112,2020-05-28 10:30:00,139.0,139.24,138.325,138.76,108418
225,111,2020-05-28 11:00:00,138.76,140.39,138.533,139.34,126391
226,110,2020-05-28 11:30:00,139.295,140.68,139.02,140.495,80732
227,109,2020-05-28 12:00:00,140.51,140.61,139.58,140.35,42865
228,108,2020-05-28 12:30:00,140.355,141.33,140.33,140.6993,48506
229,107,2020-05-28 13:00:00,140.64,140.89,140.0312,140.41,35516
230,106,2020-05-28 13:30:00,140.54,140.606,139.67,140.08,23412
231,105,2020-05-28 14:00:00,140.03,140.22,139.76,140.18,33051
232,104,2020-05-28 14:30:00,140.18,140.62,140.0,140.1009,33790
233,103,2020-05-28 15:00:00,140.14,140.3866,139.55,140.15,69879
234,102,2020-05-28 15:30:00,140.13,140.17,139.06,139.06,56734
235,101,2020-05-28 16:00:00,139.08,139.225,136.52,137.62,265230
236,100,2020-05-28 16:30:00,137.62,137.62,136.51,136.51,11157
237,99,2020-05-29 09:30:00,137.0,137.0,136.99,137.0,900
238,98,2020-05-29 10:00:00,135.37,137.18,134.39,136.64,174447
239,97,2020-05-29 10:30:00,136.57,137.49,135.09,135.95,145726
240,96,2020-05-29 11:00:00,136.16,136.43,134.96,135.91,75227
241,95,2020-05-29 11:30:00,136.09,136.41,135.51,135.76,64949
242,94,2020-05-29 12:00:00,135.73,137.03,135.6875,137.02,42764
243,93,2020-05-29 12:30:00,137.02,137.62,136.9311,137.62,45788
244,92,2020-05-29 13:00:00,137.64,138.3,137.17,138.215,65445
245,91,2020-05-29 13:30:00,138.13,139.39,138.13,139.135,58452
246,90,2020-05-29 14:00:00,139.12,139.26,138.42,139.025,52568
247,89,2020-05-29 14:30:00,139.025,140.0,138.445,139.89,71020
248,88,2020-05-29 15:00:00,139.9,140.72,137.94,140.67,71722
249,87,2020-05-29 15:30:00,140.9,141.3,139.685,139.73,87263
250,86,2020-05-29 16:00:00,139.76,139.89,138.27,138.91,252956
251,85,2020-05-29 16:30:00,138.89,138.89,138.89,138.89,47581
252,84,2020-06-01 08:30:00,139.5,139.51,139.5,139.5,2100
253,83,2020-06-01 09:30:00,138.89,138.89,138.89,138.89,240
254,82,2020-06-01 10:00:00,138.95,141.5541,137.3,140.505,83883
255,81,2020-06-01 10:30:00,140.51,141.51,140.2,140.59,83642
256,80,2020-06-01 11:00:00,140.74,141.91,140.42,140.71,46129
257,79,2020-06-01 11:30:00,140.73,141.41,139.67,140.83,44889
258,78,2020-06-01 12:00:00,140.79,140.95,140.14,140.24,27956
259,77,2020-06-01 12:30:00,139.95,140.679,139.93,140.47,33593
260,76,2020-06-01 13:00:00,140.55,140.87,140.315,140.86,31791
261,75,2020-06-01 13:30:00,140.83,140.99,140.63,140.66,31365
262,74,2020-06-01 14:00:00,140.635,141.75,140.63,141.29,56868
263,73,2020-06-01 14:30:00,141.27,141.29,140.29,140.3,30469
264,72,2020-06-01 15:00:00,140.3,140.46,139.765,140.4,51876
265,71,2020-06-01 15:30:00,140.41,140.48,139.58,140.48,47887
266,70,2020-06-01 16:00:00,140.44,140.75,139.88,140.0,107264
267,69,2020-06-01 16:30:00,139.96,139.96,139.96,139.96,22599
268,68,2020-06-01 19:30:00,139.95,139.95,139.95,139.95,100
269,67,2020-06-02 07:30:00,141.28,141.28,141.28,141.28,100
270,66,2020-06-02 10:00:00,142.0,142.99,141.15,142.51,98443
271,65,2020-06-02 10:30:00,142.67,143.39,141.94,143.39,173444
272,64,2020-06-02 11:00:00,143.5,143.52,142.02,142.13,66342
273,63,2020-06-02 11:30:00,142.1,143.1,141.55,142.89,55029
274,62,2020-06-02 12:00:00,142.84,143.64,142.71,142.88,34691
275,61,2020-06-02 12:30:00,142.88,143.74,142.28,143.69,89189
276,60,2020-06-02 13:00:00,143.645,144.28,143.2241,143.24,35268
277,59,2020-06-02 13:30:00,143.25,143.87,143.08,143.5479,42327
278,58,2020-06-02 14:00:00,143.6,144.06,143.55,143.71,39695
279,57,2020-06-02 14:30:00,143.61,144.17,143.5717,143.84,47785
280,56,2020-06-02 15:00:00,143.8,144.2,143.2,144.02,44058
281,55,2020-06-02 15:30:00,144.01,144.03,142.86,143.12,69000
282,54,2020-06-02 16:00:00,143.18,143.42,142.58,143.24,160592
283,53,2020-06-02 16:30:00,143.13,143.13,143.13,143.13,14449
284,52,2020-06-02 20:00:00,144.38,144.38,144.38,144.38,100
285,51,2020-06-03 07:30:00,144.4,144.4,144.4,144.4,228
286,50,2020-06-03 09:00:00,145.0,145.0,145.0,145.0,550
287,49,2020-06-03 09:30:00,145.0,145.8,145.0,145.35,1600
288,48,2020-06-03 10:00:00,145.35,146.88,145.3,146.265,122611
289,47,2020-06-03 10:30:00,146.14,148.78,146.02,148.58,82583
290,46,2020-06-03 11:00:00,148.68,149.03,148.49,148.87,91119
291,45,2020-06-03 11:30:00,148.8275,149.9,148.738,148.8,83131
292,44,2020-06-03 12:00:00,148.89,149.62,148.35,148.43,48955
293,43,2020-06-03 12:30:00,148.51,149.28,148.36,149.26,62063
294,42,2020-06-03 13:00:00,149.32,149.49,148.94,148.9779,44087
295,41,2020-06-03 13:30:00,149.18,149.53,149.03,149.35,45097
296,40,2020-06-03 14:00:00,149.39,149.41,148.92,149.14,44720
297,39,2020-06-03 14:30:00,149.19,149.99,149.15,149.83,54593
298,38,2020-06-03 15:00:00,149.88,150.03,149.63,149.81,104302
299,37,2020-06-03 15:30:00,149.805,150.0,149.6,149.98,73896
300,36,2020-06-03 16:00:00,149.95,150.87,149.58,149.75,215690
301,35,2020-06-03 16:30:00,149.79,149.79,149.79,149.79,20110
302,34,2020-06-03 20:00:00,150.5,150.5,149.8,149.8,583
303,33,2020-06-04 08:00:00,149.78,149.78,149.78,149.78,411
304,32,2020-06-04 08:30:00,149.78,149.78,149.7308,149.78,1238
305,31,2020-06-04 09:30:00,148.95,149.0,148.75,148.75,607
306,30,2020-06-04 10:00:00,148.94,149.66,147.0606,149.55,137718
307,29,2020-06-04 10:30:00,149.62,151.9,149.61,151.79,126857
308,28,2020-06-04 11:00:00,151.95,153.95,151.95,153.73,134371
309,27,2020-06-04 11:30:00,153.9,153.9,151.39,151.68,60155
310,26,2020-06-04 12:00:00,151.73,152.07,151.52,152.03,37531
311,25,2020-06-04 12:30:00,152.03,152.69,151.72,152.08,66027
312,24,2020-06-04 13:00:00,152.0,152.0,150.73,151.475,54669
313,23,2020-06-04 13:30:00,151.45,152.14,151.27,152.07,56283
314,22,2020-06-04 14:00:00,152.13,153.46,152.12,152.61,73502
315,21,2020-06-04 14:30:00,152.57,153.01,151.78,152.64,62914
316,20,2020-06-04 15:00:00,152.72,152.72,151.3,151.3,66058
317,19,2020-06-04 15:30:00,151.3,151.75,149.835,150.47,107998
318,18,2020-06-04 16:00:00,150.46,151.59,150.34,151.45,257533
319,17,2020-06-04 16:30:00,151.38,151.38,151.38,151.38,107800
320,16,2020-06-05 08:30:00,153.5,153.5,153.5,153.5,100
321,15,2020-06-05 09:00:00,153.95,154.51,153.95,154.51,849
322,14,2020-06-05 09:30:00,158.93,160.0,158.57,160.0,2924
323,13,2020-06-05 10:00:00,160.04,163.42,159.32,160.505,427510
324,12,2020-06-05 10:30:00,160.605,162.97,160.596,162.36,194767
325,11,2020-06-05 11:00:00,162.44,165.85,161.86,165.435,200994
326,10,2020-06-05 11:30:00,165.5,165.87,163.82,164.595,115681
327,9,2020-06-05 12:00:00,164.445,164.78,162.98,163.65,146186
328,8,2020-06-05 12:30:00,163.75,164.23,162.48,162.72,110075
329,7,2020-06-05 13:00:00,162.84,163.58,162.84,163.445,73035
330,6,2020-06-05 13:30:00,163.475,163.91,163.27,163.895,91638
331,5,2020-06-05 14:00:00,163.85,164.28,163.4701,163.975,153529
332,4,2020-06-05 14:30:00,164.0,164.07,162.165,162.63,504002
333,3,2020-06-05 15:00:00,162.63,163.14,161.51,161.87,191711
334,2,2020-06-05 15:30:00,161.8742,162.21,160.69,161.15,275117
335,1,2020-06-05 16:00:00,161.11,161.57,160.23,161.26,392065
336,0,2020-06-05 16:30:00,161.36,161.36,160.01,160.13,30803
337,347,2020-06-08 09:00:00,163.01,163.01,163.01,163.01,100
338,346,2020-06-08 10:00:00,162.66,165.8,162.06,164.425,233693
339,345,2020-06-08 10:30:00,164.44,165.26,163.47,163.7719,193106
340,344,2020-06-08 11:00:00,163.88,163.93,162.58,163.125,127380
341,343,2020-06-08 11:30:00,163.15,164.13,162.38,162.38,74470
342,342,2020-06-08 12:00:00,162.4,162.65,161.19,161.54,154868
343,341,2020-06-08 12:30:00,161.58,162.26,160.87,161.03,76068
344,340,2020-06-08 13:00:00,161.03,161.6942,160.89,160.982,58328
345,339,2020-06-08 13:30:00,160.995,161.135,160.0059,160.07,78420
346,338,2020-06-08 14:00:00,160.06,160.59,159.695,160.0,61510
347,337,2020-06-08 14:30:00,159.95,160.2,159.38,159.455,62116
348,336,2020-06-08 15:00:00,159.46,159.64,159.11,159.11,64230
349,335,2020-06-08 15:30:00,159.24,159.34,157.46,157.47,248097
350,334,2020-06-08 16:00:00,157.48,158.36,156.43,158.28,411046
351,333,2020-06-08 16:30:00,158.28,159.28,158.28,158.4,31939
352,332,2020-06-08 19:00:00,158.28,158.28,158.28,158.28,316
353,331,2020-06-08 20:00:00,159.28,159.28,159.28,159.28,100
354,330,2020-06-09 09:00:00,152.5175,152.57,152.5,152.5,2180
355,329,2020-06-09 09:30:00,154.8,154.8,154.8,154.8,302
356,328,2020-06-09 10:00:00,154.41,158.11,152.5,156.75,198468
357,327,2020-06-09 10:30:00,156.765,157.684,154.96,157.025,83901
358,326,2020-06-09 11:00:00,157.05,161.405,156.465,160.99,116425
359,325,2020-06-09 11:30:00,160.77,161.5999,160.11,160.91,144897
360,324,2020-06-09 12:00:00,160.85,160.98,160.13,160.29,80461
361,323,2020-06-09 12:30:00,160.28,160.29,158.77,159.35,103935
362,322,2020-06-09 13:00:00,159.53,159.89,159.14,159.53,49622
363,321,2020-06-09 13:30:00,159.51,160.29,159.25,160.23,57221
364,320,2020-06-09 14:00:00,160.17,160.435,159.71,159.79,46536
365,319,2020-06-09 14:30:00,159.81,160.03,158.92,159.285,48742
366,318,2020-06-09 15:00:00,159.32,159.99,158.92,159.64,56688
367,317,2020-06-09 15:30:00,159.69,159.98,158.93,159.94,88667
368,316,2020-06-09 16:00:00,159.94,159.97,158.11,158.25,264071
369,315,2020-06-09 16:30:00,158.25,160.3799,158.25,159.7,24765
370,314,2020-06-09 19:30:00,158.14,158.14,158.14,158.14,150
371,313,2020-06-10 10:00:00,158.22,158.91,155.21,156.38,194019
372,312,2020-06-10 10:30:00,156.6,156.77,153.98,154.945,128379
373,311,2020-06-10 11:00:00,155.134,155.75,153.6,153.95,84761
374,310,2020-06-10 11:30:00,153.86,155.09,153.705,154.58,75194
375,309,2020-06-10 12:00:00,154.65,156.81,154.305,156.725,75195
376,308,2020-06-10 12:30:00,156.725,157.275,156.38,156.75,57825
377,307,2020-06-10 13:00:00,156.745,156.89,155.55,155.98,50101
378,306,2020-06-10 13:30:00,155.88,156.16,155.47,155.47,43413
379,305,2020-06-10 14:00:00,155.545,156.55,155.45,156.28,47407
380,304,2020-06-10 14:30:00,156.56,158.21,155.99,157.95,112661
381,303,2020-06-10 15:00:00,157.95,157.95,155.26,156.25,104407
382,302,2020-06-10 15:30:00,156.24,156.89,154.84,156.835,157004
383,301,2020-06-10 16:00:00,156.835,156.89,155.21,155.59,291444
384,300,2020-06-10 16:30:00,155.6,155.6,155.6,155.6,16632
385,299,2020-06-10 17:00:00,155.5,155.5,155.01,155.01,402
386,298,2020-06-10 19:00:00,154.12,154.12,154.1,154.12,1077
387,297,2020-06-11 07:30:00,150.12,150.12,150.0,150.0,589
388,296,2020-06-11 08:30:00,148.7,148.7,147.5,147.5,397
389,295,2020-06-11 09:00:00,147.0,147.17,147.0,147.13,651
390,294,2020-06-11 09:30:00,147.53,147.53,143.85,143.85,3889
391,293,2020-06-11 10:00:00,144.14,147.895,142.29,146.77,268527
392,292,2020-06-11 10:30:00,146.81,148.0,145.54,145.715,200879
393,291,2020-06-11 11:00:00,145.8424,147.26,145.8424,146.0,94033
394,290,2020-06-11 11:30:00,146.055,146.4838,145.295,145.83,116908
395,289,2020-06-11 12:00:00,145.93,146.32,145.38,146.105,73668
396,288,2020-06-11 12:30:00,146.04,146.2,145.13,145.94,120615
397,287,2020-06-11 13:00:00,145.8599,146.76,145.17,145.36,110201
398,286,2020-06-11 13:30:00,145.34,146.235,145.14,145.445,74761
399,285,2020-06-11 14:00:00,145.39,145.57,144.56,145.08,109689
400,284,2020-06-11 14:30:00,145.005,145.09,143.89,144.6,138967
401,283,2020-06-11 15:00:00,144.6,144.61,142.55700000000002,143.13,161682
402,282,2020-06-11 15:30:00,143.13,143.96,142.02,142.45,179372
403,281,2020-06-11 16:00:00,142.32,143.61,141.79,142.15,265462
404,280,2020-06-11 16:30:00,142.05,142.5,142.05,142.05,19443
405,279,2020-06-12 08:30:00,150.0,150.0,146.05,146.05,660
406,278,2020-06-12 09:30:00,145.0,145.0,145.0,145.0,104
407,277,2020-06-12 10:00:00,149.25,149.441,146.32,146.45,178674
408,276,2020-06-12 10:30:00,146.66,147.58,145.0,145.0,57864
409,275,2020-06-12 11:00:00,144.69,145.075,141.44,141.53,54623
410,274,2020-06-12 11:30:00,141.59,142.74,139.365,140.93,113704
411,273,2020-06-12 12:00:00,141.02,143.37,140.72,143.37,65001
412,272,2020-06-12 12:30:00,143.3,144.15,142.645,143.27,47261
413,271,2020-06-12 13:00:00,143.07,143.27,142.19,143.12,32125
414,270,2020-06-12 13:30:00,143.18,143.48,142.18,143.14,69483
415,269,2020-06-12 14:00:00,143.49,143.49,140.0,140.0,39911
416,268,2020-06-12 14:30:00,140.04,141.88,139.815,140.75,71406
417,267,2020-06-12 15:00:00,140.605,141.75,139.9,140.55,81551
418,266,2020-06-12 15:30:00,140.555,141.91,140.23,140.74,107260
419,265,2020-06-12 16:00:00,140.85,143.65,140.61,143.44,231677
420,264,2020-06-12 16:30:00,143.49,143.49,143.49,143.49,9963
421,263,2020-06-15 08:30:00,135.505,135.505,135.505,135.505,125
422,262,2020-06-15 09:00:00,137.0,137.0,137.0,137.0,1000
423,261,2020-06-15 09:30:00,137.5,137.5,137.1,137.1,820
424,260,2020-06-15 10:00:00,136.85,139.7,136.51,138.74,139798
425,259,2020-06-15 10:30:00,138.43,141.02,138.18,140.05,53403
426,258,2020-06-15 11:00:00,140.23,141.79,139.31,141.49,45427
427,257,2020-06-15 11:30:00,141.395,142.52,140.53,140.79,47087
428,256,2020-06-15 12:00:00,140.78,141.17,140.09,140.7,43240
429,255,2020-06-15 12:30:00,140.5274,142.75,140.3877,142.705,57301
430,254,2020-06-15 13:00:00,142.71,143.89,142.5,143.89,41914
431,253,2020-06-15 13:30:00,143.94,145.325,143.685,144.44,47852
432,252,2020-06-15 14:00:00,144.4,144.94,143.7,143.98,46440
433,251,2020-06-15 14:30:00,143.99,147.4,143.99,146.495,71656
434,250,2020-06-15 15:00:00,146.6,146.99,145.87,146.805,88802
435,249,2020-06-15 15:30:00,146.845,147.8,146.595,146.65,136984
436,248,2020-06-15 16:00:00,146.635,147.12,145.8,147.1,202634
437,247,2020-06-15 16:30:00,147.04,147.04,147.04,147.04,19823
438,246,2020-06-15 17:30:00,147.0,147.0,147.0,147.0,100
439,245,2020-06-15 18:00:00,148.0,148.0,148.0,148.0,100
440,244,2020-06-15 20:00:00,147.9,149.0,147.9,149.0,798
441,243,2020-06-16 07:00:00,152.4,152.4,152.4,152.4,311
442,242,2020-06-16 07:30:00,152.4,154.46,152.4,154.46,1512
443,241,2020-06-16 08:00:00,154.46,154.94,154.46,154.94,3361
444,240,2020-06-16 08:30:00,154.9119,157.69,151.16,157.69,2766
445,239,2020-06-16 09:00:00,156.845,157.69,156.845,157.15,930
446,238,2020-06-16 09:30:00,157.15,157.8,155.8,157.8,3688
447,237,2020-06-16 10:00:00,157.5,160.75,157.21,159.055,535893
448,236,2020-06-16 10:30:00,159.055,161.0641,158.82,160.11,307771
449,235,2020-06-16 11:00:00,160.1,160.145,156.19,156.63,248299
450,234,2020-06-16 11:30:00,156.5,159.84,154.68,158.54,191421
451,233,2020-06-16 12:00:00,158.555,159.94,158.1,158.32,106576
452,232,2020-06-16 12:30:00,158.49,159.52,157.195,159.34,89936
453,231,2020-06-16 13:00:00,159.35,159.675,158.6,159.16,83175
454,230,2020-06-16 13:30:00,159.08,159.6294,158.77,159.205,70727
455,229,2020-06-16 14:00:00,159.13,159.53,158.92,159.275,104652
456,228,2020-06-16 14:30:00,159.35,160.6,159.05,160.23,120545
457,227,2020-06-16 15:00:00,160.37,160.45,159.66,160.2,80268
458,226,2020-06-16 15:30:00,160.13,160.13,157.87,159.14,166527
459,225,2020-06-16 16:00:00,159.14,159.91,157.57,158.29,372509
460,224,2020-06-16 16:30:00,158.29,158.29,158.29,158.29,5975
461,223,2020-06-16 17:00:00,158.37,158.37,158.37,158.37,124
462,222,2020-06-16 17:30:00,158.31,158.31,158.31,158.31,300
463,221,2020-06-16 18:00:00,158.31,158.31,158.31,158.31,348
464,220,2020-06-16 18:30:00,158.2,158.2,158.2,158.2,100
465,219,2020-06-16 19:30:00,158.0,158.0,158.0,158.0,500
466,218,2020-06-17 08:00:00,158.0,158.75,158.0,158.75,340
467,217,2020-06-17 09:00:00,160.0,162.0,160.0,161.98,376
468,216,2020-06-17 09:30:00,158.51,158.51,157.46,157.46,1028
469,215,2020-06-17 10:00:00,157.84,158.0,155.55,156.26,286380
470,214,2020-06-17 10:30:00,156.22,157.47,154.68,154.68,143584
471,213,2020-06-17 11:00:00,154.85,156.62,154.825,156.37,63036
472,212,2020-06-17 11:30:00,156.37,156.6,155.55,155.7,49181
473,211,2020-06-17 12:00:00,155.63,156.39,155.39,156.3,47782
474,210,2020-06-17 12:30:00,156.31,157.05,156.21,156.555,57498
475,209,2020-06-17 13:00:00,156.42,157.13,156.35,156.99,40306
476,208,2020-06-17 13:30:00,157.0,157.2,156.66,157.19,38583
477,207,2020-06-17 14:00:00,157.15,158.04,156.89,156.89,51076
478,206,2020-06-17 14:30:00,156.89,157.18,156.475,156.75,36967
479,205,2020-06-17 15:00:00,156.675,157.4,156.52,156.63,49816
480,204,2020-06-17 15:30:00,156.38,156.39,155.19,155.38,52738
481,203,2020-06-17 16:00:00,155.281,155.84,155.14,155.56,167410
482,202,2020-06-17 16:30:00,155.56,155.56,155.56,155.56,11694
483,201,2020-06-17 19:30:00,155.0,155.25,155.0,155.25,450
484,200,2020-06-17 20:00:00,154.5,154.5,154.5,154.5,244
485,199,2020-06-18 09:30:00,154.0,154.75,153.85,154.75,1190
486,198,2020-06-18 10:00:00,154.8,156.24,153.14,155.17,186521
487,197,2020-06-18 10:30:00,155.36,156.3,155.22,155.65,86334
488,196,2020-06-18 11:00:00,155.58,156.59,155.205,156.05,108584
489,195,2020-06-18 11:30:00,155.995,156.19,155.13,155.7,110485
490,194,2020-06-18 12:00:00,155.7,156.19,154.95,155.38,60628
491,193,2020-06-18 12:30:00,155.39,155.57,154.86,155.015,59915
492,192,2020-06-18 13:00:00,155.02,155.09,153.778,154.2504,46562
493,191,2020-06-18 13:30:00,154.265,154.265,153.55,153.76,51296
494,190,2020-06-18 14:00:00,153.82,154.32,153.37,153.455,42736
495,189,2020-06-18 14:30:00,153.5,153.7,152.91,153.685,74883
496,188,2020-06-18 15:00:00,153.73,153.99,153.26,153.37,68448
497,187,2020-06-18 15:30:00,153.37,153.54,152.76,153.23,92056
498,186,2020-06-18 16:00:00,153.28,154.0,152.96,153.81,206409
499,185,2020-06-18 16:30:00,153.81,153.81,153.81,153.81,5354
500,184,2020-06-19 08:30:00,157.4999,157.5,157.4999,157.5,900
501,183,2020-06-19 09:30:00,157.4986,157.4986,157.35,157.35,250
502,182,2020-06-19 10:00:00,157.6,158.47,156.66,156.66,219768
503,181,2020-06-19 10:30:00,156.72,157.945,156.71,157.6,75394
504,180,2020-06-19 11:00:00,157.55,158.09,156.71,157.42,88326
505,179,2020-06-19 11:30:00,157.51,157.87,155.92,156.2,46519
506,178,2020-06-19 12:00:00,156.07,156.21,155.28,155.76,54414
507,177,2020-06-19 12:30:00,155.72,155.79,152.4,153.065,91074
508,176,2020-06-19 13:00:00,153.18,154.18,152.93,154.18,84819
509,175,2020-06-19 13:30:00,154.03,154.9,153.35,154.8,78623
510,174,2020-06-19 14:00:00,154.68,155.03,153.6,153.6,54329
511,173,2020-06-19 14:30:00,153.6,154.2499,152.87,153.15,71768
512,172,2020-06-19 15:00:00,153.17,155.75,153.0,155.335,92337
513,171,2020-06-19 15:30:00,155.23,156.47,154.71,155.7955,101144
514,170,2020-06-19 16:00:00,155.83,156.325,154.66,155.48,252633
515,169,2020-06-19 16:30:00,155.51,155.5115,154.0,155.5115,66920
516,168,2020-06-19 18:30:00,154.7,154.7,154.7,154.7,100
517,167,2020-06-19 19:00:00,155.2,155.2,155.2,155.2,111
518,166,2020-06-22 09:30:00,154.71,154.71,154.41,154.41,305
519,165,2020-06-22 10:00:00,154.46,156.0,153.1769,155.54,109224
520,164,2020-06-22 10:30:00,155.07,156.295,154.56,156.24,43684
521,163,2020-06-22 11:00:00,156.31,156.55,154.21,154.21,44011
522,162,2020-06-22 11:30:00,154.24,154.43,152.85,153.05,48614
523,161,2020-06-22 12:00:00,153.14,153.55,152.74,153.2801,43121
524,160,2020-06-22 12:30:00,153.325,154.17,153.3,154.0,52613
525,159,2020-06-22 13:00:00,153.99,155.3,153.88,155.205,33289
526,158,2020-06-22 13:30:00,155.21,155.75,155.15,155.33,44384
527,157,2020-06-22 14:00:00,155.32,155.58,154.9398,155.545,26200
528,156,2020-06-22 14:30:00,155.46,156.39,154.98,156.0,80902
529,155,2020-06-22 15:00:00,156.04,157.075,155.95,157.04,44799
530,154,2020-06-22 15:30:00,157.08,157.18,156.61,156.91,145092
531,153,2020-06-22 16:00:00,156.97,157.53,156.91,157.11,263618
532,152,2020-06-22 16:30:00,157.11,157.11,156.88,157.0,94579
533,151,2020-06-22 17:00:00,157.11,157.11,157.11,157.11,100
534,150,2020-06-23 09:30:00,157.82,157.82,157.52,157.82,450
535,149,2020-06-23 10:00:00,158.02,158.68,156.16,156.17,172114
536,148,2020-06-23 10:30:00,156.06,156.43,155.3,156.195,58541
537,147,2020-06-23 11:00:00,156.24,156.28,155.14,155.225,53688
538,146,2020-06-23 11:30:00,155.13,156.07,154.78,155.5,75347
539,145,2020-06-23 12:00:00,155.56,155.56,154.7,155.045,60385
540,144,2020-06-23 12:30:00,155.08,155.78,154.97,155.69,57299
541,143,2020-06-23 13:00:00,155.69,155.91,155.34,155.58,25950
542,142,2020-06-23 13:30:00,155.48,156.4,155.44,156.23,42280
543,141,2020-06-23 14:00:00,156.16,156.385,155.745,156.26,38466
544,140,2020-06-23 14:30:00,156.15,156.15,155.39,155.87,38744
545,139,2020-06-23 15:00:00,155.82,156.09,155.15,155.45,64176
546,138,2020-06-23 15:30:00,155.39,155.79,154.98,155.44,65772
547,137,2020-06-23 16:00:00,155.43,155.67,153.97,153.98,218371
548,136,2020-06-23 16:30:00,153.98,153.98,153.98,153.98,39324
549,135,2020-06-23 19:00:00,153.7,153.7,153.7,153.7,100
550,134,2020-06-23 19:30:00,153.97,153.97,153.9499,153.9499,300
551,133,2020-06-24 08:30:00,152.91,152.91,152.91,152.91,100
552,132,2020-06-24 09:00:00,151.5,151.7,151.5,151.53,3100
553,131,2020-06-24 09:30:00,152.1,152.1,151.2,151.2,300
554,130,2020-06-24 10:00:00,152.26,152.28,148.88,149.0,220756
555,129,2020-06-24 10:30:00,149.08,149.32,147.53,148.4975,280926
556,128,2020-06-24 11:00:00,148.32,148.32,146.74,146.85,129196
557,127,2020-06-24 11:30:00,146.79,147.15,145.21,145.55,109397
558,126,2020-06-24 12:00:00,145.61,145.76,144.0,145.61,139888
559,125,2020-06-24 12:30:00,145.62,145.825,144.28,144.28,118933
560,124,2020-06-24 13:00:00,144.25,145.3,144.05,145.14,142556
561,123,2020-06-24 13:30:00,145.16,145.28,143.24,143.76,95783
562,122,2020-06-24 14:00:00,143.71,143.71,142.91,143.25,103969
563,121,2020-06-24 14:30:00,143.37,143.87,142.96,143.61,72377
564,120,2020-06-24 15:00:00,143.745,143.87,142.65,142.67,79175
565,119,2020-06-24 15:30:00,142.77,144.079,142.715,143.18,123477
566,118,2020-06-24 16:00:00,143.25,144.016,142.27,142.39,387160
567,117,2020-06-24 16:30:00,142.43,142.44,142.43,142.44,13435
568,116,2020-06-24 19:00:00,142.8,142.8,142.8,142.8,220
569,115,2020-06-24 19:30:00,142.7,142.7,142.44,142.44,1288
570,114,2020-06-24 20:00:00,142.44,142.44,142.44,142.44,100
571,113,2020-06-25 07:00:00,142.43,142.43,142.43,142.43,120
572,112,2020-06-25 07:30:00,142.0,142.0,142.0,142.0,274
573,111,2020-06-25 09:30:00,141.27,142.43,141.1,141.1,830
574,110,2020-06-25 10:00:00,141.28,143.0,139.1,142.84,161193
575,109,2020-06-25 10:30:00,142.93,144.6727,142.69,143.83,89345
576,108,2020-06-25 11:00:00,143.945,144.06,142.29,142.95,47875
577,107,2020-06-25 11:30:00,142.63,144.09,142.53,143.46,84743
578,106,2020-06-25 12:00:00,143.54,143.72,141.78,142.39,78770
579,105,2020-06-25 12:30:00,142.48,143.58,142.42,142.96,43925
580,104,2020-06-25 13:00:00,143.1,144.09,142.89,143.83,60167
581,103,2020-06-25 13:30:00,143.77,144.53,143.61,144.2,60298
582,102,2020-06-25 14:00:00,144.14,144.2,143.2536,143.375,44117
583,101,2020-06-25 14:30:00,143.41,143.94,143.1,143.5,53066
584,100,2020-06-25 15:00:00,143.49,143.5,142.96,143.18,39548
585,99,2020-06-25 15:30:00,143.165,144.98,143.115,144.64,123934
586,98,2020-06-25 16:00:00,144.675,144.675,143.43,144.4,342030
587,97,2020-06-25 16:30:00,144.34,144.34,144.34,144.34,10239
588,96,2020-06-25 17:00:00,144.34,144.34,144.34,144.34,261
589,95,2020-06-26 10:00:00,143.3,144.02,141.905,143.32,150854
590,94,2020-06-26 10:30:00,143.275,143.42,141.86,142.78,64042
591,93,2020-06-26 11:00:00,142.715,143.0,140.97,141.45,86320
592,92,2020-06-26 11:30:00,141.64,141.944,141.14,141.56,45069
593,91,2020-06-26 12:00:00,141.76,141.88,141.12,141.22,42716
594,90,2020-06-26 12:30:00,141.185,141.75,140.95,141.68,44261
595,89,2020-06-26 13:00:00,141.64,141.72,141.19,141.34,37325
596,88,2020-06-26 13:30:00,141.29,142.0,141.23,141.54,34898
597,87,2020-06-26 14:00:00,141.48,141.775,140.75,140.79,38191
598,86,2020-06-26 14:30:00,140.78,141.04,140.25,140.35,43673
599,85,2020-06-26 15:00:00,140.355,140.6,139.95,140.45,60571
600,84,2020-06-26 15:30:00,140.53,140.87,140.0,140.42,60581
601,83,2020-06-26 16:00:00,140.45,141.54,140.08,140.32,304277
602,82,2020-06-26 16:30:00,140.4,140.4,140.35,140.4,395998
603,81,2020-06-29 08:30:00,142.77,142.77,142.77,142.77,216
604,80,2020-06-29 09:30:00,142.76,143.02,142.76,143.02,300
605,79,2020-06-29 10:00:00,143.11,144.475,141.83,143.79,131226
606,78,2020-06-29 10:30:00,143.59,144.89,143.255,144.89,79947
607,77,2020-06-29 11:00:00,144.88,146.4185,144.62,145.61,77795
608,76,2020-06-29 11:30:00,145.68,146.2,145.08,146.14,48857
609,75,2020-06-29 12:00:00,146.145,146.57,145.86,146.55,57016
610,74,2020-06-29 12:30:00,146.59,147.5,146.41,147.31,84595
611,73,2020-06-29 13:00:00,147.325,147.95,147.31,147.485,42888
612,72,2020-06-29 13:30:00,147.54,148.2899,147.1325,148.255,43798
613,71,2020-06-29 14:00:00,148.3,148.36,147.28,147.31,56646
614,70,2020-06-29 14:30:00,147.2,147.26,145.89,145.92,83406
615,69,2020-06-29 15:00:00,145.96,147.0,145.95,146.5,74773
616,68,2020-06-29 15:30:00,146.515,147.04,146.11,147.0,93359
617,67,2020-06-29 16:00:00,146.98,147.83,146.66,147.82,200538
618,66,2020-06-29 16:30:00,147.72,147.72,147.72,147.72,9009
619,65,2020-06-29 17:00:00,147.72,147.72,147.72,147.72,829
620,64,2020-06-30 08:30:00,148.0,148.0,148.0,148.0,325
621,63,2020-06-30 10:00:00,147.07,148.81,146.32,147.09,116069
622,62,2020-06-30 10:30:00,147.13,147.5,146.54,147.0,34677
623,61,2020-06-30 11:00:00,147.02,149.12,146.79,149.12,31639
624,60,2020-06-30 11:30:00,149.15,149.6,148.51,149.07,37385
625,59,2020-06-30 12:00:00,149.03,149.03,147.925,148.255,38318
626,58,2020-06-30 12:30:00,148.235,148.87,148.09,148.35,33906
627,57,2020-06-30 13:00:00,148.32,148.46,147.03,147.17,46529
628,56,2020-06-30 13:30:00,147.06,147.64,147.01,147.64,29187
629,55,2020-06-30 14:00:00,147.61,147.76,147.09,147.66,26976
630,54,2020-06-30 14:30:00,147.75,148.25,147.53,148.19,40204
631,53,2020-06-30 15:00:00,148.23,148.34,147.91,148.0,36324
632,52,2020-06-30 15:30:00,148.13,148.59,147.35,148.53,55350
633,51,2020-06-30 16:00:00,148.48,149.72,148.43,149.02,208582
634,50,2020-06-30 16:30:00,149.04,149.04,149.04,149.04,22120
635,49,2020-07-01 08:30:00,147.99,148.0,147.99,148.0,200
636,48,2020-07-01 09:30:00,151.0,151.0,147.81,148.0,750
637,47,2020-07-01 10:00:00,150.0,151.67,148.6,149.23,107936
638,46,2020-07-01 10:30:00,149.52,150.73,148.79,148.81,128635
639,45,2020-07-01 11:00:00,149.1,149.4,147.71,148.28,82945
640,44,2020-07-01 11:30:00,148.4,148.4,146.21,146.58,67545
641,43,2020-07-01 12:00:00,146.5,147.76,146.44,147.38,40149
642,42,2020-07-01 12:30:00,147.44,148.68,147.3259,148.38,40047
643,41,2020-07-01 13:00:00,148.27,148.52,147.705,147.74,51019
644,40,2020-07-01 13:30:00,147.68,147.71,146.41,146.69,24310
645,39,2020-07-01 14:00:00,146.64,146.76,145.93,146.29,29381
646,38,2020-07-01 14:30:00,146.35,146.655,146.02,146.33,32564
647,37,2020-07-01 15:00:00,146.35,146.3854,145.4,146.12,38488
648,36,2020-07-01 15:30:00,146.03,146.3,145.7,146.11,46131
649,35,2020-07-01 16:00:00,146.12,146.805,145.57,145.8,155233
650,34,2020-07-01 16:30:00,145.8,145.8,145.8,145.8,11377
651,33,2020-07-01 18:00:00,147.25,147.25,147.25,147.25,200
652,32,2020-07-01 18:30:00,147.98,147.98,147.98,147.98,200
653,31,2020-07-01 20:00:00,146.0,146.0,146.0,146.0,517
654,30,2020-07-02 09:30:00,149.34,149.6,149.34,149.6,200
655,29,2020-07-02 10:00:00,149.31,152.6497,148.96,152.63,178007
656,28,2020-07-02 10:30:00,152.66,152.88,150.4601,150.8868,119663
657,27,2020-07-02 11:00:00,150.81,151.82,147.95,148.08,87001
658,26,2020-07-02 11:30:00,148.16,148.61,147.08,148.56,82593
659,25,2020-07-02 12:00:00,148.74,149.645,148.73,148.94,42703
660,24,2020-07-02 12:30:00,149.08,149.23,148.499,149.14,42467
661,23,2020-07-02 13:00:00,149.14,149.27,148.6,149.06,28300
662,22,2020-07-02 13:30:00,149.07,149.21,148.55,148.55,21232
663,21,2020-07-02 14:00:00,148.66,149.12,148.3,148.7561,26777
664,20,2020-07-02 14:30:00,148.765,149.09,148.65,149.01,34898
665,19,2020-07-02 15:00:00,148.95,149.49,148.92,149.15,35188
666,18,2020-07-02 15:30:00,149.15,149.2326,148.09,148.36,48027
667,17,2020-07-02 16:00:00,148.28,148.5547,147.76,147.98,172753
668,16,2020-07-02 16:30:00,147.91,147.91,147.91,147.91,19243
669,15,2020-07-06 08:00:00,151.96,151.96,151.96,151.96,100
670,14,2020-07-06 09:30:00,151.61,151.61,150.94,150.94,1309
671,13,2020-07-06 10:00:00,150.84,152.14,150.07,151.9,103016
672,12,2020-07-06 10:30:00,151.95,152.25,150.29,150.93,101124
673,11,2020-07-06 11:00:00,150.71,151.87,150.675,151.57,39386
674,10,2020-07-06 11:30:00,151.5825,152.1,151.17,151.19,64137
675,9,2020-07-06 12:00:00,151.145,151.875,151.05,151.1,37991
676,8,2020-07-06 12:30:00,151.0,151.32,150.68,151.21,33817
677,7,2020-07-06 13:00:00,151.2,151.47,151.185,151.41,18742
678,6,2020-07-06 13:30:00,151.41,151.48,150.88,151.1271,17986
679,5,2020-07-06 14:00:00,151.18,151.52,150.89,151.465,22917
680,4,2020-07-06 14:30:00,151.475,151.475,150.01,150.205,47651
681,3,2020-07-06 15:00:00,150.125,150.3,149.5,150.29,61305
682,2,2020-07-06 15:30:00,150.16,150.74,149.91,150.415,37293
683,1,2020-07-06 16:00:00,150.415,151.09,150.0,150.84,134893
684,0,2020-07-06 16:30:00,150.74,150.74,150.74,150.74,3949
