,index,time,open,high,low,close,volume
0,347,2018-11-15 10:00:00,118.97,118.97,116.36,117.36,146207
1,346,2018-11-15 10:30:00,117.18,117.5,116.02,116.5,156529
2,345,2018-11-15 11:00:00,116.33,116.33,114.7,115.19,256138
3,344,2018-11-15 11:30:00,115.21,117.87,114.985,117.2,146829
4,343,2018-11-15 12:00:00,117.3,118.14,117.07,117.34,150903
5,342,2018-11-15 12:30:00,117.4,117.64,116.8,117.1,99638
6,341,2018-11-15 13:00:00,117.0787,117.1,116.19,116.2706,79830
7,340,2018-11-15 13:30:00,116.36,118.91,115.92,118.7852,136475
8,339,2018-11-15 14:00:00,118.89,119.54,118.09,119.1,134824
9,338,2018-11-15 14:30:00,119.15,119.47,118.8799,119.39,113873
10,337,2018-11-15 15:00:00,119.34,119.865,118.47,118.725,150665
11,336,2018-11-15 15:30:00,118.59,118.78,117.145,117.64,186861
12,335,2018-11-15 16:00:00,117.62,118.62,117.62,118.5,272281
13,334,2018-11-15 16:30:00,118.5,118.5,118.5,118.5,34160
14,333,2018-11-16 09:30:00,117.41,117.5,116.21,117.5,2647
15,332,2018-11-16 10:00:00,117.5,118.06,115.7,116.75,182150
16,331,2018-11-16 10:30:00,116.77,116.99,114.92,116.3077,229784
17,330,2018-11-16 11:00:00,116.21,117.32,115.97,116.0,127734
18,329,2018-11-16 11:30:00,116.13,116.32,115.61,115.94,107223
19,328,2018-11-16 12:00:00,115.96,116.18,115.0,115.04,137158
20,327,2018-11-16 12:30:00,115.09,115.4147,114.67,114.96,150297
21,326,2018-11-16 13:00:00,115.0,116.71,115.0,115.98,172627
22,325,2018-11-16 13:30:00,115.9268,116.12,114.45,114.48,158350
23,324,2018-11-16 14:00:00,114.56,114.81,114.19,114.5,167156
24,323,2018-11-16 14:30:00,114.51,115.35,114.51,115.18,131877
25,322,2018-11-16 15:00:00,115.07,115.62,115.06,115.24,122923
26,321,2018-11-16 15:30:00,115.28,115.83,115.24,115.36,128584
27,320,2018-11-16 16:00:00,115.33,115.45,114.75,114.97,373049
28,319,2018-11-16 16:30:00,114.97,114.99,114.97,114.99,19767
29,318,2018-11-16 19:00:00,114.95,114.95,114.95,114.95,180
30,317,2018-11-19 10:00:00,114.3,116.16,114.2,115.66,94377
31,316,2018-11-19 10:30:00,115.51,115.54,113.24,113.33,128597
32,315,2018-11-19 11:00:00,113.46,115.96,113.13,115.8773,146649
33,314,2018-11-19 11:30:00,115.83,116.2805,114.845,115.7153,99436
34,313,2018-11-19 12:00:00,115.66,115.66,114.13,114.56,97528
35,312,2018-11-19 12:30:00,114.435,114.69,113.66,113.97,126265
36,311,2018-11-19 13:00:00,113.925,114.96,113.67,114.29,71296
37,310,2018-11-19 13:30:00,114.305,114.305,113.19,113.51,75518
38,309,2018-11-19 14:00:00,113.5,113.9,112.85,112.92,87522
39,308,2018-11-19 14:30:00,112.87,113.28,112.49,113.0328,121558
40,307,2018-11-19 15:00:00,112.97,112.97,112.26,112.53,164510
41,306,2018-11-19 15:30:00,112.56,113.2,112.195,112.75,222197
42,305,2018-11-19 16:00:00,112.77,112.88,112.25,112.56,390389
43,304,2018-11-19 16:30:00,112.54,112.5799,112.54,112.5799,45983
44,303,2018-11-19 18:30:00,112.54,112.54,112.54,112.54,1302
45,302,2018-11-19 20:00:00,112.01,112.01,112.01,112.01,150
46,301,2018-11-20 07:30:00,111.33,111.33,111.33,111.33,100
47,300,2018-11-20 08:00:00,111.2,111.2,111.2,111.2,100
48,299,2018-11-20 09:00:00,110.0,110.0,110.0,110.0,650
49,298,2018-11-20 09:30:00,109.75,109.85,109.33,109.33,2221
50,297,2018-11-20 10:00:00,109.32,109.32,107.25,107.78,297678
51,296,2018-11-20 10:30:00,107.83,109.5,107.52,109.49,265386
52,295,2018-11-20 11:00:00,109.53,111.97,109.01,111.97,172222
53,294,2018-11-20 11:30:00,111.93,112.47,109.71,109.935,188071
54,293,2018-11-20 12:00:00,110.06,111.68,109.34,111.0,126228
55,292,2018-11-20 12:30:00,111.05,111.37,109.8406,110.44,79366
56,291,2018-11-20 13:00:00,110.4,110.54,109.39,109.6012,46060
57,290,2018-11-20 13:30:00,109.56,109.9,108.91,109.4204,71844
58,289,2018-11-20 14:00:00,109.34,110.4,109.31,109.58,87003
59,288,2018-11-20 14:30:00,109.49,110.52,109.22,110.0309,115540
60,287,2018-11-20 15:00:00,110.0,110.79,109.56,109.87,117613
61,286,2018-11-20 15:30:00,109.8785,110.33,109.09,109.98,140060
62,285,2018-11-20 16:00:00,109.98,110.39,109.73,109.83,310850
63,284,2018-11-20 16:30:00,109.78,109.85,109.4,109.4,171605
64,283,2018-11-20 18:00:00,109.4,109.4,109.4,109.4,105
65,282,2018-11-21 09:30:00,111.5,111.88,111.5,111.85,869
66,281,2018-11-21 10:00:00,111.65,114.19,111.4624,113.665,157745
67,280,2018-11-21 10:30:00,113.78,115.33,113.78,114.76,200818
68,279,2018-11-21 11:00:00,114.76,115.2046,113.54,114.06,127898
69,278,2018-11-21 11:30:00,114.0,114.3363,113.6,113.86,106643
70,277,2018-11-21 12:00:00,113.9047,115.08,113.75,114.61,106156
71,276,2018-11-21 12:30:00,114.62,115.0,114.505,114.805,91367
72,275,2018-11-21 13:00:00,114.77,114.8,114.13,114.27,59249
73,274,2018-11-21 13:30:00,114.275,114.32,113.43,113.76,81671
74,273,2018-11-21 14:00:00,113.8,114.17,113.75,113.88,43975
75,272,2018-11-21 14:30:00,113.935,113.95,113.41,113.68,68492
76,271,2018-11-21 15:00:00,113.69,113.75,113.14,113.24,64430
77,270,2018-11-21 15:30:00,113.24,113.76,113.07,113.55,118110
78,269,2018-11-21 16:00:00,113.49,113.54,112.97,113.0,270919
79,268,2018-11-21 16:30:00,113.0,113.0,113.0,113.0,10233
80,267,2018-11-21 18:00:00,113.29,113.29,113.29,113.29,100
81,266,2018-11-23 08:30:00,111.71,111.71,111.5,111.5,1350
82,265,2018-11-23 09:00:00,110.5,110.5,110.5,110.5,135
83,264,2018-11-23 09:30:00,110.63,111.01,110.55,110.78,2010
84,263,2018-11-23 10:00:00,110.54,111.62,109.91,111.15,95881
85,262,2018-11-23 10:30:00,111.1,111.9601,110.95,111.11,63316
86,261,2018-11-23 11:00:00,111.0268,111.94,110.7,110.81,56851
87,260,2018-11-23 11:30:00,110.88,111.57,110.79,111.19,54835
88,259,2018-11-23 12:00:00,111.19,111.42,110.23,110.75,75870
89,258,2018-11-23 12:30:00,110.67,110.78,109.93,110.64299999999999,64939
90,257,2018-11-23 13:00:00,110.62,111.02,109.79,109.88,173689
91,256,2018-11-23 13:30:00,109.88,109.88,109.88,109.88,108241
92,255,2018-11-26 08:30:00,112.5,112.5,111.5,111.65,2450
93,254,2018-11-26 09:00:00,111.5,111.65,111.5,111.65,831
94,253,2018-11-26 09:30:00,111.7,111.7,111.5,111.5,1469
95,252,2018-11-26 10:00:00,111.3,114.4903,111.3,113.42,131158
96,251,2018-11-26 10:30:00,113.32,115.0,113.28,114.885,122010
97,250,2018-11-26 11:00:00,115.0,115.69,114.3,115.539,123543
98,249,2018-11-26 11:30:00,115.5132,115.735,114.91,114.97,78223
99,248,2018-11-26 12:00:00,114.91,114.99,113.88,114.19,72216
100,247,2018-11-26 12:30:00,114.21,114.65,113.74,113.74,60268
101,246,2018-11-26 13:00:00,113.74,113.8656,112.835,113.85,69619
102,245,2018-11-26 13:30:00,113.81,114.24,113.5295,114.0982,48836
103,244,2018-11-26 14:00:00,114.06,114.51,113.995,114.51,39213
104,243,2018-11-26 14:30:00,114.48,115.16,114.24,115.035,56652
105,242,2018-11-26 15:00:00,115.06,115.56,115.0216,115.17,85297
106,241,2018-11-26 15:30:00,115.24,115.28,114.94,115.15,86688
107,240,2018-11-26 16:00:00,115.08,115.5,115.08,115.35,247172
108,239,2018-11-26 16:30:00,115.32,115.79,114.6,114.6,7578
109,238,2018-11-26 17:00:00,115.7999,115.8,115.7999,115.8,544
110,237,2018-11-27 04:30:00,115.15,115.15,115.15,115.15,800
111,236,2018-11-27 10:00:00,113.88,115.025,113.36,113.77,87044
112,235,2018-11-27 10:30:00,113.85,114.6,113.32,113.495,101702
113,234,2018-11-27 11:00:00,113.47,113.49,112.64,113.2273,103359
114,233,2018-11-27 11:30:00,113.16,113.55,111.63,112.2,192255
115,232,2018-11-27 12:00:00,112.11,113.155,112.06,112.44,81725
116,231,2018-11-27 12:30:00,112.56,113.065,112.0,112.11,75903
117,230,2018-11-27 13:00:00,112.125,112.15,111.4034,111.9815,98857
118,229,2018-11-27 13:30:00,111.98,112.33,111.45,112.2172,79925
119,228,2018-11-27 14:00:00,112.31,112.705,112.09,112.66,66717
120,227,2018-11-27 14:30:00,112.66,113.19,112.55,112.68,95969
121,226,2018-11-27 15:00:00,112.73,112.84,112.11,112.177,101724
122,225,2018-11-27 15:30:00,112.155,112.28,111.68,112.13,124828
123,224,2018-11-27 16:00:00,112.15,112.645,112.06,112.55,281743
124,223,2018-11-27 16:30:00,112.54,112.54,112.54,112.54,51625
125,222,2018-11-28 09:00:00,114.48,114.48,114.48,114.48,300
126,221,2018-11-28 09:30:00,114.42,114.42,114.42,114.42,2000
127,220,2018-11-28 10:00:00,113.32,115.5,112.6,112.91,131701
128,219,2018-11-28 10:30:00,113.0434,113.17,110.63,110.7,105822
129,218,2018-11-28 11:00:00,110.59,111.48,110.38,111.1,94797
130,217,2018-11-28 11:30:00,111.0,112.68,110.96,112.66,81875
131,216,2018-11-28 12:00:00,112.73,113.44,112.47,112.72,78142
132,215,2018-11-28 12:30:00,112.665,114.7,112.59,114.57,117822
133,214,2018-11-28 13:00:00,114.64,116.88,114.55,116.55,169760
134,213,2018-11-28 13:30:00,116.58,117.18,115.45,116.9,121383
135,212,2018-11-28 14:00:00,116.89,117.26,116.61,117.0684,100177
136,211,2018-11-28 14:30:00,117.065,117.39,116.85,116.96,66007
137,210,2018-11-28 15:00:00,116.97,117.16,116.1,116.23,80524
138,209,2018-11-28 15:30:00,116.24,117.07,116.03,117.0,100513
139,208,2018-11-28 16:00:00,116.96,117.475,116.92,117.25,252024
140,207,2018-11-28 16:30:00,117.25,117.25,117.25,117.25,55399
141,206,2018-11-28 18:00:00,116.9,116.9,116.9,116.9,100
142,205,2018-11-29 10:00:00,116.24,116.92,115.69,116.52,70700
143,204,2018-11-29 10:30:00,116.58,116.58,115.3325,115.8025,49427
144,203,2018-11-29 11:00:00,115.822,116.755,115.0,115.625,76404
145,202,2018-11-29 11:30:00,115.58,116.67,115.425,116.52,77156
146,201,2018-11-29 12:00:00,116.62,116.73,115.32,115.69,85568
147,200,2018-11-29 12:30:00,115.6787,116.17,115.36,115.84,103970
148,199,2018-11-29 13:00:00,115.85,116.45,115.69,116.0,87434
149,198,2018-11-29 13:30:00,115.94,115.98,115.3,115.5652,59363
150,197,2018-11-29 14:00:00,115.63,116.17,115.34,115.89,42229
151,196,2018-11-29 14:30:00,115.74,116.37,115.54,116.25,42970
152,195,2018-11-29 15:00:00,116.2898,117.2983,116.23,117.08,51245
153,194,2018-11-29 15:30:00,117.09,117.1,116.52,116.73,44308
154,193,2018-11-29 16:00:00,116.64,116.74,115.855,115.93,215704
155,192,2018-11-29 16:30:00,115.92,115.92,115.92,115.92,26174
156,191,2018-11-30 09:30:00,115.75,115.75,115.75,115.75,100
157,190,2018-11-30 10:00:00,115.33,116.719,114.76,116.719,82817
158,189,2018-11-30 10:30:00,116.71,117.56,116.27,116.45,60630
159,188,2018-11-30 11:00:00,116.4201,117.88,116.16,116.27,93039
160,187,2018-11-30 11:30:00,116.19,116.97,115.53,116.12,71618
161,186,2018-11-30 12:00:00,115.93,116.32,115.6108,116.12,52699
162,185,2018-11-30 12:30:00,116.07,116.4,115.65,115.655,48488
163,184,2018-11-30 13:00:00,115.67,115.7057,115.31,115.65,31762
164,183,2018-11-30 13:30:00,115.57,115.63,115.18,115.49,46419
165,182,2018-11-30 14:00:00,115.56,116.61,115.43,116.495,52140
166,181,2018-11-30 14:30:00,116.46,116.69,116.34,116.6,44078
167,180,2018-11-30 15:00:00,116.5919,116.67,116.14,116.2,79243
168,179,2018-11-30 15:30:00,116.24,117.11,116.1,116.96,83870
169,178,2018-11-30 16:00:00,116.95,117.3299,116.84,117.16,297003
170,177,2018-11-30 16:30:00,117.13,117.13,117.13,117.13,123311
171,176,2018-11-30 18:30:00,117.0,117.0,117.0,117.0,144
172,175,2018-12-03 07:30:00,119.99,120.5,119.99,120.5,356
173,174,2018-12-03 08:30:00,120.6,121.99,120.0,121.99,469
174,173,2018-12-03 09:30:00,121.69,121.77,121.69,121.77,325
175,172,2018-12-03 10:00:00,121.5,124.23,120.501,120.93,279723
176,171,2018-12-03 10:30:00,120.94,121.75,119.5,120.43,191605
177,170,2018-12-03 11:00:00,120.44,121.0,119.67,119.68,124412
178,169,2018-12-03 11:30:00,119.77,119.77,118.82,119.64,86237
179,168,2018-12-03 12:00:00,119.57,119.89,118.0,118.02,85851
180,167,2018-12-03 12:30:00,118.15,119.5965,118.0,119.4712,65594
181,166,2018-12-03 13:00:00,119.49,119.75,118.865,119.02,73390
182,165,2018-12-03 13:30:00,119.08,119.43,119.05,119.29,49689
183,164,2018-12-03 14:00:00,119.22,119.22,118.29,118.6,57050
184,163,2018-12-03 14:30:00,118.63,119.24,118.0,119.18,66787
185,162,2018-12-03 15:00:00,119.22,119.51,118.865,119.48,65432
186,161,2018-12-03 15:30:00,119.38,120.04,118.84,120.04,96215
187,160,2018-12-03 16:00:00,120.04,120.31,119.21,119.28,229315
188,159,2018-12-03 16:30:00,119.26,120.69,119.1,119.1,27505
189,158,2018-12-03 17:30:00,120.7,120.7,120.7,120.7,250
190,157,2018-12-04 10:00:00,118.21,118.95,112.79,113.49,255669
191,156,2018-12-04 10:30:00,113.4467,113.64,111.42,112.5088,273955
192,155,2018-12-04 11:00:00,112.515,112.92,111.9,111.96,205658
193,154,2018-12-04 11:30:00,111.9078,111.9102,110.35,110.53,199062
194,153,2018-12-04 12:00:00,110.51,110.57,109.235,109.7049,282759
195,152,2018-12-04 12:30:00,109.695,109.7,107.88,108.1184,230982
196,151,2018-12-04 13:00:00,108.08,108.41,107.27,107.4205,185928
197,150,2018-12-04 13:30:00,107.46,107.46,106.38,106.5,200609
198,149,2018-12-04 14:00:00,106.525,108.22,105.95,108.06,210657
199,148,2018-12-04 14:30:00,108.06,109.07,107.47,107.47,195259
200,147,2018-12-04 15:00:00,107.51,108.54,107.465,107.83,143126
201,146,2018-12-04 15:30:00,107.81,107.81,106.32,106.36,211235
202,145,2018-12-04 16:00:00,106.32,106.66,106.0,106.32,495900
203,144,2018-12-04 16:30:00,106.31,106.32,106.29,106.29,510
204,143,2018-12-04 17:00:00,106.3,106.3,106.29,106.29,425
205,142,2018-12-04 17:30:00,106.1674,106.1674,106.1674,106.1674,100
206,141,2018-12-04 18:00:00,106.5,106.5,106.5,106.5,500
207,140,2018-12-04 19:30:00,106.5,106.5,106.5,106.5,137
208,139,2018-12-04 20:00:00,107.42,107.42,107.0,107.0,600
209,138,2018-12-06 07:30:00,106.5,106.5,104.89,105.0,1701
210,137,2018-12-06 08:00:00,104.0,104.0,104.0,104.0,100
211,136,2018-12-06 08:30:00,104.9999,104.9999,103.7299,104.0,6670
212,135,2018-12-06 09:00:00,103.76,103.76,103.76,103.76,100
213,134,2018-12-06 09:30:00,103.77,104.0,103.5,103.5,1160
214,133,2018-12-06 10:00:00,103.44,104.77600000000001,102.09,104.0,269346
215,132,2018-12-06 10:30:00,104.025,106.65,103.95,105.89,147078
216,131,2018-12-06 11:00:00,105.92,105.93,103.9,104.135,144541
217,130,2018-12-06 11:30:00,104.22,104.36,102.25,102.475,169441
218,129,2018-12-06 12:00:00,102.465,104.44,102.4,104.1701,142785
219,128,2018-12-06 12:30:00,104.17,104.74,103.35,104.74,104698
220,127,2018-12-06 13:00:00,104.71,105.02,104.05,104.65,185701
221,126,2018-12-06 13:30:00,104.68,104.69,103.98,104.12,95721
222,125,2018-12-06 14:00:00,104.1379,105.0401,103.69,105.03,111041
223,124,2018-12-06 14:30:00,105.005,105.3,103.55,104.07,134285
224,123,2018-12-06 15:00:00,104.07,104.52,103.23,104.3,128623
225,122,2018-12-06 15:30:00,104.31,104.8299,103.88,104.41,166317
226,121,2018-12-06 16:00:00,104.38,105.18,104.35,104.81,479871
227,120,2018-12-06 16:30:00,104.83,104.83,104.83,104.83,319
228,119,2018-12-06 18:30:00,104.83,104.83,104.83,104.83,100
229,118,2018-12-07 08:30:00,105.33,105.33,105.33,105.33,140
230,117,2018-12-07 09:00:00,105.35,106.88,105.35,106.88,2322
231,116,2018-12-07 09:30:00,106.7,106.74,106.0,106.55,1812
232,115,2018-12-07 10:00:00,106.09,107.99,105.88,106.49,245343
233,114,2018-12-07 10:30:00,106.45,107.51,104.8,105.38,169891
234,113,2018-12-07 11:00:00,105.4123,106.39,104.86,106.11,90436
235,112,2018-12-07 11:30:00,106.24,106.45,104.51,105.17,211607
236,111,2018-12-07 12:00:00,105.07,105.6715,104.51,104.66,145058
237,110,2018-12-07 12:30:00,104.63,105.36,104.53,105.11,307849
238,109,2018-12-07 13:00:00,104.98,106.47,104.9,106.27,126089
239,108,2018-12-07 13:30:00,106.23,106.52,105.0501,105.57,66483
240,107,2018-12-07 14:00:00,105.51,105.56,104.79,104.91,134513
241,106,2018-12-07 14:30:00,104.92,105.87,104.72,105.2,230768
242,105,2018-12-07 15:00:00,105.22,105.34,103.78,103.99,267319
243,104,2018-12-07 15:30:00,103.95,104.1,103.22,103.7,127618
244,103,2018-12-07 16:00:00,103.73,104.54,103.54,103.94,323779
245,102,2018-12-07 16:30:00,103.94,103.94,103.94,103.94,11974
246,101,2018-12-07 17:00:00,103.9,103.9,103.9,103.9,100
247,100,2018-12-07 19:00:00,103.94,103.95,103.94,103.95,6951
248,99,2018-12-10 08:30:00,105.5,105.5,105.5,105.5,500
249,98,2018-12-10 10:00:00,103.07,104.57,101.7726,102.35,148444
250,97,2018-12-10 10:30:00,102.2,103.5,101.89,102.57,106692
251,96,2018-12-10 11:00:00,102.48,102.77,100.48,100.65,145860
252,95,2018-12-10 11:30:00,100.6269,100.6706,99.5,100.27,206471
253,94,2018-12-10 12:00:00,100.34,101.47,99.87,100.05,145417
254,93,2018-12-10 12:30:00,100.05,100.64,99.82,100.25,131505
255,92,2018-12-10 13:00:00,100.22,102.1,100.22,101.97,135375
256,91,2018-12-10 13:30:00,102.02,102.27,101.44,101.59,120120
257,90,2018-12-10 14:00:00,101.62,102.97,101.58,102.53,110144
258,89,2018-12-10 14:30:00,102.47,102.655,101.37,101.45,82621
259,88,2018-12-10 15:00:00,101.49,102.21,101.3,101.5664,100938
260,87,2018-12-10 15:30:00,101.51,101.55,100.73,101.0501,123916
261,86,2018-12-10 16:00:00,101.14,102.19,101.13,101.86,306656
262,85,2018-12-10 16:30:00,101.86,101.86,101.86,101.86,6364
263,84,2018-12-10 20:00:00,101.85,101.85,101.85,101.85,905
264,83,2018-12-11 08:30:00,103.35,103.4,102.15,102.15,1608
265,82,2018-12-11 09:30:00,103.8,103.8,103.8,103.8,500
266,81,2018-12-11 10:00:00,103.96,107.19,103.96,106.02,252277
267,80,2018-12-11 10:30:00,106.01,106.915,105.45,106.79,110493
268,79,2018-12-11 11:00:00,106.806,106.96,104.82,105.2628,97435
269,78,2018-12-11 11:30:00,105.26,105.69,103.955,104.23,94319
270,77,2018-12-11 12:00:00,104.31,104.62,103.82,103.825,59629
271,76,2018-12-11 12:30:00,103.87,103.87,102.22,102.775,69165
272,75,2018-12-11 13:00:00,102.775,103.21,102.07,102.7,99666
273,74,2018-12-11 13:30:00,102.62,102.715,101.84,101.84,69186
274,73,2018-12-11 14:00:00,101.75,102.01,100.89,101.19,63197
275,72,2018-12-11 14:30:00,101.245,102.98,100.84,102.7,79043
276,71,2018-12-11 15:00:00,102.69,103.5836,102.02,102.44,90888
277,70,2018-12-11 15:30:00,102.46,103.295,101.84,102.31,96945
278,69,2018-12-11 16:00:00,102.25,102.9149,101.52,101.86,252750
279,68,2018-12-11 16:30:00,102.25,106.5,101.86,104.41,37322
280,67,2018-12-11 17:00:00,106.39,106.4,101.86,105.12,7496
281,66,2018-12-11 17:30:00,105.5,105.5,105.0,105.1,4368
282,65,2018-12-11 18:00:00,103.89,103.89,103.7,103.7,475
283,64,2018-12-11 18:30:00,104.99,105.0,104.99,104.99,1100
284,63,2018-12-11 19:30:00,104.19,104.2,104.19,104.2,577
285,62,2018-12-11 20:00:00,104.19,105.1,104.19,105.1,1230
286,61,2018-12-12 07:30:00,105.26,105.26,105.25,105.25,492
287,60,2018-12-12 08:30:00,106.5,108.0,106.5,108.0,3087
288,59,2018-12-12 09:00:00,108.0,108.0,106.75,107.0,3520
289,58,2018-12-12 09:30:00,107.3,110.05,107.22,108.0,18183
290,57,2018-12-12 10:00:00,107.12,110.4,107.03,109.46,590007
291,56,2018-12-12 10:30:00,109.375,111.0,108.8,109.08,722132
292,55,2018-12-12 11:00:00,109.08,110.49,108.48,109.905,197868
293,54,2018-12-12 11:30:00,109.8547,111.6,109.79,111.2011,228878
294,53,2018-12-12 12:00:00,111.23,111.32,110.4,110.685,117230
295,52,2018-12-12 12:30:00,110.76,111.1627,110.34,110.66,102661
296,51,2018-12-12 13:00:00,110.67,111.46,110.2,111.2833,102232
297,50,2018-12-12 13:30:00,111.29,111.73,111.04,111.3206,126051
298,49,2018-12-12 14:00:00,111.35,111.93,111.09,111.75,114155
299,48,2018-12-12 14:30:00,111.715,112.07,110.71,110.8652,183783
300,47,2018-12-12 15:00:00,110.85,111.0,109.59,110.5098,173372
301,46,2018-12-12 15:30:00,110.44,110.4788,109.11,109.18,148764
302,45,2018-12-12 16:00:00,109.14,109.545,108.05,108.3,369048
303,44,2018-12-12 16:30:00,108.3,108.75,108.3,108.75,34248
304,43,2018-12-12 17:00:00,109.19,109.19,109.19,109.19,202
305,42,2018-12-12 17:30:00,108.4,108.4,108.4,108.4,200
306,41,2018-12-12 18:30:00,108.7,110.0,108.7,110.0,2082
307,40,2018-12-12 19:30:00,110.7,110.7,110.7,110.7,100
308,39,2018-12-13 08:30:00,110.7,110.7,110.65,110.7,3692
309,38,2018-12-13 09:30:00,110.49,110.5,110.0,110.4,6472
310,37,2018-12-13 10:00:00,110.25,110.69,108.5,109.89,320750
311,36,2018-12-13 10:30:00,109.98,112.38,109.98,111.9,270876
312,35,2018-12-13 11:00:00,111.87,112.9,110.57,111.185,303322
313,34,2018-12-13 11:30:00,111.05,111.5,110.3915,110.83,116043
314,33,2018-12-13 12:00:00,110.67,112.16,110.54,110.73,113660
315,32,2018-12-13 12:30:00,110.73,110.81,109.48,109.49,150092
316,31,2018-12-13 13:00:00,109.44,110.3,109.36,109.62,94780
317,30,2018-12-13 13:30:00,109.61,110.0427,109.1,109.73,104251
318,29,2018-12-13 14:00:00,109.85,110.35,109.72,109.79,80217
319,28,2018-12-13 14:30:00,109.77,109.96,109.12,109.6,79499
320,27,2018-12-13 15:00:00,109.58,109.58,108.68,109.09,80400
321,26,2018-12-13 15:30:00,109.13,109.17,108.68,108.825,77570
322,25,2018-12-13 16:00:00,108.8,109.17,108.5273,108.87,258954
323,24,2018-12-13 16:30:00,108.88,108.88,108.88,108.88,22659
324,23,2018-12-13 18:30:00,108.4,108.4,108.4,108.4,100
325,22,2018-12-13 19:30:00,108.8,108.8,108.8,108.8,200
326,21,2018-12-14 05:30:00,108.02,108.02,108.02,108.02,100
327,20,2018-12-14 08:00:00,108.07,108.5,108.07,108.5,300
328,19,2018-12-14 08:30:00,108.0,108.0,108.0,108.0,120
329,18,2018-12-14 09:00:00,107.46,108.46,107.46,107.47,900
330,17,2018-12-14 09:30:00,107.5,107.5,107.15,107.15,899
331,16,2018-12-14 10:00:00,106.55,109.62,105.97,109.1596,216357
332,15,2018-12-14 10:30:00,109.195,109.195,107.7,108.08,128358
333,14,2018-12-14 11:00:00,108.09,108.6,107.47,107.565,81159
334,13,2018-12-14 11:30:00,107.425,107.78,106.66,106.86,99819
335,12,2018-12-14 12:00:00,106.835,107.24,105.5,105.5,124144
336,11,2018-12-14 12:30:00,105.73,106.4,105.6319,106.25,144179
337,10,2018-12-14 13:00:00,106.25,106.611,105.95,105.965,93146
338,9,2018-12-14 13:30:00,105.92,106.57,105.61,106.195,82698
339,8,2018-12-14 14:00:00,106.14,106.23,105.79,105.88,86897
340,7,2018-12-14 14:30:00,105.9,106.72,105.7097,106.37,125193
341,6,2018-12-14 15:00:00,106.355,106.75,105.88,106.59,113169
342,5,2018-12-14 15:30:00,106.5234,106.77,106.12,106.1856,90259
343,4,2018-12-14 16:00:00,106.18,106.25,105.36,105.81,317279
344,3,2018-12-14 16:30:00,105.8,105.99,105.8,105.99,29575
345,2,2018-12-14 17:00:00,105.82,105.94,105.82,105.94,1615
346,1,2018-12-14 17:30:00,105.9399,105.9399,105.26,105.26,205
347,0,2018-12-14 20:00:00,105.32,105.32,105.31,105.31,460
348,327,2018-12-17 07:30:00,105.14,105.14,105.14,105.14,140
349,326,2018-12-17 08:30:00,105.0,105.01,105.0,105.0,1605
350,325,2018-12-17 09:30:00,104.9,105.0,104.9,105.0,425
351,324,2018-12-17 10:00:00,105.05,105.15,102.95,104.665,146332
352,323,2018-12-17 10:30:00,104.83,105.99,104.38,105.27,95533
353,322,2018-12-17 11:00:00,105.47,106.92,104.92,106.6,96616
354,321,2018-12-17 11:30:00,106.55,108.49,106.55,107.82,148287
355,320,2018-12-17 12:00:00,107.94,107.96,107.09,107.77,88990
356,319,2018-12-17 12:30:00,107.78,108.13,106.8,106.92,58011
357,318,2018-12-17 13:00:00,106.8713,106.8713,105.86,105.99,61087
358,317,2018-12-17 13:30:00,105.99,106.01,104.9948,105.5,61550
359,316,2018-12-17 14:00:00,105.42,105.7,104.72,105.305,105089
360,315,2018-12-17 14:30:00,105.234,105.88,104.75,105.72,100872
361,314,2018-12-17 15:00:00,105.665,106.55,105.41,105.555,98263
362,313,2018-12-17 15:30:00,105.47,105.94,105.11,105.35,102716
363,312,2018-12-17 16:00:00,105.36,105.5,104.49,105.43,235363
364,311,2018-12-17 16:30:00,105.41,105.41,104.65,104.65,52240
365,310,2018-12-17 19:00:00,105.43,105.43,105.43,105.43,100
366,309,2018-12-18 09:30:00,106.11,106.11,106.11,106.11,420
367,308,2018-12-18 10:00:00,106.3,109.52,106.2,109.47,164633
368,307,2018-12-18 10:30:00,109.365,109.405,107.6,107.92,157379
369,306,2018-12-18 11:00:00,107.81,108.305,106.787,106.83,113937
370,305,2018-12-18 11:30:00,106.98,107.46,105.96,106.45,107698
371,304,2018-12-18 12:00:00,106.56,107.09,106.03,106.2578,69997
372,303,2018-12-18 12:30:00,106.38,107.24,106.32,106.72,81535
373,302,2018-12-18 13:00:00,106.73,107.0414,106.44,106.91,71544
374,301,2018-12-18 13:30:00,106.97,107.07,106.0,106.09,65867
375,300,2018-12-18 14:00:00,106.125,106.25,105.23,105.37,86475
376,299,2018-12-18 14:30:00,105.3828,105.91,105.31,105.89299999999999,97925
377,298,2018-12-18 15:00:00,105.89,105.9,102.86,104.16,179011
378,297,2018-12-18 15:30:00,104.125,104.73,103.88,104.08,158807
379,296,2018-12-18 16:00:00,104.16,105.16,104.13,104.54,227750
380,295,2018-12-18 16:30:00,104.54,104.54,104.54,104.54,31737
381,294,2018-12-18 18:00:00,104.54,104.54,104.54,104.54,686
382,293,2018-12-18 19:00:00,103.2,103.21,103.2,103.21,525
383,292,2018-12-18 19:30:00,103.95,103.95,103.95,103.95,100
384,291,2018-12-18 20:00:00,104.5,104.5,104.5,104.5,205
385,290,2018-12-19 08:30:00,104.75,105.1,104.75,105.1,539
386,289,2018-12-19 09:30:00,104.8,104.8,104.35,104.35,245
387,288,2018-12-19 10:00:00,104.24,108.42,103.55,107.36,163057
388,287,2018-12-19 10:30:00,107.25,108.21,107.15,107.15,106393
389,286,2018-12-19 11:00:00,107.25,107.6,106.62,107.6,106057
390,285,2018-12-19 11:30:00,107.63,108.02,107.09,107.495,131401
391,284,2018-12-19 12:00:00,107.49,108.23,107.33,107.93799999999999,77794
392,283,2018-12-19 12:30:00,107.88,108.25,107.62,107.7,50869
393,282,2018-12-19 13:00:00,107.7,108.01,107.61,107.67,67959
394,281,2018-12-19 13:30:00,107.61,107.8,107.19,107.61,53598
395,280,2018-12-19 14:00:00,107.61,108.54,107.53,108.305,110294
396,279,2018-12-19 14:30:00,108.46,108.52,104.445,106.23,186212
397,278,2018-12-19 15:00:00,106.272,106.95,102.9,103.7006,156435
398,277,2018-12-19 15:30:00,103.57,103.61,100.19,100.2,540265
399,276,2018-12-19 16:00:00,100.13,101.25,100.07,100.89,409956
400,275,2018-12-19 16:30:00,100.9,101.0,100.9,101.0,97371
401,274,2018-12-19 17:30:00,100.9,100.9,100.9,100.9,200
402,273,2018-12-19 18:00:00,100.9,100.9,100.9,100.9,1000
403,272,2018-12-19 18:30:00,100.9,101.5,100.5,101.49,11638
404,271,2018-12-19 19:00:00,101.25,101.25,101.25,101.25,100
405,270,2018-12-19 20:00:00,101.3,101.3,101.3,101.3,300
406,269,2018-12-20 07:30:00,101.15,101.87,101.15,101.87,400
407,268,2018-12-20 08:00:00,101.87,101.87,101.87,101.87,580
408,267,2018-12-20 08:30:00,101.44,101.44,101.15,101.15,200
409,266,2018-12-20 09:00:00,100.85,101.0,100.85,101.0,650
410,265,2018-12-20 09:30:00,100.03,100.03,100.03,100.03,300
411,264,2018-12-20 10:00:00,100.34,103.1599,100.18,101.5681,204223
412,263,2018-12-20 10:30:00,101.5,103.13,101.5,102.1803,153140
413,262,2018-12-20 11:00:00,102.2761,102.92,100.76,101.42,148471
414,261,2018-12-20 11:30:00,101.34,101.57,99.91,100.225,124592
415,260,2018-12-20 12:00:00,100.28,100.78,99.5,100.005,197862
416,259,2018-12-20 12:30:00,100.0758,101.3497,99.64,101.22,137118
417,258,2018-12-20 13:00:00,101.22,101.23,100.06,100.95,101915
418,257,2018-12-20 13:30:00,100.89,101.43,100.1095,101.19,105468
419,256,2018-12-20 14:00:00,101.18,101.42,100.5,100.66,99832
420,255,2018-12-20 14:30:00,100.71,101.24,99.67,101.14,182953
421,254,2018-12-20 15:00:00,101.08,102.5396,100.87,101.81,185586
422,253,2018-12-20 15:30:00,101.805,102.76,100.88,102.08,153937
423,252,2018-12-20 16:00:00,102.18,102.3,100.7651,101.36,339437
424,251,2018-12-20 16:30:00,101.36,101.36,101.36,101.36,108470
425,250,2018-12-20 18:00:00,101.41,101.41,101.41,101.41,140
426,249,2018-12-20 19:00:00,102.83,102.84,102.83,102.84,486
427,248,2018-12-21 10:00:00,102.24,103.43,101.35,102.22,274102
428,247,2018-12-21 10:30:00,102.1581,104.9,101.82,104.19,150869
429,246,2018-12-21 11:00:00,104.25,104.25,102.38,102.5,110986
430,245,2018-12-21 11:30:00,102.44,102.96,101.39,102.96,110456
431,244,2018-12-21 12:00:00,103.0,103.5,101.38,101.51,81830
432,243,2018-12-21 12:30:00,101.4905,101.57,100.02799999999999,100.28,120992
433,242,2018-12-21 13:00:00,100.23,101.69,99.95,100.71,94013
434,241,2018-12-21 13:30:00,100.765,101.01,100.07,100.6,81641
435,240,2018-12-21 14:00:00,100.61,101.465,100.45,100.6101,50389
436,239,2018-12-21 14:30:00,100.55,101.45,100.38,100.9679,71014
437,238,2018-12-21 15:00:00,101.0,101.41,100.5,100.915,61899
438,237,2018-12-21 15:30:00,100.9387,101.09,99.6,99.68,128732
439,236,2018-12-21 16:00:00,99.6942,100.0,99.03,99.47,318459
440,235,2018-12-21 16:30:00,99.51,99.51,99.51,99.51,29471
441,234,2018-12-21 17:00:00,99.4,99.5,99.15,99.5,700
442,233,2018-12-21 19:00:00,98.1,98.1,98.1,98.1,100
443,232,2018-12-21 20:00:00,99.51,99.51,99.51,99.51,183
444,231,2018-12-24 07:30:00,98.98,98.98,98.98,98.98,2045
445,230,2018-12-24 08:00:00,98.09,98.2,98.09,98.2,200
446,229,2018-12-24 08:30:00,99.5099,99.5099,99.5099,99.5099,2000
447,228,2018-12-24 10:00:00,98.465,99.08,95.66,96.3973,210466
448,227,2018-12-24 10:30:00,96.4723,97.99,95.82,97.79,124164
449,226,2018-12-24 11:00:00,97.91,99.5661,97.84,98.64,100500
450,225,2018-12-24 11:30:00,98.7,99.36,98.03,98.21,93555
451,224,2018-12-24 12:00:00,98.19,98.78,97.23,97.54,81048
452,223,2018-12-24 12:30:00,97.665,98.345,97.23,98.16,119491
453,222,2018-12-24 13:00:00,98.17,98.47,95.65,95.95,221152
454,221,2018-12-24 13:30:00,95.9,95.9,95.9,95.9,48161
455,220,2018-12-26 08:30:00,97.4,97.63,97.4,97.63,500
456,219,2018-12-26 09:30:00,97.6899,97.6899,97.61,97.61,200
457,218,2018-12-26 10:00:00,96.61,98.135,95.6,95.88,139044
458,217,2018-12-26 10:30:00,95.9,96.13,94.28,94.89,137055
459,216,2018-12-26 11:00:00,95.02,95.56,94.6,94.69,118011
460,215,2018-12-26 11:30:00,94.83,97.08,94.66,96.82,84451
461,214,2018-12-26 12:00:00,96.84,98.68,96.79,98.4896,136370
462,213,2018-12-26 12:30:00,98.54,99.43,98.1,98.84,137600
463,212,2018-12-26 13:00:00,98.94,100.355,98.81,100.22,82559
464,211,2018-12-26 13:30:00,100.31,100.3496,98.78,99.05,86272
465,210,2018-12-26 14:00:00,99.16,100.63,98.8912,100.5,94278
466,209,2018-12-26 14:30:00,100.5609,100.5609,99.6,100.01,69504
467,208,2018-12-26 15:00:00,100.03,101.01,100.0,101.01,72658
468,207,2018-12-26 15:30:00,100.98,101.85,100.64,101.825,85181
469,206,2018-12-26 16:00:00,101.76,103.24,101.66,103.14,228548
470,205,2018-12-26 16:30:00,103.12,103.12,103.12,103.12,4445
471,204,2018-12-26 17:00:00,103.0,103.11,103.0,103.11,600
472,203,2018-12-26 18:30:00,102.51,102.51,102.51,102.51,100
473,202,2018-12-26 19:30:00,102.95,102.95,102.95,102.95,1000
474,201,2018-12-26 20:00:00,103.0,103.0,103.0,103.0,300
475,200,2018-12-27 04:30:00,101.0,101.0,101.0,101.0,200
476,199,2018-12-27 06:30:00,101.01,101.01,101.01,101.01,200
477,198,2018-12-27 09:30:00,101.05,101.05,101.05,101.05,150
478,197,2018-12-27 10:00:00,100.93,103.0,100.5121,102.1746,103924
479,196,2018-12-27 10:30:00,102.2764,102.695,100.97,101.0,101546
480,195,2018-12-27 11:00:00,101.1748,102.26,100.05,100.06,105593
481,194,2018-12-27 11:30:00,100.14,101.88,99.79,101.7,111502
482,193,2018-12-27 12:00:00,101.88,102.14,100.87,101.1998,61169
483,192,2018-12-27 12:30:00,101.21,101.56,100.34,100.79,62650
484,191,2018-12-27 13:00:00,100.66,101.01,100.29,100.99,46636
485,190,2018-12-27 13:30:00,100.91,101.63,100.5876,100.5937,85473
486,189,2018-12-27 14:00:00,100.61399999999999,101.0934,99.79,100.22,86318
487,188,2018-12-27 14:30:00,100.09,100.17,99.4769,100.1025,106547
488,187,2018-12-27 15:00:00,100.05,101.91,99.65,101.61,76390
489,186,2018-12-27 15:30:00,101.68,102.82,100.825,102.71,125054
490,185,2018-12-27 16:00:00,102.79,104.81,102.2,104.81,262416
491,184,2018-12-27 16:30:00,104.79,104.79,104.79,104.79,4312
492,183,2018-12-27 18:00:00,103.8301,103.8301,103.8301,103.8301,125
493,182,2018-12-28 10:00:00,105.43,105.43,103.39,104.4,112893
494,181,2018-12-28 10:30:00,104.4,104.4,102.12,102.2653,102309
495,180,2018-12-28 11:00:00,102.2448,102.795,101.71,102.06,95397
496,179,2018-12-28 11:30:00,102.1401,102.57,101.6326,102.53,141957
497,178,2018-12-28 12:00:00,102.34100000000001,103.32,101.79,102.12,72298
498,177,2018-12-28 12:30:00,102.12,102.5152,101.57,101.9032,86356
499,176,2018-12-28 13:00:00,101.95,102.0198,101.07,101.14,131797
500,175,2018-12-28 13:30:00,101.155,101.77,101.06,101.21,113767
501,174,2018-12-28 14:00:00,101.2732,102.44,100.84,102.09,79040
502,173,2018-12-28 14:30:00,102.09200000000001,102.785,102.05,102.44,140112
503,172,2018-12-28 15:00:00,102.53,103.84,102.39,103.49,138774
504,171,2018-12-28 15:30:00,103.51,103.72,101.1558,101.3233,216736
505,170,2018-12-28 16:00:00,101.3405,101.6754,100.89,101.43,318978
506,169,2018-12-28 16:30:00,101.48,101.5,101.48,101.5,8956
507,168,2018-12-28 17:00:00,101.5,101.5,101.5,101.5,100
508,167,2018-12-28 20:00:00,101.8,101.8,101.8,101.8,180
509,166,2018-12-31 08:30:00,102.83,102.83,102.83,102.83,260
510,165,2018-12-31 09:00:00,102.5,102.5,102.5,102.5,400
511,164,2018-12-31 10:00:00,102.78,103.24,101.03,101.2769,141676
512,163,2018-12-31 10:30:00,101.22,102.0,98.9,99.613,227178
513,162,2018-12-31 11:00:00,99.74,100.4429,99.0,99.3719,153545
514,161,2018-12-31 11:30:00,99.4018,99.81,98.87,99.7618,117773
515,160,2018-12-31 12:00:00,99.63,99.81,98.78,99.8,102722
516,159,2018-12-31 12:30:00,99.81,100.4,99.74,100.4,112353
517,158,2018-12-31 13:00:00,100.43,100.8086,100.2106,100.55,74150
518,157,2018-12-31 13:30:00,100.61399999999999,100.9,100.37,100.9,73884
519,156,2018-12-31 14:00:00,100.94,101.16,100.3,100.35,85214
520,155,2018-12-31 14:30:00,100.28,100.89,100.04,100.59,70862
521,154,2018-12-31 15:00:00,100.49,101.45,100.23,100.77,86857
522,153,2018-12-31 15:30:00,100.75,101.74,100.72,101.57,133145
523,152,2018-12-31 16:00:00,101.5334,102.57,101.45,102.54,252907
524,151,2018-12-31 16:30:00,102.5301,102.54,102.53,102.54,17495
525,150,2018-12-31 20:00:00,102.7,102.7,102.7,102.7,200
526,149,2019-01-02 09:00:00,100.1,100.1,99.98,99.98,1340
527,148,2019-01-02 09:30:00,100.0,100.2,99.9,99.9,350
528,147,2019-01-02 10:00:00,100.31,101.73,99.0,101.7,128192
529,146,2019-01-02 10:30:00,101.67,104.22,101.02,104.01,135115
530,145,2019-01-02 11:00:00,104.02,105.49,103.26,104.96,172575
531,144,2019-01-02 11:30:00,105.1,105.99,104.69,105.09,120448
532,143,2019-01-02 12:00:00,105.09,105.4956,104.18,104.21,97348
533,142,2019-01-02 12:30:00,104.265,104.38,103.15,103.54,59435
534,141,2019-01-02 13:00:00,103.62,104.78,103.47,104.51,94638
535,140,2019-01-02 13:30:00,104.5773,105.19,104.46,104.75,97686
536,139,2019-01-02 14:00:00,104.62,105.26,104.44,105.26,80155
537,138,2019-01-02 14:30:00,105.15,105.29,104.3,105.02,65110
538,137,2019-01-02 15:00:00,105.05,105.58,104.94,104.94,84277
539,136,2019-01-02 15:30:00,104.93,105.39,104.22,104.42,115871
540,135,2019-01-02 16:00:00,104.36,105.68,104.2,105.62,256194
541,134,2019-01-02 16:30:00,105.62,106.16,105.62,106.0,63851
542,133,2019-01-02 17:00:00,105.23,105.23,105.12,105.12,500
543,132,2019-01-02 17:30:00,104.0,104.5,104.0,104.5,200
544,131,2019-01-02 18:00:00,103.86,103.86,100.0,100.0,630
545,130,2019-01-02 18:30:00,100.0,102.44,100.0,102.0,800
546,129,2019-01-02 19:00:00,102.0,102.0,100.5,100.5,600
547,128,2019-01-02 19:30:00,102.5,102.5,102.5,102.5,300
548,127,2019-01-03 09:00:00,105.0,105.0,104.5,104.5,700
549,126,2019-01-03 09:30:00,104.5,104.5,104.5,104.5,200
550,125,2019-01-03 10:00:00,104.39,104.39,102.5,103.6685,129856
551,124,2019-01-03 10:30:00,103.58,103.96,100.5,101.61,216018
552,123,2019-01-03 11:00:00,101.53,102.0,100.66,102.0,165928
553,122,2019-01-03 11:30:00,102.07,102.88,101.42,101.83,143071
554,121,2019-01-03 12:00:00,101.91,103.4,101.8,102.54,111535
555,120,2019-01-03 12:30:00,102.5,103.25,102.31,102.89,73455
556,119,2019-01-03 13:00:00,102.82,103.78,102.49,103.35,91714
557,118,2019-01-03 13:30:00,103.3727,103.3727,102.03,102.4299,80360
558,117,2019-01-03 14:00:00,102.35,103.03,102.02,102.27,63551
559,116,2019-01-03 14:30:00,102.16,102.7,101.5,102.57,106406
560,115,2019-01-03 15:00:00,102.57,103.0,101.499,101.9405,107576
561,114,2019-01-03 15:30:00,101.97,102.13,101.54,101.77,86333
562,113,2019-01-03 16:00:00,101.74,102.4509,101.65,101.95,247663
563,112,2019-01-03 16:30:00,101.93,101.98,101.93,101.98,15601
564,111,2019-01-03 17:00:00,101.98,101.98,101.75,101.75,5750
565,110,2019-01-03 19:00:00,101.98,101.98,101.98,101.98,150
566,109,2019-01-04 08:00:00,103.49,103.49,103.49,103.49,100
567,108,2019-01-04 08:30:00,103.99,103.99,103.99,103.99,100
568,107,2019-01-04 09:00:00,102.8,102.8,102.75,102.75,1000
569,106,2019-01-04 09:30:00,103.5,104.0,103.5,104.0,580
570,105,2019-01-04 10:00:00,104.42,106.44,103.47,105.99,179077
571,104,2019-01-04 10:30:00,106.1,107.927,105.8,107.77,168270
572,103,2019-01-04 11:00:00,107.7,108.31,106.96,108.0,198259
573,102,2019-01-04 11:30:00,108.0,108.38,107.41,107.78,177413
574,101,2019-01-04 12:00:00,107.8,108.79,107.45,108.63,138548
575,100,2019-01-04 12:30:00,108.63,109.335,108.28,108.9,127568
576,99,2019-01-04 13:00:00,108.96,109.62,108.41,109.39,99080
577,98,2019-01-04 13:30:00,109.42,109.95,109.18,109.355,95187
578,97,2019-01-04 14:00:00,109.36,110.25,109.1419,110.15,165871
579,96,2019-01-04 14:30:00,110.25,110.84,109.85,110.76,153677
580,95,2019-01-04 15:00:00,110.73,110.83,109.57,109.69,148715
581,94,2019-01-04 15:30:00,109.66,110.42,109.61,110.13,146810
582,93,2019-01-04 16:00:00,110.11,110.47,109.54,110.11,395584
583,92,2019-01-04 16:30:00,110.13,110.23,110.13,110.23,57823
584,91,2019-01-04 17:00:00,110.13,110.13,110.11,110.11,200
585,90,2019-01-04 17:30:00,110.23,110.3,110.0,110.0,606
586,89,2019-01-07 07:30:00,110.13,110.13,110.13,110.13,900
587,88,2019-01-07 09:00:00,110.0,110.0,110.0,110.0,147
588,87,2019-01-07 10:00:00,110.85,111.0,108.11,110.0,153967
589,86,2019-01-07 10:30:00,109.9,110.962,109.5,110.59,138795
590,85,2019-01-07 11:00:00,110.6,112.42,110.6,112.315,147972
591,84,2019-01-07 11:30:00,112.295,113.36,112.06,112.895,171167
592,83,2019-01-07 12:00:00,112.8645,115.0,112.81,114.98,159788
593,82,2019-01-07 12:30:00,114.99,115.2,114.19,114.41,160909
594,81,2019-01-07 13:00:00,114.47,115.1999,114.3157,114.79,124856
595,80,2019-01-07 13:30:00,114.76,115.73,114.51,114.985,155111
596,79,2019-01-07 14:00:00,114.93,115.355,114.5408,114.5408,140208
597,78,2019-01-07 14:30:00,114.54,114.975,114.4311,114.75,105362
598,77,2019-01-07 15:00:00,114.78,114.85,113.39,113.64,135776
599,76,2019-01-07 15:30:00,113.64,114.8,113.6,114.6,89718
600,75,2019-01-07 16:00:00,114.64,114.7,113.98,114.13,325716
601,74,2019-01-07 16:30:00,114.13,114.13,114.12,114.12,24082
602,73,2019-01-07 17:00:00,114.15,114.15,114.15,114.15,200
603,72,2019-01-08 10:00:00,116.28,117.13,115.3,115.57,233891
604,71,2019-01-08 10:30:00,115.75,116.98,114.58,115.4,254623
605,70,2019-01-08 11:00:00,115.46,115.84,114.01,114.29,122522
606,69,2019-01-08 11:30:00,114.34,115.29,114.1,114.93,115516
607,68,2019-01-08 12:00:00,114.89,115.8709,114.54,115.8709,83708
608,67,2019-01-08 12:30:00,115.87,116.2255,115.65100000000001,115.66,93731
609,66,2019-01-08 13:00:00,115.72,115.99,115.42,115.7075,90947
610,65,2019-01-08 13:30:00,115.6777,116.055,115.44,115.86,95038
611,64,2019-01-08 14:00:00,115.83,116.2956,115.66,115.85,112148
612,63,2019-01-08 14:30:00,115.8,115.98,115.36,115.52,163390
613,62,2019-01-08 15:00:00,115.52,116.13,115.49,116.1175,100283
614,61,2019-01-08 15:30:00,116.09,116.35,115.76,116.3099,130933
615,60,2019-01-08 16:00:00,116.32,116.73,115.92,116.28,294439
616,59,2019-01-08 16:30:00,116.26,116.26,116.26,116.26,11415
617,58,2019-01-08 18:00:00,116.1,116.3,116.1,116.3,400
618,57,2019-01-08 19:30:00,116.0,116.37,116.0,116.37,731
619,56,2019-01-08 20:00:00,116.26,116.26,116.26,116.26,170
620,55,2019-01-09 07:30:00,117.0,117.0,116.7,116.7,550
621,54,2019-01-09 08:00:00,116.7,116.7,116.7,116.7,550
622,53,2019-01-09 08:30:00,116.99,116.99,116.99,116.99,250
623,52,2019-01-09 10:00:00,118.24,118.94,116.78,116.9,162776
624,51,2019-01-09 10:30:00,116.95,116.99,114.85,116.35,220340
625,50,2019-01-09 11:00:00,116.36,116.61,115.5946,115.82,115670
626,49,2019-01-09 11:30:00,115.82,116.94,115.81,116.62,92528
627,48,2019-01-09 12:00:00,116.63,117.9552,116.56,117.63,78315
628,47,2019-01-09 12:30:00,117.72,118.78,117.4,118.421,105874
629,46,2019-01-09 13:00:00,118.46,119.03,118.26,118.77,85733
630,45,2019-01-09 13:30:00,118.79,118.83,118.11,118.44,72154
631,44,2019-01-09 14:00:00,118.48,118.52,117.8,118.345,80996
632,43,2019-01-09 14:30:00,118.39,118.88,118.005,118.29,122311
633,42,2019-01-09 15:00:00,118.23,119.38,118.0035,119.33,91382
634,41,2019-01-09 15:30:00,119.31,119.57,119.05,119.0726,111123
635,40,2019-01-09 16:00:00,119.12,119.44,118.11,118.46,208129
636,39,2019-01-09 16:30:00,118.47,118.47,118.47,118.47,11386
637,38,2019-01-09 17:00:00,118.47,118.47,118.47,118.47,1465
638,37,2019-01-09 18:00:00,118.47,118.47,118.47,118.47,100
639,36,2019-01-09 19:30:00,118.0,118.0,118.0,118.0,500
640,35,2019-01-09 20:00:00,118.0,118.0,118.0,118.0,100
641,34,2019-01-10 07:30:00,116.0,117.0,116.0,117.0,800
642,33,2019-01-10 08:00:00,116.94,116.94,116.94,116.94,250
643,32,2019-01-10 09:00:00,116.95,116.95,116.95,116.95,200
644,31,2019-01-10 10:00:00,116.44,117.64,115.6,117.64,227821
645,30,2019-01-10 10:30:00,117.6,118.8,117.53,118.2901,82639
646,29,2019-01-10 11:00:00,118.36,119.34,118.2036,119.185,92201
647,28,2019-01-10 11:30:00,119.24,119.31,118.68,118.72,60372
648,27,2019-01-10 12:00:00,118.75,119.43,118.75,119.29,65139
649,26,2019-01-10 12:30:00,119.22,119.94,118.9,119.8,58771
650,25,2019-01-10 13:00:00,119.79,119.83,118.735,118.81,190010
651,24,2019-01-10 13:30:00,118.81,118.89,117.58,118.44,88237
652,23,2019-01-10 14:00:00,118.45,118.61,117.56,118.22,56443
653,22,2019-01-10 14:30:00,118.25,119.08,118.21,118.9,105639
654,21,2019-01-10 15:00:00,118.87,118.95,118.52,118.83,125463
655,20,2019-01-10 15:30:00,118.83,119.06,118.62,118.88,96139
656,19,2019-01-10 16:00:00,118.855,119.005,118.615,118.74,210888
657,18,2019-01-10 16:30:00,118.78,118.78,118.78,118.78,11315
658,17,2019-01-10 18:00:00,118.78,118.78,118.78,118.78,10999
659,16,2019-01-10 18:30:00,118.78,118.78,118.78,118.78,1662
660,15,2019-01-11 08:30:00,118.25,118.25,118.25,118.25,100
661,14,2019-01-11 10:00:00,117.37,117.98,116.18,117.18,138419
662,13,2019-01-11 10:30:00,117.09,117.39,115.33,115.51,102034
663,12,2019-01-11 11:00:00,115.51,116.65,115.36,116.6281,105723
664,11,2019-01-11 11:30:00,116.67,118.09,116.28,117.9,112769
665,10,2019-01-11 12:00:00,117.82,118.85,117.7,118.25,76988
666,9,2019-01-11 12:30:00,118.15,118.24,117.49,117.585,63059
667,8,2019-01-11 13:00:00,117.58,118.5267,117.49,118.37,64335
668,7,2019-01-11 13:30:00,118.37,118.48,117.44,117.73,76619
669,6,2019-01-11 14:00:00,117.74,117.91,117.46,117.91,49514
670,5,2019-01-11 14:30:00,117.79,117.87,117.43,117.58,49791
671,4,2019-01-11 15:00:00,117.62,117.6947,117.15,117.21,69975
672,3,2019-01-11 15:30:00,117.24,117.5,117.07,117.1,93125
673,2,2019-01-11 16:00:00,117.11,117.5,117.04,117.42,248974
674,1,2019-01-11 16:30:00,117.45,117.45,117.45,117.45,16121
675,0,2019-01-11 19:00:00,117.25,117.25,117.25,117.25,125
