,index,time,open,high,low,close,volume
0,243,2019-01-14 10:00:00,3.83,3.97,3.83,3.9,1296
1,242,2019-01-14 10:30:00,3.94,3.94,3.94,3.94,300
2,241,2019-01-14 11:00:00,3.94,3.94,3.94,3.94,100
3,240,2019-01-14 11:30:00,3.94,3.9499,3.94,3.9499,307
4,239,2019-01-14 12:00:00,3.93,3.93,3.93,3.93,100
5,238,2019-01-14 13:30:00,3.8297,3.8475,3.8297,3.8475,950
6,237,2019-01-14 14:30:00,3.9,3.9,3.9,3.9,200
7,236,2019-01-14 15:00:00,3.9,3.91,3.7788,3.9,1600
8,235,2019-01-14 15:30:00,3.7857,3.845,3.7857,3.845,981
9,234,2019-01-14 16:00:00,3.855,3.9,3.83,3.83,591
10,233,2019-01-15 10:00:00,3.92,3.94,3.8547,3.8547,6491
11,232,2019-01-15 10:30:00,3.91,3.95,3.91,3.95,900
12,231,2019-01-15 11:00:00,3.92,3.98,3.873,3.97,3304
13,230,2019-01-15 11:30:00,3.9399,3.988,3.9399,3.988,1250
14,229,2019-01-15 12:00:00,3.98,4.0,3.95,3.95,4189
15,228,2019-01-15 12:30:00,3.89,3.8946,3.89,3.891,849
16,227,2019-01-15 13:00:00,3.91,3.91,3.8496,3.8808,6644
17,226,2019-01-15 14:00:00,3.9108,3.92,3.9108,3.92,2100
18,225,2019-01-15 14:30:00,3.95,3.95,3.95,3.95,100
19,224,2019-01-15 15:00:00,3.95,3.95,3.9,3.9,2801
20,223,2019-01-15 15:30:00,3.9099,3.92,3.86,3.86,3759
21,222,2019-01-15 16:00:00,3.9376,3.9376,3.9,3.91,913
22,221,2019-01-16 09:30:00,4.0,4.0,4.0,4.0,280
23,220,2019-01-16 10:00:00,4.0,4.025,3.9819999999999998,4.02,20317
24,219,2019-01-16 10:30:00,4.02,4.2,4.02,4.053999999999999,24989
25,218,2019-01-16 11:00:00,4.1129,4.1129,4.082,4.082,3024
26,217,2019-01-16 11:30:00,4.1,4.1,4.08,4.0841,5616
27,216,2019-01-16 12:00:00,4.08,4.1293,4.08,4.115,1815
28,215,2019-01-16 12:30:00,4.1,4.15,4.1,4.1,1180
29,214,2019-01-16 13:00:00,4.11,4.11,4.09,4.09,1780
30,213,2019-01-16 13:30:00,4.08,4.08,4.0602,4.0602,200
31,212,2019-01-16 14:00:00,4.0855,4.0855,4.06,4.06,200
32,211,2019-01-16 14:30:00,4.07,4.07,4.05,4.05,1305
33,210,2019-01-16 15:00:00,4.07,4.07,4.06,4.07,527
34,209,2019-01-16 15:30:00,4.08,4.0954,4.08,4.0954,2300
35,208,2019-01-16 16:00:00,4.08,4.1,4.07,4.07,5798
36,207,2019-01-17 09:00:00,4.0,4.0,4.0,4.0,500
37,206,2019-01-17 10:00:00,4.1,4.14,3.95,4.14,4111
38,205,2019-01-17 10:30:00,4.11,4.15,4.0784,4.1101,700
39,204,2019-01-17 11:00:00,4.1,4.13,4.1,4.13,1454
40,203,2019-01-17 11:30:00,4.105,4.13,4.1,4.11,8028
41,202,2019-01-17 12:00:00,4.11,4.15,4.11,4.1499,629
42,201,2019-01-17 12:30:00,4.12,4.14,4.12,4.14,2500
43,200,2019-01-17 13:00:00,4.115,4.15,4.08,4.15,3255
44,199,2019-01-17 13:30:00,4.115,4.13,4.08,4.08,1700
45,198,2019-01-17 14:00:00,4.13,4.13,4.13,4.13,200
46,197,2019-01-17 14:30:00,4.085,4.085,4.085,4.085,100
47,196,2019-01-17 15:00:00,4.1,4.1,4.07,4.1,300
48,195,2019-01-17 15:30:00,4.1,4.1,4.06,4.06,2284
49,194,2019-01-17 16:00:00,4.0,4.03,3.58,3.71,42042
50,193,2019-01-18 10:00:00,3.75,3.97,3.75,3.8999,8578
51,192,2019-01-18 10:30:00,3.89,3.9,3.888,3.888,900
52,191,2019-01-18 11:00:00,3.885,3.9,3.85,3.85,4055
53,190,2019-01-18 11:30:00,3.89,3.9619,3.89,3.9619,7000
54,189,2019-01-18 12:00:00,4.03,4.03,3.93,3.93,300
55,188,2019-01-18 12:30:00,3.9,3.9,3.9,3.9,40500
56,187,2019-01-18 13:00:00,3.88,3.88,3.88,3.88,400
57,186,2019-01-18 13:30:00,3.88,3.88,3.86,3.88,2203
58,185,2019-01-18 14:00:00,3.9,3.9,3.9,3.9,200
59,184,2019-01-18 14:30:00,3.9,3.92,3.8901,3.9,6283
60,183,2019-01-18 15:00:00,3.9,3.9,3.89,3.89,800
61,182,2019-01-18 15:30:00,3.88,3.9,3.81,3.81,1300
62,181,2019-01-18 16:00:00,3.8101,3.8607,3.8101,3.85,3476
63,180,2019-01-22 10:00:00,3.9,4.0,3.9,3.95,1144
64,179,2019-01-22 10:30:00,3.94,3.94,3.93,3.94,2572
65,178,2019-01-22 11:00:00,3.9389999999999996,3.9389999999999996,3.9295,3.9295,260
66,177,2019-01-22 11:30:00,3.94,3.94,3.92,3.92,200
67,176,2019-01-22 12:00:00,3.93,3.94,3.9288,3.94,5717
68,175,2019-01-22 12:30:00,3.94,3.94,3.9147,3.94,460
69,174,2019-01-22 13:00:00,3.94,4.01,3.9201,4.0,17881
70,173,2019-01-22 13:30:00,3.9301,4.0,3.9301,4.0,4350
71,172,2019-01-22 14:30:00,4.0,4.0,3.99,3.99,2900
72,171,2019-01-22 15:00:00,3.9557,3.9899,3.95,3.98,3000
73,170,2019-01-22 15:30:00,3.97,3.97,3.97,3.97,300
74,169,2019-01-22 16:00:00,3.93,3.96,3.93,3.93,3149
75,168,2019-01-23 10:00:00,3.95,4.02,3.95,4.02,2304
76,167,2019-01-23 10:30:00,3.9552,3.98,3.9485,3.98,4703
77,166,2019-01-23 11:00:00,3.98,3.98,3.98,3.98,611
78,165,2019-01-23 11:30:00,3.96,3.96,3.94,3.94,4914
79,164,2019-01-23 12:00:00,3.9,3.9,3.82,3.82,2044
80,163,2019-01-23 12:30:00,3.89,3.9,3.89,3.8961,502
81,162,2019-01-23 13:00:00,3.9,3.9,3.9,3.9,100
82,161,2019-01-23 13:30:00,3.9,3.9,3.89,3.89,300
83,160,2019-01-23 14:30:00,3.9,3.9,3.9,3.9,204
84,159,2019-01-23 15:00:00,3.9,3.9,3.9,3.9,700
85,158,2019-01-23 15:30:00,3.7907,3.89,3.7907,3.89,2220
86,157,2019-01-23 16:00:00,3.89,3.91,3.89,3.91,1644
87,156,2019-01-24 10:00:00,3.83,3.83,3.83,3.83,256
88,155,2019-01-24 10:30:00,3.98,3.98,3.98,3.98,100
89,154,2019-01-24 11:00:00,3.84,3.845,3.81,3.81,1058
90,153,2019-01-24 11:30:00,3.88,3.88,3.82,3.82,806
91,152,2019-01-24 12:00:00,3.85,3.87,3.84,3.87,3535
92,151,2019-01-24 12:30:00,3.8143,3.87,3.8143,3.87,200
93,150,2019-01-24 13:00:00,3.82,3.82,3.8,3.8,500
94,149,2019-01-24 13:30:00,3.8,3.8,3.75,3.75,5010
95,148,2019-01-24 14:00:00,3.75,3.75,3.71,3.75,600
96,147,2019-01-24 14:30:00,3.75,3.75,3.75,3.75,500
97,146,2019-01-24 15:00:00,3.79,3.79,3.79,3.79,200
98,145,2019-01-24 15:30:00,3.79,3.79,3.78,3.79,3000
99,144,2019-01-24 16:00:00,3.79,3.8,3.76,3.8,1905
100,143,2019-01-25 10:00:00,3.83,3.83,3.83,3.83,100
101,142,2019-01-25 11:00:00,3.76,3.8,3.76,3.8,1400
102,141,2019-01-25 11:30:00,3.8,3.86,3.8,3.86,1110
103,140,2019-01-25 12:00:00,3.8253,3.93,3.8253,3.9,2650
104,139,2019-01-25 12:30:00,3.9,3.9,3.9,3.9,100
105,138,2019-01-25 13:00:00,3.8894,3.93,3.8894,3.89,18831
106,137,2019-01-25 13:30:00,3.895,3.895,3.895,3.895,100
107,136,2019-01-25 15:00:00,3.89,3.9,3.89,3.9,1000
108,135,2019-01-25 15:30:00,3.9,3.9,3.845,3.845,200
109,134,2019-01-25 16:00:00,3.9,3.9,3.9,3.9,576
110,133,2019-01-28 10:00:00,3.8,3.86,3.65,3.6783,10333
111,132,2019-01-28 10:30:00,3.92,3.92,3.89,3.89,300
112,131,2019-01-28 11:00:00,3.8435,3.8435,3.8435,3.8435,759
113,130,2019-01-28 11:30:00,3.8612,3.88,3.8612,3.88,1700
114,129,2019-01-28 12:00:00,3.8345,3.8345,3.8345,3.8345,2000
115,128,2019-01-28 12:30:00,3.87,3.88,3.87,3.88,300
116,127,2019-01-28 13:00:00,3.88,3.88,3.88,3.88,100
117,126,2019-01-28 13:30:00,3.8619,3.88,3.86,3.88,4188
118,125,2019-01-28 14:00:00,3.88,3.88,3.88,3.88,100
119,124,2019-01-28 15:00:00,3.7286,3.7286,3.7286,3.7286,100
120,123,2019-01-28 15:30:00,3.8483,3.8483,3.8483,3.8483,300
121,122,2019-01-28 16:00:00,3.8,3.8,3.77,3.78,1045
122,121,2019-01-29 10:00:00,3.72,3.72,3.69,3.72,2271
123,120,2019-01-29 10:30:00,3.79,3.8,3.79,3.8,201
124,119,2019-01-29 11:30:00,3.79,3.8,3.79,3.7999,425
125,118,2019-01-29 12:00:00,3.8,3.8,3.8,3.8,100
126,117,2019-01-29 13:00:00,3.8,3.8,3.8,3.8,700
127,116,2019-01-29 13:30:00,3.8,3.84,3.8,3.84,700
128,115,2019-01-29 14:00:00,3.8,3.8,3.77,3.77,480
129,114,2019-01-29 15:00:00,3.78,3.78,3.78,3.78,201
130,113,2019-01-29 15:30:00,3.75,3.75,3.73,3.73,1400
131,112,2019-01-29 16:00:00,3.75,3.8,3.73,3.73,5105
132,111,2019-01-30 10:00:00,3.7,3.7,3.66,3.66,3910
133,110,2019-01-30 10:30:00,3.7,3.7,3.36,3.46,11036
134,109,2019-01-30 11:00:00,3.51,3.51,3.51,3.51,206
135,108,2019-01-30 11:30:00,3.5378,3.5378,3.51,3.51,455
136,107,2019-01-30 12:00:00,3.52,3.585,3.52,3.52,502
137,106,2019-01-30 12:30:00,3.51,3.51,3.4,3.41,2676
138,105,2019-01-30 13:00:00,3.4002,3.54,3.23,3.51,19151
139,104,2019-01-30 13:30:00,3.5,3.51,3.38,3.4,3590
140,103,2019-01-30 14:00:00,3.48,3.48,3.42,3.42,311
141,102,2019-01-30 14:30:00,3.41,3.5229,3.41,3.42,1033
142,101,2019-01-30 15:00:00,3.42,3.42,3.3,3.4,10910
143,100,2019-01-30 15:30:00,3.31,3.35,3.3,3.35,6313
144,99,2019-01-30 16:00:00,3.39,3.45,3.31,3.335,14908
145,98,2019-01-31 10:00:00,3.27,3.3808,3.27,3.3808,9559
146,97,2019-01-31 10:30:00,3.5299,3.54,3.52,3.54,1326
147,96,2019-01-31 11:00:00,3.465,3.5,3.44,3.5,41766
148,95,2019-01-31 11:30:00,3.54,3.54,3.54,3.54,400
149,94,2019-01-31 12:00:00,3.5,3.54,3.48,3.54,4100
150,93,2019-01-31 12:30:00,3.68,3.7,3.59,3.59,7052
151,92,2019-01-31 13:00:00,3.59,3.59,3.59,3.59,201
152,91,2019-01-31 13:30:00,3.57,3.58,3.49,3.49,5110
153,90,2019-01-31 14:30:00,3.44,3.44,3.205,3.4,17747
154,89,2019-01-31 15:00:00,3.43,3.43,3.43,3.43,200
155,88,2019-01-31 16:00:00,3.43,3.43,3.4,3.4,826
156,87,2019-02-01 10:00:00,3.4028,3.5,3.37,3.37,740
157,86,2019-02-01 10:30:00,3.49,3.5,3.42,3.42,1500
158,85,2019-02-01 11:00:00,3.44,3.44,3.37,3.37,1000
159,84,2019-02-01 11:30:00,3.425,3.5,3.35,3.425,2014
160,83,2019-02-01 12:00:00,3.37,3.5,3.36,3.39,3000
161,82,2019-02-01 12:30:00,3.36,3.43,3.36,3.43,400
162,81,2019-02-01 13:00:00,3.36,3.5,3.36,3.36,2800
163,80,2019-02-01 13:30:00,3.35,3.45,3.25,3.25,7720
164,79,2019-02-01 14:00:00,3.25,3.34,3.22,3.34,10001
165,78,2019-02-01 14:30:00,3.39,3.45,3.3,3.45,3999
166,77,2019-02-01 15:00:00,3.42,3.45,3.41,3.44,1051
167,76,2019-02-01 15:30:00,3.41,3.44,3.41,3.4202,1997
168,75,2019-02-01 16:00:00,3.41,3.45,3.41,3.42,2260
169,74,2019-02-04 10:00:00,3.43,3.5,3.43,3.5,1550
170,73,2019-02-04 12:00:00,3.45,3.46,3.45,3.46,1098
171,72,2019-02-04 12:30:00,3.49,3.5,3.4401,3.5,566
172,71,2019-02-04 13:00:00,3.5,3.5,3.5,3.5,200
173,70,2019-02-04 13:30:00,3.5,3.5,3.47,3.5,700
174,69,2019-02-04 14:00:00,3.5,3.5,3.48,3.5,8000
175,68,2019-02-04 14:30:00,3.5,3.5,3.5,3.5,200
176,67,2019-02-04 15:00:00,3.5,3.5,3.5,3.5,1200
177,66,2019-02-04 15:30:00,3.5,3.5,3.4962,3.5,500
178,65,2019-02-04 16:00:00,3.5,3.5,3.5,3.5,2998
179,64,2019-02-05 10:00:00,3.5,3.5,3.5,3.5,357
180,63,2019-02-05 10:30:00,3.48,3.48,3.48,3.48,105
181,62,2019-02-05 11:30:00,3.47,3.47,3.47,3.47,100
182,61,2019-02-05 12:00:00,3.48,3.48,3.48,3.48,100
183,60,2019-02-05 12:30:00,3.46,3.46,3.46,3.46,10900
184,59,2019-02-05 13:00:00,3.48,3.5,3.4799,3.5,1241
185,58,2019-02-05 13:30:00,3.5,3.5,3.5,3.5,200
186,57,2019-02-05 14:00:00,3.5,3.68,3.5,3.68,3618
187,56,2019-02-05 14:30:00,3.63,3.63,3.6,3.6,886
188,55,2019-02-05 15:00:00,3.6,3.6,3.6,3.6,100
189,54,2019-02-05 15:30:00,3.6,3.6,3.52,3.52,7949
190,53,2019-02-05 16:00:00,3.45,3.4599,3.3011,3.4599,12882
191,52,2019-02-06 10:00:00,3.5,3.5,3.36,3.4676,11960
192,51,2019-02-06 10:30:00,3.4989999999999997,3.4999,3.4572,3.4572,3900
193,50,2019-02-06 11:00:00,3.45,3.4876,3.4410000000000003,3.4876,4323
194,49,2019-02-06 11:30:00,3.43,3.43,3.42,3.43,481
195,48,2019-02-06 12:00:00,3.42,3.4599,3.42,3.4599,1898
196,47,2019-02-06 13:00:00,3.4691,3.47,3.4210000000000003,3.47,15001
197,46,2019-02-06 13:30:00,3.47,3.475,3.45,3.45,1459
198,45,2019-02-06 14:00:00,3.45,3.45,3.4454,3.4454,1365
199,44,2019-02-06 14:30:00,3.45,3.45,3.44,3.44,1659
200,43,2019-02-06 15:00:00,3.45,3.45,3.4473,3.4473,1366
201,42,2019-02-06 15:30:00,3.45,3.45,3.42,3.43,2361
202,41,2019-02-06 16:00:00,3.4354,3.44,3.28,3.44,18304
203,40,2019-02-07 10:00:00,3.31,3.31,3.31,3.31,3623
204,39,2019-02-07 10:30:00,3.38,3.38,3.29,3.29,308
205,38,2019-02-07 12:00:00,3.41,3.41,3.41,3.41,300
206,37,2019-02-07 12:30:00,3.3567,3.42,3.3567,3.41,1048
207,36,2019-02-07 13:00:00,3.44,3.45,3.42,3.42,400
208,35,2019-02-07 13:30:00,3.44,3.44,3.3999,3.4099,11506
209,34,2019-02-07 14:30:00,3.44,3.45,3.4399,3.45,2378
210,33,2019-02-07 15:00:00,3.44,3.44,3.44,3.44,400
211,32,2019-02-07 15:30:00,3.4473,3.4473,3.4473,3.4473,100
212,31,2019-02-07 16:00:00,3.45,3.45,3.42,3.45,3824
213,30,2019-02-08 10:00:00,3.37,3.5,3.37,3.5,6903
214,29,2019-02-08 10:30:00,3.5,3.5,3.5,3.5,2087
215,28,2019-02-08 11:00:00,3.5,3.55,3.5,3.5401,2477
216,27,2019-02-08 12:00:00,3.55,3.55,3.44,3.44,15276
217,26,2019-02-08 13:00:00,3.5,3.5,3.5,3.5,374
218,25,2019-02-08 14:00:00,3.49,3.49,3.49,3.49,100
219,24,2019-02-08 14:30:00,3.5,3.5,3.4766,3.4766,4200
220,23,2019-02-08 15:00:00,3.5,3.5,3.475,3.5,400
221,22,2019-02-08 15:30:00,3.51,3.55,3.51,3.55,400
222,21,2019-02-08 16:00:00,3.55,3.55,3.47,3.47,2898
223,20,2019-02-11 10:00:00,3.5,3.55,3.46,3.47,8564
224,19,2019-02-11 10:30:00,3.46,3.46,3.46,3.46,100
225,18,2019-02-11 12:00:00,3.46,3.46,3.46,3.46,300
226,17,2019-02-11 12:30:00,3.5,3.5,3.5,3.5,200
227,16,2019-02-11 13:00:00,3.5,3.5,3.4748,3.4748,400
228,15,2019-02-11 13:30:00,3.49,3.5,3.49,3.5,320
229,14,2019-02-11 14:00:00,3.5,3.53,3.5,3.5,4732
230,13,2019-02-11 14:30:00,3.5198,3.55,3.49,3.55,7375
231,12,2019-02-11 15:00:00,3.54,3.54,3.435,3.47,3127
232,11,2019-02-11 15:30:00,3.47,3.48,3.445,3.48,400
233,10,2019-02-11 16:00:00,3.5,3.5,3.465,3.465,3101
234,9,2019-02-12 10:00:00,3.42,3.49,3.42,3.49,893
235,8,2019-02-12 11:00:00,3.49,3.49,3.407,3.407,1516
236,7,2019-02-12 12:00:00,3.48,3.48,3.48,3.48,100
237,6,2019-02-12 13:00:00,3.46,3.49,3.46,3.49,2905
238,5,2019-02-12 13:30:00,3.49,3.49,3.48,3.49,1105
239,4,2019-02-12 14:00:00,3.49,3.49,3.49,3.49,305
240,3,2019-02-12 14:30:00,3.49,3.49,3.48,3.49,608
241,2,2019-02-12 15:00:00,3.48,3.49,3.48,3.49,405
242,1,2019-02-12 15:30:00,3.49,3.49,3.49,3.49,105
243,0,2019-02-12 16:00:00,3.48,3.49,3.4515,3.48,1875
