,index,time,open,high,low,close,volume
0,264,2018-10-16 10:00:00,12.69,13.0322,12.485,12.81,5465
1,263,2018-10-16 10:30:00,12.81,12.97,12.8,12.8463,1610
2,262,2018-10-16 11:00:00,12.67,12.71,12.67,12.7,320
3,261,2018-10-16 11:30:00,12.71,12.71,12.71,12.71,100
4,260,2018-10-16 12:00:00,12.85,12.85,12.85,12.85,100
5,259,2018-10-16 12:30:00,12.85,13.0,12.85,13.0,1121
6,258,2018-10-16 13:00:00,13.09,13.26,13.09,13.26,1556
7,257,2018-10-16 13:30:00,13.38,13.38,13.38,13.38,100
8,256,2018-10-16 14:00:00,13.41,13.41,13.41,13.41,106
9,255,2018-10-16 14:30:00,13.41,13.6,13.41,13.6,1399
10,254,2018-10-16 15:00:00,13.8385,13.8386,13.57,13.57,2878
11,253,2018-10-16 15:30:00,13.32,14.015,13.32,13.92,10300
12,252,2018-10-16 16:00:00,13.92,14.04,13.92,14.04,2806
13,251,2018-10-17 10:00:00,13.97,14.2999,13.9,13.9,8254
14,250,2018-10-17 10:30:00,13.64,13.64,13.62,13.62,1330
15,249,2018-10-17 11:00:00,13.42,13.59,13.41,13.485,1748
16,248,2018-10-17 11:30:00,13.49,13.58,13.45,13.51,5535
17,247,2018-10-17 12:00:00,13.45,13.59,13.45,13.56,808
18,246,2018-10-17 12:30:00,13.5176,13.5176,13.505,13.505,350
19,245,2018-10-17 13:00:00,13.52,13.5999,13.47,13.47,1911
20,244,2018-10-17 13:30:00,13.56,13.56,13.47,13.47,225
21,243,2018-10-17 14:00:00,13.5078,13.5078,13.5078,13.5078,357
22,242,2018-10-17 14:30:00,13.555,13.555,13.52,13.53,300
23,241,2018-10-17 15:00:00,13.54,13.5648,13.54,13.54,900
24,240,2018-10-17 15:30:00,13.59,13.6,13.54,13.54,1551
25,239,2018-10-17 16:00:00,13.56,13.61,13.54,13.5701,3167
26,238,2018-10-18 10:00:00,13.235,13.235,13.235,13.235,100
27,237,2018-10-18 10:30:00,13.54,13.54,13.135,13.22,2798
28,236,2018-10-18 11:00:00,13.15,13.3,13.13,13.3,800
29,235,2018-10-18 11:30:00,13.23,13.27,12.86,13.02,7260
30,234,2018-10-18 12:00:00,13.035,13.05,12.95,12.95,1500
31,233,2018-10-18 12:30:00,12.86,12.94,12.79,12.79,1070
32,232,2018-10-18 13:00:00,12.8,12.8,12.79,12.79,2115
33,231,2018-10-18 13:30:00,12.706,12.74,12.61,12.61,1532
34,230,2018-10-18 14:00:00,12.61,12.61,12.51,12.51,1929
35,229,2018-10-18 14:30:00,12.5,12.5,12.28,12.39,3073
36,228,2018-10-18 15:00:00,12.48,12.5099,12.45,12.45,1170
37,227,2018-10-18 15:30:00,12.44,12.475,12.3599,12.3599,2060
38,226,2018-10-18 16:00:00,12.3303,12.35,12.18,12.18,10167
39,225,2018-10-19 10:00:00,12.31,12.54,12.19,12.525,4438
40,224,2018-10-19 10:30:00,12.55,12.9,12.55,12.9,1243
41,223,2018-10-19 11:00:00,12.825,13.0,12.82,12.905,1003
42,222,2018-10-19 11:30:00,12.92,13.18,12.92,13.18,6064
43,221,2018-10-19 12:30:00,13.2,13.2,13.07,13.105,3860
44,220,2018-10-19 13:00:00,13.07,13.15,13.07,13.15,2549
45,219,2018-10-19 13:30:00,13.23,13.23,13.23,13.23,132
46,218,2018-10-19 14:30:00,13.23,13.43,13.2,13.43,2483
47,217,2018-10-19 15:00:00,13.36,13.62,13.35,13.62,5013
48,216,2018-10-19 15:30:00,13.6683,13.6896,13.4,13.4,2850
49,215,2018-10-19 16:00:00,13.42,13.52,13.29,13.36,7962
50,214,2018-10-22 10:00:00,13.4,13.4,13.2074,13.2074,744
51,213,2018-10-22 11:30:00,13.56,13.76,13.47,13.76,1909
52,212,2018-10-22 12:00:00,13.82,14.12,13.82,13.92,12560
53,211,2018-10-22 12:30:00,13.93,14.04,13.91,14.04,4072
54,210,2018-10-22 13:00:00,13.98,14.56,13.96,14.56,5769
55,209,2018-10-22 13:30:00,14.55,14.85,14.42,14.85,3557
56,208,2018-10-22 14:00:00,14.9,15.06,14.89,15.0,1868
57,207,2018-10-22 14:30:00,14.9701,15.0,14.81,14.84,5273
58,206,2018-10-22 15:00:00,14.695,14.83,14.56,14.8,12032
59,205,2018-10-22 15:30:00,14.8,14.8,14.63,14.7463,4182
60,204,2018-10-22 16:00:00,14.66,14.76,14.47,14.64,8092
61,203,2018-10-23 10:00:00,14.13,14.25,14.13,14.25,2227
62,202,2018-10-23 10:30:00,14.18,14.18,13.76,13.76,2291
63,201,2018-10-23 11:00:00,13.635,13.635,13.635,13.635,100
64,200,2018-10-23 11:30:00,13.52,13.64,13.52,13.64,766
65,199,2018-10-23 12:00:00,13.66,13.66,13.66,13.66,100
66,198,2018-10-23 12:30:00,13.77,13.78,13.77,13.78,500
67,197,2018-10-23 13:00:00,13.8515,13.8515,13.8515,13.8515,100
68,196,2018-10-23 13:30:00,13.885,13.885,13.885,13.885,100
69,195,2018-10-23 14:00:00,13.87,13.95,13.765,13.9003,3625
70,194,2018-10-23 14:30:00,14.05,14.19,14.05,14.19,405
71,193,2018-10-23 15:00:00,14.261,14.3,14.1801,14.1801,1200
72,192,2018-10-23 15:30:00,14.18,14.19,14.07,14.18,1376
73,191,2018-10-23 16:00:00,14.21,14.27,14.05,14.2,3763
74,190,2018-10-24 10:00:00,14.195,14.4,14.13,14.25,2700
75,189,2018-10-24 10:30:00,14.3757,14.47,14.24,14.47,6422
76,188,2018-10-24 11:00:00,14.42,14.6,14.42,14.51,1420
77,187,2018-10-24 11:30:00,14.6,14.84,14.51,14.51,7816
78,186,2018-10-24 12:00:00,14.57,14.57,14.235,14.51,1620
79,185,2018-10-24 12:30:00,14.56,14.8,14.56,14.78,1280
80,184,2018-10-24 13:00:00,14.75,15.15,14.75,15.15,6265
81,183,2018-10-24 13:30:00,14.96,14.98,14.825,14.9,2060
82,182,2018-10-24 14:00:00,14.91,15.18,14.91,15.1599,2258
83,181,2018-10-24 14:30:00,15.16,15.16,14.87,14.91,4171
84,180,2018-10-24 15:00:00,14.91,15.0,14.91,14.98,5021
85,179,2018-10-24 15:30:00,14.94,14.95,14.79,14.85,5905
86,178,2018-10-24 16:00:00,14.83,14.94,14.33,14.52,7883
87,177,2018-10-25 10:00:00,14.125,14.318,14.125,14.21,1270
88,176,2018-10-25 10:30:00,14.4677,14.735,14.38,14.465,2120
89,175,2018-10-25 11:00:00,14.73,14.74,14.47,14.74,915
90,174,2018-10-25 11:30:00,14.48,15.01,14.48,14.8801,1652
91,173,2018-10-25 12:00:00,14.97,15.55,14.97,15.28,4209
92,172,2018-10-25 12:30:00,15.38,15.38,15.02,15.16,1900
93,171,2018-10-25 13:00:00,15.12,15.14,14.97,15.065,1901
94,170,2018-10-25 13:30:00,15.0747,15.265,15.0747,15.265,1855
95,169,2018-10-25 14:00:00,15.12,15.55,15.12,15.55,3327
96,168,2018-10-25 14:30:00,15.545,15.8284,15.36,15.67,8974
97,167,2018-10-25 15:00:00,15.925,15.93,15.605,15.69,2020
98,166,2018-10-25 15:30:00,15.62,15.69,15.43,15.565,6238
99,165,2018-10-25 16:00:00,15.54,15.7,15.5,15.56,13295
100,164,2018-10-26 10:00:00,15.29,15.29,14.7,14.81,9781
101,163,2018-10-26 10:30:00,14.83,14.8723,14.71,14.71,5715
102,162,2018-10-26 11:00:00,14.62,14.62,14.2001,14.4206,2755
103,161,2018-10-26 11:30:00,14.44,14.44,14.29,14.29,305
104,160,2018-10-26 12:00:00,14.38,14.43,14.38,14.43,1056
105,159,2018-10-26 12:30:00,14.39,14.4,14.26,14.4,1763
106,158,2018-10-26 13:00:00,14.37,14.7,14.37,14.6463,2120
107,157,2018-10-26 13:30:00,14.65,14.68,14.6,14.6,1956
108,156,2018-10-26 14:00:00,14.62,14.67,14.55,14.67,1554
109,155,2018-10-26 14:30:00,14.57,14.575,14.34,14.34,1990
110,154,2018-10-26 15:00:00,14.34,14.35,14.21,14.27,1569
111,153,2018-10-26 15:30:00,14.25,14.43,14.23,14.42,1653
112,152,2018-10-26 16:00:00,14.34,14.68,14.26,14.68,17417
113,151,2018-10-29 10:00:00,14.66,14.7456,14.66,14.7456,619
114,150,2018-10-29 10:30:00,14.9,14.94,14.67,14.94,500
115,149,2018-10-29 11:00:00,14.94,14.94,14.65,14.91,3427
116,148,2018-10-29 11:30:00,14.92,14.92,14.7267,14.825,1400
117,147,2018-10-29 12:00:00,14.87,14.95,14.82,14.9419,768
118,146,2018-10-29 12:30:00,15.0,15.0,14.79,14.95,1597
119,145,2018-10-29 13:00:00,14.85,15.46,14.85,15.1,4149
120,144,2018-10-29 13:30:00,15.12,15.39,15.07,15.07,422
121,143,2018-10-29 14:00:00,15.26,15.55,15.26,15.53,1580
122,142,2018-10-29 14:30:00,15.79,15.93,15.59,15.59,1422
123,141,2018-10-29 15:00:00,15.75,15.84,15.29,15.29,4066
124,140,2018-10-29 15:30:00,15.37,15.37,14.97,15.065,4971
125,139,2018-10-29 16:00:00,14.78,14.885,14.485,14.74,7584
126,138,2018-10-30 10:00:00,14.77,14.77,14.3117,14.3117,961
127,137,2018-10-30 10:30:00,14.6475,14.67,14.6475,14.67,305
128,136,2018-10-30 11:00:00,14.68,14.8,14.68,14.8,1170
129,135,2018-10-30 11:30:00,14.76,14.76,14.76,14.76,524
130,134,2018-10-30 12:00:00,14.62,14.62,14.61,14.61,416
131,133,2018-10-30 12:30:00,14.62,14.62,14.52,14.52,355
132,132,2018-10-30 13:00:00,14.52,14.52,14.2466,14.2466,1836
133,131,2018-10-30 13:30:00,14.24,14.32,14.13,14.32,1789
134,130,2018-10-30 14:00:00,14.3,14.3,13.901,14.005,2054
135,129,2018-10-30 14:30:00,14.02,14.02,13.95,13.995,1476
136,128,2018-10-30 15:00:00,13.95,14.19,13.95,14.15,2322
137,127,2018-10-30 15:30:00,14.15,14.185,13.96,13.96,3310
138,126,2018-10-30 16:00:00,13.97,14.16,13.96,14.105,6368
139,125,2018-10-31 10:00:00,14.21,14.21,14.21,14.21,224
140,124,2018-10-31 11:00:00,14.3694,14.3694,14.3694,14.3694,100
141,123,2018-10-31 11:30:00,14.04,14.04,14.04,14.04,179
142,122,2018-10-31 12:00:00,14.21,14.33,14.21,14.33,1280
143,121,2018-10-31 12:30:00,14.22,14.22,13.92,13.92,230
144,120,2018-10-31 13:30:00,13.93,13.93,13.93,13.93,1036
145,119,2018-10-31 14:00:00,13.8411,13.8411,13.73,13.73,4222
146,118,2018-10-31 14:30:00,13.72,13.79,13.72,13.79,400
147,117,2018-10-31 15:00:00,13.75,13.75,13.74,13.74,909
148,116,2018-10-31 15:30:00,13.7,13.84,13.7,13.76,719
149,115,2018-10-31 16:00:00,13.8378,13.93,13.76,13.93,715
150,114,2018-11-01 10:00:00,13.91,13.91,13.91,13.91,248
151,113,2018-11-01 10:30:00,13.89,13.91,13.815,13.815,1019
152,112,2018-11-01 11:00:00,13.815,13.8225,13.815,13.815,1248
153,111,2018-11-01 11:30:00,13.84,13.89,13.8,13.885,2398
154,110,2018-11-01 12:00:00,13.875,13.875,13.875,13.875,200
155,109,2018-11-01 12:30:00,13.8715,13.8715,13.8715,13.8715,310
156,108,2018-11-01 13:00:00,13.84,13.915,13.8,13.8,3019
157,107,2018-11-01 13:30:00,13.79,13.86,13.75,13.82,2455
158,106,2018-11-01 14:00:00,13.75,13.76,13.67,13.67,1692
159,105,2018-11-01 14:30:00,13.68,13.86,13.67,13.775,1300
160,104,2018-11-01 15:00:00,13.775,13.775,13.69,13.73,1455
161,103,2018-11-01 15:30:00,13.74,13.74,13.585,13.585,6435
162,102,2018-11-01 16:00:00,13.6,14.0,13.6,13.87,11164
163,101,2018-11-02 10:00:00,13.85,15.08,13.85,15.01,2544
164,100,2018-11-02 11:00:00,14.935,15.0,14.935,15.0,1197
165,99,2018-11-02 11:30:00,15.1303,15.2551,14.88,14.9,4841
166,98,2018-11-02 12:00:00,14.73,14.73,14.68,14.68,303
167,97,2018-11-02 12:30:00,14.63,14.68,14.45,14.45,3241
168,96,2018-11-02 13:00:00,14.41,14.47,14.27,14.47,1778
169,95,2018-11-02 13:30:00,14.26,14.26,14.24,14.24,356
170,94,2018-11-02 14:00:00,14.36,14.37,14.36,14.37,974
171,93,2018-11-02 14:30:00,14.475,14.73,14.475,14.73,3033
172,92,2018-11-02 15:00:00,14.8763,14.95,14.83,14.8758,2389
173,91,2018-11-02 15:30:00,14.83,14.92,14.83,14.92,521
174,90,2018-11-02 16:00:00,14.9,15.03,14.83,14.92,4637
175,89,2018-11-05 10:30:00,14.9757,15.0067,14.9757,15.0067,221
176,88,2018-11-05 11:00:00,15.0252,15.03,15.0252,15.03,579
177,87,2018-11-05 11:30:00,14.93,14.93,14.93,14.93,105
178,86,2018-11-05 12:00:00,15.01,15.03,15.01,15.03,671
179,85,2018-11-05 12:30:00,15.12,15.295,15.12,15.295,3296
180,84,2018-11-05 13:00:00,15.16,15.16,15.16,15.16,105
181,83,2018-11-05 13:30:00,15.2,15.276,14.81,15.09,5844
182,82,2018-11-05 14:00:00,14.85,14.95,14.85,14.95,425
183,81,2018-11-05 14:30:00,15.01,15.01,14.98,15.0,374
184,80,2018-11-05 15:00:00,14.97,14.97,14.81,14.82,1770
185,79,2018-11-05 15:30:00,14.8,14.8,14.65,14.66,1846
186,78,2018-11-05 16:00:00,14.68,14.74,14.66,14.69,1890
187,77,2018-11-06 10:00:00,14.8193,14.8193,14.63,14.63,3350
188,76,2018-11-06 10:30:00,14.63,14.9,14.63,14.9,2610
189,75,2018-11-06 11:30:00,14.66,14.66,14.48,14.48,1150
190,74,2018-11-06 12:00:00,14.48,14.48,14.48,14.48,100
191,73,2018-11-06 12:30:00,14.175,14.2988,14.175,14.2988,304
192,72,2018-11-06 13:00:00,14.5574,14.5574,14.29,14.37,500
193,71,2018-11-06 13:30:00,14.35,14.35,13.925,14.15,4449
194,70,2018-11-06 14:00:00,14.1111,14.1897,13.95,14.14,2785
195,69,2018-11-06 14:30:00,13.975,13.975,13.975,13.975,200
196,68,2018-11-06 15:00:00,14.04,14.2985,14.04,14.275,2247
197,67,2018-11-06 15:30:00,14.25,14.289000000000001,14.14,14.14,1220
198,66,2018-11-06 16:00:00,14.14,14.36,14.14,14.35,1546
199,65,2018-11-07 09:30:00,14.25,14.25,14.25,14.25,1600
200,64,2018-11-07 10:00:00,14.25,14.25,14.25,14.25,354
201,63,2018-11-07 10:30:00,14.3,14.3,14.28,14.28,671
202,62,2018-11-07 11:00:00,14.12,14.12,14.12,14.12,110
203,61,2018-11-07 11:30:00,14.12,14.2915,14.085,14.085,2455
204,60,2018-11-07 12:00:00,14.09,14.09,13.89,13.94,4782
205,59,2018-11-07 12:30:00,13.91,14.16,13.91,14.16,1437
206,58,2018-11-07 14:00:00,14.1355,14.15,14.0,14.0,2846
207,57,2018-11-07 14:30:00,14.02,14.03,14.01,14.01,316
208,56,2018-11-07 15:30:00,14.04,14.0699,14.03,14.0699,782
209,55,2018-11-07 16:00:00,14.02,14.03,13.97,13.97,2621
210,54,2018-11-08 10:00:00,13.765,13.9542,13.755,13.9542,700
211,53,2018-11-08 10:30:00,14.0538,14.0538,14.0538,14.0538,200
212,52,2018-11-08 11:00:00,14.06,14.1,13.95,14.1,1300
213,51,2018-11-08 12:00:00,13.92,13.92,13.92,13.92,100
214,50,2018-11-08 13:00:00,13.86,13.86,13.86,13.86,100
215,49,2018-11-08 13:30:00,13.99,13.99,13.99,13.99,539
216,48,2018-11-08 14:00:00,13.87,14.04,13.8,14.04,1995
217,47,2018-11-08 14:30:00,13.94,13.94,13.94,13.94,100
218,46,2018-11-08 15:00:00,13.89,13.9028,13.87,13.87,731
219,45,2018-11-08 15:30:00,13.97,13.97,13.97,13.97,200
220,44,2018-11-08 16:00:00,13.97,14.35,13.97,14.35,5598
221,43,2018-11-09 10:30:00,14.39,14.39,14.1245,14.1245,610
222,42,2018-11-09 11:00:00,14.09,14.09,14.09,14.09,100
223,41,2018-11-09 11:30:00,14.308,14.308,13.93,13.93,1897
224,40,2018-11-09 12:00:00,13.87,13.87,13.87,13.87,100
225,39,2018-11-09 13:30:00,13.91,14.08,13.61,13.7,9322
226,38,2018-11-09 14:00:00,13.75,13.81,13.72,13.72,2643
227,37,2018-11-09 14:30:00,13.61,13.71,13.56,13.585,2900
228,36,2018-11-09 15:00:00,13.56,13.62,13.55,13.62,1284
229,35,2018-11-09 15:30:00,13.4872,13.59,13.4872,13.59,505
230,34,2018-11-09 16:00:00,13.55,13.63,13.5,13.56,2817
231,33,2018-11-12 10:00:00,13.59,13.59,13.59,13.59,100
232,32,2018-11-12 12:00:00,13.6425,13.6425,13.6425,13.6425,275
233,31,2018-11-12 12:30:00,13.48,13.575,13.47,13.575,544
234,30,2018-11-12 13:00:00,13.44,13.48,13.33,13.46,2639
235,29,2018-11-12 13:30:00,13.39,13.4,13.25,13.385,1521
236,28,2018-11-12 14:00:00,13.27,13.54,13.27,13.54,1690
237,27,2018-11-12 14:30:00,13.55,13.55,13.55,13.55,315
238,26,2018-11-12 15:00:00,13.5,13.51,13.5,13.51,460
239,25,2018-11-12 15:30:00,13.51,13.51,13.45,13.45,405
240,24,2018-11-12 16:00:00,13.45,13.67,13.4,13.67,4370
241,23,2018-11-13 10:00:00,13.74,13.74,13.74,13.74,100
242,22,2018-11-13 11:30:00,13.8,14.17,13.8,14.11,3095
243,21,2018-11-13 12:00:00,13.81,14.2,13.81,14.2,1100
244,20,2018-11-13 12:30:00,14.145,15.0,14.135,15.0,11555
245,19,2018-11-13 13:00:00,15.02,15.17,14.89,15.07,2043
246,18,2018-11-13 13:30:00,14.88,15.09,14.88,15.08,5270
247,17,2018-11-13 14:00:00,14.9972,15.03,14.9,15.02,750
248,16,2018-11-13 14:30:00,14.91,14.91,14.55,14.69,3421
249,15,2018-11-13 15:00:00,14.58,14.82,14.54,14.54,700
250,14,2018-11-13 15:30:00,14.665,14.7206,14.305,14.33,1995
251,13,2018-11-13 16:00:00,14.5,14.66,14.32,14.54,7918
252,12,2018-11-14 10:00:00,14.76,15.3467,14.55,15.32,5665
253,11,2018-11-14 10:30:00,15.32,15.35,15.06,15.18,4618
254,10,2018-11-14 11:00:00,15.185,15.25,15.11,15.2,1802
255,9,2018-11-14 11:30:00,15.28,15.3,14.78,14.78,5722
256,8,2018-11-14 12:00:00,14.69,14.7314,14.59,14.715,1600
257,7,2018-11-14 12:30:00,14.6,14.81,14.55,14.67,6155
258,6,2018-11-14 13:00:00,14.775,14.79,14.57,14.74,1597
259,5,2018-11-14 13:30:00,14.73,14.85,14.73,14.79,302
260,4,2018-11-14 14:00:00,14.65,14.79,14.64,14.64,2935
261,3,2018-11-14 14:30:00,14.4,14.495,14.31,14.39,3080
262,2,2018-11-14 15:00:00,14.29,14.37,14.06,14.37,2132
263,1,2018-11-14 15:30:00,14.37,14.445,14.22,14.445,1138
264,0,2018-11-14 16:00:00,14.43,14.45,14.19,14.26,3157
265,225,2018-11-15 10:00:00,14.11,14.21,14.0,14.21,5832
266,224,2018-11-15 10:30:00,14.0342,14.0342,13.8,13.8,2741
267,223,2018-11-15 11:00:00,13.8,13.8751,13.7,13.8751,2624
268,222,2018-11-15 11:30:00,13.7,13.7545,13.5,13.615,11446
269,221,2018-11-15 12:00:00,13.63,13.7363,13.59,13.59,1800
270,220,2018-11-15 13:00:00,13.4937,13.4937,13.36,13.42,3553
271,219,2018-11-15 13:30:00,13.47,13.52,13.47,13.48,1647
272,218,2018-11-15 14:00:00,13.45,13.455,13.45,13.45,1100
273,217,2018-11-15 14:30:00,13.385,13.41,13.34,13.37,3395
274,216,2018-11-15 15:00:00,13.4139,13.4139,13.35,13.35,1641
275,215,2018-11-15 15:30:00,13.34,13.34,13.3,13.34,1773
276,214,2018-11-15 16:00:00,13.31,13.37,13.31,13.37,872
277,213,2018-11-16 10:00:00,13.4,13.5228,13.29,13.5228,6107
278,212,2018-11-16 11:00:00,13.39,13.4512,13.38,13.445,2059
279,211,2018-11-16 11:30:00,13.42,13.52,13.37,13.37,3310
280,210,2018-11-16 12:00:00,13.35,13.37,13.29,13.33,3985
281,209,2018-11-16 13:00:00,13.495,13.55,13.495,13.55,580
282,208,2018-11-16 13:30:00,13.44,13.44,13.15,13.3466,3306
283,207,2018-11-16 14:00:00,13.27,13.2772,13.2,13.2772,4589
284,206,2018-11-16 14:30:00,13.23,13.3,13.23,13.3,2389
285,205,2018-11-16 15:00:00,13.34,13.34,13.3,13.3,200
286,204,2018-11-16 15:30:00,13.32,13.38,13.32,13.38,474
287,203,2018-11-16 16:00:00,13.34,13.48,13.34,13.43,4523
288,202,2018-11-19 10:00:00,13.29,13.4,13.13,13.13,319
289,201,2018-11-19 10:30:00,13.27,13.27,13.27,13.27,4900
290,200,2018-11-19 11:30:00,13.44,13.44,13.075,13.075,304
291,199,2018-11-19 12:00:00,13.14,13.14,12.82,12.82,2397
292,198,2018-11-19 12:30:00,12.85,12.88,12.85,12.88,201
293,197,2018-11-19 13:00:00,12.88,12.88,12.62,12.62,2198
294,196,2018-11-19 13:30:00,12.64,12.65,12.37,12.42,3312
295,195,2018-11-19 14:00:00,12.18,12.27,12.18,12.27,400
296,194,2018-11-19 14:30:00,12.3,12.42,12.17,12.42,3410
297,193,2018-11-19 15:00:00,12.49,12.51,12.45,12.475,980
298,192,2018-11-19 15:30:00,12.59,12.59,12.59,12.59,100
299,191,2018-11-19 16:00:00,12.59,12.65,12.505,12.505,1752
300,190,2018-11-20 10:00:00,12.29,12.46,12.2153,12.2153,622
301,189,2018-11-20 10:30:00,12.31,12.46,12.25,12.46,6200
302,188,2018-11-20 11:00:00,12.68,12.68,12.68,12.68,100
303,187,2018-11-20 11:30:00,12.59,12.64,12.35,12.35,4832
304,186,2018-11-20 12:00:00,12.19,12.19,12.18,12.18,1168
305,185,2018-11-20 13:00:00,12.06,12.09,12.06,12.08,1264
306,184,2018-11-20 13:30:00,12.12,12.12,11.84,11.91,1301
307,183,2018-11-20 14:00:00,11.97,12.15,11.91,11.91,14449
308,182,2018-11-20 14:30:00,12.01,12.19,12.01,12.19,906
309,181,2018-11-20 15:00:00,12.12,12.21,11.97,12.0137,4564
310,180,2018-11-20 15:30:00,11.96,12.02,11.96,11.965,1315
311,179,2018-11-20 16:00:00,11.91,12.0,11.7405,11.86,4833
312,178,2018-11-21 10:00:00,11.9,11.9891,11.8,11.9,1500
313,177,2018-11-21 10:30:00,11.9,12.0,11.89,11.9,7074
314,176,2018-11-21 11:00:00,11.9,11.95,11.88,11.9,3707
315,175,2018-11-21 11:30:00,12.015,12.015,11.95,11.96,423
316,174,2018-11-21 12:00:00,11.95,12.03,11.95,11.95,1088
317,173,2018-11-21 12:30:00,12.02,12.02,11.97,11.97,410
318,172,2018-11-21 13:00:00,11.95,12.0,11.95,12.0,414
319,171,2018-11-21 13:30:00,12.0,12.0,12.0,12.0,611
320,170,2018-11-21 14:00:00,12.0,12.01,11.95,12.0,4639
321,169,2018-11-21 14:30:00,11.99,12.0,11.96,11.96,1352
322,168,2018-11-21 15:30:00,12.02,12.02,11.94,11.94,735
323,167,2018-11-21 16:00:00,12.08,12.08,11.86,11.95,1495
324,166,2018-11-23 10:00:00,12.0,12.0,12.0,12.0,850
325,165,2018-11-23 10:30:00,12.19,12.22,12.045,12.22,600
326,164,2018-11-23 11:00:00,12.045,12.24,11.97,11.97,3722
327,163,2018-11-23 11:30:00,12.075,12.33,12.075,12.2703,2100
328,162,2018-11-23 12:00:00,12.235,13.02,12.235,12.575,4300
329,161,2018-11-23 12:30:00,12.68,12.99,12.37,12.99,3330
330,160,2018-11-23 13:00:00,13.0,13.0,12.64,12.64,1976
331,159,2018-11-23 13:30:00,12.66,12.66,12.66,12.66,376
332,158,2018-11-26 10:00:00,12.78,12.86,12.46,12.7973,3946
333,157,2018-11-26 11:00:00,12.82,13.04,12.82,13.04,926
334,156,2018-11-26 12:00:00,13.28,13.28,13.28,13.28,105
335,155,2018-11-26 12:30:00,13.28,13.28,12.825,12.825,1789
336,154,2018-11-26 13:00:00,12.8752,13.38,12.8752,13.38,231
337,153,2018-11-26 13:30:00,13.3101,13.45,13.3101,13.45,310
338,152,2018-11-26 14:00:00,13.34,13.34,13.34,13.34,111
339,151,2018-11-26 14:30:00,13.39,13.44,13.34,13.44,737
340,150,2018-11-26 15:00:00,13.44,13.6,13.43,13.52,2110
341,149,2018-11-26 15:30:00,13.54,13.95,13.47,13.95,3081
342,148,2018-11-26 16:00:00,13.95,14.38,13.745,14.19,9295
343,147,2018-11-27 10:00:00,13.93,13.93,13.58,13.58,575
344,146,2018-11-27 10:30:00,13.98,14.04,13.78,14.04,1040
345,145,2018-11-27 11:00:00,14.18,14.2,14.13,14.2,1164
346,144,2018-11-27 12:00:00,14.289000000000001,14.289000000000001,14.289000000000001,14.289000000000001,100
347,143,2018-11-27 12:30:00,14.09,14.14,14.06,14.14,572
348,142,2018-11-27 13:00:00,14.07,14.11,14.01,14.05,1469
349,141,2018-11-27 13:30:00,14.04,14.05,13.95,14.0,1600
350,140,2018-11-27 14:00:00,13.87,13.87,13.67,13.67,815
351,139,2018-11-27 14:30:00,13.57,13.57,13.38,13.38,1810
352,138,2018-11-27 15:00:00,13.44,13.58,13.44,13.58,831
353,137,2018-11-27 16:00:00,13.64,13.84,13.64,13.69,2948
354,136,2018-11-28 10:00:00,13.7539,13.7539,13.7539,13.7539,300
355,135,2018-11-28 10:30:00,13.89,13.89,13.89,13.89,100
356,134,2018-11-28 11:00:00,13.635,13.635,13.635,13.635,150
357,133,2018-11-28 11:30:00,13.765,13.765,13.49,13.51,400
358,132,2018-11-28 12:00:00,13.9625,13.9625,13.9625,13.9625,500
359,131,2018-11-28 12:30:00,13.61,13.84,13.56,13.59,3100
360,130,2018-11-28 13:00:00,13.57,13.62,13.3401,13.56,12207
361,129,2018-11-28 13:30:00,13.46,13.535,13.16,13.16,3970
362,128,2018-11-28 14:00:00,13.12,13.36,13.1,13.1,691
363,127,2018-11-28 14:30:00,13.25,13.25,13.25,13.25,100
364,126,2018-11-28 15:00:00,13.13,13.37,13.13,13.37,2646
365,125,2018-11-28 15:30:00,13.5,13.6,13.39,13.39,976
366,124,2018-11-28 16:00:00,13.52,13.7389,13.4001,13.4001,5564
367,123,2018-11-29 11:00:00,13.44,13.44,13.11,13.11,4870
368,122,2018-11-29 11:30:00,13.34,13.34,13.33,13.33,427
369,121,2018-11-29 12:00:00,13.42,13.42,13.35,13.35,1458
370,120,2018-11-29 12:30:00,13.35,13.35,13.35,13.35,106
371,119,2018-11-29 13:30:00,13.57,13.57,13.57,13.57,1052
372,118,2018-11-29 15:00:00,13.5,13.51,13.5,13.5,645
373,117,2018-11-29 15:30:00,13.45,13.47,13.43,13.45,866
374,116,2018-11-29 16:00:00,13.5,13.55,13.43,13.5,5326
375,115,2018-11-30 10:00:00,13.12,13.31,12.99,13.07,1010
376,114,2018-11-30 11:00:00,13.2516,13.2516,13.07,13.25,2167
377,113,2018-11-30 12:00:00,13.08,13.08,13.08,13.08,400
378,112,2018-11-30 12:30:00,13.06,13.08,13.06,13.08,200
379,111,2018-11-30 13:00:00,13.08,13.08,12.75,12.88,4556
380,110,2018-11-30 13:30:00,13.03,13.03,13.015,13.015,765
381,109,2018-11-30 14:00:00,13.06,13.06,13.06,13.06,100
382,108,2018-11-30 15:30:00,13.08,13.08,13.08,13.08,318
383,107,2018-11-30 16:00:00,12.85,12.85,12.525,12.53,5351
384,106,2018-11-30 18:00:00,13.0,13.0,13.0,13.0,100
385,105,2018-12-03 10:00:00,12.9,13.0,12.51,12.51,4890
386,104,2018-12-03 10:30:00,12.66,12.77,12.0801,12.77,9296
387,103,2018-12-03 11:30:00,12.66,12.66,12.59,12.59,200
388,102,2018-12-03 12:00:00,12.59,12.65,12.54,12.65,905
389,101,2018-12-03 12:30:00,12.7741,12.7741,12.7741,12.7741,1850
390,100,2018-12-03 13:00:00,12.52,12.52,12.52,12.52,100
391,99,2018-12-03 13:30:00,12.73,12.75,12.7248,12.7248,518
392,98,2018-12-03 14:00:00,12.66,12.66,12.66,12.66,100
393,97,2018-12-03 14:30:00,12.7286,12.82,12.7286,12.82,300
394,96,2018-12-03 15:00:00,12.81,12.81,12.81,12.81,200
395,95,2018-12-03 16:00:00,12.83,12.95,12.83,12.95,2614
396,94,2018-12-04 10:00:00,12.96,12.98,12.67,12.67,700
397,93,2018-12-04 11:30:00,12.67,12.97,12.455,12.53,2310
398,92,2018-12-04 12:00:00,12.6,12.6,12.55,12.6,803
399,91,2018-12-04 12:30:00,12.6,12.6649,12.6,12.65,2452
400,90,2018-12-04 13:00:00,12.6,12.69,12.6,12.663,2682
401,89,2018-12-04 14:00:00,12.44,12.465,12.15,12.15,2709
402,88,2018-12-04 14:30:00,12.16,12.34,12.16,12.18,401
403,87,2018-12-04 15:00:00,12.13,12.13,12.11,12.11,200
404,86,2018-12-04 15:30:00,12.05,12.22,12.04,12.07,1799
405,85,2018-12-04 16:00:00,12.21,12.21,11.96,12.13,1503
406,84,2018-12-06 10:00:00,11.79,11.79,11.42,11.42,2800
407,83,2018-12-06 10:30:00,11.76,11.76,11.4,11.42,1729
408,82,2018-12-06 11:00:00,11.42,11.61,11.4,11.4,4560
409,81,2018-12-06 11:30:00,11.4,11.5,11.04,11.5,1815
410,80,2018-12-06 12:00:00,11.1,11.3815,11.04,11.3815,900
411,79,2018-12-06 12:30:00,11.03,11.43,11.02,11.09,1245
412,78,2018-12-06 13:00:00,11.08,11.3079,11.05,11.05,2800
413,77,2018-12-06 13:30:00,11.04,11.26,11.01,11.05,500
414,76,2018-12-06 14:00:00,11.05,11.22,11.02,11.06,800
415,75,2018-12-06 14:30:00,11.13,11.29,11.1,11.1,2981
416,74,2018-12-06 15:00:00,11.1485,11.1485,10.71,10.76,5896
417,73,2018-12-06 15:30:00,10.9,11.2178,10.8,11.17,14841
418,72,2018-12-06 16:00:00,11.0,11.11,10.75,11.04,3918
419,71,2018-12-07 10:00:00,10.9,11.11,10.62,11.0,3128
420,70,2018-12-07 10:30:00,10.9,10.9,10.71,10.825,5980
421,69,2018-12-07 11:00:00,10.72,10.89,10.66,10.89,500
422,68,2018-12-07 11:30:00,10.83,10.83,10.71,10.71,310
423,67,2018-12-07 12:00:00,10.78,10.8,10.51,10.51,5025
424,66,2018-12-07 12:30:00,10.26,10.26,10.26,10.26,150
425,65,2018-12-07 13:00:00,10.44,10.49,10.2,10.2,3705
426,64,2018-12-07 13:30:00,10.305,10.565,10.305,10.45,2755
427,63,2018-12-07 14:00:00,10.45,10.45,10.27,10.27,945
428,62,2018-12-07 14:30:00,10.2,10.2,9.99,10.11,13746
429,61,2018-12-07 15:00:00,10.1,10.1176,9.9,10.025,3674
430,60,2018-12-07 15:30:00,9.91,9.91,9.27,9.27,10089
431,59,2018-12-07 16:00:00,9.5673,9.58,9.3224,9.5,7515
432,58,2018-12-10 10:00:00,9.52,9.6943,9.52,9.5762,399
433,57,2018-12-10 10:30:00,9.54,9.54,9.45,9.5,2838
434,56,2018-12-10 11:00:00,9.52,9.94,9.4434,9.94,17440
435,55,2018-12-10 11:30:00,10.04,10.04,9.75,9.78,2073
436,54,2018-12-10 12:00:00,9.8004,9.8004,9.8004,9.8004,100
437,53,2018-12-10 13:00:00,9.795,9.795,9.795,9.795,102
438,52,2018-12-10 13:30:00,9.785,9.785,9.785,9.785,104
439,51,2018-12-10 14:00:00,9.84,9.86,9.8213,9.8213,740
440,50,2018-12-10 15:00:00,9.91,10.2904,9.91,10.2904,5186
441,49,2018-12-10 15:30:00,10.418,10.418,10.24,10.26,300
442,48,2018-12-10 16:00:00,10.25,10.41,10.24,10.38,4330
443,47,2018-12-11 10:00:00,10.47,10.73,10.47,10.495,1383
444,46,2018-12-11 11:00:00,10.4906,10.4906,10.4906,10.4906,299
445,45,2018-12-11 11:30:00,10.55,10.55,10.26,10.445,2218
446,44,2018-12-11 12:00:00,10.375,10.49,10.2,10.2,1028
447,43,2018-12-11 12:30:00,10.42,10.42,10.03,10.21,2377
448,42,2018-12-11 13:00:00,9.943,10.17,9.9,9.9,1438
449,41,2018-12-11 13:30:00,9.8,9.8,9.75,9.75,3100
450,40,2018-12-11 16:00:00,9.33,9.53,9.28,9.35,3427
451,39,2018-12-12 10:00:00,9.47,9.86,9.47,9.6681,5726
452,38,2018-12-12 10:30:00,9.9,9.93,9.8895,9.93,500
453,37,2018-12-12 11:30:00,10.09,10.09,9.85,10.04,1300
454,36,2018-12-12 12:00:00,10.0,10.22,9.95,10.1536,2278
455,35,2018-12-12 12:30:00,10.0819,10.25,10.0819,10.25,225
456,34,2018-12-12 13:00:00,10.22,10.22,10.22,10.22,100
457,33,2018-12-12 13:30:00,10.16,10.16,10.16,10.16,200
458,32,2018-12-12 14:00:00,10.04,10.2293,10.04,10.21,1100
459,31,2018-12-12 14:30:00,9.94,9.94,9.64,9.64,995
460,30,2018-12-12 15:00:00,9.8193,10.0,9.8,9.9,2509
461,29,2018-12-12 15:30:00,10.02,10.02,9.8122,9.8122,700
462,28,2018-12-12 16:00:00,10.01,10.36,9.86,10.02,7516
463,27,2018-12-13 10:00:00,11.14,11.91,11.14,11.7674,6245
464,26,2018-12-13 10:30:00,11.93,13.5,11.76,11.76,22911
465,25,2018-12-13 11:00:00,11.8296,11.965,11.61,11.85,2227
466,24,2018-12-13 11:30:00,11.83,11.84,11.44,11.615,6059
467,23,2018-12-13 12:00:00,11.6782,11.6782,11.5,11.605,2347
468,22,2018-12-13 12:30:00,11.59,11.61,11.51,11.565,3171
469,21,2018-12-13 13:00:00,11.57,11.57,11.25,11.2529,8086
470,20,2018-12-13 13:30:00,11.25,11.28,10.94,11.05,3510
471,19,2018-12-13 14:00:00,11.09,11.71,11.09,11.26,11049
472,18,2018-12-13 14:30:00,11.15,11.4442,11.1,11.4442,6750
473,17,2018-12-13 15:00:00,11.2,11.46,11.17,11.4,5123
474,16,2018-12-13 15:30:00,11.44,11.46,10.81,10.84,13272
475,15,2018-12-13 16:00:00,10.75,10.99,10.75,10.89,9583
476,14,2018-12-13 16:30:00,10.98,10.98,10.98,10.98,246
477,13,2018-12-14 10:00:00,10.65,10.9,10.65,10.9,1588
478,12,2018-12-14 10:30:00,10.99,10.99,10.73,10.84,300
479,11,2018-12-14 11:00:00,10.88,11.175,10.88,11.175,13033
480,10,2018-12-14 11:30:00,11.11,11.155,10.71,10.71,10348
481,9,2018-12-14 12:00:00,10.75,10.77,10.63,10.7,2417
482,8,2018-12-14 12:30:00,10.6025,10.69,10.5,10.62,4807
483,7,2018-12-14 13:00:00,10.77,10.77,10.71,10.71,210
484,6,2018-12-14 13:30:00,10.775,10.91,10.71,10.91,694
485,5,2018-12-14 14:00:00,10.86,11.11,10.86,10.92,2605
486,4,2018-12-14 14:30:00,10.86,10.86,10.69,10.69,3593
487,3,2018-12-14 15:00:00,10.67,10.67,10.5486,10.58,2525
488,2,2018-12-14 15:30:00,10.625,10.625,10.56,10.625,690
489,1,2018-12-14 16:00:00,10.69,10.7,10.57,10.62,3301
490,0,2018-12-14 16:30:00,10.57,10.57,10.57,10.57,302
491,214,2018-12-17 10:00:00,10.45,10.99,10.45,10.96,2573
492,213,2018-12-17 10:30:00,10.97,11.35,10.97,11.17,2688
493,212,2018-12-17 11:00:00,11.0801,11.15,10.81,10.81,5618
494,211,2018-12-17 11:30:00,10.93,11.35,10.93,11.13,4896
495,210,2018-12-17 12:00:00,11.18,11.18,11.0,11.06,6491
496,209,2018-12-17 12:30:00,11.1,11.1406,10.94,10.94,2685
497,208,2018-12-17 13:00:00,10.9999,10.9999,10.62,10.68,6710
498,207,2018-12-17 13:30:00,10.89,10.91,10.72,10.9,470
499,206,2018-12-17 14:00:00,10.82,10.82,10.63,10.63,2171
500,205,2018-12-17 14:30:00,10.55,10.5525,10.3,10.445,3445
501,204,2018-12-17 15:00:00,10.51,10.69,10.51,10.69,2791
502,203,2018-12-17 15:30:00,10.5696,10.74,10.5696,10.65,500
503,202,2018-12-17 16:00:00,10.76,10.81,10.47,10.63,3062
504,201,2018-12-18 10:00:00,10.47,10.79,10.47,10.47,300
505,200,2018-12-18 10:30:00,10.513,10.513,10.513,10.513,150
506,199,2018-12-18 11:00:00,10.67,10.67,10.63,10.63,300
507,198,2018-12-18 12:00:00,10.84,11.04,10.725,10.925,1702
508,197,2018-12-18 12:30:00,10.925,11.47,10.925,11.39,3812
509,196,2018-12-18 13:00:00,11.12,11.12,11.12,11.12,100
510,195,2018-12-18 13:30:00,11.22,11.33,11.16,11.16,972
511,194,2018-12-18 14:00:00,11.16,11.16,10.99,11.16,1700
512,193,2018-12-18 14:30:00,11.18,11.18,11.18,11.18,100
513,192,2018-12-18 15:00:00,10.985,11.19,10.985,11.19,905
514,191,2018-12-18 15:30:00,11.19,11.21,11.05,11.05,2642
515,190,2018-12-18 16:00:00,11.085,11.09,10.95,10.99,2545
516,189,2018-12-19 10:00:00,10.87,11.03,10.87,10.99,725
517,188,2018-12-19 10:30:00,11.0,11.11,11.0,11.11,501
518,187,2018-12-19 11:00:00,11.11,11.14,10.9458,10.975,3901
519,186,2018-12-19 11:30:00,10.97,11.03,10.91,11.03,8025
520,185,2018-12-19 12:00:00,11.06,11.06,11.02,11.02,200
521,184,2018-12-19 12:30:00,11.03,11.09,11.015,11.055,849
522,183,2018-12-19 13:00:00,11.15,11.15,11.05,11.1,400
523,182,2018-12-19 13:30:00,11.1,11.11,10.975,10.975,2050
524,181,2018-12-19 14:30:00,11.01,11.01,10.925,10.925,322
525,180,2018-12-19 15:00:00,11.04,11.11,10.77,10.84,4490
526,179,2018-12-19 15:30:00,10.8939,10.8939,10.5,10.7,7697
527,178,2018-12-19 16:00:00,10.57,11.0,10.57,10.93,3623
528,177,2018-12-20 10:00:00,11.14,11.15,11.14,11.15,666
529,176,2018-12-20 10:30:00,11.0,11.17,10.97,11.04,1300
530,175,2018-12-20 11:00:00,10.86,10.86,10.86,10.86,200
531,174,2018-12-20 11:30:00,10.86,10.875,10.7,10.7,2389
532,173,2018-12-20 12:00:00,10.79,10.79,10.58,10.626,811
533,172,2018-12-20 12:30:00,10.7,10.7599,10.685,10.7599,1463
534,171,2018-12-20 13:00:00,10.61,10.61,10.448,10.5,2229
535,170,2018-12-20 13:30:00,10.5,10.585,10.47,10.47,1539
536,169,2018-12-20 14:30:00,10.35,10.525,10.15,10.15,2490
537,168,2018-12-20 15:00:00,10.27,10.3,10.19,10.19,1336
538,167,2018-12-20 15:30:00,10.33,10.75,10.33,10.75,1770
539,166,2018-12-20 16:00:00,10.57,10.8,10.57,10.58,1413
540,165,2018-12-21 10:00:00,10.4,10.555,10.4,10.555,1199
541,164,2018-12-21 10:30:00,10.405,10.56,10.23,10.55,4354
542,163,2018-12-21 11:00:00,10.6183,10.6183,10.525,10.545,2200
543,162,2018-12-21 11:30:00,10.56,10.595,10.54,10.54,1801
544,161,2018-12-21 12:00:00,10.52,10.65,10.5107,10.65,1421
545,160,2018-12-21 12:30:00,10.57,10.79,10.57,10.65,11719
546,159,2018-12-21 13:00:00,10.64,10.64,10.49,10.5,11098
547,158,2018-12-21 13:30:00,10.54,10.58,10.5,10.55,1014
548,157,2018-12-21 14:00:00,10.7,10.7,10.7,10.7,100
549,156,2018-12-21 14:30:00,10.7,10.72,10.68,10.68,303
550,155,2018-12-21 15:00:00,10.75,10.94,10.75,10.92,1140
551,154,2018-12-21 15:30:00,10.87,10.94,10.77,10.94,455
552,153,2018-12-21 16:00:00,10.845,11.41,10.725,11.155,15896
553,152,2018-12-24 10:00:00,11.12,11.12,11.12,11.12,318
554,151,2018-12-24 10:30:00,10.84,10.84,10.57,10.635,5823
555,150,2018-12-24 11:00:00,10.75,10.76,10.52,10.72,2955
556,149,2018-12-24 11:30:00,10.73,11.12,10.54,10.72,4407
557,148,2018-12-24 12:00:00,11.04,11.09,10.74,10.8,3170
558,147,2018-12-24 12:30:00,10.75,10.79,10.58,10.71,2110
559,146,2018-12-24 13:00:00,10.71,10.72,10.49,10.605,4039
560,145,2018-12-24 13:30:00,10.54,10.54,10.54,10.54,560
561,144,2018-12-26 10:00:00,10.73,10.775,10.525,10.57,4876
562,143,2018-12-26 10:30:00,10.37,10.42,10.05,10.05,2110
563,142,2018-12-26 11:00:00,10.13,10.13,9.62,9.63,5046
564,141,2018-12-26 11:30:00,9.62,9.88,9.56,9.88,2155
565,140,2018-12-26 12:00:00,9.68,9.73,9.47,9.55,3069
566,139,2018-12-26 12:30:00,9.55,9.82,9.478,9.715,4054
567,138,2018-12-26 13:00:00,9.54,9.79,9.54,9.79,300
568,137,2018-12-26 13:30:00,9.61,9.7,9.6,9.645,630
569,136,2018-12-26 14:00:00,9.5,9.71,9.3377,9.4,3690
570,135,2018-12-26 14:30:00,9.41,9.43,9.23,9.25,2760
571,134,2018-12-26 15:00:00,9.32,9.43,9.24,9.24,3619
572,133,2018-12-26 15:30:00,9.28,9.43,9.24,9.36,1236
573,132,2018-12-26 16:00:00,9.3,9.43,9.15,9.29,12017
574,131,2018-12-27 10:00:00,9.2,9.44,9.2,9.415,13614
575,130,2018-12-27 10:30:00,9.3457,9.54,8.81,8.935,13134
576,129,2018-12-27 11:00:00,8.83,9.04,8.8,8.81,4036
577,128,2018-12-27 11:30:00,8.93,8.93,8.63,8.705,2721
578,127,2018-12-27 12:00:00,8.73,8.8199,8.64,8.78,5453
579,126,2018-12-27 12:30:00,8.775,8.96,8.75,8.85,2016
580,125,2018-12-27 13:00:00,8.96,8.96,8.8832,8.96,616
581,124,2018-12-27 13:30:00,8.94,8.95,8.85,8.9,1304
582,123,2018-12-27 14:00:00,8.85,8.95,8.76,8.85,1530
583,122,2018-12-27 14:30:00,8.8499,8.8499,8.78,8.83,1310
584,121,2018-12-27 15:00:00,8.86,8.99,8.73,8.99,8635
585,120,2018-12-27 15:30:00,8.99,9.2733,8.905,9.2733,2367
586,119,2018-12-27 16:00:00,9.33,9.41,9.05,9.21,8036
587,118,2018-12-28 10:00:00,9.15,9.35,9.15,9.235,3231
588,117,2018-12-28 10:30:00,9.34,9.42,9.2,9.42,2110
589,116,2018-12-28 11:00:00,9.44,9.44,9.315,9.315,350
590,115,2018-12-28 11:30:00,9.2211,9.46,9.2211,9.335,992
591,114,2018-12-28 12:00:00,9.46,9.46,9.22,9.22,200
592,113,2018-12-28 12:30:00,9.335,9.48,9.33,9.48,7223
593,112,2018-12-28 13:00:00,9.48,9.64,9.36,9.64,3985
594,111,2018-12-28 13:30:00,9.65,9.65,9.65,9.65,1220
595,110,2018-12-28 14:30:00,9.77,9.83,9.5,9.6149,987
596,109,2018-12-28 15:00:00,9.725,9.85,9.72,9.85,918
597,108,2018-12-28 15:30:00,9.76,9.9,9.71,9.71,1521
598,107,2018-12-28 16:00:00,9.7101,9.91,9.71,9.91,1954
599,106,2018-12-31 10:00:00,9.75,9.75,9.75,9.75,344
600,105,2018-12-31 10:30:00,9.65,9.65,9.62,9.62,943
601,104,2018-12-31 11:00:00,9.77,9.77,9.77,9.77,100
602,103,2018-12-31 11:30:00,9.46,9.46,9.46,9.46,200
603,102,2018-12-31 12:00:00,9.4505,9.68,9.4505,9.68,204
604,101,2018-12-31 12:30:00,9.48,9.64,9.48,9.64,200
605,100,2018-12-31 13:00:00,9.47,9.47,9.45,9.45,546
606,99,2018-12-31 13:30:00,9.65,9.65,9.2989,9.42,2770
607,98,2018-12-31 14:00:00,9.4,9.4,9.26,9.37,300
608,97,2018-12-31 14:30:00,9.4,9.41,9.4,9.41,200
609,96,2018-12-31 15:00:00,9.325,9.325,9.26,9.26,420
610,95,2018-12-31 15:30:00,9.41,9.41,9.09,9.11,1581
611,94,2018-12-31 16:00:00,9.26,9.42,9.2232,9.41,4949
612,93,2019-01-02 10:00:00,9.24,9.35,9.1,9.27,1614
613,92,2019-01-02 10:30:00,9.3,9.64,9.3,9.64,1513
614,91,2019-01-02 11:00:00,9.655,9.94,9.655,9.94,3164
615,90,2019-01-02 11:30:00,9.95,9.95,9.8981,9.9298,2768
616,89,2019-01-02 12:00:00,9.89,9.8991,9.77,9.89,2710
617,88,2019-01-02 13:00:00,9.95,9.96,9.95,9.96,654
618,87,2019-01-02 13:30:00,10.0,10.23,10.0,10.23,2647
619,86,2019-01-02 14:00:00,10.23,10.3,10.23,10.3,939
620,85,2019-01-02 14:30:00,10.3,10.39,10.3,10.39,231
621,84,2019-01-02 15:00:00,10.290999999999999,10.36,10.2,10.26,1794
622,83,2019-01-02 15:30:00,10.25,10.27,10.0,10.0,5947
623,82,2019-01-02 16:00:00,10.24,10.34,10.24,10.32,1724
624,81,2019-01-03 10:00:00,10.21,10.21,10.1,10.1,1704
625,80,2019-01-03 10:30:00,10.19,10.19,10.1,10.13,4020
626,79,2019-01-03 11:00:00,10.13,10.1351,9.84,10.01,6712
627,78,2019-01-03 12:00:00,10.17,10.19,10.02,10.1,500
628,77,2019-01-03 12:30:00,10.19,10.19,10.19,10.19,200
629,76,2019-01-03 13:00:00,10.15,10.15,10.06,10.09,1342
630,75,2019-01-03 13:30:00,9.97,9.97,9.82,9.85,5931
631,74,2019-01-03 14:00:00,9.8604,9.9455,9.22,9.8,46578
632,73,2019-01-03 14:30:00,9.8,9.81,9.47,9.81,400
633,72,2019-01-03 15:00:00,9.69,9.99,9.56,9.82,13376
634,71,2019-01-03 15:30:00,9.81,9.81,9.64,9.64,600
635,70,2019-01-03 16:00:00,9.77,10.02,9.77,10.0,3563
636,69,2019-01-04 10:00:00,10.05,10.05,10.05,10.05,986
637,68,2019-01-04 10:30:00,9.99,10.05,9.99,10.05,7059
638,67,2019-01-04 11:00:00,10.05,10.05,9.99,10.05,1072
639,66,2019-01-04 11:30:00,10.05,10.05,9.88,10.0405,4622
640,65,2019-01-04 12:00:00,10.0,10.05,10.0,10.05,927
641,64,2019-01-04 12:30:00,10.05,10.05,10.05,10.05,402
642,63,2019-01-04 13:00:00,10.05,10.05,9.85,9.89,3121
643,62,2019-01-04 13:30:00,9.9,10.04,9.9,10.04,215
644,61,2019-01-04 14:00:00,10.04,10.04,10.04,10.04,100
645,60,2019-01-04 14:30:00,10.05,10.05,9.96,9.98,737
646,59,2019-01-04 15:00:00,10.05,10.05,9.75,9.75,4633
647,58,2019-01-04 15:30:00,10.03,10.03,9.9664,9.9664,221
648,57,2019-01-04 16:00:00,10.05,10.05,9.96,9.96,789
649,56,2019-01-07 10:00:00,9.99,10.18,9.98,10.18,1053
650,55,2019-01-07 10:30:00,10.0,10.0,9.96,9.96,300
651,54,2019-01-07 11:00:00,10.16,10.16,10.16,10.16,200
652,53,2019-01-07 11:30:00,10.16,10.16,10.12,10.12,1217
653,52,2019-01-07 12:00:00,10.16,10.16,10.105,10.16,3876
654,51,2019-01-07 12:30:00,10.13,10.16,10.13,10.16,500
655,50,2019-01-07 13:00:00,10.16,10.16,10.1375,10.16,4972
656,49,2019-01-07 13:30:00,10.16,10.16,10.16,10.16,2696
657,48,2019-01-07 14:30:00,10.34,10.49,10.18,10.485,2172
658,47,2019-01-07 15:00:00,10.29,10.47,10.27,10.46,1392
659,46,2019-01-07 15:30:00,10.395,10.66,10.395,10.66,4170
660,45,2019-01-07 16:00:00,10.87,10.97,10.63,10.79,8731
661,44,2019-01-08 10:00:00,10.99,10.99,10.99,10.99,100
662,43,2019-01-08 10:30:00,11.04,11.22,10.9,10.9,3995
663,42,2019-01-08 11:00:00,10.86,10.86,10.46,10.555,3313
664,41,2019-01-08 11:30:00,10.64,10.66,10.59,10.59,733
665,40,2019-01-08 12:00:00,10.79,10.8,10.775,10.78,430
666,39,2019-01-08 12:30:00,11.0,11.0,11.0,11.0,100
667,38,2019-01-08 13:00:00,11.25,11.26,10.92,11.13,4024
668,37,2019-01-08 13:30:00,11.1131,11.1131,11.1131,11.1131,340
669,36,2019-01-08 14:00:00,11.2222,11.2222,11.0,11.01,1702
670,35,2019-01-08 15:30:00,11.22,11.22,11.03,11.03,3320
671,34,2019-01-08 16:00:00,11.0,11.0474,10.76,10.94,7421
672,33,2019-01-09 10:00:00,11.11,11.18,11.11,11.18,638
673,32,2019-01-09 10:30:00,11.18,11.18,11.18,11.18,200
674,31,2019-01-09 11:00:00,11.25,11.25,11.06,11.06,210
675,30,2019-01-09 12:00:00,11.25,11.3,11.19,11.19,546
676,29,2019-01-09 12:30:00,11.285,11.285,11.1922,11.1922,1460
677,28,2019-01-09 13:00:00,11.3,11.44,11.29,11.33,910
678,27,2019-01-09 13:30:00,11.23,11.29,11.23,11.29,5559
679,26,2019-01-09 14:00:00,11.21,11.255,11.21,11.25,330
680,25,2019-01-09 15:30:00,11.44,11.6283,11.3,11.3,17383
681,24,2019-01-09 16:00:00,11.41,11.41,11.265,11.265,2400
682,23,2019-01-10 10:00:00,11.21,11.21,11.21,11.21,150
683,22,2019-01-10 10:30:00,11.4251,11.4251,11.4251,11.4251,107
684,21,2019-01-10 11:30:00,11.35,11.35,11.17,11.17,290
685,20,2019-01-10 12:00:00,11.23,11.39,11.19,11.2,3594
686,19,2019-01-10 12:30:00,11.31,11.31,11.22,11.23,897
687,18,2019-01-10 13:00:00,11.23,11.31,11.06,11.15,3048
688,17,2019-01-10 13:30:00,11.27,11.27,11.27,11.27,100
689,16,2019-01-10 14:00:00,11.17,11.5,11.17,11.5,2039
690,15,2019-01-10 14:30:00,11.26,11.26,11.19,11.19,1493
691,14,2019-01-10 15:00:00,11.18,11.245,11.01,11.13,4009
692,13,2019-01-10 15:30:00,11.27,11.28,11.09,11.13,2951
693,12,2019-01-10 16:00:00,11.14,11.23,11.08,11.13,1108
694,11,2019-01-11 10:00:00,11.13,11.13,10.9804,10.9804,304
695,10,2019-01-11 10:30:00,11.3,11.46,11.13,11.13,1135
696,9,2019-01-11 11:00:00,11.27,11.43,11.27,11.38,312
697,8,2019-01-11 12:00:00,11.2651,11.29,11.19,11.29,2078
698,7,2019-01-11 12:30:00,11.24,11.3,11.24,11.3,1424
699,6,2019-01-11 13:00:00,11.17,11.3,11.17,11.3,351
700,5,2019-01-11 13:30:00,11.42,11.42,11.42,11.42,100
701,4,2019-01-11 14:00:00,11.37,11.37,11.3043,11.3043,622
702,3,2019-01-11 14:30:00,11.58,11.58,11.58,11.58,323
703,2,2019-01-11 15:00:00,11.335,11.374,11.165,11.165,6016
704,1,2019-01-11 15:30:00,11.15,11.18,11.12,11.12,3018
705,0,2019-01-11 16:00:00,11.17,11.3,11.12,11.12,6187
706,220,2019-01-14 10:00:00,11.16,11.66,11.16,11.66,4055
707,219,2019-01-14 10:30:00,11.85,11.87,11.33,11.735999999999999,5772
708,218,2019-01-14 11:30:00,11.575,11.69,11.5101,11.5101,2233
709,217,2019-01-14 12:00:00,11.695,11.695,11.52,11.52,400
710,216,2019-01-14 12:30:00,11.52,11.63,11.48,11.59,1757
711,215,2019-01-14 13:00:00,11.41,11.77,11.41,11.7164,400
712,214,2019-01-14 13:30:00,11.76,11.76,11.58,11.58,200
713,213,2019-01-14 14:00:00,11.58,11.58,11.58,11.58,100
714,212,2019-01-14 14:30:00,11.75,11.75,11.42,11.42,200
715,211,2019-01-14 15:00:00,11.73,11.73,11.73,11.73,100
716,210,2019-01-14 15:30:00,11.72,11.72,11.72,11.72,100
717,209,2019-01-14 16:00:00,11.575,11.73,11.42,11.46,1951
718,208,2019-01-15 10:00:00,11.51,11.6975,11.31,11.6975,899
719,207,2019-01-15 10:30:00,11.7,11.815,11.69,11.815,1655
720,206,2019-01-15 11:00:00,11.72,11.85,11.72,11.85,300
721,205,2019-01-15 12:00:00,11.76,11.76,11.66,11.66,1430
722,204,2019-01-15 12:30:00,11.45,11.45,11.375,11.375,1015
723,203,2019-01-15 13:00:00,11.2875,11.2875,11.14,11.14,9833
724,202,2019-01-15 13:30:00,10.98,11.050999999999998,10.6193,10.8549,17624
725,201,2019-01-15 14:00:00,10.9674,10.97,10.85,10.89,2510
726,200,2019-01-15 14:30:00,10.8899,10.8899,10.78,10.83,2813
727,199,2019-01-15 15:00:00,10.77,10.8,10.66,10.725,3140
728,198,2019-01-15 15:30:00,10.7,10.7,10.1,10.44,11811
729,197,2019-01-15 16:00:00,10.5,10.6477,10.38,10.51,11377
730,196,2019-01-16 10:00:00,10.6,10.855,10.6,10.85,2226
731,195,2019-01-16 10:30:00,10.91,11.01,10.91,11.01,500
732,194,2019-01-16 11:30:00,11.1298,11.1298,11.12,11.12,1200
733,193,2019-01-16 12:00:00,11.04,11.04,11.0,11.0,700
734,192,2019-01-16 12:30:00,11.0659,11.0659,11.024000000000001,11.065,4073
735,191,2019-01-16 13:00:00,11.065,11.13,11.03,11.075,7204
736,190,2019-01-16 13:30:00,11.09,11.25,11.06,11.25,2100
737,189,2019-01-16 14:00:00,11.24,11.255,11.24,11.24,533
738,188,2019-01-16 14:30:00,11.18,11.18,11.08,11.08,711
739,187,2019-01-16 15:00:00,11.145,11.145,11.145,11.145,100
740,186,2019-01-16 15:30:00,11.135,11.135,11.1,11.11,3100
741,185,2019-01-16 16:00:00,11.07,11.105,11.06,11.1,1259
742,184,2019-01-16 16:30:00,11.0457,11.0457,11.0457,11.0457,6995
743,183,2019-01-17 10:00:00,11.08,11.4,11.06,11.255,1342
744,182,2019-01-17 10:30:00,11.09,11.26,11.09,11.12,1053
745,181,2019-01-17 11:00:00,11.12,11.36,11.12,11.16,5435
746,180,2019-01-17 11:30:00,11.32,11.32,11.16,11.27,993
747,179,2019-01-17 12:00:00,11.18,11.18,11.13,11.13,765
748,178,2019-01-17 12:30:00,11.13,11.15,11.13,11.14,317
749,177,2019-01-17 13:00:00,11.17,11.19,11.095,11.19,4603
750,176,2019-01-17 13:30:00,11.14,11.26,11.14,11.2505,448
751,175,2019-01-17 14:00:00,11.15,11.15,11.12,11.12,396
752,174,2019-01-17 14:30:00,11.13,11.365,11.13,11.365,754
753,173,2019-01-17 15:00:00,11.14,11.19,11.14,11.17,528
754,172,2019-01-17 15:30:00,11.27,11.27,11.1,11.1,773
755,171,2019-01-17 16:00:00,11.1,11.355,11.1,11.11,3210
756,170,2019-01-17 16:30:00,11.1475,11.1475,11.1475,11.1475,5595
757,169,2019-01-18 10:00:00,11.46,11.91,11.3062,11.63,8866
758,168,2019-01-18 10:30:00,11.7254,11.78,11.7009,11.78,1925
759,167,2019-01-18 11:00:00,11.63,11.78,11.63,11.78,300
760,166,2019-01-18 11:30:00,12.05,12.05,11.95,11.97,1613
761,165,2019-01-18 12:00:00,11.95,11.95,11.57,11.57,4427
762,164,2019-01-18 12:30:00,11.76,11.76,11.76,11.76,101
763,163,2019-01-18 13:00:00,11.62,11.62,11.62,11.62,200
764,162,2019-01-18 13:30:00,11.76,11.93,11.6,11.93,300
765,161,2019-01-18 14:00:00,11.7432,11.7432,11.62,11.62,1301
766,160,2019-01-18 14:30:00,11.63,11.9,11.63,11.77,2994
767,159,2019-01-18 15:00:00,11.79,11.8,11.745,11.745,843
768,158,2019-01-18 15:30:00,11.8,11.9,11.8,11.9,793
769,157,2019-01-18 16:00:00,11.83,11.85,11.58,11.73,6850
770,156,2019-01-18 16:30:00,11.7,11.7,11.7,11.7,1000
771,155,2019-01-22 10:00:00,11.47,11.47,11.47,11.47,100
772,154,2019-01-22 10:30:00,11.605,11.605,11.39,11.39,400
773,153,2019-01-22 11:30:00,11.4,11.61,11.4,11.61,210
774,152,2019-01-22 13:00:00,11.655,11.655,11.655,11.655,103
775,151,2019-01-22 13:30:00,11.665,11.665,11.665,11.665,104
776,150,2019-01-22 14:30:00,11.645,11.645,11.645,11.645,153
777,149,2019-01-22 15:00:00,11.56,11.7,11.51,11.51,4418
778,148,2019-01-22 15:30:00,11.42,11.63,11.4174,11.5803,2681
779,147,2019-01-22 16:00:00,11.56,11.66,11.56,11.65,4235
780,146,2019-01-23 10:00:00,11.7435,11.8,11.7435,11.8,2110
781,145,2019-01-23 10:30:00,11.87,11.95,11.87,11.95,352
782,144,2019-01-23 11:00:00,11.81,11.845,11.68,11.845,2416
783,143,2019-01-23 11:30:00,11.72,11.89,11.72,11.89,210
784,142,2019-01-23 12:00:00,11.7332,11.87,11.66,11.8,2150
785,141,2019-01-23 12:30:00,11.66,11.714,11.66,11.710999999999999,9480
786,140,2019-01-23 13:00:00,11.66,11.714,11.62,11.62,6086
787,139,2019-01-23 13:30:00,11.62,11.7,11.62,11.7,2797
788,138,2019-01-23 14:30:00,11.8,11.8,11.65,11.65,752
789,137,2019-01-23 15:00:00,11.8,11.8,11.8,11.8,326
790,136,2019-01-23 15:30:00,11.66,11.66,11.66,11.66,113
791,135,2019-01-23 16:00:00,11.65,11.74,11.65,11.74,929
792,134,2019-01-24 10:00:00,11.5,11.5,11.5,11.5,100
793,133,2019-01-24 10:30:00,11.6,11.6,11.6,11.6,550
794,132,2019-01-24 11:00:00,11.665,11.665,11.61,11.61,728
795,131,2019-01-24 12:00:00,11.69,11.69,11.69,11.69,100
796,130,2019-01-24 13:30:00,11.725,11.725,11.725,11.725,104
797,129,2019-01-24 15:30:00,11.67,11.8,11.67,11.8,693
798,128,2019-01-24 16:00:00,11.8,12.02,11.71,11.87,5558
799,127,2019-01-25 10:00:00,11.86,11.86,11.86,11.86,170
800,126,2019-01-25 13:00:00,12.08,12.08,12.08,12.08,100
801,125,2019-01-25 13:30:00,12.09,12.09,12.09,12.09,205
802,124,2019-01-25 14:30:00,11.95,11.95,11.89,11.89,200
803,123,2019-01-25 15:00:00,12.0,12.3,12.0,12.3,4083
804,122,2019-01-25 15:30:00,12.0099,12.29,12.0099,12.27,3807
805,121,2019-01-25 16:00:00,11.86,12.27,11.86,12.04,2150
806,120,2019-01-28 10:00:00,11.98,12.2176,11.8188,11.8188,1853
807,119,2019-01-28 10:30:00,12.145999999999999,12.145999999999999,11.99,11.99,1500
808,118,2019-01-28 11:00:00,11.91,11.93,11.91,11.93,1867
809,117,2019-01-28 11:30:00,11.95,11.95,11.91,11.91,2393
810,116,2019-01-28 12:00:00,11.91,11.92,11.78,11.79,2611
811,115,2019-01-28 12:30:00,11.77,11.85,11.72,11.73,1616
812,114,2019-01-28 13:00:00,11.775,11.81,11.7,11.74,2374
813,113,2019-01-28 13:30:00,11.55,11.57,11.52,11.52,304
814,112,2019-01-28 14:00:00,11.5,11.56,11.43,11.52,2326
815,111,2019-01-28 14:30:00,11.505,11.56,11.43,11.53,684
816,110,2019-01-28 15:00:00,11.57,11.88,11.57,11.855,1949
817,109,2019-01-28 15:30:00,11.9,11.9,11.79,11.815,922
818,108,2019-01-28 16:00:00,11.87,11.87,11.4,11.43,3857
819,107,2019-01-29 11:00:00,11.8399,11.8399,11.73,11.7999,705
820,106,2019-01-29 11:30:00,11.8199,11.8199,11.8199,11.8199,201
821,105,2019-01-29 12:00:00,11.8299,11.8299,11.755,11.755,302
822,104,2019-01-29 12:30:00,11.68,11.74,11.67,11.705,1656
823,103,2019-01-29 13:00:00,11.7399,11.8,11.69,11.745,772
824,102,2019-01-29 13:30:00,11.685,11.77,11.5,11.61,4355
825,101,2019-01-29 14:00:00,11.63,11.73,11.5,11.5,8829
826,100,2019-01-29 14:30:00,11.5,11.5,11.41,11.41,816
827,99,2019-01-29 15:00:00,11.5,11.5,11.5,11.5,511
828,98,2019-01-29 15:30:00,11.56,11.56,11.49,11.49,505
829,97,2019-01-29 16:00:00,11.49,11.52,11.18,11.43,10458
830,96,2019-01-30 11:00:00,11.62,11.625,11.62,11.625,211
831,95,2019-01-30 11:30:00,11.55,11.62,11.55,11.59,321
832,94,2019-01-30 13:00:00,11.57,11.66,11.57,11.66,420
833,93,2019-01-30 13:30:00,11.58,11.7,11.58,11.7,259
834,92,2019-01-30 14:00:00,11.7,11.83,11.7,11.83,1355
835,91,2019-01-30 14:30:00,11.81,11.9,11.8,11.9,343
836,90,2019-01-30 15:00:00,11.71,11.71,11.71,11.71,210
837,89,2019-01-30 15:30:00,11.58,11.58,11.58,11.58,106
838,88,2019-01-30 16:00:00,11.77,11.87,11.58,11.87,2115
839,87,2019-01-31 10:00:00,11.965,11.965,11.965,11.965,100
840,86,2019-01-31 11:00:00,11.71,11.71,11.71,11.71,100
841,85,2019-01-31 11:30:00,11.9218,11.9218,11.8722,11.8722,600
842,84,2019-01-31 13:00:00,11.91,12.035,11.91,11.97,2495
843,83,2019-01-31 13:30:00,11.97,11.97,11.97,11.97,410
844,82,2019-01-31 14:00:00,11.8611,12.08,11.8611,12.08,3917
845,81,2019-01-31 14:30:00,12.08,12.08,12.08,12.08,300
846,80,2019-01-31 15:00:00,12.04,12.04,12.04,12.04,410
847,79,2019-01-31 15:30:00,12.08,12.08,12.08,12.08,100
848,78,2019-01-31 16:00:00,12.07,12.07,11.96,11.96,1304
849,77,2019-02-01 10:00:00,12.4533,12.4533,12.25,12.4,1168
850,76,2019-02-01 10:30:00,12.3293,12.3293,12.1934,12.31,895
851,75,2019-02-01 11:30:00,12.27,12.27,12.06,12.06,1389
852,74,2019-02-01 12:00:00,12.0756,12.114,12.0,12.0,2303
853,73,2019-02-01 12:30:00,11.99,12.05,11.99,12.05,486
854,72,2019-02-01 13:00:00,12.04,12.04,12.04,12.04,105
855,71,2019-02-01 13:30:00,12.04,12.04,11.84,11.84,253
856,70,2019-02-01 14:00:00,11.93,11.93,11.93,11.93,158
857,69,2019-02-01 14:30:00,12.0,12.0,11.904000000000002,11.904000000000002,680
858,68,2019-02-01 15:00:00,11.82,11.93,11.82,11.93,326
859,67,2019-02-01 15:30:00,11.85,11.95,11.84,11.95,828
860,66,2019-02-01 16:00:00,11.86,11.95,11.67,11.76,3587
861,65,2019-02-04 10:00:00,11.5,11.82,11.32,11.82,2536
862,64,2019-02-04 10:30:00,12.01,12.01,12.01,12.01,100
863,63,2019-02-04 11:00:00,12.06,12.18,12.06,12.12,1301
864,62,2019-02-04 11:30:00,11.95,11.95,11.95,11.95,100
865,61,2019-02-04 12:00:00,12.05,12.13,12.04,12.04,300
866,60,2019-02-04 13:00:00,12.17,12.17,12.115,12.115,400
867,59,2019-02-04 14:00:00,12.07,12.12,12.07,12.08,1473
868,58,2019-02-04 14:30:00,12.12,12.1675,12.07,12.07,405
869,57,2019-02-04 15:00:00,12.12,12.15,12.08,12.08,1611
870,56,2019-02-04 15:30:00,12.04,12.09,12.02,12.09,405
871,55,2019-02-04 16:00:00,12.0652,12.11,12.03,12.04,1167
872,54,2019-02-05 10:00:00,12.36,12.36,12.31,12.31,346
873,53,2019-02-05 10:30:00,12.38,12.48,12.3076,12.48,5265
874,52,2019-02-05 11:00:00,12.48,12.6321,12.28,12.28,3775
875,51,2019-02-05 11:30:00,12.31,12.31,12.14,12.14,202
876,50,2019-02-05 12:00:00,12.19,12.19,11.89,11.9615,2581
877,49,2019-02-05 12:30:00,11.96,12.1,11.96,12.1,200
878,48,2019-02-05 13:00:00,11.96,11.9601,11.96,11.9601,300
879,47,2019-02-05 13:30:00,11.97,11.97,11.97,11.97,100
880,46,2019-02-05 14:30:00,12.01,12.01,12.01,12.01,100
881,45,2019-02-05 15:00:00,12.01,12.05,12.01,12.05,743
882,44,2019-02-05 15:30:00,12.015,12.015,11.96,12.01,2560
883,43,2019-02-05 16:00:00,12.11,12.13,11.97,12.12,1550
884,42,2019-02-06 10:00:00,12.15,12.375,11.9713,11.9713,1000
885,41,2019-02-06 11:30:00,11.98,11.98,11.92,11.92,200
886,40,2019-02-06 13:00:00,11.95,12.035,11.95,12.0207,300
887,39,2019-02-06 14:30:00,11.99,12.16,11.99,12.0517,1872
888,38,2019-02-06 15:00:00,12.01,12.01,12.01,12.01,200
889,37,2019-02-06 15:30:00,12.01,12.01,12.01,12.01,100
890,36,2019-02-06 16:00:00,12.02,12.1,12.01,12.1,817
891,35,2019-02-07 11:00:00,12.3061,12.3061,12.3061,12.3061,100
892,34,2019-02-07 12:00:00,12.07,12.07,12.07,12.07,220
893,33,2019-02-07 14:30:00,12.07,12.13,12.07,12.13,704
894,32,2019-02-07 15:00:00,12.1,12.21,12.07,12.2,1200
895,31,2019-02-07 15:30:00,12.22,12.22,12.2,12.2,536
896,30,2019-02-07 16:00:00,12.09,12.23,12.09,12.19,1183
897,29,2019-02-08 10:00:00,12.1974,12.1974,12.1974,12.1974,2000
898,28,2019-02-08 11:30:00,12.24,12.269,12.18,12.18,1442
899,27,2019-02-08 12:00:00,12.09,12.09,12.09,12.09,500
900,26,2019-02-08 12:30:00,12.04,12.04,12.04,12.04,100
901,25,2019-02-08 13:30:00,12.03,12.03,12.03,12.03,100
902,24,2019-02-08 14:00:00,12.0369,12.13,12.0369,12.13,300
903,23,2019-02-08 15:30:00,12.21,12.22,12.1,12.19,1252
904,22,2019-02-08 16:00:00,12.18,12.2,12.12,12.12,1382
905,21,2019-02-11 10:30:00,12.145,12.145,12.0,12.0,1277
906,20,2019-02-11 11:00:00,11.95,12.07,11.94,12.07,2801
907,19,2019-02-11 11:30:00,12.07,12.13,12.07,12.13,600
908,18,2019-02-11 12:00:00,12.08,12.19,12.08,12.18,880
909,17,2019-02-11 12:30:00,12.09,12.09,12.09,12.09,100
910,16,2019-02-11 13:30:00,12.09,12.09,12.005,12.08,1043
911,15,2019-02-11 14:00:00,12.0508,12.13,12.0508,12.13,200
912,14,2019-02-11 15:00:00,12.05,12.09,12.05,12.09,403
913,13,2019-02-11 15:30:00,12.09,12.345,12.0525,12.345,2598
914,12,2019-02-11 16:00:00,12.355,12.355,12.15,12.35,1629
915,11,2019-02-12 10:30:00,12.3,12.3,12.3,12.3,100
916,10,2019-02-12 11:30:00,12.35,12.38,12.35,12.38,200
917,9,2019-02-12 12:00:00,12.38,12.485,12.35,12.35,500
918,8,2019-02-12 12:30:00,12.3832,12.485,12.35,12.46,2400
919,7,2019-02-12 13:00:00,12.48,12.7,12.46,12.61,6518
920,6,2019-02-12 13:30:00,12.63,12.89,12.63,12.89,1260
921,5,2019-02-12 14:00:00,12.94,13.2,12.9132,13.095,16197
922,4,2019-02-12 14:30:00,13.095,13.15,13.045,13.08,3136
923,3,2019-02-12 15:00:00,13.08,13.1,13.08,13.09,3113
924,2,2019-02-12 15:30:00,13.15,13.21,13.11,13.115,2900
925,1,2019-02-12 16:00:00,13.155,13.2,13.04,13.2,3856
926,0,2019-02-12 17:30:00,13.15,13.15,13.15,13.15,117
927,214,2019-02-13 10:30:00,13.37,13.37,13.37,13.37,100
928,213,2019-02-13 11:00:00,13.11,13.11,13.11,13.11,100
929,212,2019-02-13 12:00:00,13.15,13.15,13.15,13.15,100
930,211,2019-02-13 12:30:00,13.3,13.31,13.3,13.31,426
931,210,2019-02-13 13:00:00,13.32,13.32,13.31,13.31,1255
932,209,2019-02-13 13:30:00,13.31,13.38,13.23,13.23,1366
933,208,2019-02-13 14:00:00,13.19,13.2,13.19,13.2,200
934,207,2019-02-13 14:30:00,13.19,13.36,13.19,13.36,2805
935,206,2019-02-13 15:00:00,13.21,13.38,13.21,13.38,610
936,205,2019-02-13 15:30:00,13.35,13.35,13.29,13.29,205
937,204,2019-02-13 16:00:00,13.34,13.37,13.28,13.325,3087
938,203,2019-02-14 10:00:00,13.3,13.3,13.3,13.3,378
939,202,2019-02-14 10:30:00,13.0733,13.69,13.07,13.4671,8145
940,201,2019-02-14 11:00:00,13.47,13.47,13.34,13.34,2600
941,200,2019-02-14 11:30:00,13.39,13.41,13.25,13.33,3300
942,199,2019-02-14 12:00:00,13.41,13.41,13.26,13.26,724
943,198,2019-02-14 12:30:00,13.33,13.33,13.26,13.26,200
944,197,2019-02-14 13:00:00,13.27,13.37,13.1838,13.257,5350
945,196,2019-02-14 13:30:00,13.2245,13.31,13.2245,13.31,925
946,195,2019-02-14 14:00:00,13.185,13.27,13.18,13.27,1088
947,194,2019-02-14 14:30:00,13.2,13.2,13.2,13.2,100
948,193,2019-02-14 15:00:00,13.18,13.24,13.18,13.24,200
949,192,2019-02-14 15:30:00,13.21,13.21,13.16,13.205,2544
950,191,2019-02-14 16:00:00,13.17,13.48,13.17,13.3,3247
951,190,2019-02-15 10:00:00,13.34,13.91,13.34,13.63,3310
952,189,2019-02-15 10:30:00,13.7,14.21,13.7,14.21,6742
953,188,2019-02-15 11:00:00,14.185,14.49,14.11,14.14,4878
954,187,2019-02-15 11:30:00,14.12,14.33,14.0,14.135,3951
955,186,2019-02-15 12:00:00,14.0,14.1768,13.83,13.83,2479
956,185,2019-02-15 12:30:00,13.84,14.135,13.82,14.135,1100
957,184,2019-02-15 13:00:00,14.0,14.135,14.0,14.135,400
958,183,2019-02-15 13:30:00,14.11,14.1404,14.04,14.1,500
959,182,2019-02-15 14:00:00,14.1,14.185,14.0,14.055,4080
960,181,2019-02-15 14:30:00,14.0,14.0,13.88,13.88,912
961,180,2019-02-15 15:00:00,13.82,13.82,13.82,13.82,100
962,179,2019-02-15 15:30:00,13.76,13.795,13.76,13.76,326
963,178,2019-02-15 16:00:00,13.795,13.81,13.53,13.74,2715
964,177,2019-02-19 10:00:00,14.43,14.96,14.3856,14.4,3036
965,176,2019-02-19 10:30:00,14.32,14.52,14.32,14.34,2178
966,175,2019-02-19 11:30:00,14.06,14.06,13.69,14.0172,6189
967,174,2019-02-19 12:00:00,13.81,13.81,13.81,13.81,100
968,173,2019-02-19 12:30:00,13.8,13.84,13.58,13.58,5103
969,172,2019-02-19 13:00:00,13.5446,13.5446,13.12,13.324000000000002,2420
970,171,2019-02-19 13:30:00,13.3882,13.3882,13.2948,13.2948,2042
971,170,2019-02-19 14:00:00,13.21,13.21,13.12,13.12,907
972,169,2019-02-19 14:30:00,13.0,13.19,13.0,13.095,2000
973,168,2019-02-19 15:00:00,13.29,13.545,13.29,13.545,970
974,167,2019-02-19 16:00:00,13.5,13.59,13.49,13.555,999
975,166,2019-02-20 11:00:00,13.81,13.81,13.81,13.81,1000
976,165,2019-02-20 11:30:00,13.97,14.015,13.83,13.93,2426
977,164,2019-02-20 12:00:00,13.93,13.93,13.6,13.6,1991
978,163,2019-02-20 12:30:00,13.5666,13.5666,13.42,13.5201,1748
979,162,2019-02-20 13:00:00,13.5,13.5,13.3,13.35,2908
980,161,2019-02-20 13:30:00,13.39,13.45,13.39,13.45,919
981,160,2019-02-20 14:00:00,13.57,13.59,13.56,13.59,475
982,159,2019-02-20 15:00:00,13.58,13.58,13.5,13.5,540
983,158,2019-02-20 15:30:00,13.6292,13.69,13.595,13.69,2120
984,157,2019-02-20 16:00:00,13.67,13.7884,13.66,13.71,2274
985,156,2019-02-21 11:00:00,13.5167,13.54,13.5167,13.54,610
986,155,2019-02-21 11:30:00,13.54,13.66,13.54,13.66,410
987,154,2019-02-21 12:00:00,13.61,13.677,13.6,13.6,2283
988,153,2019-02-21 12:30:00,13.615,13.615,13.53,13.53,200
989,152,2019-02-21 13:00:00,13.52,13.52,13.52,13.52,100
990,151,2019-02-21 13:30:00,13.52,13.52,13.52,13.52,110
991,150,2019-02-21 14:30:00,13.615,13.615,13.615,13.615,100
992,149,2019-02-21 15:00:00,13.53,13.67,13.53,13.67,300
993,148,2019-02-21 15:30:00,13.54,13.54,13.52,13.52,210
994,147,2019-02-21 16:00:00,13.67,13.7,13.53,13.54,825
995,146,2019-02-22 10:30:00,13.86,13.86,13.86,13.86,100
996,145,2019-02-22 11:30:00,13.87,13.87,13.87,13.87,381
997,144,2019-02-22 12:00:00,13.83,13.96,13.83,13.96,382
998,143,2019-02-22 12:30:00,13.98,13.98,13.98,13.98,110
999,142,2019-02-22 13:00:00,13.9928,14.005,13.92,13.92,1854
1000,141,2019-02-22 13:30:00,13.95,13.9595,13.78,13.78,2527
1001,140,2019-02-22 14:00:00,13.83,13.83,13.83,13.83,100
1002,139,2019-02-22 14:30:00,13.83,13.87,13.765,13.87,810
1003,138,2019-02-22 15:00:00,13.9,13.9,13.84,13.84,754
1004,137,2019-02-22 16:00:00,13.955,14.03,13.83,13.85,995
1005,136,2019-02-25 10:30:00,14.1474,14.1474,14.1474,14.1474,100
1006,135,2019-02-25 11:00:00,14.065,14.065,14.065,14.065,100
1007,134,2019-02-25 11:30:00,14.05,14.05,14.05,14.05,100
1008,133,2019-02-25 12:30:00,14.061,14.105,14.061,14.105,252
1009,132,2019-02-25 13:00:00,14.06,14.116,13.96,14.025,2482
1010,131,2019-02-25 13:30:00,14.09,14.09,14.09,14.09,500
1011,130,2019-02-25 14:00:00,14.0,14.0,13.96,13.96,578
1012,129,2019-02-25 14:30:00,13.9,13.9,13.9,13.9,120
1013,128,2019-02-25 15:00:00,14.03,14.03,14.03,14.03,100
1014,127,2019-02-25 15:30:00,14.02,14.02,14.02,14.02,184
1015,126,2019-02-25 16:00:00,14.0,14.125,14.0,14.105,30783
1016,125,2019-02-26 10:30:00,14.2,14.3097,14.195,14.195,700
1017,124,2019-02-26 12:00:00,14.07,14.07,14.07,14.07,156
1018,123,2019-02-26 13:00:00,14.1185,14.38,14.1185,14.33,8517
1019,122,2019-02-26 13:30:00,14.26,14.28,14.24,14.28,2193
1020,121,2019-02-26 14:00:00,14.3,14.3,14.26,14.26,276
1021,120,2019-02-26 14:30:00,14.19,14.19,14.18,14.18,384
1022,119,2019-02-26 15:00:00,14.14,14.14,14.14,14.14,103
1023,118,2019-02-26 15:30:00,14.26,14.26,14.12,14.12,502
1024,117,2019-02-26 16:00:00,14.26,14.265,14.12,14.22,951
1025,116,2019-02-27 10:00:00,14.47,14.47,14.47,14.47,200
1026,115,2019-02-27 12:00:00,14.08,14.45,14.08,14.45,300
1027,114,2019-02-27 13:30:00,14.41,14.41,14.41,14.41,100
1028,113,2019-02-27 14:00:00,14.45,14.45,14.45,14.45,100
1029,112,2019-02-27 14:30:00,14.45,14.45,14.3665,14.3665,260
1030,111,2019-02-27 15:30:00,14.45,14.45,14.45,14.45,100
1031,110,2019-02-27 16:00:00,14.42,14.42,14.23,14.36,1494
1032,109,2019-02-28 10:30:00,14.3287,14.3287,14.3287,14.3287,200
1033,108,2019-02-28 11:00:00,14.44,14.44,14.44,14.44,100
1034,107,2019-02-28 12:00:00,14.44,14.5,14.44,14.5,1028
1035,106,2019-02-28 12:30:00,14.5,14.5,14.5,14.5,2200
1036,105,2019-02-28 13:00:00,14.58,14.625,14.53,14.53,1920
1037,104,2019-02-28 13:30:00,14.5,14.5,14.5,14.5,100
1038,103,2019-02-28 14:30:00,14.51,14.6,14.51,14.6,300
1039,102,2019-02-28 15:00:00,14.51,14.51,14.51,14.51,100
1040,101,2019-02-28 15:30:00,14.59,14.59,14.49,14.49,384
1041,100,2019-02-28 16:00:00,14.52,14.62,14.52,14.55,520
1042,99,2019-03-01 10:00:00,14.75,14.75,14.75,14.75,1495
1043,98,2019-03-01 10:30:00,14.75,14.75,14.75,14.75,100
1044,97,2019-03-01 11:30:00,14.749,14.75,14.749,14.75,2020
1045,96,2019-03-01 12:00:00,14.75,14.75,14.75,14.75,333
1046,95,2019-03-01 12:30:00,14.75,14.75,14.735,14.735,578
1047,94,2019-03-01 13:00:00,14.735,14.735,14.735,14.735,100
1048,93,2019-03-01 14:30:00,14.71,14.71,14.71,14.71,100
1049,92,2019-03-01 15:30:00,14.72,14.75,14.7,14.75,1068
1050,91,2019-03-01 16:00:00,14.72,14.75,14.7,14.75,1317
1051,90,2019-03-04 10:00:00,14.51,14.68,14.51,14.6,3351
1052,89,2019-03-04 11:00:00,14.6213,14.6242,14.6213,14.6242,1028
1053,88,2019-03-04 11:30:00,14.6,14.73,14.57,14.73,2029
1054,87,2019-03-04 12:00:00,14.73,14.74,14.6,14.66,660
1055,86,2019-03-04 12:30:00,14.72,14.72,14.595,14.595,305
1056,85,2019-03-04 13:00:00,14.59,14.72,14.59,14.59,400
1057,84,2019-03-04 13:30:00,14.62,14.65,14.5276,14.64,1305
1058,83,2019-03-04 14:00:00,14.5899,14.69,14.515,14.69,1241
1059,82,2019-03-04 14:30:00,14.69,14.7,14.69,14.7,1057
1060,81,2019-03-04 15:00:00,14.68,14.68,14.67,14.68,300
1061,80,2019-03-04 15:30:00,14.65,14.73,14.65,14.73,1065
1062,79,2019-03-04 16:00:00,14.65,14.69,14.51,14.51,1468
1063,78,2019-03-05 10:00:00,14.739,14.739,14.64,14.64,801
1064,77,2019-03-05 10:30:00,14.635,14.635,14.635,14.635,200
1065,76,2019-03-05 11:00:00,14.625,14.635,14.625,14.625,348
1066,75,2019-03-05 11:30:00,14.635,14.635,14.5452,14.5452,400
1067,74,2019-03-05 12:00:00,14.64,14.64,14.635,14.635,325
1068,73,2019-03-05 12:30:00,14.64,14.64,14.55,14.55,200
1069,72,2019-03-05 13:00:00,14.635,14.635,14.48,14.48,400
1070,71,2019-03-05 13:30:00,14.645,14.645,14.48,14.64,320
1071,70,2019-03-05 14:30:00,14.475,14.512,14.26,14.4,7923
1072,69,2019-03-05 15:30:00,14.4,14.4,14.19,14.2,483
1073,68,2019-03-05 16:00:00,14.2,14.38,14.2,14.23,3151
1074,67,2019-03-06 10:00:00,14.505,14.505,14.505,14.505,100
1075,66,2019-03-06 10:30:00,14.2117,14.2117,14.2117,14.2117,2000
1076,65,2019-03-06 11:00:00,14.05,14.3293,14.05,14.3293,300
1077,64,2019-03-06 15:00:00,14.2,14.2,14.2,14.2,125
1078,63,2019-03-06 15:30:00,14.18,14.18,14.0,14.0,3222
1079,62,2019-03-06 16:00:00,14.21,14.23,13.98,14.05,798
1080,61,2019-03-07 10:00:00,14.185,14.325,14.185,14.325,2100
1081,60,2019-03-07 11:00:00,14.0045,14.0045,14.0045,14.0045,650
1082,59,2019-03-07 11:30:00,14.15,14.15,13.9348,13.9348,3383
1083,58,2019-03-07 12:00:00,14.03,14.03,13.88,13.88,200
1084,57,2019-03-07 12:30:00,13.965,13.965,13.965,13.965,100
1085,56,2019-03-07 13:00:00,14.015,14.03,14.0,14.0,410
1086,55,2019-03-07 13:30:00,13.99,13.99,13.965,13.965,1100
1087,54,2019-03-07 14:00:00,14.03,14.03,14.03,14.03,100
1088,53,2019-03-07 14:30:00,13.9762,13.9762,13.85,13.85,2400
1089,52,2019-03-07 15:00:00,13.845,13.845,13.845,13.845,100
1090,51,2019-03-07 15:30:00,13.85,13.85,13.85,13.85,185
1091,50,2019-03-07 16:00:00,13.8,13.84,13.57,13.84,1824
1092,49,2019-03-08 10:00:00,13.61,13.75,13.61,13.75,200
1093,48,2019-03-08 10:30:00,13.84,13.86,13.84,13.86,305
1094,47,2019-03-08 11:30:00,14.02,14.02,13.94,13.94,421
1095,46,2019-03-08 12:00:00,14.0883,14.0883,13.94,13.94,1257
1096,45,2019-03-08 13:00:00,13.99,14.095,13.99,14.095,315
1097,44,2019-03-08 14:30:00,13.98,13.98,13.98,13.98,100
1098,43,2019-03-08 15:00:00,13.98,13.99,13.98,13.99,200
1099,42,2019-03-08 16:00:00,14.09,14.09,13.93,13.99,4320
1100,41,2019-03-11 10:00:00,14.04,14.04,13.885,13.885,1208
1101,40,2019-03-11 11:00:00,13.99,13.99,13.9,13.9,1977
1102,39,2019-03-11 12:30:00,14.05,14.05,14.01,14.01,1947
1103,38,2019-03-11 13:00:00,13.92,14.0,13.92,14.0,1200
1104,37,2019-03-11 14:00:00,13.9356,13.9356,13.9356,13.9356,237
1105,36,2019-03-11 14:30:00,13.955,14.01,13.8,13.8,3504
1106,35,2019-03-11 15:00:00,13.855,13.855,13.8,13.8,998
1107,34,2019-03-11 16:00:00,13.92,13.92,13.76,13.81,696
1108,33,2019-03-12 10:00:00,14.145,14.145,14.145,14.145,100
1109,32,2019-03-12 10:30:00,13.9,13.9,13.9,13.9,100
1110,31,2019-03-12 11:00:00,13.95,13.95,13.95,13.95,300
1111,30,2019-03-12 11:30:00,13.95,13.9905,13.45,13.66,6241
1112,29,2019-03-12 12:00:00,13.7295,13.7418,13.42,13.53,5583
1113,28,2019-03-12 12:30:00,13.5,13.53,13.5,13.53,200
1114,27,2019-03-12 13:00:00,13.53,13.625,13.53,13.625,2614
1115,26,2019-03-12 13:30:00,13.597000000000001,13.615,13.597000000000001,13.615,1000
1116,25,2019-03-12 14:00:00,13.66,13.66,13.57,13.615,1400
1117,24,2019-03-12 14:30:00,13.62,13.62,13.585,13.585,500
1118,23,2019-03-12 15:00:00,13.65,13.65,13.58,13.58,300
1119,22,2019-03-12 15:30:00,13.58,13.615,13.39,13.465,3324
1120,21,2019-03-12 16:00:00,13.39,13.535,13.39,13.43,3256
1121,20,2019-03-13 10:00:00,13.4,13.65,13.4,13.4,502
1122,19,2019-03-13 10:30:00,13.4,13.4,13.4,13.4,300
1123,18,2019-03-13 11:00:00,13.4,13.4,13.4,13.4,101
1124,17,2019-03-13 12:00:00,13.45,13.45,13.45,13.45,225
1125,16,2019-03-13 13:00:00,13.45,13.45,13.45,13.45,202
1126,15,2019-03-13 14:00:00,13.62,13.62,13.62,13.62,200
1127,14,2019-03-13 14:30:00,13.4,13.64,13.4,13.43,400
1128,13,2019-03-13 15:00:00,13.4,13.425,13.4,13.425,711
1129,12,2019-03-13 15:30:00,13.23,13.275,13.16,13.16,980
1130,11,2019-03-13 16:00:00,13.27,13.425,13.15,13.33,1794
1131,10,2019-03-14 10:00:00,13.27,13.38,13.07,13.07,8170
1132,9,2019-03-14 10:30:00,13.04,13.04,13.03,13.03,1100
1133,8,2019-03-14 11:30:00,13.0625,13.115,13.01,13.0388,595
1134,7,2019-03-14 12:00:00,13.01,13.05,13.0,13.0,900
1135,6,2019-03-14 13:00:00,13.025,13.025,13.025,13.025,100
1136,5,2019-03-14 13:30:00,12.965,13.015,12.965,13.015,345
1137,4,2019-03-14 14:00:00,12.93,12.99,12.89,12.93,4958
1138,3,2019-03-14 14:30:00,12.88,12.94,12.88,12.88,1000
1139,2,2019-03-14 15:00:00,12.9,12.95,12.7,12.8,4179
1140,1,2019-03-14 15:30:00,12.7959,12.91,12.75,12.9099,6951
1141,0,2019-03-14 16:00:00,12.9711,13.495,12.9711,13.495,9217
1142,208,2019-03-15 10:00:00,13.74,13.74,13.74,13.74,200
1143,207,2019-03-15 10:30:00,13.5812,13.5812,13.5812,13.5812,200
1144,206,2019-03-15 11:00:00,13.6,13.6,13.6,13.6,600
1145,205,2019-03-15 11:30:00,13.6,13.6,13.6,13.6,205
1146,204,2019-03-15 12:00:00,13.78,13.78,13.76,13.76,205
1147,203,2019-03-15 12:30:00,13.7086,13.7086,13.7086,13.7086,265
1148,202,2019-03-15 13:00:00,13.75,13.75,13.75,13.75,205
1149,201,2019-03-15 13:30:00,13.78,13.78,13.59,13.75,305
1150,200,2019-03-15 14:00:00,13.6,13.73,13.6,13.72,729
1151,199,2019-03-15 14:30:00,13.77,13.79,13.61,13.61,600
1152,198,2019-03-15 15:00:00,13.68,13.68,13.68,13.68,124
1153,197,2019-03-15 15:30:00,13.74,13.74,13.67,13.67,331
1154,196,2019-03-15 16:00:00,13.62,13.74,13.61,13.69,1960
1155,195,2019-03-18 10:00:00,13.48,13.6,13.48,13.6,1042
1156,194,2019-03-18 11:30:00,13.4,13.4,13.26,13.26,1857
1157,193,2019-03-18 12:00:00,13.21,13.425,13.21,13.21,820
1158,192,2019-03-18 12:30:00,13.25,13.25,13.25,13.25,100
1159,191,2019-03-18 13:00:00,13.27,13.335,13.01,13.335,5370
1160,190,2019-03-18 13:30:00,13.05,13.17,12.875,12.875,2046
1161,189,2019-03-18 14:00:00,12.97,12.97,12.81,12.81,550
1162,188,2019-03-18 14:30:00,12.8117,12.97,12.77,12.77,3116
1163,187,2019-03-18 15:00:00,12.82,12.82,12.8,12.8,200
1164,186,2019-03-18 15:30:00,12.96,13.055,12.8,13.055,7862
1165,185,2019-03-18 16:00:00,13.12,13.23,13.12,13.22,469
1166,184,2019-03-19 10:00:00,13.2096,13.43,13.2096,13.43,460
1167,183,2019-03-19 11:30:00,13.39,13.39,13.39,13.39,110
1168,182,2019-03-19 12:00:00,13.39,13.39,13.3,13.3,305
1169,181,2019-03-19 12:30:00,13.3,13.3,13.14,13.14,825
1170,180,2019-03-19 13:00:00,13.14,13.14,12.92,13.0,691
1171,179,2019-03-19 14:30:00,13.0,13.0,12.99,13.0,313
1172,178,2019-03-19 15:00:00,12.91,13.0,12.9,12.95,1118
1173,177,2019-03-19 15:30:00,13.07,13.07,12.95,12.95,2495
1174,176,2019-03-19 16:00:00,12.95,13.05,12.9,12.9,3679
1175,175,2019-03-20 10:00:00,12.79,12.9,12.79,12.85,2029
1176,174,2019-03-20 10:30:00,12.82,12.82,12.75,12.75,1634
1177,173,2019-03-20 11:00:00,12.64,12.64,12.64,12.64,103
1178,172,2019-03-20 11:30:00,12.65,12.705,12.65,12.705,1152
1179,171,2019-03-20 12:00:00,12.75,12.75,12.65,12.75,412
1180,170,2019-03-20 12:30:00,12.65,12.65,12.65,12.65,462
1181,169,2019-03-20 13:00:00,12.57,12.64,12.56,12.6,446
1182,168,2019-03-20 13:30:00,12.63,12.63,12.63,12.63,100
1183,167,2019-03-20 14:00:00,12.6107,12.64,12.55,12.64,466
1184,166,2019-03-20 14:30:00,12.61,12.69,12.61,12.69,600
1185,165,2019-03-20 15:00:00,12.69,12.75,12.69,12.72,860
1186,164,2019-03-20 15:30:00,12.75,13.0248,12.75,12.99,4228
1187,163,2019-03-20 16:00:00,13.01,13.35,13.01,13.35,5494
1188,162,2019-03-21 10:00:00,13.475,13.475,13.475,13.475,100
1189,161,2019-03-21 11:30:00,13.2,13.2,13.13,13.1374,1829
1190,160,2019-03-21 13:30:00,13.0313,13.0313,13.0313,13.0313,260
1191,159,2019-03-21 14:00:00,12.99,12.99,12.99,12.99,274
1192,158,2019-03-21 15:30:00,12.945,12.945,12.945,12.945,200
1193,157,2019-03-21 16:00:00,12.96,12.995,12.92,12.96,1315
1194,156,2019-03-22 11:30:00,12.94,12.94,12.65,12.655,1923
1195,155,2019-03-22 13:00:00,12.65,12.775,12.62,12.62,610
1196,154,2019-03-22 14:00:00,12.55,12.55,12.35,12.355,2300
1197,153,2019-03-22 14:30:00,12.37,12.44,12.37,12.37,1414
1198,152,2019-03-22 15:00:00,12.35,12.35,12.29,12.29,1200
1199,151,2019-03-22 15:30:00,12.3574,12.38,12.35,12.38,999
1200,150,2019-03-22 16:00:00,12.36,12.45,12.35,12.45,1324
1201,149,2019-03-25 10:30:00,12.22,12.5105,12.22,12.5105,240
1202,148,2019-03-25 13:00:00,12.45,12.45,12.45,12.45,560
1203,147,2019-03-25 13:30:00,12.35,12.35,12.35,12.35,100
1204,146,2019-03-25 14:30:00,12.415,12.415,12.35,12.36,770
1205,145,2019-03-25 15:00:00,12.365,12.42,12.365,12.42,300
1206,144,2019-03-25 15:30:00,12.36,12.4,12.32,12.32,975
1207,143,2019-03-25 16:00:00,12.33,12.365,12.25,12.25,2344
1208,142,2019-03-26 10:00:00,12.24,12.4,12.24,12.4,1504
1209,141,2019-03-26 10:30:00,12.4,12.4,12.4,12.4,200
1210,140,2019-03-26 12:00:00,12.5,12.5,12.5,12.5,105
1211,139,2019-03-26 12:30:00,12.51,12.5209,12.5,12.5209,729
1212,138,2019-03-26 13:00:00,12.5486,12.5486,12.5486,12.5486,600
1213,137,2019-03-26 14:00:00,12.5,12.63,12.5,12.63,607
1214,136,2019-03-26 14:30:00,12.52,12.62,12.52,12.62,205
1215,135,2019-03-26 15:00:00,12.52,12.52,12.5,12.5,1339
1216,134,2019-03-26 15:30:00,12.52,12.62,12.52,12.62,356
1217,133,2019-03-26 16:00:00,12.51,12.62,12.51,12.62,807
1218,132,2019-03-27 10:30:00,12.7061,12.7061,12.7061,12.7061,280
1219,131,2019-03-27 11:30:00,12.68,12.68,12.68,12.68,400
1220,130,2019-03-27 13:00:00,12.65,12.65,12.65,12.65,200
1221,129,2019-03-27 13:30:00,12.66,12.7247,12.66,12.7247,228
1222,128,2019-03-27 14:00:00,12.8199,12.8199,12.81,12.81,205
1223,127,2019-03-27 14:30:00,12.75,12.775,12.66,12.66,1061
1224,126,2019-03-27 15:00:00,12.67,12.67,12.64,12.64,410
1225,125,2019-03-27 15:30:00,12.55,12.55,12.55,12.55,100
1226,124,2019-03-27 16:00:00,12.65,12.72,12.55,12.56,824
1227,123,2019-03-28 10:00:00,12.53,12.53,12.32,12.32,400
1228,122,2019-03-28 10:30:00,12.3132,12.5041,12.3132,12.35,750
1229,121,2019-03-28 11:30:00,12.55,12.6,12.55,12.6,2453
1230,120,2019-03-28 12:00:00,12.51,12.51,12.51,12.51,303
1231,119,2019-03-28 12:30:00,12.5,12.5,12.475999999999999,12.475999999999999,1321
1232,118,2019-03-28 13:00:00,12.35,12.4,12.35,12.35,1113
1233,117,2019-03-28 13:30:00,12.3,12.3,12.3,12.3,615
1234,116,2019-03-28 14:30:00,12.23,12.23,12.23,12.23,108
1235,115,2019-03-28 15:00:00,12.26,12.26,12.26,12.26,122
1236,114,2019-03-28 15:30:00,12.26,12.42,12.25,12.25,758
1237,113,2019-03-28 16:00:00,12.31,12.42,12.3,12.3,1366
1238,112,2019-03-29 11:00:00,12.38,12.38,12.38,12.38,155
1239,111,2019-03-29 12:00:00,12.38,12.4,12.37,12.37,978
1240,110,2019-03-29 13:00:00,12.4,12.4,12.4,12.4,100
1241,109,2019-03-29 13:30:00,12.37,12.43,12.37,12.43,200
1242,108,2019-03-29 14:00:00,12.43,12.43,12.34,12.34,519
1243,107,2019-03-29 15:00:00,12.43,12.43,12.39,12.39,200
1244,106,2019-03-29 15:30:00,12.48,12.48,12.39,12.39,300
1245,105,2019-03-29 16:00:00,12.38,12.43,12.3,12.4,3487
1246,104,2019-04-01 10:00:00,12.4,12.4,12.38,12.38,1805
1247,103,2019-04-01 11:00:00,12.32,12.335,12.32,12.33,400
1248,102,2019-04-01 11:30:00,12.33,12.34,12.33,12.34,300
1249,101,2019-04-01 12:00:00,12.33,12.33,12.3,12.3,200
1250,100,2019-04-01 12:30:00,12.32,12.32,12.32,12.32,300
1251,99,2019-04-01 13:00:00,12.33,12.555,12.31,12.51,6083
1252,98,2019-04-01 13:30:00,12.68,13.06,12.68,12.77,6771
1253,97,2019-04-01 14:00:00,12.76,12.875,12.7,12.7,491
1254,96,2019-04-01 14:30:00,12.57,12.6447,12.57,12.6447,1717
1255,95,2019-04-01 15:00:00,12.64,13.45,12.6184,13.45,6236
1256,94,2019-04-01 15:30:00,13.5,13.6,13.2258,13.2258,6298
1257,93,2019-04-01 16:00:00,13.19,13.19,12.95,13.13,2024
1258,92,2019-04-02 10:00:00,13.3005,13.3005,13.3005,13.3005,100
1259,91,2019-04-02 10:30:00,13.01,13.1,13.01,13.01,842
1260,90,2019-04-02 11:00:00,13.18,13.74,13.04,13.1,20808
1261,89,2019-04-02 11:30:00,13.05,13.2855,13.05,13.2404,5370
1262,88,2019-04-02 12:00:00,13.31,13.31,13.3,13.3,218
1263,87,2019-04-02 12:30:00,13.33,13.33,13.33,13.33,200
1264,86,2019-04-02 14:30:00,13.35,13.35,13.12,13.12,216
1265,85,2019-04-02 15:00:00,13.24,13.35,13.24,13.2766,733
1266,84,2019-04-02 15:30:00,13.168,13.49,13.168,13.41,2888
1267,83,2019-04-02 16:00:00,13.4,13.4,12.93,13.04,5619
1268,82,2019-04-03 10:00:00,13.27,13.27,13.27,13.27,412
1269,81,2019-04-03 12:30:00,13.3824,13.49,13.3824,13.49,610
1270,80,2019-04-03 13:00:00,13.19,13.19,13.19,13.19,100
1271,79,2019-04-03 14:00:00,13.39,13.39,13.39,13.39,110
1272,78,2019-04-03 15:00:00,13.4,13.4,13.4,13.4,100
1273,77,2019-04-03 15:30:00,13.29,13.3251,13.26,13.26,2139
1274,76,2019-04-03 16:00:00,13.17,13.37,13.17,13.29,1308
1275,75,2019-04-04 10:00:00,13.19,13.19,13.07,13.07,202
1276,74,2019-04-04 11:00:00,13.2276,13.3094,13.2276,13.3094,708
1277,73,2019-04-04 11:30:00,13.15,13.265,13.15,13.235,1303
1278,72,2019-04-04 12:00:00,13.33,13.39,13.33,13.39,300
1279,71,2019-04-04 13:00:00,13.34,13.34,13.29,13.29,457
1280,70,2019-04-04 13:30:00,13.26,13.26,13.26,13.26,100
1281,69,2019-04-04 14:00:00,13.25,13.26,13.25,13.25,511
1282,68,2019-04-04 14:30:00,13.2,13.2,13.2,13.2,103
1283,67,2019-04-04 15:00:00,13.23,13.23,13.23,13.23,100
1284,66,2019-04-04 16:00:00,13.18,13.33,13.18,13.26,730
1285,65,2019-04-05 10:00:00,13.26,13.26,13.25,13.25,529
1286,64,2019-04-05 10:30:00,13.175999999999998,13.175999999999998,13.175999999999998,13.175999999999998,200
1287,63,2019-04-05 11:30:00,13.195,13.195,13.195,13.195,200
1288,62,2019-04-05 12:00:00,13.205,13.25,13.205,13.2499,2578
1289,61,2019-04-05 12:30:00,13.195,13.195,13.195,13.195,300
1290,60,2019-04-05 13:00:00,13.25,13.25,13.2174,13.2174,600
1291,59,2019-04-05 13:30:00,13.25,13.25,13.2248,13.24,4027
1292,58,2019-04-05 14:00:00,13.25,13.25,13.25,13.25,100
1293,57,2019-04-05 15:00:00,13.14,13.14,13.14,13.14,295
1294,56,2019-04-05 15:30:00,13.15,13.25,13.14,13.25,1500
1295,55,2019-04-05 16:00:00,13.2489,13.25,13.205,13.205,1719
1296,54,2019-04-08 10:00:00,13.23,13.3646,13.23,13.2401,1413
1297,53,2019-04-08 11:00:00,13.39,13.39,13.39,13.39,105
1298,52,2019-04-08 13:00:00,13.4,13.4,13.4,13.4,116
1299,51,2019-04-08 13:30:00,13.33,13.33,13.33,13.33,118
1300,50,2019-04-08 14:30:00,13.3588,13.3588,13.34,13.34,458
1301,49,2019-04-08 15:00:00,13.3662,13.3662,13.3662,13.3662,1052
1302,48,2019-04-08 15:30:00,13.35,13.35,13.31,13.31,331
1303,47,2019-04-08 16:00:00,13.31,13.33,13.31,13.33,662
1304,46,2019-04-09 10:00:00,13.23,13.3292,13.23,13.23,900
1305,45,2019-04-09 10:30:00,13.23,13.23,13.1073,13.1073,2177
1306,44,2019-04-09 11:00:00,13.05,13.1069,13.05,13.1069,902
1307,43,2019-04-09 12:00:00,13.05,13.08,13.04,13.08,836
1308,42,2019-04-09 13:00:00,13.15,13.16,13.15,13.1587,314
1309,41,2019-04-09 13:30:00,13.09,13.09,13.06,13.06,601
1310,40,2019-04-09 14:30:00,13.07,13.2,13.07,13.19,2280
1311,39,2019-04-09 15:00:00,13.38,13.38,13.38,13.38,100
1312,38,2019-04-09 15:30:00,13.38,13.38,13.31,13.31,1343
1313,37,2019-04-09 16:00:00,13.31,13.4,13.31,13.39,4424
1314,36,2019-04-10 10:00:00,13.42,13.859000000000002,13.42,13.53,6324
1315,35,2019-04-10 11:30:00,13.53,13.55,13.53,13.55,345
1316,34,2019-04-10 12:00:00,13.6789,13.6789,13.6789,13.6789,160
1317,33,2019-04-10 13:00:00,13.6798,13.7,13.6798,13.7,341
1318,32,2019-04-10 13:30:00,13.73,13.73,13.73,13.73,100
1319,31,2019-04-10 14:00:00,13.7212,13.7212,13.7001,13.7001,605
1320,30,2019-04-10 14:30:00,13.77,13.93,13.76,13.82,13239
1321,29,2019-04-10 15:00:00,13.82,13.82,13.8,13.8,863
1322,28,2019-04-10 15:30:00,13.8108,13.9058,13.74,13.875,2806
1323,27,2019-04-10 16:00:00,13.84,13.91,13.765,13.82,12504
1324,26,2019-04-10 17:00:00,13.85,13.85,13.85,13.85,400
1325,25,2019-04-11 08:30:00,13.84,13.84,13.84,13.84,1000
1326,24,2019-04-11 10:00:00,13.2,13.85,13.1401,13.375,9142
1327,23,2019-04-11 10:30:00,13.25,13.3,13.25,13.3,2500
1328,22,2019-04-11 11:00:00,13.2833,13.299000000000001,13.2,13.205,5632
1329,21,2019-04-11 11:30:00,13.2,13.2,12.75,12.75,12013
1330,20,2019-04-11 12:00:00,12.75,12.904000000000002,12.75,12.89,4410
1331,19,2019-04-11 12:30:00,12.89,12.89,12.75,12.7888,1649
1332,18,2019-04-11 13:00:00,12.76,12.81,12.75,12.7829,3181
1333,17,2019-04-11 13:30:00,12.75,12.75,12.5899,12.5899,4682
1334,16,2019-04-11 14:00:00,12.58,12.58,12.34,12.34,3318
1335,15,2019-04-11 14:30:00,12.36,12.523,12.335,12.42,3186
1336,14,2019-04-11 15:00:00,12.37,12.37,12.35,12.362,1610
1337,13,2019-04-11 15:30:00,12.49,12.5,12.455,12.455,3530
1338,12,2019-04-11 16:00:00,12.455,12.5,12.28,12.28,16795
1339,11,2019-04-12 10:00:00,12.47,12.61,12.47,12.5085,500
1340,10,2019-04-12 10:30:00,12.42,12.42,12.3515,12.3515,976
1341,9,2019-04-12 11:00:00,12.155,12.155,11.9337,11.96,3034
1342,8,2019-04-12 11:30:00,11.9587,12.2,11.9587,12.2,3076
1343,7,2019-04-12 12:00:00,12.24,12.4,12.24,12.36,3046
1344,6,2019-04-12 12:30:00,12.4,12.45,12.4,12.45,439
1345,5,2019-04-12 13:00:00,12.42,12.42,12.36,12.36,3519
1346,4,2019-04-12 13:30:00,12.36,12.38,12.28,12.29,4671
1347,3,2019-04-12 14:00:00,12.26,12.26,12.26,12.26,100
1348,2,2019-04-12 15:00:00,12.295,12.295,12.295,12.295,100
1349,1,2019-04-12 15:30:00,12.2502,12.295,12.2502,12.295,200
1350,0,2019-04-12 16:00:00,12.2792,12.305,12.27,12.27,1677
