,index,time,open,high,low,close,volume
0,269,2020-09-08 10:00:00,50.31,50.39,49.46,49.85,121641
1,268,2020-09-08 10:30:00,49.81,49.975,49.58,49.63,142738
2,267,2020-09-08 11:00:00,49.61,49.73,49.26,49.415,108569
3,266,2020-09-08 11:30:00,49.405,49.665,49.37,49.52,86593
4,265,2020-09-08 12:00:00,49.51,49.62,49.405,49.52,145586
5,264,2020-09-08 12:30:00,49.49,49.72,49.49,49.66,64538
6,263,2020-09-08 13:00:00,49.67,49.69,49.57,49.65,31173
7,262,2020-09-08 13:30:00,49.67,49.785,49.6,49.74,38585
8,261,2020-09-08 14:00:00,49.73,49.73,49.51,49.52,41936
9,260,2020-09-08 14:30:00,49.56,49.565,49.31,49.4,138151
10,259,2020-09-08 15:00:00,49.41,49.48,49.045,49.2,110224
11,258,2020-09-08 15:30:00,49.21,49.445,49.05,49.44,120830
12,257,2020-09-08 16:00:00,49.43,49.57,49.08,49.09,232307
13,256,2020-09-08 16:30:00,49.11,49.11,49.11,49.11,10272
14,255,2020-09-09 07:30:00,49.36,49.36,49.36,49.36,655
15,254,2020-09-09 10:00:00,49.37,49.79,49.3,49.39,43601
16,253,2020-09-09 10:30:00,49.4,49.56,48.8,48.8,80567
17,252,2020-09-09 11:00:00,48.78,48.82,48.37,48.535,73822
18,251,2020-09-09 11:30:00,48.56,48.67,48.5,48.515,67109
19,250,2020-09-09 12:00:00,48.51,48.77,48.37,48.645,81764
20,249,2020-09-09 12:30:00,48.645,48.75,48.62,48.7,58128
21,248,2020-09-09 13:00:00,48.71,48.8245,48.68,48.73,47300
22,247,2020-09-09 13:30:00,48.75,49.0,48.74,48.95,52810
23,246,2020-09-09 14:00:00,48.95,49.18,48.95,49.18,66961
24,245,2020-09-09 14:30:00,49.19,49.29,49.0018,49.02,82478
25,244,2020-09-09 15:00:00,49.02,49.16,49.0,49.05,57629
26,243,2020-09-09 15:30:00,49.05,49.2,49.0499,49.17,64972
27,242,2020-09-09 16:00:00,49.175,49.24,49.03,49.07,323012
28,241,2020-09-09 16:30:00,49.06,49.06,49.06,49.06,24615
29,240,2020-09-10 10:00:00,49.33,49.74,49.16,49.4,70595
30,239,2020-09-10 10:30:00,49.41,49.45,48.96,49.02,94274
31,238,2020-09-10 11:00:00,49.01,49.09,48.48,48.48,69803
32,237,2020-09-10 11:30:00,48.47,48.92,48.45,48.85,123120
33,236,2020-09-10 12:00:00,48.855,48.95,48.6,48.6,110858
34,235,2020-09-10 12:30:00,48.585,48.785,48.585,48.765,63887
35,234,2020-09-10 13:00:00,48.78,48.83,48.58,48.76,91005
36,233,2020-09-10 13:30:00,48.775,49.005,48.755,48.84,49915
37,232,2020-09-10 14:00:00,48.85,48.9,48.735,48.8,89061
38,231,2020-09-10 14:30:00,48.8,48.91,48.61,48.61,76730
39,230,2020-09-10 15:00:00,48.63,48.79,48.57,48.71,98422
40,229,2020-09-10 15:30:00,48.685,48.71,48.15,48.35,89238
41,228,2020-09-10 16:00:00,48.33,48.53,48.21,48.22,356032
42,227,2020-09-10 16:30:00,48.22,48.7316,48.22,48.7316,135331
43,226,2020-09-11 10:00:00,48.32,48.62,47.84,47.85,52150
44,225,2020-09-11 10:30:00,47.88,48.14,47.81,48.0,78252
45,224,2020-09-11 11:00:00,48.0,48.14,47.9,47.98,35640
46,223,2020-09-11 11:30:00,47.95,48.35,47.95,48.315,35006
47,222,2020-09-11 12:00:00,48.335,48.47,48.315,48.465,37140
48,221,2020-09-11 12:30:00,48.45,48.73,48.43,48.67,37706
49,220,2020-09-11 13:00:00,48.65,48.795,48.62,48.69,63452
50,219,2020-09-11 13:30:00,48.69,48.73,48.63,48.65,84017
51,218,2020-09-11 14:00:00,48.65,48.75,48.61,48.64,62244
52,217,2020-09-11 14:30:00,48.62,48.91,48.61,48.82,71137
53,216,2020-09-11 15:00:00,48.825,49.1,48.79,49.08,63109
54,215,2020-09-11 15:30:00,49.05,49.1,48.95,48.99,170616
55,214,2020-09-11 16:00:00,49.0,49.05,48.84,48.92,287300
56,213,2020-09-11 16:30:00,48.92,48.92,48.92,48.92,9851
57,212,2020-09-14 10:00:00,49.4,49.45,49.05,49.45,69131
58,211,2020-09-14 10:30:00,49.47,49.53,49.285,49.33,53760
59,210,2020-09-14 11:00:00,49.33,49.45,49.22,49.245,34700
60,209,2020-09-14 11:30:00,49.245,49.28,49.17,49.185,20021
61,208,2020-09-14 12:00:00,49.2,49.31,49.15,49.18,23695
62,207,2020-09-14 12:30:00,49.16,49.255,49.14,49.255,34741
63,206,2020-09-14 13:00:00,49.23,49.34,49.225,49.325,45341
64,205,2020-09-14 13:30:00,49.34,49.47,49.28,49.29,38311
65,204,2020-09-14 14:00:00,49.29,49.3106,49.06,49.075,37461
66,203,2020-09-14 14:30:00,49.07,49.19,49.065,49.115,45826
67,202,2020-09-14 15:00:00,49.12,49.18,48.98,49.06,44972
68,201,2020-09-14 15:30:00,49.04,49.14,48.94,49.03,68504
69,200,2020-09-14 16:00:00,49.035,49.215,48.91,49.11,209209
70,199,2020-09-14 16:30:00,49.11,49.11,49.11,49.11,16425
71,198,2020-09-15 10:00:00,49.07,49.09,48.13,48.15,76758
72,197,2020-09-15 10:30:00,48.12,48.55,48.12,48.37,48130
73,196,2020-09-15 11:00:00,48.37,48.53,48.34,48.42,55469
74,195,2020-09-15 11:30:00,48.425,48.435,48.19,48.23,84460
75,194,2020-09-15 12:00:00,48.22,48.24,48.0,48.05,38956
76,193,2020-09-15 12:30:00,48.03,48.215,48.03,48.2,88220
77,192,2020-09-15 13:00:00,48.21,48.3,48.2,48.23,48373
78,191,2020-09-15 13:30:00,48.24,48.39,48.165,48.2,42841
79,190,2020-09-15 14:00:00,48.21,48.27,48.17,48.25,33749
80,189,2020-09-15 14:30:00,48.22,48.23,48.03,48.03,50485
81,188,2020-09-15 15:00:00,48.03,48.055,47.895,47.95,53781
82,187,2020-09-15 15:30:00,47.96,47.96,47.81,47.88,62621
83,186,2020-09-15 16:00:00,47.87,47.91,47.76,47.8,232568
84,185,2020-09-15 16:30:00,47.8,47.8,47.8,47.8,12375
85,184,2020-09-16 10:00:00,47.93,47.98,47.68,47.92,99581
86,183,2020-09-16 10:30:00,47.95,48.4,47.95,48.15,52124
87,182,2020-09-16 11:00:00,48.18,48.35,48.15,48.29,31154
88,181,2020-09-16 11:30:00,48.305,48.55,48.305,48.385,74270
89,180,2020-09-16 12:00:00,48.385,48.48,48.29,48.445,27981
90,179,2020-09-16 12:30:00,48.41,48.48,48.37,48.46,31436
91,178,2020-09-16 13:00:00,48.46,48.585,48.45,48.58,20824
92,177,2020-09-16 13:30:00,48.57,48.605,48.46,48.525,21729
93,176,2020-09-16 14:00:00,48.53,48.7,48.53,48.61,30594
94,175,2020-09-16 14:30:00,48.59,48.74,48.545,48.635,37044
95,174,2020-09-16 15:00:00,48.64,48.84,48.51,48.525,77273
96,173,2020-09-16 15:30:00,48.51,48.55,48.051,48.245,134854
97,172,2020-09-16 16:00:00,48.24,48.32,47.94,48.07,253544
98,171,2020-09-16 16:30:00,48.06,48.3515,48.06,48.3515,10243
99,170,2020-09-17 10:00:00,47.31,47.58,47.1,47.48,116735
100,169,2020-09-17 10:30:00,47.51,47.7,47.45,47.625,31294
101,168,2020-09-17 11:00:00,47.61,47.76,47.485,47.64,32110
102,167,2020-09-17 11:30:00,47.64,47.8,47.585,47.59,29660
103,166,2020-09-17 12:00:00,47.59,47.87,47.59,47.815,32711
104,165,2020-09-17 12:30:00,47.81,47.81,47.495,47.69,48791
105,164,2020-09-17 13:00:00,47.69,47.87,47.67,47.83,52343
106,163,2020-09-17 13:30:00,47.83,47.84,47.75,47.8,41061
107,162,2020-09-17 14:00:00,47.8,47.85,47.78,47.84,56788
108,161,2020-09-17 14:30:00,47.85,48.02,47.75,47.75,85914
109,160,2020-09-17 15:00:00,47.75,47.815,47.69,47.75,34499
110,159,2020-09-17 15:30:00,47.75,47.84,47.61,47.73,70844
111,158,2020-09-17 16:00:00,47.73,47.9,47.7,47.87,221183
112,157,2020-09-17 16:30:00,47.83,47.83,47.83,47.83,3451
113,156,2020-09-18 10:00:00,47.93,48.1,47.625,47.795,81710
114,155,2020-09-18 10:30:00,47.81,48.29,47.73,48.26,62813
115,154,2020-09-18 11:00:00,48.25,48.27,47.92,47.94,41411
116,153,2020-09-18 11:30:00,47.93,48.0,47.763000000000005,47.85,48256
117,152,2020-09-18 12:00:00,47.865,47.9,47.75,47.795,28048
118,151,2020-09-18 12:30:00,47.8,47.845,47.6726,47.7,25585
119,150,2020-09-18 13:00:00,47.69,47.71,47.6,47.71,25703
120,149,2020-09-18 13:30:00,47.71,47.76,47.56,47.56,27965
121,148,2020-09-18 14:00:00,47.48,47.59,47.42,47.59,36018
122,147,2020-09-18 14:30:00,47.56,47.67,47.48,47.62,37062
123,146,2020-09-18 15:00:00,47.63,47.69,47.54,47.65,126411
124,145,2020-09-18 15:30:00,47.66,47.93,47.64,47.92,70034
125,144,2020-09-18 16:00:00,47.925,47.95,47.67,47.7,549320
126,143,2020-09-18 16:30:00,47.7,47.7,47.7,47.7,13631
127,142,2020-09-18 19:30:00,47.9,47.9,47.9,47.9,2000
128,141,2020-09-21 10:00:00,46.8,47.415,46.55,47.34,152751
129,140,2020-09-21 10:30:00,47.34,47.43,46.76,46.91,84295
130,139,2020-09-21 11:00:00,46.9,46.92,46.41,46.47,133767
131,138,2020-09-21 11:30:00,46.45,46.58,46.27,46.37,114804
132,137,2020-09-21 12:00:00,46.35,46.4,46.21,46.24,61594
133,136,2020-09-21 12:30:00,46.23,46.31,46.08,46.12,41433
134,135,2020-09-21 13:00:00,46.12,46.23,46.015,46.1,101371
135,134,2020-09-21 13:30:00,46.115,46.25,46.01,46.24,56590
136,133,2020-09-21 14:00:00,46.22,46.435,46.22,46.38,68191
137,132,2020-09-21 14:30:00,46.38,46.42,46.28,46.35,76347
138,131,2020-09-21 15:00:00,46.34,46.43,46.18,46.4,99016
139,130,2020-09-21 15:30:00,46.4,46.89,46.4,46.8,119515
140,129,2020-09-21 16:00:00,46.8,47.0,46.73,46.77,519345
141,128,2020-09-21 16:30:00,46.78,46.78,46.78,46.78,374321
142,127,2020-09-22 10:00:00,47.04,47.48,46.8,46.885,54870
143,126,2020-09-22 10:30:00,46.855,47.06,46.7779,46.9,75980
144,125,2020-09-22 11:00:00,46.94,46.97,46.6,46.61,55532
145,124,2020-09-22 11:30:00,46.61,46.79,46.56,46.59,54324
146,123,2020-09-22 12:00:00,46.61,46.61,46.43,46.43,34158
147,122,2020-09-22 12:30:00,46.42,46.58,46.42,46.52,39339
148,121,2020-09-22 13:00:00,46.5099,46.6,46.4,46.44,38679
149,120,2020-09-22 13:30:00,46.44,46.495,46.38,46.48,26698
150,119,2020-09-22 14:00:00,46.48,46.66,46.48,46.62,25949
151,118,2020-09-22 14:30:00,46.62,46.705,46.585,46.67,32877
152,117,2020-09-22 15:00:00,46.68,46.75,46.62,46.65,44614
153,116,2020-09-22 15:30:00,46.64,46.77,46.61,46.75,42034
154,115,2020-09-22 16:00:00,46.75,46.915,46.65,46.8,226308
155,114,2020-09-22 16:30:00,46.84,46.84,46.84,46.84,4715
156,113,2020-09-23 09:30:00,46.8519,46.8519,46.8519,46.8519,1694
157,112,2020-09-23 10:00:00,46.96,47.72,46.96,47.66,73005
158,111,2020-09-23 10:30:00,47.655,47.68,47.45,47.53,43351
159,110,2020-09-23 11:00:00,47.53,47.57,47.14,47.18,37814
160,109,2020-09-23 11:30:00,47.185,47.245,46.84,46.905,27078
161,108,2020-09-23 12:00:00,46.9,47.0,46.8,46.93,29343
162,107,2020-09-23 12:30:00,46.92,46.98,46.77,46.86,30474
163,106,2020-09-23 13:00:00,46.85,46.99,46.73,46.79,25598
164,105,2020-09-23 13:30:00,46.79,46.87,46.74,46.76,24334
165,104,2020-09-23 14:00:00,46.76,46.76,46.54,46.64,36141
166,103,2020-09-23 14:30:00,46.62,46.63,46.35,46.36,39221
167,102,2020-09-23 15:00:00,46.35,46.39,46.1,46.145,41346
168,101,2020-09-23 15:30:00,46.16,46.22,45.97,46.2,79383
169,100,2020-09-23 16:00:00,46.205,46.275,45.98,46.08,332552
170,99,2020-09-23 16:30:00,46.08,46.08,46.08,46.08,2744
171,98,2020-09-24 10:00:00,45.71,45.985,45.17,45.55,74061
172,97,2020-09-24 10:30:00,45.57,46.1,45.57,46.0,69875
173,96,2020-09-24 11:00:00,45.98,46.09,45.81,46.01,74311
174,95,2020-09-24 11:30:00,45.99,45.99,45.59,45.74,41877
175,94,2020-09-24 12:00:00,45.74,46.06,45.68,46.06,28279
176,93,2020-09-24 12:30:00,46.06,46.4,46.0592,46.32,28792
177,92,2020-09-24 13:00:00,46.36,46.435,46.19,46.435,21604
178,91,2020-09-24 13:30:00,46.42,46.71,46.395,46.65,35393
179,90,2020-09-24 14:00:00,46.635,46.74,46.53,46.55,40003
180,89,2020-09-24 14:30:00,46.55,46.595,46.35,46.41,49926
181,88,2020-09-24 15:00:00,46.425,46.58,46.15,46.15,97118
182,87,2020-09-24 15:30:00,46.17,46.24,45.95,46.03,64186
183,86,2020-09-24 16:00:00,46.03,46.185,45.95,45.95,207584
184,85,2020-09-24 16:30:00,45.95,45.95,45.95,45.95,3317
185,84,2020-09-25 10:00:00,45.62,46.17,45.47,46.13,46218
186,83,2020-09-25 10:30:00,46.14,46.32,45.81,46.06,69029
187,82,2020-09-25 11:00:00,46.05,46.35,45.98,46.26,56389
188,81,2020-09-25 11:30:00,46.22,46.25,46.0,46.11,30312
189,80,2020-09-25 12:00:00,46.11,46.24,46.0034,46.0034,33461
190,79,2020-09-25 12:30:00,46.03,46.21,46.02,46.21,29343
191,78,2020-09-25 13:00:00,46.22,46.36,46.175,46.34,28246
192,77,2020-09-25 13:30:00,46.34,46.46,46.33,46.37,22846
193,76,2020-09-25 14:00:00,46.38,46.425,46.29,46.325,29511
194,75,2020-09-25 14:30:00,46.33,46.46,46.33,46.45,43170
195,74,2020-09-25 15:00:00,46.455,46.57,46.43,46.57,64405
196,73,2020-09-25 15:30:00,46.57,46.825,46.56,46.8,72929
197,72,2020-09-25 16:00:00,46.8,46.8,46.55,46.6,269977
198,71,2020-09-25 16:30:00,46.6,46.6,46.6,46.6,15220
199,70,2020-09-28 10:00:00,47.38,47.73,47.09,47.47,102738
200,69,2020-09-28 10:30:00,47.48,47.705,47.29,47.64,100312
201,68,2020-09-28 11:00:00,47.615,47.78,47.57,47.74,40180
202,67,2020-09-28 11:30:00,47.79,47.88,47.73,47.84,39360
203,66,2020-09-28 12:00:00,47.84,48.06,47.81,47.99,88251
204,65,2020-09-28 12:30:00,47.98,48.22,47.98,48.21,52377
205,64,2020-09-28 13:00:00,48.22,48.37,48.05,48.205,46976
206,63,2020-09-28 13:30:00,48.2,48.3,48.08,48.09,36339
207,62,2020-09-28 14:00:00,48.1,48.225,48.05,48.065,38103
208,61,2020-09-28 14:30:00,48.05,48.19,48.04,48.14,38573
209,60,2020-09-28 15:00:00,48.14,48.22,48.09,48.19,34547
210,59,2020-09-28 15:30:00,48.18,48.23,48.075,48.15,46581
211,58,2020-09-28 16:00:00,48.15,48.165,47.92,48.02,210670
212,57,2020-09-28 16:30:00,47.98,47.98,47.98,47.98,11393
213,56,2020-09-29 10:00:00,47.97,48.2,47.58,47.6,39071
214,55,2020-09-29 10:30:00,47.64,47.9,47.64,47.8,24629
215,54,2020-09-29 11:00:00,47.79,47.82,47.46,47.5,29055
216,53,2020-09-29 11:30:00,47.49,47.49,47.32,47.345,51315
217,52,2020-09-29 12:00:00,47.34,47.43,47.21,47.25,55338
218,51,2020-09-29 12:30:00,47.25,47.56,47.15,47.56,42143
219,50,2020-09-29 13:00:00,47.51,47.62,47.41,47.62,36570
220,49,2020-09-29 13:30:00,47.615,47.75,47.42,47.75,29682
221,48,2020-09-29 14:00:00,47.78,47.78,47.615,47.685,33590
222,47,2020-09-29 14:30:00,47.7,47.9,47.63,47.885,29743
223,46,2020-09-29 15:00:00,47.915,47.95,47.73,47.76,33348
224,45,2020-09-29 15:30:00,47.78,47.96,47.77,47.79,42127
225,44,2020-09-29 16:00:00,47.77,47.86,47.58,47.6,195229
226,43,2020-09-29 16:30:00,47.6,47.6,47.6,47.6,3649
227,42,2020-09-30 10:00:00,47.72,48.26,47.72,48.04,75888
228,41,2020-09-30 10:30:00,48.0,48.33,47.82,47.88,32224
229,40,2020-09-30 11:00:00,47.86,48.11,47.86,47.955,103440
230,39,2020-09-30 11:30:00,47.88,47.885,47.41,47.42,116853
231,38,2020-09-30 12:00:00,47.41,47.63,47.35,47.54,52904
232,37,2020-09-30 12:30:00,47.54,47.86,47.52,47.81,43088
233,36,2020-09-30 13:00:00,47.82,47.84,47.54,47.71,133801
234,35,2020-09-30 13:30:00,47.71,47.85,47.62,47.82,43310
235,34,2020-09-30 14:00:00,47.81,47.895,47.68,47.76,54426
236,33,2020-09-30 14:30:00,47.755,47.88,47.38,47.48,67447
237,32,2020-09-30 15:00:00,47.47,47.71,47.42,47.69,114786
238,31,2020-09-30 15:30:00,47.68,47.82,47.4664,47.66,124386
239,30,2020-09-30 16:00:00,47.66,48.05,47.59,47.93,370966
240,29,2020-09-30 16:30:00,47.93,47.93,47.93,47.93,4725
241,28,2020-10-01 09:30:00,48.2,48.2,48.2,48.2,300
242,27,2020-10-01 10:00:00,48.76,49.46,48.48,48.53,307843
243,26,2020-10-01 10:30:00,48.52,48.58,48.16,48.31,116535
244,25,2020-10-01 11:00:00,48.29,48.53,48.15,48.23,77114
245,24,2020-10-01 11:30:00,48.225,48.49,48.18,48.44,66775
246,23,2020-10-01 12:00:00,48.45,48.48,48.165,48.23,76844
247,22,2020-10-01 12:30:00,48.22,48.27,48.085,48.265,63175
248,21,2020-10-01 13:00:00,48.26,48.27,48.105,48.125,59174
249,20,2020-10-01 13:30:00,48.12,48.255,48.105,48.15,39098
250,19,2020-10-01 14:00:00,48.15,48.2767,48.105,48.135,52771
251,18,2020-10-01 14:30:00,48.195,48.23,47.79,48.04,77033
252,17,2020-10-01 15:00:00,48.04,48.07,47.91,47.92,72117
253,16,2020-10-01 15:30:00,47.92,47.975,47.55,47.7,117880
254,15,2020-10-01 16:00:00,47.7,47.95,47.7,47.9,337089
255,14,2020-10-01 16:30:00,47.92,47.92,47.92,47.92,17883
256,13,2020-10-02 10:00:00,47.16,47.53,47.01,47.14,54547
257,12,2020-10-02 10:30:00,47.16,47.77,47.16,47.57,89637
258,11,2020-10-02 11:00:00,47.53,47.63,47.19,47.21,66442
259,10,2020-10-02 11:30:00,47.195,47.75,47.18,47.715,62667
260,9,2020-10-02 12:00:00,47.72,47.8,47.6,47.64,35276
261,8,2020-10-02 12:30:00,47.62,48.26,47.61,48.14,37202
262,7,2020-10-02 13:00:00,48.18,48.43,48.125,48.3,420081
263,6,2020-10-02 13:30:00,48.31,48.38,48.1505,48.35,33965
264,5,2020-10-02 14:00:00,48.34,48.34,48.02,48.15,194430
265,4,2020-10-02 14:30:00,48.17,48.24,48.04,48.12,46030
266,3,2020-10-02 15:00:00,48.14,48.27,48.05,48.09,68360
267,2,2020-10-02 15:30:00,48.1,48.215,47.97,48.215,44766
268,1,2020-10-02 16:00:00,48.215,48.36,48.13,48.14,470390
269,0,2020-10-02 16:30:00,48.14,48.14,48.14,48.14,7647
