,index,time,open,high,low,close,volume
0,159,2019-05-14 13:30:00,23.6630733932,23.6630733932,23.6630733932,23.6630733932,113
1,158,2019-05-14 14:30:00,23.6617968415,23.6617968415,23.6617968415,23.6617968415,400
2,157,2019-05-14 15:00:00,23.6617968415,23.6617968415,23.6617968415,23.6617968415,150
3,156,2019-05-14 15:30:00,23.6162057108,23.6307036904,23.6162057108,23.6307036904,493
4,155,2019-05-14 16:00:00,23.6435603892,23.6435603892,23.6435603892,23.6435603892,339
5,154,2019-05-15 10:00:00,23.5997929037,23.5997929037,23.5997929037,23.5997929037,158
6,153,2019-05-15 10:30:00,23.6526786154,23.6617968415,23.6526786154,23.6617968415,834
7,152,2019-05-15 11:30:00,23.684227677800003,23.7165061984,23.684227677800003,23.7073879722,930
8,151,2019-05-15 12:00:00,23.7073879722,23.7073879722,23.7073879722,23.7073879722,886
9,150,2019-05-15 13:30:00,23.7165061984,23.7940111206,23.7165061984,23.7894520075,1885
10,149,2019-05-15 14:00:00,23.7894520075,23.798570233699998,23.7529791029,23.7529791029,810
11,148,2019-05-15 14:30:00,23.725624424499998,23.758085309600002,23.725624424499998,23.758085309600002,635
12,147,2019-05-15 15:00:00,23.798570233699998,23.798570233699998,23.6800332938,23.6800332938,941
13,146,2019-05-15 15:30:00,23.6727387129,23.6727387129,23.6727387129,23.6727387129,105
14,145,2019-05-15 16:00:00,23.670915067600003,23.7073879722,23.670915067600003,23.7073879722,1553
15,144,2019-05-16 10:30:00,23.8076884598,23.8076884598,23.8076884598,23.8076884598,100
16,143,2019-05-16 11:00:00,23.8076884598,23.8076884598,23.8076884598,23.8076884598,300
17,142,2019-05-16 11:30:00,23.8076884598,23.8076884598,23.689242702199998,23.689242702199998,670
18,141,2019-05-16 12:00:00,23.8075972775,23.8075972775,23.7073879722,23.7165061984,1045
19,140,2019-05-16 13:00:00,23.771580284299997,23.771580284299997,23.771580284299997,23.771580284299997,160
20,139,2019-05-16 13:30:00,23.7073879722,23.734742650599998,23.7073879722,23.734742650599998,625
21,138,2019-05-16 14:00:00,23.798570233699998,23.798570233699998,23.698269746100003,23.698269746100003,2314
22,137,2019-05-16 14:30:00,23.7073879722,23.7894520075,23.7073879722,23.7803337814,8272
23,136,2019-05-16 15:00:00,23.724347872800003,23.724347872800003,23.670915067600003,23.6939841798,2900
24,135,2019-05-16 16:00:00,23.670915067600003,23.6972667412,23.670915067600003,23.670915067600003,888
25,134,2019-05-17 10:00:00,23.7073879722,23.7073879722,23.7073879722,23.7073879722,100
26,133,2019-05-17 13:00:00,23.7073879722,23.7073879722,23.7073879722,23.7073879722,300
27,132,2019-05-17 14:30:00,23.727903981,23.727903981,23.727903981,23.727903981,900
28,131,2019-05-17 15:00:00,23.6344421631,23.6453840344,23.6344421631,23.6453840344,1209
29,130,2019-05-17 16:00:00,23.7165061984,23.7165061984,23.7165061984,23.7165061984,100
30,129,2019-05-20 10:00:00,23.7073879722,23.7073879722,23.677389008200002,23.677389008200002,400
31,128,2019-05-20 11:00:00,23.698269746100003,23.703467135,23.698269746100003,23.703467135,910
32,127,2019-05-20 11:30:00,23.6162057108,23.6162057108,23.6162057108,23.6162057108,200
33,126,2019-05-20 13:30:00,23.6162057108,23.6162057108,23.6162057108,23.6162057108,1100
34,125,2019-05-20 14:00:00,23.561496353899997,23.561496353899997,23.561496353899997,23.561496353899997,568
35,124,2019-05-20 14:30:00,23.561496353899997,23.561496353899997,23.5432599016,23.5432599016,836
36,123,2019-05-20 15:00:00,23.5432599016,23.5432599016,23.5432599016,23.5432599016,400
37,122,2019-05-20 15:30:00,23.5250234494,23.570614580100003,23.5250234494,23.570614580100003,443
38,121,2019-05-20 16:00:00,23.570614580100003,23.570614580100003,23.570614580100003,23.570614580100003,627
39,120,2019-05-21 10:00:00,23.570614580100003,23.570614580100003,23.570614580100003,23.570614580100003,900
40,119,2019-05-21 10:30:00,23.5532899504,23.5532899504,23.5532899504,23.5532899504,121
41,118,2019-05-21 11:30:00,23.6162057108,23.6162057108,23.6162057108,23.6162057108,400
42,117,2019-05-21 13:00:00,23.570614580100003,23.607725760500003,23.570614580100003,23.607725760500003,432
43,116,2019-05-21 13:30:00,23.6070874846,23.6070874846,23.6070874846,23.6070874846,100
44,115,2019-05-21 14:00:00,23.588851032399997,23.6162057108,23.561496353899997,23.6162057108,1308
45,114,2019-05-21 14:30:00,23.6162057108,23.6162057108,23.594321968000003,23.594321968000003,400
46,113,2019-05-21 15:30:00,23.6070874846,23.6070874846,23.6070874846,23.6070874846,100
47,112,2019-05-21 16:00:00,23.6162057108,23.6162057108,23.6095494057,23.6095494057,889
48,111,2019-05-22 10:30:00,23.6162057108,23.6162057108,23.6162057108,23.6162057108,100
49,110,2019-05-22 11:30:00,23.6162057108,23.6162057108,23.6162057108,23.6162057108,121
50,109,2019-05-22 12:00:00,23.6162057108,23.6162057108,23.6162057108,23.6162057108,789
51,108,2019-05-22 12:30:00,23.6344421631,23.6344421631,23.612740784899998,23.612740784899998,414
52,107,2019-05-22 14:00:00,23.6617968415,23.6617968415,23.6617968415,23.6617968415,100
53,106,2019-05-22 15:00:00,23.6617968415,23.6617968415,23.588851032399997,23.588851032399997,902
54,105,2019-05-22 15:30:00,23.608364036300003,23.608364036300003,23.597969258499997,23.597969258499997,243
55,104,2019-05-22 16:00:00,23.6526786154,23.6526786154,23.6526786154,23.6526786154,100
56,103,2019-05-23 10:00:00,23.6162057108,23.6162057108,23.6162057108,23.6162057108,1000
57,102,2019-05-23 11:00:00,23.599428174699998,23.599428174699998,23.599428174699998,23.599428174699998,800
58,101,2019-05-23 12:00:00,23.6162057108,23.6162057108,23.6162057108,23.6162057108,160
59,100,2019-05-23 13:00:00,23.6617968415,23.6617968415,23.6617968415,23.6617968415,100
60,99,2019-05-23 13:30:00,23.6617968415,23.6617968415,23.6617968415,23.6617968415,200
61,98,2019-05-23 14:00:00,23.6617968415,23.6617968415,23.6617968415,23.6617968415,164
62,97,2019-05-23 14:30:00,23.6617968415,23.6617968415,23.6617968415,23.6617968415,100
63,96,2019-05-23 15:00:00,23.6617968415,23.6617968415,23.6617968415,23.6617968415,286
64,95,2019-05-23 15:30:00,23.6617968415,23.6617968415,23.6617968415,23.6617968415,100
65,94,2019-05-24 11:00:00,23.698269746100003,23.7073879722,23.689151519899998,23.7073879722,918
66,93,2019-05-24 11:30:00,23.670915067600003,23.670915067600003,23.670915067600003,23.670915067600003,200
67,92,2019-05-24 12:00:00,23.670915067600003,23.670915067600003,23.670915067600003,23.670915067600003,237
68,91,2019-05-24 15:30:00,23.7073879722,23.7073879722,23.7073879722,23.7073879722,300
69,90,2019-05-24 16:00:00,23.7073879722,23.7073879722,23.698269746100003,23.698269746100003,393
70,89,2019-05-28 12:00:00,23.7073879722,23.7073879722,23.7073879722,23.7073879722,300
71,88,2019-05-28 12:30:00,23.7073879722,23.7073879722,23.698269746100003,23.698269746100003,983
72,87,2019-05-28 13:00:00,23.7529791029,23.7529791029,23.7529791029,23.7529791029,300
73,86,2019-05-28 13:30:00,23.734742650599998,23.7803337814,23.7073879722,23.7082997948,4010
74,85,2019-05-28 14:30:00,23.7536173788,23.7536173788,23.7073879722,23.7073879722,3035
75,84,2019-05-28 15:00:00,23.7073879722,23.7073879722,23.7073879722,23.7073879722,101
76,83,2019-05-28 15:30:00,23.7073879722,23.7073879722,23.7073879722,23.7073879722,119
77,82,2019-05-29 10:30:00,23.7438608768,23.7438608768,23.7438608768,23.7438608768,100
78,81,2019-05-29 12:00:00,23.7438608768,23.7438608768,23.7438608768,23.7438608768,800
79,80,2019-05-29 14:30:00,23.6650794029,23.7438608768,23.6650794029,23.7438608768,393
80,79,2019-05-29 15:00:00,23.7125853611,23.7125853611,23.7125853611,23.7125853611,125
81,78,2019-05-29 16:00:00,23.725624424499998,23.725624424499998,23.725624424499998,23.725624424499998,300
82,77,2019-05-30 10:00:00,23.7803337814,23.7803337814,23.7803337814,23.7803337814,3426
83,76,2019-05-30 10:30:00,23.7803337814,23.7803337814,23.7803337814,23.7803337814,500
84,75,2019-05-30 11:30:00,23.7803337814,23.7803337814,23.7803337814,23.7803337814,643
85,74,2019-05-30 12:00:00,23.7803337814,23.7803337814,23.7803337814,23.7803337814,131
86,73,2019-05-30 12:30:00,23.7894520075,23.7894520075,23.725715606799998,23.725715606799998,2913
87,72,2019-05-30 14:00:00,23.725624424499998,23.725624424499998,23.7073879722,23.7073879722,970
88,71,2019-05-30 15:00:00,23.7165061984,23.731916000500004,23.7165061984,23.731916000500004,1983
89,70,2019-05-31 10:00:00,23.7165061984,23.7165061984,23.7165061984,23.7165061984,248
90,69,2019-05-31 11:30:00,23.7529791029,23.788996096199998,23.7520672803,23.788996096199998,2276
91,68,2019-05-31 12:00:00,23.7803337814,23.7894520075,23.7712155552,23.7894520075,2019
92,67,2019-05-31 12:30:00,23.7165061984,23.7165061984,23.7073879722,23.7073879722,1370
93,66,2019-05-31 13:30:00,23.725624424499998,23.748693536599998,23.725624424499998,23.748693536599998,1200
94,65,2019-05-31 15:00:00,23.7894520075,23.7894520075,23.7894520075,23.7894520075,200
95,64,2019-05-31 16:00:00,23.734742650599998,23.734742650599998,23.5797328062,23.725624424499998,9800
96,63,2019-06-03 10:00:00,23.570614580100003,23.570614580100003,23.570614580100003,23.570614580100003,178
97,62,2019-06-03 11:00:00,23.5797328062,23.5797328062,23.5797328062,23.5797328062,113
98,61,2019-06-03 11:30:00,23.6162057108,23.6617968415,23.6162057108,23.6162057108,6332
99,60,2019-06-03 12:00:00,23.6162057108,23.6617968415,23.6162057108,23.6617968415,4532
100,59,2019-06-03 12:30:00,23.6617968415,23.6617968415,23.6617968415,23.6617968415,300
101,58,2019-06-03 13:00:00,23.6617968415,23.6617968415,23.6617968415,23.6617968415,963
102,57,2019-06-03 14:00:00,23.6162057108,23.617755809200002,23.5722558608,23.5797328062,2387
103,56,2019-06-03 14:30:00,23.588851032399997,23.6207648239,23.570614580100003,23.6207648239,3563
104,55,2019-06-03 15:00:00,23.5797328062,23.5797328062,23.5797328062,23.5797328062,100
105,54,2019-06-03 16:00:00,23.597969258499997,23.597969258499997,23.597969258499997,23.597969258499997,181
106,53,2019-06-04 10:00:00,23.6070874846,23.6070874846,23.6070874846,23.6070874846,105
107,52,2019-06-04 12:00:00,23.6331656114,23.658970191399998,23.6331656114,23.658970191399998,2196
108,51,2019-06-04 12:30:00,23.6207648239,23.6526786154,23.617846991500002,23.617846991500002,1522
109,50,2019-06-04 13:00:00,23.587574480700003,23.597969258499997,23.587574480700003,23.597969258499997,350
110,49,2019-06-04 13:30:00,23.6066315733,23.6066315733,23.6066315733,23.6066315733,250
111,48,2019-06-04 14:30:00,23.623956203000002,23.661067383400002,23.588851032399997,23.588851032399997,1835
112,47,2019-06-04 15:00:00,23.588851032399997,23.597969258499997,23.588851032399997,23.588851032399997,1600
113,46,2019-06-04 16:00:00,23.6253239369,23.6253239369,23.6253239369,23.6253239369,100
114,45,2019-06-05 10:00:00,23.6405513746,23.6405513746,23.6405513746,23.6405513746,300
115,44,2019-06-05 10:30:00,23.588851032399997,23.588851032399997,23.588851032399997,23.588851032399997,1225
116,43,2019-06-05 12:00:00,23.588851032399997,23.588851032399997,23.588851032399997,23.588851032399997,1056
117,42,2019-06-05 12:30:00,23.6223149223,23.6223149223,23.6223149223,23.6223149223,400
118,41,2019-06-05 13:30:00,23.6232267449,23.6232267449,23.6162057108,23.6162057108,358
119,40,2019-06-05 14:00:00,23.6253239369,23.6253239369,23.6253239369,23.6253239369,379
120,39,2019-06-05 15:30:00,23.6305213258,23.6305213258,23.6162057108,23.621585464200002,1601
121,38,2019-06-05 16:00:00,23.6162057108,23.6162057108,23.588851032399997,23.588851032399997,2894
122,37,2019-06-06 11:00:00,23.597969258499997,23.612740784899998,23.597969258499997,23.597969258499997,1600
123,36,2019-06-06 12:30:00,23.6336215227,23.6336215227,23.6336215227,23.6336215227,100
124,35,2019-06-06 13:00:00,23.654319896100002,23.654319896100002,23.6435603892,23.6435603892,500
125,34,2019-06-06 13:30:00,23.6070874846,23.628971227399997,23.6070874846,23.628971227399997,900
126,33,2019-06-06 16:00:00,23.650125512,23.6526786154,23.6162057108,23.6162057108,1405
127,32,2019-06-07 10:00:00,23.6435603892,23.6617968415,23.6435603892,23.6617968415,2192
128,31,2019-06-07 10:30:00,23.6617968415,23.6617968415,23.6617968415,23.6617968415,1021
129,30,2019-06-07 11:30:00,23.6800332938,23.6800332938,23.6435603892,23.6435603892,860
130,29,2019-06-07 12:00:00,23.689151519899998,23.689151519899998,23.689151519899998,23.689151519899998,100
131,28,2019-06-07 13:30:00,23.6344421631,23.6344421631,23.6344421631,23.6344421631,577
132,27,2019-06-07 14:00:00,23.681765756799997,23.689151519899998,23.671097432199996,23.671097432199996,2533
133,26,2019-06-07 14:30:00,23.6344421631,23.6344421631,23.6344421631,23.6344421631,199
134,25,2019-06-07 15:30:00,23.709758711,23.709758711,23.709758711,23.709758711,337
135,24,2019-06-07 16:00:00,23.7165061984,23.7165061984,23.7165061984,23.7165061984,177
136,23,2019-06-10 10:00:00,23.7165061984,23.7165061984,23.6771154614,23.6771154614,450
137,22,2019-06-10 10:30:00,23.693710633000002,23.693710633000002,23.693710633000002,23.693710633000002,210
138,21,2019-06-10 12:30:00,23.703467135,23.703467135,23.703467135,23.703467135,280
139,20,2019-06-10 13:30:00,23.6836805842,23.6999110268,23.6836805842,23.689151519899998,961
140,19,2019-06-10 14:00:00,23.6617968415,23.7073879722,23.6534080735,23.6689090579,3455
141,18,2019-06-10 14:30:00,23.6344421631,23.6617968415,23.6344421631,23.6555052655,2400
142,17,2019-06-10 15:00:00,23.6344421631,23.6344421631,23.6344421631,23.6344421631,584
143,16,2019-06-10 15:30:00,23.6344421631,23.6344421631,23.6344421631,23.6344421631,350
144,15,2019-06-10 16:00:00,23.6526786154,23.7165061984,23.6526786154,23.705564326999998,2651
145,14,2019-06-11 10:00:00,23.670915067600003,23.695990189499998,23.6618880238,23.695990189499998,1600
146,13,2019-06-11 10:30:00,23.6674501417,23.6674501417,23.6435603892,23.6435603892,1109
147,12,2019-06-11 11:00:00,23.6436515715,23.6617968415,23.6435603892,23.6617968415,600
148,11,2019-06-11 11:30:00,23.6941665443,23.6941665443,23.6344421631,23.6344421631,1500
149,10,2019-06-11 12:00:00,23.6344421631,23.689151519899998,23.6344421631,23.6800332938,2941
150,9,2019-06-11 13:00:00,23.6344421631,23.6344421631,23.6344421631,23.6344421631,500
151,8,2019-06-11 13:30:00,23.6526786154,23.6617968415,23.6435603892,23.6435603892,4300
152,7,2019-06-11 14:00:00,23.6435603892,23.6435603892,23.6435603892,23.6435603892,2000
153,6,2019-06-11 15:00:00,23.6353539857,23.6353539857,23.6353539857,23.6353539857,400
154,5,2019-06-11 16:00:00,23.6800332938,23.6800332938,23.6800332938,23.6800332938,184
155,4,2019-06-12 10:00:00,23.689151519899998,23.7073879722,23.6800332938,23.7073879722,1700
156,3,2019-06-12 14:00:00,23.7073879722,23.7073879722,23.6617968415,23.6617968415,300
157,2,2019-06-12 15:00:00,23.6435603892,23.6435603892,23.6435603892,23.6435603892,100
158,1,2019-06-12 15:30:00,23.6526786154,23.6526786154,23.6526786154,23.6526786154,500
159,0,2019-06-12 16:00:00,23.6617968415,23.689151519899998,23.6435603892,23.689151519899998,3199
160,132,2019-06-13 10:00:00,23.6712700412,23.7268146717,23.6712700412,23.7007086953,4142
161,131,2019-06-13 10:30:00,23.6712700412,23.6979314638,23.6712700412,23.696172550500002,2100
162,130,2019-06-13 11:00:00,23.652755164299997,23.652755164299997,23.652755164299997,23.652755164299997,113
163,129,2019-06-13 12:00:00,23.6712700412,23.6712700412,23.6712700412,23.6712700412,100
164,128,2019-06-13 12:30:00,23.717094361300003,23.717094361300003,23.717094361300003,23.717094361300003,1000
165,127,2019-06-13 15:00:00,23.7082997948,23.7175572333,23.6712700412,23.6726586569,2857
166,126,2019-06-13 15:30:00,23.7082997948,23.7082997948,23.7082997948,23.7082997948,623
167,125,2019-06-14 10:00:00,23.6990423564,23.6990423564,23.6990423564,23.6990423564,200
168,124,2019-06-14 10:30:00,23.6990423564,23.6990423564,23.6990423564,23.6990423564,207
169,123,2019-06-14 11:00:00,23.7077443485,23.725888927800003,23.7077443485,23.7175572333,2800
170,122,2019-06-14 11:30:00,23.7072814766,23.7072814766,23.7072814766,23.7072814766,475
171,121,2019-06-14 12:00:00,23.7175572333,23.725888927800003,23.7175572333,23.7175572333,1266
172,120,2019-06-14 12:30:00,23.680527479600002,23.680527479600002,23.680527479600002,23.680527479600002,100
173,119,2019-06-14 14:00:00,23.6990423564,23.7175572333,23.6990423564,23.6999681003,1359
174,118,2019-06-14 15:00:00,23.694413637199997,23.7268146717,23.694413637199997,23.7268146717,409
175,117,2019-06-17 10:00:00,23.7268146717,23.7268146717,23.7268146717,23.7268146717,532
176,116,2019-06-17 11:00:00,23.7268146717,23.7268146717,23.7268146717,23.7268146717,1458
177,115,2019-06-17 11:30:00,23.7175572333,23.7268146717,23.7175572333,23.7268146717,1048
178,114,2019-06-17 12:00:00,23.7731018638,23.7731018638,23.7731018638,23.7731018638,800
179,113,2019-06-17 13:30:00,23.7175572333,23.736072110100004,23.7082997948,23.736072110100004,2599
180,112,2019-06-17 14:00:00,23.736349833200002,23.736349833200002,23.736349833200002,23.736349833200002,900
181,111,2019-06-17 14:30:00,23.7453295485,23.7453295485,23.7400528086,23.7400528086,862
182,110,2019-06-17 16:00:00,23.7268146717,23.7638444254,23.7268146717,23.7453295485,300
183,109,2019-06-18 10:00:00,23.7268146717,23.7268146717,23.7268146717,23.7268146717,190
184,108,2019-06-18 10:30:00,23.7916167406,23.7916167406,23.782359302199996,23.7911538687,674
185,107,2019-06-18 11:00:00,23.782359302199996,23.782359302199996,23.782359302199996,23.782359302199996,200
186,106,2019-06-18 12:30:00,23.7916167406,23.7916167406,23.7916167406,23.7916167406,490
187,105,2019-06-18 13:00:00,23.7545869869,23.7545869869,23.7453295485,23.7453295485,838
188,104,2019-06-18 13:30:00,23.7643998717,23.7916167406,23.7643998717,23.7916167406,1319
189,103,2019-06-18 14:00:00,23.7784711781,23.7916167406,23.7680102726,23.7916167406,4025
190,102,2019-06-18 15:00:00,23.7684731446,23.7684731446,23.7684731446,23.7684731446,100
191,101,2019-06-18 15:30:00,23.7916167406,23.7916167406,23.7916167406,23.7916167406,155
192,100,2019-06-18 16:00:00,23.7453295485,23.7638444254,23.7453295485,23.7638444254,1121
193,99,2019-06-19 12:30:00,23.780137516999996,23.7916167406,23.780137516999996,23.7916167406,475
194,98,2019-06-19 13:30:00,23.800874179,23.800874179,23.7545869869,23.7942088234,1320
195,97,2019-06-19 14:30:00,23.8379039327,23.8379039327,23.8193890559,23.8379039327,3131
196,96,2019-06-19 15:30:00,23.865676248000003,23.865676248000003,23.8379965071,23.8564188096,1800
197,95,2019-06-19 16:00:00,23.865676248000003,23.8749336864,23.865676248000003,23.8749336864,1510
198,94,2019-06-20 10:00:00,23.921220878499998,23.921220878499998,23.921220878499998,23.921220878499998,1509
199,93,2019-06-20 12:00:00,23.9304783169,23.9489931938,23.9304783169,23.9489931938,1493
200,92,2019-06-20 12:30:00,23.8819693396,23.9362179287,23.8819693396,23.906686700199998,2360
201,91,2019-06-20 13:00:00,23.9489931938,23.976765509,23.9489931938,23.9489931938,1028
202,90,2019-06-20 13:30:00,23.9582506322,23.962879351399998,23.9489931938,23.9582506322,1200
203,89,2019-06-20 14:00:00,23.959176376,23.959176376,23.959176376,23.959176376,800
204,88,2019-06-20 14:30:00,23.9675080706,23.976765509,23.9582506322,23.976765509,1225
205,87,2019-06-20 15:30:00,23.976765509,23.976765509,23.9721367898,23.9721367898,1200
206,86,2019-06-20 16:00:00,23.9675080706,23.995280385900003,23.9582506322,23.995280385900003,3607
207,85,2019-06-21 10:00:00,23.995280385900003,23.995280385900003,23.9267753416,23.9267753416,226
208,84,2019-06-21 10:30:00,24.0184239819,24.023052701100003,24.0137952627,24.023052701100003,500
209,83,2019-06-21 12:00:00,24.023052701100003,24.0323101396,24.023052701100003,24.0323101396,1960
210,82,2019-06-21 13:30:00,24.023052701100003,24.041567578000002,24.023052701100003,24.041567578000002,500
211,81,2019-06-21 14:00:00,23.9708407484,24.050825016399997,23.9305708913,24.041567578000002,1385
212,80,2019-06-21 14:30:00,24.006296737600003,24.006296737600003,24.006296737600003,24.006296737600003,115
213,79,2019-06-21 15:00:00,23.9860229474,23.9860229474,23.9860229474,23.9860229474,100
214,78,2019-06-21 16:00:00,23.9304783169,24.008981394699997,23.9304783169,24.008981394699997,1024
215,77,2019-06-24 10:00:00,23.911963440100003,23.911963440100003,23.911963440100003,23.911963440100003,865
216,76,2019-06-24 10:30:00,23.888542120900002,23.888542120900002,23.888542120900002,23.888542120900002,200
217,75,2019-06-24 12:00:00,24.041567578000002,24.041567578000002,23.9721367898,23.9721367898,789
218,74,2019-06-24 14:00:00,23.978894719899998,24.050732441999997,23.976765509,24.0323101396,1924
219,73,2019-06-24 15:00:00,24.0496215494,24.0496215494,24.0496215494,24.0496215494,349
220,72,2019-06-25 16:00:00,23.967322921799997,24.023052701100003,23.967322921799997,23.995280385900003,884
221,71,2019-06-26 10:00:00,23.939735755300003,23.976765509,23.9304783169,23.9675080706,2600
222,70,2019-06-26 12:30:00,23.9304783169,23.9304783169,23.9304783169,23.9304783169,390
223,69,2019-06-26 13:00:00,23.976765509,23.976765509,23.9304783169,23.9304783169,750
224,68,2019-06-26 14:00:00,23.976765509,23.976765509,23.976765509,23.976765509,100
225,67,2019-06-26 15:30:00,23.962879351399998,24.0137952627,23.962879351399998,24.0137952627,500
226,66,2019-06-26 16:00:00,24.023052701100003,24.023052701100003,23.9304783169,23.9304783169,1357
227,65,2019-06-27 10:00:00,23.939735755300003,23.939735755300003,23.939735755300003,23.939735755300003,116
228,64,2019-06-27 11:00:00,23.955936272600002,23.955936272600002,23.9027060017,23.9422352637,900
229,63,2019-06-27 11:30:00,23.9027060017,23.9027060017,23.9027060017,23.9027060017,400
230,62,2019-06-27 12:00:00,23.9027060017,23.911963440100003,23.8471613711,23.8471613711,6969
231,61,2019-06-27 12:30:00,23.8749336864,23.8749336864,23.8471613711,23.8471613711,2100
232,60,2019-06-27 13:00:00,23.8471613711,23.8586405948,23.8193890559,23.8586405948,2341
233,59,2019-06-27 14:00:00,23.8841911248,23.8841911248,23.8841911248,23.8841911248,660
234,58,2019-06-27 14:30:00,23.8379039327,23.846791073600002,23.8101316175,23.8101316175,1116
235,57,2019-06-27 16:00:00,23.939735755300003,23.939735755300003,23.8379039327,23.8379039327,3065
236,56,2019-06-28 10:00:00,23.921220878499998,23.921220878499998,23.921220878499998,23.921220878499998,800
237,55,2019-06-28 11:30:00,23.865676248000003,23.865676248000003,23.8564188096,23.8564188096,808
238,54,2019-06-28 12:30:00,23.8101316175,23.8101316175,23.7916167406,23.7916167406,1051
239,53,2019-06-28 13:00:00,23.903168873600002,23.903168873600002,23.903168873600002,23.903168873600002,110
240,52,2019-06-28 13:30:00,23.943346156300002,23.943346156300002,23.943346156300002,23.943346156300002,609
241,51,2019-06-28 14:00:00,23.9822273977,23.9860229474,23.8564188096,23.9582506322,1352
242,50,2019-06-28 14:30:00,23.9582506322,23.9582506322,23.9489931938,23.9489931938,300
243,49,2019-06-28 15:00:00,23.8379039327,23.9489931938,23.8379039327,23.9489931938,836
244,48,2019-06-28 15:30:00,23.939735755300003,23.9489931938,23.939735755300003,23.9489931938,200
245,47,2019-06-28 16:00:00,23.921220878499998,24.0971122085,23.921220878499998,24.041567578000002,9708
246,46,2019-07-01 10:00:00,24.310033292199996,24.504439499,24.069339893200002,24.2359737848,3580
247,45,2019-07-01 10:30:00,24.020923490300003,24.020923490300003,24.020923490300003,24.020923490300003,600
248,44,2019-07-01 11:00:00,23.9489931938,23.9489931938,23.9489931938,23.9489931938,200
249,43,2019-07-01 12:00:00,23.9860229474,24.0785973317,23.9860229474,24.0785973317,206
250,42,2019-07-01 12:30:00,24.0785973317,24.0785973317,24.0785973317,24.0785973317,106
251,41,2019-07-01 13:30:00,24.0785973317,24.0785973317,23.9860229474,23.9860229474,1900
252,40,2019-07-01 14:30:00,24.0785973317,24.0785973317,24.0785973317,24.0785973317,106
253,39,2019-07-01 16:00:00,24.0878547701,24.0878547701,24.0785973317,24.0785973317,467
254,38,2019-07-02 11:30:00,24.0785973317,24.0915577454,24.041567578000002,24.0915577454,900
255,37,2019-07-02 13:00:00,24.0878547701,24.0878547701,24.0878547701,24.0878547701,400
256,36,2019-07-02 13:30:00,24.161914277399998,24.161914277399998,24.161914277399998,24.161914277399998,975
257,35,2019-07-02 14:00:00,24.161914277399998,24.208201469499997,24.161914277399998,24.208201469499997,484
258,34,2019-07-02 16:00:00,24.161914277399998,24.161914277399998,24.161914277399998,24.161914277399998,450
259,33,2019-07-03 10:00:00,24.161914277399998,24.161914277399998,24.161914277399998,24.161914277399998,100
260,32,2019-07-03 10:30:00,24.2231985198,24.2231985198,24.2231985198,24.2231985198,840
261,31,2019-07-03 11:00:00,24.2267163464,24.2267163464,24.2267163464,24.2267163464,544
262,30,2019-07-03 11:30:00,24.2720777946,24.2720777946,24.143491975,24.143491975,610
263,29,2019-07-03 12:00:00,24.2131079119,24.2131079119,24.2131079119,24.2131079119,600
264,28,2019-07-03 12:30:00,24.1698756745,24.1711717159,24.1698756745,24.1711717159,484
265,27,2019-07-03 13:00:00,24.1633028932,24.1633028932,24.1433994006,24.1433994006,662
266,26,2019-07-05 10:30:00,24.180429154299997,24.180429154299997,24.180429154299997,24.180429154299997,100
267,25,2019-07-05 11:30:00,24.141640487300002,24.141640487300002,24.141640487300002,24.141640487300002,362
268,24,2019-07-05 12:30:00,24.180429154299997,24.180429154299997,24.180429154299997,24.180429154299997,190
269,23,2019-07-05 13:00:00,24.132197900100003,24.132197900100003,24.132197900100003,24.132197900100003,265
270,22,2019-07-05 15:30:00,24.1641360627,24.1641360627,24.1641360627,24.1641360627,560
271,21,2019-07-05 16:00:00,24.088780513899998,24.088780513899998,24.088780513899998,24.088780513899998,400
272,20,2019-07-08 14:00:00,24.1896865927,24.1896865927,24.180429154299997,24.180429154299997,611
273,19,2019-07-09 10:30:00,24.0878547701,24.1360860242,24.0785973317,24.1360860242,3328
274,18,2019-07-09 12:00:00,24.0971122085,24.0971122085,24.0785973317,24.0785973317,1000
275,17,2019-07-09 14:00:00,24.1644137858,24.179688559200002,24.0785973317,24.0785973317,1807
276,16,2019-07-09 14:30:00,24.2267163464,24.2267163464,24.2267163464,24.2267163464,740
277,15,2019-07-09 15:00:00,24.0878547701,24.1360860242,24.0878547701,24.1134978745,1759
278,14,2019-07-09 16:00:00,24.0785973317,24.0785973317,24.0785973317,24.0785973317,275
279,13,2019-07-10 10:00:00,24.1497870331,24.1497870331,24.0785973317,24.0785973317,1200
280,12,2019-07-10 10:30:00,24.0785973317,24.1990366055,24.0785973317,24.125902842,1902
281,11,2019-07-10 13:00:00,24.174504393699998,24.1852430223,24.124884523800002,24.124884523800002,1602
282,10,2019-07-10 16:00:00,24.1156270853,24.1156270853,24.1156270853,24.1156270853,100
283,9,2019-07-11 12:00:00,24.1560820912,24.1752449888,24.1560820912,24.1752449888,1000
284,8,2019-07-11 14:30:00,24.1835766833,24.1835766833,24.1835766833,24.1835766833,129
285,7,2019-07-11 15:00:00,24.1896865927,24.1896865927,24.1896865927,24.1896865927,151
286,6,2019-07-11 16:00:00,24.1433994006,24.1433994006,24.1433994006,24.1433994006,370
287,5,2019-07-12 10:30:00,24.1433994006,24.1433994006,24.1433994006,24.1433994006,300
288,4,2019-07-12 13:00:00,24.1497870331,24.1497870331,24.1497870331,24.1497870331,442
289,3,2019-07-12 13:30:00,24.1433994006,24.1433994006,24.0785973317,24.0785973317,1235
290,2,2019-07-12 14:00:00,24.0785973317,24.0785973317,24.069339893200002,24.069339893200002,723
291,1,2019-07-12 14:30:00,24.1324756233,24.1324756233,24.1324756233,24.1324756233,157
292,0,2019-07-12 16:00:00,24.1433994006,24.161914277399998,24.1433994006,24.161914277399998,348
293,136,2019-07-15 11:30:00,24.069339893200002,24.069339893200002,24.069339893200002,24.069339893200002,440
294,135,2019-07-15 12:00:00,24.152656839000002,24.152656839000002,24.152656839000002,24.152656839000002,1000
295,134,2019-07-15 14:30:00,24.152656839000002,24.152656839000002,24.152656839000002,24.152656839000002,100
296,133,2019-07-15 15:30:00,24.069339893200002,24.069339893200002,24.069339893200002,24.069339893200002,1000
297,132,2019-07-15 16:00:00,24.069339893200002,24.069339893200002,24.069339893200002,24.069339893200002,100
298,131,2019-07-16 11:00:00,24.023052701100003,24.023052701100003,24.023052701100003,24.023052701100003,300
299,130,2019-07-16 11:30:00,24.023052701100003,24.023052701100003,24.023052701100003,24.023052701100003,120
300,129,2019-07-16 12:00:00,24.023052701100003,24.023052701100003,24.023052701100003,24.023052701100003,120
301,128,2019-07-16 12:30:00,24.023145275500003,24.023145275500003,24.023052701100003,24.023052701100003,860
302,127,2019-07-16 14:00:00,24.1525642646,24.1525642646,24.1525642646,24.1525642646,305
303,126,2019-07-16 15:30:00,24.1081285602,24.1081285602,24.1081285602,24.1081285602,1000
304,125,2019-07-17 11:00:00,24.0425858962,24.0425858962,24.0425858962,24.0425858962,191
305,124,2019-07-17 12:00:00,24.120440953299997,24.120440953299997,24.120440953299997,24.120440953299997,108
306,123,2019-07-17 12:30:00,24.152656839000002,24.152656839000002,24.152656839000002,24.152656839000002,157
307,122,2019-07-17 13:30:00,24.111553812399997,24.161914277399998,24.111553812399997,24.161914277399998,200
308,121,2019-07-17 14:30:00,24.161914277399998,24.161914277399998,24.0922983405,24.0922983405,1800
309,120,2019-07-17 15:00:00,24.1493241612,24.1493241612,24.1493241612,24.1493241612,278
310,119,2019-07-17 15:30:00,24.152656839000002,24.152656839000002,24.152656839000002,24.152656839000002,100
311,118,2019-07-17 16:00:00,24.161914277399998,24.161914277399998,24.161914277399998,24.161914277399998,658
312,117,2019-07-18 10:00:00,24.061008198699998,24.0893359602,24.061008198699998,24.061008198699998,1201
313,116,2019-07-18 11:00:00,24.1312721563,24.1312721563,24.1312721563,24.1312721563,400
314,115,2019-07-18 12:00:00,24.161914277399998,24.161914277399998,24.161914277399998,24.161914277399998,100
315,114,2019-07-18 12:30:00,24.161914277399998,24.161914277399998,24.161914277399998,24.161914277399998,100
316,113,2019-07-18 13:30:00,24.161914277399998,24.161914277399998,24.161914277399998,24.161914277399998,100
317,112,2019-07-18 14:00:00,24.161914277399998,24.161914277399998,24.161914277399998,24.161914277399998,120
318,111,2019-07-18 14:30:00,24.152656839000002,24.161914277399998,24.152656839000002,24.161914277399998,2200
319,110,2019-07-18 15:00:00,24.161914277399998,24.161914277399998,24.161914277399998,24.161914277399998,270
320,109,2019-07-18 15:30:00,24.161914277399998,24.2544886616,24.1612662567,24.2544886616,2683
321,108,2019-07-18 16:00:00,24.2637461001,24.3007758537,24.2637461001,24.2915184153,420
322,107,2019-07-19 10:30:00,24.180429154299997,24.2359737848,24.1711717159,24.200980667600003,3225
323,106,2019-07-19 11:00:00,24.3007758537,24.3007758537,24.3007758537,24.3007758537,100
324,105,2019-07-19 11:30:00,24.2915184153,24.3007758537,24.2915184153,24.3007758537,500
325,104,2019-07-19 12:00:00,24.3007758537,24.3007758537,24.3007758537,24.3007758537,500
326,103,2019-07-19 12:30:00,24.2452312232,24.2591173809,24.1896865927,24.2591173809,4082
327,102,2019-07-19 13:00:00,24.222087627199997,24.289389204499997,24.222087627199997,24.289389204499997,810
328,101,2019-07-19 13:30:00,24.2591173809,24.337805607399996,24.2591173809,24.337805607399996,2947
329,100,2019-07-19 14:00:00,24.4118651148,24.4118651148,24.4118651148,24.4118651148,100
330,99,2019-07-19 14:30:00,24.439637430100003,24.467409745300003,24.439637430100003,24.467409745300003,3587
331,98,2019-07-19 15:30:00,24.4581523069,24.4581523069,24.327437276399998,24.327437276399998,528
332,97,2019-07-19 16:00:00,24.3840927995,24.4581523069,24.3656704971,24.439637430100003,1380
333,96,2019-07-22 10:00:00,24.2637461001,24.2637461001,24.2637461001,24.2637461001,100
334,95,2019-07-22 11:30:00,24.439637430100003,24.439637430100003,24.439637430100003,24.439637430100003,100
335,94,2019-07-22 12:00:00,24.2822609769,24.2822609769,24.2544886616,24.2544886616,1000
336,93,2019-07-22 12:30:00,24.2822609769,24.351691765100004,24.2637461001,24.351691765100004,800
337,92,2019-07-22 14:00:00,24.439637430100003,24.439637430100003,24.439637430100003,24.439637430100003,100
338,91,2019-07-22 15:00:00,24.4488948685,24.4488948685,24.2730035385,24.315958052800003,2832
339,90,2019-07-22 15:30:00,24.3609492035,24.439637430100003,24.3609492035,24.439637430100003,242
340,89,2019-07-22 16:00:00,24.439637430100003,24.439637430100003,24.3933502379,24.3933502379,306
341,88,2019-07-23 10:00:00,24.4211225532,24.4211225532,24.4211225532,24.4211225532,849
342,87,2019-07-23 13:00:00,24.1989440311,24.1989440311,24.1989440311,24.1989440311,200
343,86,2019-07-23 13:30:00,24.3762239769,24.3762239769,24.3762239769,24.3762239769,115
344,85,2019-07-23 14:00:00,24.2637461001,24.439637430100003,24.217458908,24.249211921700002,3700
345,84,2019-07-23 14:30:00,24.3979789572,24.3979789572,24.3470630458,24.3470630458,800
346,83,2019-07-23 15:00:00,24.3933502379,24.3933502379,24.3933502379,24.3933502379,400
347,82,2019-07-23 16:00:00,24.4145497719,24.439637430100003,24.4145497719,24.439637430100003,1145
348,81,2019-07-24 10:00:00,24.3933502379,24.3933502379,24.3933502379,24.3933502379,3000
349,80,2019-07-24 11:00:00,24.4581523069,24.4581523069,24.4581523069,24.4581523069,100
350,79,2019-07-24 13:00:00,24.4581523069,24.4581523069,24.4581523069,24.4581523069,218
351,78,2019-07-24 14:00:00,24.4581523069,24.4581523069,24.4581523069,24.4581523069,118
352,77,2019-07-24 14:30:00,24.4581523069,24.4859246222,24.4581523069,24.4859246222,214
353,76,2019-07-24 15:00:00,24.4766671837,24.4766671837,24.4766671837,24.4766671837,100
354,75,2019-07-24 15:30:00,24.4852766015,24.4859246222,24.4852766015,24.4859246222,305
355,74,2019-07-24 16:00:00,24.485832047800002,24.495182060599998,24.485832047800002,24.495182060599998,1893
356,73,2019-07-25 11:00:00,24.439637430100003,24.439637430100003,24.439637430100003,24.439637430100003,640
357,72,2019-07-25 12:00:00,24.4860171965,24.4860171965,24.4860171965,24.4860171965,100
358,71,2019-07-25 12:30:00,24.5322118143,24.5322118143,24.5322118143,24.5322118143,100
359,70,2019-07-25 13:00:00,24.504439499,24.504439499,24.504439499,24.504439499,899
360,69,2019-07-25 13:30:00,24.392239345300002,24.392239345300002,24.392239345300002,24.392239345300002,450
361,68,2019-07-25 14:00:00,24.455560224099997,24.455560224099997,24.455560224099997,24.455560224099997,187
362,67,2019-07-25 14:30:00,24.5322118143,24.5322118143,24.5322118143,24.5322118143,200
363,66,2019-07-25 15:00:00,24.5322118143,24.5322118143,24.5322118143,24.5322118143,100
364,65,2019-07-25 15:30:00,24.5136969374,24.522954375799998,24.5136969374,24.5136969374,1281
365,64,2019-07-25 16:00:00,24.5136969374,24.5136969374,24.5136969374,24.5136969374,465
366,63,2019-07-26 10:00:00,24.5322118143,24.5414692527,24.5322118143,24.5414692527,1761
367,62,2019-07-26 11:00:00,24.404459164099997,24.404459164099997,24.404459164099997,24.404459164099997,789
368,61,2019-07-26 11:30:00,24.502588011300002,24.502588011300002,24.502588011300002,24.502588011300002,400
369,60,2019-07-26 12:30:00,24.5599841295,24.5599841295,24.3470630458,24.3470630458,200
370,59,2019-07-26 14:00:00,24.5414692527,24.5414692527,24.3724284271,24.4846285808,1098
371,58,2019-07-26 15:00:00,24.550726691100003,24.550726691100003,24.550726691100003,24.550726691100003,100
372,57,2019-07-26 15:30:00,24.550726691100003,24.550726691100003,24.5322118143,24.5322118143,400
373,56,2019-07-29 10:30:00,24.3749279355,24.3749279355,24.3749279355,24.3749279355,1000
374,55,2019-07-29 12:00:00,24.597013883200002,24.597013883200002,24.550726691100003,24.550726691100003,575
375,54,2019-07-29 12:30:00,24.5599841295,24.5599841295,24.5599841295,24.5599841295,500
376,53,2019-07-29 14:30:00,24.6710733906,24.6710733906,24.6710733906,24.6710733906,593
377,52,2019-07-29 15:00:00,24.837707282100002,24.837707282100002,24.820118149099997,24.820118149099997,459
378,51,2019-07-29 16:00:00,24.865479597399997,24.9270415629,24.837707282100002,24.837707282100002,1517
379,50,2019-07-30 10:00:00,24.5599841295,24.6401535462,24.5322118143,24.6351545295,8905
380,49,2019-07-30 10:30:00,24.6380243354,24.6380243354,24.6380243354,24.6380243354,1050
381,48,2019-07-30 11:00:00,24.652558513699997,24.652558513699997,24.6340436369,24.6340436369,408
382,47,2019-07-30 12:00:00,24.725692277199997,24.726618021100002,24.6340436369,24.6340436369,921
383,46,2019-07-30 12:30:00,24.5322118143,24.5322118143,24.5322118143,24.5322118143,1000
384,45,2019-07-30 13:00:00,24.5322118143,24.5739628615,24.5322118143,24.5739628615,811
385,44,2019-07-30 13:30:00,24.606271321599998,24.606271321599998,24.4303799916,24.4303799916,1450
386,43,2019-07-30 14:00:00,24.5877564448,24.597013883200002,24.5877564448,24.597013883200002,300
387,42,2019-07-30 14:30:00,24.4513943768,24.4513943768,24.4513943768,24.4513943768,1340
388,41,2019-07-30 15:00:00,24.5136969374,24.5599841295,24.5136969374,24.5599841295,700
389,40,2019-07-30 15:30:00,24.550726691100003,24.550726691100003,24.550726691100003,24.550726691100003,179
390,39,2019-07-30 16:00:00,24.550726691100003,24.578499006399998,24.53360043,24.578499006399998,1158
391,38,2019-07-31 11:00:00,24.5738702871,24.5738702871,24.5738702871,24.5738702871,100
392,37,2019-07-31 11:30:00,24.4488948685,24.61552876,24.4488948685,24.61552876,650
393,36,2019-07-31 14:30:00,24.726618021100002,24.754390336300002,24.726618021100002,24.754390336300002,368
394,35,2019-07-31 15:30:00,24.7636477748,24.7636477748,24.7636477748,24.7636477748,220
395,34,2019-07-31 16:00:00,24.856222159,24.856222159,24.837707282100002,24.856222159,1290
396,33,2019-08-01 11:00:00,24.856222159,24.856222159,24.856222159,24.856222159,1463
397,32,2019-08-01 11:30:00,24.856222159,24.856222159,24.856222159,24.856222159,100
398,31,2019-08-01 13:30:00,24.9395391048,24.9487965432,24.9395391048,24.9487965432,882
399,30,2019-08-01 14:00:00,24.9487965432,24.9487965432,24.9487965432,24.9487965432,1004
400,29,2019-08-01 14:30:00,25.0043411737,25.0043411737,24.995083735300003,24.995083735300003,2300
401,28,2019-08-01 15:00:00,24.9867520407,24.9867520407,24.7821626516,24.7821626516,3375
402,27,2019-08-01 16:00:00,24.9025093511,24.9830490653,24.9025093511,24.9830490653,1065
403,26,2019-08-02 10:30:00,24.8932519127,24.8932519127,24.664222886100003,24.664222886100003,1994
404,25,2019-08-02 11:00:00,24.5867381266,24.606271321599998,24.5867381266,24.606271321599998,1006
405,24,2019-08-02 11:30:00,24.7800334408,24.7800334408,24.7800334408,24.7800334408,819
406,23,2019-08-02 13:00:00,24.7821626516,24.7821626516,24.7821626516,24.7821626516,321
407,22,2019-08-02 14:00:00,24.7821626516,24.7821626516,24.7821626516,24.7821626516,300
408,21,2019-08-02 16:00:00,24.9765688584,24.9765688584,24.9765688584,24.9765688584,590
409,20,2019-08-05 10:30:00,24.9395391048,24.9395391048,24.9395391048,24.9395391048,371
410,19,2019-08-05 11:00:00,24.5877564448,24.5877564448,24.5599841295,24.5599841295,1214
411,18,2019-08-05 14:30:00,24.578499006399998,24.578499006399998,24.578499006399998,24.578499006399998,200
412,17,2019-08-06 12:30:00,24.5877564448,24.5877564448,24.578499006399998,24.578499006399998,675
413,16,2019-08-06 13:30:00,24.6247861985,24.6247861985,24.578499006399998,24.578499006399998,807
414,15,2019-08-06 14:00:00,24.578499006399998,24.578499006399998,24.578499006399998,24.578499006399998,1000
415,14,2019-08-06 15:00:00,24.606271321599998,24.606271321599998,24.606271321599998,24.606271321599998,300
416,13,2019-08-06 16:00:00,24.8469647206,24.8469647206,24.643301075300002,24.643301075300002,714
417,12,2019-08-07 12:00:00,24.5322118143,24.5322118143,24.495182060599998,24.4961078044,1914
418,11,2019-08-07 14:00:00,24.5831277256,24.6710733906,24.5831277256,24.6710733906,300
419,10,2019-08-07 16:00:00,24.6710733906,24.6710733906,24.6710733906,24.6710733906,600
420,9,2019-08-08 15:30:00,24.544246484200002,24.8469647206,24.544246484200002,24.809934966900002,1376
421,8,2019-08-09 10:00:00,24.6247861985,24.6247861985,24.6247861985,24.6247861985,500
422,7,2019-08-09 11:30:00,24.606271321599998,24.61552876,24.606271321599998,24.61552876,200
423,6,2019-08-09 12:00:00,24.597013883200002,24.597013883200002,24.597013883200002,24.597013883200002,100
424,5,2019-08-09 12:30:00,24.597013883200002,24.652558513699997,24.597013883200002,24.6247861985,494
425,4,2019-08-09 13:00:00,24.606271321599998,24.61552876,24.606271321599998,24.61552876,200
426,3,2019-08-09 13:30:00,24.6247861985,24.6247861985,24.6247861985,24.6247861985,100
427,2,2019-08-09 14:00:00,24.6247861985,24.6247861985,24.6247861985,24.6247861985,100
428,1,2019-08-09 15:30:00,24.606271321599998,24.606271321599998,24.606271321599998,24.606271321599998,147
429,0,2019-08-09 16:00:00,24.606271321599998,24.652558513699997,24.606271321599998,24.652558513699997,789
