,index,time,open,high,low,close,volume
0,320,2020-09-08 06:30:00,22.68,22.68,22.68,22.68,3863
1,319,2020-09-08 07:00:00,22.66,22.66,22.66,22.66,100
2,318,2020-09-08 08:00:00,21.33,21.33,20.6,20.6,2330
3,317,2020-09-08 08:30:00,20.52,20.52,20.4,20.41,3530
4,316,2020-09-08 09:00:00,20.97,20.97,20.97,20.97,449
5,315,2020-09-08 09:30:00,20.71,20.82,20.7,20.78,20929
6,314,2020-09-08 10:00:00,20.77,21.8,20.61,21.435,246261
7,313,2020-09-08 10:30:00,21.4277,21.435,20.6,21.04,104969
8,312,2020-09-08 11:00:00,21.01,21.17,20.86,20.93,124135
9,311,2020-09-08 11:30:00,20.95,21.75,20.87,21.16,133951
10,310,2020-09-08 12:00:00,21.1601,21.31,21.04,21.185,47977
11,309,2020-09-08 12:30:00,21.175,21.36,21.1,21.34,41194
12,308,2020-09-08 13:00:00,21.4,21.49,21.29,21.34,62807
13,307,2020-09-08 13:30:00,21.29,21.39,21.28,21.32,13570
14,306,2020-09-08 14:00:00,21.325,21.54,21.3101,21.465,35837
15,305,2020-09-08 14:30:00,21.47,21.62,21.375,21.4922,24267
16,304,2020-09-08 15:00:00,21.51,21.645,20.95,21.118000000000002,93354
17,303,2020-09-08 15:30:00,21.16,21.24,20.85,21.05,75343
18,302,2020-09-08 16:00:00,21.08,21.2,20.8,20.9,141515
19,301,2020-09-08 16:30:00,20.88,20.88,20.87,20.88,1110
20,300,2020-09-08 17:00:00,20.88,20.88,20.88,20.88,400
21,299,2020-09-08 19:00:00,20.65,20.65,20.52,20.52,382
22,298,2020-09-08 20:00:00,20.82,20.82,20.82,20.82,127
23,297,2020-09-09 08:30:00,21.7257,21.7469,21.7257,21.7469,1400
24,296,2020-09-09 09:00:00,20.67,21.0,20.5,21.0,2356
25,295,2020-09-09 09:30:00,21.08,21.2,20.61,20.61,8905
26,294,2020-09-09 10:00:00,20.85,21.15,20.33,21.14,110792
27,293,2020-09-09 10:30:00,21.0,21.0,20.65,20.65,29469
28,292,2020-09-09 11:00:00,20.695,20.75,20.51,20.59,39339
29,291,2020-09-09 11:30:00,20.7,20.7,20.42,20.67,89281
30,290,2020-09-09 12:00:00,20.7,20.9,20.56,20.84,32669
31,289,2020-09-09 12:30:00,20.815,21.0,20.68,20.87,47796
32,288,2020-09-09 13:00:00,20.81,21.0,20.79,20.85,68162
33,287,2020-09-09 13:30:00,20.85,20.86,20.76,20.84,46724
34,286,2020-09-09 14:00:00,20.84,20.95,20.77,20.81,73915
35,285,2020-09-09 14:30:00,20.81,20.95,20.81,20.93,70886
36,284,2020-09-09 15:00:00,20.9,20.95,20.83,20.85,21702
37,283,2020-09-09 15:30:00,20.845,21.4787,20.84,21.365,91528
38,282,2020-09-09 16:00:00,21.395,22.0,21.37,21.92,133554
39,281,2020-09-09 16:30:00,21.99,22.0,21.99,22.0,5141
40,280,2020-09-09 17:00:00,21.98,21.98,21.98,21.98,235
41,279,2020-09-09 17:30:00,21.98,21.98,21.98,21.98,300
42,278,2020-09-09 19:00:00,21.85,21.88,21.85,21.88,1200
43,277,2020-09-10 07:30:00,21.98,21.98,21.98,21.98,100
44,276,2020-09-10 08:00:00,21.39,21.39,21.39,21.39,271
45,275,2020-09-10 08:30:00,21.5,21.5,21.5,21.5,200
46,274,2020-09-10 09:30:00,21.5,21.5,21.5,21.5,100
47,273,2020-09-10 10:00:00,21.52,22.085,21.51,21.6,125263
48,272,2020-09-10 10:30:00,21.58,21.745,21.5236,21.7001,78198
49,271,2020-09-10 11:00:00,21.7057,21.905,21.63,21.7,78477
50,270,2020-09-10 11:30:00,21.63,21.98,21.51,21.64,69822
51,269,2020-09-10 12:00:00,21.7,21.88,21.55,21.88,56168
52,268,2020-09-10 12:30:00,21.88,21.95,21.7,21.7,32527
53,267,2020-09-10 13:00:00,21.79,21.88,21.6,21.7,22733
54,266,2020-09-10 13:30:00,21.6796,21.9,21.62,21.7075,44602
55,265,2020-09-10 14:00:00,21.7166,22.1,21.63,21.71,60755
56,264,2020-09-10 14:30:00,21.71,21.89,21.43,21.55,59098
57,263,2020-09-10 15:00:00,21.55,21.73,21.0,21.42,58064
58,262,2020-09-10 15:30:00,21.2384,21.55,21.0,21.08,73479
59,261,2020-09-10 16:00:00,21.02,21.45,20.88,21.12,170566
60,260,2020-09-10 16:30:00,20.62,20.62,20.62,20.62,45316
61,259,2020-09-11 09:30:00,20.62,20.62,20.62,20.62,131
62,258,2020-09-11 10:00:00,20.62,21.0,20.62,21.0,63027
63,257,2020-09-11 10:30:00,21.0,21.25,20.9,21.165,54109
64,256,2020-09-11 11:00:00,21.23,21.49,21.08,21.175,44322
65,255,2020-09-11 11:30:00,21.16,21.5,21.03,21.03,35943
66,254,2020-09-11 12:00:00,21.12,21.5,21.0,21.5,48691
67,253,2020-09-11 12:30:00,21.49,21.55,21.32,21.39,39326
68,252,2020-09-11 13:00:00,21.4,21.4,21.0,21.06,42186
69,251,2020-09-11 13:30:00,21.06,21.16,20.92,21.16,37375
70,250,2020-09-11 14:00:00,21.16,21.19,20.87,20.97,38913
71,249,2020-09-11 14:30:00,20.941999999999997,21.02,20.65,20.8,90498
72,248,2020-09-11 15:00:00,20.8,20.96,20.77,20.93,53864
73,247,2020-09-11 15:30:00,20.95,20.95,20.75,20.75,34058
74,246,2020-09-11 16:00:00,20.76,20.92,20.46,20.72,115729
75,245,2020-09-11 16:30:00,20.7,20.7,20.7,20.7,6824
76,244,2020-09-14 08:30:00,21.79,21.79,21.79,21.79,1040
77,243,2020-09-14 09:00:00,21.0,21.0,21.0,21.0,200
78,242,2020-09-14 09:30:00,21.0,21.0,21.0,21.0,763
79,241,2020-09-14 10:00:00,21.35,21.37,21.02,21.13,61612
80,240,2020-09-14 10:30:00,21.125,21.19,20.7,21.0,43704
81,239,2020-09-14 11:00:00,21.01,21.115,20.96,21.01,33874
82,238,2020-09-14 11:30:00,21.01,21.12,20.99,21.0107,14534
83,237,2020-09-14 12:00:00,21.045,21.11,20.98,21.01,45458
84,236,2020-09-14 12:30:00,21.01,21.06,20.98,21.04,44838
85,235,2020-09-14 13:00:00,21.01,21.08,20.94,20.99,60318
86,234,2020-09-14 13:30:00,21.0,21.095,21.0,21.05,30108
87,233,2020-09-14 14:00:00,21.05,21.05,20.96,21.0,32286
88,232,2020-09-14 14:30:00,21.0,21.06,20.96,20.99,57398
89,231,2020-09-14 15:00:00,21.0,21.08,20.81,21.08,39176
90,230,2020-09-14 15:30:00,21.03,21.08,20.94,20.97,41744
91,229,2020-09-14 16:00:00,21.0,21.0,20.82,20.87,117712
92,228,2020-09-15 08:30:00,20.8601,20.8601,20.8601,20.8601,144
93,227,2020-09-15 10:00:00,20.85,20.875,20.42,20.42,100050
94,226,2020-09-15 10:30:00,20.4337,20.5575,20.04,20.04,26864
95,225,2020-09-15 11:00:00,20.1505,20.26,19.43,19.5,88056
96,224,2020-09-15 11:30:00,19.46,20.08,19.45,20.08,73224
97,223,2020-09-15 12:00:00,20.035,20.08,19.95,20.005,39004
98,222,2020-09-15 12:30:00,20.0,20.11,20.0,20.0,15454
99,221,2020-09-15 13:00:00,20.0,20.12,20.0,20.06,34616
100,220,2020-09-15 13:30:00,20.07,20.3,20.0,20.2266,53167
101,219,2020-09-15 14:00:00,20.2,20.25,20.105,20.19,39625
102,218,2020-09-15 14:30:00,20.19,20.195,20.02,20.1,40421
103,217,2020-09-15 15:00:00,20.115,20.2,19.85,19.88,31063
104,216,2020-09-15 15:30:00,19.88,19.96,19.8,19.835,23718
105,215,2020-09-15 16:00:00,19.8,19.9504,19.61,19.92,71031
106,214,2020-09-15 20:00:00,19.95,19.95,19.89,19.89,400
107,213,2020-09-16 07:30:00,19.97,19.97,19.97,19.97,200
108,212,2020-09-16 08:30:00,20.4,20.4,20.4,20.4,297
109,211,2020-09-16 09:30:00,20.4,20.4,19.92,19.92,1605
110,210,2020-09-16 10:00:00,19.79,20.455,19.745,19.8,49155
111,209,2020-09-16 10:30:00,19.84,20.3,19.8,20.19,13982
112,208,2020-09-16 11:00:00,20.13,20.3599,20.01,20.08,48444
113,207,2020-09-16 11:30:00,20.0697,20.72,20.0378,20.61,23261
114,206,2020-09-16 12:00:00,20.61,20.97,20.5566,20.92,16812
115,205,2020-09-16 12:30:00,20.935,21.05,20.6949,20.8,40809
116,204,2020-09-16 13:00:00,20.79,20.8,20.48,20.49,42907
117,203,2020-09-16 13:30:00,20.49,20.57,20.35,20.35,17810
118,202,2020-09-16 14:00:00,20.33,20.4,20.26,20.32,14118
119,201,2020-09-16 14:30:00,20.355,20.46,20.17,20.25,29731
120,200,2020-09-16 15:00:00,20.26,20.365,20.21,20.31,12042
121,199,2020-09-16 15:30:00,20.3399,20.405,20.15,20.21,38813
122,198,2020-09-16 16:00:00,20.195,20.49,20.1,20.42,91717
123,197,2020-09-16 16:30:00,20.42,20.42,20.42,20.42,442
124,196,2020-09-17 05:30:00,20.4,20.4,20.4,20.4,400
125,195,2020-09-17 07:30:00,20.66,20.66,20.66,20.66,1100
126,194,2020-09-17 08:00:00,20.67,20.67,20.67,20.67,401
127,193,2020-09-17 08:30:00,21.09,21.09,21.09,21.09,200
128,192,2020-09-17 09:30:00,20.8,20.8,20.7,20.7,810
129,191,2020-09-17 10:00:00,20.7,21.0,20.7,20.79,81052
130,190,2020-09-17 10:30:00,20.75,21.08,20.71,21.0,82276
131,189,2020-09-17 11:00:00,20.99,21.33,20.81,21.09,77997
132,188,2020-09-17 11:30:00,21.09,21.38,20.9,21.275,51407
133,187,2020-09-17 12:00:00,21.3,21.3,21.1,21.155,33527
134,186,2020-09-17 12:30:00,21.155,21.17,21.02,21.1,41690
135,185,2020-09-17 13:00:00,21.065,21.24,21.06,21.145,117557
136,184,2020-09-17 13:30:00,21.12,21.15,21.06,21.115,39826
137,183,2020-09-17 14:00:00,21.11,21.17,20.99,21.13,26116
138,182,2020-09-17 14:30:00,21.13,21.18,21.05,21.1,69671
139,181,2020-09-17 15:00:00,21.0917,21.23,21.0201,21.23,52122
140,180,2020-09-17 15:30:00,21.19,21.2,20.52,20.93,183810
141,179,2020-09-17 16:00:00,20.855,21.13,20.82,20.99,80345
142,178,2020-09-17 16:30:00,20.99,20.99,20.99,20.99,5971
143,177,2020-09-17 18:00:00,20.820999999999998,20.820999999999998,20.820999999999998,20.820999999999998,1455
144,176,2020-09-18 09:00:00,20.9101,20.9101,20.9101,20.9101,100
145,175,2020-09-18 09:30:00,20.9,20.9,20.7,20.74,1626
146,174,2020-09-18 10:00:00,20.91,20.935,20.66,20.77,41943
147,173,2020-09-18 10:30:00,20.82,21.4,20.7,20.755,11880
148,172,2020-09-18 11:00:00,20.755,20.96,20.65,20.795,53828
149,171,2020-09-18 11:30:00,20.795,20.795,20.71,20.73,21905
150,170,2020-09-18 12:00:00,20.725,20.73,20.65,20.73,21800
151,169,2020-09-18 12:30:00,20.7,20.75,20.67,20.71,35510
152,168,2020-09-18 13:00:00,20.71,20.73,20.65,20.69,18129
153,167,2020-09-18 13:30:00,20.69,20.7299,20.61,20.69,20107
154,166,2020-09-18 14:00:00,20.72,20.76,20.6,20.6,30864
155,165,2020-09-18 14:30:00,20.63,20.83,20.63,20.83,11953
156,164,2020-09-18 15:00:00,20.8212,20.86,20.75,20.83,15998
157,163,2020-09-18 15:30:00,20.81,20.98,20.8,20.96,22355
158,162,2020-09-18 16:00:00,20.96,20.96,20.72,20.8,73731
159,161,2020-09-18 16:30:00,20.87,20.87,20.85,20.85,3695
160,160,2020-09-18 18:00:00,20.85,20.85,20.85,20.85,100
161,159,2020-09-21 07:30:00,21.0,21.0,21.0,21.0,150
162,158,2020-09-21 09:30:00,19.9,20.25,19.9,20.15,1834
163,157,2020-09-21 10:00:00,20.1,20.1759,18.87,19.3,118272
164,156,2020-09-21 10:30:00,19.3,19.34,18.7512,19.005,81509
165,155,2020-09-21 11:00:00,19.0297,19.065,18.9,19.0,27556
166,154,2020-09-21 11:30:00,19.0,19.15,19.0,19.05,23853
167,153,2020-09-21 12:00:00,19.02,19.13,18.86,18.86,46415
168,152,2020-09-21 12:30:00,18.86,18.98,18.81,18.8825,32520
169,151,2020-09-21 13:00:00,18.88,19.02,18.75,19.02,42751
170,150,2020-09-21 13:30:00,19.08,19.1,18.81,18.87,32943
171,149,2020-09-21 14:00:00,18.9423,19.06,18.855,18.97,13216
172,148,2020-09-21 14:30:00,18.9969,19.02,18.82,18.82,26315
173,147,2020-09-21 15:00:00,18.82,18.91,18.7,18.79,46364
174,146,2020-09-21 15:30:00,18.76,18.9,18.7,18.89,46193
175,145,2020-09-21 16:00:00,18.86,18.92,18.54,18.72,107491
176,144,2020-09-21 17:00:00,18.88,18.88,18.88,18.88,100
177,143,2020-09-22 08:30:00,18.85,18.85,18.85,18.85,380
178,142,2020-09-22 09:00:00,18.87,18.9,18.87,18.9,300
179,141,2020-09-22 10:00:00,18.76,18.9,18.155,18.25,59398
180,140,2020-09-22 10:30:00,18.24,18.5279,18.13,18.285,28048
181,139,2020-09-22 11:00:00,18.29,18.35,18.01,18.11,33242
182,138,2020-09-22 11:30:00,18.09,18.2,18.02,18.06,37734
183,137,2020-09-22 12:00:00,18.06,18.12,17.56,17.8499,147173
184,136,2020-09-22 12:30:00,17.835,17.85,17.75,17.8271,84913
185,135,2020-09-22 13:00:00,17.815,17.82,17.43,17.44,74195
186,134,2020-09-22 13:30:00,17.45,17.63,17.43,17.57,41444
187,133,2020-09-22 14:00:00,17.56,17.56,17.36,17.53,145176
188,132,2020-09-22 14:30:00,17.515,17.9,17.5,17.88,60940
189,131,2020-09-22 15:00:00,17.88,18.04,17.77,17.95,73148
190,130,2020-09-22 15:30:00,17.94,18.03,17.85,17.91,109614
191,129,2020-09-22 16:00:00,17.915,18.15,17.81,17.9,213169
192,128,2020-09-22 18:00:00,17.9,17.9,17.9,17.9,100
193,127,2020-09-22 19:00:00,17.5701,17.5701,17.5701,17.5701,157
194,126,2020-09-23 09:00:00,17.9,17.9,17.9,17.9,863
195,125,2020-09-23 10:00:00,17.6,18.24,17.4558,17.665,46548
196,124,2020-09-23 10:30:00,17.8772,17.8772,17.13,17.15,18226
197,123,2020-09-23 11:00:00,17.21,17.455,17.1688,17.29,53788
198,122,2020-09-23 11:30:00,17.295,17.42,17.22,17.25,75611
199,121,2020-09-23 12:00:00,17.27,17.38,17.18,17.2,48401
200,120,2020-09-23 12:30:00,17.2652,17.33,17.2,17.26,45803
201,119,2020-09-23 13:00:00,17.2105,17.48,17.2,17.405,31761
202,118,2020-09-23 13:30:00,17.4,17.4,17.19,17.26,44712
203,117,2020-09-23 14:00:00,17.25,17.4,17.075,17.3,40298
204,116,2020-09-23 14:30:00,17.27,17.32,17.245,17.245,10063
205,115,2020-09-23 15:00:00,17.27,17.31,17.125,17.2,30542
206,114,2020-09-23 15:30:00,17.21,17.3,17.125,17.21,32916
207,113,2020-09-23 16:00:00,17.21,17.35,17.02,17.08,129619
208,112,2020-09-23 16:30:00,17.1,17.1,17.1,17.1,788
209,111,2020-09-23 19:00:00,17.11,17.11,17.11,17.11,100
210,110,2020-09-24 07:30:00,17.12,17.12,17.12,17.12,556
211,109,2020-09-24 09:30:00,17.11,17.11,17.11,17.11,250
212,108,2020-09-24 10:00:00,16.86,17.1,16.85,16.95,50861
213,107,2020-09-24 10:30:00,16.985,17.545,16.9737,17.1587,10208
214,106,2020-09-24 11:00:00,17.1296,17.1296,16.84,16.86,85238
215,105,2020-09-24 11:30:00,16.87,16.97,16.83,16.94,24028
216,104,2020-09-24 12:00:00,16.9,17.06,16.86,16.98,8863
217,103,2020-09-24 12:30:00,16.9989,17.34,16.9989,17.3,16188
218,102,2020-09-24 13:00:00,17.3,17.34,17.085,17.25,30472
219,101,2020-09-24 13:30:00,17.34,17.505,17.25,17.455,13696
220,100,2020-09-24 14:00:00,17.455,17.99,17.455,17.94,36817
221,99,2020-09-24 14:30:00,17.92,17.93,17.77,17.9,16626
222,98,2020-09-24 15:00:00,17.92,17.92,17.79,17.79,13269
223,97,2020-09-24 15:30:00,17.84,18.2493,17.73,18.14,44588
224,96,2020-09-24 16:00:00,18.125,18.15,17.89,17.93,94932
225,95,2020-09-24 16:30:00,17.96,17.96,17.96,17.96,1301
226,94,2020-09-25 10:00:00,17.73,18.02,17.45,17.45,25173
227,93,2020-09-25 10:30:00,17.475,17.91,17.475,17.91,15162
228,92,2020-09-25 11:00:00,17.99,18.29,17.945,18.18,27049
229,91,2020-09-25 11:30:00,18.11,18.24,17.82,17.94,29078
230,90,2020-09-25 12:00:00,17.89,18.01,17.71,17.88,32479
231,89,2020-09-25 12:30:00,17.88,18.05,17.69,17.7,27776
232,88,2020-09-25 13:00:00,17.7481,17.7481,17.6,17.67,19862
233,87,2020-09-25 13:30:00,17.6734,17.78,17.66,17.75,19325
234,86,2020-09-25 14:00:00,17.79,17.8,17.7,17.75,22254
235,85,2020-09-25 14:30:00,17.735,17.75,17.575,17.5814,9051
236,84,2020-09-25 15:00:00,17.55,17.73,17.53,17.73,32016
237,83,2020-09-25 15:30:00,17.7,17.92,17.55,17.88,114681
238,82,2020-09-25 16:00:00,17.88,17.92,17.73,17.79,78350
239,81,2020-09-25 16:30:00,17.79,17.79,17.79,17.79,2062
240,80,2020-09-28 07:30:00,17.99,18.0,17.99,17.99,511
241,79,2020-09-28 10:00:00,17.76,18.06,17.76,17.8612,23064
242,78,2020-09-28 10:30:00,17.85,18.07,17.85,17.9202,44442
243,77,2020-09-28 11:00:00,17.85,17.91,17.84,17.85,18034
244,76,2020-09-28 11:30:00,17.84,17.97,17.84,17.97,7137
245,75,2020-09-28 12:00:00,17.93,17.96,17.85,17.89,3647
246,74,2020-09-28 12:30:00,17.91,18.2499,17.91,18.22,19212
247,73,2020-09-28 13:00:00,18.235,18.24,18.1272,18.17,9320
248,72,2020-09-28 13:30:00,18.13,19.34,18.05,19.02,94592
249,71,2020-09-28 14:00:00,19.0201,19.07,18.71,18.74,46131
250,70,2020-09-28 14:30:00,18.83,18.94,18.5,18.51,10533
251,69,2020-09-28 15:00:00,18.53,18.6,18.3,18.32,22102
252,68,2020-09-28 15:30:00,18.325,18.35,18.1,18.3,18430
253,67,2020-09-28 16:00:00,18.225,18.7,17.9,18.56,120010
254,66,2020-09-28 16:30:00,18.62,18.62,18.62,18.62,4565
255,65,2020-09-29 08:30:00,18.5,18.5,18.5,18.5,100
256,64,2020-09-29 10:00:00,18.4,18.54,18.17,18.2536,26716
257,63,2020-09-29 10:30:00,18.3531,18.3531,17.95,18.01,273743
258,62,2020-09-29 11:00:00,18.0593,18.27,17.85,18.19,115291
259,61,2020-09-29 11:30:00,18.12,18.18,17.79,17.85,14752
260,60,2020-09-29 12:00:00,17.83,17.95,17.8,17.8,22096
261,59,2020-09-29 12:30:00,17.8,17.8399,17.75,17.8,50951
262,58,2020-09-29 13:00:00,17.8,17.8,17.5,17.7062,31410
263,57,2020-09-29 13:30:00,17.68,17.78,17.6,17.77,11658
264,56,2020-09-29 14:00:00,17.7999,17.7999,17.56,17.63,40116
265,55,2020-09-29 14:30:00,17.59,17.7,17.41,17.64,31708
266,54,2020-09-29 15:00:00,17.73,17.83,17.62,17.68,25936
267,53,2020-09-29 15:30:00,17.7,17.7,17.5,17.58,21480
268,52,2020-09-29 16:00:00,17.56,17.56,17.235,17.46,142757
269,51,2020-09-30 08:30:00,17.38,17.4203,17.0,17.0,2322
270,50,2020-09-30 09:30:00,17.78,17.78,17.78,17.78,175
271,49,2020-09-30 10:00:00,17.5,18.18,17.16,18.0,38248
272,48,2020-09-30 10:30:00,17.8701,18.04,17.75,17.83,20575
273,47,2020-09-30 11:00:00,17.96,18.13,17.94,18.065,30652
274,46,2020-09-30 11:30:00,18.03,18.03,17.58,17.97,52716
275,45,2020-09-30 12:00:00,17.99,18.05,17.92,18.01,20547
276,44,2020-09-30 12:30:00,18.015,18.015,17.78,17.9,18356
277,43,2020-09-30 13:00:00,17.9,17.95,17.84,17.9,17637
278,42,2020-09-30 13:30:00,17.9,17.9,17.62,17.62,14575
279,41,2020-09-30 14:00:00,17.69,17.75,17.5,17.6,23785
280,40,2020-09-30 14:30:00,17.595,17.75,17.45,17.48,24014
281,39,2020-09-30 15:00:00,17.4999,17.565,17.35,17.56,37391
282,38,2020-09-30 15:30:00,17.59,17.59,17.35,17.455,46067
283,37,2020-09-30 16:00:00,17.455,17.455,17.22,17.29,108966
284,36,2020-09-30 16:30:00,17.24,17.29,17.24,17.29,3009
285,35,2020-10-01 10:00:00,17.18,17.38,17.1,17.25,50300
286,34,2020-10-01 10:30:00,17.21,17.21,16.895,17.07,111218
287,33,2020-10-01 11:00:00,17.09,17.34,16.97,17.19,54691
288,32,2020-10-01 11:30:00,17.16,17.2,16.84,16.8816,30240
289,31,2020-10-01 12:00:00,16.88,16.95,16.81,16.93,27495
290,30,2020-10-01 12:30:00,16.92,17.04,16.89,16.98,55973
291,29,2020-10-01 13:00:00,16.967,17.05,16.9135,16.9135,66990
292,28,2020-10-01 13:30:00,16.91,16.9165,16.65,16.9165,56083
293,27,2020-10-01 14:00:00,16.94,16.95,16.65,16.65,32850
294,26,2020-10-01 14:30:00,16.65,16.785,16.65,16.785,54488
295,25,2020-10-01 15:00:00,16.78,16.78,16.55,16.56,38161
296,24,2020-10-01 15:30:00,16.57,16.67,16.46,16.53,66177
297,23,2020-10-01 16:00:00,16.53,16.53,16.09,16.17,173501
298,22,2020-10-01 16:30:00,16.17,16.97,16.17,16.17,1155
299,21,2020-10-01 17:00:00,16.16,16.28,16.15,16.28,1231
300,20,2020-10-01 19:00:00,16.29,16.29,16.29,16.29,100
301,19,2020-10-01 20:00:00,16.1,16.1,16.1,16.1,855
302,18,2020-10-02 04:30:00,16.17,16.17,16.17,16.17,500
303,17,2020-10-02 06:30:00,15.6,15.62,15.57,15.62,753
304,16,2020-10-02 08:30:00,15.7001,15.75,15.62,15.75,6550
305,15,2020-10-02 09:00:00,15.56,15.56,15.56,15.56,300
306,14,2020-10-02 09:30:00,15.5,15.5,15.5,15.5,502
307,13,2020-10-02 10:00:00,15.48,16.22,15.48,16.11,74514
308,12,2020-10-02 10:30:00,16.16,16.38,16.16,16.2237,33163
309,11,2020-10-02 11:00:00,16.23,16.75,16.12,16.686,58101
310,10,2020-10-02 11:30:00,16.72,16.74,16.43,16.46,28810
311,9,2020-10-02 12:00:00,16.48,16.55,16.38,16.49,35014
312,8,2020-10-02 12:30:00,16.49,16.82,16.48,16.62,36868
313,7,2020-10-02 13:00:00,16.63,16.83,16.6076,16.81,41269
314,6,2020-10-02 13:30:00,16.78,16.95,16.78,16.875,29632
315,5,2020-10-02 14:00:00,16.86,16.86,16.6184,16.75,19096
316,4,2020-10-02 14:30:00,16.75,17.19,16.75,16.895,33891
317,3,2020-10-02 15:00:00,16.87,17.01,16.8,17.01,20615
318,2,2020-10-02 15:30:00,17.03,17.05,16.9,17.04,17022
319,1,2020-10-02 16:00:00,17.03,17.07,16.59,16.88,152120
320,0,2020-10-02 16:30:00,16.89,16.89,16.89,16.89,8838
