,index,time,open,high,low,close,volume
0,544,2020-05-08 07:00:00,1.07,1.07,1.07,1.07,339
1,543,2020-05-08 07:30:00,1.07,1.08,1.07,1.08,6507
2,542,2020-05-08 08:00:00,1.09,1.09,1.09,1.09,981
3,541,2020-05-08 08:30:00,1.0601,1.09,1.06,1.07,8589
4,540,2020-05-08 09:00:00,1.07,1.08,1.07,1.07,9381
5,539,2020-05-08 09:30:00,1.07,1.08,1.06,1.06,31156
6,538,2020-05-08 10:00:00,1.06,1.1,1.01,1.085,1461350
7,537,2020-05-08 10:30:00,1.09,1.11,1.07,1.1083,1014692
8,536,2020-05-08 11:00:00,1.1087,1.11,1.08,1.08,399981
9,535,2020-05-08 11:30:00,1.08,1.1,1.08,1.1,328770
10,534,2020-05-08 12:00:00,1.095,1.11,1.09,1.1087,476756
11,533,2020-05-08 12:30:00,1.1001,1.11,1.08,1.09,448757
12,532,2020-05-08 13:00:00,1.0931,1.1,1.08,1.09,157965
13,531,2020-05-08 13:30:00,1.08,1.095,1.08,1.09,166939
14,530,2020-05-08 14:00:00,1.09,1.1,1.08,1.0911,200242
15,529,2020-05-08 14:30:00,1.0913,1.1,1.09,1.095,312292
16,528,2020-05-08 15:00:00,1.0941,1.1,1.09,1.095,255455
17,527,2020-05-08 15:30:00,1.095,1.1,1.08,1.0887,499320
18,526,2020-05-08 16:00:00,1.08,1.09,1.06,1.07,1011504
19,525,2020-05-08 16:30:00,1.06,1.08,1.05,1.08,17656
20,524,2020-05-08 17:00:00,1.0796,1.1,1.06,1.1,23950
21,523,2020-05-08 17:30:00,1.08,1.09,1.06,1.09,21032
22,522,2020-05-08 18:00:00,1.09,1.09,1.06,1.08,12730
23,521,2020-05-08 18:30:00,1.0899,1.09,1.08,1.08,970
24,520,2020-05-08 19:00:00,1.08,1.09,1.08,1.08,11298
25,519,2020-05-08 19:30:00,1.08,1.08,1.08,1.08,2441
26,518,2020-05-08 20:00:00,1.09,1.09,1.08,1.09,13239
27,517,2020-05-11 06:00:00,1.12,1.12,1.12,1.12,500
28,516,2020-05-11 07:30:00,1.11,1.11,1.07,1.07,15159
29,515,2020-05-11 08:00:00,1.07,1.07,1.07,1.07,500
30,514,2020-05-11 08:30:00,1.073,1.11,1.07,1.07,13202
31,513,2020-05-11 09:00:00,1.0799,1.09,1.0799,1.09,2409
32,512,2020-05-11 09:30:00,1.1,1.1,1.05,1.05,64798
33,511,2020-05-11 10:00:00,1.08,1.09,1.05,1.0543,1180916
34,510,2020-05-11 10:30:00,1.06,1.06,1.03,1.04,454096
35,509,2020-05-11 11:00:00,1.0489,1.05,1.03,1.0387,292474
36,508,2020-05-11 11:30:00,1.03,1.05,1.03,1.0355,358007
37,507,2020-05-11 12:00:00,1.0349,1.06,1.03,1.06,257487
38,506,2020-05-11 12:30:00,1.05,1.06,1.05,1.05,239780
39,505,2020-05-11 13:00:00,1.0552,1.07,1.05,1.0614,405113
40,504,2020-05-11 13:30:00,1.065,1.07,1.05,1.07,286253
41,503,2020-05-11 14:00:00,1.0699,1.07,1.06,1.07,215794
42,502,2020-05-11 14:30:00,1.0675,1.07,1.06,1.065,182912
43,501,2020-05-11 15:00:00,1.065,1.07,1.06,1.07,156831
44,500,2020-05-11 15:30:00,1.06,1.07,1.06,1.07,244772
45,499,2020-05-11 16:00:00,1.065,1.08,1.06,1.08,828893
46,498,2020-05-11 16:30:00,1.08,1.08,1.06,1.08,193997
47,497,2020-05-11 17:00:00,1.06,1.08,1.06,1.06,8771
48,496,2020-05-11 17:30:00,1.06,1.08,1.06,1.06,9183
49,495,2020-05-11 18:00:00,1.06,1.08,1.06,1.07,8014
50,494,2020-05-11 18:30:00,1.07,1.07,1.07,1.07,893
51,493,2020-05-11 19:00:00,1.07,1.08,1.06,1.08,4501
52,492,2020-05-11 20:00:00,1.08,1.08,1.06,1.06,5637
53,491,2020-05-12 07:00:00,1.04,1.04,1.03,1.03,254
54,490,2020-05-12 07:30:00,1.07,1.07,1.07,1.07,100
55,489,2020-05-12 08:30:00,1.07,1.08,1.06,1.06,30671
56,488,2020-05-12 09:00:00,1.08,1.08,1.07,1.07,2345
57,487,2020-05-12 09:30:00,1.07,1.09,1.06,1.09,55942
58,486,2020-05-12 10:00:00,1.1,1.1,1.05,1.06,827579
59,485,2020-05-12 10:30:00,1.0513,1.07,1.05,1.0613,354417
60,484,2020-05-12 11:00:00,1.07,1.1,1.05,1.06,512372
61,483,2020-05-12 11:30:00,1.055,1.06,1.05,1.06,450706
62,482,2020-05-12 12:00:00,1.0548,1.06,1.05,1.06,434194
63,481,2020-05-12 12:30:00,1.055,1.06,1.05,1.055,271916
64,480,2020-05-12 13:00:00,1.06,1.06,1.05,1.06,273142
65,479,2020-05-12 13:30:00,1.055,1.08,1.05,1.05,564333
66,478,2020-05-12 14:00:00,1.055,1.06,1.04,1.04,431683
67,477,2020-05-12 14:30:00,1.04,1.05,1.03,1.03,437973
68,476,2020-05-12 15:00:00,1.03,1.07,1.03,1.06,449123
69,475,2020-05-12 15:30:00,1.06,1.07,1.06,1.065,421179
70,474,2020-05-12 16:00:00,1.065,1.08,1.05,1.06,790873
71,473,2020-05-12 16:30:00,1.05,1.07,1.03,1.04,12456
72,472,2020-05-12 17:00:00,1.0402,1.07,1.04,1.04,16197
73,471,2020-05-12 17:30:00,1.04,1.07,1.04,1.05,10729
74,470,2020-05-12 18:00:00,1.04,1.05,1.04,1.05,9653
75,469,2020-05-12 19:00:00,1.05,1.05,1.04,1.04,14743
76,468,2020-05-12 19:30:00,1.05,1.05,1.04,1.04,1674
77,467,2020-05-12 20:00:00,1.04,1.04,1.04,1.04,13811
78,466,2020-05-13 08:30:00,1.06,1.08,1.05,1.05,4950
79,465,2020-05-13 09:00:00,1.06,1.06,1.05,1.06,3766
80,464,2020-05-13 09:30:00,1.06,1.06,1.05,1.05,32838
81,463,2020-05-13 10:00:00,1.04,1.05,1.03,1.04,1169485
82,462,2020-05-13 10:30:00,1.035,1.055,1.03,1.04,546943
83,461,2020-05-13 11:00:00,1.0407,1.07,1.02,1.035,943237
84,460,2020-05-13 11:30:00,1.04,1.04,1.0,1.03,775316
85,459,2020-05-13 12:00:00,1.03,1.04,1.02,1.035,499773
86,458,2020-05-13 12:30:00,1.03,1.04,1.02,1.0355,452430
87,457,2020-05-13 13:00:00,1.035,1.06,1.02,1.02,461642
88,456,2020-05-13 13:30:00,1.0287,1.04,1.02,1.04,147792
89,455,2020-05-13 14:00:00,1.035,1.045,1.03,1.04,142709
90,454,2020-05-13 14:30:00,1.035,1.05,1.03,1.045,171515
91,453,2020-05-13 15:00:00,1.045,1.06,1.03,1.03,360561
92,452,2020-05-13 15:30:00,1.0301,1.04,1.02,1.0348,305976
93,451,2020-05-13 16:00:00,1.035,1.05,1.03,1.03,437834
94,450,2020-05-13 16:30:00,1.02,1.04,0.83,0.8712,777630
95,449,2020-05-13 17:00:00,0.88,0.895,0.8,0.83,685538
96,448,2020-05-13 17:30:00,0.8298,0.835,0.8009999999999999,0.81,346046
97,447,2020-05-13 18:00:00,0.8099,0.8442,0.8009999999999999,0.83,205699
98,446,2020-05-13 18:30:00,0.83,0.87,0.821,0.87,32637
99,445,2020-05-13 19:00:00,0.8679,0.89,0.8679,0.8701,25220
100,444,2020-05-13 19:30:00,0.8701,0.89,0.8701,0.89,14932
101,443,2020-05-13 20:00:00,0.88,0.9,0.88,0.8898,33371
102,442,2020-05-14 05:00:00,0.9,1.01,0.9,1.01,2100
103,441,2020-05-14 06:30:00,1.01,1.01,1.01,1.01,1000
104,440,2020-05-14 07:30:00,0.93,0.93,0.9,0.9,12743
105,439,2020-05-14 08:00:00,0.89,0.89,0.88,0.889,5762
106,438,2020-05-14 08:30:00,0.9101,0.955,0.87,0.89,51508
107,437,2020-05-14 09:00:00,0.9,0.9,0.88,0.89,12649
108,436,2020-05-14 09:30:00,0.89,0.89,0.81,0.85,234841
109,435,2020-05-14 10:00:00,0.89,0.89,0.8025,0.8361,2885322
110,434,2020-05-14 10:30:00,0.8361,0.8494,0.81,0.8399,1041534
111,433,2020-05-14 11:00:00,0.8332,0.99,0.8332,0.98,2022717
112,432,2020-05-14 11:30:00,0.98,0.988,0.9002,0.92,1150798
113,431,2020-05-14 12:00:00,0.9109999999999999,0.97,0.9109999999999999,0.9442,273722
114,430,2020-05-14 12:30:00,0.9440000000000001,0.9454,0.9114,0.9287,408348
115,429,2020-05-14 13:00:00,0.9287,0.94,0.9202,0.9333,244308
116,428,2020-05-14 13:30:00,0.9333,0.94,0.9202,0.9214,380617
117,427,2020-05-14 14:00:00,0.9214,0.9331,0.9156,0.919,304996
118,426,2020-05-14 14:30:00,0.9189,0.9195,0.9,0.9000100000000001,368544
119,425,2020-05-14 15:00:00,0.9001,0.9092,0.9,0.905,657835
120,424,2020-05-14 15:30:00,0.905,0.905,0.8994,0.9009,336915
121,423,2020-05-14 16:00:00,0.9009999999999999,0.91,0.89,0.9031,939644
122,422,2020-05-14 16:30:00,0.91,0.91,0.9,0.91,12592
123,421,2020-05-14 17:00:00,0.91,0.91,0.9,0.902,14950
124,420,2020-05-14 17:30:00,0.9021,0.91,0.9018,0.902,11434
125,419,2020-05-14 18:00:00,0.91,0.9109999999999999,0.9016,0.9109999999999999,19021
126,418,2020-05-14 18:30:00,0.9109999999999999,0.9109999999999999,0.9109999999999999,0.9109999999999999,500
127,417,2020-05-14 19:00:00,0.9109999999999999,0.948,0.9109999999999999,0.948,13319
128,416,2020-05-14 20:00:00,0.9474,0.9475,0.9474,0.9475,10864
129,415,2020-05-15 05:30:00,0.92,0.92,0.92,0.92,500
130,414,2020-05-15 06:00:00,0.92,0.92,0.92,0.92,277
131,413,2020-05-15 07:00:00,0.92,0.92,0.92,0.92,963
132,412,2020-05-15 07:30:00,0.92,0.94,0.915,0.94,1970
133,411,2020-05-15 08:00:00,0.95,0.9901,0.95,0.98,24493
134,410,2020-05-15 08:30:00,0.94,0.98,0.93,0.95,13186
135,409,2020-05-15 09:00:00,0.9501,0.9790000000000001,0.95,0.95,13286
136,408,2020-05-15 09:30:00,0.9790000000000001,0.9790000000000001,0.94,0.9595,37596
137,407,2020-05-15 10:00:00,0.9837,0.9837,0.94,0.9599,1315078
138,406,2020-05-15 10:30:00,0.95,0.97,0.95,0.968,632819
139,405,2020-05-15 11:00:00,0.965505,0.9785,0.95,0.963,757939
140,404,2020-05-15 11:30:00,0.9624,0.963,0.95,0.9514,419907
141,403,2020-05-15 12:00:00,0.9514,0.9520000000000001,0.93,0.9365,297740
142,402,2020-05-15 12:30:00,0.9324,0.9464,0.93,0.932,267329
143,401,2020-05-15 13:00:00,0.9399,0.9399,0.92,0.925,185654
144,400,2020-05-15 13:30:00,0.925,0.93,0.9221,0.9288,114319
145,399,2020-05-15 14:00:00,0.925,0.93,0.9222,0.93,138450
146,398,2020-05-15 14:30:00,0.9279999999999999,0.94,0.92,0.9375,286446
147,397,2020-05-15 15:00:00,0.9373,0.9696,0.9354,0.9605,531639
148,396,2020-05-15 15:30:00,0.9624,0.9675,0.94,0.9583,252793
149,395,2020-05-15 16:00:00,0.9583,0.9696,0.94,0.9416,337745
150,394,2020-05-15 16:30:00,0.95,0.9598,0.94,0.955,4793
151,393,2020-05-15 17:00:00,0.9415,0.958,0.94,0.9574,5217
152,392,2020-05-15 17:30:00,0.9431,0.956,0.93,0.9559,4952
153,391,2020-05-15 18:00:00,0.9549,0.9549,0.93,0.93,4766
154,390,2020-05-15 18:30:00,0.93,0.93,0.93,0.93,327
155,389,2020-05-15 19:00:00,0.9398,0.94,0.9398,0.94,1166
156,388,2020-05-15 19:30:00,0.94,0.94,0.94,0.94,1000
157,387,2020-05-15 20:00:00,0.94,0.96,0.94,0.94,19791
158,386,2020-05-18 04:30:00,0.94,0.97,0.94,0.97,14039
159,385,2020-05-18 05:00:00,0.96,0.96,0.96,0.96,100
160,384,2020-05-18 06:00:00,0.98,0.98,0.98,0.98,298
161,383,2020-05-18 07:00:00,1.0,1.0,1.0,1.0,323
162,382,2020-05-18 07:30:00,1.0,1.0,0.93,0.98,70310
163,381,2020-05-18 08:00:00,0.98,0.99,0.98,0.99,4440
164,380,2020-05-18 08:30:00,0.97,1.0,0.93,0.9901,50878
165,379,2020-05-18 09:00:00,1.0,1.03,1.0,1.0,54392
166,378,2020-05-18 09:30:00,1.0,1.03,1.0,1.03,106647
167,377,2020-05-18 10:00:00,1.05,1.05,1.0,1.01,3031264
168,376,2020-05-18 10:30:00,1.01,1.03,1.0,1.0222,510168
169,375,2020-05-18 11:00:00,1.0222,1.04,1.02,1.0201,649714
170,374,2020-05-18 11:30:00,1.0299,1.09,1.02,1.0846,1357411
171,373,2020-05-18 12:00:00,1.09,1.09,1.04,1.06,890759
172,372,2020-05-18 12:30:00,1.05,1.055,1.04,1.0413,330786
173,371,2020-05-18 13:00:00,1.0449,1.05,1.02,1.0313,360543
174,370,2020-05-18 13:30:00,1.04,1.05,1.03,1.03,191128
175,369,2020-05-18 14:00:00,1.0387,1.05,1.03,1.0401,274101
176,368,2020-05-18 14:30:00,1.05,1.05,1.02,1.0258,241270
177,367,2020-05-18 15:00:00,1.0215,1.04,1.02,1.02,325235
178,366,2020-05-18 15:30:00,1.03,1.03,1.01,1.01,348976
179,365,2020-05-18 16:00:00,1.02,1.02,1.0,1.015,787536
180,364,2020-05-18 16:30:00,1.0,1.03,1.0,1.01,13404
181,363,2020-05-18 17:00:00,1.02,1.05,1.01,1.01,28160
182,362,2020-05-18 17:30:00,1.05,1.05,1.01,1.01,18475
183,361,2020-05-18 18:00:00,1.02,1.02,1.01,1.02,14997
184,360,2020-05-18 18:30:00,1.01,1.02,1.01,1.02,6512
185,359,2020-05-18 19:00:00,1.02,1.02,1.01,1.01,2166
186,358,2020-05-18 19:30:00,1.02,1.02,1.02,1.02,100
187,357,2020-05-18 20:00:00,1.01,1.02,1.01,1.02,8194
188,356,2020-05-19 06:00:00,1.0,1.0,1.0,1.0,1008
189,355,2020-05-19 07:30:00,1.01,1.01,1.0,1.01,2600
190,354,2020-05-19 08:00:00,1.01,1.02,1.01,1.02,809
191,353,2020-05-19 08:30:00,1.02,1.02,1.01,1.01,11286
192,352,2020-05-19 09:00:00,1.01,1.02,1.0,1.0199,18950
193,351,2020-05-19 09:30:00,1.0199,1.04,1.01,1.04,31445
194,350,2020-05-19 10:00:00,1.02,1.03,0.9615,0.9927,1325882
195,349,2020-05-19 10:30:00,0.99,1.0,0.98,1.0,311733
196,348,2020-05-19 11:00:00,0.995,1.0,0.98,0.9999,285921
197,347,2020-05-19 11:30:00,0.9999,0.9999,0.9804,0.99,172112
198,346,2020-05-19 12:00:00,0.99,1.0,0.9804,0.9837,191625
199,345,2020-05-19 12:30:00,0.99,0.99,0.9831,0.987599,157695
200,344,2020-05-19 13:00:00,0.9877,0.9877,0.98,0.9819,117515
201,343,2020-05-19 13:30:00,0.9803,0.9865,0.97,0.9759,391178
202,342,2020-05-19 14:00:00,0.9703,0.9759,0.966,0.9754,323682
203,341,2020-05-19 14:30:00,0.9717,0.99,0.968,0.99,203544
204,340,2020-05-19 15:00:00,0.9864,1.0,0.98,1.0,255095
205,339,2020-05-19 15:30:00,0.991,1.0,0.98,0.99,182723
206,338,2020-05-19 16:00:00,0.99,0.99,0.96,0.9602,331635
207,337,2020-05-19 16:30:00,0.99,0.998,0.9601,0.9718,11830
208,336,2020-05-19 17:00:00,0.9890000000000001,0.9890000000000001,0.965,0.9890000000000001,2985
209,335,2020-05-19 17:30:00,0.9889,0.9889,0.97,0.9888,5184
210,334,2020-05-19 18:00:00,0.9888,0.9888,0.97,0.9701,3405
211,333,2020-05-19 18:30:00,0.97,0.99,0.97,0.99,14712
212,332,2020-05-19 19:00:00,0.995,1.0,0.9925,1.0,12300
213,331,2020-05-20 04:30:00,0.995,0.995,0.995,0.995,100
214,330,2020-05-20 06:30:00,0.96,0.96,0.96,0.96,943
215,329,2020-05-20 07:30:00,0.9718,1.0,0.9718,1.0,1820
216,328,2020-05-20 08:00:00,1.0,1.0,1.0,1.0,247
217,327,2020-05-20 08:30:00,1.0,1.02,0.93,0.98,7768
218,326,2020-05-20 09:00:00,0.98,1.0,0.9718,0.98,511984
219,325,2020-05-20 09:30:00,0.98,0.995,0.97,0.97,19526
220,324,2020-05-20 10:00:00,0.9990000000000001,0.9990000000000001,0.9,0.9387,1581542
221,323,2020-05-20 10:30:00,0.9329999999999999,0.95,0.91,0.93,971827
222,322,2020-05-20 11:00:00,0.93,0.9337,0.91,0.9258,841468
223,321,2020-05-20 11:30:00,0.9242,0.929,0.9102,0.925,719473
224,320,2020-05-20 12:00:00,0.9231590000000001,0.95,0.92,0.92151,895422
225,319,2020-05-20 12:30:00,0.9197,0.9288,0.9,0.91,827215
226,318,2020-05-20 13:00:00,0.91,0.925,0.9059999999999999,0.9167,479451
227,317,2020-05-20 13:30:00,0.9167,0.9167,0.9,0.9061,607336
228,316,2020-05-20 14:00:00,0.9061,0.9093,0.9,0.9064,393699
229,315,2020-05-20 14:30:00,0.9076,0.9275,0.9,0.9275,562316
230,314,2020-05-20 15:00:00,0.927499,0.94,0.915,0.915,593375
231,313,2020-05-20 15:30:00,0.915,0.9389,0.915,0.9345,335067
232,312,2020-05-20 16:00:00,0.9345,0.945,0.92,0.9432,751425
233,311,2020-05-20 16:30:00,0.9445,0.9445,0.925,0.94,62130
234,310,2020-05-20 17:00:00,0.93,0.9399,0.92,0.938,8337
235,309,2020-05-20 17:30:00,0.938,0.94,0.9254,0.9254,74271
236,308,2020-05-20 18:00:00,0.9407,0.941,0.92,0.93,6987
237,307,2020-05-20 19:00:00,0.9301,0.9301,0.93,0.93,4337
238,306,2020-05-20 19:30:00,0.9378,0.9378,0.9378,0.9378,1600
239,305,2020-05-20 20:00:00,0.93,0.93,0.93,0.93,3225
240,304,2020-05-21 07:00:00,0.9,0.9,0.9,0.9,1070
241,303,2020-05-21 07:30:00,0.9,0.935,0.9,0.935,1802
242,302,2020-05-21 08:30:00,0.9351,0.9390000000000001,0.92,0.92,20319
243,301,2020-05-21 09:00:00,0.9109999999999999,0.9285,0.9011,0.9279999999999999,57683
244,300,2020-05-21 09:30:00,0.9279999999999999,0.9284,0.91,0.9284,47739
245,299,2020-05-21 10:00:00,0.9229999999999999,0.9299,0.905,0.9201,1197654
246,298,2020-05-21 10:30:00,0.9299,0.9299,0.8910100000000001,0.9,885757
247,297,2020-05-21 11:00:00,0.8952,0.9,0.882,0.8939,947851
248,296,2020-05-21 11:30:00,0.89,0.8956,0.87,0.8709,1166635
249,295,2020-05-21 12:00:00,0.8708100000000001,0.894,0.8708,0.885,537853
250,294,2020-05-21 12:30:00,0.885,0.909,0.8849,0.9088,342567
251,293,2020-05-21 13:00:00,0.903,0.9088,0.8909999999999999,0.9038299999999999,162808
252,292,2020-05-21 13:30:00,0.904,0.9051,0.8909999999999999,0.8948,233879
253,291,2020-05-21 14:00:00,0.8948,0.895,0.89,0.8909,180088
254,290,2020-05-21 14:30:00,0.8908,0.9051,0.8908,0.898698,388215
255,289,2020-05-21 15:00:00,0.8975,0.904,0.89,0.9035,306667
256,288,2020-05-21 15:30:00,0.905,0.9390000000000001,0.902,0.9222,732639
257,287,2020-05-21 16:00:00,0.9223,0.95,0.9021,0.9433,964472
258,286,2020-05-21 16:30:00,0.9086,0.95,0.9025,0.917,29929
259,285,2020-05-21 17:00:00,0.9385,0.95,0.9159999999999999,0.95,26299
260,284,2020-05-21 17:30:00,0.9173,0.94,0.9173,0.94,13604
261,283,2020-05-21 18:00:00,0.94,0.95,0.9179999999999999,0.935,13352
262,282,2020-05-21 19:00:00,0.9359999999999999,0.9495,0.935,0.9495,1295
263,281,2020-05-21 20:00:00,0.935,0.935,0.935,0.935,2924
264,280,2020-05-22 04:30:00,0.938,0.938,0.938,0.938,1895
265,279,2020-05-22 05:00:00,0.9259999999999999,0.9259999999999999,0.88,0.88,488
266,278,2020-05-22 07:30:00,0.9059999999999999,0.9059999999999999,0.905,0.905,800
267,277,2020-05-22 08:00:00,0.905,0.91,0.89,0.89,16061
268,276,2020-05-22 08:30:00,0.9051,0.925,0.89,0.9137,40495
269,275,2020-05-22 09:00:00,0.9125,0.9125,0.9125,0.9125,4000
270,274,2020-05-22 09:30:00,0.9161,0.93,0.91,0.9101,45728
271,273,2020-05-22 10:00:00,0.9125,0.92,0.89,0.8901,820305
272,272,2020-05-22 10:30:00,0.9,0.91,0.89,0.8999,345220
273,271,2020-05-22 11:00:00,0.8999,0.9032,0.895,0.899,342853
274,270,2020-05-22 11:30:00,0.899,0.899,0.8924,0.8986,170894
275,269,2020-05-22 12:00:00,0.8986,0.9,0.893,0.8931,177399
276,268,2020-05-22 12:30:00,0.8931,0.8999,0.89,0.894,195427
277,267,2020-05-22 13:00:00,0.897,0.897,0.8909999999999999,0.8967,92124
278,266,2020-05-22 13:30:00,0.895949,0.91,0.8959,0.9073,139206
279,265,2020-05-22 14:00:00,0.9075,0.9156,0.9073,0.9101,97523
280,264,2020-05-22 14:30:00,0.9101,0.919,0.9101,0.9127,171185
281,263,2020-05-22 15:00:00,0.9107,0.9127,0.9045,0.9107,108519
282,262,2020-05-22 15:30:00,0.9108,0.9188,0.9108,0.9168,198159
283,261,2020-05-22 16:00:00,0.9156,0.92,0.9143,0.9164,515862
284,260,2020-05-22 16:30:00,0.9179999999999999,0.919,0.91,0.91,44645
285,259,2020-05-22 17:00:00,0.9101,0.919,0.91,0.919,7865
286,258,2020-05-22 17:30:00,0.919,0.919,0.91,0.9179999999999999,16874
287,257,2020-05-22 18:00:00,0.9179999999999999,0.9179999999999999,0.9179999999999999,0.9179999999999999,550
288,256,2020-05-22 19:00:00,0.9179999999999999,0.9179999999999999,0.91,0.9179999999999999,637
289,255,2020-05-22 20:00:00,0.91,0.91,0.91,0.91,500
290,254,2020-05-26 05:00:00,0.94,0.94,0.94,0.94,10000
291,253,2020-05-26 05:30:00,0.94,0.94,0.94,0.94,199
292,252,2020-05-26 06:00:00,0.94,0.94,0.94,0.94,800
293,251,2020-05-26 06:30:00,0.94,0.94,0.93,0.93,1300
294,250,2020-05-26 07:00:00,0.93,0.93,0.93,0.93,787
295,249,2020-05-26 07:30:00,0.94,0.94,0.93,0.93,2476
296,248,2020-05-26 08:00:00,0.94,0.94,0.9298,0.94,14356
297,247,2020-05-26 08:30:00,0.93,0.9590000000000001,0.92,0.94,23419
298,246,2020-05-26 09:00:00,0.945,0.95,0.94,0.94,19378
299,245,2020-05-26 09:30:00,0.94,0.9440000000000001,0.9109999999999999,0.9116,44983
300,244,2020-05-26 10:00:00,0.929,0.9295,0.88,0.8995,1705726
301,243,2020-05-26 10:30:00,0.8995,0.91,0.89,0.8965,610862
302,242,2020-05-26 11:00:00,0.8979290000000001,0.91,0.895,0.909,407356
303,241,2020-05-26 11:30:00,0.909,0.909,0.8901,0.8982,223706
304,240,2020-05-26 12:00:00,0.8982,0.9036,0.89,0.9015,360268
305,239,2020-05-26 12:30:00,0.9015,0.9015,0.89,0.897,289890
306,238,2020-05-26 13:00:00,0.897,0.904,0.8906,0.8933,180782
307,237,2020-05-26 13:30:00,0.8933,0.9,0.887,0.8948,447857
308,236,2020-05-26 14:00:00,0.8923,0.8999,0.8885,0.893,250326
309,235,2020-05-26 14:30:00,0.8937,0.9,0.89,0.8968,224618
310,234,2020-05-26 15:00:00,0.89665,0.9,0.89,0.8953,321220
311,233,2020-05-26 15:30:00,0.8998,0.8998,0.885,0.8899,266316
312,232,2020-05-26 16:00:00,0.8899,0.8934,0.885,0.89,583351
313,231,2020-05-26 16:30:00,0.8879,0.91,0.8879,0.9065,32530
314,230,2020-05-26 17:00:00,0.9059999999999999,0.9059999999999999,0.8891,0.8891,10721
315,229,2020-05-26 17:30:00,0.8892,0.8999,0.88,0.89,32191
316,228,2020-05-26 18:00:00,0.89,0.9057,0.88,0.9057,32615
317,227,2020-05-26 19:00:00,0.887,0.887,0.887,0.887,2111
318,226,2020-05-26 19:30:00,0.8865,0.8999,0.8865,0.8999,31286
319,225,2020-05-26 20:00:00,0.899,0.899,0.899,0.899,415
320,224,2020-05-27 04:30:00,0.8879,0.8879,0.8879,0.8879,317
321,223,2020-05-27 05:00:00,0.89,0.89,0.89,0.89,200
322,222,2020-05-27 05:30:00,0.89,0.89,0.89,0.89,317
323,221,2020-05-27 06:30:00,0.8901,0.8959,0.8901,0.8959,1191
324,220,2020-05-27 07:30:00,0.895,0.895,0.895,0.895,200
325,219,2020-05-27 08:00:00,0.895,0.91,0.895,0.91,1000
326,218,2020-05-27 08:30:00,0.8918,0.9059,0.89,0.895,49217
327,217,2020-05-27 09:00:00,0.895,0.9,0.895,0.9,9634
328,216,2020-05-27 09:30:00,0.8951,0.899,0.887,0.895,32634
329,215,2020-05-27 10:00:00,0.8945,0.895,0.85,0.8515,1423291
330,214,2020-05-27 10:30:00,0.8516,0.8516,0.84,0.8419,925904
331,213,2020-05-27 11:00:00,0.8419,0.86,0.84,0.8417,519211
332,212,2020-05-27 11:30:00,0.845,0.85,0.8416,0.8494,224032
333,211,2020-05-27 12:00:00,0.8494,0.86,0.8494,0.86,299861
334,210,2020-05-27 12:30:00,0.86,0.86,0.85,0.86,264992
335,209,2020-05-27 13:00:00,0.86,0.88,0.8592,0.87,318864
336,208,2020-05-27 13:30:00,0.8705,0.8789,0.86001,0.8711,161584
337,207,2020-05-27 14:00:00,0.8788,0.8789,0.8667,0.8764,116914
338,206,2020-05-27 14:30:00,0.8748,0.8768,0.855,0.8656,320788
339,205,2020-05-27 15:00:00,0.8657,0.8788,0.861,0.875,175530
340,204,2020-05-27 15:30:00,0.878,0.878,0.87,0.8724,218743
341,203,2020-05-27 16:00:00,0.8724,0.8724,0.84,0.8582,545073
342,202,2020-05-27 16:30:00,0.85,0.8785,0.85,0.87,27135
343,201,2020-05-27 17:00:00,0.8712,0.875,0.8540000000000001,0.868,8485
344,200,2020-05-27 17:30:00,0.8540000000000001,0.8690000000000001,0.84,0.8598,17207
345,199,2020-05-27 18:00:00,0.86,0.8789,0.85,0.8789,21862
346,198,2020-05-27 18:30:00,0.8725,0.8725,0.852,0.852,2200
347,197,2020-05-27 19:00:00,0.87,0.87,0.85,0.85,11956
348,196,2020-05-27 19:30:00,0.845,0.85,0.8399,0.84,12197
349,195,2020-05-27 20:00:00,0.84,0.85,0.84,0.84,3853
350,194,2020-05-28 08:00:00,0.87,0.87,0.87,0.87,1000
351,193,2020-05-28 08:30:00,0.8561,0.8788,0.856,0.8749,25273
352,192,2020-05-28 09:00:00,0.8702,0.8749,0.8561,0.87,15487
353,191,2020-05-28 09:30:00,0.86,0.87,0.84,0.84,51921
354,190,2020-05-28 10:00:00,0.83,0.8572,0.8,0.8136,1537276
355,189,2020-05-28 10:30:00,0.8152,0.8348,0.8109999999999999,0.8251,585390
356,188,2020-05-28 11:00:00,0.8254,0.826,0.8104,0.8190000000000001,403691
357,187,2020-05-28 11:30:00,0.8165,0.82,0.81,0.81,297602
358,186,2020-05-28 12:00:00,0.81,0.82,0.81,0.8187,286352
359,185,2020-05-28 12:30:00,0.8168489999999999,0.8290000000000001,0.8140000000000001,0.828,601657
360,184,2020-05-28 13:00:00,0.8299,0.8299,0.8145,0.8264,297158
361,183,2020-05-28 13:30:00,0.8264,0.8264,0.8140000000000001,0.82,232444
362,182,2020-05-28 14:00:00,0.8191,0.82,0.8101,0.8176,252950
363,181,2020-05-28 14:30:00,0.8170000000000001,0.8176,0.812,0.8121,113480
364,180,2020-05-28 15:00:00,0.8121,0.8199,0.8101,0.8101,272239
365,179,2020-05-28 15:30:00,0.8144,0.815,0.807,0.807,384841
366,178,2020-05-28 16:00:00,0.807,0.809,0.7801,0.7909,1092329
367,177,2020-05-28 16:30:00,0.81,0.82,0.7899,0.8118,71385
368,176,2020-05-28 17:00:00,0.8116,0.812,0.8,0.81,6730
369,175,2020-05-28 17:30:00,0.81,0.8179,0.7901,0.8178,15833
370,174,2020-05-28 18:00:00,0.8178,0.8179,0.81,0.8179,7027
371,173,2020-05-28 18:30:00,0.8179,0.8179,0.8179,0.8179,1000
372,172,2020-05-28 19:30:00,0.8102,0.8102,0.8101,0.8102,9360
373,171,2020-05-28 20:00:00,0.81,0.8102,0.81,0.8102,5320
374,170,2020-05-29 04:30:00,0.79,0.7909999999999999,0.7898,0.7898,1600
375,169,2020-05-29 07:30:00,0.792,0.792,0.79,0.79,1500
376,168,2020-05-29 08:00:00,0.7909999999999999,0.7909999999999999,0.7825,0.7825,4100
377,167,2020-05-29 08:30:00,0.7921,0.8,0.789,0.789,11755
378,166,2020-05-29 09:00:00,0.7825,0.8,0.7825,0.8,14869
379,165,2020-05-29 09:30:00,0.8,0.8,0.79,0.8,35072
380,164,2020-05-29 10:00:00,0.7801,0.79,0.7,0.7117,2382362
381,163,2020-05-29 10:30:00,0.71,0.725,0.7099,0.7154,851092
382,162,2020-05-29 11:00:00,0.7195,0.72,0.7001,0.7020000000000001,851076
383,161,2020-05-29 11:30:00,0.7019,0.7090000000000001,0.7,0.7084,816989
384,160,2020-05-29 12:00:00,0.7088,0.7088,0.7,0.7049,490654
385,159,2020-05-29 12:30:00,0.7049,0.7049,0.7,0.7013,402594
386,158,2020-05-29 13:00:00,0.7012,0.7044,0.7,0.7018,521669
387,157,2020-05-29 13:30:00,0.7021,0.7023,0.695,0.7018,430844
388,156,2020-05-29 14:00:00,0.7,0.7018,0.69,0.6902,316247
389,155,2020-05-29 14:30:00,0.691,0.7028,0.69,0.7006,637457
390,154,2020-05-29 15:00:00,0.7,0.7006,0.69,0.6966,465369
391,153,2020-05-29 15:30:00,0.6940000000000001,0.7068,0.6940000000000001,0.705,791217
392,152,2020-05-29 16:00:00,0.705,0.7059,0.6995,0.6998,803633
393,151,2020-05-29 16:30:00,0.7082,0.7082,0.6990000000000001,0.708,26073
394,150,2020-05-29 17:00:00,0.7079,0.71,0.7,0.71,41012
395,149,2020-05-29 17:30:00,0.7075,0.71,0.7,0.7071,20607
396,148,2020-05-29 18:00:00,0.71,0.725,0.7,0.725,56863
397,147,2020-05-29 18:30:00,0.725,0.7317,0.725,0.73,14775
398,146,2020-05-29 19:00:00,0.73,0.73,0.7257,0.726,12849
399,145,2020-05-29 19:30:00,0.726,0.726,0.701,0.7259,7424
400,144,2020-05-29 20:00:00,0.71,0.7259,0.71,0.72,4600
401,143,2020-06-01 05:30:00,0.6999,0.6999,0.69,0.6999,1397
402,142,2020-06-01 06:00:00,0.6999,0.6999,0.6999,0.6999,296
403,141,2020-06-01 06:30:00,0.6999,0.6999,0.6999,0.6999,100
404,140,2020-06-01 07:00:00,0.6999,0.6999,0.6999,0.6999,200
405,139,2020-06-01 07:30:00,0.6999,0.75,0.65,0.75,18088
406,138,2020-06-01 08:00:00,0.73,0.75,0.73,0.73,4916
407,137,2020-06-01 08:30:00,0.71,0.75,0.7,0.728,21529
408,136,2020-06-01 09:00:00,0.728,0.728,0.71,0.715,10418
409,135,2020-06-01 09:30:00,0.715,0.73,0.6902,0.6916,76163
410,134,2020-06-01 10:00:00,0.7,0.7140000000000001,0.6999,0.709275,1097494
411,133,2020-06-01 10:30:00,0.71,0.71,0.7003,0.7048,435404
412,132,2020-06-01 11:00:00,0.7048,0.7290000000000001,0.7048,0.720059,901787
413,131,2020-06-01 11:30:00,0.7202,0.7218,0.7169,0.7179,328127
414,130,2020-06-01 12:00:00,0.7177,0.745,0.7105,0.7326,884053
415,129,2020-06-01 12:30:00,0.73265,0.7390000000000001,0.73265,0.7356,213020
416,128,2020-06-01 13:00:00,0.73555,0.743,0.7355,0.7411,338678
417,127,2020-06-01 13:30:00,0.741,0.769,0.741,0.754,681853
418,126,2020-06-01 14:00:00,0.7525,0.81,0.7525,0.8033,1864155
419,125,2020-06-01 14:30:00,0.8,0.85,0.79,0.8390000000000001,1724196
420,124,2020-06-01 15:00:00,0.8384,0.8399,0.77,0.774977,1221553
421,123,2020-06-01 15:30:00,0.776992,0.815,0.7757,0.8137840000000001,834176
422,122,2020-06-01 16:00:00,0.815,0.815,0.78,0.7979,962473
423,121,2020-06-01 16:30:00,0.79,0.84,0.79,0.8002,90631
424,120,2020-06-01 17:00:00,0.82,0.82,0.79,0.799,35840
425,119,2020-06-01 17:30:00,0.8016,0.82,0.799,0.8193,17778
426,118,2020-06-01 18:00:00,0.8198,0.82,0.8009999999999999,0.8170000000000001,29965
427,117,2020-06-01 18:30:00,0.8099,0.815,0.8029999999999999,0.8121,16289
428,116,2020-06-01 19:00:00,0.8005,0.8005,0.8,0.8,2600
429,115,2020-06-01 19:30:00,0.81,0.81,0.81,0.81,7503
430,114,2020-06-01 20:00:00,0.81,0.82,0.81,0.82,9592
431,113,2020-06-02 04:30:00,0.8122,0.8122,0.8122,0.8122,290
432,112,2020-06-02 05:00:00,0.8119,0.8119,0.8119,0.8119,100
433,111,2020-06-02 06:00:00,0.79,0.8119,0.79,0.8119,2200
434,110,2020-06-02 06:30:00,0.8119,0.8119,0.8119,0.8119,200
435,109,2020-06-02 07:00:00,0.8,0.812,0.8,0.8118,5590
436,108,2020-06-02 07:30:00,0.812,0.812,0.812,0.812,200
437,107,2020-06-02 08:00:00,0.8109999999999999,0.82,0.8109999999999999,0.82,2762
438,106,2020-06-02 08:30:00,0.7801,0.85,0.78,0.82,44881
439,105,2020-06-02 09:00:00,0.815,0.82,0.815,0.82,2967
440,104,2020-06-02 09:30:00,0.82,0.84,0.818,0.835,60480
441,103,2020-06-02 10:00:00,0.8441,0.91,0.8349,0.8625,2732757
442,102,2020-06-02 10:30:00,0.8625,0.87,0.84,0.8577,954052
443,101,2020-06-02 11:00:00,0.8568,0.86,0.84,0.8590000000000001,569680
444,100,2020-06-02 11:30:00,0.8521,0.8590000000000001,0.8420000000000001,0.855,236132
445,99,2020-06-02 12:00:00,0.852,0.8590000000000001,0.8401,0.8476,246827
446,98,2020-06-02 12:30:00,0.852801,0.853,0.83,0.8325,217862
447,97,2020-06-02 13:00:00,0.8325,0.84,0.82,0.84,495723
448,96,2020-06-02 13:30:00,0.84,0.858,0.8236,0.846,434198
449,95,2020-06-02 14:00:00,0.8440000000000001,0.8455,0.8302,0.8440000000000001,141954
450,94,2020-06-02 14:30:00,0.8431,0.8493,0.8220000000000001,0.8295,264101
451,93,2020-06-02 15:00:00,0.8296,0.8437,0.8296,0.83,305645
452,92,2020-06-02 15:30:00,0.83,0.8399,0.8184,0.8255,286865
453,91,2020-06-02 16:00:00,0.8223010000000001,0.8393,0.8223010000000001,0.8383,381235
454,90,2020-06-02 16:30:00,0.84,0.86,0.8170000000000001,0.856,165756
455,89,2020-06-02 17:00:00,0.831,0.846,0.8154,0.846,11165
456,88,2020-06-02 17:30:00,0.845,0.846,0.835,0.8455,5948
457,87,2020-06-02 18:00:00,0.846,0.846,0.835,0.8458,7027
458,86,2020-06-02 19:00:00,0.845,0.845,0.845,0.845,1190
459,85,2020-06-02 19:30:00,0.845,0.845,0.8420000000000001,0.845,5173
460,84,2020-06-02 20:00:00,0.841,0.846,0.841,0.846,11234
461,83,2020-06-03 07:30:00,0.85,0.8595,0.85,0.8595,350
462,82,2020-06-03 08:00:00,0.8595,0.8595,0.8595,0.8595,100
463,81,2020-06-03 08:30:00,0.8599,0.86,0.8590000000000001,0.86,13633
464,80,2020-06-03 09:00:00,0.86,0.87,0.85,0.863,58742
465,79,2020-06-03 09:30:00,0.8503,0.8740000000000001,0.8401,0.86,71542
466,78,2020-06-03 10:00:00,0.8689,0.88,0.85,0.8505010000000001,1256868
467,77,2020-06-03 10:30:00,0.855,0.87,0.85,0.863,413665
468,76,2020-06-03 11:00:00,0.86315,0.8673,0.85,0.8622,475688
469,75,2020-06-03 11:30:00,0.8611,0.88,0.855,0.8774,488510
470,74,2020-06-03 12:00:00,0.8764,0.899,0.8688,0.8869,758256
471,73,2020-06-03 12:30:00,0.886549,0.8869,0.8674,0.8674,393044
472,72,2020-06-03 13:00:00,0.8709,0.8727,0.86,0.8721,149465
473,71,2020-06-03 13:30:00,0.8721,0.885,0.8713,0.882501,231068
474,70,2020-06-03 14:00:00,0.8824,0.89,0.88,0.8836,147098
475,69,2020-06-03 14:30:00,0.8828,0.8836,0.87,0.8756010000000001,184918
476,68,2020-06-03 15:00:00,0.8741,0.88,0.8616,0.87,250914
477,67,2020-06-03 15:30:00,0.87,0.873,0.8622,0.87,289120
478,66,2020-06-03 16:00:00,0.8676,0.873,0.85,0.8601,493298
479,65,2020-06-03 16:30:00,0.88,0.88,0.8601,0.8602,41167
480,64,2020-06-03 17:00:00,0.863,0.88,0.8601,0.875,80780
481,63,2020-06-03 17:30:00,0.875,0.875,0.867,0.867,3082
482,62,2020-06-03 18:00:00,0.867,0.878,0.867,0.878,25618
483,61,2020-06-03 18:30:00,0.8779,0.8779,0.8779,0.8779,200
484,60,2020-06-03 19:00:00,0.8759999999999999,0.878,0.8759999999999999,0.878,8418
485,59,2020-06-03 19:30:00,0.8859999999999999,0.8949,0.8859999999999999,0.8949,22601
486,58,2020-06-03 20:00:00,0.889,0.895,0.884,0.884,18959
487,57,2020-06-04 07:30:00,0.8635,0.87,0.8635,0.87,2326
488,56,2020-06-04 08:00:00,0.8786,0.8786,0.8785,0.8785,1000
489,55,2020-06-04 08:30:00,0.8786,0.9,0.87,0.9,14019
490,54,2020-06-04 09:00:00,0.8706,0.89,0.87,0.89,12630
491,53,2020-06-04 09:30:00,0.8751,0.8999,0.8551,0.89,82370
492,52,2020-06-04 10:00:00,0.8635,0.88,0.8171,0.8315,1381748
493,51,2020-06-04 10:30:00,0.8315,0.85,0.828,0.8354,689053
494,50,2020-06-04 11:00:00,0.833,0.8497,0.83,0.8422,315498
495,49,2020-06-04 11:30:00,0.8422,0.8475,0.831,0.8355,193693
496,48,2020-06-04 12:00:00,0.8391,0.8640000000000001,0.83,0.8420000000000001,261796
497,47,2020-06-04 12:30:00,0.8420000000000001,0.8486,0.8320000000000001,0.848,238206
498,46,2020-06-04 13:00:00,0.8415,0.845,0.83,0.835,270672
499,45,2020-06-04 13:30:00,0.8348,0.85,0.8320000000000001,0.85,340242
500,44,2020-06-04 14:00:00,0.85,0.85,0.83,0.83501,478384
501,43,2020-06-04 14:30:00,0.835101,0.86,0.835,0.8521,509330
502,42,2020-06-04 15:00:00,0.8442,0.8521,0.835,0.841,227106
503,41,2020-06-04 15:30:00,0.841,0.8491,0.8314,0.8392,204120
504,40,2020-06-04 16:00:00,0.8392,0.8471,0.8302,0.8385,358032
505,39,2020-06-04 16:30:00,0.8495,0.89,0.8341,0.8355,777719
506,38,2020-06-04 17:00:00,0.8356,0.87,0.83,0.8590000000000001,42611
507,37,2020-06-04 17:30:00,0.8437,0.8596,0.84,0.845,24037
508,36,2020-06-04 18:00:00,0.8585,0.86,0.845,0.8577,8510
509,35,2020-06-04 18:30:00,0.8454,0.85,0.8454,0.85,710
510,34,2020-06-04 19:00:00,0.85,0.85,0.8454,0.8454,1945
511,33,2020-06-04 19:30:00,0.8490000000000001,0.85,0.8454,0.8497,2300
512,32,2020-06-04 20:00:00,0.8497,0.86,0.8497,0.86,10150
513,31,2020-06-05 04:30:00,0.84,0.87,0.84,0.87,300
514,30,2020-06-05 05:00:00,0.88,0.91,0.88,0.91,3452
515,29,2020-06-05 05:30:00,0.9101,0.97,0.9101,0.95,5837
516,28,2020-06-05 06:00:00,0.95,0.95,0.92,0.92,2792
517,27,2020-06-05 06:30:00,0.9101,0.9101,0.91,0.91,634
518,26,2020-06-05 07:00:00,0.9196,0.92,0.9196,0.92,4500
519,25,2020-06-05 07:30:00,0.92,0.93,0.89,0.93,46109
520,24,2020-06-05 08:00:00,0.93,0.93,0.9,0.925,14837
521,23,2020-06-05 08:30:00,0.9,0.97,0.89,0.97,329114
522,22,2020-06-05 09:00:00,0.96,1.05,0.95,1.02,450277
523,21,2020-06-05 09:30:00,1.03,1.08,1.0,1.05,559883
524,20,2020-06-05 10:00:00,0.9995,1.19,0.9275,1.1618,9568778
525,19,2020-06-05 10:30:00,1.1666,1.27,1.12,1.161,8448163
526,18,2020-06-05 11:00:00,1.16,1.18,1.05,1.1426,3065977
527,17,2020-06-05 11:30:00,1.1413,1.18,1.12,1.175,1585016
528,16,2020-06-05 12:00:00,1.18,1.24,1.14,1.1906,2892705
529,15,2020-06-05 12:30:00,1.1913,1.22,1.14,1.1945,2105142
530,14,2020-06-05 13:00:00,1.19,1.2,1.16,1.17,1263239
531,13,2020-06-05 13:30:00,1.1699,1.23,1.16,1.2013,1429220
532,12,2020-06-05 14:00:00,1.2035,1.24,1.2,1.2377,1615956
533,11,2020-06-05 14:30:00,1.23,1.25,1.21,1.2265,1558989
534,10,2020-06-05 15:00:00,1.2249,1.33,1.22,1.24,4089086
535,9,2020-06-05 15:30:00,1.2313,1.3,1.23,1.3,2051527
536,8,2020-06-05 16:00:00,1.3,1.41,1.28,1.38,4995385
537,7,2020-06-05 16:30:00,1.42,1.45,1.21,1.29,765985
538,6,2020-06-05 17:00:00,1.31,1.34,1.27,1.34,123699
539,5,2020-06-05 17:30:00,1.32,1.38,1.32,1.37,82568
540,4,2020-06-05 18:00:00,1.37,1.4,1.35,1.38,121602
541,3,2020-06-05 18:30:00,1.39,1.39,1.35,1.37,22977
542,2,2020-06-05 19:00:00,1.38,1.38,1.34,1.35,13768
543,1,2020-06-05 19:30:00,1.36,1.4,1.36,1.37,71627
544,0,2020-06-05 20:00:00,1.37,1.4101,1.36,1.4101,101583
