,index,time,open,high,low,close,volume
0,581,2020-09-08 04:30:00,39.0,39.21,39.0,39.21,7314
1,580,2020-09-08 05:00:00,39.2,39.31,39.15,39.3,7452
2,579,2020-09-08 05:30:00,39.25,39.25,39.16,39.16,500
3,578,2020-09-08 06:00:00,39.16,39.16,39.12,39.12,590
4,577,2020-09-08 06:30:00,39.16,39.16,39.02,39.02,1951
5,576,2020-09-08 07:00:00,39.18,39.18,38.83,38.9,1630
6,575,2020-09-08 07:30:00,39.0,39.0,38.6,38.63,26926
7,574,2020-09-08 08:00:00,38.66,38.69,38.5,38.55,31269
8,573,2020-09-08 08:30:00,38.6501,39.0,38.3212,38.3212,65064
9,572,2020-09-08 09:00:00,38.34,38.35,38.17,38.188,85743
10,571,2020-09-08 09:30:00,38.18,38.32,38.07,38.16,77030
11,570,2020-09-08 10:00:00,38.25,38.61,37.3984,37.5,8017591
12,569,2020-09-08 10:30:00,37.5,37.66,37.4,37.565,3579234
13,568,2020-09-08 11:00:00,37.57,37.7,37.4,37.41,2977893
14,567,2020-09-08 11:30:00,37.41,38.03,37.35,37.993,3707029
15,566,2020-09-08 12:00:00,37.99,38.12,37.79,37.8582,2300023
16,565,2020-09-08 12:30:00,37.86,38.34,37.845,38.305,1670734
17,564,2020-09-08 13:00:00,38.31,38.465,38.255,38.455,1283938
18,563,2020-09-08 13:30:00,38.455,38.62,38.415,38.545,1533869
19,562,2020-09-08 14:00:00,38.545,38.68,38.42,38.515,1415548
20,561,2020-09-08 14:30:00,38.52,38.63,38.28,38.39,1316881
21,560,2020-09-08 15:00:00,38.385,38.385,38.12,38.32,1367612
22,559,2020-09-08 15:30:00,38.32,38.34,38.08,38.325,1553343
23,558,2020-09-08 16:00:00,38.325,38.39,38.14,38.18,3600924
24,557,2020-09-08 16:30:00,38.24,38.24,38.1,38.12,333650
25,556,2020-09-08 17:00:00,38.11,38.16,38.1,38.16,15827
26,555,2020-09-08 17:30:00,38.06,38.18,38.02,38.11,35667
27,554,2020-09-08 18:00:00,38.03,38.1,37.82,37.85,16753
28,553,2020-09-08 18:30:00,38.0,38.0,37.8,37.87,5366
29,552,2020-09-08 19:00:00,37.9,37.9,37.78,37.78,4689
30,551,2020-09-08 19:30:00,37.8,37.9,37.8,37.8,5937
31,550,2020-09-08 20:00:00,37.89,38.0,37.8,37.82,2729
32,549,2020-09-09 04:30:00,38.18,38.65,38.18,38.51,3321
33,548,2020-09-09 05:00:00,38.55,38.56,38.5,38.5,4840
34,547,2020-09-09 05:30:00,38.5,38.5,38.5,38.5,500
35,546,2020-09-09 06:00:00,38.54,38.7,38.54,38.62,600
36,545,2020-09-09 06:30:00,38.55,38.62,38.55,38.62,320
37,544,2020-09-09 07:00:00,38.63,38.63,38.47,38.47,5142
38,543,2020-09-09 07:30:00,38.22,38.5,38.1,38.3,33926
39,542,2020-09-09 08:00:00,38.25,38.43,38.23,38.43,7463
40,541,2020-09-09 08:30:00,38.31,38.5,38.22,38.43,31659
41,540,2020-09-09 09:00:00,38.38,38.5697,38.3101,38.53,25438
42,539,2020-09-09 09:30:00,38.51,38.6,38.03,38.25,69004
43,538,2020-09-09 10:00:00,38.35,38.84,38.3,38.66,3153013
44,537,2020-09-09 10:30:00,38.665,38.69,38.27,38.27,1545985
45,536,2020-09-09 11:00:00,38.27,38.39,38.0501,38.18,1748654
46,535,2020-09-09 11:30:00,38.18,38.2988,38.135,38.2736,1740521
47,534,2020-09-09 12:00:00,38.275,38.435,38.14,38.15,1112441
48,533,2020-09-09 12:30:00,38.15,38.2,38.025,38.09,1297318
49,532,2020-09-09 13:00:00,38.09,38.2,37.92,37.965,1538746
50,531,2020-09-09 13:30:00,37.97,38.3,37.95,38.27,1287246
51,530,2020-09-09 14:00:00,38.265,38.35,38.15,38.195,1213437
52,529,2020-09-09 14:30:00,38.2,38.28,38.0839,38.095,1080080
53,528,2020-09-09 15:00:00,38.1,38.29,38.095,38.225,1248335
54,527,2020-09-09 15:30:00,38.225,38.32,38.125,38.155,1292673
55,526,2020-09-09 16:00:00,38.155,38.18,37.94,37.9641,3928527
56,525,2020-09-09 16:30:00,37.94,38.16,37.93,38.12,1498436
57,524,2020-09-09 17:00:00,38.1,38.1,37.97,37.97,113810
58,523,2020-09-09 17:30:00,38.0,38.0,37.97,38.0,84160
59,522,2020-09-09 18:00:00,37.9999,38.03,37.95,38.03,4011
60,521,2020-09-09 18:30:00,38.01,38.03,38.01,38.01,1021
61,520,2020-09-09 19:00:00,38.07,38.07,38.02,38.02,287
62,519,2020-09-09 19:30:00,38.03,38.07,38.03,38.03,2803
63,518,2020-09-09 20:00:00,38.03,38.07,38.03,38.07,1940
64,517,2020-09-10 04:30:00,37.95,37.95,37.95,37.95,700
65,516,2020-09-10 06:00:00,37.97,37.97,37.95,37.95,700
66,515,2020-09-10 07:00:00,37.9,37.9,37.9,37.9,400
67,514,2020-09-10 07:30:00,37.95,38.0,37.87,37.88,52705
68,513,2020-09-10 08:00:00,37.87,37.89,37.87,37.89,1365
69,512,2020-09-10 08:30:00,37.9299,38.05,37.78,37.97,44501
70,511,2020-09-10 09:00:00,38.03,38.06,37.89,38.05,36962
71,510,2020-09-10 09:30:00,37.96,38.45,37.95,38.33,168017
72,509,2020-09-10 10:00:00,38.27,38.37,38.02,38.065,5213117
73,508,2020-09-10 10:30:00,38.065,38.125,37.82,37.87,3299132
74,507,2020-09-10 11:00:00,37.8667,37.955,37.75,37.79,1677719
75,506,2020-09-10 11:30:00,37.79,37.8885,37.69,37.875,1778904
76,505,2020-09-10 12:00:00,37.87,37.92,37.66,37.6767,1365516
77,504,2020-09-10 12:30:00,37.67,37.79,37.55,37.615,1343821
78,503,2020-09-10 13:00:00,37.615,37.6152,37.32,37.44,1931752
79,502,2020-09-10 13:30:00,37.445,37.6,37.41,37.425,1258287
80,501,2020-09-10 14:00:00,37.43,37.47,37.28,37.345,1347805
81,500,2020-09-10 14:30:00,37.34,37.43,37.18,37.19,1886989
82,499,2020-09-10 15:00:00,37.19,37.29,37.08,37.17,2167343
83,498,2020-09-10 15:30:00,37.17,37.215,36.9,37.0352,2813078
84,497,2020-09-10 16:00:00,37.032,37.1,36.905,37.0,4306234
85,496,2020-09-10 16:30:00,37.03,37.07,36.99,37.07,1516918
86,495,2020-09-10 17:00:00,37.07,37.08,37.0,37.08,26022
87,494,2020-09-10 17:30:00,37.06,37.07,37.05,37.05,3687
88,493,2020-09-10 18:00:00,37.04,37.09,37.03,37.09,1982
89,492,2020-09-10 18:30:00,37.08,37.12,37.08,37.1,5310
90,491,2020-09-10 19:00:00,37.12,37.13,37.1,37.11,3024
91,490,2020-09-10 19:30:00,37.15,37.15,37.1,37.15,2002
92,489,2020-09-10 20:00:00,37.1499,37.21,37.1,37.1,9557
93,488,2020-09-11 05:00:00,37.22,37.22,37.22,37.22,172
94,487,2020-09-11 05:30:00,37.4,37.4,37.4,37.4,200
95,486,2020-09-11 06:00:00,37.35,37.39,37.35,37.39,1446
96,485,2020-09-11 06:30:00,37.24,37.24,37.24,37.24,200
97,484,2020-09-11 07:00:00,37.3,37.3,37.3,37.3,200
98,483,2020-09-11 07:30:00,37.33,37.33,37.18,37.27,7755
99,482,2020-09-11 08:00:00,37.21,37.25,37.2,37.2,6704
100,481,2020-09-11 08:30:00,37.2601,37.3299,37.15,37.18,26073
101,480,2020-09-11 09:00:00,37.17,37.24,37.11,37.1499,21810
102,479,2020-09-11 09:30:00,37.12,37.2,37.05,37.1299,18187
103,478,2020-09-11 10:00:00,37.125,37.125,36.745,36.81,3946497
104,477,2020-09-11 10:30:00,36.81,37.165,36.77,37.16,3518988
105,476,2020-09-11 11:00:00,37.16,37.28,37.02,37.1699,1731102
106,475,2020-09-11 11:30:00,37.16,37.31,37.07,37.165,1187960
107,474,2020-09-11 12:00:00,37.16,37.18,36.93,37.035,1367243
108,473,2020-09-11 12:30:00,37.035,37.12,36.95,36.95,1079973
109,472,2020-09-11 13:00:00,36.95,36.97,36.82,36.825,1308123
110,471,2020-09-11 13:30:00,36.835,36.8551,36.63,36.635,1611153
111,470,2020-09-11 14:00:00,36.6318,36.64,36.49,36.56,1673110
112,469,2020-09-11 14:30:00,36.56,36.78,36.55,36.72,1158946
113,468,2020-09-11 15:00:00,36.72,36.9062,36.715,36.87,1467117
114,467,2020-09-11 15:30:00,36.87,36.95,36.73,36.927,1621889
115,466,2020-09-11 16:00:00,36.92,36.95,36.8,36.899,3323772
116,465,2020-09-11 16:30:00,36.9,36.91,36.84,36.91,317945
117,464,2020-09-11 17:00:00,36.9,36.9,36.8,36.8,68456
118,463,2020-09-11 17:30:00,36.8,36.91,36.7998,36.91,5967
119,462,2020-09-11 18:00:00,36.9,36.9,36.81,36.81,1453
120,461,2020-09-11 18:30:00,36.89,36.9,36.89,36.9,4278
121,460,2020-09-11 19:00:00,36.87,36.9,36.84,36.84,8634
122,459,2020-09-11 19:30:00,36.86,36.86,36.86,36.86,900
123,458,2020-09-11 20:00:00,36.88,36.89,36.82,36.86,3256
124,457,2020-09-14 04:30:00,37.53,37.53,37.2,37.2,1159
125,456,2020-09-14 05:00:00,37.17,37.17,37.0,37.02,5405
126,455,2020-09-14 05:30:00,36.98,37.01,36.98,37.01,508
127,454,2020-09-14 06:00:00,37.0,37.0,36.95,36.95,691
128,453,2020-09-14 06:30:00,36.95,36.95,36.95,36.95,181
129,452,2020-09-14 07:00:00,37.0,37.24,37.0,37.14,4924
130,451,2020-09-14 07:30:00,37.0,37.1,37.0,37.05,4881
131,450,2020-09-14 08:00:00,37.03,37.07,37.0,37.02,8060
132,449,2020-09-14 08:30:00,37.06,37.07,37.0,37.01,13362
133,448,2020-09-14 09:00:00,37.04,37.09,37.0,37.0801,14498
134,447,2020-09-14 09:30:00,37.08,37.09,36.77,36.78,48011
135,446,2020-09-14 10:00:00,36.91,36.91,36.49,36.75,3681392
136,445,2020-09-14 10:30:00,36.75,36.8378,36.63,36.74,1659130
137,444,2020-09-14 11:00:00,36.73,36.8,36.615,36.62,1389267
138,443,2020-09-14 11:30:00,36.63,36.75,36.58,36.693000000000005,1697745
139,442,2020-09-14 12:00:00,36.69,36.9,36.68,36.7651,2030667
140,441,2020-09-14 12:30:00,36.76,36.9799,36.76,36.95,1192846
141,440,2020-09-14 13:00:00,36.9529,37.01,36.91,36.93,1265321
142,439,2020-09-14 13:30:00,36.9318,37.005,36.865,36.94,1117187
143,438,2020-09-14 14:00:00,36.95,36.96,36.86,36.915,1029239
144,437,2020-09-14 14:30:00,36.9141,36.965,36.88,36.9,987210
145,436,2020-09-14 15:00:00,36.91,36.96,36.82,36.88,1138616
146,435,2020-09-14 15:30:00,36.89,36.9,36.67,36.76,1378684
147,434,2020-09-14 16:00:00,36.77,36.81,36.65,36.65,5439971
148,433,2020-09-14 16:30:00,36.68,36.7599,36.63,36.74,545724
149,432,2020-09-14 17:00:00,36.73,36.74,36.68,36.72,7834
150,431,2020-09-14 17:30:00,36.7,36.71,36.68,36.71,1454
151,430,2020-09-14 18:00:00,36.71,36.73,36.67,36.67,3173
152,429,2020-09-14 18:30:00,36.71,36.71,36.7,36.7,3200
153,428,2020-09-14 19:00:00,36.73,36.74,36.7,36.74,3461
154,427,2020-09-14 19:30:00,36.7499,36.75,36.7,36.75,1335
155,426,2020-09-14 20:00:00,36.76,36.76,36.68,36.76,6271
156,425,2020-09-15 04:30:00,36.77,36.85,36.77,36.85,500
157,424,2020-09-15 05:00:00,36.9,36.9,36.9,36.9,300
158,423,2020-09-15 05:30:00,36.9,37.09,36.88,36.95,2325
159,422,2020-09-15 06:00:00,37.07,37.07,37.07,37.07,400
160,421,2020-09-15 06:30:00,37.14,37.14,37.1,37.1,1199
161,420,2020-09-15 07:00:00,37.1,37.1,37.07,37.09,4632
162,419,2020-09-15 07:30:00,37.07,37.1,36.96,36.97,10603
163,418,2020-09-15 08:00:00,37.0,37.06,37.0,37.0,3091
164,417,2020-09-15 08:30:00,36.99,37.1,36.91,36.97,14565
165,416,2020-09-15 09:00:00,36.97,36.99,36.9101,36.98,23313
166,415,2020-09-15 09:30:00,36.95,36.96,36.79,36.8,32619
167,414,2020-09-15 10:00:00,36.8,37.3792,36.75,36.8,3066563
168,413,2020-09-15 10:30:00,36.79,36.9173,36.68,36.85,1586381
169,412,2020-09-15 11:00:00,36.85,37.11,36.8029,36.9916,1686326
170,411,2020-09-15 11:30:00,36.995,37.085,36.875,36.92,1098608
171,410,2020-09-15 12:00:00,36.92,36.985,36.78,36.785,1170131
172,409,2020-09-15 12:30:00,36.785,36.88,36.75,36.795,985048
173,408,2020-09-15 13:00:00,36.795,36.82,36.705,36.75,925231
174,407,2020-09-15 13:30:00,36.75,36.795,36.69,36.695,755627
175,406,2020-09-15 14:00:00,36.69,36.91,36.64,36.665,1019902
176,405,2020-09-15 14:30:00,36.665,36.67,36.52,36.53,1046548
177,404,2020-09-15 15:00:00,36.53,36.62,36.49,36.5307,1244236
178,403,2020-09-15 15:30:00,36.535,36.54,36.31,36.34,1691638
179,402,2020-09-15 16:00:00,36.34,36.34,36.21,36.27,3919226
180,401,2020-09-15 16:30:00,36.32,36.36,36.27,36.29,714917
181,400,2020-09-15 17:00:00,36.34,36.35,36.28,36.3398,54213
182,399,2020-09-15 17:30:00,36.34,36.35,36.33,36.33,7007
183,398,2020-09-15 18:00:00,36.35,36.35,36.27,36.33,10209
184,397,2020-09-15 18:30:00,36.31,36.33,36.28,36.32,10232
185,396,2020-09-15 19:00:00,36.31,36.35,36.29,36.32,3053
186,395,2020-09-15 19:30:00,36.28,36.35,36.21,36.22,14995
187,394,2020-09-15 20:00:00,36.22,36.28,36.2,36.28,7312
188,393,2020-09-16 04:30:00,36.59,36.8,36.44,36.79,2096
189,392,2020-09-16 05:30:00,36.64,36.68,36.64,36.64,1467
190,391,2020-09-16 06:00:00,36.7,36.75,36.64,36.75,1196
191,390,2020-09-16 06:30:00,36.7,36.7,36.67,36.69,530
192,389,2020-09-16 07:00:00,36.63,36.67,36.58,36.67,2041
193,388,2020-09-16 07:30:00,36.6,36.68,36.45,36.49,23356
194,387,2020-09-16 08:00:00,36.48,36.49,36.41,36.48,7353
195,386,2020-09-16 08:30:00,36.5,36.59,36.43,36.5,26485
196,385,2020-09-16 09:00:00,36.49,36.5,36.43,36.43,12339
197,384,2020-09-16 09:30:00,36.43,36.54,36.41,36.42,40531
198,383,2020-09-16 10:00:00,36.46,36.6,36.27,36.405,2790568
199,382,2020-09-16 10:30:00,36.39,36.9,36.38,36.81,1749829
200,381,2020-09-16 11:00:00,36.81,37.09,36.7,37.0624,1605477
201,380,2020-09-16 11:30:00,37.0684,37.325,37.065,37.313,1693859
202,379,2020-09-16 12:00:00,37.32,37.63,37.22,37.63,1796808
203,378,2020-09-16 12:30:00,37.62,37.68,37.45,37.643,1513186
204,377,2020-09-16 13:00:00,37.645,37.73,37.57,37.59,1173938
205,376,2020-09-16 13:30:00,37.59,37.78,37.525,37.6,1357440
206,375,2020-09-16 14:00:00,37.6,37.69,37.55,37.58,985902
207,374,2020-09-16 14:30:00,37.59,37.88,37.58,37.835,1553441
208,373,2020-09-16 15:00:00,37.835,38.15,37.79,38.1,2415706
209,372,2020-09-16 15:30:00,38.1,38.15,37.6,37.75,2390279
210,371,2020-09-16 16:00:00,37.75,37.93,37.7,37.81,3895255
211,370,2020-09-16 16:30:00,37.65,37.96,36.8163,37.93,796416
212,369,2020-09-16 17:00:00,37.85,37.89,37.75,37.82,76426
213,368,2020-09-16 17:30:00,37.86,37.95,37.84,37.9,3462
214,367,2020-09-16 18:00:00,37.9,37.98,37.84,37.98,1721
215,366,2020-09-16 18:30:00,37.85,38.0,37.85,38.0,1010
216,365,2020-09-16 19:00:00,37.95,38.0,37.88,37.95,9043
217,364,2020-09-16 19:30:00,38.0,38.0,37.95,38.0,3115
218,363,2020-09-16 20:00:00,37.99,38.0,37.86,37.98,11322
219,362,2020-09-17 04:30:00,37.38,37.6,37.31,37.55,1222
220,361,2020-09-17 05:00:00,37.55,37.55,37.43,37.43,275
221,360,2020-09-17 06:00:00,37.5,37.5,37.5,37.5,263
222,359,2020-09-17 06:30:00,37.5,37.5,37.5,37.5,1350
223,358,2020-09-17 07:30:00,37.5,37.64,37.41,37.63,10831
224,357,2020-09-17 08:00:00,37.7,37.7,37.6,37.6,1681
225,356,2020-09-17 08:30:00,37.45,37.64,37.36,37.46,28230
226,355,2020-09-17 09:00:00,37.3805,37.46,37.15,37.17,18391
227,354,2020-09-17 09:30:00,37.16,37.37,37.1,37.3,38210
228,353,2020-09-17 10:00:00,37.35,37.37,36.97,37.245,3603584
229,352,2020-09-17 10:30:00,37.2405,37.98,37.1976,37.8128,2053479
230,351,2020-09-17 11:00:00,37.8101,37.85,37.53,37.575,1185294
231,350,2020-09-17 11:30:00,37.58,37.7,37.5101,37.525,1051313
232,349,2020-09-17 12:00:00,37.52,37.57,37.4,37.4435,1151765
233,348,2020-09-17 12:30:00,37.44,37.5,37.2302,37.335,894019
234,347,2020-09-17 13:00:00,37.335,37.595,37.295,37.585,859777
235,346,2020-09-17 13:30:00,37.59,37.59,37.41,37.41,714141
236,345,2020-09-17 14:00:00,37.41,37.475,37.335,37.345,712022
237,344,2020-09-17 14:30:00,37.35,37.51,37.335,37.395,805510
238,343,2020-09-17 15:00:00,37.395,37.59,37.365,37.56,1063173
239,342,2020-09-17 15:30:00,37.57,37.57,37.37,37.53,1264453
240,341,2020-09-17 16:00:00,37.525,37.81,37.45,37.79,3859948
241,340,2020-09-17 16:30:00,37.76,37.88,37.64,37.8,1407448
242,339,2020-09-17 17:00:00,37.82,37.89,37.75,37.84,170726
243,338,2020-09-17 17:30:00,37.85,37.89,37.83,37.89,3960
244,337,2020-09-17 18:00:00,37.89,37.89,37.84,37.88,1825
245,336,2020-09-17 18:30:00,37.9,37.95,37.85,37.9,5086
246,335,2020-09-17 19:00:00,37.9,37.97,37.9,37.9,1643
247,334,2020-09-17 19:30:00,37.9,37.95,37.9,37.9,3714
248,333,2020-09-17 20:00:00,37.9,37.91,37.85,37.85,6270
249,332,2020-09-18 05:30:00,37.9,37.93,37.9,37.93,571
250,331,2020-09-18 06:00:00,37.95,37.99,37.95,37.96,610
251,330,2020-09-18 06:30:00,37.98,37.98,37.98,37.98,200
252,329,2020-09-18 07:30:00,37.91,37.99,37.89,37.9,2025
253,328,2020-09-18 08:00:00,37.86,37.86,37.75,37.75,1454
254,327,2020-09-18 08:30:00,37.89,37.96,37.63,37.7,15940
255,326,2020-09-18 09:00:00,37.7,37.88,37.64,37.7731,3319
256,325,2020-09-18 09:30:00,37.8801,37.9,37.5,37.5,21936
257,324,2020-09-18 10:00:00,37.53,37.8235,37.01,37.05,9997705
258,323,2020-09-18 10:30:00,37.06,37.5678,37.03,37.51,1811532
259,322,2020-09-18 11:00:00,37.52,37.52,37.12,37.14,1529830
260,321,2020-09-18 11:30:00,37.14,37.38,37.13,37.255,1378073
261,320,2020-09-18 12:00:00,37.255,37.32,37.14,37.1586,952386
262,319,2020-09-18 12:30:00,37.15,37.17,37.04,37.07,918557
263,318,2020-09-18 13:00:00,37.0713,37.16,37.01,37.0301,1023701
264,317,2020-09-18 13:30:00,37.037,37.1316,36.895,36.9,1293040
265,316,2020-09-18 14:00:00,36.905,36.905,36.7,36.83,1559088
266,315,2020-09-18 14:30:00,36.835,36.91,36.72,36.8634,947706
267,314,2020-09-18 15:00:00,36.86,36.92,36.75,36.82,1012230
268,313,2020-09-18 15:30:00,36.82,37.02,36.7923,37.005,1497131
269,312,2020-09-18 16:00:00,37.0099,37.37,36.9533,37.18,6394622
270,311,2020-09-18 16:30:00,37.2809,37.2809,37.0,37.1,4648938
271,310,2020-09-18 17:00:00,37.1,37.192789000000005,37.0085,37.09,175425
272,309,2020-09-18 17:30:00,37.09,37.19,37.08,37.19,5870
273,308,2020-09-18 18:00:00,37.09,37.09,37.05,37.05,3747
274,307,2020-09-18 18:30:00,37.05,37.09,37.05,37.09,8205
275,306,2020-09-18 19:00:00,37.13,37.14,37.05,37.05,335
276,305,2020-09-18 19:30:00,37.13,37.14,37.13,37.14,1203
277,304,2020-09-18 20:00:00,37.08,37.14,37.08,37.12,2840
278,303,2020-09-21 04:30:00,36.86,36.86,36.48,36.48,1760
279,302,2020-09-21 05:30:00,36.6,36.6,36.6,36.6,200
280,301,2020-09-21 07:00:00,36.42,36.48,36.39,36.39,6204
281,300,2020-09-21 07:30:00,36.39,36.48,36.25,36.47,26413
282,299,2020-09-21 08:00:00,36.41,36.54,36.41,36.48,8271
283,298,2020-09-21 08:30:00,36.3,36.55,36.27,36.4,65380
284,297,2020-09-21 09:00:00,36.4,36.46,36.27,36.3,38613
285,296,2020-09-21 09:30:00,36.35,36.51,36.32,36.45,92736
286,295,2020-09-21 10:00:00,36.43,36.71,35.85,36.085,4893135
287,294,2020-09-21 10:30:00,36.085,36.12,35.76,35.91,2709527
288,293,2020-09-21 11:00:00,35.915,36.07,35.775,35.83,2151935
289,292,2020-09-21 11:30:00,35.83,35.89,35.68,35.86,2083190
290,291,2020-09-21 12:00:00,35.85,36.275,35.85,36.105,2631932
291,290,2020-09-21 12:30:00,36.1,36.29,36.05,36.06,1526248
292,289,2020-09-21 13:00:00,36.06,36.119,35.965,36.01,1346866
293,288,2020-09-21 13:30:00,36.015,36.18,35.94,36.1419,1915332
294,287,2020-09-21 14:00:00,36.1404,36.17,35.96,35.97,1344340
295,286,2020-09-21 14:30:00,35.96,35.98,35.79,35.85,1617405
296,285,2020-09-21 15:00:00,35.85,35.995,35.79,35.98,1855863
297,284,2020-09-21 15:30:00,35.97,36.34,35.96,36.27,2003466
298,283,2020-09-21 16:00:00,36.275,36.44,36.09,36.43,4684281
299,282,2020-09-21 16:30:00,36.4,36.49,36.4,36.4302,844971
300,281,2020-09-21 17:00:00,36.46,36.5,36.34,36.5,7118
301,280,2020-09-21 17:30:00,36.49,36.49,36.34,36.35,2194
302,279,2020-09-21 18:00:00,36.48,36.48,36.37,36.4301,1112
303,278,2020-09-21 18:30:00,36.43,36.47,36.43,36.43,2441
304,277,2020-09-21 19:00:00,36.43,36.5,36.37,36.48,6646
305,276,2020-09-21 19:30:00,36.5,36.5,36.45,36.45,748
306,275,2020-09-21 20:00:00,36.49,36.59,36.49,36.55,6770
307,274,2020-09-22 05:00:00,36.61,36.61,36.61,36.61,200
308,273,2020-09-22 06:00:00,36.65,36.69,36.6,36.69,1039
309,272,2020-09-22 07:00:00,36.7,36.79,36.65,36.79,1600
310,271,2020-09-22 07:30:00,36.63,36.63,36.45,36.56,3578
311,270,2020-09-22 08:00:00,36.58,36.6,36.45,36.5,3350
312,269,2020-09-22 08:30:00,36.6,36.6,36.3187,36.42,21701
313,268,2020-09-22 09:00:00,36.4993,36.4993,36.42,36.42,4535
314,267,2020-09-22 09:30:00,36.45,36.6,36.31,36.45,34945
315,266,2020-09-22 10:00:00,36.46,36.84,36.36,36.39,3500758
316,265,2020-09-22 10:30:00,36.39,36.52,36.28,36.515,1445562
317,264,2020-09-22 11:00:00,36.51,36.6,36.09,36.1,1333077
318,263,2020-09-22 11:30:00,36.11,36.3,36.08,36.245,1074649
319,262,2020-09-22 12:00:00,36.25,36.2667,36.111999999999995,36.17,932251
320,261,2020-09-22 12:30:00,36.17,36.23,36.02,36.025,1076900
321,260,2020-09-22 13:00:00,36.02,36.03,35.77,35.835,1323295
322,259,2020-09-22 13:30:00,35.833,35.855,35.74,35.8484,1646804
323,258,2020-09-22 14:00:00,35.84,35.85,35.75,35.7784,1390108
324,257,2020-09-22 14:30:00,35.78,35.95,35.76,35.85,1298284
325,256,2020-09-22 15:00:00,35.85,35.8941,35.71,35.71,1565744
326,255,2020-09-22 15:30:00,35.72,35.76,35.64,35.76,2063354
327,254,2020-09-22 16:00:00,35.75,35.755,35.47,35.54,5633277
328,253,2020-09-22 16:30:00,35.51,35.65,35.51,35.6,799818
329,252,2020-09-22 17:00:00,35.58,35.58,35.54,35.58,6229
330,251,2020-09-22 17:30:00,35.58,35.61,35.54,35.61,11324
331,250,2020-09-22 18:00:00,35.6,35.64,35.53,35.64,11564
332,249,2020-09-22 18:30:00,35.64,35.64,35.55,35.56,6441
333,248,2020-09-22 19:00:00,35.6,35.64,35.56,35.56,2760
334,247,2020-09-22 19:30:00,35.54,35.59,35.53,35.55,6198
335,246,2020-09-22 20:00:00,35.62,35.64,35.57,35.64,3614
336,245,2020-09-23 04:30:00,35.7,35.71,35.7,35.71,800
337,244,2020-09-23 05:00:00,35.82,35.82,35.82,35.82,100
338,243,2020-09-23 05:30:00,35.86,35.86,35.8,35.8,713
339,242,2020-09-23 06:30:00,35.81,35.81,35.72,35.72,772
340,241,2020-09-23 07:00:00,35.85,35.85,35.85,35.85,200
341,240,2020-09-23 07:30:00,35.81,35.81,35.71,35.73,4404
342,239,2020-09-23 08:00:00,35.78,35.82,35.76,35.79,6540
343,238,2020-09-23 08:30:00,35.7642,35.8499,35.71,35.72,58077
344,237,2020-09-23 09:00:00,35.78,35.85,35.7,35.7,19751
345,236,2020-09-23 09:30:00,35.74,35.74,35.5,35.52,34707
346,235,2020-09-23 10:00:00,35.65,35.79,35.2,35.215,3666029
347,234,2020-09-23 10:30:00,35.215,35.23,34.86,35.085,2953294
348,233,2020-09-23 11:00:00,35.085,35.1877,34.86,35.0596,2023127
349,232,2020-09-23 11:30:00,35.0577,35.2,34.97,34.999,1470430
350,231,2020-09-23 12:00:00,34.99,35.09,34.92,34.98,1395229
351,230,2020-09-23 12:30:00,34.97,35.1,34.93,35.075,979274
352,229,2020-09-23 13:00:00,35.075,35.195,34.955,34.994,1429612
353,228,2020-09-23 13:30:00,34.995,35.07,34.935,34.953,1107166
354,227,2020-09-23 14:00:00,34.96,35.06,34.91,35.02,1419348
355,226,2020-09-23 14:30:00,35.02,35.02,34.7,34.8,1878569
356,225,2020-09-23 15:00:00,34.8,34.82,34.56,34.57,2053163
357,224,2020-09-23 15:30:00,34.57,34.66,34.48,34.63,2676204
358,223,2020-09-23 16:00:00,34.625,34.66,34.35,34.4,5303850
359,222,2020-09-23 16:30:00,34.4,34.65,34.39,34.57,288421
360,221,2020-09-23 17:00:00,34.56,34.61,34.56,34.56,14826
361,220,2020-09-23 17:30:00,34.56,34.6,34.56,34.56,11430
362,219,2020-09-23 18:00:00,34.56,34.75,34.56,34.61,13007
363,218,2020-09-23 18:30:00,34.61,34.65,34.56,34.56,4855
364,217,2020-09-23 19:00:00,34.64,34.68,34.56,34.68,4308
365,216,2020-09-23 19:30:00,34.68,34.69,34.51,34.51,4687
366,215,2020-09-23 20:00:00,34.5,34.55,34.5,34.5,14611
367,214,2020-09-24 05:00:00,34.4,34.4,34.4,34.4,200
368,213,2020-09-24 06:00:00,34.4,34.4,34.32,34.32,200
369,212,2020-09-24 06:30:00,34.49,34.5,34.49,34.5,471
370,211,2020-09-24 07:30:00,34.61,34.63,34.52,34.62,9176
371,210,2020-09-24 08:00:00,34.62,34.63,34.54,34.58,9957
372,209,2020-09-24 08:30:00,34.5399,34.6999,34.5001,34.62,39456
373,208,2020-09-24 09:00:00,34.56,34.59,34.35,34.43,28978
374,207,2020-09-24 09:30:00,34.42,34.49,34.25,34.39,52042
375,206,2020-09-24 10:00:00,34.4,34.445,33.855,34.01,4571126
376,205,2020-09-24 10:30:00,34.015,34.41,33.99,34.11,2143370
377,204,2020-09-24 11:00:00,34.11,34.17,33.87,33.9836,1763257
378,203,2020-09-24 11:30:00,33.99,34.0,33.76,33.9,1939932
379,202,2020-09-24 12:00:00,33.9,34.21,33.87,34.175,1504040
380,201,2020-09-24 12:30:00,34.1799,34.45,34.16,34.33,1459977
381,200,2020-09-24 13:00:00,34.321999999999996,34.39,34.165,34.36,1294466
382,199,2020-09-24 13:30:00,34.36,34.795,34.355,34.6858,1647674
383,198,2020-09-24 14:00:00,34.69,34.82,34.58,34.695,1509818
384,197,2020-09-24 14:30:00,34.7,34.7484,34.44,34.44,1108872
385,196,2020-09-24 15:00:00,34.44,34.5392,34.19,34.21,1260019
386,195,2020-09-24 15:30:00,34.215,34.33,34.06,34.135,1702049
387,194,2020-09-24 16:00:00,34.13,34.36,34.085,34.32,3027506
388,193,2020-09-24 16:30:00,34.2414,34.4,34.2414,34.32,683179
389,192,2020-09-24 17:00:00,34.38,34.4,34.33,34.4,11783
390,191,2020-09-24 17:30:00,34.34,34.41,34.32,34.41,9664
391,190,2020-09-24 18:00:00,34.41,34.45,34.41,34.44,8559
392,189,2020-09-24 18:30:00,34.41,34.45,34.41,34.42,5878
393,188,2020-09-24 19:00:00,34.41,34.47,34.41,34.44,641
394,187,2020-09-24 19:30:00,34.47,34.48,34.43,34.48,3112
395,186,2020-09-24 20:00:00,34.45,34.56,34.45,34.55,3247
396,185,2020-09-25 04:30:00,34.66,34.66,34.47,34.49,992
397,184,2020-09-25 05:00:00,34.48,34.48,34.48,34.48,406
398,183,2020-09-25 05:30:00,34.53,34.53,34.45,34.45,1073
399,182,2020-09-25 06:00:00,34.45,34.45,34.32,34.32,600
400,181,2020-09-25 06:30:00,34.22,34.22,34.2,34.2,626
401,180,2020-09-25 07:00:00,34.21,34.21,34.0,34.1,3378
402,179,2020-09-25 07:30:00,34.3,34.3,34.19,34.19,3253
403,178,2020-09-25 08:00:00,34.15,34.18,34.15,34.18,1425
404,177,2020-09-25 08:30:00,34.1501,34.3,34.1,34.1757,22184
405,176,2020-09-25 09:00:00,34.18,34.19,34.13,34.1317,12672
406,175,2020-09-25 09:30:00,34.1319,34.35,34.0,34.0,64854
407,174,2020-09-25 10:00:00,34.0,34.413000000000004,33.88,34.26,3639887
408,173,2020-09-25 10:30:00,34.2584,34.31,34.0,34.17,1721194
409,172,2020-09-25 11:00:00,34.16,34.27,34.02,34.1373,1369720
410,171,2020-09-25 11:30:00,34.14,34.255,34.025,34.17,1093763
411,170,2020-09-25 12:00:00,34.18,34.26,34.02,34.0815,1093265
412,169,2020-09-25 12:30:00,34.0801,34.2277,34.0801,34.147,848845
413,168,2020-09-25 13:00:00,34.15,34.3384,34.1323,34.22,879155
414,167,2020-09-25 13:30:00,34.2123,34.64,34.185,34.6,2626459
415,166,2020-09-25 14:00:00,34.6,34.7225,34.52,34.535,1292441
416,165,2020-09-25 14:30:00,34.53,34.64,34.49,34.63,1274315
417,164,2020-09-25 15:00:00,34.635,34.74,34.54,34.7154,982558
418,163,2020-09-25 15:30:00,34.71,34.94,34.685,34.865,1919061
419,162,2020-09-25 16:00:00,34.855,34.87,34.625,34.645,3136386
420,161,2020-09-25 16:30:00,34.65,34.74,34.57,34.74,216558
421,160,2020-09-25 17:00:00,34.7399,34.7399,34.65,34.72,92582
422,159,2020-09-25 17:30:00,34.67,34.67,34.65,34.65,17136
423,158,2020-09-25 18:00:00,34.64,34.66,34.63,34.66,3956
424,157,2020-09-25 18:30:00,34.66,34.66,34.6,34.64,2489
425,156,2020-09-25 19:00:00,34.6,34.64,34.6,34.63,500
426,155,2020-09-25 19:30:00,34.63,34.66,34.5501,34.6,3724
427,154,2020-09-25 20:00:00,34.6,34.66,34.6,34.64,5356
428,153,2020-09-28 04:30:00,34.72,35.01,34.72,35.01,402
429,152,2020-09-28 05:00:00,34.9,35.1,34.9,35.1,552
430,151,2020-09-28 06:00:00,34.94,35.01,34.94,35.0,720
431,150,2020-09-28 06:30:00,34.87,34.87,34.87,34.87,245
432,149,2020-09-28 07:00:00,35.09,35.19,35.09,35.19,958
433,148,2020-09-28 07:30:00,34.95,35.0,34.92,34.97,13556
434,147,2020-09-28 08:00:00,35.08,35.2,35.08,35.2,3729
435,146,2020-09-28 08:30:00,34.95,35.2289,34.9,35.2289,40868
436,145,2020-09-28 09:00:00,35.2301,35.29,35.15,35.2,29554
437,144,2020-09-28 09:30:00,35.2,35.21,35.03,35.1,17420
438,143,2020-09-28 10:00:00,35.14,35.54,35.095,35.515,3654443
439,142,2020-09-28 10:30:00,35.51,35.54,35.35,35.45,1805315
440,141,2020-09-28 11:00:00,35.455,35.51,35.33,35.5,1467980
441,140,2020-09-28 11:30:00,35.5,35.52,35.27,35.31,1552087
442,139,2020-09-28 12:00:00,35.315,35.5,35.25,35.495,946601
443,138,2020-09-28 12:30:00,35.49,35.78,35.48,35.755,1525702
444,137,2020-09-28 13:00:00,35.76,35.89,35.69,35.82,1168005
445,136,2020-09-28 13:30:00,35.815,35.9,35.7201,35.815,955283
446,135,2020-09-28 14:00:00,35.82,35.835,35.6,35.6028,1028075
447,134,2020-09-28 14:30:00,35.6,35.74,35.59,35.6084,895321
448,133,2020-09-28 15:00:00,35.6,35.78,35.59,35.745,862600
449,132,2020-09-28 15:30:00,35.75,35.755,35.485,35.6,1382183
450,131,2020-09-28 16:00:00,35.595,35.6,35.23,35.31,3651121
451,130,2020-09-28 16:30:00,35.23,35.31,35.1,35.1398,807593
452,129,2020-09-28 17:00:00,35.14,35.1799,34.84,34.85,157230
453,128,2020-09-28 17:30:00,34.9,35.05,34.81,35.05,23891
454,127,2020-09-28 18:00:00,35.03,35.17,35.0,35.1,6380
455,126,2020-09-28 18:30:00,35.12,35.13,35.1,35.1,7232
456,125,2020-09-28 19:00:00,35.14,35.14,35.04,35.04,4748
457,124,2020-09-28 19:30:00,35.05,35.14,35.05,35.14,1517
458,123,2020-09-28 20:00:00,35.09,35.17,35.09,35.17,7046
459,122,2020-09-29 04:30:00,35.31,35.31,35.31,35.31,112
460,121,2020-09-29 05:00:00,35.28,35.28,35.27,35.27,356
461,120,2020-09-29 05:30:00,35.27,35.27,35.27,35.27,256
462,119,2020-09-29 06:30:00,35.31,35.36,35.31,35.31,3237
463,118,2020-09-29 07:00:00,35.3,35.3,35.18,35.18,512
464,117,2020-09-29 07:30:00,35.28,35.28,35.2,35.25,2583
465,116,2020-09-29 08:00:00,35.2,35.2,35.16,35.16,1305
466,115,2020-09-29 08:30:00,35.2001,35.21,35.1,35.18,10893
467,114,2020-09-29 09:00:00,35.18,35.18,35.1,35.18,4303
468,113,2020-09-29 09:30:00,35.1,35.19,34.99,34.99,32787
469,112,2020-09-29 10:00:00,35.0,35.11,34.46,34.59,2774972
470,111,2020-09-29 10:30:00,34.58,34.78,34.54,34.71,1185168
471,110,2020-09-29 11:00:00,34.705,34.76,34.42,34.47,1540709
472,109,2020-09-29 11:30:00,34.48,34.51,34.27,34.27,1542036
473,108,2020-09-29 12:00:00,34.269,34.3,34.03,34.115,1846623
474,107,2020-09-29 12:30:00,34.115,34.17,34.025,34.055,1303591
475,106,2020-09-29 13:00:00,34.06,34.1,33.99,34.08,1420187
476,105,2020-09-29 13:30:00,34.085,34.25,34.02,34.24,978795
477,104,2020-09-29 14:00:00,34.24,34.345,34.18,34.29,1336364
478,103,2020-09-29 14:30:00,34.29,34.41,34.235,34.365,803391
479,102,2020-09-29 15:00:00,34.365,34.42,34.25,34.28,946665
480,101,2020-09-29 15:30:00,34.285,34.385,34.25,34.335,942584
481,100,2020-09-29 16:00:00,34.335,34.42,34.27,34.27,2558186
482,99,2020-09-29 16:30:00,34.27,34.41,34.19,34.26,225470
483,98,2020-09-29 17:00:00,34.2598,34.49,34.21,34.43,36867
484,97,2020-09-29 17:30:00,34.3,34.35,34.29,34.32,2565
485,96,2020-09-29 18:00:00,34.31,34.35,34.31,34.35,973
486,95,2020-09-29 18:30:00,34.37,34.37,34.35,34.3699,3811
487,94,2020-09-29 19:00:00,34.36,34.36,34.3,34.31,5582
488,93,2020-09-29 19:30:00,34.34,34.37,34.33,34.37,4726
489,92,2020-09-29 20:00:00,34.37,34.37,34.31,34.31,4573
490,91,2020-09-30 04:30:00,34.28,34.28,34.19,34.21,1359
491,90,2020-09-30 05:30:00,34.21,34.21,34.19,34.19,257
492,89,2020-09-30 06:00:00,34.1,34.1,34.1,34.1,300
493,88,2020-09-30 07:00:00,34.14,34.14,34.14,34.14,308
494,87,2020-09-30 07:30:00,34.08,34.15,34.05,34.15,2134
495,86,2020-09-30 08:00:00,34.11,34.15,34.1,34.14,8451
496,85,2020-09-30 08:30:00,34.0427,34.26,34.04,34.25,12762
497,84,2020-09-30 09:00:00,34.248000000000005,34.4,34.22,34.29,22780
498,83,2020-09-30 09:30:00,34.29,34.61,34.29,34.61,33983
499,82,2020-09-30 10:00:00,34.64,34.84,34.54,34.7,2581014
500,81,2020-09-30 10:30:00,34.69,34.92,34.47,34.5684,1519720
501,80,2020-09-30 11:00:00,34.57,34.745,34.49,34.605,1353357
502,79,2020-09-30 11:30:00,34.6,34.63,34.45,34.4801,1281408
503,78,2020-09-30 12:00:00,34.48,34.5089,34.32,34.48,1099092
504,77,2020-09-30 12:30:00,34.48,34.67,34.46,34.655,782023
505,76,2020-09-30 13:00:00,34.65,34.8,34.6,34.79,940427
506,75,2020-09-30 13:30:00,34.7901,34.8,34.625,34.625,713438
507,74,2020-09-30 14:00:00,34.625,34.7,34.55,34.5877,819374
508,73,2020-09-30 14:30:00,34.585,34.75,34.42,34.485,1030808
509,72,2020-09-30 15:00:00,34.48,34.5,34.22,34.46,1459374
510,71,2020-09-30 15:30:00,34.46,34.49,34.22,34.325,1673600
511,70,2020-09-30 16:00:00,34.325,34.46,34.13,34.33,3245730
512,69,2020-09-30 16:30:00,34.29,34.33,34.18,34.33,485693
513,68,2020-09-30 17:00:00,34.2118,34.32,34.21,34.32,2675
514,67,2020-09-30 17:30:00,34.33,34.33,34.3007,34.3007,436
515,66,2020-09-30 18:00:00,34.33,34.33,34.33,34.33,1776
516,65,2020-09-30 18:30:00,34.36,34.39,34.36,34.38,2006
517,64,2020-09-30 19:00:00,34.4,34.4,34.35,34.35,1400
518,63,2020-09-30 20:00:00,34.44,34.44,34.32,34.32,3374
519,62,2020-10-01 04:30:00,34.7,34.7,34.7,34.7,100
520,61,2020-10-01 05:00:00,34.59,34.59,34.57,34.57,610
521,60,2020-10-01 06:00:00,34.58,34.58,34.58,34.58,104
522,59,2020-10-01 06:30:00,34.58,34.58,34.58,34.58,100
523,58,2020-10-01 07:00:00,34.35,34.35,34.35,34.35,1100
524,57,2020-10-01 07:30:00,34.49,34.63,34.12,34.33,41452
525,56,2020-10-01 08:00:00,34.33,34.33,34.25,34.3,9753
526,55,2020-10-01 08:30:00,34.3,34.55,34.18,34.19,47209
527,54,2020-10-01 09:00:00,34.19,34.2,34.06,34.11,46128
528,53,2020-10-01 09:30:00,34.13,34.2,33.79,33.79,121677
529,52,2020-10-01 10:00:00,33.79,34.1,33.54,33.62,5694391
530,51,2020-10-01 10:30:00,33.62,33.64,33.1,33.16,4604333
531,50,2020-10-01 11:00:00,33.16,33.3523,33.08,33.25,2875452
532,49,2020-10-01 11:30:00,33.24,33.31,33.17,33.275,1850566
533,48,2020-10-01 12:00:00,33.275,33.29,33.205,33.285,1806300
534,47,2020-10-01 12:30:00,33.28,33.3,33.1599,33.215,1851538
535,46,2020-10-01 13:00:00,33.215,33.2355,33.12,33.1416,1745264
536,45,2020-10-01 13:30:00,33.1477,33.2,33.12,33.16,1438372
537,44,2020-10-01 14:00:00,33.16,33.25,33.09,33.115,1969840
538,43,2020-10-01 14:30:00,33.12,33.18,32.97,33.1566,3126963
539,42,2020-10-01 15:00:00,33.155,33.21,33.02,33.035,1452164
540,41,2020-10-01 15:30:00,33.035,33.11,32.94,32.9764,1940324
541,40,2020-10-01 16:00:00,32.975,33.15,32.95,33.13,3873623
542,39,2020-10-01 16:30:00,33.15,33.18,33.0,33.12,911588
543,38,2020-10-01 17:00:00,33.12,33.1898,33.05,33.14,35377
544,37,2020-10-01 17:30:00,33.1,33.19,33.1,33.19,16369
545,36,2020-10-01 18:00:00,33.2,33.2,33.11,33.15,4870
546,35,2020-10-01 18:30:00,33.17,33.17,33.12,33.15,6487
547,34,2020-10-01 19:00:00,33.14,33.17,33.13,33.17,4798
548,33,2020-10-01 19:30:00,33.16,33.18,33.15,33.18,10979
549,32,2020-10-01 20:00:00,33.18,33.18,33.1,33.13,8277
550,31,2020-10-02 04:30:00,32.6,32.69,32.5,32.57,5215
551,30,2020-10-02 05:00:00,32.57,32.65,32.56,32.65,1127
552,29,2020-10-02 05:30:00,32.64,32.7,32.64,32.7,2314
553,28,2020-10-02 06:00:00,32.54,32.54,32.5,32.5,2256
554,27,2020-10-02 06:30:00,32.56,32.56,32.38,32.41,2627
555,26,2020-10-02 07:00:00,32.42,32.42,32.37,32.37,403
556,25,2020-10-02 07:30:00,32.53,32.65,32.38,32.45,24927
557,24,2020-10-02 08:00:00,32.43,32.6,32.42,32.45,15520
558,23,2020-10-02 08:30:00,32.4199,32.69,32.35,32.47,103315
559,22,2020-10-02 09:00:00,32.47,32.47,32.27,32.38,75308
560,21,2020-10-02 09:30:00,32.36,32.39,32.13,32.21,166667
561,20,2020-10-02 10:00:00,32.25,32.8,32.21,32.545,5275087
562,19,2020-10-02 10:30:00,32.54,32.78,32.47,32.51,2555112
563,18,2020-10-02 11:00:00,32.51,32.59,32.32,32.43,2706736
564,17,2020-10-02 11:30:00,32.43,32.94,32.393,32.935,2354250
565,16,2020-10-02 12:00:00,32.935,33.09,32.8654,32.8977,2334544
566,15,2020-10-02 12:30:00,32.9,33.28,32.865,33.11,2319608
567,14,2020-10-02 13:00:00,33.11,33.35,33.1,33.2416,2326098
568,13,2020-10-02 13:30:00,33.25,33.33,33.07,33.18,1509572
569,12,2020-10-02 14:00:00,33.175,33.21,32.93,33.025,1346529
570,11,2020-10-02 14:30:00,33.03,33.19,33.02,33.0817,1538587
571,10,2020-10-02 15:00:00,33.08,33.19,33.04,33.0877,1351483
572,9,2020-10-02 15:30:00,33.085,33.15,32.96,33.125,1785103
573,8,2020-10-02 16:00:00,33.125,33.22,32.93,32.97,3385064
574,7,2020-10-02 16:30:00,32.97,33.05,32.96,33.03,362197
575,6,2020-10-02 17:00:00,33.03,33.04,33.0,33.0299,7680
576,5,2020-10-02 17:30:00,33.06,33.06,32.88,32.88,16406
577,4,2020-10-02 18:00:00,32.84,32.99,32.82,32.99,7560
578,3,2020-10-02 18:30:00,32.94,32.95,32.88,32.9,4946
579,2,2020-10-02 19:00:00,32.9,32.95,32.9,32.9,2245
580,1,2020-10-02 19:30:00,32.89,32.94,32.85,32.86,2719
581,0,2020-10-02 20:00:00,32.86,32.92,32.8,32.81,4791
